id,enter_time,exit_time,entrance_intersection,entrance_direction,exit_intersection,exit_direction
3,20.88,35.02,1,S,1,E
232,67.76,73.90,5,W,5,N
233,69.35,75.48,5,W,5,N
234,70.61,76.74,5,W,5,N
235,72.35,78.48,5,W,5,N
284,0.56,80.14,5,E,5,N
285,85.36,91.49,5,E,5,N
1,16.13,100.10,1,S,2,W
0,5.00,100.40,1,S,1,W
7,34.73,100.70,1,S,1,W
8,39.14,101.00,1,S,1,W
13,48.74,101.30,1,S,1,W
12,47.75,113.20,1,S,1,E
206,33.11,130.97,3,W,5,N
10,44.29,139.62,1,S,2,W
217,80.88,142.65,3,E,5,N
236,75.81,166.04,5,W,5,N
237,135.68,166.34,5,W,5,N
286,138.01,180.04,5,E,5,N
287,138.15,180.34,5,E,5,N
14,51.17,199.60,1,S,3,E
216,77.07,199.80,3,E,5,W
207,80.30,200.10,3,W,5,W
153,167.48,200.20,1,E,2,W
15,113.15,200.20,1,S,2,E
4,21.73,200.40,1,S,5,W
93,138.67,200.50,1,W,2,E
5,22.45,200.70,1,S,5,W
16,115.64,200.80,1,S,1,W
87,60.25,201.00,1,W,5,W
22,143.16,201.10,1,S,1,W
146,2.34,201.30,1,E,5,W
181,5.48,221.94,2,W,5,N
193,91.30,222.24,2,E,5,N
2,17.71,222.54,1,S,5,N
6,32.51,222.84,1,S,5,N
82,3.44,223.14,1,W,5,N
83,21.50,223.44,1,W,5,N
84,23.85,223.74,1,W,5,N
85,24.70,224.04,1,W,5,N
86,40.26,224.34,1,W,5,N
147,79.05,224.64,1,E,5,N
88,81.62,237.77,1,W,3,E
150,143.29,241.07,1,E,3,W
238,194.22,265.94,5,W,5,N
239,247.19,266.24,5,W,5,N
240,247.90,266.54,5,W,5,N
241,250.03,266.84,5,W,5,N
242,265.48,271.61,5,W,5,N
243,268.66,274.79,5,W,5,N
288,245.84,279.94,5,E,5,N
289,248.82,280.24,5,E,5,N
290,248.94,280.54,5,E,5,N
218,160.03,299.70,3,E,5,W
9,43.01,300.00,1,S,5,W
19,125.23,300.30,1,S,5,W
20,126.66,300.60,1,S,5,W
21,132.20,300.90,1,S,5,W
24,216.32,301.20,1,S,1,W
90,88.83,301.20,1,W,5,W
26,219.28,301.50,1,S,1,W
92,124.68,301.50,1,W,5,W
32,247.44,301.80,1,S,1,W
96,148.00,301.80,1,W,5,W
38,280.50,302.10,1,S,1,W
148,110.92,302.10,1,E,5,W
11,46.91,315.70,1,S,5,E
149,134.76,316.00,1,E,5,E
194,146.49,321.84,2,E,5,N
182,167.76,322.14,2,W,5,N
183,193.22,322.44,2,W,5,N
17,119.60,322.74,1,S,5,N
18,122.50,323.04,1,S,5,N
89,82.40,323.34,1,W,5,N
91,118.32,323.64,1,W,5,N
94,139.17,323.94,1,W,5,N
95,145.06,324.24,1,W,5,N
97,151.57,324.54,1,W,5,N
209,244.12,324.73,3,W,5,E
151,146.18,324.84,1,E,5,N
152,153.17,325.14,1,E,5,N
154,169.15,325.44,1,E,5,N
155,171.35,325.74,1,E,5,N
156,182.64,326.04,1,E,5,N
157,191.76,326.34,1,E,5,N
208,228.95,330.57,3,W,5,N
210,290.27,352.04,3,W,5,N
244,279.01,365.84,5,W,5,N
245,282.00,366.14,5,W,5,N
246,308.85,366.44,5,W,5,N
247,311.04,366.74,5,W,5,N
248,311.29,367.04,5,W,5,N
249,314.37,367.34,5,W,5,N
250,315.68,367.64,5,W,5,N
291,338.47,379.84,5,E,5,N
292,355.40,380.14,5,E,5,N
30,245.18,399.20,1,S,3,W
219,232.76,399.60,3,E,5,W
195,235.32,399.90,2,E,5,W
184,222.34,400.20,2,W,5,W
105,286.84,400.40,1,W,2,E
185,232.58,400.50,2,W,5,W
196,296.60,400.80,2,E,5,W
27,222.23,401.10,1,S,5,W
28,236.48,401.40,1,S,5,W
44,299.38,401.60,1,S,1,W
99,215.70,401.70,1,W,5,W
101,240.85,402.00,1,W,5,W
103,258.54,402.30,1,W,5,W
104,264.93,402.60,1,W,5,W
100,219.01,415.60,1,W,5,E
102,243.59,415.90,1,W,5,E
23,212.95,421.74,1,S,5,N
25,218.50,422.04,1,S,5,N
98,182.55,422.34,1,W,5,N
158,217.70,422.64,1,E,5,N
220,309.50,430.37,3,E,5,N
46,393.33,440.52,1,S,2,E
48,398.70,441.12,1,S,2,W
222,388.90,450.67,3,E,5,N
223,391.02,452.79,3,E,5,N
225,396.51,458.28,3,E,5,N
251,373.69,465.74,5,W,5,N
252,403.95,466.04,5,W,5,N
253,458.54,466.34,5,W,5,N
254,461.99,468.12,5,W,5,N
255,465.93,472.07,5,W,5,N
256,469.70,475.83,5,W,5,N
293,443.10,479.74,5,E,5,N
221,372.47,499.50,3,E,5,W
224,394.36,499.80,3,E,5,W
29,239.84,500.10,1,S,5,W
31,246.58,500.40,1,S,5,W
33,262.77,500.70,1,S,5,W
34,269.80,501.00,1,S,5,W
36,276.83,501.30,1,S,5,W
37,280.12,501.60,1,S,5,W
42,289.82,501.90,1,S,5,W
49,400.52,502.00,1,S,1,W
43,295.54,502.20,1,S,5,W
52,476.77,502.30,1,S,1,W
108,341.86,502.50,1,W,5,W
159,304.57,502.80,1,E,5,W
160,324.71,503.10,1,E,5,W
163,391.56,509.38,1,E,5,W
45,300.65,515.50,1,S,5,E
106,331.82,515.80,1,W,5,E
161,328.75,516.10,1,E,5,E
35,270.78,521.64,1,S,5,N
39,282.35,521.94,1,S,5,N
40,285.03,522.24,1,S,5,N
41,288.10,522.54,1,S,5,N
197,330.05,522.84,2,E,5,N
198,388.35,523.14,2,E,5,N
107,339.28,523.44,1,W,5,N
109,344.38,523.74,1,W,5,N
110,346.24,524.04,1,W,5,N
111,350.09,524.34,1,W,5,N
162,381.16,524.64,1,E,5,N
226,461.39,530.17,3,E,5,N
211,408.23,530.47,3,W,5,N
166,440.26,538.97,1,E,3,E
227,491.18,552.95,3,E,5,N
257,473.40,565.64,5,W,5,N
258,478.67,565.94,5,W,5,N
259,480.53,566.24,5,W,5,N
260,484.22,566.54,5,W,5,N
261,552.87,566.84,5,W,5,N
262,558.03,567.14,5,W,5,N
294,526.04,579.64,5,E,5,N
295,527.11,579.94,5,E,5,N
296,561.06,580.24,5,E,5,N
297,571.23,580.54,5,E,5,N
298,591.01,597.15,5,E,5,N
55,486.18,598.80,1,S,3,E
54,483.57,598.80,1,S,3,W
187,460.32,599.40,2,W,5,W
114,447.60,599.70,1,W,5,W
116,456.86,600.00,1,W,5,W
165,429.45,600.30,1,E,5,W
167,479.17,600.60,1,E,5,W
119,532.64,600.60,1,W,2,W
122,544.96,600.90,1,W,2,W
124,563.64,601.20,1,W,2,W
186,431.51,615.40,2,W,5,E
47,393.94,621.54,1,S,5,N
50,401.93,621.84,1,S,5,N
51,403.64,622.14,1,S,5,N
199,447.77,622.44,2,E,5,N
112,389.14,622.74,1,W,5,N
113,440.61,623.04,1,W,5,N
115,451.10,623.34,1,W,5,N
117,459.48,623.64,1,W,5,N
164,413.10,623.94,1,E,5,N
228,592.32,654.09,3,E,5,N
263,625.86,665.54,5,W,5,N
264,631.68,665.84,5,W,5,N
265,635.52,666.14,5,W,5,N
266,639.34,666.44,5,W,5,N
267,643.32,666.74,5,W,5,N
268,644.92,667.04,5,W,5,N
269,647.17,667.34,5,W,5,N
270,652.34,667.64,5,W,5,N
271,656.21,667.94,5,W,5,N
272,670.12,676.25,5,W,5,N
299,647.62,679.54,5,E,5,N
212,547.32,699.30,3,W,5,W
57,489.83,699.60,1,S,5,W
200,543.02,699.90,2,E,5,W
201,591.40,700.20,2,E,5,W
121,542.28,700.50,1,W,5,W
126,597.89,700.70,1,W,2,E
67,631.62,702.80,1,S,1,W
69,633.30,703.10,1,S,1,W
71,637.46,703.40,1,S,1,W
125,566.18,715.30,1,W,5,E
53,479.96,721.44,1,S,5,N
56,486.97,721.74,1,S,5,N
118,500.89,722.04,1,W,5,N
120,535.70,722.34,1,W,5,N
123,555.79,722.64,1,W,5,N
168,514.03,722.94,1,E,5,N
169,529.24,723.24,1,E,5,N
229,676.72,738.49,3,E,5,N
273,701.44,765.44,5,W,5,N
274,702.54,765.74,5,W,5,N
275,704.55,766.04,5,W,5,N
276,725.10,766.34,5,W,5,N
300,779.74,785.88,5,E,5,N
170,598.71,799.20,1,E,5,W
213,674.08,799.50,3,W,5,W
63,604.71,799.80,1,S,5,W
188,653.07,800.10,2,W,5,W
65,619.96,800.40,1,S,5,W
66,627.68,800.70,1,S,5,W
70,636.64,801.00,1,S,5,W
128,633.78,801.30,1,W,5,W
129,638.62,801.60,1,W,5,W
174,637.82,801.90,1,E,5,W
176,650.16,802.20,1,E,5,W
73,707.72,803.20,1,S,1,W
204,777.59,813.66,2,E,3,E
58,579.28,815.20,1,S,5,E
127,601.36,815.50,1,W,5,E
177,659.71,815.80,1,E,5,E
171,601.52,821.34,1,E,5,N
59,583.18,821.64,1,S,5,N
60,586.00,821.94,1,S,5,N
61,600.52,822.24,1,S,5,N
62,601.85,822.54,1,S,5,N
202,645.16,822.84,2,E,5,N
64,616.32,823.14,1,S,5,N
68,631.69,823.44,1,S,5,N
172,612.05,823.74,1,E,5,N
173,635.64,824.04,1,E,5,N
175,643.48,824.34,1,E,5,N
230,767.06,829.57,3,E,5,N
74,708.77,837.17,1,S,3,W
214,785.63,847.40,3,W,5,N
277,819.42,865.34,5,W,5,N
278,840.67,865.64,5,W,5,N
279,854.30,865.94,5,W,5,N
79,788.96,898.20,1,S,3,W
203,703.09,899.10,2,E,5,W
130,677.25,899.40,1,W,5,W
131,683.33,899.70,1,W,5,W
132,729.39,900.00,1,W,5,W
133,748.25,900.30,1,W,5,W
139,804.47,900.90,1,W,2,W
189,843.59,913.07,2,W,3,E
72,706.36,921.24,1,S,5,N
75,715.67,921.54,1,S,5,N
134,750.97,921.84,1,W,5,N
135,753.09,922.14,1,W,5,N
136,757.03,922.44,1,W,5,N
178,795.15,922.74,1,E,5,N
215,827.92,929.37,3,W,5,N
231,881.87,943.64,3,E,5,N
280,887.63,965.24,5,W,5,N
281,889.09,965.54,5,W,5,N
282,894.75,965.84,5,W,5,N
283,897.87,966.14,5,W,5,N
179,796.09,999.00,1,E,5,W
76,779.53,999.30,1,S,5,W
77,785.17,999.60,1,S,5,W
80,789.19,999.90,1,S,5,W
192,890.76,1000.20,2,W,5,W
143,863.78,1000.50,1,W,5,W
144,867.36,1000.80,1,W,5,W
138,799.64,1015.00,1,W,5,E
78,785.24,1021.14,1,S,5,N
205,874.97,1021.44,2,E,5,N
190,867.50,1021.74,2,W,5,N
191,890.33,1022.04,2,W,5,N
137,776.28,1022.34,1,W,5,N
140,831.78,1022.64,1,W,5,N
141,839.15,1022.94,1,W,5,N
142,861.05,1023.24,1,W,5,N
180,848.13,1023.54,1,E,5,N
81,885.53,1121.04,1,S,5,N
145,869.93,1121.34,1,W,5,N