id,enter_time,exit_time,entrance_intersection,entrance_direction,exit_intersection,exit_direction
1,13.03,27.17,1,S,1,E
239,5.42,66.14,5,W,5,N
240,11.09,66.44,5,W,5,N
241,14.72,66.74,5,W,5,N
242,17.18,67.04,5,W,5,N
243,32.60,67.34,5,W,5,N
244,36.50,67.64,5,W,5,N
245,50.72,67.94,5,W,5,N
246,54.71,68.24,5,W,5,N
247,55.00,68.54,5,W,5,N
248,58.26,68.84,5,W,5,N
249,60.65,69.14,5,W,5,N
250,64.68,70.82,5,W,5,N
308,18.34,80.14,5,E,5,N
309,29.34,80.44,5,E,5,N
0,3.23,100.40,1,S,1,W
2,13.41,100.70,1,S,1,W
6,72.95,101.00,1,S,1,W
7,74.69,101.30,1,S,1,W
8,76.73,101.60,1,S,1,W
11,87.55,101.69,1,S,1,W
15,95.85,109.99,1,S,1,W
202,57.92,124.83,3,W,5,E
204,61.20,131.57,3,W,5,N
251,82.30,166.04,5,W,5,N
252,84.50,166.34,5,W,5,N
253,86.00,166.64,5,W,5,N
254,101.37,166.94,5,W,5,N
255,104.65,167.24,5,W,5,N
256,153.23,167.54,5,W,5,N
310,138.34,180.04,5,E,5,N
311,190.06,196.20,5,E,5,N
3,67.52,199.60,1,S,3,W
203,60.70,199.80,3,W,5,W
219,88.94,200.10,3,E,5,W
69,14.66,200.40,1,W,5,W
23,181.62,200.80,1,S,1,W
19,167.71,213.60,1,S,1,E
20,174.69,213.90,1,S,1,E
189,85.56,221.94,2,E,5,N
70,57.32,222.24,1,W,5,N
220,109.01,230.77,3,E,5,N
223,132.40,231.67,3,E,5,N
224,152.02,231.97,3,E,5,N
205,191.81,253.58,3,W,5,N
257,173.71,265.94,5,W,5,N
258,175.46,266.24,5,W,5,N
259,191.12,266.54,5,W,5,N
260,194.70,266.84,5,W,5,N
261,197.69,267.14,5,W,5,N
262,199.29,267.44,5,W,5,N
263,217.70,267.74,5,W,5,N
264,220.32,268.04,5,W,5,N
265,224.17,268.34,5,W,5,N
266,226.52,268.64,5,W,5,N
267,246.24,268.94,5,W,5,N
268,249.07,269.24,5,W,5,N
269,252.88,269.54,5,W,5,N
18,165.59,299.40,1,S,3,E
221,112.74,299.70,3,E,5,W
222,128.48,300.00,3,E,5,W
84,213.43,300.30,1,W,2,W
9,82.06,300.30,1,S,5,W
10,83.98,300.60,1,S,5,W
13,91.50,300.90,1,S,5,W
14,92.22,301.20,1,S,5,W
182,160.32,301.50,2,W,5,W
75,150.95,301.80,1,W,5,W
145,106.75,302.10,1,E,5,W
148,190.63,308.45,1,E,5,W
190,184.75,315.70,2,E,5,E
76,157.83,316.00,1,W,5,E
77,159.87,316.30,1,W,5,E
4,68.61,321.84,1,S,5,N
5,69.25,322.14,1,S,5,N
12,91.30,322.44,1,S,5,N
71,70.71,322.74,1,W,5,N
72,72.53,323.04,1,W,5,N
73,75.41,323.34,1,W,5,N
74,117.56,323.64,1,W,5,N
146,114.69,323.94,1,E,5,N
147,119.90,324.24,1,E,5,N
225,219.98,330.57,3,E,5,N
206,227.54,330.87,3,W,5,N
207,264.96,331.17,3,W,5,N
226,247.84,331.47,3,E,5,N
208,267.37,331.77,3,W,5,N
192,296.49,332.56,2,E,3,W
209,276.72,338.49,3,W,5,N
270,285.09,365.84,5,W,5,N
271,301.76,366.14,5,W,5,N
272,302.87,366.44,5,W,5,N
273,307.51,366.74,5,W,5,N
274,312.17,367.04,5,W,5,N
312,328.69,379.84,5,E,5,N
313,339.55,380.14,5,E,5,N
24,183.57,399.60,1,S,5,W
25,185.41,399.90,1,S,5,W
184,243.49,400.20,2,W,5,W
91,303.30,400.40,1,W,2,E
185,270.50,400.50,2,W,5,W
79,180.72,400.80,1,W,5,W
27,312.00,401.60,1,S,1,W
153,377.83,403.95,1,E,2,W
314,399.04,405.18,5,E,5,N
16,160.93,421.74,1,S,5,N
17,162.21,422.04,1,S,5,N
21,176.47,422.34,1,S,5,N
22,178.57,422.64,1,S,5,N
183,219.64,422.94,2,W,5,N
191,276.05,423.24,2,E,5,N
78,178.64,423.54,1,W,5,N
80,182.90,423.84,1,W,5,N
81,185.66,424.14,1,W,5,N
82,188.15,424.44,1,W,5,N
83,209.85,424.74,1,W,5,N
85,240.45,425.04,1,W,5,N
86,246.57,425.34,1,W,5,N
154,399.23,425.34,1,E,2,W
149,288.43,425.64,1,E,5,N
227,333.49,430.37,3,E,5,N
90,301.15,437.97,1,W,3,W
150,302.19,439.47,1,E,3,W
210,383.19,444.96,3,W,5,N
275,379.82,465.74,5,W,5,N
276,387.32,466.04,5,W,5,N
277,401.90,466.34,5,W,5,N
278,415.54,466.64,5,W,5,N
279,431.14,466.94,5,W,5,N
280,462.00,468.14,5,W,5,N
92,309.09,499.50,1,W,5,W
93,359.97,499.80,1,W,5,W
95,364.78,500.10,1,W,5,W
152,370.51,500.40,1,E,5,W
98,415.34,500.50,1,W,2,W
31,418.19,502.00,1,S,1,W
34,475.64,502.30,1,S,1,W
35,478.49,502.60,1,S,1,W
315,496.76,502.90,5,E,5,N
38,485.74,502.90,1,S,1,W
88,281.12,515.50,1,W,5,E
151,335.45,515.80,1,E,5,E
26,250.26,521.64,1,S,5,N
193,385.78,521.94,2,E,5,N
28,314.27,522.24,1,S,5,N
29,314.65,522.54,1,S,5,N
87,277.38,522.84,1,W,5,N
89,283.60,523.14,1,W,5,N
94,363.45,523.44,1,W,5,N
213,440.84,530.77,3,W,5,N
97,413.02,537.77,1,W,3,W
101,427.27,538.67,1,W,3,E
155,415.64,540.47,1,E,3,W
215,488.66,550.43,3,W,5,N
281,482.99,565.64,5,W,5,N
282,486.60,565.94,5,W,5,N
283,489.06,566.24,5,W,5,N
284,490.69,566.54,5,W,5,N
285,492.06,566.84,5,W,5,N
286,539.93,567.14,5,W,5,N
287,553.05,567.44,5,W,5,N
288,556.86,567.74,5,W,5,N
316,515.35,579.64,5,E,5,N
317,517.54,579.94,5,E,5,N
318,529.25,580.24,5,E,5,N
228,409.99,599.40,3,E,5,W
211,410.74,599.70,3,W,5,W
212,438.29,600.00,3,W,5,W
214,441.02,600.30,3,W,5,W
186,422.13,600.60,2,W,5,W
30,413.18,600.90,1,S,5,W
96,388.90,601.20,1,W,5,W
99,418.50,601.50,1,W,5,W
100,420.39,601.80,1,W,5,W
104,436.58,602.10,1,W,5,W
106,456.09,602.40,1,W,5,W
39,550.39,602.40,1,S,1,W
157,477.76,602.70,1,E,5,W
194,433.09,621.54,2,E,5,N
195,481.68,621.84,2,E,5,N
32,421.95,622.14,1,S,5,N
33,423.36,622.44,1,S,5,N
102,430.88,622.74,1,W,5,N
103,433.98,623.04,1,W,5,N
105,439.89,623.34,1,W,5,N
156,472.93,623.64,1,E,5,N
108,493.08,636.97,1,W,3,W
216,591.47,653.24,3,W,5,N
289,609.18,665.54,5,W,5,N
290,611.32,665.84,5,W,5,N
291,611.54,666.14,5,W,5,N
292,644.26,666.44,5,W,5,N
293,647.99,666.74,5,W,5,N
319,676.76,682.90,5,E,5,N
229,511.66,699.30,3,E,5,W
230,513.90,699.60,3,E,5,W
107,488.33,699.90,1,W,5,W
159,578.71,700.20,1,E,5,W
44,630.34,702.80,1,S,1,W
46,699.31,715.60,1,S,1,E
36,481.52,721.44,1,S,5,N
37,485.27,721.74,1,S,5,N
196,567.65,722.04,2,E,5,N
109,527.06,722.34,1,W,5,N
110,529.57,722.64,1,W,5,N
111,532.00,722.94,1,W,5,N
112,534.81,723.24,1,W,5,N
113,537.01,723.54,1,W,5,N
114,539.40,723.84,1,W,5,N
115,563.11,724.14,1,W,5,N
158,525.61,724.44,1,E,5,N
54,715.07,729.20,1,S,1,E
231,615.18,729.77,3,E,5,N
45,636.30,737.07,1,S,3,W
121,635.33,738.87,1,W,3,W
168,662.95,742.47,1,E,3,W
232,686.04,747.81,3,E,5,N
294,726.73,765.44,5,W,5,N
295,731.17,765.74,5,W,5,N
296,736.82,766.04,5,W,5,N
297,742.66,766.34,5,W,5,N
197,666.46,799.20,2,E,5,W
43,625.08,799.50,1,S,5,W
116,582.33,799.80,1,W,5,W
165,639.79,800.10,1,E,5,W
167,657.73,800.40,1,E,5,W
129,704.05,800.80,1,W,2,W
199,771.31,813.27,2,E,3,W
117,610.35,815.20,1,W,5,E
122,638.76,815.50,1,W,5,E
160,617.31,815.80,1,E,5,E
40,550.92,821.34,1,S,5,N
41,554.22,821.64,1,S,5,N
42,558.77,821.94,1,S,5,N
187,600.86,822.24,2,W,5,N
118,617.10,822.54,1,W,5,N
119,620.81,822.84,1,W,5,N
120,633.24,823.14,1,W,5,N
123,642.06,823.44,1,W,5,N
124,644.16,823.74,1,W,5,N
161,619.38,824.04,1,E,5,N
162,624.99,824.34,1,E,5,N
163,629.55,824.64,1,E,5,N
164,632.93,824.94,1,E,5,N
166,644.29,825.24,1,E,5,N
169,680.85,825.54,1,E,5,N
170,687.36,825.84,1,E,5,N
233,724.63,829.57,3,E,5,N
234,727.38,829.87,3,E,5,N
127,698.07,841.07,1,W,3,E
62,792.80,842.12,1,S,2,W
298,803.56,865.34,5,W,5,N
299,818.93,865.64,5,W,5,N
300,847.95,865.94,5,W,5,N
301,851.45,866.24,5,W,5,N
302,853.81,866.54,5,W,5,N
303,857.03,866.84,5,W,5,N
304,859.15,867.14,5,W,5,N
305,861.41,867.55,5,W,5,N
306,867.13,873.27,5,W,5,N
307,871.42,877.56,5,W,5,N
320,824.60,879.34,5,E,5,N
321,828.41,879.64,5,E,5,N
217,735.51,899.10,3,W,5,W
235,745.58,899.40,3,E,5,W
47,702.26,899.70,1,S,5,W
198,720.73,900.00,2,E,5,W
52,713.58,900.30,1,S,5,W
57,718.21,900.60,1,S,5,W
58,721.09,900.90,1,S,5,W
134,801.37,900.90,1,W,2,W
131,765.67,901.20,1,W,5,W
171,707.44,901.50,1,E,5,W
172,728.62,901.80,1,E,5,W
173,735.70,902.10,1,E,5,W
174,765.10,902.40,1,E,5,W
178,783.63,902.70,1,E,5,W
64,875.19,903.60,1,S,1,W
65,878.22,903.90,1,S,1,W
66,880.93,904.20,1,S,1,W
177,779.39,915.10,1,E,5,E
48,704.38,921.24,1,S,5,N
188,796.11,921.54,2,W,5,N
49,709.80,921.84,1,S,5,N
50,710.15,922.14,1,S,5,N
51,712.45,922.44,1,S,5,N
53,714.15,922.74,1,S,5,N
55,718.05,923.04,1,S,5,N
56,718.07,923.34,1,S,5,N
59,722.14,923.64,1,S,5,N
60,724.76,923.94,1,S,5,N
61,726.97,924.24,1,S,5,N
125,690.31,924.54,1,W,5,N
126,696.94,924.84,1,W,5,N
128,700.63,925.14,1,W,5,N
130,735.24,925.44,1,W,5,N
175,770.53,925.74,1,E,5,N
176,776.29,926.04,1,E,5,N
179,796.37,926.34,1,E,5,N
236,845.44,929.37,3,E,5,N
237,848.74,929.67,3,E,5,N
238,851.07,929.97,3,E,5,N
218,870.19,931.96,3,W,5,N
201,889.91,999.00,2,E,5,W
132,777.33,999.30,1,W,5,W
133,801.21,999.60,1,W,5,W
136,809.02,999.90,1,W,5,W
137,809.32,1000.20,1,W,5,W
141,860.57,1000.50,1,W,5,W
180,855.74,1000.80,1,E,5,W
63,796.33,1021.14,1,S,5,N
200,807.99,1021.44,2,E,5,N
135,805.05,1021.74,1,W,5,N
138,811.34,1022.04,1,W,5,N
139,854.04,1022.34,1,W,5,N
140,857.75,1022.64,1,W,5,N
142,863.33,1022.94,1,W,5,N
181,876.29,1023.24,1,E,5,N
68,899.40,1098.90,1,S,5,W
144,879.93,1099.20,1,W,5,W
67,895.57,1121.04,1,S,5,N
143,876.79,1121.34,1,W,5,N