id,enter_time,exit_time,entrance_intersection,entrance_direction,exit_intersection,exit_direction
1,1.56,41.82,1,S,2,W
234,19.55,66.14,5,W,5,N
235,22.29,66.44,5,W,5,N
236,26.54,66.74,5,W,5,N
237,31.49,67.04,5,W,5,N
238,33.91,67.34,5,W,5,N
239,40.28,67.64,5,W,5,N
240,40.41,67.94,5,W,5,N
241,61.58,68.24,5,W,5,N
242,66.15,72.28,5,W,5,N
243,67.23,73.37,5,W,5,N
244,67.40,73.54,5,W,5,N
292,10.65,80.14,5,E,5,N
293,51.75,80.44,5,E,5,N
294,72.64,80.74,5,E,5,N
295,83.74,89.88,5,E,5,N
7,21.37,100.10,1,S,2,W
2,4.97,100.40,1,S,1,W
216,83.04,144.81,3,E,5,N
245,96.92,166.04,5,W,5,N
246,97.95,166.34,5,W,5,N
247,100.96,166.64,5,W,5,N
248,107.48,166.94,5,W,5,N
249,111.18,167.24,5,W,5,N
250,113.62,167.54,5,W,5,N
251,139.14,167.84,5,W,5,N
252,142.33,168.14,5,W,5,N
253,143.50,168.44,5,W,5,N
254,160.05,168.74,5,W,5,N
296,168.97,180.04,5,E,5,N
297,180.80,186.94,5,E,5,N
215,3.36,199.80,3,E,5,W
4,14.55,200.10,1,S,5,W
91,69.40,200.20,1,W,2,W
143,39.82,200.40,1,E,5,W
9,117.32,200.80,1,S,1,W
14,139.81,201.10,1,S,1,W
195,99.76,215.80,2,E,5,E
5,17.22,216.10,1,S,5,E
0,0.09,221.94,1,S,5,N
175,78.03,222.24,2,W,5,N
3,11.28,222.54,1,S,5,N
6,19.50,222.84,1,S,5,N
8,21.44,223.14,1,S,5,N
89,16.04,223.44,1,W,5,N
90,61.93,223.74,1,W,5,N
142,18.68,224.04,1,E,5,N
144,43.60,224.34,1,E,5,N
205,124.31,230.77,3,W,5,N
95,143.55,238.37,1,W,3,E
150,143.80,240.47,1,E,3,E
153,192.99,255.18,1,E,3,W
255,216.97,265.94,5,W,5,N
256,220.40,266.24,5,W,5,N
257,221.24,266.54,5,W,5,N
258,225.06,266.84,5,W,5,N
259,228.37,267.14,5,W,5,N
260,230.51,267.44,5,W,5,N
261,239.44,267.74,5,W,5,N
262,240.78,268.04,5,W,5,N
263,242.37,268.34,5,W,5,N
264,246.26,268.64,5,W,5,N
298,238.44,279.94,5,E,5,N
299,242.20,280.24,5,E,5,N
217,106.55,299.70,3,E,5,W
206,182.73,300.00,3,W,5,W
98,185.22,300.30,1,W,2,E
145,104.10,300.30,1,E,5,W
151,149.66,300.60,1,E,5,W
17,211.07,301.20,1,S,1,W
152,183.87,301.70,1,E,5,W
176,120.34,321.84,2,W,5,N
196,179.06,322.14,2,E,5,N
10,126.51,322.44,1,S,5,N
11,126.64,322.74,1,S,5,N
12,129.62,323.04,1,S,5,N
13,131.92,323.34,1,S,5,N
92,71.69,323.64,1,W,5,N
93,100.58,323.94,1,W,5,N
94,120.43,324.24,1,W,5,N
96,150.38,324.54,1,W,5,N
219,234.83,324.73,3,E,5,E
146,106.40,324.84,1,E,5,N
147,125.57,325.14,1,E,5,N
148,126.25,325.44,1,E,5,N
149,131.69,325.74,1,E,5,N
218,220.05,330.57,3,E,5,N
157,270.00,339.97,1,E,3,W
207,294.89,350.53,3,W,5,E
265,275.48,365.84,5,W,5,N
266,277.00,366.14,5,W,5,N
267,331.99,366.44,5,W,5,N
300,373.96,380.10,5,E,5,N
18,212.95,399.60,1,S,5,W
102,252.01,399.90,1,W,5,W
103,252.35,400.20,1,W,5,W
24,320.98,400.40,1,S,2,W
154,222.68,400.50,1,E,5,W
163,369.89,400.70,1,E,2,W
158,274.26,400.80,1,E,5,W
23,317.88,401.60,1,S,1,W
27,327.84,401.90,1,S,1,W
198,316.76,412.57,2,E,3,E
101,228.09,415.60,1,W,5,E
197,221.18,421.74,2,E,5,N
177,280.15,422.04,2,W,5,N
15,205.29,422.34,1,S,5,N
164,396.47,422.58,1,E,2,W
16,206.78,422.64,1,S,5,N
97,181.11,422.94,1,W,5,N
99,217.44,423.24,1,W,5,N
100,220.63,423.54,1,W,5,N
155,259.08,423.84,1,E,5,N
156,267.08,424.14,1,E,5,N
159,284.84,424.44,1,E,5,N
160,287.04,424.74,1,E,5,N
161,290.21,425.04,1,E,5,N
107,339.50,439.47,1,W,3,W
223,396.07,457.84,3,E,5,N
268,407.32,465.74,5,W,5,N
269,440.65,466.04,5,W,5,N
301,420.55,479.74,5,E,5,N
220,347.38,499.50,3,E,5,W
221,364.91,499.80,3,E,5,W
222,386.00,500.10,3,E,5,W
20,309.55,500.40,1,S,5,W
115,460.98,500.50,1,W,2,W
21,312.88,500.70,1,S,5,W
34,466.47,502.00,1,S,1,W
37,478.91,502.30,1,S,1,W
38,480.63,502.60,1,S,1,W
41,487.93,514.80,1,S,1,E
43,492.20,515.10,1,S,1,E
45,504.10,518.23,1,S,1,E
178,303.59,521.64,2,W,5,N
179,355.11,521.94,2,W,5,N
180,384.72,522.24,2,W,5,N
19,307.50,522.54,1,S,5,N
22,315.49,522.84,1,S,5,N
25,324.32,523.14,1,S,5,N
26,327.40,523.44,1,S,5,N
28,327.94,523.74,1,S,5,N
104,285.69,524.04,1,W,5,N
105,317.02,524.34,1,W,5,N
106,335.75,524.64,1,W,5,N
108,347.14,524.94,1,W,5,N
162,356.29,525.24,1,E,5,N
270,527.95,565.64,5,W,5,N
302,515.39,579.64,5,E,5,N
40,485.81,598.80,1,S,3,E
224,435.00,599.40,3,E,5,W
208,426.66,599.70,3,W,5,W
225,437.32,600.00,3,E,5,W
226,439.60,600.30,3,E,5,W
30,394.04,600.60,1,S,5,W
56,534.65,600.60,1,S,2,W
182,435.16,600.90,2,W,5,W
119,512.09,600.90,1,W,2,W
110,373.43,601.20,1,W,5,W
116,464.90,601.50,1,W,5,W
165,458.12,601.80,1,E,5,W
166,464.83,602.10,1,E,5,W
167,471.43,602.40,1,E,5,W
50,519.69,602.40,1,S,1,W
55,534.37,602.70,1,S,1,W
64,554.15,603.00,1,S,1,W
61,548.15,615.20,1,S,1,E
199,407.34,615.40,2,E,5,E
29,393.98,621.54,1,S,5,N
31,397.60,621.84,1,S,5,N
32,401.51,622.14,1,S,5,N
33,402.80,622.44,1,S,5,N
181,414.17,622.74,2,W,5,N
183,439.17,623.04,2,W,5,N
184,454.59,623.34,2,W,5,N
109,371.07,623.64,1,W,5,N
111,375.98,623.94,1,W,5,N
112,415.30,624.24,1,W,5,N
113,415.77,624.54,1,W,5,N
114,449.26,624.84,1,W,5,N
227,543.69,629.97,3,E,5,N
54,528.52,638.77,1,S,3,E
121,554.75,640.27,1,W,3,E
58,542.09,641.32,1,S,2,W
63,551.77,642.52,1,S,2,W
211,589.16,650.93,3,W,5,N
271,601.76,665.54,5,W,5,N
272,605.65,665.84,5,W,5,N
273,620.82,666.14,5,W,5,N
274,624.23,666.44,5,W,5,N
275,624.85,666.74,5,W,5,N
276,628.47,667.04,5,W,5,N
277,631.43,667.34,5,W,5,N
278,635.08,667.64,5,W,5,N
279,669.02,675.16,5,W,5,N
303,621.23,679.54,5,E,5,N
304,677.39,683.53,5,E,5,N
209,555.50,699.30,3,W,5,W
228,546.51,699.60,3,E,5,W
210,583.01,699.90,3,W,5,W
35,469.72,700.20,1,S,5,W
42,491.40,700.50,1,S,5,W
126,615.33,700.70,1,W,2,W
186,541.19,700.80,2,W,5,W
48,513.76,701.10,1,S,5,W
53,525.66,701.40,1,S,5,W
57,538.27,701.70,1,S,5,W
120,551.64,702.00,1,W,5,W
122,554.83,702.30,1,W,5,W
74,678.08,702.80,1,S,1,W
170,586.40,704.22,1,E,5,W
80,691.70,705.83,1,S,1,W
52,522.91,715.30,1,S,5,E
70,659.88,715.60,1,S,1,E
77,684.81,715.90,1,S,1,E
36,476.32,721.44,1,S,5,N
39,482.78,721.74,1,S,5,N
44,499.39,722.04,1,S,5,N
185,515.77,722.34,2,W,5,N
200,505.32,722.64,2,E,5,N
201,589.83,722.94,2,E,5,N
46,507.00,723.24,1,S,5,N
47,508.98,723.54,1,S,5,N
49,519.28,723.84,1,S,5,N
51,521.03,724.14,1,S,5,N
117,467.03,724.44,1,W,5,N
118,509.65,724.74,1,W,5,N
123,560.87,725.04,1,W,5,N
168,532.21,725.34,1,E,5,N
169,552.34,725.64,1,E,5,N
212,642.41,729.77,3,W,5,N
229,606.57,730.07,3,E,5,N
280,717.45,765.44,5,W,5,N
281,719.72,765.74,5,W,5,N
305,727.76,779.44,5,E,5,N
306,729.57,779.74,5,E,5,N
307,733.67,780.04,5,E,5,N
308,741.39,780.34,5,E,5,N
309,791.00,797.14,5,E,5,N
72,665.36,798.40,1,S,3,W
65,645.84,798.40,1,S,3,E
78,687.56,798.70,1,S,3,W
75,678.36,798.70,1,S,3,E
60,547.97,799.20,1,S,5,W
62,550.12,799.50,1,S,5,W
202,677.74,799.80,2,E,5,W
187,692.17,800.10,2,W,5,W
188,696.30,800.40,2,W,5,W
128,655.42,800.70,1,W,5,W
172,736.55,800.80,1,E,2,E
86,783.15,803.20,1,S,1,W
59,545.72,821.34,1,S,5,N
124,594.64,821.64,1,W,5,N
125,609.77,821.94,1,W,5,N
127,649.70,822.24,1,W,5,N
171,664.18,822.54,1,E,5,N
230,720.45,829.57,3,E,5,N
213,765.32,829.87,3,W,5,N
231,739.30,830.17,3,E,5,N
83,773.35,842.72,1,S,2,W
84,775.25,843.02,1,S,2,W
282,784.51,865.34,5,W,5,N
283,788.16,865.64,5,W,5,N
284,791.52,865.94,5,W,5,N
285,795.02,866.24,5,W,5,N
286,810.18,866.54,5,W,5,N
287,813.44,866.84,5,W,5,N
288,814.70,867.14,5,W,5,N
289,822.20,867.44,5,W,5,N
214,791.42,899.10,3,W,5,W
73,675.73,899.40,1,S,5,W
76,681.04,899.70,1,S,5,W
79,688.01,900.00,1,S,5,W
129,673.16,900.30,1,W,5,W
130,721.64,900.60,1,W,5,W
136,834.12,900.90,1,W,2,W
88,856.69,903.60,1,S,1,W
310,899.07,905.21,5,E,5,N
66,649.10,921.24,1,S,5,N
67,651.14,921.54,1,S,5,N
68,653.49,921.84,1,S,5,N
69,654.62,922.14,1,S,5,N
71,662.38,922.44,1,S,5,N
189,724.19,922.74,2,W,5,N
203,734.56,923.04,2,E,5,N
190,749.16,923.34,2,W,5,N
233,806.54,923.53,3,E,5,E
191,778.83,923.64,2,W,5,N
131,763.48,923.94,1,W,5,N
132,764.29,924.24,1,W,5,N
232,804.24,929.37,3,E,5,N
134,816.46,937.27,1,W,3,E
138,845.03,938.17,1,W,3,W
290,882.77,965.24,5,W,5,N
291,898.28,965.54,5,W,5,N
87,853.72,998.00,1,S,3,E
81,767.06,999.00,1,S,5,W
82,770.38,999.30,1,S,5,W
133,786.81,999.60,1,W,5,W
85,776.93,1015.00,1,S,5,E
192,804.58,1021.14,2,W,5,N
204,815.71,1021.44,2,E,5,N
193,865.49,1021.74,2,W,5,N
194,886.57,1022.04,2,W,5,N
135,819.83,1022.34,1,W,5,N
137,844.45,1022.64,1,W,5,N
139,862.85,1022.94,1,W,5,N
173,820.01,1023.24,1,E,5,N
174,887.76,1023.54,1,E,5,N
140,890.89,1121.04,1,W,5,N
141,894.00,1121.34,1,W,5,N