id,enter_time,exit_time,entrance_intersection,entrance_direction,exit_intersection,exit_direction
0,2.39,16.53,1,S,1,E
254,5.15,66.14,5,W,5,N
255,19.86,66.44,5,W,5,N
256,50.01,66.74,5,W,5,N
257,52.24,67.04,5,W,5,N
306,17.07,80.14,5,E,5,N
1,4.14,100.40,1,S,1,W
214,9.42,130.97,3,W,5,N
95,60.36,137.07,1,W,3,E
258,101.48,166.04,5,W,5,N
259,104.89,166.34,5,W,5,N
260,106.67,166.64,5,W,5,N
261,107.33,166.94,5,W,5,N
262,110.42,167.24,5,W,5,N
263,113.66,167.54,5,W,5,N
264,114.88,167.84,5,W,5,N
265,120.01,168.14,5,W,5,N
266,121.35,168.44,5,W,5,N
267,121.45,168.74,5,W,5,N
268,150.22,169.04,5,W,5,N
307,147.70,180.04,5,E,5,N
215,21.79,199.80,3,W,5,W
216,54.46,200.10,3,W,5,W
97,80.69,200.20,1,W,2,W
217,57.56,200.40,3,W,5,W
185,28.87,200.70,2,W,5,W
6,141.98,200.80,1,S,1,W
186,36.50,201.00,2,W,5,W
200,85.06,201.30,2,E,5,W
92,2.47,201.60,1,W,5,W
93,44.47,201.90,1,W,5,W
94,57.37,202.20,1,W,5,W
187,65.28,221.94,2,W,5,N
153,66.40,222.24,1,E,5,N
232,106.54,224.63,3,E,5,E
218,112.80,230.77,3,W,5,N
98,130.71,236.87,1,W,3,W
234,178.87,240.64,3,E,5,N
16,233.61,247.75,1,S,1,E
269,183.86,265.94,5,W,5,N
270,225.60,266.24,5,W,5,N
271,227.21,266.54,5,W,5,N
308,253.66,279.94,5,E,5,N
309,253.96,280.24,5,E,5,N
310,254.85,280.54,5,E,5,N
311,256.41,280.84,5,E,5,N
233,146.00,299.70,3,E,5,W
219,143.24,300.00,3,W,5,W
220,156.91,300.30,3,W,5,W
235,181.84,300.60,3,E,5,W
2,66.47,300.90,1,S,5,W
11,221.68,301.20,1,S,1,W
188,143.63,301.20,2,W,5,W
19,282.18,301.50,1,S,1,W
189,171.51,301.50,2,W,5,W
21,285.01,301.80,1,S,1,W
202,183.92,301.80,2,E,5,W
23,286.11,302.10,1,S,1,W
24,288.90,303.04,1,S,1,W
201,148.53,321.84,2,E,5,N
3,135.31,322.14,1,S,5,N
96,78.54,322.44,1,W,5,N
154,113.25,322.74,1,E,5,N
155,190.99,323.04,1,E,5,N
222,245.81,324.73,3,W,5,E
272,300.66,365.84,5,W,5,N
273,328.12,366.14,5,W,5,N
274,342.46,366.44,5,W,5,N
221,202.61,399.60,3,W,5,W
236,285.33,399.90,3,E,5,W
223,290.01,400.20,3,W,5,W
7,148.95,400.50,1,S,5,W
10,217.68,400.80,1,S,5,W
12,222.33,401.10,1,S,5,W
13,225.34,401.40,1,S,5,W
27,360.69,401.60,1,S,1,W
156,223.17,401.70,1,E,5,W
28,363.38,401.90,1,S,1,W
157,236.81,402.00,1,E,5,W
33,379.20,414.40,1,S,1,E
38,388.13,414.70,1,S,1,E
159,249.04,415.60,1,E,5,E
4,137.95,421.74,1,S,5,N
5,139.29,422.04,1,S,5,N
8,153.02,422.34,1,S,5,N
203,209.03,422.64,2,E,5,N
190,230.33,422.94,2,W,5,N
204,271.37,423.24,2,E,5,N
9,214.21,423.54,1,S,5,N
14,227.97,423.84,1,S,5,N
15,231.54,424.14,1,S,5,N
17,236.29,424.44,1,S,5,N
99,170.73,424.74,1,W,5,N
100,217.05,425.04,1,W,5,N
101,227.83,425.34,1,W,5,N
158,245.56,425.64,1,E,5,N
237,302.36,430.37,3,E,5,N
238,321.13,430.67,3,E,5,N
275,430.49,465.74,5,W,5,N
276,430.72,466.04,5,W,5,N
277,434.35,466.34,5,W,5,N
278,436.71,466.64,5,W,5,N
312,405.60,479.74,5,E,5,N
313,417.74,480.04,5,E,5,N
22,285.56,499.50,1,S,5,W
25,292.73,499.80,1,S,5,W
103,268.56,500.10,1,W,5,W
110,359.48,500.40,1,W,5,W
160,308.20,500.70,1,E,5,W
162,343.03,501.00,1,E,5,W
42,399.35,502.00,1,S,1,W
47,409.73,502.30,1,S,1,W
49,416.46,502.60,1,S,1,W
54,428.38,502.90,1,S,1,W
66,468.20,503.20,1,S,1,W
60,448.34,514.80,1,S,1,E
63,457.43,515.10,1,S,1,E
72,478.35,515.40,1,S,1,E
20,282.99,515.50,1,S,5,E
18,279.33,521.64,1,S,5,N
26,296.72,521.94,1,S,5,N
205,346.60,522.24,2,E,5,N
191,303.05,522.54,2,W,5,N
192,378.43,522.84,2,W,5,N
102,266.44,523.14,1,W,5,N
104,269.77,523.44,1,W,5,N
105,308.31,523.74,1,W,5,N
106,316.30,524.04,1,W,5,N
107,319.37,524.34,1,W,5,N
108,321.86,524.64,1,W,5,N
109,324.84,524.94,1,W,5,N
111,362.38,525.24,1,W,5,N
161,312.58,525.54,1,E,5,N
163,357.58,525.84,1,E,5,N
239,424.87,530.17,3,E,5,N
241,446.96,530.77,3,E,5,N
62,455.70,541.82,1,S,2,W
74,485.88,544.52,1,S,2,W
242,484.34,546.11,3,E,5,N
279,497.67,565.64,5,W,5,N
280,501.56,565.94,5,W,5,N
281,505.01,566.24,5,W,5,N
282,511.00,566.54,5,W,5,N
283,544.61,566.84,5,W,5,N
284,549.89,567.14,5,W,5,N
285,550.48,567.44,5,W,5,N
286,560.80,567.74,5,W,5,N
287,566.42,572.56,5,W,5,N
288,570.07,576.20,5,W,5,N
314,513.17,579.64,5,E,5,N
315,514.17,579.94,5,E,5,N
224,428.37,599.40,3,W,5,W
240,428.32,599.70,3,E,5,W
225,480.83,600.00,3,W,5,W
243,495.41,600.30,3,E,5,W
31,371.50,600.60,1,S,5,W
168,554.18,600.60,1,E,2,E
34,381.61,600.90,1,S,5,W
36,387.34,601.20,1,S,5,W
37,387.46,601.50,1,S,5,W
40,392.94,601.80,1,S,5,W
44,402.72,602.10,1,S,5,W
193,404.51,602.40,2,W,5,W
53,428.06,602.70,1,S,5,W
57,433.41,603.00,1,S,5,W
112,366.14,603.30,1,W,5,W
116,413.73,603.60,1,W,5,W
29,367.32,621.54,1,S,5,N
30,367.70,621.84,1,S,5,N
32,372.15,622.14,1,S,5,N
35,385.21,622.44,1,S,5,N
39,390.00,622.74,1,S,5,N
41,395.52,623.04,1,S,5,N
43,400.74,623.34,1,S,5,N
206,439.38,623.64,2,E,5,N
194,412.18,623.94,2,W,5,N
45,405.63,624.24,1,S,5,N
46,406.85,624.54,1,S,5,N
48,410.51,624.84,1,S,5,N
50,419.21,625.14,1,S,5,N
51,423.11,625.44,1,S,5,N
52,424.55,625.74,1,S,5,N
55,428.88,626.04,1,S,5,N
56,431.86,626.34,1,S,5,N
113,369.71,626.64,1,W,5,N
114,372.19,626.94,1,W,5,N
115,375.63,627.24,1,W,5,N
117,415.93,627.54,1,W,5,N
118,438.78,627.84,1,W,5,N
119,442.15,628.14,1,W,5,N
164,486.70,628.44,1,E,5,N
289,634.55,665.54,5,W,5,N
290,635.75,665.84,5,W,5,N
291,654.52,666.14,5,W,5,N
292,656.89,666.44,5,W,5,N
293,659.22,666.74,5,W,5,N
316,607.78,679.54,5,E,5,N
317,692.66,698.79,5,E,5,N
165,498.54,699.30,1,E,5,W
61,451.84,699.60,1,S,5,W
68,472.04,699.90,1,S,5,W
71,477.64,700.20,1,S,5,W
73,480.56,700.50,1,S,5,W
208,572.32,700.80,2,E,5,W
120,474.45,701.10,1,W,5,W
121,506.88,701.40,1,W,5,W
81,652.82,702.80,1,S,1,W
82,653.50,703.10,1,S,1,W
195,595.20,715.30,2,W,5,E
122,509.90,715.60,1,W,5,E
84,653.55,715.60,1,S,1,E
169,574.26,715.90,1,E,5,E
58,444.28,721.44,1,S,5,N
59,445.57,721.74,1,S,5,N
64,461.40,722.04,1,S,5,N
65,463.63,722.34,1,S,5,N
67,469.39,722.64,1,S,5,N
69,472.92,722.94,1,S,5,N
70,474.04,723.24,1,S,5,N
207,532.62,723.54,2,E,5,N
123,549.34,723.84,1,W,5,N
245,606.43,723.93,3,E,5,E
166,534.29,724.14,1,E,5,N
167,540.68,724.44,1,E,5,N
170,577.84,724.74,1,E,5,N
171,582.12,725.04,1,E,5,N
226,620.26,729.77,3,W,5,N
125,590.37,737.07,1,W,3,E
294,713.53,765.44,5,W,5,N
295,729.13,765.74,5,W,5,N
296,732.66,766.04,5,W,5,N
297,761.01,767.15,5,W,5,N
244,603.02,799.20,3,E,5,W
126,593.62,799.50,1,W,5,W
127,596.46,799.80,1,W,5,W
128,612.42,800.10,1,W,5,W
131,620.93,800.40,1,W,5,W
132,622.68,800.70,1,W,5,W
133,625.72,801.00,1,W,5,W
134,666.41,801.30,1,W,5,W
210,725.01,812.97,2,E,3,E
173,602.24,815.20,1,E,5,E
124,587.94,815.50,1,W,5,E
172,601.93,821.34,1,E,5,N
75,578.51,821.64,1,S,5,N
209,629.90,821.94,2,E,5,N
129,615.20,822.24,1,W,5,N
130,620.49,822.54,1,W,5,N
174,605.46,822.84,1,E,5,N
175,645.18,823.14,1,E,5,N
227,733.07,823.43,3,W,5,E
176,651.94,823.44,1,E,5,N
247,714.71,823.73,3,E,5,E
177,663.78,823.74,1,E,5,N
246,710.78,829.57,3,E,5,N
248,743.30,830.17,3,E,5,N
249,754.35,830.47,3,E,5,N
136,725.72,837.17,1,W,3,E
228,790.08,851.85,3,W,5,N
298,790.44,865.34,5,W,5,N
318,841.49,879.34,5,E,5,N
80,648.90,899.10,1,S,5,W
211,766.41,899.40,2,E,5,W
137,729.14,899.70,1,W,5,W
179,743.22,900.00,1,E,5,W
148,851.18,900.90,1,W,2,W
212,816.46,913.07,2,E,3,E
198,841.05,913.37,2,W,3,W
78,645.54,915.10,1,S,5,E
91,899.40,916.40,1,S,1,E
76,643.27,921.24,1,S,5,N
77,645.14,921.54,1,S,5,N
79,647.24,921.84,1,S,5,N
83,653.52,922.14,1,S,5,N
196,750.54,922.44,2,W,5,N
135,705.22,922.74,1,W,5,N
138,761.88,923.04,1,W,5,N
139,765.56,923.34,1,W,5,N
140,765.86,923.64,1,W,5,N
178,703.48,923.94,1,E,5,N
180,800.30,924.26,1,E,5,N
230,852.57,929.67,3,W,5,N
251,834.21,929.97,3,E,5,N
252,837.16,930.27,3,E,5,N
231,873.64,935.41,3,W,5,N
184,880.39,942.58,1,E,3,W
299,877.20,965.24,5,W,5,N
300,880.07,965.54,5,W,5,N
301,882.08,965.84,5,W,5,N
302,883.87,966.14,5,W,5,N
303,886.31,966.44,5,W,5,N
304,888.40,966.74,5,W,5,N
305,891.60,967.04,5,W,5,N
229,847.25,999.00,3,W,5,W
250,823.71,999.30,3,E,5,W
253,839.40,999.60,3,E,5,W
85,746.17,999.90,1,S,5,W
86,822.82,1000.20,1,S,5,W
87,828.49,1000.50,1,S,5,W
141,786.18,1000.80,1,W,5,W
144,792.43,1001.10,1,W,5,W
145,793.54,1001.40,1,W,5,W
146,796.05,1001.70,1,W,5,W
149,863.11,1002.00,1,W,5,W
151,865.81,1002.30,1,W,5,W
150,863.57,1015.00,1,W,5,E
197,815.11,1021.14,2,W,5,N
199,869.88,1021.44,2,W,5,N
213,897.80,1021.74,2,E,5,N
142,788.33,1022.04,1,W,5,N
143,790.30,1022.34,1,W,5,N
147,829.75,1022.64,1,W,5,N
181,836.79,1022.94,1,E,5,N
182,842.50,1023.24,1,E,5,N
183,874.87,1023.54,1,E,5,N
88,891.88,1121.04,1,S,5,N
89,896.02,1121.34,1,S,5,N
90,896.27,1121.64,1,S,5,N
152,868.63,1121.94,1,W,5,N