id,enter_time,exit_time,entrance_intersection,entrance_direction,exit_intersection,exit_direction
218,3.63,66.14,5,W,5,N
219,6.61,66.44,5,W,5,N
220,62.32,68.46,5,W,5,N
1,5.69,100.40,1,S,1,W
2,5.82,100.70,1,S,1,W
3,16.01,101.00,1,S,1,W
6,91.89,113.20,1,S,1,E
202,3.83,130.97,3,E,5,N
189,29.98,131.27,3,W,5,N
221,104.69,166.04,5,W,5,N
222,108.45,166.34,5,W,5,N
223,140.74,166.64,5,W,5,N
224,144.20,166.94,5,W,5,N
225,147.72,167.24,5,W,5,N
226,150.89,167.54,5,W,5,N
227,152.65,167.84,5,W,5,N
228,153.94,168.14,5,W,5,N
229,156.05,168.44,5,W,5,N
230,159.64,168.74,5,W,5,N
294,104.01,180.04,5,E,5,N
295,136.34,180.34,5,E,5,N
203,92.24,199.80,3,E,5,W
5,22.12,200.10,1,S,5,W
87,120.57,200.20,1,W,2,E
296,194.25,200.38,5,E,5,N
82,61.29,200.40,1,W,5,W
146,70.40,200.70,1,E,5,W
178,116.56,212.37,2,E,3,W
84,63.72,215.80,1,W,5,E
0,2.72,221.94,1,S,5,N
176,44.52,222.24,2,E,5,N
166,55.89,222.54,2,W,5,N
177,92.87,222.84,2,E,5,N
4,19.13,223.14,1,S,5,N
79,2.73,223.44,1,W,5,N
80,23.38,223.74,1,W,5,N
81,56.77,224.04,1,W,5,N
83,61.47,224.34,1,W,5,N
144,28.09,224.64,1,E,5,N
145,33.86,224.94,1,E,5,N
190,141.08,230.77,3,W,5,N
231,181.45,265.94,5,W,5,N
232,183.43,266.24,5,W,5,N
233,188.11,266.54,5,W,5,N
234,267.01,273.15,5,W,5,N
85,114.80,299.70,1,W,5,W
86,118.09,300.00,1,W,5,W
88,122.86,300.30,1,W,5,W
9,237.57,301.20,1,S,1,W
13,246.78,301.50,1,S,1,W
23,276.37,301.80,1,S,1,W
25,278.76,302.10,1,S,1,W
27,286.59,302.40,1,S,1,W
28,287.04,302.70,1,S,1,W
29,289.99,304.13,1,S,1,W
179,210.77,312.47,2,E,3,E
12,243.84,314.00,1,S,1,E
15,255.13,314.30,1,S,1,E
18,260.51,314.60,1,S,1,E
21,271.58,314.90,1,S,1,E
204,198.62,321.84,3,E,5,N
89,125.34,322.14,1,W,5,N
90,128.11,322.44,1,W,5,N
148,215.89,338.17,1,E,3,W
24,276.86,342.52,1,S,2,E
235,323.49,365.84,5,W,5,N
236,326.87,366.14,5,W,5,N
237,332.06,366.44,5,W,5,N
238,356.92,366.74,5,W,5,N
297,325.52,379.84,5,E,5,N
298,326.00,380.14,5,E,5,N
299,341.25,380.44,5,E,5,N
300,341.31,380.74,5,E,5,N
301,343.84,381.04,5,E,5,N
302,344.89,381.34,5,E,5,N
303,345.88,381.64,5,E,5,N
304,352.13,381.94,5,E,5,N
305,354.44,382.24,5,E,5,N
306,358.28,382.54,5,E,5,N
307,362.49,382.84,5,E,5,N
16,257.21,399.20,1,S,3,W
191,265.21,399.60,3,W,5,W
180,275.79,399.90,2,E,5,W
91,172.62,400.20,1,W,5,W
95,281.02,400.40,1,W,2,W
147,204.32,400.50,1,E,5,W
32,339.41,401.60,1,S,1,W
44,386.78,401.90,1,S,1,W
150,293.13,410.95,1,E,5,W
33,339.91,414.40,1,S,1,E
35,346.91,414.70,1,S,1,E
36,350.68,415.00,1,S,1,E
7,169.56,415.60,1,S,5,E
167,241.05,421.74,2,W,5,N
8,235.41,422.04,1,S,5,N
92,196.53,422.34,1,W,5,N
93,226.59,422.64,1,W,5,N
94,241.34,422.94,1,W,5,N
149,234.47,423.24,1,E,5,N
239,374.47,465.74,5,W,5,N
240,377.50,466.04,5,W,5,N
241,379.80,466.34,5,W,5,N
242,397.34,466.64,5,W,5,N
243,403.25,466.94,5,W,5,N
244,403.72,467.24,5,W,5,N
245,404.08,467.54,5,W,5,N
246,405.32,467.84,5,W,5,N
247,422.31,468.14,5,W,5,N
248,437.95,468.44,5,W,5,N
249,441.47,468.74,5,W,5,N
250,466.59,472.73,5,W,5,N
251,466.90,473.04,5,W,5,N
252,467.63,473.77,5,W,5,N
253,471.00,477.14,5,W,5,N
308,450.07,479.74,5,E,5,N
309,452.69,480.04,5,E,5,N
205,317.17,499.50,3,E,5,W
192,367.53,499.80,3,W,5,W
97,298.65,500.10,1,W,5,W
99,326.03,500.40,1,W,5,W
48,408.99,500.50,1,S,2,W
100,364.37,500.70,1,W,5,W
107,429.75,500.80,1,W,2,W
152,345.35,501.00,1,E,5,W
52,490.98,505.12,1,S,1,W
98,323.00,515.50,1,W,5,E
56,503.10,517.24,1,S,1,E
10,239.05,521.64,1,S,5,N
11,241.49,521.94,1,S,5,N
14,251.61,522.24,1,S,5,N
17,257.99,522.54,1,S,5,N
19,265.39,522.84,1,S,5,N
20,268.34,523.14,1,S,5,N
22,273.35,523.44,1,S,5,N
26,280.77,523.74,1,S,5,N
30,293.92,524.04,1,S,5,N
181,354.02,524.34,2,E,5,N
168,308.79,524.64,2,W,5,N
169,335.29,524.94,2,W,5,N
31,336.09,525.24,1,S,5,N
96,283.81,525.54,1,W,5,N
151,307.79,525.84,1,E,5,N
206,427.11,530.17,3,E,5,N
101,367.29,536.57,1,W,3,W
207,495.27,557.04,3,E,5,N
254,476.68,565.64,5,W,5,N
255,526.10,565.94,5,W,5,N
256,527.44,566.24,5,W,5,N
257,529.70,566.54,5,W,5,N
258,531.82,566.84,5,W,5,N
259,535.04,567.14,5,W,5,N
260,548.53,567.44,5,W,5,N
261,554.20,567.74,5,W,5,N
262,557.43,568.04,5,W,5,N
310,557.28,579.64,5,E,5,N
311,573.86,579.99,5,E,5,N
312,584.60,590.73,5,E,5,N
153,394.33,599.40,1,E,5,W
40,380.50,599.70,1,S,5,W
42,384.20,600.00,1,S,5,W
43,385.24,600.30,1,S,5,W
45,389.69,600.60,1,S,5,W
117,535.14,600.60,1,W,2,E
170,407.28,600.90,2,W,5,W
183,483.18,601.20,2,E,5,W
102,370.72,601.50,1,W,5,W
103,373.16,601.80,1,W,5,W
108,448.50,602.10,1,W,5,W
154,422.68,602.40,1,E,5,W
58,576.15,602.40,1,S,1,W
156,482.95,602.70,1,E,5,W
59,586.78,602.70,1,S,1,W
34,340.64,621.54,1,S,5,N
37,362.01,621.84,1,S,5,N
38,365.14,622.14,1,S,5,N
39,368.52,622.44,1,S,5,N
41,382.58,622.74,1,S,5,N
46,392.16,623.04,1,S,5,N
47,393.35,623.34,1,S,5,N
182,437.65,623.64,2,E,5,N
171,424.67,623.94,2,W,5,N
104,374.19,624.24,1,W,5,N
105,389.13,624.54,1,W,5,N
106,422.25,624.84,1,W,5,N
155,424.16,625.14,1,E,5,N
208,563.17,629.97,3,E,5,N
193,513.20,630.27,3,W,5,N
210,589.30,644.93,3,E,5,E
209,586.87,648.64,3,E,5,N
211,591.99,653.76,3,E,5,N
263,573.68,665.54,5,W,5,N
264,576.95,665.84,5,W,5,N
265,613.64,666.14,5,W,5,N
266,617.35,666.44,5,W,5,N
267,620.29,666.74,5,W,5,N
268,620.99,667.04,5,W,5,N
269,621.29,667.34,5,W,5,N
270,622.18,667.64,5,W,5,N
271,624.93,667.94,5,W,5,N
272,630.40,668.24,5,W,5,N
273,645.93,668.54,5,W,5,N
274,650.68,668.84,5,W,5,N
275,652.61,669.14,5,W,5,N
276,667.80,673.94,5,W,5,N
64,602.23,698.60,1,S,3,W
194,518.24,699.30,3,W,5,W
50,485.94,699.60,1,S,5,W
54,499.79,699.90,1,S,5,W
57,509.70,700.20,1,S,5,W
110,497.44,700.50,1,W,5,W
121,591.10,700.70,1,W,2,W
113,520.37,700.80,1,W,5,W
126,621.62,701.00,1,W,2,W
114,522.26,701.10,1,W,5,W
65,604.30,702.80,1,S,1,W
51,489.37,715.30,1,S,5,E
184,582.14,715.60,2,E,5,E
49,485.82,721.44,1,S,5,N
53,494.38,721.74,1,S,5,N
55,502.91,722.04,1,S,5,N
109,489.63,722.34,1,W,5,N
111,514.37,722.64,1,W,5,N
112,519.00,722.94,1,W,5,N
115,525.42,723.24,1,W,5,N
116,532.88,723.54,1,W,5,N
157,539.79,723.84,1,E,5,N
197,679.94,741.71,3,W,5,N
212,696.07,757.84,3,E,5,N
277,673.69,765.44,5,W,5,N
278,729.28,765.74,5,W,5,N
279,731.97,766.04,5,W,5,N
280,733.07,766.34,5,W,5,N
281,735.21,766.64,5,W,5,N
282,749.30,766.94,5,W,5,N
283,759.93,767.24,5,W,5,N
313,718.36,779.44,5,E,5,N
314,720.71,779.74,5,E,5,N
195,630.62,799.20,3,W,5,W
196,644.60,799.50,3,W,5,W
198,686.36,799.80,3,W,5,W
172,615.76,800.10,2,W,5,W
186,657.28,800.40,2,E,5,W
174,684.71,800.70,2,W,5,W
118,567.55,801.00,1,W,5,W
119,585.79,801.30,1,W,5,W
123,600.11,801.60,1,W,5,W
60,597.57,821.34,1,S,5,N
61,598.94,821.64,1,S,5,N
62,599.30,821.94,1,S,5,N
63,600.22,822.24,1,S,5,N
185,620.74,822.54,2,E,5,N
173,640.38,822.84,2,W,5,N
66,607.36,823.14,1,S,5,N
120,588.68,823.44,1,W,5,N
122,597.83,823.74,1,W,5,N
124,614.66,824.04,1,W,5,N
125,618.64,824.34,1,W,5,N
201,768.83,824.47,3,W,5,E
127,625.53,824.64,1,W,5,N
158,645.42,824.94,1,E,5,N
159,665.59,825.24,1,E,5,N
161,740.89,839.27,1,E,3,E
284,774.27,865.34,5,W,5,N
285,788.37,865.64,5,W,5,N
286,792.67,865.94,5,W,5,N
287,810.98,866.24,5,W,5,N
288,814.01,866.54,5,W,5,N
289,816.32,866.84,5,W,5,N
290,816.70,867.14,5,W,5,N
291,821.12,867.44,5,W,5,N
315,823.59,879.34,5,E,5,N
316,856.42,879.64,5,E,5,N
317,892.92,899.06,5,E,5,N
199,706.97,899.10,3,W,5,W
200,727.56,899.40,3,W,5,W
213,773.29,899.70,3,E,5,W
67,670.05,900.00,1,S,5,W
68,739.00,900.30,1,S,5,W
318,894.46,900.60,5,E,5,N
131,718.17,900.60,1,W,5,W
132,722.10,900.90,1,W,5,W
162,756.48,901.20,1,E,5,W
75,845.41,903.60,1,S,1,W
76,847.87,903.90,1,S,1,W
78,850.49,904.20,1,S,1,W
187,747.31,921.24,2,E,5,N
128,671.79,921.54,1,W,5,N
129,714.62,921.84,1,W,5,N
130,715.27,922.14,1,W,5,N
133,753.42,922.44,1,W,5,N
160,718.90,922.74,1,E,5,N
163,776.70,923.04,1,E,5,N
165,898.78,924.89,1,E,2,W
214,835.94,929.37,3,E,5,N
215,839.89,929.67,3,E,5,N
216,843.16,929.97,3,E,5,N
217,872.48,934.25,3,E,5,N
137,821.29,938.17,1,W,3,E
292,873.45,965.24,5,W,5,N
293,888.47,965.54,5,W,5,N
69,741.94,999.00,1,S,5,W
175,881.18,999.30,2,W,5,W
134,786.90,999.60,1,W,5,W
136,816.58,999.90,1,W,5,W
138,823.95,1000.20,1,W,5,W
140,861.14,1000.50,1,W,5,W
164,860.60,1000.80,1,E,5,W
70,743.67,1021.14,1,S,5,N
71,745.88,1021.44,1,S,5,N
188,844.00,1021.74,2,E,5,N
72,839.75,1022.04,1,S,5,N
135,798.12,1022.34,1,W,5,N
139,849.80,1022.64,1,W,5,N
73,841.70,1098.90,1,S,5,W
74,842.09,1121.04,1,S,5,N
77,848.01,1121.34,1,S,5,N
141,876.65,1121.64,1,W,5,N
142,880.31,1121.94,1,W,5,N
143,899.44,1122.24,1,W,5,N