id,enter_time,exit_time,entrance_intersection,entrance_direction,exit_intersection,exit_direction
9,32.29,46.42,1,S,1,E
289,42.80,66.14,5,W,5,N
290,57.75,66.44,5,W,5,N
291,60.61,66.75,5,W,5,N
357,31.06,80.14,5,E,5,N
358,33.49,80.44,5,E,5,N
2,9.83,100.40,1,S,1,W
6,12.43,100.70,1,S,1,W
225,22.37,112.27,2,W,3,W
191,24.84,139.17,1,E,3,W
271,77.42,139.19,3,E,5,N
292,125.63,166.04,5,W,5,N
293,133.58,166.34,5,W,5,N
294,150.34,166.64,5,W,5,N
295,152.73,166.94,5,W,5,N
296,171.14,177.27,5,W,5,N
359,123.76,180.04,5,E,5,N
360,135.47,180.34,5,E,5,N
361,193.31,199.45,5,E,5,N
270,73.67,199.80,3,E,5,W
362,193.95,200.09,5,E,5,N
245,53.77,200.10,2,E,5,W
17,120.07,200.20,1,S,2,W
16,117.98,200.20,1,S,2,E
227,48.10,200.40,2,W,5,W
195,160.35,200.50,1,E,2,W
228,50.39,200.70,2,W,5,W
12,110.23,200.80,1,S,1,W
1,7.20,201.00,1,S,5,W
19,127.81,201.10,1,S,1,W
5,10.73,201.30,1,S,5,W
20,129.70,201.40,1,S,1,W
22,134.39,201.70,1,S,1,W
28,149.06,202.00,1,S,1,W
32,163.80,202.30,1,S,1,W
33,163.92,202.60,1,S,1,W
26,144.23,213.60,1,S,1,E
35,168.24,213.90,1,S,1,E
36,169.82,214.20,1,S,1,E
43,189.06,214.50,1,S,1,E
7,22.13,215.80,1,S,5,E
8,25.26,216.10,1,S,5,E
226,45.46,221.94,2,W,5,N
229,50.94,222.24,2,W,5,N
0,4.70,222.54,1,S,5,N
3,9.85,222.84,1,S,5,N
4,10.61,223.14,1,S,5,N
133,41.23,223.44,1,W,5,N
134,44.37,223.74,1,W,5,N
190,21.12,224.04,1,E,5,N
192,55.26,224.34,1,E,5,N
260,101.45,224.63,3,W,5,E
25,143.26,240.02,1,S,2,W
29,160.36,240.62,1,S,2,E
37,172.31,241.82,1,S,2,W
272,180.41,242.18,3,E,5,N
39,177.03,242.42,1,S,2,W
297,174.20,265.94,5,W,5,N
298,210.79,266.24,5,W,5,N
299,212.82,266.54,5,W,5,N
300,217.10,266.84,5,W,5,N
301,247.34,267.14,5,W,5,N
363,204.07,279.94,5,E,5,N
47,199.71,299.40,1,S,3,W
246,151.01,299.70,2,E,5,W
23,136.19,300.00,1,S,5,W
198,231.48,300.30,1,E,2,W
138,113.61,300.30,1,W,5,W
51,212.38,301.20,1,S,1,W
52,213.52,301.50,1,S,1,W
56,234.70,301.80,1,S,1,W
57,238.19,302.10,1,S,1,W
18,123.93,315.70,1,S,5,E
21,131.60,316.00,1,S,5,E
10,103.54,321.84,1,S,5,N
230,105.00,322.14,2,W,5,N
247,183.09,322.44,2,E,5,N
11,105.16,322.74,1,S,5,N
13,113.99,323.04,1,S,5,N
14,114.31,323.34,1,S,5,N
15,114.50,323.64,1,S,5,N
135,76.76,323.94,1,W,5,N
136,76.99,324.24,1,W,5,N
137,79.12,324.54,1,W,5,N
139,157.51,324.84,1,W,5,N
193,119.17,325.14,1,E,5,N
194,134.86,325.44,1,E,5,N
196,197.60,325.74,1,E,5,N
273,249.69,330.57,3,E,5,N
274,278.03,339.80,3,E,5,N
275,291.56,353.33,3,E,5,N
302,307.76,365.84,5,W,5,N
303,324.48,366.14,5,W,5,N
364,303.54,379.84,5,E,5,N
365,304.56,380.14,5,E,5,N
366,324.39,380.44,5,E,5,N
367,326.72,380.74,5,E,5,N
61,252.00,399.20,1,S,3,E
64,261.83,399.20,1,S,3,W
261,207.88,399.60,3,W,5,W
262,257.19,399.90,3,W,5,W
276,294.42,400.20,3,E,5,W
149,352.01,400.40,1,W,2,W
24,138.36,400.50,1,S,5,W
27,145.27,400.80,1,S,5,W
31,163.40,401.10,1,S,5,W
38,172.90,401.40,1,S,5,W
40,183.59,401.70,1,S,5,W
41,185.06,402.00,1,S,5,W
42,187.56,402.30,1,S,5,W
45,196.52,402.60,1,S,5,W
231,292.53,402.90,2,W,5,W
140,174.24,403.20,1,W,5,W
141,206.73,403.50,1,W,5,W
143,247.67,403.80,1,W,5,W
142,246.52,415.60,1,W,5,E
197,201.95,415.90,1,E,5,E
30,162.08,421.74,1,S,5,N
34,164.32,422.04,1,S,5,N
44,191.85,422.34,1,S,5,N
46,197.67,422.64,1,S,5,N
48,200.76,422.94,1,S,5,N
248,281.08,423.24,2,E,5,N
49,205.05,423.54,1,S,5,N
50,208.98,423.84,1,S,5,N
53,217.41,424.14,1,S,5,N
54,217.43,424.44,1,S,5,N
55,220.07,424.74,1,S,5,N
144,249.33,425.04,1,W,5,N
145,252.15,425.34,1,W,5,N
199,236.40,425.64,1,E,5,N
200,256.34,425.94,1,E,5,N
201,277.06,426.24,1,E,5,N
202,283.93,426.54,1,E,5,N
203,298.31,426.84,1,E,5,N
263,389.53,451.30,3,W,5,N
304,395.62,465.74,5,W,5,N
305,399.46,466.04,5,W,5,N
306,401.20,466.34,5,W,5,N
307,425.83,466.64,5,W,5,N
308,430.51,466.94,5,W,5,N
309,433.58,467.24,5,W,5,N
310,436.70,467.54,5,W,5,N
311,447.16,467.84,5,W,5,N
312,449.09,468.14,5,W,5,N
313,454.05,468.44,5,W,5,N
314,458.88,468.74,5,W,5,N
368,426.79,479.74,5,E,5,N
369,438.76,480.04,5,E,5,N
370,449.59,480.34,5,E,5,N
277,395.18,499.50,3,E,5,W
58,242.56,499.80,1,S,5,W
60,246.75,500.10,1,S,5,W
249,331.73,500.40,2,E,5,W
153,399.47,500.50,1,W,2,W
232,334.93,500.70,2,W,5,W
206,322.41,501.00,1,E,5,W
69,429.79,502.00,1,S,1,W
77,449.01,502.30,1,S,1,W
236,461.10,513.27,2,W,3,E
59,242.77,521.64,1,S,5,N
62,253.62,521.94,1,S,5,N
63,258.58,522.24,1,S,5,N
233,389.86,522.54,2,W,5,N
65,323.41,522.84,1,S,5,N
146,286.68,523.14,1,W,5,N
147,321.34,523.44,1,W,5,N
148,332.93,523.74,1,W,5,N
150,354.09,524.04,1,W,5,N
151,357.24,524.34,1,W,5,N
204,309.07,524.64,1,E,5,N
205,320.19,524.94,1,E,5,N
207,343.48,525.24,1,E,5,N
208,359.17,525.54,1,E,5,N
209,381.11,525.84,1,E,5,N
278,429.27,530.17,3,E,5,N
81,521.36,535.49,1,S,1,E
315,478.32,565.64,5,W,5,N
316,481.77,565.94,5,W,5,N
317,487.66,566.24,5,W,5,N
318,490.61,566.54,5,W,5,N
319,493.03,566.84,5,W,5,N
320,496.01,567.14,5,W,5,N
321,497.85,567.44,5,W,5,N
322,497.88,567.74,5,W,5,N
323,501.58,568.04,5,W,5,N
324,504.87,568.34,5,W,5,N
325,514.40,568.64,5,W,5,N
326,535.12,568.94,5,W,5,N
327,537.22,569.24,5,W,5,N
328,552.26,569.54,5,W,5,N
329,552.70,569.84,5,W,5,N
330,555.82,570.14,5,W,5,N
331,562.94,570.44,5,W,5,N
332,565.65,571.79,5,W,5,N
333,567.68,573.82,5,W,5,N
334,568.36,574.49,5,W,5,N
371,506.18,579.64,5,E,5,N
235,453.06,599.40,2,W,5,W
237,488.58,599.70,2,W,5,W
66,421.94,600.00,1,S,5,W
68,427.52,600.30,1,S,5,W
152,396.58,600.60,1,W,5,W
82,522.99,600.60,1,S,2,W
158,504.96,600.90,1,W,2,W
80,517.79,602.40,1,S,1,W
84,533.52,602.70,1,S,1,W
155,433.97,615.40,1,W,5,E
250,423.27,621.54,2,E,5,N
234,411.35,621.84,2,W,5,N
251,488.94,622.14,2,E,5,N
67,422.69,622.44,1,S,5,N
70,432.06,622.74,1,S,5,N
71,432.58,623.04,1,S,5,N
154,430.19,623.34,1,W,5,N
156,437.51,623.64,1,W,5,N
210,431.51,623.94,1,E,5,N
211,447.68,624.24,1,E,5,N
212,500.44,624.40,1,E,5,N
279,523.00,629.97,3,E,5,N
264,537.85,630.27,3,W,5,N
83,526.18,636.97,1,S,3,W
280,594.93,650.56,3,E,5,E
265,592.95,654.72,3,W,5,N
335,573.60,665.54,5,W,5,N
336,648.97,665.84,5,W,5,N
337,652.78,666.14,5,W,5,N
338,653.40,666.44,5,W,5,N
372,611.82,679.54,5,E,5,N
88,545.87,698.60,1,S,3,E
281,598.78,699.30,3,E,5,W
74,443.54,699.60,1,S,5,W
238,517.45,699.90,2,W,5,W
240,577.42,700.20,2,W,5,W
159,512.56,700.50,1,W,5,W
165,622.84,700.70,1,W,2,E
160,534.92,700.80,1,W,5,W
161,537.09,701.10,1,W,5,W
90,637.12,702.80,1,S,1,W
95,644.17,703.10,1,S,1,W
108,692.52,706.66,1,S,1,W
241,646.97,712.87,2,W,3,E
76,448.62,715.30,1,S,5,E
78,451.62,715.60,1,S,5,E
111,696.15,715.60,1,S,1,E
85,537.14,715.90,1,S,5,E
218,691.87,717.98,1,E,2,W
72,439.04,721.44,1,S,5,N
73,439.60,721.74,1,S,5,N
75,444.77,722.04,1,S,5,N
239,532.77,722.34,2,W,5,N
252,585.45,722.64,2,E,5,N
79,515.52,722.94,1,S,5,N
157,477.53,723.24,1,W,5,N
213,521.86,723.54,1,E,5,N
214,533.32,723.84,1,E,5,N
215,567.94,724.14,1,E,5,N
216,590.35,724.44,1,E,5,N
282,669.08,730.85,3,E,5,N
284,675.26,737.03,3,E,5,N
162,572.09,737.37,1,W,3,W
339,722.77,765.44,5,W,5,N
340,724.86,765.74,5,W,5,N
341,726.99,766.04,5,W,5,N
342,748.02,766.34,5,W,5,N
343,752.28,766.64,5,W,5,N
344,765.05,771.18,5,W,5,N
345,768.35,774.48,5,W,5,N
373,748.25,779.44,5,E,5,N
99,656.50,798.40,1,S,3,W
266,603.32,799.20,3,W,5,W
283,671.96,799.50,3,E,5,W
89,634.13,799.80,1,S,5,W
164,620.12,800.10,1,W,5,W
166,627.13,800.40,1,W,5,W
167,630.42,800.70,1,W,5,W
176,764.02,800.80,1,W,2,W
171,664.48,801.00,1,W,5,W
217,629.06,801.30,1,E,5,W
86,540.38,821.34,1,S,5,N
87,544.37,821.64,1,S,5,N
253,615.18,821.94,2,E,5,N
254,649.73,822.24,2,E,5,N
255,688.56,822.54,2,E,5,N
91,638.58,822.84,1,S,5,N
163,605.40,823.14,1,W,5,N
168,631.18,823.44,1,W,5,N
169,650.04,823.74,1,W,5,N
170,650.31,824.04,1,W,5,N
219,695.46,824.34,1,E,5,N
267,744.15,829.57,3,W,5,N
285,772.83,834.60,3,E,5,N
286,775.36,837.13,3,E,5,N
117,715.11,839.57,1,S,3,E
175,720.29,842.87,1,W,3,E
346,783.48,865.34,5,W,5,N
347,784.78,865.64,5,W,5,N
348,787.53,865.94,5,W,5,N
349,791.86,866.24,5,W,5,N
350,812.06,866.54,5,W,5,N
351,816.42,866.84,5,W,5,N
352,837.81,867.14,5,W,5,N
353,840.98,867.44,5,W,5,N
354,865.54,871.68,5,W,5,N
374,881.60,887.74,5,E,5,N
375,884.97,891.11,5,E,5,N
268,775.16,899.10,3,W,5,W
94,643.83,899.40,1,S,5,W
96,646.86,899.70,1,S,5,W
97,649.98,900.00,1,S,5,W
102,664.74,900.30,1,S,5,W
103,665.35,900.60,1,S,5,W
257,785.55,900.90,2,E,5,W
109,694.16,901.20,1,S,5,W
110,695.04,901.50,1,S,5,W
112,698.81,901.80,1,S,5,W
115,707.27,902.10,1,S,5,W
116,710.74,902.40,1,S,5,W
118,718.11,902.70,1,S,5,W
119,718.11,903.00,1,S,5,W
120,720.37,903.30,1,S,5,W
173,698.48,903.60,1,W,5,W
220,725.07,903.90,1,E,5,W
114,703.70,915.10,1,S,5,E
92,639.82,921.24,1,S,5,N
93,641.14,921.54,1,S,5,N
98,653.62,921.84,1,S,5,N
100,660.15,922.14,1,S,5,N
101,660.20,922.44,1,S,5,N
104,667.87,922.74,1,S,5,N
105,671.29,923.04,1,S,5,N
256,741.99,923.34,2,E,5,N
106,674.14,923.64,1,S,5,N
107,689.14,923.94,1,S,5,N
113,703.15,924.24,1,S,5,N
121,729.59,924.54,1,S,5,N
122,731.58,924.84,1,S,5,N
123,731.60,925.14,1,S,5,N
124,734.32,925.44,1,S,5,N
172,696.65,925.74,1,W,5,N
174,700.73,926.04,1,W,5,N
287,800.38,929.37,3,E,5,N
181,825.34,938.17,1,W,3,E
132,893.79,943.72,1,S,2,W
269,890.51,952.28,3,W,5,N
355,881.78,965.24,5,W,5,N
356,899.62,965.54,5,W,5,N
128,842.77,998.00,1,S,3,W
129,846.72,998.30,1,S,3,W
288,884.39,999.00,3,E,5,W
222,864.38,999.30,1,E,5,W
223,871.94,999.60,1,E,5,W
185,843.42,1015.00,1,W,5,E
221,801.13,1021.14,1,E,5,N
125,776.56,1021.44,1,S,5,N
126,776.87,1021.74,1,S,5,N
127,779.03,1022.04,1,S,5,N
242,817.85,1022.34,2,W,5,N
243,818.72,1022.64,2,W,5,N
244,841.91,1022.94,2,W,5,N
258,877.94,1023.24,2,E,5,N
259,898.05,1023.54,2,E,5,N
177,770.65,1023.84,1,W,5,N
178,801.63,1024.14,1,W,5,N
179,803.68,1024.44,1,W,5,N
180,823.32,1024.74,1,W,5,N
182,830.72,1025.04,1,W,5,N
183,833.45,1025.34,1,W,5,N
184,836.17,1025.64,1,W,5,N
186,845.84,1025.94,1,W,5,N
187,853.38,1026.24,1,W,5,N
224,878.25,1026.54,1,E,5,N
130,849.89,1121.04,1,S,5,N
131,851.63,1121.34,1,S,5,N
188,869.69,1121.64,1,W,5,N
189,874.66,1121.94,1,W,5,N