id,enter_time,exit_time,entrance_intersection,entrance_direction,exit_intersection,exit_direction
2,10.66,24.80,1,S,1,E
288,20.36,66.14,5,W,5,N
289,35.12,66.44,5,W,5,N
290,38.93,66.74,5,W,5,N
344,57.54,80.14,5,E,5,N
345,66.94,80.44,5,E,5,N
11,30.47,100.10,1,S,2,W
3,12.95,100.40,1,S,1,W
4,15.43,100.70,1,S,1,W
5,16.79,101.00,1,S,1,W
10,29.13,101.30,1,S,1,W
175,41.26,140.67,1,E,3,W
261,86.97,148.74,3,E,5,N
291,80.18,166.04,5,W,5,N
292,81.45,166.34,5,W,5,N
293,84.37,166.64,5,W,5,N
294,99.01,166.94,5,W,5,N
295,113.08,167.24,5,W,5,N
296,117.59,167.54,5,W,5,N
297,121.68,167.84,5,W,5,N
298,137.93,168.14,5,W,5,N
299,140.03,168.44,5,W,5,N
300,169.51,175.65,5,W,5,N
301,170.89,177.03,5,W,5,N
346,176.82,182.96,5,E,5,N
241,17.94,199.80,3,W,5,W
242,65.37,200.10,3,W,5,W
116,85.71,200.20,1,W,2,W
0,2.03,200.40,1,S,5,W
117,87.08,200.50,1,W,2,W
108,1.54,200.70,1,W,5,W
14,135.78,200.80,1,S,1,W
110,25.15,201.00,1,W,5,W
30,185.27,201.10,1,S,1,W
113,51.48,201.30,1,W,5,W
114,52.79,201.60,1,W,5,W
15,146.27,213.60,1,S,1,E
17,147.76,213.90,1,S,1,E
24,165.85,214.20,1,S,1,E
29,182.35,214.50,1,S,1,E
32,189.07,214.80,1,S,1,E
208,61.15,221.94,2,W,5,N
227,42.61,222.24,2,E,5,N
209,86.21,222.54,2,W,5,N
1,8.65,222.84,1,S,5,N
6,18.26,223.14,1,S,5,N
7,21.88,223.44,1,S,5,N
8,27.59,223.74,1,S,5,N
9,27.98,224.04,1,S,5,N
12,34.06,224.34,1,S,5,N
109,5.47,224.64,1,W,5,N
111,27.72,224.94,1,W,5,N
112,46.41,225.24,1,W,5,N
115,59.63,225.54,1,W,5,N
174,35.72,225.84,1,E,5,N
176,75.85,226.14,1,E,5,N
262,123.52,230.77,3,E,5,N
302,176.06,265.94,5,W,5,N
303,180.76,266.24,5,W,5,N
304,195.17,266.54,5,W,5,N
305,260.68,266.82,5,W,5,N
306,264.58,270.71,5,W,5,N
347,272.38,279.94,5,E,5,N
27,179.92,299.40,1,S,3,W
16,146.59,299.40,1,S,3,E
13,37.52,299.70,1,S,5,W
118,93.25,300.00,1,W,5,W
124,168.78,300.30,1,W,2,W
120,145.28,300.30,1,W,5,W
181,250.86,300.60,1,E,2,W
36,270.19,301.20,1,S,1,W
231,266.95,312.77,2,E,3,E
229,156.91,315.70,2,E,5,E
211,186.99,316.00,2,W,5,E
179,141.78,316.30,1,E,5,E
228,128.20,321.84,2,E,5,N
210,115.58,322.14,2,W,5,N
119,96.13,322.44,1,W,5,N
121,159.30,322.74,1,W,5,N
177,113.28,323.04,1,E,5,N
178,121.46,323.34,1,E,5,N
264,228.51,330.87,3,E,5,N
244,218.94,331.17,3,W,5,N
265,243.53,331.47,3,E,5,N
266,262.96,331.77,3,E,5,N
128,235.06,337.87,1,W,3,W
57,324.07,338.21,1,S,1,E
307,278.25,365.84,5,W,5,N
308,281.83,366.14,5,W,5,N
309,298.02,366.44,5,W,5,N
310,303.38,366.74,5,W,5,N
311,306.36,367.04,5,W,5,N
312,309.40,367.34,5,W,5,N
313,314.48,367.64,5,W,5,N
314,320.13,367.94,5,W,5,N
315,321.49,368.24,5,W,5,N
316,321.65,368.54,5,W,5,N
317,337.84,368.84,5,W,5,N
318,357.95,369.14,5,W,5,N
319,359.77,369.44,5,W,5,N
348,323.01,379.84,5,E,5,N
349,334.33,380.14,5,E,5,N
243,208.84,399.60,3,W,5,W
263,214.60,399.90,3,E,5,W
19,151.91,400.20,1,S,5,W
21,161.19,400.50,1,S,5,W
22,163.81,400.80,1,S,5,W
26,174.23,401.10,1,S,5,W
214,288.39,401.40,2,W,5,W
53,315.65,401.60,1,S,1,W
123,168.64,401.70,1,W,5,W
56,323.41,401.90,1,S,1,W
183,275.88,402.00,1,E,5,W
60,396.49,410.63,1,S,1,W
126,230.47,415.60,1,W,5,E
127,233.06,415.90,1,W,5,E
18,148.52,421.74,1,S,5,N
20,161.13,422.04,1,S,5,N
23,165.64,422.34,1,S,5,N
25,171.23,422.64,1,S,5,N
28,181.38,422.94,1,S,5,N
31,186.57,423.24,1,S,5,N
33,191.96,423.54,1,S,5,N
230,213.60,423.84,2,E,5,N
212,254.46,424.14,2,W,5,N
213,263.48,424.44,2,W,5,N
122,166.22,424.74,1,W,5,N
125,206.38,425.04,1,W,5,N
129,238.81,425.34,1,W,5,N
180,248.82,425.64,1,E,5,N
182,262.47,425.94,1,E,5,N
245,337.58,430.37,3,W,5,N
246,378.87,434.51,3,W,5,E
51,309.51,436.77,1,S,3,E
267,377.91,439.68,3,E,5,N
247,379.99,441.76,3,W,5,N
268,380.20,441.97,3,E,5,N
320,389.17,465.74,5,W,5,N
321,391.86,466.04,5,W,5,N
322,409.51,466.34,5,W,5,N
323,438.02,466.64,5,W,5,N
324,458.40,466.94,5,W,5,N
325,467.91,474.05,5,W,5,N
350,421.62,479.74,5,E,5,N
351,476.83,482.97,5,E,5,N
352,478.52,484.65,5,E,5,N
34,257.98,499.50,1,S,5,W
35,268.90,499.80,1,S,5,W
37,273.47,500.10,1,S,5,W
38,275.78,500.40,1,S,5,W
61,407.32,500.50,1,S,2,W
40,280.78,500.70,1,S,5,W
46,292.66,501.00,1,S,5,W
47,295.12,501.30,1,S,5,W
48,298.69,501.60,1,S,5,W
216,382.53,501.90,2,W,5,W
63,410.79,502.00,1,S,1,W
54,319.16,502.20,1,S,5,W
66,419.99,502.30,1,S,1,W
55,320.28,502.50,1,S,5,W
70,428.39,502.60,1,S,1,W
59,328.11,502.80,1,S,5,W
130,268.72,503.10,1,W,5,W
132,290.41,503.40,1,W,5,W
135,318.22,503.70,1,W,5,W
138,359.24,504.00,1,W,5,W
185,371.26,504.30,1,E,5,W
41,284.74,515.50,1,S,5,E
43,288.56,515.80,1,S,5,E
269,398.45,521.64,3,E,5,N
248,399.12,521.94,3,W,5,N
39,277.16,522.24,1,S,5,N
42,286.01,522.54,1,S,5,N
44,288.87,522.84,1,S,5,N
45,290.31,523.14,1,S,5,N
49,300.34,523.44,1,S,5,N
215,337.27,523.74,2,W,5,N
232,352.26,524.04,2,E,5,N
250,403.34,524.33,3,W,5,E
50,308.63,524.34,1,S,5,N
52,314.42,524.64,1,S,5,N
58,325.28,524.94,1,S,5,N
131,288.39,525.24,1,W,5,N
133,295.38,525.54,1,W,5,N
134,311.15,525.84,1,W,5,N
136,322.01,526.14,1,W,5,N
137,324.76,526.44,1,W,5,N
184,352.17,526.74,1,E,5,N
249,401.78,530.17,3,W,5,N
271,436.00,530.47,3,E,5,N
251,412.42,530.77,3,W,5,N
252,415.58,531.07,3,W,5,N
253,416.87,531.37,3,W,5,N
254,426.51,531.67,3,W,5,N
65,417.40,537.17,1,S,3,W
326,515.83,565.64,5,W,5,N
327,569.72,575.85,5,W,5,N
270,401.75,599.40,3,E,5,W
64,413.65,599.70,1,S,5,W
67,420.43,600.00,1,S,5,W
71,431.25,600.30,1,S,5,W
142,460.17,600.60,1,W,5,W
147,523.37,600.60,1,W,2,W
187,451.77,600.90,1,E,5,W
74,519.12,602.40,1,S,1,W
75,526.25,602.70,1,S,1,W
233,435.31,615.40,2,E,5,E
69,425.42,615.70,1,S,5,E
234,488.82,621.54,2,E,5,N
62,410.13,621.84,1,S,5,N
68,421.72,622.14,1,S,5,N
72,432.25,622.44,1,S,5,N
73,434.79,622.74,1,S,5,N
139,401.31,623.04,1,W,5,N
140,419.32,623.34,1,W,5,N
141,421.51,623.64,1,W,5,N
143,463.73,623.94,1,W,5,N
186,439.12,624.24,1,E,5,N
188,452.35,624.54,1,E,5,N
272,515.06,629.97,3,E,5,N
273,540.15,630.27,3,E,5,N
274,543.11,630.57,3,E,5,N
275,546.10,630.87,3,E,5,N
190,517.04,638.77,1,E,3,W
84,628.02,642.15,1,S,1,E
277,583.75,645.52,3,E,5,N
256,586.16,647.93,3,W,5,N
328,648.45,665.54,5,W,5,N
329,651.36,665.84,5,W,5,N
330,652.16,666.14,5,W,5,N
353,609.67,679.54,5,E,5,N
255,526.56,699.30,3,W,5,W
276,548.63,699.60,3,E,5,W
77,538.51,699.90,1,S,5,W
144,467.30,700.20,1,W,5,W
145,498.68,700.50,1,W,5,W
146,504.74,700.80,1,W,5,W
195,569.03,701.10,1,E,5,W
196,572.06,701.40,1,E,5,W
197,575.21,701.70,1,E,5,W
83,626.57,702.80,1,S,1,W
91,655.14,703.10,1,S,1,W
93,660.63,703.40,1,S,1,W
199,585.72,703.55,1,E,5,W
96,670.00,703.70,1,S,1,W
219,624.84,712.87,2,W,3,W
189,505.87,715.30,1,E,5,E
192,526.64,715.60,1,E,5,E
217,547.52,721.44,2,W,5,N
235,577.15,721.74,2,E,5,N
218,597.30,722.04,2,W,5,N
76,531.90,722.34,1,S,5,N
148,545.68,722.64,1,W,5,N
191,521.18,722.94,1,E,5,N
193,546.09,723.24,1,E,5,N
194,566.95,723.54,1,E,5,N
198,579.91,723.84,1,E,5,N
257,645.79,729.77,3,W,5,N
278,617.16,730.07,3,E,5,N
152,589.47,738.57,1,W,3,W
88,646.05,742.02,1,S,2,W
94,666.38,743.22,1,S,2,W
331,749.69,765.44,5,W,5,N
332,751.78,765.74,5,W,5,N
333,754.41,766.04,5,W,5,N
354,706.27,779.44,5,E,5,N
78,540.76,799.20,1,S,5,W
236,625.37,799.50,2,E,5,W
153,592.24,799.80,1,W,5,W
157,604.91,800.10,1,W,5,W
161,646.11,800.40,1,W,5,W
355,794.64,800.78,5,E,5,N
163,687.20,800.80,1,W,2,E
101,742.62,803.20,1,S,1,W
356,798.15,804.29,5,E,5,N
79,544.66,815.20,1,S,5,E
80,545.86,821.34,1,S,5,N
81,547.69,821.64,1,S,5,N
220,683.48,821.94,2,W,5,N
82,623.95,822.24,1,S,5,N
85,635.53,822.54,1,S,5,N
86,639.35,822.84,1,S,5,N
149,580.69,823.14,1,W,5,N
150,583.42,823.44,1,W,5,N
151,586.04,823.74,1,W,5,N
154,594.44,824.04,1,W,5,N
155,598.34,824.34,1,W,5,N
156,601.33,824.64,1,W,5,N
158,609.01,824.94,1,W,5,N
159,612.31,825.24,1,W,5,N
160,643.25,825.54,1,W,5,N
200,614.55,825.84,1,E,5,N
201,660.07,826.14,1,E,5,N
279,727.08,829.57,3,E,5,N
100,742.09,842.12,1,S,2,E
258,791.87,853.64,3,W,5,N
334,789.55,865.34,5,W,5,N
335,820.28,865.64,5,W,5,N
336,848.27,865.94,5,W,5,N
337,851.19,866.24,5,W,5,N
338,852.01,866.54,5,W,5,N
339,855.22,866.84,5,W,5,N
340,861.07,867.20,5,W,5,N
341,863.07,869.21,5,W,5,N
357,814.31,879.34,5,E,5,N
358,825.62,879.64,5,E,5,N
359,830.43,879.94,5,E,5,N
360,840.82,880.24,5,E,5,N
87,645.00,899.10,1,S,5,W
92,660.16,899.40,1,S,5,W
237,718.24,899.70,2,E,5,W
221,708.02,900.00,2,W,5,W
238,766.53,900.30,2,E,5,W
223,737.41,900.60,2,W,5,W
165,729.64,900.90,1,W,5,W
167,736.84,901.20,1,W,5,W
202,705.62,901.50,1,E,5,W
102,806.00,903.60,1,S,1,W
106,873.35,903.90,1,S,1,W
203,792.04,909.86,1,E,5,W
226,862.96,913.07,2,W,3,W
164,727.60,915.10,1,W,5,E
89,646.44,921.24,1,S,5,N
90,647.50,921.54,1,S,5,N
95,669.39,921.84,1,S,5,N
97,671.21,922.14,1,S,5,N
98,672.81,922.44,1,S,5,N
99,674.17,922.74,1,S,5,N
222,712.45,923.04,2,W,5,N
224,765.00,923.34,2,W,5,N
225,792.98,923.64,2,W,5,N
162,685.49,923.94,1,W,5,N
166,733.54,924.24,1,W,5,N
280,803.59,929.37,3,E,5,N
282,817.92,929.97,3,E,5,N
283,820.72,930.27,3,E,5,N
284,824.33,930.57,3,E,5,N
285,858.08,930.87,3,E,5,N
260,873.08,934.85,3,W,5,N
342,894.74,965.24,5,W,5,N
343,897.84,965.54,5,W,5,N
259,844.64,999.00,3,W,5,W
281,807.53,999.30,3,E,5,W
286,879.21,999.60,3,E,5,W
287,882.13,999.90,3,E,5,W
103,806.61,1000.20,1,S,5,W
169,797.41,1000.50,1,W,5,W
170,828.58,1000.80,1,W,5,W
171,832.31,1001.10,1,W,5,W
204,807.15,1001.40,1,E,5,W
205,833.60,1001.70,1,E,5,W
240,884.60,1015.00,2,E,5,E
239,830.69,1021.14,2,E,5,N
104,808.21,1021.44,1,S,5,N
105,810.46,1021.74,1,S,5,N
168,782.56,1022.04,1,W,5,N
172,862.63,1022.34,1,W,5,N
206,868.10,1022.64,1,E,5,N
207,896.74,1098.90,1,E,5,W
107,873.88,1114.90,1,S,5,E
173,889.17,1121.04,1,W,5,N