id,enter_time,exit_time,entrance_intersection,entrance_direction,exit_intersection,exit_direction
265,2.41,66.14,5,W,5,N
266,29.68,66.44,5,W,5,N
267,30.42,66.74,5,W,5,N
268,35.41,67.04,5,W,5,N
269,54.00,67.34,5,W,5,N
322,14.51,80.14,5,E,5,N
323,28.19,80.44,5,E,5,N
324,80.08,86.22,5,E,5,N
1,96.85,110.99,1,S,1,W
231,25.91,112.27,2,E,3,E
243,49.63,124.83,3,W,5,E
256,63.60,130.97,3,E,5,N
244,50.62,131.27,3,W,5,N
176,40.92,138.87,1,E,3,E
4,104.16,144.41,1,S,2,W
270,84.53,166.04,5,W,5,N
271,88.21,166.34,5,W,5,N
272,97.32,166.64,5,W,5,N
273,102.67,166.94,5,W,5,N
274,102.87,167.24,5,W,5,N
275,106.87,167.54,5,W,5,N
276,109.73,167.84,5,W,5,N
325,171.22,180.04,5,E,5,N
326,173.81,180.34,5,E,5,N
214,68.54,199.80,2,W,5,W
90,39.79,200.10,1,W,5,W
92,43.52,200.40,1,W,5,W
93,46.51,200.70,1,W,5,W
6,169.59,200.80,1,S,1,W
173,11.46,201.00,1,E,5,W
175,35.44,201.30,1,E,5,W
178,86.17,204.00,1,E,5,W
8,174.67,213.60,1,S,1,E
91,41.85,215.80,1,W,5,E
88,6.91,221.94,1,W,5,N
89,13.82,222.24,1,W,5,N
174,31.55,222.54,1,E,5,N
177,72.93,222.84,1,E,5,N
245,161.73,230.77,3,W,5,N
257,159.39,231.07,3,E,5,N
98,134.23,237.47,1,W,3,W
100,141.94,238.07,1,W,3,W
277,187.34,265.94,5,W,5,N
278,205.32,266.24,5,W,5,N
279,210.20,266.54,5,W,5,N
280,270.43,276.56,5,W,5,N
281,272.48,278.61,5,W,5,N
327,257.94,279.94,5,E,5,N
246,181.30,299.70,3,W,5,W
247,190.77,300.00,3,W,5,W
102,174.65,300.30,1,W,2,W
215,143.82,300.30,2,W,5,W
95,118.04,300.60,1,W,5,W
97,131.66,300.90,1,W,5,W
179,108.13,301.20,1,E,5,W
180,146.69,301.50,1,E,5,W
181,163.38,301.80,1,E,5,W
183,193.07,310.89,1,E,5,W
94,74.17,315.70,1,W,5,E
0,93.09,321.84,1,S,5,N
2,98.31,322.14,1,S,5,N
3,101.72,322.44,1,S,5,N
232,122.36,322.74,2,E,5,N
216,172.48,323.04,2,W,5,N
96,130.98,323.34,1,W,5,N
99,138.11,323.64,1,W,5,N
182,174.63,323.94,1,E,5,N
14,316.10,330.24,1,S,1,E
258,243.82,330.57,3,E,5,N
105,214.99,337.27,1,W,3,E
185,237.03,338.17,1,E,3,W
282,276.04,365.84,5,W,5,N
283,294.32,366.14,5,W,5,N
284,347.94,366.44,5,W,5,N
285,368.00,374.14,5,W,5,N
286,370.20,376.34,5,W,5,N
287,372.99,379.13,5,W,5,N
328,317.40,379.84,5,E,5,N
329,333.19,380.14,5,E,5,N
9,265.42,399.20,1,S,3,E
7,173.09,399.60,1,S,5,W
233,218.23,399.90,2,E,5,W
217,214.26,400.20,2,W,5,W
113,351.79,400.40,1,W,2,E
234,291.41,400.50,2,E,5,W
103,178.07,400.80,1,W,5,W
104,188.98,401.10,1,W,5,W
187,265.70,401.40,1,E,5,W
20,327.57,401.60,1,S,1,W
22,329.66,401.90,1,S,1,W
5,166.68,421.74,1,S,5,N
101,173.59,422.04,1,W,5,N
106,217.15,422.34,1,W,5,N
184,216.23,422.64,1,E,5,N
186,258.19,422.94,1,E,5,N
248,328.37,430.37,3,W,5,N
16,323.65,437.67,1,S,3,E
190,374.64,442.17,1,E,3,W
288,404.35,465.74,5,W,5,N
289,408.21,466.04,5,W,5,N
290,410.47,466.34,5,W,5,N
291,416.09,466.64,5,W,5,N
292,421.88,466.94,5,W,5,N
293,422.25,467.24,5,W,5,N
294,424.54,467.54,5,W,5,N
295,445.12,467.84,5,W,5,N
296,448.22,468.14,5,W,5,N
297,451.49,468.44,5,W,5,N
298,453.59,468.74,5,W,5,N
299,454.14,469.04,5,W,5,N
330,429.76,479.74,5,E,5,N
331,430.03,480.04,5,E,5,N
332,442.53,480.34,5,E,5,N
333,464.80,480.64,5,E,5,N
259,332.28,499.50,3,E,5,W
249,360.29,499.80,3,W,5,W
218,381.67,500.10,2,W,5,W
11,312.50,500.40,1,S,5,W
114,375.93,500.50,1,W,2,W
13,314.93,500.70,1,S,5,W
121,453.32,500.80,1,W,2,W
19,326.91,501.00,1,S,5,W
23,330.40,501.30,1,S,5,W
109,280.97,501.60,1,W,5,W
110,301.38,501.90,1,W,5,W
27,434.54,502.00,1,S,1,W
112,319.21,502.20,1,W,5,W
188,344.56,502.50,1,E,5,W
189,360.09,502.80,1,E,5,W
191,377.25,503.10,1,E,5,W
24,331.30,515.50,1,S,5,E
10,266.79,521.64,1,S,5,N
235,391.15,521.94,2,E,5,N
12,314.74,522.24,1,S,5,N
15,322.83,522.54,1,S,5,N
17,325.01,522.84,1,S,5,N
18,325.33,523.14,1,S,5,N
21,328.16,523.44,1,S,5,N
107,267.24,523.74,1,W,5,N
108,274.14,524.04,1,W,5,N
111,303.19,524.34,1,W,5,N
250,490.05,551.82,3,W,5,N
300,533.85,565.64,5,W,5,N
301,534.31,565.94,5,W,5,N
302,536.73,566.24,5,W,5,N
303,539.91,566.54,5,W,5,N
334,544.85,579.64,5,E,5,N
260,448.56,599.40,3,E,5,W
251,496.40,599.70,3,W,5,W
26,345.04,600.00,1,S,5,W
236,471.24,600.30,2,E,5,W
117,413.47,600.60,1,W,5,W
33,519.24,600.60,1,S,2,W
118,424.13,600.90,1,W,5,W
119,428.29,601.20,1,W,5,W
120,434.64,601.50,1,W,5,W
122,455.73,601.80,1,W,5,W
37,595.61,609.75,1,S,1,W
116,380.89,615.40,1,W,5,E
25,342.76,621.54,1,S,5,N
219,440.23,621.84,2,W,5,N
220,495.52,622.14,2,W,5,N
115,378.18,622.44,1,W,5,N
192,457.58,622.74,1,E,5,N
193,462.27,623.04,1,E,5,N
44,612.95,627.09,1,S,1,E
261,524.21,629.97,3,E,5,N
126,525.14,639.07,1,W,3,W
39,601.19,641.44,1,S,2,W
41,602.28,642.53,1,S,2,W
304,594.14,665.54,5,W,5,N
335,679.54,685.68,5,E,5,N
336,682.44,688.58,5,E,5,N
28,440.38,699.30,1,S,5,W
31,515.36,699.60,1,S,5,W
127,529.95,699.90,1,W,5,W
128,532.70,700.20,1,W,5,W
129,560.17,700.50,1,W,5,W
45,618.80,700.70,1,S,2,W
134,584.64,701.00,1,W,2,W
42,606.19,702.80,1,S,1,W
46,620.05,703.10,1,S,1,W
50,691.89,706.02,1,S,1,W
196,588.67,706.49,1,E,5,W
221,678.51,714.58,2,W,3,E
237,567.01,715.30,2,E,5,E
124,521.48,715.60,1,W,5,E
29,445.73,721.44,1,S,5,N
30,445.84,721.74,1,S,5,N
32,518.26,722.04,1,S,5,N
34,520.19,722.34,1,S,5,N
35,521.41,722.64,1,S,5,N
36,525.32,722.94,1,S,5,N
123,488.12,723.24,1,W,5,N
125,524.71,723.54,1,W,5,N
194,577.36,723.84,1,E,5,N
195,583.72,724.14,1,E,5,N
252,614.31,729.77,3,W,5,N
60,728.04,742.17,1,S,1,E
305,673.75,765.44,5,W,5,N
306,676.19,765.74,5,W,5,N
307,732.54,766.04,5,W,5,N
308,736.13,766.34,5,W,5,N
309,741.68,766.64,5,W,5,N
310,742.84,766.94,5,W,5,N
311,764.59,770.72,5,W,5,N
337,716.78,779.44,5,E,5,N
338,729.86,779.74,5,E,5,N
197,597.08,799.20,1,E,5,W
262,622.42,799.50,3,E,5,W
131,578.53,799.80,1,W,5,W
135,600.53,800.10,1,W,5,W
138,627.83,800.40,1,W,5,W
142,653.31,800.70,1,W,5,W
149,717.12,800.80,1,W,2,W
198,608.29,801.00,1,E,5,W
205,713.85,801.10,1,E,2,W
54,710.22,803.20,1,S,1,W
58,719.41,803.50,1,S,1,W
201,686.28,804.10,1,E,5,W
224,747.36,813.57,2,W,3,W
64,806.30,820.44,1,S,1,E
38,599.55,821.34,1,S,5,N
40,601.93,821.64,1,S,5,N
238,629.88,821.94,2,E,5,N
239,665.29,822.24,2,E,5,N
43,610.02,822.54,1,S,5,N
47,621.09,822.84,1,S,5,N
48,622.64,823.14,1,S,5,N
49,623.02,823.44,1,S,5,N
130,574.98,823.74,1,W,5,N
132,578.59,824.04,1,W,5,N
133,582.09,824.34,1,W,5,N
65,810.22,824.36,1,S,1,E
136,621.31,824.64,1,W,5,N
137,624.34,824.94,1,W,5,N
139,634.39,825.24,1,W,5,N
140,637.58,825.54,1,W,5,N
141,651.25,825.84,1,W,5,N
199,618.37,826.14,1,E,5,N
200,677.72,826.44,1,E,5,N
253,741.59,829.57,3,W,5,N
57,718.40,837.47,1,S,3,E
63,736.62,838.67,1,S,3,W
206,777.37,843.77,1,E,3,E
207,797.69,859.88,1,E,3,E
312,780.46,865.34,5,W,5,N
313,783.81,865.64,5,W,5,N
314,784.26,865.94,5,W,5,N
315,817.82,866.24,5,W,5,N
316,821.50,866.54,5,W,5,N
317,823.79,866.84,5,W,5,N
318,854.79,867.14,5,W,5,N
319,856.19,867.44,5,W,5,N
339,834.63,879.34,5,E,5,N
340,844.12,879.64,5,E,5,N
341,845.66,879.94,5,E,5,N
342,862.62,880.24,5,E,5,N
343,877.01,883.14,5,E,5,N
263,739.14,899.10,3,E,5,W
254,749.62,899.40,3,W,5,W
51,697.70,899.70,1,S,5,W
52,701.47,900.00,1,S,5,W
56,711.65,900.30,1,S,5,W
62,734.92,900.60,1,S,5,W
143,685.99,900.90,1,W,5,W
209,806.17,900.90,1,E,2,W
144,686.66,901.20,1,W,5,W
210,850.76,901.20,1,E,2,W
145,701.33,901.50,1,W,5,W
146,707.76,901.80,1,W,5,W
151,723.59,902.10,1,W,5,W
344,895.99,902.12,5,E,5,N
154,727.87,902.40,1,W,5,W
67,814.15,903.60,1,S,1,W
76,851.22,903.90,1,S,1,W
87,874.11,904.20,1,S,1,W
147,711.50,915.10,1,W,5,E
80,859.71,916.40,1,S,1,E
53,702.80,921.24,1,S,5,N
222,704.69,921.54,2,W,5,N
240,735.74,921.84,2,E,5,N
223,724.89,922.14,2,W,5,N
225,752.73,922.44,2,W,5,N
226,755.35,922.74,2,W,5,N
227,780.16,923.04,2,W,5,N
264,816.18,923.23,3,E,5,E
55,710.22,923.34,1,S,5,N
59,722.91,923.64,1,S,5,N
61,729.72,923.94,1,S,5,N
148,713.97,924.24,1,W,5,N
150,719.79,924.54,1,W,5,N
152,723.59,924.84,1,W,5,N
153,724.58,925.14,1,W,5,N
155,763.56,925.44,1,W,5,N
156,766.04,925.74,1,W,5,N
202,709.00,926.04,1,E,5,N
203,711.88,926.34,1,E,5,N
204,713.27,926.64,1,E,5,N
69,829.64,937.57,1,S,3,W
163,857.39,940.27,1,W,3,E
73,843.50,942.82,1,S,2,W
320,891.49,965.24,5,W,5,N
321,896.67,965.54,5,W,5,N
75,847.35,998.00,1,S,3,W
255,875.02,999.00,3,W,5,W
228,806.91,999.30,2,W,5,W
70,831.82,999.60,1,S,5,W
159,785.03,999.90,1,W,5,W
162,837.48,1000.20,1,W,5,W
164,859.58,1000.50,1,W,5,W
208,802.81,1021.14,1,E,5,N
241,828.62,1021.44,2,E,5,N
242,851.34,1021.74,2,E,5,N
229,877.63,1022.04,2,W,5,N
230,894.79,1022.34,2,W,5,N
66,811.96,1022.64,1,S,5,N
68,817.74,1022.94,1,S,5,N
71,839.47,1023.24,1,S,5,N
157,768.87,1023.54,1,W,5,N
158,782.08,1023.84,1,W,5,N
160,787.22,1024.14,1,W,5,N
161,803.94,1024.44,1,W,5,N
165,861.66,1024.74,1,W,5,N
166,864.62,1025.04,1,W,5,N
211,856.45,1025.34,1,E,5,N
212,860.98,1025.64,1,E,5,N
213,867.35,1025.94,1,E,5,N
171,879.64,1038.87,1,W,3,W
72,841.47,1098.90,1,S,5,W
81,862.95,1099.20,1,S,5,W
82,863.05,1099.50,1,S,5,W
85,868.88,1099.80,1,S,5,W
170,877.37,1100.10,1,W,5,W
167,868.16,1114.90,1,W,5,E
74,846.69,1121.04,1,S,5,N
77,852.51,1121.34,1,S,5,N
78,855.08,1121.64,1,S,5,N
79,857.15,1121.94,1,S,5,N
83,864.85,1122.24,1,S,5,N
84,866.71,1122.54,1,S,5,N
86,871.29,1122.84,1,S,5,N
168,871.66,1123.14,1,W,5,N
169,872.53,1123.44,1,W,5,N
172,899.49,1123.74,1,W,5,N