id,enter_time,exit_time,entrance_intersection,entrance_direction,exit_intersection,exit_direction
268,21.44,66.14,5,W,5,N
269,23.06,66.44,5,W,5,N
343,13.33,80.14,5,E,5,N
344,14.62,80.44,5,E,5,N
345,25.69,80.74,5,E,5,N
346,36.22,81.04,5,E,5,N
347,90.10,96.24,5,E,5,N
348,91.83,97.96,5,E,5,N
0,3.17,100.40,1,S,1,W
1,3.76,100.70,1,S,1,W
5,28.45,101.00,1,S,1,W
6,31.27,101.30,1,S,1,W
10,85.52,101.60,1,S,1,W
13,91.33,105.47,1,S,1,W
270,74.04,166.04,5,W,5,N
271,76.27,166.34,5,W,5,N
272,81.26,166.64,5,W,5,N
273,95.43,166.94,5,W,5,N
274,99.48,167.24,5,W,5,N
275,102.10,167.54,5,W,5,N
276,104.45,167.84,5,W,5,N
277,159.58,168.14,5,W,5,N
278,159.85,168.44,5,W,5,N
349,172.37,180.04,5,E,5,N
251,84.65,199.80,3,E,5,W
213,4.40,200.10,2,W,5,W
214,13.82,200.40,2,W,5,W
7,33.91,200.70,1,S,5,W
15,100.74,200.80,1,S,1,W
118,19.91,201.00,1,W,5,W
17,105.22,201.10,1,S,1,W
120,62.78,201.30,1,W,5,W
23,178.94,201.40,1,S,1,W
180,3.76,201.60,1,E,5,W
181,25.27,201.90,1,E,5,W
182,33.02,202.20,1,E,5,W
183,68.61,202.50,1,E,5,W
2,5.46,215.80,1,S,5,E
215,41.94,221.94,2,W,5,N
216,68.86,222.24,2,W,5,N
231,90.79,222.54,2,E,5,N
3,16.73,222.84,1,S,5,N
4,27.15,223.14,1,S,5,N
119,22.41,223.44,1,W,5,N
243,114.44,230.77,3,W,5,N
21,112.61,237.17,1,S,3,W
121,65.93,237.77,1,W,3,W
279,175.34,265.94,5,W,5,N
280,192.82,266.24,5,W,5,N
281,204.52,266.54,5,W,5,N
350,214.55,279.94,5,E,5,N
351,240.03,280.24,5,E,5,N
12,90.20,299.70,1,S,5,W
16,102.35,300.00,1,S,5,W
28,232.01,300.30,1,S,2,W
22,113.01,300.30,1,S,5,W
134,242.93,300.60,1,W,2,W
123,112.53,300.60,1,W,5,W
125,162.81,300.90,1,W,5,W
29,233.52,301.20,1,S,1,W
184,107.35,301.20,1,E,5,W
30,233.79,301.50,1,S,1,W
187,171.55,301.50,1,E,5,W
352,295.69,301.83,5,E,5,N
8,81.24,321.84,1,S,5,N
9,83.54,322.14,1,S,5,N
11,86.23,322.44,1,S,5,N
14,95.51,322.74,1,S,5,N
232,165.01,323.04,2,E,5,N
18,107.40,323.34,1,S,5,N
19,110.15,323.64,1,S,5,N
20,110.45,323.94,1,S,5,N
122,109.65,324.24,1,W,5,N
124,159.31,324.54,1,W,5,N
126,164.88,324.84,1,W,5,N
185,117.38,325.14,1,E,5,N
186,136.41,325.44,1,E,5,N
252,203.20,330.57,3,E,5,N
244,243.49,330.87,3,W,5,N
253,206.41,331.17,3,E,5,N
254,221.37,331.17,3,E,5,N
255,260.14,331.47,3,E,5,N
257,268.06,332.07,3,E,5,N
282,273.59,365.84,5,W,5,N
283,300.08,366.14,5,W,5,N
284,365.03,371.17,5,W,5,N
285,367.65,373.79,5,W,5,N
286,371.71,377.85,5,W,5,N
353,376.97,383.11,5,E,5,N
33,247.20,399.20,1,S,3,E
32,243.76,399.20,1,S,3,W
36,258.98,399.50,1,S,3,W
256,264.09,399.60,3,E,5,W
129,182.65,399.90,1,W,5,W
131,189.40,400.20,1,W,5,W
132,235.95,400.50,1,W,5,W
188,218.18,400.80,1,E,5,W
190,245.16,401.10,1,E,5,W
191,275.61,401.40,1,E,5,W
37,355.39,401.60,1,S,1,W
38,358.34,401.90,1,S,1,W
40,364.27,402.20,1,S,1,W
43,371.73,402.50,1,S,1,W
47,396.48,410.62,1,S,1,W
234,344.09,412.57,2,E,3,W
217,265.94,415.60,2,W,5,E
233,260.05,421.74,2,E,5,N
24,223.03,422.04,1,S,5,N
25,224.01,422.34,1,S,5,N
26,225.05,422.64,1,S,5,N
27,226.29,422.94,1,S,5,N
127,167.27,423.24,1,W,5,N
128,170.22,423.54,1,W,5,N
130,186.16,423.84,1,W,5,N
133,239.10,424.14,1,W,5,N
189,223.69,424.44,1,E,5,N
245,368.14,430.37,3,W,5,N
193,363.59,438.27,1,E,3,E
287,386.47,465.74,5,W,5,N
288,388.67,466.04,5,W,5,N
289,390.38,466.34,5,W,5,N
290,392.47,466.64,5,W,5,N
291,394.56,466.94,5,W,5,N
292,425.03,467.24,5,W,5,N
293,427.41,467.54,5,W,5,N
294,430.05,467.84,5,W,5,N
295,434.13,468.14,5,W,5,N
296,454.16,468.44,5,W,5,N
297,454.92,468.74,5,W,5,N
298,454.99,469.04,5,W,5,N
299,470.63,476.77,5,W,5,N
354,475.37,481.51,5,E,5,N
48,398.40,499.00,1,S,3,E
41,367.34,499.00,1,S,3,W
258,381.05,499.50,3,E,5,W
34,251.58,499.80,1,S,5,W
35,256.85,500.10,1,S,5,W
222,386.50,500.40,2,W,5,W
137,343.82,500.70,1,W,5,W
138,347.71,501.00,1,W,5,W
139,365.51,501.30,1,W,5,W
53,411.31,502.00,1,S,1,W
55,430.72,502.30,1,S,1,W
60,443.51,514.80,1,S,1,E
31,240.26,515.50,1,S,5,E
220,350.41,515.80,2,W,5,E
62,506.27,520.40,1,S,1,E
218,323.76,521.64,2,W,5,N
219,349.77,521.94,2,W,5,N
221,357.79,522.24,2,W,5,N
135,270.45,522.54,1,W,5,N
136,314.91,522.84,1,W,5,N
192,312.15,523.14,1,E,5,N
194,392.73,523.44,1,E,5,N
141,403.23,538.97,1,W,3,W
246,481.35,543.12,3,W,5,N
300,483.85,565.64,5,W,5,N
301,484.35,565.94,5,W,5,N
302,486.93,566.24,5,W,5,N
303,490.36,566.54,5,W,5,N
304,501.01,566.84,5,W,5,N
305,503.20,567.14,5,W,5,N
306,524.34,567.44,5,W,5,N
307,526.70,567.74,5,W,5,N
308,531.44,568.04,5,W,5,N
309,533.46,568.34,5,W,5,N
310,535.57,568.64,5,W,5,N
311,553.47,568.94,5,W,5,N
312,556.47,569.24,5,W,5,N
313,558.73,569.54,5,W,5,N
259,477.21,599.40,3,E,5,W
44,376.04,599.70,1,S,5,W
46,384.99,600.00,1,S,5,W
50,402.75,600.30,1,S,5,W
226,465.32,600.60,2,W,5,W
150,532.96,600.60,1,W,2,W
51,406.15,600.90,1,S,5,W
52,409.02,601.20,1,S,5,W
54,415.07,601.50,1,S,5,W
56,432.19,601.80,1,S,5,W
59,437.83,602.10,1,S,5,W
144,460.11,602.40,1,W,5,W
61,505.61,602.40,1,S,1,W
67,577.46,602.70,1,S,1,W
227,538.36,612.77,2,W,3,W
224,432.49,615.40,2,W,5,E
57,433.17,615.70,1,S,5,E
58,433.91,616.00,1,S,5,E
143,452.15,616.30,1,W,5,E
39,361.95,621.54,1,S,5,N
42,369.05,621.84,1,S,5,N
45,381.73,622.14,1,S,5,N
49,399.41,622.44,1,S,5,N
235,433.59,622.74,2,E,5,N
223,413.07,623.04,2,W,5,N
225,438.59,623.34,2,W,5,N
140,399.85,623.64,1,W,5,N
142,435.44,623.94,1,W,5,N
195,458.30,624.24,1,E,5,N
196,464.25,624.54,1,E,5,N
262,574.68,636.45,3,E,5,N
71,593.92,643.42,1,S,2,W
314,614.46,665.54,5,W,5,N
315,616.83,665.84,5,W,5,N
316,619.96,666.14,5,W,5,N
317,623.31,666.44,5,W,5,N
318,623.83,666.74,5,W,5,N
319,627.55,667.04,5,W,5,N
320,629.50,667.34,5,W,5,N
321,632.84,667.64,5,W,5,N
322,647.02,667.94,5,W,5,N
323,667.16,673.30,5,W,5,N
355,618.96,679.54,5,E,5,N
356,656.86,679.84,5,E,5,N
260,552.89,699.30,3,E,5,W
261,572.24,699.60,3,E,5,W
228,598.10,699.90,2,W,5,W
145,472.18,700.20,1,W,5,W
149,517.92,700.50,1,W,5,W
158,637.35,700.70,1,W,2,E
155,620.15,700.70,1,W,2,W
73,656.54,702.80,1,S,1,W
74,658.60,703.10,1,S,1,W
78,673.64,703.40,1,S,1,W
80,676.86,703.70,1,S,1,W
197,597.53,715.36,1,E,5,E
72,654.50,715.60,1,S,1,E
79,675.92,715.90,1,S,1,E
236,525.31,721.44,2,E,5,N
146,490.39,721.74,1,W,5,N
147,509.07,722.04,1,W,5,N
148,515.25,722.34,1,W,5,N
247,606.41,729.77,3,W,5,N
153,576.47,737.37,1,W,3,E
201,698.30,760.49,1,E,3,W
324,682.92,765.44,5,W,5,N
325,685.98,765.74,5,W,5,N
326,715.79,766.04,5,W,5,N
327,717.93,766.34,5,W,5,N
328,719.98,766.64,5,W,5,N
329,720.04,766.94,5,W,5,N
330,745.31,767.24,5,W,5,N
331,747.39,767.54,5,W,5,N
332,749.19,767.84,5,W,5,N
333,769.75,775.88,5,W,5,N
357,759.90,779.44,5,E,5,N
263,677.73,799.20,3,E,5,W
64,568.40,799.50,1,S,5,W
66,575.83,799.80,1,S,5,W
68,586.48,800.10,1,S,5,W
159,647.75,800.40,1,W,5,W
88,790.91,805.04,1,S,1,W
238,678.77,815.20,2,E,5,E
152,572.95,815.50,1,W,5,E
93,804.10,818.23,1,S,1,E
63,566.41,821.34,1,S,5,N
65,572.62,821.64,1,S,5,N
69,590.09,821.94,1,S,5,N
70,592.68,822.24,1,S,5,N
237,625.18,822.54,2,E,5,N
151,572.75,822.84,1,W,5,N
154,579.63,823.14,1,W,5,N
156,623.73,823.44,1,W,5,N
157,626.52,823.74,1,W,5,N
160,650.87,824.04,1,W,5,N
161,654.25,824.34,1,W,5,N
198,618.98,824.64,1,E,5,N
199,648.04,824.94,1,E,5,N
200,659.69,825.24,1,E,5,N
264,772.71,828.34,3,E,5,E
248,734.00,829.57,3,W,5,N
249,742.60,829.87,3,W,5,N
92,801.91,844.52,1,S,2,W
106,839.21,853.35,1,S,1,E
334,799.29,865.34,5,W,5,N
335,799.44,865.64,5,W,5,N
336,805.08,865.94,5,W,5,N
337,808.60,866.24,5,W,5,N
338,811.30,866.54,5,W,5,N
339,814.90,866.84,5,W,5,N
340,818.74,867.14,5,W,5,N
341,843.89,867.44,5,W,5,N
342,859.80,867.74,5,W,5,N
358,868.11,879.34,5,E,5,N
89,794.33,898.20,1,S,3,W
202,698.98,899.10,1,E,5,W
203,702.10,899.40,1,E,5,W
75,668.83,899.70,1,S,5,W
76,670.06,900.00,1,S,5,W
77,670.34,900.30,1,S,5,W
240,757.22,900.60,2,E,5,W
162,685.36,900.90,1,W,5,W
163,688.79,901.20,1,W,5,W
164,696.45,901.50,1,W,5,W
166,754.17,901.80,1,W,5,W
97,809.23,903.60,1,S,1,W
100,822.82,903.90,1,S,1,W
107,843.14,904.20,1,S,1,W
112,856.09,904.50,1,S,1,W
108,846.69,916.40,1,S,1,E
81,680.16,921.24,1,S,5,N
82,683.16,921.54,1,S,5,N
239,715.80,921.84,2,E,5,N
229,782.13,922.14,2,W,5,N
165,708.22,922.44,1,W,5,N
167,757.25,922.74,1,W,5,N
204,718.58,923.04,1,E,5,N
250,850.26,923.23,3,W,5,E
205,722.08,923.34,1,E,5,N
206,743.08,923.64,1,E,5,N
265,870.91,932.68,3,E,5,N
266,872.92,934.69,3,E,5,N
103,834.03,938.47,1,S,3,E
267,897.04,999.00,3,E,5,W
85,786.12,999.30,1,S,5,W
241,802.24,999.60,2,E,5,W
98,812.21,999.90,1,S,5,W
101,826.24,1000.20,1,S,5,W
102,830.87,1000.50,1,S,5,W
169,804.42,1000.80,1,W,5,W
171,828.03,1001.10,1,W,5,W
172,828.94,1001.40,1,W,5,W
83,772.65,1021.14,1,S,5,N
84,782.75,1021.44,1,S,5,N
86,787.19,1021.74,1,S,5,N
87,789.87,1022.04,1,S,5,N
90,796.23,1022.34,1,S,5,N
91,799.22,1022.64,1,S,5,N
94,804.18,1022.94,1,S,5,N
95,804.43,1023.24,1,S,5,N
230,842.86,1023.54,2,W,5,N
242,888.83,1023.84,2,E,5,N
96,808.97,1024.14,1,S,5,N
99,819.92,1024.44,1,S,5,N
104,837.34,1024.74,1,S,5,N
105,838.92,1025.04,1,S,5,N
168,802.38,1025.34,1,W,5,N
170,821.50,1025.64,1,W,5,N
173,842.48,1025.94,1,W,5,N
174,845.30,1026.24,1,W,5,N
207,864.46,1026.54,1,E,5,N
208,866.60,1026.84,1,E,5,N
209,880.50,1027.14,1,E,5,N
210,886.71,1027.44,1,E,5,N
211,895.17,1027.74,1,E,5,N
212,896.24,1028.04,1,E,5,N
175,878.62,1037.07,1,W,3,W
116,864.31,1098.90,1,S,5,W
176,879.84,1099.20,1,W,5,W
177,882.82,1099.50,1,W,5,W
109,849.15,1121.04,1,S,5,N
110,850.29,1121.34,1,S,5,N
111,853.89,1121.64,1,S,5,N
113,857.57,1121.94,1,S,5,N
114,861.06,1122.24,1,S,5,N
115,864.23,1122.54,1,S,5,N
117,868.25,1122.84,1,S,5,N
178,884.69,1123.14,1,W,5,N
179,888.61,1123.44,1,W,5,N