id,enter_time,exit_time,entrance_intersection,entrance_direction,exit_intersection,exit_direction
204,4.35,66.14,5,W,5,N
205,7.65,66.44,5,W,5,N
206,15.53,66.74,5,W,5,N
255,19.43,80.14,5,E,5,N
2,3.87,99.80,1,S,3,W
62,11.75,100.10,1,W,2,E
5,8.13,100.40,1,S,1,W
8,78.50,100.70,1,S,1,W
9,80.82,101.00,1,S,1,W
174,51.73,130.97,3,W,5,N
4,7.48,136.47,1,S,3,W
112,14.54,138.87,1,E,3,W
13,94.72,140.52,1,S,2,E
175,82.24,144.01,3,W,5,N
176,86.69,148.46,3,W,5,N
207,82.24,166.04,5,W,5,N
208,86.00,166.34,5,W,5,N
209,89.43,166.64,5,W,5,N
210,103.69,166.94,5,W,5,N
211,120.27,167.24,5,W,5,N
256,152.39,180.04,5,E,5,N
0,1.21,199.80,1,S,5,W
149,29.03,200.10,2,W,5,W
162,89.33,200.40,2,E,5,W
6,10.22,200.70,1,S,5,W
14,160.28,200.80,1,S,1,W
59,2.80,201.00,1,W,5,W
61,8.94,201.30,1,W,5,W
65,63.73,201.60,1,W,5,W
113,19.99,201.90,1,E,5,W
115,52.61,202.20,1,E,5,W
118,78.55,202.50,1,E,5,W
1,3.66,221.94,1,S,5,N
3,7.40,222.24,1,S,5,N
60,6.63,222.54,1,W,5,N
63,55.64,222.84,1,W,5,N
64,61.67,223.14,1,W,5,N
114,41.30,223.44,1,E,5,N
116,56.55,223.74,1,E,5,N
117,76.24,224.04,1,E,5,N
186,104.55,230.77,3,E,5,N
177,120.72,231.07,3,W,5,N
119,108.11,238.07,1,E,3,W
212,206.75,265.94,5,W,5,N
213,210.06,266.24,5,W,5,N
214,211.32,266.54,5,W,5,N
257,199.82,279.94,5,E,5,N
258,226.14,280.24,5,E,5,N
124,263.11,300.30,1,E,2,W
17,269.82,301.20,1,S,1,W
23,288.16,302.30,1,S,1,W
120,111.92,315.70,1,E,5,E
7,77.74,321.84,1,S,5,N
10,82.00,322.14,1,S,5,N
11,85.00,322.44,1,S,5,N
12,93.20,322.74,1,S,5,N
163,179.99,323.04,2,E,5,N
66,70.41,323.34,1,W,5,N
67,109.29,323.64,1,W,5,N
68,114.34,323.94,1,W,5,N
69,114.76,324.24,1,W,5,N
70,148.70,324.54,1,W,5,N
71,155.04,324.84,1,W,5,N
187,205.10,330.57,3,E,5,N
75,190.21,337.27,1,W,3,E
79,223.45,338.47,1,W,3,W
81,245.65,339.07,1,W,3,E
121,219.89,339.37,1,E,3,E
215,287.43,365.84,5,W,5,N
216,315.65,366.14,5,W,5,N
217,318.92,366.44,5,W,5,N
218,323.15,366.74,5,W,5,N
219,326.33,367.04,5,W,5,N
220,342.94,367.34,5,W,5,N
221,369.72,375.86,5,W,5,N
259,328.10,379.84,5,E,5,N
260,329.84,380.14,5,E,5,N
261,337.62,380.44,5,E,5,N
262,343.91,380.74,5,E,5,N
263,348.20,381.04,5,E,5,N
24,296.47,399.20,1,S,3,W
178,222.58,399.60,3,W,5,W
188,295.27,399.90,3,E,5,W
73,186.92,400.20,1,W,5,W
74,188.10,400.50,1,W,5,W
26,394.72,408.85,1,S,1,W
150,215.01,421.74,2,W,5,N
151,218.50,422.04,2,W,5,N
164,278.81,422.34,2,E,5,N
152,280.32,422.64,2,W,5,N
72,184.18,422.94,1,W,5,N
76,190.30,423.24,1,W,5,N
77,208.00,423.54,1,W,5,N
78,212.16,423.84,1,W,5,N
80,245.37,424.14,1,W,5,N
122,241.41,424.44,1,E,5,N
123,245.85,424.74,1,E,5,N
125,274.17,425.04,1,E,5,N
179,352.07,430.37,3,W,5,N
83,290.10,436.77,1,W,3,W
189,388.98,450.75,3,E,5,N
190,391.29,453.06,3,E,5,N
222,373.71,465.74,5,W,5,N
223,407.50,466.04,5,W,5,N
264,445.32,479.74,5,E,5,N
180,387.63,499.50,3,W,5,W
191,394.64,499.80,3,E,5,W
18,273.59,500.10,1,S,5,W
25,296.80,500.40,1,S,5,W
90,398.17,500.50,1,W,2,W
153,336.97,500.70,2,W,5,W
82,282.25,501.00,1,W,5,W
85,294.09,501.30,1,W,5,W
87,350.82,501.60,1,W,5,W
15,259.84,521.64,1,S,5,N
16,267.26,521.94,1,S,5,N
19,281.36,522.24,1,S,5,N
20,281.88,522.54,1,S,5,N
21,283.67,522.84,1,S,5,N
22,286.88,523.14,1,S,5,N
165,327.64,523.44,2,E,5,N
84,290.81,523.74,1,W,5,N
86,299.76,524.04,1,W,5,N
88,354.01,524.34,1,W,5,N
126,330.98,524.64,1,E,5,N
127,368.46,524.94,1,E,5,N
128,374.59,525.24,1,E,5,N
192,418.28,530.17,3,E,5,N
193,420.91,530.47,3,E,5,N
195,427.84,531.07,3,E,5,N
196,430.39,531.37,3,E,5,N
92,434.09,537.17,1,W,3,W
132,488.00,550.19,1,E,3,E
224,485.16,565.64,5,W,5,N
225,488.03,565.94,5,W,5,N
226,490.90,566.24,5,W,5,N
227,505.57,566.54,5,W,5,N
228,506.77,566.84,5,W,5,N
229,526.88,567.14,5,W,5,N
230,531.64,567.44,5,W,5,N
231,532.64,567.74,5,W,5,N
232,534.81,568.04,5,W,5,N
233,535.69,568.34,5,W,5,N
234,537.70,568.64,5,W,5,N
235,551.74,568.94,5,W,5,N
236,567.00,573.14,5,W,5,N
237,568.13,574.26,5,W,5,N
265,552.90,579.64,5,E,5,N
266,566.86,579.94,5,E,5,N
267,584.87,591.00,5,E,5,N
194,423.87,599.40,3,E,5,W
154,416.62,599.70,2,W,5,W
155,440.91,600.00,2,W,5,W
157,490.67,600.30,2,W,5,W
91,431.41,600.60,1,W,5,W
31,558.35,602.40,1,S,1,W
131,484.69,602.52,1,E,5,W
36,574.97,602.70,1,S,1,W
38,578.03,603.00,1,S,1,W
43,593.25,607.39,1,S,1,W
27,397.90,621.54,1,S,5,N
28,399.12,621.84,1,S,5,N
166,417.02,622.14,2,E,5,N
156,462.34,622.44,2,W,5,N
167,486.91,622.74,2,E,5,N
89,383.32,623.04,1,W,5,N
93,466.01,623.34,1,W,5,N
129,403.50,623.64,1,E,5,N
130,410.46,623.94,1,E,5,N
181,500.00,629.97,3,W,5,N
238,582.83,665.54,5,W,5,N
239,583.44,665.84,5,W,5,N
240,590.54,666.14,5,W,5,N
241,593.98,666.44,5,W,5,N
242,596.07,666.74,5,W,5,N
243,611.44,667.04,5,W,5,N
244,614.94,667.34,5,W,5,N
245,644.64,667.64,5,W,5,N
246,645.24,667.94,5,W,5,N
268,688.60,694.74,5,E,5,N
269,690.58,696.72,5,E,5,N
39,578.45,698.60,1,S,3,W
197,522.54,699.30,3,E,5,W
97,561.08,699.60,1,W,5,W
136,578.22,699.90,1,E,5,W
137,589.44,707.26,1,E,5,W
138,592.63,710.45,1,E,5,W
169,669.20,712.87,2,E,3,E
135,566.28,715.30,1,E,5,E
29,477.84,721.44,1,S,5,N
158,548.91,721.74,2,W,5,N
168,574.12,722.04,2,E,5,N
94,508.72,722.34,1,W,5,N
95,512.19,722.64,1,W,5,N
96,554.33,722.94,1,W,5,N
133,543.31,723.24,1,E,5,N
134,548.38,723.54,1,E,5,N
182,603.05,729.77,3,W,5,N
50,731.78,745.91,1,S,1,E
247,707.39,765.44,5,W,5,N
248,708.74,765.74,5,W,5,N
270,790.63,796.76,5,E,5,N
271,792.69,798.82,5,E,5,N
198,630.93,799.20,3,E,5,W
199,633.99,799.50,3,E,5,W
32,558.41,799.80,1,S,5,W
34,570.93,800.10,1,S,5,W
37,576.74,800.40,1,S,5,W
40,582.90,800.70,1,S,5,W
51,733.32,803.20,1,S,1,W
41,587.53,815.20,1,S,5,E
144,791.93,818.05,1,E,2,W
30,555.04,821.34,1,S,5,N
33,562.24,821.64,1,S,5,N
35,571.15,821.94,1,S,5,N
42,589.66,822.24,1,S,5,N
98,599.82,822.54,1,W,5,N
99,600.39,822.84,1,W,5,N
100,638.82,823.14,1,W,5,N
183,750.31,829.57,3,W,5,N
55,820.35,834.49,1,S,1,E
249,788.70,865.34,5,W,5,N
250,791.96,865.64,5,W,5,N
251,795.39,865.94,5,W,5,N
252,801.39,866.24,5,W,5,N
253,814.48,866.54,5,W,5,N
254,816.51,866.84,5,W,5,N
139,699.23,899.10,1,E,5,W
200,711.65,899.40,3,E,5,W
44,656.96,899.70,1,S,5,W
159,735.12,900.00,2,W,5,W
160,757.35,900.30,2,W,5,W
172,760.55,900.60,2,E,5,W
101,685.33,900.90,1,W,5,W
102,714.43,901.20,1,W,5,W
103,717.48,901.50,1,W,5,W
104,761.32,901.80,1,W,5,W
140,712.71,902.10,1,E,5,W
141,733.09,902.40,1,E,5,W
52,810.95,903.60,1,S,1,W
57,824.25,903.90,1,S,1,W
58,890.56,904.70,1,S,1,W
161,816.80,913.07,2,W,3,E
173,855.45,913.37,2,E,3,E
171,730.72,915.10,2,E,5,E
47,725.30,915.40,1,S,5,E
45,660.31,921.24,1,S,5,N
46,663.59,921.54,1,S,5,N
170,710.57,921.84,2,E,5,N
48,725.40,922.14,1,S,5,N
49,728.90,922.44,1,S,5,N
142,745.26,922.74,1,E,5,N
143,756.91,923.04,1,E,5,N
203,814.31,923.83,3,E,5,E
107,811.60,938.47,1,W,3,W
145,826.17,939.67,1,E,3,W
185,896.66,958.43,3,W,5,N
184,858.20,999.00,3,W,5,W
201,807.82,999.30,3,E,5,W
202,810.31,999.60,3,E,5,W
56,823.80,999.90,1,S,5,W
105,805.28,1000.20,1,W,5,W
109,815.16,1000.50,1,W,5,W
53,814.73,1021.14,1,S,5,N
54,817.27,1021.44,1,S,5,N
106,809.21,1021.74,1,W,5,N
108,814.18,1022.04,1,W,5,N
110,848.34,1022.34,1,W,5,N
146,838.16,1022.64,1,E,5,N
147,842.16,1022.94,1,E,5,N
148,890.12,1023.24,1,E,5,N
111,878.64,1098.90,1,W,5,W