id,enter_time,exit_time,entrance_intersection,entrance_direction,exit_intersection,exit_direction
6,30.52,44.66,1,S,1,E
265,2.35,66.14,5,W,5,N
266,4.58,66.44,5,W,5,N
267,32.02,66.74,5,W,5,N
268,36.97,67.04,5,W,5,N
269,40.96,67.34,5,W,5,N
270,41.32,67.64,5,W,5,N
271,46.95,67.94,5,W,5,N
272,50.60,68.24,5,W,5,N
332,6.07,80.14,5,E,5,N
333,17.50,80.44,5,E,5,N
4,12.01,100.40,1,S,1,W
7,33.53,100.70,1,S,1,W
8,35.57,101.00,1,S,1,W
243,25.03,131.27,3,E,5,N
165,39.62,138.27,1,E,3,W
170,94.46,156.65,1,E,3,W
273,118.87,166.04,5,W,5,N
274,119.09,166.34,5,W,5,N
275,151.88,166.64,5,W,5,N
276,169.92,176.06,5,W,5,N
334,108.77,180.04,5,E,5,N
335,120.09,180.34,5,E,5,N
10,39.94,199.60,1,S,3,W
242,2.93,199.80,3,E,5,W
193,58.68,200.10,2,W,5,W
171,151.44,200.20,1,E,2,W
5,26.75,200.40,1,S,5,W
94,23.37,200.70,1,W,5,W
13,182.13,200.80,1,S,1,W
95,42.77,201.00,1,W,5,W
167,44.60,201.30,1,E,5,W
15,190.83,204.97,1,S,1,W
0,1.17,215.80,1,S,5,E
1,2.71,221.94,1,S,5,N
209,48.41,222.24,2,E,5,N
194,81.23,222.54,2,W,5,N
2,5.29,222.84,1,S,5,N
3,8.17,223.14,1,S,5,N
93,15.66,223.44,1,W,5,N
164,36.37,223.74,1,E,5,N
166,44.11,224.04,1,E,5,N
168,89.10,224.34,1,E,5,N
169,91.48,224.64,1,E,5,N
223,109.44,230.77,3,W,5,N
245,150.89,231.07,3,E,5,N
224,150.76,231.37,3,W,5,N
246,188.89,250.66,3,E,5,N
225,196.42,252.06,3,W,5,E
277,229.96,265.94,5,W,5,N
278,242.49,266.24,5,W,5,N
279,244.25,266.54,5,W,5,N
280,248.72,266.84,5,W,5,N
281,262.87,269.00,5,W,5,N
336,227.69,279.94,5,E,5,N
244,137.21,299.70,3,E,5,W
195,108.46,300.00,2,W,5,W
106,196.02,300.30,1,W,2,W
199,180.59,300.30,2,W,5,W
97,81.84,300.60,1,W,5,W
101,159.04,300.90,1,W,5,W
19,266.57,301.20,1,S,1,W
20,270.49,301.50,1,S,1,W
21,271.30,301.80,1,S,1,W
9,39.17,321.84,1,S,5,N
11,44.28,322.14,1,S,5,N
210,143.39,322.44,2,E,5,N
196,136.61,322.74,2,W,5,N
197,146.69,323.04,2,W,5,N
198,152.33,323.34,2,W,5,N
211,190.08,323.64,2,E,5,N
12,109.95,323.94,1,S,5,N
96,76.34,324.24,1,W,5,N
226,242.48,324.43,3,W,5,E
98,85.00,324.54,1,W,5,N
247,206.73,324.73,3,E,5,E
99,117.32,324.84,1,W,5,N
100,122.33,325.14,1,W,5,N
248,286.98,348.75,3,E,5,N
227,290.06,351.83,3,W,5,N
249,290.30,352.07,3,E,5,N
282,294.23,365.84,5,W,5,N
283,351.32,366.14,5,W,5,N
284,366.10,372.24,5,W,5,N
285,368.53,374.66,5,W,5,N
337,331.58,379.84,5,E,5,N
228,296.65,399.60,3,W,5,W
104,190.19,399.90,1,W,5,W
108,261.16,400.20,1,W,5,W
172,204.37,400.50,1,E,5,W
27,358.99,401.60,1,S,1,W
28,361.73,401.90,1,S,1,W
31,364.95,402.20,1,S,1,W
32,366.53,402.50,1,S,1,W
33,375.44,402.80,1,S,1,W
14,187.25,421.74,1,S,5,N
16,191.64,422.04,1,S,5,N
212,280.01,422.34,2,E,5,N
102,165.55,422.64,1,W,5,N
103,182.22,422.94,1,W,5,N
105,193.23,423.24,1,W,5,N
107,229.60,423.54,1,W,5,N
250,370.59,432.36,3,E,5,N
111,289.70,437.07,1,W,3,W
175,312.98,439.77,1,E,3,E
286,374.34,465.74,5,W,5,N
287,377.78,466.04,5,W,5,N
288,380.12,466.34,5,W,5,N
289,381.71,466.64,5,W,5,N
290,384.94,466.94,5,W,5,N
291,388.42,467.24,5,W,5,N
292,392.06,467.54,5,W,5,N
293,395.20,467.84,5,W,5,N
294,468.42,474.56,5,W,5,N
338,439.13,479.74,5,E,5,N
30,362.59,499.00,1,S,3,E
36,385.71,499.00,1,S,3,W
173,297.90,499.50,1,E,5,W
22,272.10,499.80,1,S,5,W
25,276.15,500.10,1,S,5,W
214,343.84,500.40,2,E,5,W
177,441.92,500.50,1,E,2,W
109,267.75,500.70,1,W,5,W
110,275.28,501.00,1,W,5,W
114,336.51,501.30,1,W,5,W
116,346.22,501.60,1,W,5,W
118,355.25,501.90,1,W,5,W
202,430.46,512.67,2,W,3,E
17,258.54,521.64,1,S,5,N
18,264.39,521.94,1,S,5,N
23,272.43,522.24,1,S,5,N
24,272.77,522.54,1,S,5,N
200,372.64,522.84,2,W,5,N
213,304.68,523.14,2,E,5,N
201,375.86,523.44,2,W,5,N
112,296.50,523.74,1,W,5,N
113,334.87,524.04,1,W,5,N
115,343.33,524.34,1,W,5,N
117,349.13,524.64,1,W,5,N
174,307.86,524.94,1,E,5,N
176,366.11,525.24,1,E,5,N
229,408.22,530.17,3,W,5,N
251,468.47,530.24,3,E,5,N
252,472.26,534.03,3,E,5,N
119,397.71,536.57,1,W,3,E
124,439.90,538.07,1,W,3,W
125,442.68,538.37,1,W,3,E
126,444.43,538.67,1,W,3,E
128,449.60,539.27,1,W,3,W
295,483.61,565.64,5,W,5,N
296,484.88,565.94,5,W,5,N
297,487.47,566.24,5,W,5,N
298,502.87,566.54,5,W,5,N
299,506.41,566.84,5,W,5,N
300,511.12,567.14,5,W,5,N
301,526.38,567.44,5,W,5,N
302,527.13,567.74,5,W,5,N
339,546.75,579.64,5,E,5,N
340,552.58,579.94,5,E,5,N
230,459.71,599.40,3,W,5,W
231,474.53,599.70,3,W,5,W
253,475.37,600.00,3,E,5,W
26,347.35,600.30,1,S,5,W
29,361.99,600.60,1,S,5,W
134,553.73,600.60,1,W,2,W
37,391.34,600.90,1,S,5,W
215,431.42,601.20,2,E,5,W
216,496.97,601.50,2,E,5,W
120,431.26,601.80,1,W,5,W
127,447.04,602.10,1,W,5,W
47,567.48,602.40,1,S,1,W
48,567.49,615.20,1,S,1,E
123,437.73,615.40,1,W,5,E
34,380.78,621.54,1,S,5,N
35,384.16,621.84,1,S,5,N
121,431.47,622.14,1,W,5,N
122,435.21,622.44,1,W,5,N
178,453.58,622.74,1,E,5,N
255,527.90,624.13,3,E,5,E
254,501.16,629.97,3,E,5,N
256,530.41,630.57,3,E,5,N
303,581.73,665.54,5,W,5,N
304,585.40,665.84,5,W,5,N
305,588.86,666.14,5,W,5,N
306,601.25,666.44,5,W,5,N
307,604.75,666.74,5,W,5,N
308,608.20,667.04,5,W,5,N
309,610.01,667.34,5,W,5,N
310,624.48,667.64,5,W,5,N
311,624.84,667.94,5,W,5,N
312,624.87,668.24,5,W,5,N
313,639.04,668.54,5,W,5,N
341,686.05,692.18,5,E,5,N
342,687.67,693.80,5,E,5,N
232,500.01,699.30,3,W,5,W
38,471.27,699.60,1,S,5,W
43,494.60,699.90,1,S,5,W
130,496.45,700.20,1,W,5,W
133,553.51,700.50,1,W,5,W
53,621.32,700.70,1,S,2,E
179,523.93,700.80,1,E,5,W
136,590.42,701.00,1,W,2,E
54,623.81,702.80,1,S,1,W
55,693.90,708.04,1,S,1,W
58,697.13,711.27,1,S,1,W
218,669.58,712.87,2,E,3,E
132,520.34,715.30,1,W,5,E
180,600.09,717.91,1,E,5,E
39,475.32,721.44,1,S,5,N
40,481.12,721.74,1,S,5,N
41,482.41,722.04,1,S,5,N
42,483.68,722.34,1,S,5,N
203,502.39,722.64,2,W,5,N
217,586.65,722.94,2,E,5,N
129,480.77,723.24,1,W,5,N
131,499.00,723.54,1,W,5,N
233,606.78,729.77,3,W,5,N
258,648.77,730.07,3,E,5,N
234,616.78,730.37,3,W,5,N
135,586.81,736.77,1,W,3,E
259,684.35,746.12,3,E,5,N
314,723.79,765.44,5,W,5,N
315,741.62,765.74,5,W,5,N
316,745.06,766.04,5,W,5,N
317,745.32,766.34,5,W,5,N
318,749.53,766.64,5,W,5,N
319,751.99,766.94,5,W,5,N
320,756.01,767.24,5,W,5,N
321,758.45,767.54,5,W,5,N
322,759.71,767.84,5,W,5,N
323,766.01,772.15,5,W,5,N
324,769.19,775.32,5,W,5,N
343,746.69,779.44,5,E,5,N
344,756.92,779.74,5,E,5,N
345,762.24,780.04,5,E,5,N
346,776.13,782.27,5,E,5,N
257,635.11,799.20,3,E,5,W
235,647.92,799.50,3,W,5,W
51,572.39,799.80,1,S,5,W
204,676.26,800.10,2,W,5,W
140,625.76,800.40,1,W,5,W
143,650.74,800.70,1,W,5,W
144,653.08,801.00,1,W,5,W
145,656.33,801.30,1,W,5,W
148,664.39,801.60,1,W,5,W
182,655.60,801.90,1,E,5,W
64,718.36,803.20,1,S,1,W
70,793.91,808.04,1,S,1,W
44,558.96,815.20,1,S,5,E
137,590.91,815.50,1,W,5,E
139,618.83,815.80,1,W,5,E
72,797.76,816.00,1,S,1,E
146,659.15,816.10,1,W,5,E
181,637.96,816.40,1,E,5,E
45,561.65,821.34,1,S,5,N
46,564.03,821.64,1,S,5,N
49,568.21,821.94,1,S,5,N
50,571.35,822.24,1,S,5,N
52,573.02,822.54,1,S,5,N
219,695.59,822.84,2,E,5,N
138,615.44,823.14,1,W,5,N
141,626.72,823.44,1,W,5,N
142,647.13,823.74,1,W,5,N
147,662.07,824.04,1,W,5,N
183,683.30,824.34,1,E,5,N
261,709.34,829.87,3,E,5,N
262,727.13,830.17,3,E,5,N
237,771.21,832.98,3,W,5,N
238,774.38,836.15,3,W,5,N
65,720.77,837.77,1,S,3,E
67,723.30,838.37,1,S,3,E
68,724.36,838.67,1,S,3,E
149,667.50,839.27,1,W,3,W
84,826.58,840.71,1,S,1,E
187,748.38,841.67,1,E,3,E
188,755.35,841.97,1,E,3,W
263,789.31,851.08,3,E,5,N
239,795.69,857.46,3,W,5,N
325,790.69,865.34,5,W,5,N
326,801.44,865.64,5,W,5,N
327,822.10,865.94,5,W,5,N
328,846.33,866.24,5,W,5,N
329,847.43,866.54,5,W,5,N
330,866.42,872.56,5,W,5,N
260,706.31,899.10,3,E,5,W
236,768.37,899.40,3,W,5,W
56,694.42,899.70,1,S,5,W
57,694.48,900.00,1,S,5,W
59,699.40,900.30,1,S,5,W
205,750.54,900.60,2,W,5,W
62,713.75,900.90,1,S,5,W
82,821.69,900.90,1,S,2,W
63,716.78,901.20,1,S,5,W
83,824.80,901.20,1,S,2,W
150,670.08,901.50,1,W,5,W
152,735.37,901.80,1,W,5,W
184,703.39,902.10,1,E,5,W
186,713.10,902.40,1,E,5,W
73,803.08,903.60,1,S,1,W
78,818.66,903.90,1,S,1,W
80,820.15,904.20,1,S,1,W
88,837.58,904.50,1,S,1,W
90,852.23,904.80,1,S,1,W
92,861.36,905.10,1,S,1,W
220,783.10,915.10,2,E,5,E
153,740.32,915.40,1,W,5,E
89,844.68,916.40,1,S,1,E
60,703.11,921.24,1,S,5,N
61,706.19,921.54,1,S,5,N
66,722.88,921.84,1,S,5,N
69,726.79,922.14,1,S,5,N
151,695.84,922.44,1,W,5,N
185,706.69,922.74,1,E,5,N
264,863.13,929.37,3,E,5,N
240,805.21,929.67,3,W,5,N
241,839.06,929.97,3,W,5,N
74,811.04,936.97,1,S,3,E
85,832.37,938.77,1,S,3,W
331,895.57,965.24,5,W,5,N
206,828.60,999.00,2,W,5,W
207,858.40,999.30,2,W,5,W
208,886.27,999.60,2,W,5,W
75,811.07,999.90,1,S,5,W
86,835.57,1000.20,1,S,5,W
154,780.05,1000.50,1,W,5,W
156,823.11,1000.80,1,W,5,W
159,856.28,1001.10,1,W,5,W
189,810.18,1001.40,1,E,5,W
190,813.71,1001.70,1,E,5,W
192,884.15,1001.97,1,E,5,W
160,858.29,1015.00,1,W,5,E
71,797.37,1021.14,1,S,5,N
221,855.72,1021.44,2,E,5,N
222,880.55,1021.74,2,E,5,N
76,812.70,1022.04,1,S,5,N
77,816.06,1022.34,1,S,5,N
79,819.10,1022.64,1,S,5,N
81,821.13,1022.94,1,S,5,N
87,836.79,1023.24,1,S,5,N
155,819.91,1023.54,1,W,5,N
157,850.06,1023.84,1,W,5,N
158,853.24,1024.14,1,W,5,N
191,866.47,1024.44,1,E,5,N
163,895.40,1037.67,1,W,3,W
91,857.84,1098.90,1,S,5,W
161,888.81,1114.90,1,W,5,E
162,892.38,1121.04,1,W,5,N