id,enter_time,exit_time,entrance_intersection,entrance_direction,exit_intersection,exit_direction
3,15.52,29.66,1,S,1,E
242,4.36,66.14,5,W,5,N
243,7.93,66.44,5,W,5,N
244,22.86,66.74,5,W,5,N
245,25.22,67.04,5,W,5,N
246,26.73,67.34,5,W,5,N
300,19.06,80.14,5,E,5,N
301,23.01,80.44,5,E,5,N
302,29.54,80.74,5,E,5,N
303,32.40,81.04,5,E,5,N
304,42.19,81.34,5,E,5,N
305,65.97,81.64,5,E,5,N
76,19.53,100.10,1,W,2,W
11,86.32,100.46,1,S,1,W
205,9.25,124.83,3,W,5,E
225,65.13,130.97,3,E,5,N
206,12.21,131.27,3,W,5,N
207,67.96,131.57,3,W,5,N
2,12.58,136.47,1,S,3,W
80,33.25,139.47,1,W,3,W
208,92.31,154.08,3,W,5,N
209,97.80,159.57,3,W,5,N
247,97.91,166.04,5,W,5,N
248,100.36,166.34,5,W,5,N
249,101.81,166.64,5,W,5,N
250,102.19,166.94,5,W,5,N
251,123.24,167.24,5,W,5,N
252,141.92,167.54,5,W,5,N
253,155.87,167.84,5,W,5,N
254,160.14,168.14,5,W,5,N
255,162.53,168.67,5,W,5,N
256,173.12,179.25,5,W,5,N
306,169.00,180.04,5,E,5,N
1,10.80,199.80,1,S,5,W
4,17.31,200.10,1,S,5,W
181,181.20,217.27,2,W,3,E
0,3.46,221.94,1,S,5,N
178,27.75,222.24,2,W,5,N
193,38.46,222.54,2,E,5,N
179,83.21,222.84,2,W,5,N
5,19.50,223.14,1,S,5,N
6,28.93,223.44,1,S,5,N
7,32.73,223.74,1,S,5,N
8,34.58,224.04,1,S,5,N
75,13.52,224.34,1,W,5,N
77,21.66,224.64,1,W,5,N
78,23.71,224.94,1,W,5,N
79,29.73,225.24,1,W,5,N
145,21.71,225.54,1,E,5,N
146,22.15,225.84,1,E,5,N
147,57.80,226.14,1,E,5,N
210,101.96,230.77,3,W,5,N
211,128.14,231.07,3,W,5,N
87,151.60,238.07,1,W,3,W
148,119.58,238.97,1,E,3,W
257,175.24,265.94,5,W,5,N
258,177.77,266.24,5,W,5,N
259,190.93,266.54,5,W,5,N
260,194.96,266.84,5,W,5,N
261,196.04,267.14,5,W,5,N
262,224.45,267.44,5,W,5,N
263,236.02,267.74,5,W,5,N
264,257.50,268.04,5,W,5,N
265,258.86,268.34,5,W,5,N
266,259.60,268.64,5,W,5,N
307,226.21,279.94,5,E,5,N
226,157.08,299.70,3,E,5,W
180,162.92,300.00,2,W,5,W
22,217.15,300.30,1,S,2,W
81,82.75,300.30,1,W,5,W
82,95.48,300.60,1,W,5,W
85,146.14,300.90,1,W,5,W
19,210.85,301.20,1,S,1,W
86,148.50,301.20,1,W,5,W
88,153.35,301.50,1,W,5,W
89,155.48,301.80,1,W,5,W
149,140.19,302.10,1,E,5,W
152,168.14,302.40,1,E,5,W
28,293.70,307.84,1,S,1,W
9,80.14,321.84,1,S,5,N
10,83.93,322.14,1,S,5,N
194,125.61,322.44,2,E,5,N
83,95.93,322.74,1,W,5,N
84,103.52,323.04,1,W,5,N
150,160.45,323.34,1,E,5,N
151,162.70,323.64,1,E,5,N
153,175.52,323.94,1,E,5,N
212,239.15,330.57,3,W,5,N
227,249.02,330.87,3,E,5,N
213,251.28,331.17,3,W,5,N
228,271.36,333.13,3,E,5,N
91,191.09,337.57,1,W,3,E
214,296.19,357.96,3,W,5,N
267,287.41,365.84,5,W,5,N
268,292.73,366.14,5,W,5,N
269,304.11,366.44,5,W,5,N
270,317.84,366.74,5,W,5,N
271,320.51,367.04,5,W,5,N
272,340.69,367.34,5,W,5,N
273,371.58,377.71,5,W,5,N
308,328.23,379.84,5,E,5,N
309,338.55,380.14,5,E,5,N
24,285.03,399.20,1,S,3,W
13,160.48,399.60,1,S,5,W
15,164.20,399.90,1,S,5,W
195,221.53,400.20,2,E,5,W
100,279.31,400.40,1,W,2,W
196,284.19,400.50,2,E,5,W
95,231.24,400.80,1,W,5,W
96,238.10,401.10,1,W,5,W
98,241.97,401.40,1,W,5,W
29,300.53,401.60,1,S,1,W
99,245.32,401.70,1,W,5,W
33,308.09,401.90,1,S,1,W
154,275.38,402.00,1,E,5,W
35,313.07,402.20,1,S,1,W
155,286.62,404.45,1,E,5,W
14,162.02,415.60,1,S,5,E
12,158.67,421.74,1,S,5,N
16,165.69,422.04,1,S,5,N
17,166.75,422.34,1,S,5,N
18,169.79,422.64,1,S,5,N
20,211.18,422.94,1,S,5,N
21,214.58,423.24,1,S,5,N
23,220.02,423.54,1,S,5,N
90,188.61,423.84,1,W,5,N
92,223.18,424.14,1,W,5,N
93,223.37,424.44,1,W,5,N
94,227.51,424.74,1,W,5,N
97,240.93,425.04,1,W,5,N
42,416.37,430.51,1,S,1,E
229,378.11,439.88,3,E,5,N
230,381.54,443.31,3,E,5,N
231,384.34,446.11,3,E,5,N
274,375.00,465.74,5,W,5,N
275,377.37,466.04,5,W,5,N
276,450.54,466.34,5,W,5,N
277,452.26,466.64,5,W,5,N
278,454.57,466.94,5,W,5,N
310,485.15,491.28,5,E,5,N
311,485.41,491.55,5,E,5,N
25,285.54,499.50,1,S,5,W
26,289.41,499.80,1,S,5,W
27,293.06,500.10,1,S,5,W
31,303.75,500.40,1,S,5,W
105,410.07,500.50,1,W,2,W
182,368.52,500.70,2,W,5,W
163,471.30,500.80,1,E,2,W
34,309.51,501.00,1,S,5,W
39,318.12,501.30,1,S,5,W
103,341.89,501.60,1,W,5,W
158,358.65,501.90,1,E,5,W
43,422.20,502.00,1,S,1,W
160,369.05,502.20,1,E,5,W
30,303.11,521.64,1,S,5,N
197,320.11,521.94,2,E,5,N
198,348.20,522.24,2,E,5,N
32,305.08,522.54,1,S,5,N
36,314.24,522.84,1,S,5,N
37,315.22,523.14,1,S,5,N
38,315.71,523.44,1,S,5,N
40,319.59,523.74,1,S,5,N
101,297.91,524.04,1,W,5,N
102,329.78,524.34,1,W,5,N
156,330.99,524.64,1,E,5,N
157,341.15,524.94,1,E,5,N
159,364.39,525.24,1,E,5,N
215,436.81,530.17,3,W,5,N
216,462.17,530.47,3,W,5,N
232,482.03,543.80,3,E,5,N
279,484.08,565.64,5,W,5,N
280,545.96,565.94,5,W,5,N
281,548.47,566.24,5,W,5,N
312,544.74,579.64,5,E,5,N
44,433.08,599.40,1,S,5,W
104,370.78,599.70,1,W,5,W
106,448.97,600.00,1,W,5,W
112,514.79,600.60,1,W,2,E
48,534.34,602.40,1,S,1,W
50,552.61,615.20,1,S,1,E
183,445.42,621.54,2,W,5,N
199,444.39,621.84,2,E,5,N
41,413.00,622.14,1,S,5,N
161,408.77,622.44,1,E,5,N
162,416.42,622.74,1,E,5,N
164,491.43,623.04,1,E,5,N
217,521.51,629.97,3,W,5,N
233,518.44,630.27,3,E,5,N
219,529.23,630.57,3,W,5,N
57,577.71,643.42,1,S,2,W
282,646.20,665.54,5,W,5,N
283,670.66,676.80,5,W,5,N
313,646.56,679.54,5,E,5,N
218,523.05,699.30,3,W,5,W
115,536.50,699.60,1,W,5,W
117,550.93,699.90,1,W,5,W
165,505.56,700.20,1,E,5,W
167,586.71,704.54,1,E,5,W
234,598.74,721.44,3,E,5,N
200,530.21,721.74,2,E,5,N
184,504.45,722.04,2,W,5,N
185,517.11,722.34,2,W,5,N
186,522.54,722.64,2,W,5,N
187,533.85,722.94,2,W,5,N
188,549.11,723.24,2,W,5,N
189,597.00,723.54,2,W,5,N
45,516.84,723.84,1,S,5,N
46,517.74,724.14,1,S,5,N
47,519.95,724.44,1,S,5,N
107,467.74,724.74,1,W,5,N
108,469.87,725.04,1,W,5,N
109,497.28,725.34,1,W,5,N
110,508.77,725.64,1,W,5,N
111,512.33,725.94,1,W,5,N
113,529.03,726.24,1,W,5,N
114,532.97,726.54,1,W,5,N
116,540.17,726.84,1,W,5,N
118,553.89,727.14,1,W,5,N
166,561.09,727.44,1,E,5,N
168,586.91,727.74,1,E,5,N
220,662.27,729.77,3,W,5,N
236,604.81,730.07,3,E,5,N
61,608.44,736.77,1,S,3,W
237,677.35,739.12,3,E,5,N
221,689.10,750.87,3,W,5,N
284,674.60,765.44,5,W,5,N
285,679.17,765.74,5,W,5,N
286,705.77,766.04,5,W,5,N
287,710.01,766.34,5,W,5,N
288,713.18,766.64,5,W,5,N
289,733.36,766.94,5,W,5,N
314,747.74,779.44,5,E,5,N
315,752.95,779.74,5,E,5,N
169,597.79,799.20,1,E,5,W
235,602.70,799.50,3,E,5,W
222,698.23,799.80,3,W,5,W
52,559.56,800.10,1,S,5,W
54,564.86,800.40,1,S,5,W
56,572.95,800.70,1,S,5,W
174,751.38,800.80,1,E,2,W
201,609.46,801.00,2,E,5,W
190,673.43,801.30,2,W,5,W
62,609.60,801.60,1,S,5,W
124,643.68,801.90,1,W,5,W
69,770.72,803.20,1,S,1,W
60,599.86,815.20,1,S,5,E
122,634.07,815.50,1,W,5,E
70,771.35,816.00,1,S,1,E
49,548.72,821.34,1,S,5,N
51,556.40,821.64,1,S,5,N
53,563.21,821.94,1,S,5,N
55,567.06,822.24,1,S,5,N
58,588.72,822.54,1,S,5,N
59,589.13,822.84,1,S,5,N
202,672.58,823.14,2,E,5,N
63,612.22,823.44,1,S,5,N
64,613.84,823.74,1,S,5,N
119,572.31,824.04,1,W,5,N
120,576.22,824.34,1,W,5,N
121,626.38,824.64,1,W,5,N
123,636.92,824.94,1,W,5,N
170,661.75,825.24,1,E,5,N
223,741.05,829.57,3,W,5,N
238,714.56,829.87,3,E,5,N
172,736.51,839.27,1,E,3,W
290,804.82,865.34,5,W,5,N
291,810.60,865.64,5,W,5,N
292,816.39,865.94,5,W,5,N
293,818.42,866.24,5,W,5,N
294,822.93,866.54,5,W,5,N
295,828.10,866.84,5,W,5,N
296,841.22,867.14,5,W,5,N
297,843.33,867.44,5,W,5,N
316,858.96,879.34,5,E,5,N
239,792.95,899.10,3,E,5,W
66,696.27,899.40,1,S,5,W
191,728.54,899.70,2,W,5,W
125,669.54,900.00,1,W,5,W
171,714.99,900.30,1,E,5,W
176,833.34,900.90,1,E,2,W
74,857.49,903.60,1,S,1,W
65,681.94,921.24,1,S,5,N
203,767.52,921.54,2,E,5,N
192,743.49,921.84,2,W,5,N
126,673.27,922.14,1,W,5,N
127,690.39,922.44,1,W,5,N
128,694.16,922.74,1,W,5,N
129,735.36,923.04,1,W,5,N
130,736.71,923.34,1,W,5,N
131,743.09,923.64,1,W,5,N
173,746.49,923.94,1,E,5,N
175,762.32,924.24,1,E,5,N
134,816.28,937.57,1,W,3,E
241,886.23,948.00,3,E,5,N
298,875.74,965.24,5,W,5,N
299,892.20,965.54,5,W,5,N
224,855.72,999.00,3,W,5,W
240,883.07,999.30,3,E,5,W
68,769.75,999.60,1,S,5,W
71,774.96,999.90,1,S,5,W
73,777.80,1000.20,1,S,5,W
132,781.96,1000.50,1,W,5,W
136,818.59,1000.80,1,W,5,W
177,879.65,1001.10,1,E,5,W
67,766.83,1021.14,1,S,5,N
72,776.09,1021.44,1,S,5,N
204,858.17,1021.74,2,E,5,N
133,784.09,1022.04,1,W,5,N
135,817.36,1022.34,1,W,5,N
137,849.12,1022.64,1,W,5,N
138,852.71,1022.94,1,W,5,N
139,856.41,1023.24,1,W,5,N
143,894.62,1037.97,1,W,3,E
141,889.25,1098.90,1,W,5,W
144,896.63,1099.20,1,W,5,W
140,872.19,1121.04,1,W,5,N
142,891.29,1121.34,1,W,5,N