id,enter_time,exit_time,entrance_intersection,entrance_direction,exit_intersection,exit_direction
276,13.22,66.14,5,W,5,N
277,13.47,66.44,5,W,5,N
278,27.97,66.74,5,W,5,N
335,54.93,80.14,5,E,5,N
336,74.97,81.10,5,E,5,N
190,13.63,100.10,1,E,2,W
3,13.39,100.10,1,S,2,E
2,8.32,100.40,1,S,1,W
11,91.29,105.43,1,S,1,W
13,94.16,108.30,1,S,1,W
245,3.88,130.97,3,W,5,N
114,48.77,137.67,1,W,3,W
116,53.94,138.27,1,W,3,W
279,107.60,166.04,5,W,5,N
280,139.80,166.34,5,W,5,N
281,154.13,166.64,5,W,5,N
282,155.05,166.94,5,W,5,N
283,170.61,176.75,5,W,5,N
0,3.34,199.80,1,S,5,W
217,61.32,200.10,2,W,5,W
19,111.12,200.20,1,S,2,W
1,6.08,200.40,1,S,5,W
117,56.97,200.70,1,W,5,W
21,117.29,200.80,1,S,1,W
189,11.49,201.00,1,E,5,W
22,120.06,201.10,1,S,1,W
191,16.54,201.30,1,E,5,W
192,35.65,201.60,1,E,5,W
115,53.14,215.80,1,W,5,E
233,70.58,221.94,2,E,5,N
4,14.33,222.24,1,S,5,N
5,18.23,222.54,1,S,5,N
6,21.55,222.84,1,S,5,N
7,22.26,223.14,1,S,5,N
188,8.36,223.44,1,E,5,N
262,101.64,230.77,3,E,5,N
246,141.35,231.07,3,W,5,N
35,220.03,234.17,1,S,1,E
36,222.01,236.14,1,S,1,E
23,120.98,237.17,1,S,3,W
37,225.01,239.14,1,S,1,E
193,137.70,240.17,1,E,3,E
38,226.43,240.57,1,S,1,E
263,190.24,252.01,3,E,5,N
264,192.39,254.16,3,E,5,N
284,199.96,265.94,5,W,5,N
285,205.71,266.24,5,W,5,N
286,209.99,266.54,5,W,5,N
287,212.48,266.84,5,W,5,N
288,233.49,267.14,5,W,5,N
289,254.61,267.44,5,W,5,N
337,224.21,279.94,5,E,5,N
8,83.51,299.70,1,S,5,W
9,87.08,300.00,1,S,5,W
31,211.75,300.30,1,S,2,E
127,218.82,300.30,1,W,2,W
14,97.79,300.30,1,S,5,W
33,218.60,300.60,1,S,2,E
16,104.01,300.60,1,S,5,W
235,189.02,300.90,2,E,5,W
48,265.41,301.20,1,S,1,W
18,107.87,301.20,1,S,5,W
50,271.38,301.50,1,S,1,W
121,153.88,301.50,1,W,5,W
195,173.84,301.80,1,E,5,W
200,276.91,303.02,1,E,2,W
46,257.74,314.00,1,S,1,E
26,127.66,315.70,1,S,5,E
198,188.48,316.00,1,E,5,E
10,89.22,321.84,1,S,5,N
12,93.10,322.14,1,S,5,N
15,101.04,322.44,1,S,5,N
234,157.98,322.74,2,E,5,N
218,138.45,323.04,2,W,5,N
17,104.55,323.34,1,S,5,N
20,114.31,323.64,1,S,5,N
24,122.77,323.94,1,S,5,N
25,123.08,324.24,1,S,5,N
27,128.26,324.54,1,S,5,N
118,99.06,324.84,1,W,5,N
222,288.81,324.88,2,W,3,W
119,138.54,325.14,1,W,5,N
120,150.87,325.44,1,W,5,N
122,157.58,325.74,1,W,5,N
194,144.05,326.04,1,E,5,N
196,178.97,326.34,1,E,5,N
197,183.70,326.64,1,E,5,N
39,233.67,337.27,1,S,3,E
247,276.79,338.56,3,W,5,N
130,236.20,339.37,1,W,3,W
248,279.73,341.50,3,W,5,N
290,331.35,365.84,5,W,5,N
291,348.95,366.14,5,W,5,N
292,352.07,366.44,5,W,5,N
293,353.83,366.74,5,W,5,N
338,320.46,379.84,5,E,5,N
29,199.15,399.60,1,S,5,W
221,274.91,399.90,2,W,5,W
236,282.74,400.20,2,E,5,W
30,209.39,400.50,1,S,5,W
124,172.79,400.80,1,W,5,W
126,214.93,401.10,1,W,5,W
128,225.57,401.40,1,W,5,W
62,369.26,401.60,1,S,1,W
129,228.87,401.70,1,W,5,W
64,372.71,401.90,1,S,1,W
131,258.42,402.00,1,W,5,W
132,265.43,402.30,1,W,5,W
28,198.63,421.74,1,S,5,N
219,210.49,422.04,2,W,5,N
220,227.98,422.34,2,W,5,N
223,296.27,422.64,2,W,5,N
32,214.00,422.94,1,S,5,N
34,218.94,423.24,1,S,5,N
123,170.10,423.54,1,W,5,N
125,175.09,423.84,1,W,5,N
199,219.56,424.14,1,E,5,N
201,285.48,424.44,1,E,5,N
250,329.19,430.67,3,W,5,N
251,336.68,430.97,3,W,5,N
252,348.72,431.27,3,W,5,N
253,380.52,442.29,3,W,5,N
61,362.36,443.22,1,S,2,E
254,390.87,452.64,3,W,5,N
294,423.80,465.74,5,W,5,N
295,424.23,466.04,5,W,5,N
296,445.51,466.34,5,W,5,N
339,408.25,479.74,5,E,5,N
340,441.09,480.04,5,E,5,N
341,452.06,480.34,5,E,5,N
63,369.93,499.00,1,S,3,W
65,374.16,499.30,1,S,3,W
249,323.49,499.50,3,W,5,W
265,303.14,499.80,3,E,5,W
40,247.84,500.10,1,S,5,W
49,268.47,500.40,1,S,5,W
134,296.99,500.70,1,W,5,W
41,251.33,515.50,1,S,5,E
133,268.53,515.80,1,W,5,E
203,355.45,516.10,1,E,5,E
42,251.34,521.64,1,S,5,N
43,251.86,521.94,1,S,5,N
44,253.51,522.24,1,S,5,N
45,254.61,522.54,1,S,5,N
47,260.04,522.84,1,S,5,N
237,370.73,523.14,2,E,5,N
224,347.13,523.44,2,W,5,N
51,336.49,523.74,1,S,5,N
135,316.80,524.04,1,W,5,N
136,348.32,524.34,1,W,5,N
137,351.27,524.64,1,W,5,N
138,354.06,524.94,1,W,5,N
139,356.68,525.24,1,W,5,N
140,360.55,525.54,1,W,5,N
141,362.52,525.84,1,W,5,N
202,302.06,526.14,1,E,5,N
204,358.40,526.44,1,E,5,N
205,386.46,526.74,1,E,5,N
266,419.25,530.17,3,E,5,N
267,487.99,549.76,3,E,5,N
268,490.11,551.88,3,E,5,N
297,538.30,565.64,5,W,5,N
298,553.46,565.94,5,W,5,N
299,555.79,566.24,5,W,5,N
300,558.25,566.54,5,W,5,N
301,562.10,568.23,5,W,5,N
302,566.02,572.16,5,W,5,N
303,568.41,574.55,5,W,5,N
304,571.34,577.48,5,W,5,N
342,506.36,579.64,5,E,5,N
343,509.07,579.94,5,E,5,N
344,510.19,580.24,5,E,5,N
345,522.18,580.54,5,E,5,N
346,533.19,580.84,5,E,5,N
66,467.35,598.80,1,S,3,W
52,339.42,599.40,1,S,5,W
56,349.55,599.70,1,S,5,W
58,358.05,600.00,1,S,5,W
60,359.64,600.30,1,S,5,W
146,425.49,600.60,1,W,5,W
148,440.78,600.90,1,W,5,W
150,445.97,601.20,1,W,5,W
207,464.99,601.50,1,E,5,W
74,566.34,615.20,1,S,1,E
59,358.97,615.40,1,S,5,E
77,572.95,615.50,1,S,1,E
225,414.85,615.70,2,W,5,E
79,579.63,615.80,1,S,1,E
238,439.96,616.00,2,E,5,E
53,339.83,621.54,1,S,5,N
54,345.24,621.84,1,S,5,N
55,348.67,622.14,1,S,5,N
57,355.71,622.44,1,S,5,N
226,438.58,622.74,2,W,5,N
227,457.40,623.04,2,W,5,N
228,478.14,623.34,2,W,5,N
142,382.29,623.64,1,W,5,N
143,386.07,623.94,1,W,5,N
144,389.26,624.24,1,W,5,N
145,422.33,624.54,1,W,5,N
147,436.93,624.84,1,W,5,N
149,443.60,625.14,1,W,5,N
206,451.33,625.44,1,E,5,N
255,539.73,629.97,3,W,5,N
269,572.31,634.08,3,E,5,N
209,592.52,654.70,1,E,3,E
305,574.28,665.54,5,W,5,N
306,595.89,665.84,5,W,5,N
307,598.72,666.14,5,W,5,N
308,604.55,666.44,5,W,5,N
309,610.64,666.74,5,W,5,N
310,614.37,667.04,5,W,5,N
311,615.23,667.34,5,W,5,N
312,617.28,667.64,5,W,5,N
313,621.67,667.94,5,W,5,N
347,674.76,680.89,5,E,5,N
348,692.48,698.61,5,E,5,N
152,484.13,699.30,1,W,5,W
154,488.20,699.60,1,W,5,W
158,548.64,699.90,1,W,5,W
159,551.82,700.20,1,W,5,W
88,602.04,700.70,1,S,2,W
162,600.53,701.00,1,W,2,W
90,654.26,702.80,1,S,1,W
240,595.48,715.30,2,E,5,E
96,677.15,715.60,1,S,1,E
239,521.48,721.44,2,E,5,N
151,477.51,721.74,1,W,5,N
153,486.54,722.04,1,W,5,N
155,522.96,722.34,1,W,5,N
156,524.94,722.64,1,W,5,N
157,545.36,722.94,1,W,5,N
160,554.43,723.24,1,W,5,N
208,517.59,723.54,1,E,5,N
257,601.28,730.07,3,W,5,N
161,593.82,738.27,1,W,3,W
166,643.55,739.47,1,W,3,E
270,682.73,744.50,3,E,5,N
314,694.25,765.44,5,W,5,N
315,697.12,765.74,5,W,5,N
316,726.00,766.04,5,W,5,N
317,729.37,766.34,5,W,5,N
318,735.11,766.64,5,W,5,N
319,738.12,766.94,5,W,5,N
320,741.18,767.24,5,W,5,N
321,746.06,767.54,5,W,5,N
322,771.91,778.05,5,W,5,N
256,599.73,799.20,3,W,5,W
67,548.41,799.50,1,S,5,W
71,555.71,799.80,1,S,5,W
78,576.48,800.10,1,S,5,W
84,591.14,800.40,1,S,5,W
89,604.62,800.70,1,S,5,W
167,683.32,800.80,1,W,2,W
163,632.17,801.00,1,W,5,W
171,696.82,801.10,1,W,2,W
165,636.85,801.30,1,W,5,W
99,749.19,803.20,1,S,1,W
100,752.77,803.50,1,S,1,W
101,755.70,803.80,1,S,1,W
231,705.62,812.97,2,W,3,W
68,552.16,821.34,1,S,5,N
69,552.22,821.64,1,S,5,N
70,552.55,821.94,1,S,5,N
72,559.43,822.24,1,S,5,N
73,561.12,822.54,1,S,5,N
75,568.25,822.84,1,S,5,N
76,570.50,823.14,1,S,5,N
80,582.58,823.44,1,S,5,N
81,584.78,823.74,1,S,5,N
82,585.06,824.04,1,S,5,N
83,587.46,824.34,1,S,5,N
241,631.25,824.64,2,E,5,N
229,634.96,824.94,2,W,5,N
230,663.73,825.24,2,W,5,N
85,593.50,825.54,1,S,5,N
86,594.16,825.84,1,S,5,N
87,598.07,826.14,1,S,5,N
164,634.66,826.44,1,W,5,N
210,619.42,826.74,1,E,5,N
258,736.10,829.57,3,W,5,N
273,776.27,838.04,3,E,5,N
212,746.21,840.17,1,E,3,E
274,796.12,857.89,3,E,5,N
323,825.78,865.34,5,W,5,N
324,829.33,865.64,5,W,5,N
325,845.11,865.94,5,W,5,N
326,849.02,866.24,5,W,5,N
327,851.94,866.54,5,W,5,N
328,853.90,866.84,5,W,5,N
329,859.77,867.14,5,W,5,N
330,861.21,867.34,5,W,5,N
331,862.39,868.52,5,W,5,N
332,869.01,875.14,5,W,5,N
333,871.08,877.21,5,W,5,N
349,834.75,879.34,5,E,5,N
350,887.88,894.02,5,E,5,N
98,745.40,898.20,1,S,3,W
271,698.62,899.10,3,E,5,W
272,773.55,899.40,3,E,5,W
97,679.83,899.70,1,S,5,W
242,728.05,900.00,2,E,5,W
232,785.21,900.30,2,W,5,W
169,691.08,900.60,1,W,5,W
174,719.09,900.90,1,W,5,W
176,728.98,901.20,1,W,5,W
103,852.42,903.60,1,S,1,W
105,870.15,903.90,1,S,1,W
107,873.41,904.20,1,S,1,W
108,881.15,904.50,1,S,1,W
109,884.49,904.80,1,S,1,W
111,891.68,905.81,1,S,1,W
91,660.47,921.24,1,S,5,N
92,669.77,921.54,1,S,5,N
93,670.71,921.84,1,S,5,N
94,673.63,922.14,1,S,5,N
95,676.31,922.44,1,S,5,N
168,688.18,922.74,1,W,5,N
170,696.67,923.04,1,W,5,N
172,700.11,923.34,1,W,5,N
173,711.47,923.64,1,W,5,N
175,725.77,923.94,1,W,5,N
177,740.03,924.24,1,W,5,N
178,767.43,924.54,1,W,5,N
211,743.30,924.84,1,E,5,N
259,841.70,929.37,3,W,5,N
261,876.54,938.31,3,W,5,N
214,858.55,939.07,1,E,3,E
334,892.67,965.24,5,W,5,N
260,872.56,999.00,3,W,5,W
275,885.91,999.30,3,E,5,W
244,889.51,999.60,2,E,5,W
179,770.52,999.90,1,W,5,W
180,818.84,1000.20,1,W,5,W
182,822.88,1000.50,1,W,5,W
215,860.80,1000.80,1,E,5,W
243,815.87,1021.14,2,E,5,N
181,819.33,1021.44,1,W,5,N
183,845.71,1021.74,1,W,5,N
184,847.74,1022.04,1,W,5,N
213,823.11,1022.34,1,E,5,N
216,880.40,1022.64,1,E,5,N
104,866.44,1098.90,1,S,5,W
185,889.25,1099.20,1,W,5,W
186,891.87,1099.50,1,W,5,W
102,850.92,1121.04,1,S,5,N
106,870.19,1121.34,1,S,5,N
110,888.50,1121.64,1,S,5,N
112,892.49,1121.94,1,S,5,N
113,894.21,1122.24,1,S,5,N
187,899.24,1122.54,1,W,5,N