id,enter_time,exit_time,entrance_intersection,entrance_direction,exit_intersection,exit_direction
256,6.72,66.14,5,W,5,N
257,11.31,66.44,5,W,5,N
258,16.13,66.74,5,W,5,N
259,18.22,67.04,5,W,5,N
260,19.54,67.34,5,W,5,N
261,21.34,67.64,5,W,5,N
262,51.62,67.94,5,W,5,N
263,65.69,71.82,5,W,5,N
264,70.30,76.44,5,W,5,N
319,58.82,80.14,5,E,5,N
0,3.63,100.40,1,S,1,W
5,78.41,100.70,1,S,1,W
1,64.53,113.20,1,S,1,E
101,20.29,136.17,1,W,3,E
240,81.85,143.62,3,E,5,N
265,74.25,166.04,5,W,5,N
266,143.09,166.34,5,W,5,N
267,159.92,166.64,5,W,5,N
268,162.82,168.96,5,W,5,N
320,158.66,180.04,5,E,5,N
239,68.41,199.80,3,E,5,W
103,57.72,200.10,1,W,5,W
21,130.62,200.20,1,S,2,W
104,59.71,200.40,1,W,5,W
109,111.12,200.50,1,W,2,W
164,59.49,200.70,1,E,5,W
11,98.53,200.80,1,S,1,W
12,99.94,201.10,1,S,1,W
17,115.03,201.40,1,S,1,W
18,118.56,201.70,1,S,1,W
27,141.24,202.00,1,S,1,W
40,184.17,202.30,1,S,1,W
166,90.38,208.20,1,E,5,W
214,123.37,212.37,2,E,3,W
215,164.89,212.67,2,E,3,E
26,140.28,213.60,1,S,1,E
199,28.27,221.94,2,W,5,N
213,84.27,222.24,2,E,5,N
102,50.48,222.54,1,W,5,N
163,16.31,222.84,1,E,5,N
165,80.90,223.14,1,E,5,N
241,110.33,224.63,3,E,5,E
227,111.25,230.77,3,W,5,N
242,113.77,231.07,3,E,5,N
15,109.91,236.87,1,S,3,E
24,136.00,238.67,1,S,3,E
113,155.23,241.07,1,W,3,W
39,180.48,243.32,1,S,2,W
269,206.38,265.94,5,W,5,N
270,209.19,266.24,5,W,5,N
271,222.75,266.54,5,W,5,N
272,269.82,275.95,5,W,5,N
30,153.80,299.40,1,S,3,W
3,67.50,299.70,1,S,5,W
4,74.15,300.00,1,S,5,W
170,239.06,300.30,1,E,2,W
7,88.26,300.30,1,S,5,W
8,91.17,300.60,1,S,5,W
9,95.13,300.90,1,S,5,W
45,258.48,301.20,1,S,1,W
14,105.92,301.20,1,S,5,W
47,265.99,301.50,1,S,1,W
19,120.28,301.50,1,S,5,W
53,277.13,301.80,1,S,1,W
23,133.39,301.80,1,S,5,W
106,98.52,302.10,1,W,5,W
108,108.57,302.40,1,W,5,W
110,117.66,302.70,1,W,5,W
112,154.06,303.00,1,W,5,W
167,119.16,303.30,1,E,5,W
48,268.97,314.00,1,S,1,E
13,105.89,315.70,1,S,5,E
2,67.15,321.84,1,S,5,N
6,82.95,322.14,1,S,5,N
10,98.49,322.44,1,S,5,N
200,196.49,322.74,2,W,5,N
16,111.81,323.04,1,S,5,N
20,127.41,323.34,1,S,5,N
22,132.56,323.64,1,S,5,N
105,79.11,323.94,1,W,5,N
107,102.13,324.24,1,W,5,N
111,121.21,324.54,1,W,5,N
114,161.82,324.84,1,W,5,N
168,153.97,325.14,1,E,5,N
228,234.03,330.57,3,W,5,N
243,205.74,330.87,3,E,5,N
229,238.15,331.17,3,W,5,N
230,242.08,331.47,3,W,5,N
231,295.58,357.35,3,W,5,N
273,291.28,365.84,5,W,5,N
274,293.29,366.14,5,W,5,N
275,297.80,366.44,5,W,5,N
276,297.93,366.74,5,W,5,N
277,300.46,367.04,5,W,5,N
278,302.71,367.34,5,W,5,N
279,366.15,372.28,5,W,5,N
321,299.78,379.84,5,E,5,N
322,303.86,380.14,5,E,5,N
323,307.13,380.44,5,E,5,N
49,269.56,399.20,1,S,3,W
51,271.41,399.50,1,S,3,W
169,198.77,399.60,1,E,5,W
25,138.66,399.90,1,S,5,W
32,156.90,400.20,1,S,5,W
119,301.92,400.40,1,W,2,W
35,173.26,400.50,1,S,5,W
124,347.97,400.70,1,W,2,W
43,193.09,400.80,1,S,5,W
44,196.45,401.10,1,S,5,W
201,220.64,401.40,2,W,5,W
57,363.63,401.60,1,S,1,W
217,261.01,401.70,2,E,5,W
116,258.70,402.00,1,W,5,W
56,362.75,414.40,1,S,1,E
29,146.06,415.60,1,S,5,E
216,202.88,415.90,2,E,5,E
28,142.23,421.74,1,S,5,N
31,154.20,422.04,1,S,5,N
33,163.70,422.34,1,S,5,N
34,165.90,422.64,1,S,5,N
36,174.53,422.94,1,S,5,N
37,175.64,423.24,1,S,5,N
38,178.94,423.54,1,S,5,N
41,186.89,423.84,1,S,5,N
42,189.19,424.14,1,S,5,N
202,245.47,424.44,2,W,5,N
203,268.76,424.74,2,W,5,N
115,207.88,425.04,1,W,5,N
244,314.55,430.37,3,E,5,N
245,345.91,430.67,3,E,5,N
246,349.51,430.97,3,E,5,N
62,381.24,442.32,1,S,2,W
280,391.73,465.74,5,W,5,N
281,438.13,466.04,5,W,5,N
282,438.59,466.34,5,W,5,N
283,460.00,466.64,5,W,5,N
284,463.99,470.12,5,W,5,N
324,456.36,479.74,5,E,5,N
325,456.77,480.04,5,E,5,N
60,380.35,499.00,1,S,3,E
46,262.47,499.50,1,S,5,W
218,321.39,499.80,2,E,5,W
204,331.04,500.10,2,W,5,W
219,380.97,500.40,2,E,5,W
178,429.05,500.50,1,E,2,W
118,298.74,500.70,1,W,5,W
120,319.90,501.00,1,W,5,W
121,326.09,501.30,1,W,5,W
173,349.95,501.60,1,E,5,W
72,436.35,502.00,1,S,1,W
123,345.37,515.50,1,W,5,E
50,271.17,521.64,1,S,5,N
52,275.29,521.94,1,S,5,N
205,379.77,522.24,2,W,5,N
117,265.69,522.54,1,W,5,N
122,342.94,522.84,1,W,5,N
125,353.61,523.14,1,W,5,N
171,302.40,523.44,1,E,5,N
172,344.66,523.74,1,E,5,N
232,405.90,524.03,3,W,5,E
174,351.97,524.04,1,E,5,N
233,463.66,530.47,3,W,5,N
249,427.31,530.77,3,E,5,N
71,434.39,538.07,1,S,3,W
175,404.97,540.17,1,E,3,W
180,442.93,541.37,1,E,3,W
234,492.21,553.98,3,W,5,N
285,477.19,565.64,5,W,5,N
286,480.53,565.94,5,W,5,N
287,480.66,566.24,5,W,5,N
288,483.59,566.54,5,W,5,N
289,486.37,566.84,5,W,5,N
290,489.10,567.14,5,W,5,N
291,502.70,567.44,5,W,5,N
292,522.75,567.74,5,W,5,N
293,525.95,568.04,5,W,5,N
294,527.05,568.34,5,W,5,N
326,561.51,579.64,5,E,5,N
247,420.59,599.40,3,E,5,W
248,423.75,599.70,3,E,5,W
54,359.56,600.00,1,S,5,W
65,402.26,600.30,1,S,5,W
206,441.88,600.60,2,W,5,W
135,528.89,600.60,1,W,2,W
68,410.19,600.90,1,S,5,W
70,430.81,601.20,1,S,5,W
176,416.23,601.50,1,E,5,W
177,421.22,601.80,1,E,5,W
179,440.68,615.40,1,E,5,E
55,360.42,621.54,1,S,5,N
58,375.32,621.84,1,S,5,N
59,376.42,622.14,1,S,5,N
61,380.72,622.44,1,S,5,N
63,390.74,622.74,1,S,5,N
64,400.82,623.04,1,S,5,N
207,471.80,623.34,2,W,5,N
220,478.82,623.64,2,E,5,N
208,492.88,623.94,2,W,5,N
66,405.09,624.24,1,S,5,N
67,407.80,624.54,1,S,5,N
69,416.24,624.84,1,S,5,N
126,392.39,625.14,1,W,5,N
127,400.11,625.44,1,W,5,N
128,407.99,625.74,1,W,5,N
129,427.13,626.04,1,W,5,N
130,459.26,626.34,1,W,5,N
131,463.24,626.64,1,W,5,N
250,547.04,629.97,3,E,5,N
251,550.94,630.27,3,E,5,N
252,583.70,645.47,3,E,5,N
295,605.21,665.54,5,W,5,N
296,606.21,665.84,5,W,5,N
297,606.96,666.14,5,W,5,N
298,612.80,666.44,5,W,5,N
299,618.35,666.74,5,W,5,N
300,622.32,667.04,5,W,5,N
301,624.26,667.34,5,W,5,N
302,628.07,667.64,5,W,5,N
303,631.84,667.94,5,W,5,N
304,633.94,668.24,5,W,5,N
327,650.48,679.54,5,E,5,N
328,668.40,679.84,5,E,5,N
81,552.55,698.60,1,S,3,E
209,559.50,699.30,2,W,5,W
210,578.42,699.60,2,W,5,W
77,537.13,699.90,1,S,5,W
132,482.67,700.20,1,W,5,W
136,532.55,700.50,1,W,5,W
144,636.89,700.70,1,W,2,W
87,627.51,702.80,1,S,1,W
184,595.39,715.30,1,E,5,E
88,694.41,715.60,1,S,1,E
221,577.13,721.44,2,E,5,N
211,590.84,721.74,2,W,5,N
73,528.93,722.04,1,S,5,N
74,532.97,722.34,1,S,5,N
75,533.03,722.64,1,S,5,N
76,533.59,722.94,1,S,5,N
78,537.34,723.24,1,S,5,N
133,484.90,723.54,1,W,5,N
134,527.46,723.84,1,W,5,N
137,534.84,724.14,1,W,5,N
181,582.81,724.44,1,E,5,N
182,586.54,724.74,1,E,5,N
183,591.20,725.04,1,E,5,N
185,599.92,725.34,1,E,5,N
235,601.20,729.77,3,W,5,N
142,631.30,738.27,1,W,3,W
253,676.70,738.47,3,E,5,N
146,640.60,739.17,1,W,3,E
305,685.02,765.44,5,W,5,N
306,743.87,765.74,5,W,5,N
80,546.56,799.20,1,S,5,W
84,562.38,799.50,1,S,5,W
86,625.94,799.80,1,S,5,W
138,573.30,800.10,1,W,5,W
139,621.42,800.40,1,W,5,W
140,624.64,800.70,1,W,5,W
141,628.46,801.00,1,W,5,W
143,634.14,801.30,1,W,5,W
145,639.12,801.60,1,W,5,W
186,615.40,801.90,1,E,5,W
95,772.34,803.20,1,S,1,W
91,760.82,816.00,1,S,1,E
79,543.00,821.34,1,S,5,N
82,553.34,821.64,1,S,5,N
83,553.68,821.94,1,S,5,N
85,564.29,822.24,1,S,5,N
222,616.83,822.54,2,E,5,N
187,668.09,822.84,1,E,5,N
236,719.63,829.57,3,W,5,N
254,778.92,834.56,3,E,5,E
151,760.06,838.07,1,W,3,E
189,728.29,838.67,1,E,3,W
307,777.24,865.34,5,W,5,N
308,779.42,865.64,5,W,5,N
309,804.68,865.94,5,W,5,N
310,809.98,866.24,5,W,5,N
311,811.14,866.54,5,W,5,N
312,812.94,866.84,5,W,5,N
313,813.77,867.14,5,W,5,N
314,840.48,867.44,5,W,5,N
329,812.97,879.34,5,E,5,N
330,855.59,879.64,5,E,5,N
331,857.76,879.94,5,E,5,N
332,871.05,880.24,5,E,5,N
93,768.39,898.20,1,S,3,W
150,727.23,899.10,1,W,5,W
188,708.68,899.40,1,E,5,W
190,734.04,899.70,1,E,5,W
192,777.40,900.00,1,E,5,W
149,702.50,915.10,1,W,5,E
223,714.23,921.24,2,E,5,N
212,777.25,921.54,2,W,5,N
147,667.57,921.84,1,W,5,N
148,671.40,922.14,1,W,5,N
191,758.58,922.44,1,E,5,N
237,830.54,929.37,3,W,5,N
255,873.42,935.19,3,E,5,N
161,862.71,939.67,1,W,3,W
315,881.21,965.24,5,W,5,N
316,893.68,965.54,5,W,5,N
317,896.71,965.84,5,W,5,N
318,898.21,966.14,5,W,5,N
238,879.34,999.00,3,W,5,W
96,773.89,999.30,1,S,5,W
224,805.94,999.60,2,E,5,W
152,784.42,999.90,1,W,5,W
155,795.64,1000.20,1,W,5,W
156,797.98,1000.50,1,W,5,W
158,815.12,1000.80,1,W,5,W
159,856.12,1001.10,1,W,5,W
160,861.84,1001.40,1,W,5,W
193,816.61,1001.70,1,E,5,W
196,830.01,1002.00,1,E,5,W
198,860.05,1002.30,1,E,5,W
92,764.64,1015.00,1,S,5,E
195,827.68,1015.30,1,E,5,E
89,755.80,1021.14,1,S,5,N
90,759.42,1021.44,1,S,5,N
94,769.78,1021.74,1,S,5,N
97,775.67,1022.04,1,S,5,N
98,778.41,1022.34,1,S,5,N
225,860.38,1022.64,2,E,5,N
226,888.91,1022.94,2,E,5,N
153,790.05,1023.24,1,W,5,N
154,792.87,1023.54,1,W,5,N
157,801.74,1023.84,1,W,5,N
194,822.46,1024.14,1,E,5,N
197,856.21,1024.44,1,E,5,N
99,858.62,1098.90,1,S,5,W
162,889.27,1099.20,1,W,5,W
100,862.27,1121.04,1,S,5,N