id,enter_time,exit_time,entrance_intersection,entrance_direction,exit_intersection,exit_direction
7,26.01,40.15,1,S,1,E
256,10.98,66.14,5,W,5,N
257,35.87,66.44,5,W,5,N
258,38.98,66.74,5,W,5,N
259,42.17,67.04,5,W,5,N
260,47.40,67.34,5,W,5,N
261,67.90,74.04,5,W,5,N
262,71.12,77.26,5,W,5,N
263,73.36,79.49,5,W,5,N
343,5.15,80.14,5,E,5,N
106,63.48,100.10,1,W,2,W
5,22.31,100.40,1,S,1,W
6,23.73,100.70,1,S,1,W
344,95.62,101.76,5,E,5,N
9,99.08,113.22,1,S,1,E
226,25.08,124.83,3,W,5,E
239,75.09,136.86,3,E,5,N
3,19.36,137.07,1,S,3,W
264,75.64,166.04,5,W,5,N
265,102.01,166.34,5,W,5,N
266,105.17,166.64,5,W,5,N
267,108.51,166.94,5,W,5,N
268,112.01,167.24,5,W,5,N
269,112.42,167.54,5,W,5,N
270,142.64,167.84,5,W,5,N
345,131.43,180.04,5,E,5,N
227,50.48,199.80,3,W,5,W
2,17.80,200.10,1,S,5,W
110,127.38,200.20,1,W,2,W
4,19.55,200.40,1,S,5,W
10,102.61,200.80,1,S,1,W
171,3.93,215.80,1,E,5,E
199,41.68,221.94,2,W,5,N
214,97.25,222.24,2,E,5,N
0,4.75,222.54,1,S,5,N
1,7.55,222.84,1,S,5,N
101,2.90,223.14,1,W,5,N
102,5.09,223.44,1,W,5,N
103,38.39,223.74,1,W,5,N
104,57.00,224.04,1,W,5,N
105,59.80,224.34,1,W,5,N
172,42.14,224.64,1,E,5,N
173,70.18,224.94,1,E,5,N
228,166.03,230.77,3,W,5,N
241,171.58,233.35,3,E,5,N
18,220.17,234.30,1,S,1,E
271,175.14,265.94,5,W,5,N
272,200.12,266.24,5,W,5,N
273,203.91,266.54,5,W,5,N
274,244.43,266.84,5,W,5,N
275,247.48,267.14,5,W,5,N
346,262.29,279.94,5,E,5,N
347,265.98,280.24,5,E,5,N
348,273.54,280.54,5,E,5,N
349,284.31,290.44,5,E,5,N
240,158.21,299.70,3,E,5,W
8,87.52,300.00,1,S,5,W
124,248.58,300.30,1,W,2,W
215,181.82,300.30,2,E,5,W
108,93.14,300.60,1,W,5,W
112,138.53,300.90,1,W,5,W
20,226.11,301.20,1,S,1,W
115,159.32,301.20,1,W,5,W
21,228.67,301.50,1,S,1,W
174,107.87,301.50,1,E,5,W
200,103.02,315.70,2,W,5,E
201,175.56,316.00,2,W,5,E
107,92.39,321.84,1,W,5,N
109,95.90,322.14,1,W,5,N
111,131.32,322.44,1,W,5,N
113,138.97,322.74,1,W,5,N
114,142.08,323.04,1,W,5,N
116,162.47,323.34,1,W,5,N
175,178.30,323.64,1,E,5,N
176,185.40,323.94,1,E,5,N
177,189.42,324.24,1,E,5,N
242,210.75,330.57,3,E,5,N
122,210.94,339.97,1,W,3,W
23,276.78,340.42,1,S,2,E
25,282.55,341.02,1,S,2,W
179,300.06,362.25,1,E,3,E
276,342.95,365.84,5,W,5,N
277,372.51,378.65,5,W,5,N
350,367.86,379.84,5,E,5,N
351,370.07,380.14,5,E,5,N
352,380.03,386.17,5,E,5,N
353,383.96,390.10,5,E,5,N
354,389.81,395.95,5,E,5,N
229,296.04,399.60,3,W,5,W
243,296.05,399.90,3,E,5,W
202,232.34,400.20,2,W,5,W
28,334.04,400.40,1,S,2,W
216,203.18,400.50,2,E,5,W
217,251.49,400.80,2,E,5,W
14,212.61,401.10,1,S,5,W
117,170.41,401.40,1,W,5,W
31,351.99,401.60,1,S,1,W
32,355.48,401.90,1,S,1,W
33,357.64,402.20,1,S,1,W
42,387.79,402.50,1,S,1,W
12,208.65,415.60,1,S,5,E
13,209.17,415.90,1,S,5,E
15,217.05,416.20,1,S,5,E
50,403.25,417.39,1,S,1,E
11,200.81,421.74,1,S,5,N
203,257.22,422.04,2,W,5,N
16,217.83,422.34,1,S,5,N
17,218.31,422.64,1,S,5,N
19,224.26,422.94,1,S,5,N
118,173.13,423.24,1,W,5,N
119,178.95,423.54,1,W,5,N
120,205.67,423.84,1,W,5,N
121,208.84,424.14,1,W,5,N
123,241.18,424.44,1,W,5,N
178,279.51,424.74,1,E,5,N
244,314.93,430.37,3,E,5,N
245,318.19,430.67,3,E,5,N
125,280.04,436.77,1,W,3,E
126,300.41,437.07,1,W,3,W
181,331.65,437.97,1,E,3,E
37,371.07,442.02,1,S,2,W
48,399.86,445.02,1,S,2,W
278,386.80,465.74,5,W,5,N
279,416.48,466.04,5,W,5,N
280,419.81,466.34,5,W,5,N
281,441.64,466.64,5,W,5,N
282,444.10,466.94,5,W,5,N
283,447.18,467.24,5,W,5,N
284,449.50,467.54,5,W,5,N
285,450.16,467.84,5,W,5,N
286,457.29,468.14,5,W,5,N
287,459.85,468.44,5,W,5,N
288,460.27,468.74,5,W,5,N
289,462.73,468.86,5,W,5,N
290,466.91,473.04,5,W,5,N
355,482.83,488.96,5,E,5,N
46,392.02,499.00,1,S,3,W
24,280.06,499.50,1,S,5,W
26,284.06,499.80,1,S,5,W
27,328.95,500.10,1,S,5,W
182,334.38,500.40,1,E,5,W
131,395.70,500.50,1,W,2,W
51,404.37,502.00,1,S,1,W
53,406.82,502.30,1,S,1,W
220,472.31,512.67,2,E,3,W
180,328.23,515.50,1,E,5,E
246,398.24,521.64,3,E,5,N
22,276.08,521.94,1,S,5,N
218,349.01,522.24,2,E,5,N
219,395.17,522.54,2,E,5,N
127,345.69,522.84,1,W,5,N
183,363.42,523.14,1,E,5,N
230,404.01,530.17,3,W,5,N
231,409.96,530.47,3,W,5,N
130,388.65,538.37,1,W,3,W
291,481.49,565.64,5,W,5,N
292,496.63,565.94,5,W,5,N
293,524.30,566.24,5,W,5,N
294,528.05,566.54,5,W,5,N
295,533.50,566.84,5,W,5,N
296,534.80,567.14,5,W,5,N
297,553.58,567.44,5,W,5,N
298,555.64,567.74,5,W,5,N
299,558.89,568.04,5,W,5,N
356,500.57,579.64,5,E,5,N
357,551.38,579.94,5,E,5,N
358,554.90,580.24,5,E,5,N
247,410.85,599.40,3,E,5,W
248,414.19,599.70,3,E,5,W
249,446.54,600.00,3,E,5,W
29,340.63,600.30,1,S,5,W
41,383.79,600.60,1,S,5,W
56,508.92,600.60,1,S,2,W
44,389.38,600.90,1,S,5,W
61,517.84,600.90,1,S,2,W
45,391.78,601.20,1,S,5,W
205,430.73,601.50,2,W,5,W
206,445.88,601.80,2,W,5,W
49,402.61,602.10,1,S,5,W
52,405.76,602.40,1,S,5,W
128,378.63,602.70,1,W,5,W
134,402.91,603.00,1,W,5,W
135,405.05,603.30,1,W,5,W
137,415.22,603.60,1,W,5,W
138,429.26,603.90,1,W,5,W
139,432.24,604.20,1,W,5,W
140,433.44,604.50,1,W,5,W
184,447.93,604.80,1,E,5,W
63,596.04,610.18,1,S,1,W
30,341.16,621.54,1,S,5,N
34,360.30,621.84,1,S,5,N
35,366.91,622.14,1,S,5,N
36,369.34,622.44,1,S,5,N
38,373.41,622.74,1,S,5,N
39,377.03,623.04,1,S,5,N
40,379.18,623.34,1,S,5,N
43,388.82,623.64,1,S,5,N
47,395.38,623.94,1,S,5,N
204,412.60,624.24,2,W,5,N
207,493.75,624.54,2,W,5,N
54,407.49,624.84,1,S,5,N
55,410.85,625.14,1,S,5,N
129,385.20,625.44,1,W,5,N
132,397.86,625.74,1,W,5,N
133,400.16,626.04,1,W,5,N
136,408.49,626.34,1,W,5,N
232,519.68,629.97,3,W,5,N
250,540.24,630.27,3,E,5,N
233,541.54,630.57,3,W,5,N
234,574.25,636.02,3,W,5,N
60,517.36,637.57,1,S,3,W
144,483.80,639.07,1,W,3,E
300,627.88,665.54,5,W,5,N
301,635.35,665.84,5,W,5,N
302,638.77,666.14,5,W,5,N
303,639.04,666.44,5,W,5,N
304,639.94,666.74,5,W,5,N
305,642.68,667.04,5,W,5,N
306,657.10,667.34,5,W,5,N
307,660.89,667.64,5,W,5,N
308,663.09,669.22,5,W,5,N
309,665.13,671.26,5,W,5,N
310,669.32,675.46,5,W,5,N
221,555.68,699.30,2,E,5,W
62,519.15,699.60,1,S,5,W
142,468.82,699.90,1,W,5,W
143,472.82,700.20,1,W,5,W
145,483.86,700.50,1,W,5,W
157,601.55,700.70,1,W,2,E
151,521.76,700.80,1,W,5,W
190,662.39,701.00,1,E,2,E
153,527.37,701.10,1,W,5,W
66,600.18,702.80,1,S,1,W
72,616.22,703.10,1,S,1,W
75,672.88,703.40,1,S,1,W
78,682.18,703.70,1,S,1,W
154,529.54,715.30,1,W,5,E
79,683.18,715.60,1,S,1,E
57,512.54,721.44,1,S,5,N
58,514.88,721.74,1,S,5,N
59,515.34,722.04,1,S,5,N
141,466.81,722.34,1,W,5,N
146,490.76,722.64,1,W,5,N
147,494.50,722.94,1,W,5,N
148,496.99,723.24,1,W,5,N
149,500.25,723.54,1,W,5,N
150,519.15,723.84,1,W,5,N
152,524.11,724.14,1,W,5,N
155,533.81,724.44,1,W,5,N
185,520.78,724.74,1,E,5,N
186,523.28,725.04,1,E,5,N
187,524.35,725.34,1,E,5,N
235,626.30,729.77,3,W,5,N
251,636.51,730.07,3,E,5,N
70,611.45,736.77,1,S,3,E
236,685.57,747.34,3,W,5,N
311,673.01,765.44,5,W,5,N
312,674.59,765.74,5,W,5,N
313,678.64,766.04,5,W,5,N
314,682.53,766.34,5,W,5,N
315,686.25,766.64,5,W,5,N
316,686.59,766.94,5,W,5,N
317,690.88,767.24,5,W,5,N
318,705.14,767.54,5,W,5,N
319,709.00,767.84,5,W,5,N
320,720.68,768.14,5,W,5,N
321,723.80,768.44,5,W,5,N
322,727.24,768.74,5,W,5,N
323,744.76,769.04,5,W,5,N
324,750.59,769.34,5,W,5,N
325,759.30,769.64,5,W,5,N
326,762.22,769.94,5,W,5,N
327,762.37,770.24,5,W,5,N
328,765.23,771.36,5,W,5,N
329,768.27,774.41,5,W,5,N
330,768.90,775.03,5,W,5,N
359,702.65,779.44,5,E,5,N
65,599.14,799.20,1,S,5,W
360,793.12,799.26,5,E,5,N
67,600.76,799.50,1,S,5,W
68,600.99,799.80,1,S,5,W
222,630.94,800.10,2,E,5,W
73,623.38,800.40,1,S,5,W
156,584.62,800.70,1,W,5,W
361,795.14,801.28,5,E,5,N
87,774.68,803.20,1,S,1,W
362,798.80,804.93,5,E,5,N
208,689.59,815.20,2,W,5,E
64,596.15,821.34,1,S,5,N
69,603.87,821.64,1,S,5,N
71,613.46,821.94,1,S,5,N
158,641.09,822.24,1,W,5,N
159,665.94,822.54,1,W,5,N
188,619.98,822.84,1,E,5,N
189,655.61,823.14,1,E,5,N
252,750.48,829.57,3,E,5,N
253,774.93,836.70,3,E,5,N
331,828.94,865.34,5,W,5,N
332,832.73,865.64,5,W,5,N
333,848.30,865.94,5,W,5,N
334,850.60,866.24,5,W,5,N
335,853.13,866.54,5,W,5,N
336,857.15,866.84,5,W,5,N
363,800.66,879.34,5,E,5,N
364,808.76,879.64,5,E,5,N
365,815.29,879.94,5,E,5,N
254,797.99,899.10,3,E,5,W
74,670.67,899.40,1,S,5,W
80,685.46,899.70,1,S,5,W
161,749.93,900.00,1,W,5,W
93,882.49,903.60,1,S,1,W
94,882.64,903.90,1,S,1,W
95,885.01,904.20,1,S,1,W
97,894.20,908.34,1,S,1,W
98,894.95,909.09,1,S,1,W
100,899.87,914.01,1,S,1,W
76,677.52,915.10,1,S,5,E
77,682.11,915.40,1,S,5,E
81,686.32,915.70,1,S,5,E
193,733.65,916.00,1,E,5,E
89,859.83,916.40,1,S,1,E
212,883.20,919.28,2,W,3,W
209,705.48,921.24,2,W,5,N
223,704.06,921.54,2,E,5,N
224,781.87,921.84,2,E,5,N
210,784.08,922.14,2,W,5,N
160,717.11,922.44,1,W,5,N
191,715.54,922.74,1,E,5,N
192,722.94,923.04,1,E,5,N
194,752.53,923.34,1,E,5,N
255,800.65,929.37,3,E,5,N
99,898.22,943.72,1,S,2,W
337,882.89,965.24,5,W,5,N
338,885.86,965.54,5,W,5,N
339,888.00,965.84,5,W,5,N
340,890.22,966.14,5,W,5,N
341,895.16,966.44,5,W,5,N
342,897.88,966.74,5,W,5,N
237,835.43,999.00,3,W,5,W
238,837.37,999.30,3,W,5,W
85,768.38,999.60,1,S,5,W
195,804.83,999.90,1,E,5,W
196,840.18,1000.20,1,E,5,W
198,868.44,1000.50,1,E,5,W
213,891.10,1015.00,2,W,5,E
82,759.58,1021.14,1,S,5,N
83,762.48,1021.44,1,S,5,N
84,764.85,1021.74,1,S,5,N
86,772.17,1022.04,1,S,5,N
88,774.84,1022.34,1,S,5,N
211,811.29,1022.64,2,W,5,N
225,845.42,1022.94,2,E,5,N
162,777.89,1023.24,1,W,5,N
163,780.99,1023.54,1,W,5,N
164,814.16,1023.84,1,W,5,N
165,842.19,1024.14,1,W,5,N
166,843.43,1024.44,1,W,5,N
167,860.46,1024.74,1,W,5,N
168,862.56,1025.04,1,W,5,N
197,847.32,1025.34,1,E,5,N
96,892.76,1098.90,1,S,5,W
170,875.29,1099.20,1,W,5,W
90,868.63,1121.04,1,S,5,N
91,878.85,1121.34,1,S,5,N
92,882.10,1121.64,1,S,5,N
169,869.20,1121.94,1,W,5,N