id,enter_time,exit_time,entrance_intersection,entrance_direction,exit_intersection,exit_direction
8,36.63,50.76,1,S,1,E
277,2.38,66.14,5,W,5,N
278,3.44,66.44,5,W,5,N
339,6.14,80.14,5,E,5,N
1,9.32,100.10,1,S,2,W
3,18.62,100.40,1,S,1,W
6,33.86,100.70,1,S,1,W
18,136.79,150.93,1,S,1,E
279,75.86,166.04,5,W,5,N
280,97.37,166.34,5,W,5,N
281,101.36,166.64,5,W,5,N
282,159.75,166.94,5,W,5,N
283,164.16,170.29,5,W,5,N
340,112.08,180.04,5,E,5,N
341,112.50,180.34,5,E,5,N
342,112.93,180.64,5,E,5,N
224,72.53,199.80,2,W,5,W
2,15.81,200.10,1,S,5,W
17,135.10,200.20,1,S,2,E
4,26.54,200.40,1,S,5,W
5,30.29,200.70,1,S,5,W
20,143.77,200.80,1,S,1,W
126,3.42,201.00,1,W,5,W
21,150.57,201.10,1,S,1,W
127,21.46,201.30,1,W,5,W
128,43.05,201.60,1,W,5,W
226,113.11,212.37,2,W,3,W
225,84.03,221.94,2,W,5,N
239,84.22,222.24,2,E,5,N
0,7.66,222.54,1,S,5,N
7,36.01,222.84,1,S,5,N
192,17.49,223.14,1,E,5,N
193,38.72,223.44,1,E,5,N
194,43.68,223.74,1,E,5,N
195,50.17,224.04,1,E,5,N
196,71.28,224.34,1,E,5,N
197,82.90,224.64,1,E,5,N
250,116.58,230.77,3,W,5,N
260,103.99,231.07,3,E,5,N
284,239.99,265.94,5,W,5,N
343,207.54,279.94,5,E,5,N
344,208.41,280.24,5,E,5,N
10,37.86,299.70,1,S,5,W
11,41.16,300.00,1,S,5,W
15,126.82,300.30,1,S,5,W
16,133.70,300.60,1,S,5,W
130,104.28,300.90,1,W,5,W
28,230.08,301.20,1,S,1,W
133,121.56,301.20,1,W,5,W
29,231.71,301.50,1,S,1,W
134,142.84,301.50,1,W,5,W
38,258.54,301.80,1,S,1,W
198,102.90,301.80,1,E,5,W
39,260.21,302.10,1,S,1,W
40,261.04,302.40,1,S,1,W
41,263.36,302.70,1,S,1,W
52,293.41,307.54,1,S,1,W
53,293.94,308.07,1,S,1,W
9,37.24,321.84,1,S,5,N
240,115.61,322.14,2,E,5,N
12,119.88,322.44,1,S,5,N
13,120.73,322.74,1,S,5,N
14,124.18,323.04,1,S,5,N
129,81.37,323.34,1,W,5,N
131,117.85,323.64,1,W,5,N
132,118.94,323.94,1,W,5,N
135,150.30,324.24,1,W,5,N
136,157.07,324.54,1,W,5,N
262,243.44,330.87,3,E,5,N
242,299.68,335.75,2,E,3,W
138,194.01,338.77,1,W,3,W
142,226.10,339.97,1,W,3,W
46,268.95,343.12,1,S,2,W
252,281.51,343.28,3,W,5,N
48,277.04,343.72,1,S,2,W
253,296.51,358.28,3,W,5,N
285,288.64,365.84,5,W,5,N
286,291.42,366.14,5,W,5,N
287,352.58,366.44,5,W,5,N
288,356.69,366.74,5,W,5,N
289,362.98,369.12,5,W,5,N
290,365.46,371.59,5,W,5,N
291,367.89,374.03,5,W,5,N
345,302.71,379.84,5,E,5,N
346,304.09,380.14,5,E,5,N
347,323.96,380.44,5,E,5,N
261,222.40,399.60,3,E,5,W
251,233.43,399.90,3,W,5,W
227,284.83,400.20,2,W,5,W
60,322.63,400.40,1,S,2,E
58,312.69,400.40,1,S,2,W
24,215.76,400.50,1,S,5,W
30,234.61,400.80,1,S,5,W
31,236.73,401.10,1,S,5,W
139,197.53,401.40,1,W,5,W
55,298.20,401.60,1,S,1,W
140,203.60,401.70,1,W,5,W
67,338.21,401.90,1,S,1,W
144,249.74,402.00,1,W,5,W
68,340.62,402.20,1,S,1,W
199,224.14,402.30,1,E,5,W
22,154.07,415.60,1,S,5,E
19,139.79,421.74,1,S,5,N
241,201.39,422.04,2,E,5,N
23,214.57,422.34,1,S,5,N
25,217.87,422.64,1,S,5,N
26,221.84,422.94,1,S,5,N
27,224.34,423.24,1,S,5,N
137,190.90,423.54,1,W,5,N
141,207.53,423.84,1,W,5,N
143,229.93,424.14,1,W,5,N
200,277.30,424.44,1,E,5,N
201,296.79,424.74,1,E,5,N
202,297.61,425.04,1,E,5,N
264,351.84,430.67,3,E,5,N
63,328.17,437.97,1,S,3,W
292,388.26,465.74,5,W,5,N
293,392.79,466.04,5,W,5,N
294,394.75,466.34,5,W,5,N
295,401.51,466.64,5,W,5,N
296,407.13,466.94,5,W,5,N
297,410.79,467.24,5,W,5,N
298,423.52,467.54,5,W,5,N
299,445.29,467.84,5,W,5,N
300,446.19,468.14,5,W,5,N
301,451.90,468.44,5,W,5,N
302,472.39,478.53,5,W,5,N
348,425.24,479.74,5,E,5,N
263,348.70,499.50,3,E,5,W
265,368.40,499.80,3,E,5,W
33,241.53,500.10,1,S,5,W
44,264.24,500.40,1,S,5,W
73,414.13,500.50,1,S,2,W
156,400.14,500.50,1,W,2,E
50,289.83,500.70,1,S,5,W
54,294.40,501.00,1,S,5,W
61,326.47,501.30,1,S,5,W
64,328.78,501.60,1,S,5,W
66,335.16,501.90,1,S,5,W
71,409.00,502.00,1,S,1,W
149,359.44,502.20,1,W,5,W
74,417.83,502.30,1,S,1,W
77,426.82,502.60,1,S,1,W
45,267.47,515.50,1,S,5,E
49,278.23,515.80,1,S,5,E
243,342.44,516.10,2,E,5,E
147,311.67,516.40,1,W,5,E
32,239.80,521.64,1,S,5,N
34,245.44,521.94,1,S,5,N
35,246.63,522.24,1,S,5,N
36,251.89,522.54,1,S,5,N
37,254.78,522.84,1,S,5,N
42,264.03,523.14,1,S,5,N
84,509.10,523.24,1,S,1,E
43,264.15,523.44,1,S,5,N
47,275.98,523.74,1,S,5,N
51,292.22,524.04,1,S,5,N
228,307.80,524.34,2,W,5,N
229,348.80,524.64,2,W,5,N
56,298.90,524.94,1,S,5,N
57,301.23,525.24,1,S,5,N
59,314.49,525.54,1,S,5,N
62,326.57,525.84,1,S,5,N
65,334.78,526.14,1,S,5,N
145,278.07,526.44,1,W,5,N
146,307.76,526.74,1,W,5,N
148,356.78,527.04,1,W,5,N
150,363.12,527.34,1,W,5,N
203,305.82,527.64,1,E,5,N
204,310.57,527.94,1,E,5,N
205,340.29,528.24,1,E,5,N
206,344.80,528.54,1,E,5,N
254,432.41,530.17,3,W,5,N
266,443.35,530.47,3,E,5,N
155,397.16,539.27,1,W,3,W
161,436.10,540.77,1,W,3,W
303,474.68,565.64,5,W,5,N
304,531.76,565.94,5,W,5,N
305,534.04,566.24,5,W,5,N
306,534.97,566.54,5,W,5,N
307,538.89,566.84,5,W,5,N
308,541.90,567.14,5,W,5,N
309,557.61,567.44,5,W,5,N
310,563.28,569.41,5,W,5,N
349,530.28,579.64,5,E,5,N
350,536.96,579.94,5,E,5,N
351,550.51,580.24,5,E,5,N
230,415.18,599.40,2,W,5,W
244,433.94,599.70,2,E,5,W
76,423.70,600.00,1,S,5,W
151,368.43,600.30,1,W,5,W
158,409.42,600.60,1,W,5,W
83,505.42,600.60,1,S,2,E
208,436.78,600.90,1,E,5,W
211,534.39,600.90,1,E,2,E
209,463.37,601.20,1,E,5,W
210,480.53,601.50,1,E,5,W
81,503.80,602.40,1,S,1,W
82,504.36,602.70,1,S,1,W
89,586.21,603.00,1,S,1,W
91,591.13,605.27,1,S,1,W
69,344.47,615.40,1,S,5,E
231,479.73,615.70,2,W,5,E
79,429.11,616.00,1,S,5,E
157,407.32,616.30,1,W,5,E
70,344.50,621.54,1,S,5,N
72,412.69,621.84,1,S,5,N
75,420.12,622.14,1,S,5,N
78,428.55,622.44,1,S,5,N
152,369.78,622.74,1,W,5,N
153,372.18,623.04,1,W,5,N
154,375.66,623.34,1,W,5,N
159,412.49,623.64,1,W,5,N
160,416.42,623.94,1,W,5,N
207,415.74,624.24,1,E,5,N
267,539.56,629.97,3,E,5,N
88,584.15,641.92,1,S,2,W
256,584.87,646.64,3,W,5,N
311,577.50,665.54,5,W,5,N
312,599.04,665.84,5,W,5,N
313,612.81,666.14,5,W,5,N
314,615.46,666.44,5,W,5,N
315,630.07,666.74,5,W,5,N
316,633.12,667.04,5,W,5,N
317,636.07,667.34,5,W,5,N
318,642.05,667.64,5,W,5,N
319,647.69,667.94,5,W,5,N
320,650.36,668.24,5,W,5,N
321,652.88,668.54,5,W,5,N
322,655.56,668.84,5,W,5,N
323,660.34,669.14,5,W,5,N
324,665.64,671.77,5,W,5,N
352,654.08,679.54,5,E,5,N
255,542.18,699.30,3,W,5,W
268,565.08,699.60,3,E,5,W
232,503.06,699.90,2,W,5,W
245,518.22,700.20,2,E,5,W
246,593.15,700.50,2,E,5,W
214,666.91,700.70,1,E,2,E
215,674.11,700.70,1,E,2,W
162,477.38,700.80,1,W,5,W
165,553.16,701.10,1,W,5,W
167,559.23,701.40,1,W,5,W
212,568.26,701.70,1,E,5,W
94,663.00,715.60,1,S,1,E
80,502.03,721.44,1,S,5,N
233,569.21,721.74,2,W,5,N
234,590.65,722.04,2,W,5,N
85,509.99,722.34,1,S,5,N
163,480.96,722.64,1,W,5,N
164,519.19,722.94,1,W,5,N
166,555.26,723.24,1,W,5,N
213,620.11,738.27,1,E,3,W
325,680.98,765.44,5,W,5,N
326,681.50,765.74,5,W,5,N
327,681.64,766.04,5,W,5,N
328,746.71,766.34,5,W,5,N
329,761.36,767.50,5,W,5,N
330,762.41,768.54,5,W,5,N
331,764.90,771.03,5,W,5,N
332,770.04,776.17,5,W,5,N
333,771.91,778.04,5,W,5,N
353,750.17,779.44,5,E,5,N
354,760.42,779.74,5,E,5,N
355,764.83,780.04,5,E,5,N
356,785.00,791.14,5,E,5,N
257,627.31,799.20,3,W,5,W
269,636.72,799.50,3,E,5,W
86,576.86,799.80,1,S,5,W
247,655.44,800.10,2,E,5,W
176,734.70,800.80,1,W,2,E
100,767.48,803.20,1,S,1,W
172,653.13,815.20,1,W,5,E
98,766.11,816.00,1,S,1,E
87,580.29,821.34,1,S,5,N
90,588.42,821.64,1,S,5,N
92,593.68,821.94,1,S,5,N
235,611.16,822.24,2,W,5,N
168,572.63,822.54,1,W,5,N
169,594.74,822.84,1,W,5,N
170,598.53,823.14,1,W,5,N
171,616.41,823.44,1,W,5,N
258,739.97,829.57,3,W,5,N
270,742.55,829.87,3,E,5,N
271,758.70,829.87,3,E,5,N
334,775.05,865.34,5,W,5,N
335,854.70,865.64,5,W,5,N
336,859.79,865.92,5,W,5,N
337,865.26,871.39,5,W,5,N
338,869.64,875.78,5,W,5,N
357,804.47,879.34,5,E,5,N
358,849.64,879.64,5,E,5,N
359,850.30,879.94,5,E,5,N
360,855.08,880.24,5,E,5,N
361,858.86,880.54,5,E,5,N
99,766.29,898.20,1,S,3,E
259,767.50,899.10,3,W,5,W
175,706.43,899.40,1,W,5,W
177,740.45,899.70,1,W,5,W
217,778.00,900.00,1,E,5,W
221,867.24,900.90,1,E,2,W
186,867.03,900.90,1,W,2,E
102,839.99,903.60,1,S,1,W
103,840.99,903.90,1,S,1,W
112,860.47,904.20,1,S,1,W
113,861.14,904.50,1,S,1,W
114,866.03,904.80,1,S,1,W
115,869.04,905.10,1,S,1,W
120,885.02,905.40,1,S,1,W
121,891.01,905.70,1,S,1,W
124,894.14,908.28,1,S,1,W
93,662.08,921.24,1,S,5,N
95,663.86,921.54,1,S,5,N
248,747.30,921.84,2,E,5,N
236,782.14,922.14,2,W,5,N
173,685.76,922.44,1,W,5,N
174,693.19,922.74,1,W,5,N
216,768.25,923.04,1,E,5,N
218,782.28,923.34,1,E,5,N
272,850.91,929.37,3,E,5,N
273,866.01,929.67,3,E,5,N
274,869.17,930.94,3,E,5,N
178,773.35,937.27,1,W,3,E
275,891.30,953.07,3,E,5,N
223,899.51,961.70,1,E,3,W
276,894.43,999.00,3,E,5,W
96,761.29,999.30,1,S,5,W
97,764.86,999.60,1,S,5,W
237,833.55,999.90,2,W,5,W
101,839.40,1000.20,1,S,5,W
220,856.76,1000.50,1,E,5,W
123,893.98,1001.00,1,S,2,E
238,855.74,1015.00,2,W,5,E
249,834.40,1021.14,2,E,5,N
179,802.71,1021.44,1,W,5,N
180,806.37,1021.74,1,W,5,N
181,810.65,1022.04,1,W,5,N
182,814.32,1022.34,1,W,5,N
183,834.42,1022.64,1,W,5,N
184,837.22,1022.94,1,W,5,N
185,864.38,1023.24,1,W,5,N
219,842.69,1023.54,1,E,5,N
222,895.50,1023.84,1,E,5,N
122,891.76,1037.37,1,S,3,W
105,846.58,1098.90,1,S,5,W
108,851.58,1099.20,1,S,5,W
110,858.37,1099.50,1,S,5,W
111,858.49,1099.80,1,S,5,W
116,869.53,1100.10,1,S,5,W
118,876.68,1100.40,1,S,5,W
188,872.81,1100.70,1,W,5,W
189,874.86,1101.00,1,W,5,W
190,880.69,1114.90,1,W,5,E
191,882.86,1115.20,1,W,5,E
104,843.44,1121.04,1,S,5,N
106,849.10,1121.34,1,S,5,N
107,851.32,1121.64,1,S,5,N
109,854.75,1121.94,1,S,5,N
117,876.51,1122.24,1,S,5,N
119,882.58,1122.54,1,S,5,N
125,898.87,1122.84,1,S,5,N
187,869.10,1123.14,1,W,5,N