id,enter_time,exit_time,entrance_intersection,entrance_direction,exit_intersection,exit_direction
1,2.02,42.27,1,S,2,W
288,2.65,66.14,5,W,5,N
289,6.52,66.44,5,W,5,N
290,9.56,66.74,5,W,5,N
291,37.20,67.04,5,W,5,N
292,38.86,67.34,5,W,5,N
373,0.91,80.14,5,E,5,N
374,10.41,80.44,5,E,5,N
0,1.38,100.40,1,S,1,W
3,7.39,100.70,1,S,1,W
8,30.66,101.00,1,S,1,W
14,119.68,133.81,1,S,1,E
269,95.41,157.18,3,E,5,N
293,103.52,166.04,5,W,5,N
294,103.81,166.34,5,W,5,N
295,107.03,166.64,5,W,5,N
296,112.77,166.94,5,W,5,N
297,113.88,167.24,5,W,5,N
298,116.41,167.54,5,W,5,N
299,120.33,167.84,5,W,5,N
300,120.68,168.14,5,W,5,N
301,127.41,168.44,5,W,5,N
302,132.69,168.74,5,W,5,N
303,149.98,169.04,5,W,5,N
304,154.74,169.34,5,W,5,N
305,158.39,169.64,5,W,5,N
306,161.39,169.94,5,W,5,N
375,114.66,180.04,5,E,5,N
376,165.45,180.34,5,E,5,N
377,177.26,183.40,5,E,5,N
219,23.78,199.80,2,W,5,W
221,79.43,200.10,2,W,5,W
4,10.60,200.40,1,S,5,W
6,27.80,200.70,1,S,5,W
20,135.52,200.80,1,S,1,W
124,13.36,201.00,1,W,5,W
187,13.28,201.30,1,E,5,W
188,42.21,201.60,1,E,5,W
22,139.87,213.60,1,S,1,E
220,64.95,221.94,2,W,5,N
236,82.66,222.24,2,E,5,N
2,7.15,222.54,1,S,5,N
5,13.41,222.84,1,S,5,N
7,29.48,223.14,1,S,5,N
125,15.69,223.44,1,W,5,N
126,16.12,223.74,1,W,5,N
127,18.68,224.04,1,W,5,N
128,38.19,224.34,1,W,5,N
189,47.85,224.64,1,E,5,N
190,58.86,224.94,1,E,5,N
191,68.20,225.24,1,E,5,N
250,130.96,230.77,3,W,5,N
270,111.29,231.07,3,E,5,N
271,114.72,231.37,3,E,5,N
272,118.03,231.67,3,E,5,N
131,98.87,239.27,1,W,3,E
134,109.30,240.17,1,W,3,E
136,130.76,240.77,1,W,3,E
251,187.76,249.53,3,W,5,N
307,183.33,265.94,5,W,5,N
308,184.25,266.24,5,W,5,N
309,201.21,266.54,5,W,5,N
310,204.43,266.84,5,W,5,N
311,216.69,267.14,5,W,5,N
312,219.52,267.44,5,W,5,N
313,219.91,267.74,5,W,5,N
314,223.55,268.04,5,W,5,N
315,227.36,268.34,5,W,5,N
316,243.52,268.64,5,W,5,N
317,248.32,268.94,5,W,5,N
318,251.95,269.24,5,W,5,N
9,40.86,299.70,1,S,5,W
237,169.61,300.00,2,E,5,W
140,211.48,300.30,1,W,2,E
195,233.81,300.30,1,E,2,W
16,129.35,300.30,1,S,5,W
17,129.56,300.60,1,S,5,W
129,76.12,300.90,1,W,5,W
31,223.90,301.20,1,S,1,W
135,127.32,301.20,1,W,5,W
35,242.49,301.50,1,S,1,W
138,164.81,301.50,1,W,5,W
36,245.20,301.80,1,S,1,W
192,132.05,301.80,1,E,5,W
238,212.87,312.47,2,E,3,W
19,132.80,315.70,1,S,5,E
193,143.48,316.00,1,E,5,E
194,197.69,316.30,1,E,5,E
10,43.37,321.84,1,S,5,N
222,107.78,322.14,2,W,5,N
223,135.84,322.44,2,W,5,N
11,109.76,322.74,1,S,5,N
12,110.52,323.04,1,S,5,N
13,112.78,323.34,1,S,5,N
15,125.44,323.64,1,S,5,N
18,130.73,323.94,1,S,5,N
130,97.47,324.24,1,W,5,N
132,106.05,324.54,1,W,5,N
133,106.49,324.84,1,W,5,N
137,133.73,325.14,1,W,5,N
252,216.32,330.57,3,W,5,N
33,228.80,339.07,1,S,3,E
38,246.97,340.72,1,S,2,W
255,286.71,348.48,3,W,5,N
319,273.36,365.84,5,W,5,N
320,275.10,366.14,5,W,5,N
321,278.85,366.44,5,W,5,N
322,313.96,366.74,5,W,5,N
323,315.92,367.04,5,W,5,N
324,319.36,367.34,5,W,5,N
325,322.18,367.64,5,W,5,N
326,324.37,367.94,5,W,5,N
327,325.25,368.24,5,W,5,N
328,326.52,368.54,5,W,5,N
329,330.10,368.84,5,W,5,N
330,350.34,369.14,5,W,5,N
378,312.33,379.84,5,E,5,N
379,321.07,380.14,5,E,5,N
380,355.37,380.44,5,E,5,N
273,210.99,399.60,3,E,5,W
253,271.42,399.90,3,W,5,W
254,280.87,400.20,3,W,5,W
46,324.18,400.40,1,S,2,E
21,138.48,400.50,1,S,5,W
48,328.92,400.70,1,S,2,E
224,213.77,400.80,2,W,5,W
23,207.08,401.10,1,S,5,W
25,210.32,401.40,1,S,5,W
47,326.01,401.60,1,S,1,W
26,210.88,401.70,1,S,5,W
27,212.72,402.00,1,S,5,W
29,216.49,402.30,1,S,5,W
198,277.28,402.60,1,E,5,W
50,395.68,409.81,1,S,1,W
49,392.24,414.40,1,S,1,E
142,254.33,415.60,1,W,5,E
239,249.24,421.74,2,E,5,N
24,209.87,422.04,1,S,5,N
28,213.16,422.34,1,S,5,N
30,220.47,422.64,1,S,5,N
32,227.10,422.94,1,S,5,N
139,167.17,423.24,1,W,5,N
141,214.58,423.54,1,W,5,N
143,258.00,423.84,1,W,5,N
144,260.40,424.14,1,W,5,N
196,238.81,424.44,1,E,5,N
197,255.35,424.74,1,E,5,N
274,316.51,430.37,3,E,5,N
145,266.44,436.47,1,W,3,W
146,300.30,436.77,1,W,3,W
149,309.03,437.67,1,W,3,E
331,375.79,465.74,5,W,5,N
332,376.89,466.04,5,W,5,N
333,380.50,466.34,5,W,5,N
334,441.63,466.64,5,W,5,N
335,454.31,466.94,5,W,5,N
381,401.88,479.74,5,E,5,N
382,483.20,489.33,5,E,5,N
275,399.20,499.50,3,E,5,W
43,248.75,499.80,1,S,5,W
44,250.24,500.10,1,S,5,W
58,416.91,500.50,1,S,2,W
51,401.30,502.00,1,S,1,W
57,416.56,502.30,1,S,1,W
383,498.13,504.26,5,E,5,N
225,405.14,512.67,2,W,3,W
240,332.09,515.50,2,E,5,E
199,385.39,515.80,1,E,5,E
34,239.85,521.64,1,S,5,N
37,246.06,521.94,1,S,5,N
39,247.57,522.24,1,S,5,N
40,247.85,522.54,1,S,5,N
41,247.91,522.84,1,S,5,N
42,248.38,523.14,1,S,5,N
45,257.16,523.44,1,S,5,N
147,303.89,523.74,1,W,5,N
148,306.58,524.04,1,W,5,N
150,337.03,524.34,1,W,5,N
151,340.05,524.64,1,W,5,N
152,352.20,524.94,1,W,5,N
256,426.44,530.17,3,W,5,N
257,435.91,530.47,3,W,5,N
336,498.59,565.64,5,W,5,N
337,513.40,565.94,5,W,5,N
338,515.63,566.24,5,W,5,N
339,519.69,566.54,5,W,5,N
340,551.31,566.84,5,W,5,N
384,532.65,579.64,5,E,5,N
385,560.97,579.94,5,E,5,N
61,492.95,598.80,1,S,3,W
200,396.37,599.40,1,E,5,W
52,401.75,599.70,1,S,5,W
227,456.23,600.00,2,W,5,W
156,411.94,600.30,1,W,5,W
157,437.35,600.60,1,W,5,W
70,512.11,600.60,1,S,2,W
202,482.92,600.74,1,E,5,W
68,504.96,602.40,1,S,1,W
201,421.17,615.40,1,E,5,E
241,400.48,621.54,2,E,5,N
242,444.88,621.84,2,E,5,N
226,426.79,622.14,2,W,5,N
228,473.51,622.44,2,W,5,N
53,405.49,622.74,1,S,5,N
54,409.19,623.04,1,S,5,N
55,409.26,623.34,1,S,5,N
56,410.49,623.64,1,S,5,N
59,422.22,623.94,1,S,5,N
153,368.79,624.24,1,W,5,N
278,532.29,624.43,3,E,5,E
154,371.81,624.54,1,W,5,N
155,375.08,624.84,1,W,5,N
276,512.82,629.97,3,E,5,N
277,529.99,630.27,3,E,5,N
69,507.96,636.67,1,S,3,W
259,580.83,642.60,3,W,5,N
261,588.87,650.64,3,W,5,N
341,603.14,665.54,5,W,5,N
342,632.39,665.84,5,W,5,N
343,636.38,666.14,5,W,5,N
344,638.89,666.44,5,W,5,N
345,642.22,666.74,5,W,5,N
346,645.97,667.04,5,W,5,N
347,648.93,667.34,5,W,5,N
348,651.56,667.64,5,W,5,N
349,652.06,667.94,5,W,5,N
350,657.64,668.24,5,W,5,N
351,663.18,669.32,5,W,5,N
386,615.63,679.54,5,E,5,N
387,649.47,679.84,5,E,5,N
258,541.95,699.30,3,W,5,W
279,545.36,699.60,3,E,5,W
280,564.32,699.90,3,E,5,W
281,579.34,700.20,3,E,5,W
260,584.12,700.50,3,W,5,W
170,617.81,700.70,1,W,2,W
168,612.91,700.70,1,W,2,E
65,502.73,700.80,1,S,5,W
67,503.92,701.10,1,S,5,W
229,551.26,701.40,2,W,5,W
71,514.85,701.70,1,S,5,W
74,530.58,702.00,1,S,5,W
75,531.51,702.30,1,S,5,W
63,495.99,715.30,1,S,5,E
64,500.56,715.60,1,S,5,E
203,544.18,715.90,1,E,5,E
60,490.53,721.44,1,S,5,N
62,494.21,721.74,1,S,5,N
66,503.78,722.04,1,S,5,N
243,543.73,722.34,2,E,5,N
244,569.00,722.64,2,E,5,N
245,593.42,722.94,2,E,5,N
72,515.64,723.24,1,S,5,N
73,526.33,723.54,1,S,5,N
282,667.63,723.63,3,E,5,E
158,475.42,723.84,1,W,5,N
159,507.99,724.14,1,W,5,N
160,511.00,724.44,1,W,5,N
161,513.02,724.74,1,W,5,N
162,516.43,725.04,1,W,5,N
163,519.79,725.34,1,W,5,N
164,550.91,725.64,1,W,5,N
204,560.86,725.94,1,E,5,N
205,564.43,726.24,1,E,5,N
206,566.05,726.54,1,E,5,N
262,647.54,729.77,3,W,5,N
171,652.85,738.27,1,W,3,W
93,734.54,748.68,1,S,1,E
352,724.00,765.44,5,W,5,N
353,729.40,765.74,5,W,5,N
354,735.09,766.04,5,W,5,N
355,736.20,766.34,5,W,5,N
356,752.94,766.64,5,W,5,N
357,754.02,766.94,5,W,5,N
358,756.04,767.24,5,W,5,N
359,758.37,767.54,5,W,5,N
388,744.91,779.44,5,E,5,N
389,757.74,779.74,5,E,5,N
207,594.07,799.20,1,E,5,W
263,660.57,799.50,3,W,5,W
264,682.21,799.80,3,W,5,W
231,668.62,800.10,2,W,5,W
246,683.65,800.40,2,E,5,W
165,592.67,800.70,1,W,5,W
178,767.07,800.80,1,W,2,E
83,715.26,800.80,1,S,2,W
166,608.42,801.00,1,W,5,W
167,610.89,801.30,1,W,5,W
77,707.82,803.20,1,S,1,W
78,708.55,803.50,1,S,1,W
87,723.06,803.80,1,S,1,W
88,723.39,804.10,1,S,1,W
95,736.93,804.40,1,S,1,W
97,741.22,804.70,1,S,1,W
101,759.53,805.00,1,S,1,W
113,788.50,805.30,1,S,1,W
115,794.13,808.27,1,S,1,W
110,776.23,816.00,1,S,1,E
230,620.99,821.34,2,W,5,N
76,629.71,821.64,1,S,5,N
169,616.37,821.94,1,W,5,N
208,673.81,822.24,1,E,5,N
209,680.18,822.54,1,E,5,N
210,691.38,822.84,1,E,5,N
265,702.74,829.57,3,W,5,N
80,709.73,837.17,1,S,3,W
84,716.25,838.07,1,S,3,E
175,720.74,841.67,1,W,3,E
283,781.47,843.24,3,E,5,N
105,764.38,843.92,1,S,2,E
285,787.30,849.07,3,E,5,N
360,778.61,865.34,5,W,5,N
361,780.12,865.64,5,W,5,N
362,797.06,865.94,5,W,5,N
363,799.51,866.24,5,W,5,N
364,814.68,866.54,5,W,5,N
365,819.99,866.84,5,W,5,N
366,823.60,867.14,5,W,5,N
367,828.98,867.44,5,W,5,N
368,833.60,867.74,5,W,5,N
369,847.26,868.04,5,W,5,N
390,865.03,879.34,5,E,5,N
102,760.31,898.20,1,S,3,E
284,785.14,899.10,3,E,5,W
286,789.31,899.40,3,E,5,W
82,714.55,899.70,1,S,5,W
94,735.04,900.00,1,S,5,W
96,737.57,900.30,1,S,5,W
172,680.61,900.60,1,W,5,W
173,683.38,900.90,1,W,5,W
117,798.74,900.90,1,S,2,W
215,832.96,900.90,1,E,2,E
213,743.89,901.20,1,E,5,W
214,748.23,901.50,1,E,5,W
119,800.22,903.60,1,S,1,W
121,812.83,903.90,1,S,1,W
122,814.40,904.20,1,S,1,W
81,712.95,915.10,1,S,5,E
85,718.01,915.40,1,S,5,E
90,728.75,915.70,1,S,5,E
232,735.56,921.24,2,W,5,N
247,770.99,921.54,2,E,5,N
248,794.41,921.84,2,E,5,N
79,709.63,922.14,1,S,5,N
86,722.38,922.44,1,S,5,N
89,727.30,922.74,1,S,5,N
91,732.39,923.04,1,S,5,N
92,734.04,923.34,1,S,5,N
174,716.97,923.64,1,W,5,N
176,739.81,923.94,1,W,5,N
177,739.97,924.24,1,W,5,N
211,710.37,924.54,1,E,5,N
212,713.17,924.84,1,E,5,N
266,831.96,929.37,3,W,5,N
181,847.86,939.07,1,W,3,E
268,896.03,957.80,3,W,5,N
370,876.88,965.24,5,W,5,N
371,877.50,965.54,5,W,5,N
372,897.72,965.84,5,W,5,N
267,839.63,999.00,3,W,5,W
287,884.47,999.30,3,E,5,W
103,760.94,999.60,1,S,5,W
106,764.49,999.90,1,S,5,W
107,765.17,1000.20,1,S,5,W
120,811.74,1000.50,1,S,5,W
180,845.74,1000.80,1,W,5,W
182,850.77,1001.10,1,W,5,W
183,853.73,1001.40,1,W,5,W
108,769.15,1015.00,1,S,5,E
98,744.54,1021.14,1,S,5,N
99,756.32,1021.44,1,S,5,N
100,758.59,1021.74,1,S,5,N
104,761.58,1022.04,1,S,5,N
109,772.73,1022.34,1,S,5,N
111,782.89,1022.64,1,S,5,N
249,859.55,1022.94,2,E,5,N
233,805.87,1023.24,2,W,5,N
234,829.93,1023.54,2,W,5,N
235,854.64,1023.84,2,W,5,N
112,784.89,1024.14,1,S,5,N
114,791.40,1024.44,1,S,5,N
116,794.90,1024.74,1,S,5,N
118,799.93,1025.04,1,S,5,N
179,806.86,1025.34,1,W,5,N
216,855.56,1025.64,1,E,5,N
217,886.64,1025.94,1,E,5,N
218,891.84,1026.24,1,E,5,N
185,884.88,1037.37,1,W,3,W
123,891.48,1098.90,1,S,5,W
184,877.22,1121.04,1,W,5,N
186,887.56,1121.34,1,W,5,N