id,enter_time,exit_time,entrance_intersection,entrance_direction,exit_intersection,exit_direction
240,21.17,66.14,5,W,5,N
241,24.56,66.44,5,W,5,N
242,29.88,66.74,5,W,5,N
243,45.11,67.04,5,W,5,N
295,38.46,80.14,5,E,5,N
296,43.49,80.44,5,E,5,N
2,6.12,100.40,1,S,1,W
177,64.44,112.27,2,W,3,W
14,106.39,120.53,1,S,1,E
17,111.19,125.33,1,S,1,E
206,69.12,125.73,3,W,5,E
218,22.03,130.97,3,E,5,N
204,58.49,131.27,3,W,5,N
219,49.34,131.57,3,E,5,N
220,62.68,131.87,3,E,5,N
205,68.08,132.17,3,W,5,N
23,123.12,137.26,1,S,1,E
147,53.68,137.97,1,E,3,W
5,88.64,139.62,1,S,2,W
208,81.21,142.98,3,W,5,N
26,130.75,144.88,1,S,1,E
27,132.31,146.44,1,S,1,E
244,95.61,166.04,5,W,5,N
245,100.85,166.34,5,W,5,N
246,132.81,166.64,5,W,5,N
247,154.38,166.94,5,W,5,N
248,169.15,175.28,5,W,5,N
249,172.54,178.67,5,W,5,N
297,134.53,180.04,5,E,5,N
298,138.65,180.34,5,E,5,N
299,141.42,180.64,5,E,5,N
300,160.19,180.94,5,E,5,N
11,100.08,199.60,1,S,3,E
203,6.99,199.80,3,W,5,W
207,75.57,200.10,3,W,5,W
221,78.17,200.40,3,E,5,W
189,71.59,200.70,2,E,5,W
13,101.11,200.80,1,S,1,W
3,7.36,201.00,1,S,5,W
18,112.22,201.10,1,S,1,W
84,2.73,201.30,1,W,5,W
24,126.11,201.40,1,S,1,W
86,30.32,201.60,1,W,5,W
34,154.66,201.70,1,S,1,W
39,166.95,202.00,1,S,1,W
41,169.67,202.30,1,S,1,W
43,172.06,202.60,1,S,1,W
191,155.95,212.67,2,E,3,W
31,147.08,213.60,1,S,1,E
33,151.82,213.90,1,S,1,E
0,3.37,221.94,1,S,5,N
1,4.26,222.24,1,S,5,N
178,89.23,222.54,2,W,5,N
85,5.08,222.84,1,W,5,N
145,16.54,223.14,1,E,5,N
146,46.22,223.44,1,E,5,N
222,158.30,230.77,3,E,5,N
87,68.42,238.37,1,W,3,E
89,77.40,238.97,1,W,3,E
91,92.52,239.57,1,W,3,E
28,138.02,239.72,1,S,2,W
209,187.25,242.88,3,W,5,E
150,191.80,253.99,1,E,3,W
224,192.57,254.34,3,E,5,N
250,178.19,265.94,5,W,5,N
251,226.85,266.24,5,W,5,N
252,230.10,266.54,5,W,5,N
301,266.35,279.94,5,E,5,N
29,142.92,299.40,1,S,3,E
223,162.09,299.70,3,E,5,W
9,92.65,300.00,1,S,5,W
12,100.75,300.30,1,S,5,W
190,107.11,300.60,2,E,5,W
19,114.34,300.90,1,S,5,W
51,285.14,301.20,1,S,1,W
88,69.61,301.20,1,W,5,W
93,142.30,301.50,1,W,5,W
94,145.41,301.80,1,W,5,W
148,135.27,302.10,1,E,5,W
149,140.81,302.40,1,E,5,W
53,291.70,305.84,1,S,1,W
179,111.08,315.70,2,W,5,E
15,106.50,316.00,1,S,5,E
22,120.94,316.30,1,S,5,E
4,88.60,321.84,1,S,5,N
6,89.58,322.14,1,S,5,N
7,90.33,322.44,1,S,5,N
8,92.09,322.74,1,S,5,N
10,96.42,323.04,1,S,5,N
16,109.46,323.34,1,S,5,N
20,117.87,323.64,1,S,5,N
21,118.80,323.94,1,S,5,N
25,127.03,324.24,1,S,5,N
90,90.17,324.54,1,W,5,N
92,138.82,324.84,1,W,5,N
96,223.88,336.67,1,W,3,E
99,232.40,337.57,1,W,3,W
154,278.50,340.69,1,E,3,E
253,285.80,365.84,5,W,5,N
254,289.69,366.14,5,W,5,N
255,354.18,366.44,5,W,5,N
302,321.94,379.84,5,E,5,N
225,298.79,399.60,3,E,5,W
37,163.67,399.90,1,S,5,W
38,166.03,400.20,1,S,5,W
44,173.58,400.50,1,S,5,W
47,190.31,400.80,1,S,5,W
95,184.24,401.10,1,W,5,W
56,371.47,401.60,1,S,1,W
181,339.57,412.87,2,W,3,W
32,148.83,415.60,1,S,5,E
36,160.73,415.90,1,S,5,E
46,186.85,416.20,1,S,5,E
192,254.62,416.50,2,E,5,E
100,248.64,416.80,1,W,5,E
30,146.49,421.74,1,S,5,N
35,160.18,422.04,1,S,5,N
40,169.50,422.34,1,S,5,N
42,170.86,422.64,1,S,5,N
45,178.41,422.94,1,S,5,N
193,294.68,423.24,2,E,5,N
97,226.39,423.54,1,W,5,N
98,229.51,423.84,1,W,5,N
151,225.77,424.14,1,E,5,N
152,235.70,424.44,1,E,5,N
153,267.25,424.74,1,E,5,N
155,282.80,425.04,1,E,5,N
226,314.84,430.37,3,E,5,N
227,316.85,430.67,3,E,5,N
256,374.63,465.74,5,W,5,N
257,377.69,466.04,5,W,5,N
258,381.02,466.34,5,W,5,N
259,383.82,466.64,5,W,5,N
260,447.18,466.94,5,W,5,N
261,449.27,467.24,5,W,5,N
262,470.69,476.83,5,W,5,N
303,420.14,479.74,5,E,5,N
304,472.91,480.04,5,E,5,N
305,476.85,482.99,5,E,5,N
306,490.56,496.70,5,E,5,N
210,311.35,499.50,3,W,5,W
48,263.13,499.80,1,S,5,W
49,265.59,500.10,1,S,5,W
194,379.43,500.40,2,E,5,W
117,423.67,500.50,1,W,2,W
105,318.87,500.70,1,W,5,W
159,439.24,500.80,1,E,2,W
106,321.93,501.00,1,W,5,W
103,298.40,515.50,1,W,5,E
50,273.15,521.64,1,S,5,N
52,290.93,521.94,1,S,5,N
180,309.63,522.24,2,W,5,N
101,280.49,522.54,1,W,5,N
102,284.04,522.84,1,W,5,N
104,300.03,523.14,1,W,5,N
107,332.42,523.44,1,W,5,N
156,343.55,523.74,1,E,5,N
228,406.75,524.03,3,E,5,E
230,450.25,530.77,3,E,5,N
118,448.61,539.27,1,W,3,W
263,527.01,565.64,5,W,5,N
264,528.29,565.94,5,W,5,N
57,453.00,598.80,1,S,3,W
211,421.64,599.40,3,W,5,W
229,446.71,599.70,3,E,5,W
54,368.08,600.00,1,S,5,W
195,462.51,600.30,2,E,5,W
108,375.03,600.60,1,W,5,W
109,377.23,600.90,1,W,5,W
113,407.06,601.20,1,W,5,W
115,418.61,601.50,1,W,5,W
116,420.65,601.80,1,W,5,W
60,533.08,602.40,1,S,1,W
61,536.56,602.70,1,S,1,W
65,547.70,603.00,1,S,1,W
111,400.53,615.40,1,W,5,E
112,404.45,615.70,1,W,5,E
158,427.74,616.00,1,E,5,E
55,369.88,621.54,1,S,5,N
182,492.22,621.84,2,W,5,N
110,394.95,622.14,1,W,5,N
114,411.02,622.44,1,W,5,N
157,422.33,622.74,1,E,5,N
231,517.32,629.97,3,E,5,N
58,530.24,636.67,1,S,3,W
161,515.71,639.07,1,E,3,E
265,585.32,665.54,5,W,5,N
266,590.58,665.84,5,W,5,N
267,611.94,666.14,5,W,5,N
268,614.07,666.44,5,W,5,N
269,614.80,666.74,5,W,5,N
270,615.67,667.04,5,W,5,N
271,627.49,667.34,5,W,5,N
272,631.37,667.64,5,W,5,N
273,652.64,667.94,5,W,5,N
307,634.55,679.54,5,E,5,N
308,636.05,679.84,5,E,5,N
160,494.06,699.30,1,E,5,W
212,570.18,699.60,3,W,5,W
232,590.67,699.90,3,E,5,W
197,585.09,700.20,2,E,5,W
63,538.15,700.50,1,S,5,W
120,494.90,700.80,1,W,5,W
162,537.06,701.10,1,E,5,W
163,558.22,701.40,1,E,5,W
164,575.41,701.70,1,E,5,W
183,563.79,715.30,2,W,5,E
119,491.36,715.60,1,W,5,E
121,543.19,715.90,1,W,5,E
196,546.49,721.44,2,E,5,N
184,568.34,721.74,2,W,5,N
185,584.64,722.04,2,W,5,N
59,532.73,722.34,1,S,5,N
62,537.53,722.64,1,S,5,N
122,562.78,722.94,1,W,5,N
233,607.21,729.77,3,E,5,N
213,619.91,730.07,3,W,5,N
234,610.68,730.37,3,E,5,N
167,640.83,738.87,1,E,3,E
235,681.96,743.73,3,E,5,N
236,695.55,757.32,3,E,5,N
274,674.47,765.44,5,W,5,N
275,676.54,765.74,5,W,5,N
276,697.04,766.04,5,W,5,N
277,699.13,766.34,5,W,5,N
278,712.49,766.64,5,W,5,N
279,715.16,766.94,5,W,5,N
280,717.57,767.24,5,W,5,N
281,720.46,767.54,5,W,5,N
282,724.47,767.84,5,W,5,N
283,730.46,768.14,5,W,5,N
284,761.00,768.44,5,W,5,N
309,732.94,779.44,5,E,5,N
310,749.59,779.74,5,E,5,N
198,673.84,799.20,2,E,5,W
66,612.56,799.50,1,S,5,W
166,638.41,799.80,1,E,5,W
129,712.80,800.80,1,W,2,W
311,797.03,803.16,5,E,5,N
68,706.10,803.20,1,S,1,W
70,779.96,803.50,1,S,1,W
79,799.63,813.77,1,S,1,W
64,543.97,821.34,1,S,5,N
186,657.68,821.64,2,W,5,N
187,664.35,821.94,2,W,5,N
123,603.31,822.24,1,W,5,N
124,614.99,822.54,1,W,5,N
125,615.85,822.84,1,W,5,N
126,627.34,823.14,1,W,5,N
165,636.29,823.44,1,E,5,N
168,680.35,823.74,1,E,5,N
214,725.74,829.57,3,W,5,N
215,758.22,829.87,3,W,5,N
69,776.56,842.12,1,S,2,E
172,786.15,848.34,1,E,3,W
285,792.12,865.34,5,W,5,N
286,796.01,865.64,5,W,5,N
287,799.75,865.94,5,W,5,N
288,806.19,866.24,5,W,5,N
289,827.72,866.54,5,W,5,N
290,848.38,866.84,5,W,5,N
291,850.14,867.14,5,W,5,N
292,852.32,867.44,5,W,5,N
293,853.08,867.74,5,W,5,N
294,872.26,878.40,5,W,5,N
312,813.60,879.34,5,E,5,N
313,816.21,879.64,5,E,5,N
314,819.61,879.94,5,E,5,N
72,785.07,898.20,1,S,3,E
128,710.48,899.10,1,W,5,W
134,753.61,899.40,1,W,5,W
169,726.54,899.70,1,E,5,W
170,781.29,900.00,1,E,5,W
82,871.89,903.60,1,S,1,W
188,712.09,915.10,2,W,5,E
132,730.16,915.40,1,W,5,E
67,704.39,921.24,1,S,5,N
199,717.53,921.54,2,E,5,N
200,781.63,921.84,2,E,5,N
127,670.68,922.14,1,W,5,N
130,715.17,922.44,1,W,5,N
131,718.20,922.74,1,W,5,N
133,750.55,923.04,1,W,5,N
171,785.61,923.34,1,E,5,N
173,789.69,923.64,1,E,5,N
216,863.44,929.37,3,W,5,N
237,808.60,929.67,3,E,5,N
141,860.20,938.77,1,W,3,W
238,810.89,999.00,3,E,5,W
239,813.75,999.30,3,E,5,W
74,790.38,999.60,1,S,5,W
77,794.87,999.90,1,S,5,W
78,797.01,1000.20,1,S,5,W
202,826.27,1000.50,2,E,5,W
140,852.70,1000.80,1,W,5,W
175,852.42,1015.00,1,E,5,E
217,897.45,1021.14,3,W,5,N
71,781.24,1021.44,1,S,5,N
73,787.04,1021.74,1,S,5,N
75,793.79,1022.04,1,S,5,N
76,794.18,1022.34,1,S,5,N
201,806.11,1022.64,2,E,5,N
135,772.00,1022.94,1,W,5,N
136,774.38,1023.24,1,W,5,N
137,780.39,1023.54,1,W,5,N
138,824.86,1023.84,1,W,5,N
139,827.21,1024.14,1,W,5,N
174,840.48,1024.44,1,E,5,N
176,868.88,1024.74,1,E,5,N
81,871.29,1098.90,1,S,5,W
80,868.06,1114.90,1,S,5,E
83,873.90,1121.04,1,S,5,N
142,879.02,1121.34,1,W,5,N
143,885.43,1121.64,1,W,5,N
144,888.19,1121.94,1,W,5,N