id,enter_time,exit_time,entrance_intersection,entrance_direction,exit_intersection,exit_direction
2,6.42,20.56,1,S,1,E
252,14.54,66.14,5,W,5,N
311,59.54,80.14,5,E,5,N
312,59.99,80.44,5,E,5,N
1,4.10,100.40,1,S,1,W
106,55.38,137.97,1,W,3,W
8,136.56,150.69,1,S,1,E
253,113.89,166.04,5,W,5,N
254,138.05,166.34,5,W,5,N
255,150.99,166.64,5,W,5,N
256,171.12,177.26,5,W,5,N
257,172.29,178.43,5,W,5,N
313,191.90,198.03,5,E,5,N
3,100.24,199.60,1,S,3,W
235,3.03,199.80,3,E,5,W
105,52.70,200.10,1,W,5,W
113,132.97,200.20,1,W,2,E
107,57.71,200.40,1,W,5,W
164,32.44,200.70,1,E,5,W
5,113.47,200.80,1,S,1,W
9,138.19,201.10,1,S,1,W
10,138.95,201.40,1,S,1,W
168,175.67,201.78,1,E,2,W
0,1.16,221.94,1,S,5,N
190,60.21,222.24,2,W,5,N
210,83.15,222.54,2,E,5,N
191,85.43,222.84,2,W,5,N
100,3.09,223.14,1,W,5,N
101,5.13,223.44,1,W,5,N
102,7.70,223.74,1,W,5,N
103,25.12,224.04,1,W,5,N
104,49.85,224.34,1,W,5,N
163,21.17,224.64,1,E,5,N
165,34.57,224.94,1,E,5,N
236,106.36,230.77,3,E,5,N
223,110.57,231.07,3,W,5,N
224,137.31,231.37,3,W,5,N
237,124.59,231.67,3,E,5,N
239,130.46,231.97,3,E,5,N
226,155.38,232.27,3,W,5,N
258,177.16,265.94,5,W,5,N
259,180.95,266.24,5,W,5,N
260,186.13,266.54,5,W,5,N
261,188.92,266.84,5,W,5,N
262,191.19,267.14,5,W,5,N
166,98.37,299.70,1,E,5,W
225,152.43,300.00,3,W,5,W
238,126.72,300.30,3,E,5,W
227,180.17,300.60,3,W,5,W
192,144.78,300.90,2,W,5,W
19,252.99,301.20,1,S,1,W
4,105.50,301.20,1,S,5,W
109,94.40,301.50,1,W,5,W
167,116.34,301.80,1,E,5,W
20,254.62,314.00,1,S,1,E
7,132.25,315.70,1,S,5,E
211,162.88,321.84,2,E,5,N
212,196.10,322.14,2,E,5,N
6,117.20,322.44,1,S,5,N
108,86.61,322.74,1,W,5,N
110,97.38,323.04,1,W,5,N
111,123.88,323.34,1,W,5,N
112,126.61,323.64,1,W,5,N
114,139.33,323.94,1,W,5,N
240,235.38,330.57,3,E,5,N
23,334.12,348.25,1,S,1,E
263,280.29,365.84,5,W,5,N
264,286.28,366.14,5,W,5,N
265,301.62,366.44,5,W,5,N
266,304.61,366.74,5,W,5,N
267,306.21,367.04,5,W,5,N
268,308.33,367.34,5,W,5,N
269,311.88,367.64,5,W,5,N
270,314.09,367.94,5,W,5,N
271,329.76,368.24,5,W,5,N
272,336.40,368.54,5,W,5,N
273,337.48,368.84,5,W,5,N
274,340.38,369.14,5,W,5,N
275,357.02,369.44,5,W,5,N
314,332.71,379.84,5,E,5,N
315,370.73,380.14,5,E,5,N
14,248.80,399.20,1,S,3,E
21,261.27,399.20,1,S,3,W
241,262.51,399.60,3,E,5,W
242,276.92,399.90,3,E,5,W
228,296.73,400.20,3,W,5,W
128,328.28,400.40,1,W,2,W
12,237.65,400.50,1,S,5,W
116,221.90,400.80,1,W,5,W
122,260.09,401.10,1,W,5,W
121,257.95,415.60,1,W,5,E
213,218.01,421.74,2,E,5,N
214,268.04,422.04,2,E,5,N
11,237.47,422.34,1,S,5,N
115,178.34,422.64,1,W,5,N
117,224.37,422.94,1,W,5,N
118,227.61,423.24,1,W,5,N
119,244.19,423.54,1,W,5,N
120,257.67,423.84,1,W,5,N
123,262.71,424.14,1,W,5,N
169,237.59,424.44,1,E,5,N
229,318.33,430.37,3,W,5,N
125,287.22,437.37,1,W,3,W
243,391.31,453.08,3,E,5,N
276,417.13,465.74,5,W,5,N
277,448.46,466.04,5,W,5,N
278,450.28,466.34,5,W,5,N
279,455.96,466.64,5,W,5,N
280,458.82,466.94,5,W,5,N
281,467.83,473.97,5,W,5,N
316,468.55,479.74,5,E,5,N
13,239.62,499.50,1,S,5,W
22,264.28,499.80,1,S,5,W
193,310.93,500.10,2,W,5,W
194,379.50,500.40,2,W,5,W
134,425.98,500.50,1,W,2,W
24,337.47,500.70,1,S,5,W
127,325.35,501.00,1,W,5,W
129,329.84,501.30,1,W,5,W
26,410.15,502.00,1,S,1,W
35,448.13,502.30,1,S,1,W
41,477.65,502.60,1,S,1,W
44,483.74,502.90,1,S,1,W
45,484.37,514.80,1,S,1,E
131,353.04,515.50,1,W,5,E
48,507.23,521.36,1,S,1,E
15,248.85,521.64,1,S,5,N
16,249.48,521.94,1,S,5,N
17,249.88,522.24,1,S,5,N
18,251.83,522.54,1,S,5,N
215,359.61,522.84,2,E,5,N
25,337.95,523.14,1,S,5,N
124,268.28,523.44,1,W,5,N
126,320.95,523.74,1,W,5,N
130,349.45,524.04,1,W,5,N
170,347.23,524.34,1,E,5,N
230,456.14,530.17,3,W,5,N
135,444.99,538.67,1,W,3,W
56,537.42,551.55,1,S,1,E
282,482.22,565.64,5,W,5,N
283,542.98,565.94,5,W,5,N
284,544.98,566.24,5,W,5,N
285,559.02,566.54,5,W,5,N
317,524.20,579.64,5,E,5,N
34,444.51,598.80,1,S,3,W
47,495.52,598.80,1,S,3,E
37,454.24,599.10,1,S,3,W
46,490.36,599.40,1,S,3,W
244,494.96,599.40,3,E,5,W
216,448.26,599.70,2,E,5,W
196,413.99,600.00,2,W,5,W
27,414.05,600.30,1,S,5,W
28,417.69,600.60,1,S,5,W
179,542.27,600.60,1,E,2,E
178,536.15,600.60,1,E,2,W
132,382.73,600.90,1,W,5,W
171,431.94,601.20,1,E,5,W
173,468.95,601.50,1,E,5,W
49,508.70,602.40,1,S,1,W
51,516.69,602.70,1,S,1,W
55,530.96,603.00,1,S,1,W
63,553.68,603.30,1,S,1,W
64,556.02,603.60,1,S,1,W
195,401.98,621.54,2,W,5,N
197,441.60,621.84,2,W,5,N
198,485.79,622.14,2,W,5,N
199,490.32,622.44,2,W,5,N
29,419.57,622.74,1,S,5,N
30,427.42,623.04,1,S,5,N
31,437.85,623.34,1,S,5,N
133,424.49,623.64,1,W,5,N
172,432.94,623.94,1,E,5,N
174,474.64,624.24,1,E,5,N
175,475.08,624.54,1,E,5,N
176,482.48,624.84,1,E,5,N
52,518.59,636.97,1,S,3,E
177,507.32,639.67,1,E,3,E
245,583.20,644.97,3,E,5,N
231,594.69,656.46,3,W,5,N
286,633.29,665.54,5,W,5,N
287,657.85,665.84,5,W,5,N
288,662.31,668.44,5,W,5,N
289,665.71,671.84,5,W,5,N
290,666.46,672.60,5,W,5,N
291,669.27,675.41,5,W,5,N
318,618.39,679.54,5,E,5,N
39,463.69,699.30,1,S,5,W
43,483.09,699.60,1,S,5,W
137,538.39,699.90,1,W,5,W
139,557.38,700.20,1,W,5,W
57,538.10,715.30,1,S,5,E
32,439.22,721.44,1,S,5,N
33,442.65,721.74,1,S,5,N
36,450.63,722.04,1,S,5,N
38,455.84,722.34,1,S,5,N
40,473.85,722.64,1,S,5,N
42,478.50,722.94,1,S,5,N
217,543.82,723.24,2,E,5,N
200,518.68,723.54,2,W,5,N
201,597.19,723.84,2,W,5,N
50,513.99,724.14,1,S,5,N
53,522.30,724.44,1,S,5,N
54,524.02,724.74,1,S,5,N
136,488.62,725.04,1,W,5,N
138,545.40,725.34,1,W,5,N
140,561.25,725.64,1,W,5,N
180,570.44,725.94,1,E,5,N
246,645.19,729.77,3,E,5,N
143,579.81,737.37,1,W,3,W
232,697.39,753.02,3,W,5,E
183,692.33,754.52,1,E,3,E
292,757.57,765.44,5,W,5,N
293,761.00,767.14,5,W,5,N
294,766.13,772.26,5,W,5,N
295,768.83,774.97,5,W,5,N
319,716.18,779.44,5,E,5,N
320,774.87,781.01,5,E,5,N
60,547.42,799.20,1,S,5,W
219,642.83,799.50,2,E,5,W
141,574.70,799.80,1,W,5,W
145,586.42,800.10,1,W,5,W
148,661.93,800.40,1,W,5,W
150,664.24,800.70,1,W,5,W
152,698.30,800.80,1,W,2,E
181,616.95,801.00,1,E,5,W
185,720.24,801.10,1,E,2,E
182,638.40,801.30,1,E,5,W
73,737.27,803.20,1,S,1,W
74,740.55,803.50,1,S,1,W
79,753.27,803.80,1,S,1,W
82,769.12,804.10,1,S,1,W
84,776.15,804.40,1,S,1,W
85,776.98,804.70,1,S,1,W
147,632.59,815.20,1,W,5,E
88,782.68,816.00,1,S,1,E
58,541.88,821.34,1,S,5,N
59,542.03,821.64,1,S,5,N
61,549.19,821.94,1,S,5,N
62,550.76,822.24,1,S,5,N
65,566.71,822.54,1,S,5,N
66,570.23,822.84,1,S,5,N
218,604.36,823.14,2,E,5,N
202,655.29,823.44,2,W,5,N
203,682.03,823.74,2,W,5,N
142,577.65,824.04,1,W,5,N
144,583.04,824.34,1,W,5,N
146,593.43,824.64,1,W,5,N
149,662.25,824.94,1,W,5,N
151,667.00,825.24,1,W,5,N
248,739.51,829.87,3,E,5,N
250,762.73,830.47,3,E,5,N
70,729.34,837.47,1,S,3,W
186,740.00,839.87,1,E,3,W
296,786.07,865.34,5,W,5,N
297,838.17,865.64,5,W,5,N
298,842.61,865.94,5,W,5,N
299,844.82,866.24,5,W,5,N
300,845.77,866.54,5,W,5,N
301,849.47,866.84,5,W,5,N
302,850.24,867.14,5,W,5,N
321,876.66,882.80,5,E,5,N
247,714.38,899.10,3,E,5,W
249,742.23,899.40,3,E,5,W
67,660.30,899.70,1,S,5,W
204,705.86,900.00,2,W,5,W
221,763.51,900.30,2,E,5,W
205,732.83,900.60,2,W,5,W
206,778.76,900.90,2,W,5,W
68,724.88,901.20,1,S,5,W
69,727.17,901.50,1,S,5,W
153,699.88,901.80,1,W,5,W
156,739.34,902.10,1,W,5,W
90,859.93,903.60,1,S,1,W
96,879.02,903.90,1,S,1,W
98,886.63,904.20,1,S,1,W
222,850.96,913.07,2,E,3,W
220,732.62,921.24,2,E,5,N
71,730.31,921.54,1,S,5,N
72,734.15,921.84,1,S,5,N
154,730.27,922.14,1,W,5,N
155,732.48,922.44,1,W,5,N
184,712.59,922.74,1,E,5,N
187,796.94,923.04,1,E,5,N
233,802.27,923.23,3,W,5,E
251,845.91,929.37,3,E,5,N
234,837.96,929.67,3,W,5,N
303,882.12,965.24,5,W,5,N
304,885.43,965.54,5,W,5,N
305,887.76,965.84,5,W,5,N
306,890.98,966.14,5,W,5,N
307,894.61,966.44,5,W,5,N
308,897.03,966.74,5,W,5,N
309,897.54,967.04,5,W,5,N
310,899.33,967.34,5,W,5,N
188,801.07,999.00,1,E,5,W
75,741.39,999.30,1,S,5,W
77,745.15,999.60,1,S,5,W
80,755.27,999.90,1,S,5,W
83,772.22,1000.20,1,S,5,W
87,782.02,1000.50,1,S,5,W
208,808.11,1000.80,2,W,5,W
157,788.33,1001.10,1,W,5,W
158,829.24,1001.40,1,W,5,W
159,845.58,1001.70,1,W,5,W
86,778.87,1015.00,1,S,5,E
207,806.46,1015.30,2,W,5,E
76,742.30,1021.14,1,S,5,N
78,748.77,1021.44,1,S,5,N
81,766.24,1021.74,1,S,5,N
209,832.36,1022.04,2,W,5,N
189,832.11,1022.34,1,E,5,N
91,867.44,1098.90,1,S,5,W
92,868.08,1099.20,1,S,5,W
95,871.49,1099.50,1,S,5,W
89,854.14,1121.04,1,S,5,N
93,868.39,1121.34,1,S,5,N
94,871.41,1121.64,1,S,5,N
97,886.52,1121.94,1,S,5,N
99,888.00,1122.24,1,S,5,N
160,874.68,1122.54,1,W,5,N
161,877.36,1122.84,1,W,5,N
162,895.97,1123.14,1,W,5,N