id,enter_time,exit_time,entrance_intersection,entrance_direction,exit_intersection,exit_direction
289,2.72,66.14,5,W,5,N
290,19.12,66.44,5,W,5,N
291,19.97,66.74,5,W,5,N
292,24.42,67.04,5,W,5,N
293,40.82,67.34,5,W,5,N
294,55.08,67.64,5,W,5,N
295,60.77,67.94,5,W,5,N
296,64.49,70.62,5,W,5,N
297,67.56,73.70,5,W,5,N
298,70.37,76.51,5,W,5,N
374,17.04,80.14,5,E,5,N
375,30.67,80.44,5,E,5,N
376,75.87,82.01,5,E,5,N
377,80.96,87.10,5,E,5,N
378,81.65,87.79,5,E,5,N
379,87.30,93.43,5,E,5,N
112,16.08,100.10,1,W,2,W
195,2.65,100.40,1,E,2,W
2,7.27,100.40,1,S,1,W
197,35.58,100.70,1,E,2,W
17,45.11,100.70,1,S,1,W
19,58.20,101.00,1,S,1,W
380,98.08,104.21,5,E,5,N
267,3.06,130.97,3,E,5,N
268,20.14,131.27,3,E,5,N
269,22.64,131.57,3,E,5,N
299,91.94,166.04,5,W,5,N
300,122.39,166.34,5,W,5,N
301,126.23,166.64,5,W,5,N
302,128.85,166.94,5,W,5,N
303,131.37,167.24,5,W,5,N
304,135.86,167.54,5,W,5,N
305,136.01,167.84,5,W,5,N
306,151.86,168.14,5,W,5,N
307,157.27,168.44,5,W,5,N
308,158.63,168.74,5,W,5,N
309,171.86,178.00,5,W,5,N
381,100.53,180.04,5,E,5,N
382,132.18,180.34,5,E,5,N
383,132.84,180.64,5,E,5,N
384,138.29,180.94,5,E,5,N
385,138.32,181.24,5,E,5,N
386,142.41,181.54,5,E,5,N
4,8.91,199.80,1,S,5,W
7,16.98,200.10,1,S,5,W
26,129.06,200.20,1,S,2,W
8,19.64,200.40,1,S,5,W
9,23.63,200.70,1,S,5,W
30,141.46,200.80,1,S,1,W
196,21.02,201.00,1,E,5,W
33,149.51,201.10,1,S,1,W
198,40.71,201.30,1,E,5,W
34,150.36,201.40,1,S,1,W
36,154.24,201.70,1,S,1,W
38,155.39,213.60,1,S,1,E
40,160.68,213.90,1,S,1,E
242,179.31,215.38,2,E,3,E
10,25.11,215.80,1,S,5,E
14,33.83,216.10,1,S,5,E
115,41.50,216.40,1,W,5,E
0,0.75,221.94,1,S,5,N
1,4.13,222.24,1,S,5,N
229,29.85,222.54,2,W,5,N
241,84.14,222.84,2,E,5,N
3,8.64,223.14,1,S,5,N
5,10.63,223.44,1,S,5,N
6,13.90,223.74,1,S,5,N
11,26.46,224.04,1,S,5,N
12,27.76,224.34,1,S,5,N
13,29.48,224.64,1,S,5,N
110,6.27,224.94,1,W,5,N
111,9.48,225.24,1,W,5,N
113,19.78,225.54,1,W,5,N
114,23.34,225.84,1,W,5,N
116,42.00,226.14,1,W,5,N
117,44.89,226.44,1,W,5,N
199,45.80,226.74,1,E,5,N
200,48.55,227.04,1,E,5,N
201,51.11,227.34,1,E,5,N
202,86.23,227.64,1,E,5,N
253,109.34,230.77,3,W,5,N
310,175.21,265.94,5,W,5,N
311,179.06,266.24,5,W,5,N
312,181.87,266.54,5,W,5,N
313,183.05,266.84,5,W,5,N
314,183.09,267.14,5,W,5,N
315,184.41,267.44,5,W,5,N
316,244.05,267.74,5,W,5,N
317,265.33,271.47,5,W,5,N
318,267.38,273.52,5,W,5,N
387,229.78,279.94,5,E,5,N
270,140.26,299.70,3,E,5,W
254,166.40,300.00,3,W,5,W
135,229.11,300.30,1,W,2,W
20,60.81,300.30,1,S,5,W
27,131.24,300.60,1,S,5,W
121,84.88,300.90,1,W,5,W
43,246.84,301.20,1,S,1,W
126,140.53,301.20,1,W,5,W
205,123.12,301.50,1,E,5,W
53,294.01,308.15,1,S,1,W
54,296.73,310.86,1,S,1,W
41,242.84,314.00,1,S,1,E
18,47.51,315.70,1,S,5,E
22,64.83,316.00,1,S,5,E
15,37.50,321.84,1,S,5,N
16,39.88,322.14,1,S,5,N
21,63.84,322.44,1,S,5,N
23,120.31,322.74,1,S,5,N
24,123.91,323.04,1,S,5,N
25,126.28,323.34,1,S,5,N
28,136.59,323.64,1,S,5,N
118,77.26,323.94,1,W,5,N
119,80.83,324.24,1,W,5,N
120,83.04,324.54,1,W,5,N
122,87.81,324.84,1,W,5,N
123,89.85,325.14,1,W,5,N
124,122.02,325.44,1,W,5,N
125,124.45,325.74,1,W,5,N
127,146.47,326.04,1,W,5,N
128,149.87,326.34,1,W,5,N
203,106.13,326.64,1,E,5,N
204,116.80,326.94,1,E,5,N
206,180.49,327.24,1,E,5,N
207,189.86,327.54,1,E,5,N
208,191.43,327.84,1,E,5,N
62,324.26,338.40,1,S,1,E
137,247.46,338.47,1,W,3,W
50,285.93,342.22,1,S,2,E
52,293.89,342.82,1,S,2,W
319,283.61,365.84,5,W,5,N
320,361.21,367.35,5,W,5,N
388,322.92,379.84,5,E,5,N
389,333.08,380.14,5,E,5,N
271,247.35,399.60,3,E,5,W
272,266.93,399.90,3,E,5,W
255,275.91,400.20,3,W,5,W
273,278.45,400.50,3,E,5,W
35,152.86,400.80,1,S,5,W
39,157.09,401.10,1,S,5,W
129,197.16,401.40,1,W,5,W
56,308.94,401.60,1,S,1,W
210,258.70,401.70,1,E,5,W
65,328.63,401.90,1,S,1,W
211,265.80,402.00,1,E,5,W
68,346.75,402.20,1,S,1,W
37,154.44,415.60,1,S,5,E
130,200.11,415.90,1,W,5,E
209,209.62,416.20,1,E,5,E
29,137.76,421.74,1,S,5,N
31,145.39,422.04,1,S,5,N
32,145.74,422.34,1,S,5,N
243,262.04,422.64,2,E,5,N
230,210.91,422.94,2,W,5,N
131,201.16,423.24,1,W,5,N
132,204.01,423.54,1,W,5,N
133,223.34,423.84,1,W,5,N
134,226.57,424.14,1,W,5,N
136,232.16,424.44,1,W,5,N
71,410.67,424.81,1,S,1,E
146,349.78,440.97,1,W,3,W
321,376.96,465.74,5,W,5,N
322,379.83,466.04,5,W,5,N
323,382.31,466.34,5,W,5,N
324,384.71,466.64,5,W,5,N
325,388.14,466.94,5,W,5,N
326,393.41,467.24,5,W,5,N
327,396.54,467.54,5,W,5,N
328,409.95,467.84,5,W,5,N
329,428.52,468.14,5,W,5,N
330,431.90,468.44,5,W,5,N
331,435.59,468.74,5,W,5,N
332,438.43,469.04,5,W,5,N
333,438.80,469.34,5,W,5,N
334,442.98,469.64,5,W,5,N
390,417.33,479.74,5,E,5,N
391,428.12,480.04,5,E,5,N
392,479.82,485.96,5,E,5,N
256,323.49,499.50,3,W,5,W
274,367.53,499.80,3,E,5,W
45,258.64,500.10,1,S,5,W
49,274.08,500.40,1,S,5,W
152,437.43,500.50,1,W,2,W
51,289.82,500.70,1,S,5,W
55,297.27,501.00,1,S,5,W
59,317.58,501.30,1,S,5,W
60,323.38,501.60,1,S,5,W
64,327.79,501.90,1,S,5,W
72,412.10,502.00,1,S,1,W
141,319.39,502.20,1,W,5,W
74,475.30,502.30,1,S,1,W
145,346.79,502.50,1,W,5,W
76,478.29,502.60,1,S,1,W
212,373.85,502.80,1,E,5,W
79,486.94,502.90,1,S,1,W
77,480.62,514.80,1,S,1,E
47,265.76,515.50,1,S,5,E
231,362.39,515.80,2,W,5,E
57,312.10,516.10,1,S,5,E
42,243.87,521.64,1,S,5,N
44,258.00,521.94,1,S,5,N
46,263.52,522.24,1,S,5,N
48,273.46,522.54,1,S,5,N
244,344.54,522.84,2,E,5,N
232,369.52,523.14,2,W,5,N
245,374.97,523.44,2,E,5,N
58,316.09,523.74,1,S,5,N
61,323.68,524.04,1,S,5,N
63,325.60,524.34,1,S,5,N
138,277.85,524.64,1,W,5,N
278,453.01,524.93,3,E,5,E
139,280.09,524.94,1,W,5,N
140,318.54,525.24,1,W,5,N
142,323.10,525.54,1,W,5,N
143,327.05,525.84,1,W,5,N
144,344.14,526.14,1,W,5,N
147,350.49,526.44,1,W,5,N
257,449.44,530.17,3,W,5,N
275,432.48,530.47,3,E,5,N
276,435.24,530.77,3,E,5,N
279,456.90,531.37,3,E,5,N
153,439.69,538.37,1,W,3,E
154,442.09,538.67,1,W,3,E
335,522.03,565.64,5,W,5,N
336,554.08,565.94,5,W,5,N
393,522.77,579.64,5,E,5,N
394,525.26,579.94,5,E,5,N
277,449.85,599.40,3,E,5,W
67,342.48,599.70,1,S,5,W
69,408.18,600.00,1,S,5,W
215,444.96,600.30,1,E,5,W
216,465.72,600.60,1,E,5,W
170,559.16,600.60,1,W,2,W
81,563.79,602.40,1,S,1,W
82,570.32,615.20,1,S,1,E
151,434.92,615.40,1,W,5,E
66,339.79,621.54,1,S,5,N
246,407.19,621.84,2,E,5,N
70,409.10,622.14,1,S,5,N
148,381.43,622.44,1,W,5,N
149,392.70,622.74,1,W,5,N
150,431.09,623.04,1,W,5,N
155,444.67,623.34,1,W,5,N
213,412.92,623.64,1,E,5,N
214,440.43,623.94,1,E,5,N
217,473.65,624.24,1,E,5,N
218,480.48,624.54,1,E,5,N
281,571.11,632.88,3,E,5,N
258,577.58,633.22,3,W,5,E
221,538.48,642.07,1,E,3,W
259,585.76,647.53,3,W,5,N
337,609.82,665.54,5,W,5,N
338,612.12,665.84,5,W,5,N
339,630.87,666.14,5,W,5,N
340,634.82,666.44,5,W,5,N
341,646.89,666.74,5,W,5,N
395,661.84,679.54,5,E,5,N
396,675.44,681.58,5,E,5,N
397,680.17,686.31,5,E,5,N
280,556.14,699.30,3,E,5,W
260,590.93,699.60,3,W,5,W
73,474.01,699.90,1,S,5,W
247,505.25,700.20,2,E,5,W
248,537.24,700.50,2,E,5,W
176,604.33,700.70,1,W,2,W
158,488.27,700.80,1,W,5,W
159,491.65,701.10,1,W,5,W
162,497.70,701.40,1,W,5,W
166,502.47,701.70,1,W,5,W
220,508.59,702.00,1,E,5,W
89,662.07,702.80,1,S,1,W
235,628.94,713.17,2,W,3,E
161,496.86,715.30,1,W,5,E
91,664.93,715.60,1,S,1,E
75,477.68,721.44,1,S,5,N
78,483.02,721.74,1,S,5,N
233,539.90,722.04,2,W,5,N
156,482.70,722.34,1,W,5,N
157,484.87,722.64,1,W,5,N
160,495.57,722.94,1,W,5,N
163,497.98,723.24,1,W,5,N
164,501.72,723.54,1,W,5,N
165,502.05,723.84,1,W,5,N
167,505.16,724.14,1,W,5,N
168,530.02,724.44,1,W,5,N
169,552.77,724.74,1,W,5,N
171,562.26,725.04,1,W,5,N
172,565.18,725.34,1,W,5,N
219,508.29,725.64,1,E,5,N
261,614.21,729.77,3,W,5,N
174,597.53,737.07,1,W,3,W
94,674.03,743.82,1,S,2,W
97,685.01,744.72,1,S,2,W
283,690.20,751.97,3,E,5,N
342,697.75,765.44,5,W,5,N
343,702.25,765.74,5,W,5,N
344,706.24,766.04,5,W,5,N
345,709.48,766.34,5,W,5,N
346,711.87,766.64,5,W,5,N
347,712.70,766.94,5,W,5,N
348,716.42,767.24,5,W,5,N
349,734.35,767.54,5,W,5,N
350,739.76,767.84,5,W,5,N
351,742.99,768.14,5,W,5,N
352,748.04,768.44,5,W,5,N
353,751.09,768.74,5,W,5,N
354,751.44,769.04,5,W,5,N
355,754.41,769.34,5,W,5,N
398,785.54,791.67,5,E,5,N
88,659.61,798.40,1,S,3,W
282,601.35,799.20,3,E,5,W
80,560.13,799.50,1,S,5,W
83,572.78,799.80,1,S,5,W
84,573.38,800.10,1,S,5,W
249,634.71,800.40,2,E,5,W
236,657.05,800.70,2,W,5,W
187,757.39,800.80,1,W,2,W
173,595.29,801.00,1,W,5,W
177,606.73,801.30,1,W,5,W
179,658.77,801.60,1,W,5,W
222,677.62,801.90,1,E,5,W
102,764.79,803.20,1,S,1,W
399,799.09,805.23,5,E,5,N
234,608.84,821.34,2,W,5,N
175,601.30,821.64,1,W,5,N
178,656.75,821.94,1,W,5,N
223,687.67,822.24,1,E,5,N
285,737.32,829.87,3,E,5,N
286,762.58,830.17,3,E,5,N
182,695.31,837.77,1,W,3,W
184,702.05,838.37,1,W,3,E
186,753.54,838.97,1,W,3,W
287,790.19,851.96,3,E,5,N
356,779.10,865.34,5,W,5,N
357,783.37,865.64,5,W,5,N
358,786.61,865.94,5,W,5,N
359,787.81,866.24,5,W,5,N
360,791.55,866.54,5,W,5,N
361,794.80,866.84,5,W,5,N
362,797.92,867.14,5,W,5,N
363,811.45,867.44,5,W,5,N
364,814.25,867.74,5,W,5,N
365,814.37,868.04,5,W,5,N
366,818.01,868.34,5,W,5,N
367,821.66,868.64,5,W,5,N
368,824.53,868.94,5,W,5,N
369,826.33,869.24,5,W,5,N
370,829.85,869.54,5,W,5,N
371,859.60,869.84,5,W,5,N
262,727.58,899.10,3,W,5,W
284,701.84,899.40,3,E,5,W
263,750.81,899.70,3,W,5,W
90,663.43,900.00,1,S,5,W
95,677.62,900.30,1,S,5,W
99,688.88,900.60,1,S,5,W
237,704.45,900.90,2,W,5,W
251,799.05,901.20,2,E,5,W
100,688.97,901.50,1,S,5,W
185,705.25,901.80,1,W,5,W
188,765.16,902.10,1,W,5,W
224,756.12,902.40,1,E,5,W
109,852.96,903.60,1,S,1,W
225,793.04,910.87,1,E,5,W
252,866.34,913.07,2,E,3,W
85,655.10,915.10,1,S,5,E
86,656.58,921.24,1,S,5,N
87,659.02,921.54,1,S,5,N
92,670.25,921.84,1,S,5,N
93,673.73,922.14,1,S,5,N
96,683.32,922.44,1,S,5,N
98,688.83,922.74,1,S,5,N
250,702.64,923.04,2,E,5,N
238,728.92,923.34,2,W,5,N
180,675.47,923.64,1,W,5,N
181,678.87,923.94,1,W,5,N
183,699.69,924.24,1,W,5,N
265,825.18,929.67,3,W,5,N
266,863.45,929.97,3,W,5,N
192,862.27,938.17,1,W,3,W
288,896.99,958.76,3,E,5,N
372,872.63,965.24,5,W,5,N
373,874.93,965.54,5,W,5,N
264,806.04,999.00,3,W,5,W
189,815.32,999.30,1,W,5,W
190,855.68,999.60,1,W,5,W
193,865.39,999.90,1,W,5,W
226,808.34,1000.20,1,E,5,W
227,888.88,1006.70,1,E,5,W
101,764.41,1021.14,1,S,5,N
103,767.88,1021.44,1,S,5,N
104,768.95,1021.74,1,S,5,N
239,883.05,1022.04,2,W,5,N
240,884.75,1022.34,2,W,5,N
105,838.65,1022.64,1,S,5,N
191,859.47,1022.94,1,W,5,N
194,866.39,1023.24,1,W,5,N
228,891.53,1023.54,1,E,5,N
106,845.34,1098.90,1,S,5,W
108,846.76,1099.20,1,S,5,W
107,846.01,1114.90,1,S,5,E