id,enter_time,exit_time,entrance_intersection,entrance_direction,exit_intersection,exit_direction
0,3.40,17.54,1,S,1,E
2,7.39,21.52,1,S,1,E
3,8.90,23.03,1,S,1,E
215,2.67,66.14,5,W,5,N
216,33.74,66.44,5,W,5,N
217,36.18,66.74,5,W,5,N
218,62.16,68.29,5,W,5,N
219,64.44,70.57,5,W,5,N
220,68.28,74.41,5,W,5,N
285,85.85,91.98,5,E,5,N
14,45.02,100.40,1,S,1,W
16,49.90,100.70,1,S,1,W
21,73.43,101.00,1,S,1,W
26,86.44,101.30,1,S,1,W
286,97.06,103.20,5,E,5,N
20,67.60,113.20,1,S,1,E
195,20.45,131.27,3,E,5,N
197,57.95,131.87,3,E,5,N
12,40.45,139.32,1,S,2,W
221,80.79,166.04,5,W,5,N
222,85.11,166.34,5,W,5,N
223,89.53,166.64,5,W,5,N
224,95.12,166.94,5,W,5,N
225,98.44,167.24,5,W,5,N
226,127.55,167.54,5,W,5,N
227,128.01,167.84,5,W,5,N
228,129.23,168.14,5,W,5,N
287,121.72,180.04,5,E,5,N
288,136.29,180.34,5,E,5,N
289,145.10,180.64,5,E,5,N
290,179.15,185.29,5,E,5,N
291,182.37,188.51,5,E,5,N
17,58.58,199.60,1,S,3,W
194,3.81,199.80,3,E,5,W
196,43.26,200.10,3,E,5,W
165,79.66,200.40,2,W,5,W
7,14.23,200.70,1,S,5,W
31,153.84,200.80,1,S,1,W
8,19.94,201.00,1,S,5,W
32,158.55,201.10,1,S,1,W
9,21.15,201.30,1,S,5,W
33,161.50,201.40,1,S,1,W
10,22.84,201.60,1,S,5,W
11,36.96,201.90,1,S,5,W
86,44.71,202.20,1,W,5,W
29,152.94,213.60,1,S,1,E
39,182.87,213.90,1,S,1,E
173,51.65,215.80,2,E,5,E
164,19.96,221.94,2,W,5,N
1,4.49,222.24,1,S,5,N
4,8.92,222.54,1,S,5,N
5,10.40,222.84,1,S,5,N
6,12.40,223.14,1,S,5,N
87,63.91,223.44,1,W,5,N
145,33.49,223.74,1,E,5,N
146,34.30,224.04,1,E,5,N
184,135.25,230.77,3,W,5,N
198,142.03,231.07,3,E,5,N
199,159.12,231.37,3,E,5,N
147,120.36,238.07,1,E,3,E
200,178.02,239.79,3,E,5,N
38,179.27,241.22,1,S,2,W
186,195.48,257.25,3,W,5,N
229,182.11,265.94,5,W,5,N
230,198.73,266.24,5,W,5,N
231,202.92,266.54,5,W,5,N
232,260.19,266.84,5,W,5,N
233,261.22,267.36,5,W,5,N
234,266.40,272.54,5,W,5,N
235,268.57,274.71,5,W,5,N
41,186.55,299.40,1,S,3,E
185,149.65,299.70,3,W,5,W
201,197.15,300.00,3,E,5,W
99,213.73,300.30,1,W,2,W
19,60.62,300.30,1,S,5,W
23,79.85,300.60,1,S,5,W
24,83.56,300.90,1,S,5,W
27,89.47,301.20,1,S,5,W
175,178.60,301.50,2,E,5,W
90,131.32,301.80,1,W,5,W
92,140.23,302.10,1,W,5,W
13,42.47,321.84,1,S,5,N
15,47.29,322.14,1,S,5,N
18,60.45,322.44,1,S,5,N
22,77.07,322.74,1,S,5,N
25,83.62,323.04,1,S,5,N
28,89.71,323.34,1,S,5,N
174,144.72,323.64,2,E,5,N
88,70.01,323.94,1,W,5,N
89,97.56,324.24,1,W,5,N
91,133.50,324.54,1,W,5,N
93,147.08,324.84,1,W,5,N
94,166.45,336.37,1,W,3,E
96,174.16,336.97,1,W,3,E
236,275.21,365.84,5,W,5,N
237,292.04,366.14,5,W,5,N
238,296.42,366.44,5,W,5,N
239,324.59,366.74,5,W,5,N
240,336.71,367.04,5,W,5,N
241,338.75,367.34,5,W,5,N
242,351.28,367.64,5,W,5,N
243,355.13,367.94,5,W,5,N
244,355.58,368.24,5,W,5,N
245,363.25,369.39,5,W,5,N
246,366.82,372.95,5,W,5,N
292,325.31,379.84,5,E,5,N
293,332.10,380.14,5,E,5,N
294,332.66,380.44,5,E,5,N
295,340.22,380.74,5,E,5,N
296,384.18,390.32,5,E,5,N
43,193.00,399.60,1,S,5,W
45,202.63,399.90,1,S,5,W
101,219.68,400.20,1,W,5,W
104,247.05,400.50,1,W,5,W
148,233.24,400.80,1,E,5,W
177,343.69,412.57,2,E,3,W
95,171.07,415.60,1,W,5,E
30,153.42,421.74,1,S,5,N
34,170.32,422.04,1,S,5,N
35,171.61,422.34,1,S,5,N
36,172.69,422.64,1,S,5,N
37,175.50,422.94,1,S,5,N
40,185.56,423.24,1,S,5,N
42,187.61,423.54,1,S,5,N
44,199.56,423.84,1,S,5,N
176,263.53,424.14,2,E,5,N
166,265.02,424.44,2,W,5,N
97,204.64,424.74,1,W,5,N
98,209.98,425.04,1,W,5,N
100,216.10,425.34,1,W,5,N
102,226.64,425.64,1,W,5,N
103,243.25,425.94,1,W,5,N
149,244.17,426.24,1,E,5,N
150,280.47,426.54,1,E,5,N
202,307.39,430.37,3,E,5,N
187,333.47,430.67,3,W,5,N
247,427.87,465.74,5,W,5,N
248,432.06,466.04,5,W,5,N
249,453.89,466.34,5,W,5,N
250,455.54,466.64,5,W,5,N
251,458.51,466.94,5,W,5,N
252,459.82,467.24,5,W,5,N
253,464.49,470.62,5,W,5,N
254,468.16,474.30,5,W,5,N
203,333.57,499.50,3,E,5,W
46,275.27,499.80,1,S,5,W
47,275.84,500.10,1,S,5,W
105,291.12,500.40,1,W,5,W
112,431.38,500.50,1,W,2,W
167,430.13,512.67,2,W,3,E
48,279.20,521.64,1,S,5,N
49,279.90,521.94,1,S,5,N
106,329.80,522.24,1,W,5,N
151,377.82,522.54,1,E,5,N
188,462.79,530.17,3,W,5,N
107,371.14,536.57,1,W,3,W
255,473.49,565.64,5,W,5,N
256,475.59,565.94,5,W,5,N
257,495.08,566.24,5,W,5,N
258,497.87,566.54,5,W,5,N
259,500.13,566.84,5,W,5,N
260,500.71,567.14,5,W,5,N
261,501.55,567.44,5,W,5,N
262,501.81,567.74,5,W,5,N
263,522.65,568.04,5,W,5,N
264,523.00,568.34,5,W,5,N
265,536.99,568.64,5,W,5,N
266,562.63,568.76,5,W,5,N
297,516.62,579.64,5,E,5,N
59,479.04,598.80,1,S,3,E
204,441.84,599.40,3,E,5,W
205,444.51,599.70,3,E,5,W
206,472.00,600.00,3,E,5,W
178,411.27,600.30,2,E,5,W
108,389.45,600.60,1,W,5,W
119,488.24,600.60,1,W,2,W
110,414.46,600.90,1,W,5,W
111,428.66,601.20,1,W,5,W
114,450.69,601.50,1,W,5,W
115,452.94,601.80,1,W,5,W
116,455.80,602.10,1,W,5,W
54,368.62,615.40,1,S,5,E
58,383.62,615.70,1,S,5,E
152,417.58,616.00,1,E,5,E
50,357.79,621.54,1,S,5,N
51,360.11,621.84,1,S,5,N
52,362.43,622.14,1,S,5,N
53,365.18,622.44,1,S,5,N
55,371.28,622.74,1,S,5,N
56,374.12,623.04,1,S,5,N
57,377.34,623.34,1,S,5,N
109,396.14,623.64,1,W,5,N
113,438.84,623.94,1,W,5,N
117,457.80,624.24,1,W,5,N
118,461.39,624.54,1,W,5,N
63,615.10,629.24,1,S,1,E
180,593.29,629.37,2,E,3,W
209,528.15,630.57,3,E,5,N
124,538.04,638.17,1,W,3,E
189,588.38,650.15,3,W,5,N
267,584.46,665.54,5,W,5,N
268,658.21,665.84,5,W,5,N
269,661.54,667.68,5,W,5,N
298,623.28,679.54,5,E,5,N
207,506.66,699.30,3,E,5,W
208,509.98,699.60,3,E,5,W
120,506.94,699.90,1,W,5,W
154,542.11,700.20,1,E,5,W
128,584.01,700.70,1,W,2,W
129,626.65,701.00,1,W,2,W
157,671.78,701.30,1,E,2,W
61,608.33,702.80,1,S,1,W
67,671.89,703.10,1,S,1,W
168,502.78,721.44,2,W,5,N
179,509.92,721.74,2,E,5,N
60,531.61,722.04,1,S,5,N
121,524.75,722.34,1,W,5,N
122,531.83,722.64,1,W,5,N
123,537.34,722.94,1,W,5,N
125,541.15,723.24,1,W,5,N
153,512.37,723.54,1,E,5,N
155,563.76,723.84,1,E,5,N
156,566.05,724.14,1,E,5,N
210,618.97,729.77,3,E,5,N
211,621.68,730.07,3,E,5,N
68,676.31,741.72,1,S,2,W
270,695.35,765.44,5,W,5,N
271,699.22,765.74,5,W,5,N
272,699.62,766.04,5,W,5,N
273,705.06,766.34,5,W,5,N
274,708.74,766.64,5,W,5,N
275,741.22,766.94,5,W,5,N
299,723.78,779.44,5,E,5,N
65,620.44,799.20,1,S,5,W
66,622.34,799.50,1,S,5,W
127,580.38,799.80,1,W,5,W
69,738.29,803.20,1,S,1,W
77,766.00,803.50,1,S,1,W
169,659.68,815.20,2,W,5,E
126,579.17,815.50,1,W,5,E
73,755.86,816.00,1,S,1,E
181,684.83,821.34,2,E,5,N
62,610.05,821.64,1,S,5,N
64,616.49,821.94,1,S,5,N
130,646.54,822.24,1,W,5,N
131,646.65,822.54,1,W,5,N
190,732.94,829.57,3,W,5,N
276,778.22,865.34,5,W,5,N
277,799.44,865.64,5,W,5,N
278,801.50,865.94,5,W,5,N
279,801.96,866.24,5,W,5,N
280,835.20,866.54,5,W,5,N
281,839.01,866.84,5,W,5,N
282,859.64,867.14,5,W,5,N
283,862.41,868.55,5,W,5,N
284,865.39,871.53,5,W,5,N
300,871.80,879.34,5,E,5,N
76,763.11,898.20,1,S,3,W
212,711.99,899.10,3,E,5,W
191,773.96,899.40,3,W,5,W
171,756.53,899.70,2,W,5,W
182,777.78,900.00,2,E,5,W
133,689.32,900.30,1,W,5,W
159,757.95,900.60,1,E,5,W
162,837.67,900.90,1,E,2,E
80,825.63,903.60,1,S,1,W
82,830.65,903.90,1,S,1,W
83,837.75,904.20,1,S,1,W
85,840.25,904.50,1,S,1,W
136,764.92,915.10,1,W,5,E
170,710.21,921.24,2,W,5,N
132,686.58,921.54,1,W,5,N
134,702.35,921.84,1,W,5,N
135,720.92,922.14,1,W,5,N
158,708.08,922.44,1,E,5,N
213,805.48,929.37,3,E,5,N
214,807.77,929.67,3,E,5,N
79,824.29,937.27,1,S,3,W
192,888.55,950.32,3,W,5,N
163,889.32,951.50,1,E,3,E
193,895.92,957.69,3,W,5,N
70,740.80,999.00,1,S,5,W
72,752.80,999.30,1,S,5,W
183,857.79,999.60,2,E,5,W
78,823.14,999.90,1,S,5,W
137,798.30,1000.20,1,W,5,W
138,799.50,1000.50,1,W,5,W
140,802.51,1000.80,1,W,5,W
143,862.61,1001.10,1,W,5,W
160,829.03,1001.40,1,E,5,W
161,832.23,1001.70,1,E,5,W
74,755.91,1015.00,1,S,5,E
71,741.06,1021.14,1,S,5,N
75,761.94,1021.44,1,S,5,N
172,805.66,1021.74,2,W,5,N
81,829.49,1022.04,1,S,5,N
84,839.35,1022.34,1,S,5,N
139,800.09,1022.64,1,W,5,N
141,822.29,1022.94,1,W,5,N
142,862.02,1023.24,1,W,5,N
144,888.99,1121.04,1,W,5,N