id,enter_time,exit_time,entrance_intersection,entrance_direction,exit_intersection,exit_direction
210,2.80,66.14,5,W,5,N
211,69.12,75.26,5,W,5,N
269,5.92,80.14,5,E,5,N
270,22.51,80.44,5,E,5,N
271,26.32,80.74,5,E,5,N
272,59.24,81.04,5,E,5,N
5,25.04,100.10,1,S,2,W
6,28.28,100.40,1,S,2,W
0,6.84,100.40,1,S,1,W
59,5.34,100.70,1,W,2,W
64,53.44,101.00,1,W,2,W
8,97.11,113.20,1,S,1,E
175,41.03,130.97,3,W,5,N
187,37.29,131.27,3,E,5,N
188,52.20,131.57,3,E,5,N
189,71.12,132.89,3,E,5,N
63,50.98,138.57,1,W,3,E
212,98.14,166.04,5,W,5,N
213,100.57,166.34,5,W,5,N
214,104.25,166.64,5,W,5,N
215,131.67,166.94,5,W,5,N
216,134.41,167.24,5,W,5,N
217,136.72,167.54,5,W,5,N
218,140.71,167.84,5,W,5,N
219,144.69,168.14,5,W,5,N
220,147.99,168.44,5,W,5,N
221,152.03,168.74,5,W,5,N
222,154.10,169.04,5,W,5,N
223,158.87,169.34,5,W,5,N
154,19.55,199.80,2,W,5,W
58,2.61,200.10,1,W,5,W
22,138.91,200.80,1,S,1,W
153,3.95,221.94,2,W,5,N
161,98.41,222.24,2,E,5,N
1,12.27,222.54,1,S,5,N
2,15.92,222.84,1,S,5,N
3,19.08,223.14,1,S,5,N
4,22.95,223.44,1,S,5,N
60,8.78,223.74,1,W,5,N
61,11.24,224.04,1,W,5,N
62,43.03,224.34,1,W,5,N
122,5.54,224.64,1,E,5,N
123,57.73,224.94,1,E,5,N
190,148.17,230.77,3,E,5,N
176,143.91,231.07,3,W,5,N
191,151.40,231.37,3,E,5,N
13,112.19,237.17,1,S,3,W
15,116.47,237.77,1,S,3,E
16,118.10,238.07,1,S,3,W
18,121.29,238.67,1,S,3,W
19,123.96,238.97,1,S,3,W
65,100.36,239.87,1,W,3,E
68,136.82,240.77,1,W,3,E
194,186.06,247.83,3,E,5,N
126,191.33,253.52,1,E,3,E
224,195.00,265.94,5,W,5,N
225,197.33,266.24,5,W,5,N
226,199.35,266.54,5,W,5,N
227,214.14,266.84,5,W,5,N
228,216.20,267.14,5,W,5,N
229,219.02,267.44,5,W,5,N
230,271.44,277.57,5,W,5,N
273,202.22,279.94,5,E,5,N
274,220.37,280.24,5,E,5,N
275,255.57,280.54,5,E,5,N
276,255.79,280.84,5,E,5,N
277,256.48,281.14,5,E,5,N
26,145.94,299.40,1,S,3,E
25,144.89,299.40,1,S,3,W
278,293.47,299.60,5,E,5,N
27,148.97,299.70,1,S,3,W
124,97.25,299.70,1,E,5,W
177,146.80,300.00,3,W,5,W
192,154.55,300.30,3,E,5,W
193,157.89,300.60,3,E,5,W
10,104.93,300.90,1,S,5,W
20,135.41,301.20,1,S,5,W
66,130.62,301.50,1,W,5,W
279,295.49,301.63,5,E,5,N
125,171.27,301.80,1,E,5,W
67,133.36,315.70,1,W,5,E
7,95.73,321.84,1,S,5,N
9,104.55,322.14,1,S,5,N
162,139.66,322.44,2,E,5,N
11,108.04,322.74,1,S,5,N
12,111.47,323.04,1,S,5,N
14,115.12,323.34,1,S,5,N
17,119.16,323.64,1,S,5,N
21,135.76,323.94,1,S,5,N
178,262.12,330.57,3,W,5,N
179,268.13,330.87,3,W,5,N
195,283.43,345.20,3,E,5,N
231,317.17,365.84,5,W,5,N
232,322.98,366.14,5,W,5,N
233,324.11,366.44,5,W,5,N
234,327.05,366.74,5,W,5,N
235,348.95,367.04,5,W,5,N
236,350.60,367.34,5,W,5,N
237,354.52,367.64,5,W,5,N
238,356.56,367.94,5,W,5,N
155,207.35,399.60,2,W,5,W
163,228.91,399.90,2,E,5,W
30,225.08,400.20,1,S,5,W
34,324.09,400.40,1,S,2,W
132,321.71,400.40,1,E,2,E
71,212.44,400.50,1,W,5,W
127,208.78,400.80,1,E,5,W
130,274.38,401.10,1,E,5,W
36,332.61,401.60,1,S,1,W
32,229.92,415.60,1,S,5,E
23,141.52,421.74,1,S,5,N
24,141.98,422.04,1,S,5,N
28,153.61,422.34,1,S,5,N
29,155.17,422.64,1,S,5,N
156,281.21,422.94,2,W,5,N
31,228.67,423.24,1,S,5,N
33,232.28,423.54,1,S,5,N
69,169.44,423.84,1,W,5,N
70,169.82,424.14,1,W,5,N
72,243.70,424.44,1,W,5,N
128,214.85,424.74,1,E,5,N
129,253.47,425.04,1,E,5,N
239,395.48,465.74,5,W,5,N
240,399.30,466.04,5,W,5,N
241,426.80,466.34,5,W,5,N
242,430.35,466.64,5,W,5,N
243,446.66,466.94,5,W,5,N
244,465.01,471.15,5,W,5,N
280,437.20,479.74,5,E,5,N
281,441.18,480.04,5,E,5,N
282,488.96,495.09,5,E,5,N
196,388.51,499.50,3,E,5,W
165,351.86,499.80,2,E,5,W
73,269.66,500.10,1,W,5,W
77,320.76,500.40,1,W,5,W
78,339.79,500.70,1,W,5,W
79,342.10,501.00,1,W,5,W
133,327.32,501.30,1,E,5,W
134,362.22,501.60,1,E,5,W
39,416.75,502.00,1,S,1,W
164,309.86,521.64,2,E,5,N
35,327.07,521.94,1,S,5,N
37,333.42,522.24,1,S,5,N
74,294.04,522.54,1,W,5,N
75,313.95,522.84,1,W,5,N
76,316.29,523.14,1,W,5,N
131,316.70,523.44,1,E,5,N
197,416.71,530.17,3,E,5,N
181,434.03,530.47,3,W,5,N
199,452.74,530.77,3,E,5,N
200,455.09,531.07,3,E,5,N
42,518.52,532.65,1,S,1,E
135,411.89,539.27,1,E,3,W
245,479.25,565.64,5,W,5,N
246,482.47,565.94,5,W,5,N
247,570.16,576.29,5,W,5,N
180,403.11,599.40,3,W,5,W
198,449.65,599.70,3,E,5,W
167,453.83,600.00,2,E,5,W
83,417.27,600.30,1,W,5,W
84,420.72,600.60,1,W,5,W
85,433.93,600.90,1,W,5,W
86,435.11,601.20,1,W,5,W
137,455.94,601.50,1,E,5,W
44,521.72,602.40,1,S,1,W
166,420.76,621.54,2,E,5,N
157,463.58,621.84,2,W,5,N
38,414.92,622.14,1,S,5,N
80,373.58,622.44,1,W,5,N
81,407.32,622.74,1,W,5,N
82,414.06,623.04,1,W,5,N
87,438.40,623.34,1,W,5,N
136,437.49,623.64,1,E,5,N
182,548.15,623.83,3,W,5,E
201,526.86,629.97,3,E,5,N
183,564.02,630.27,3,W,5,N
203,549.76,630.57,3,E,5,N
204,564.13,630.87,3,E,5,N
88,467.43,637.27,1,W,3,W
97,556.06,639.97,1,W,3,E
138,521.95,640.27,1,E,3,W
205,589.28,651.05,3,E,5,N
248,583.53,665.54,5,W,5,N
249,598.77,665.84,5,W,5,N
250,609.24,666.14,5,W,5,N
251,614.13,666.44,5,W,5,N
252,672.45,678.59,5,W,5,N
283,630.11,679.54,5,E,5,N
202,546.57,699.30,3,E,5,W
158,531.20,699.60,2,W,5,W
43,520.34,699.90,1,S,5,W
92,515.52,700.20,1,W,5,W
47,635.23,700.70,1,S,2,W
48,638.26,700.70,1,S,2,E
46,631.26,702.80,1,S,1,W
50,644.36,703.10,1,S,1,W
41,506.53,715.30,1,S,5,E
93,522.14,715.60,1,W,5,E
40,503.91,721.44,1,S,5,N
168,502.54,721.74,2,E,5,N
169,539.07,722.04,2,E,5,N
89,482.75,722.34,1,W,5,N
90,484.46,722.64,1,W,5,N
91,488.36,722.94,1,W,5,N
94,542.68,723.24,1,W,5,N
95,546.57,723.54,1,W,5,N
206,651.21,723.63,3,E,5,E
96,553.92,723.84,1,W,5,N
139,526.25,724.14,1,E,5,N
104,631.71,738.57,1,W,3,E
143,656.86,740.07,1,E,3,E
184,692.67,754.44,3,W,5,N
185,692.79,754.56,3,W,5,N
253,672.96,765.44,5,W,5,N
254,675.51,765.74,5,W,5,N
255,682.15,766.04,5,W,5,N
256,713.91,766.34,5,W,5,N
257,715.99,766.64,5,W,5,N
258,722.70,766.94,5,W,5,N
259,755.55,767.24,5,W,5,N
260,759.37,767.54,5,W,5,N
284,718.72,779.44,5,E,5,N
285,731.79,779.74,5,E,5,N
140,601.31,799.20,1,E,5,W
45,570.78,799.50,1,S,5,W
99,596.48,799.80,1,W,5,W
103,613.81,800.10,1,W,5,W
142,634.83,800.40,1,E,5,W
112,750.17,800.80,1,W,2,W
144,693.26,811.09,1,E,5,W
160,776.21,813.27,2,W,3,E
101,600.11,815.20,1,W,5,E
170,638.09,821.34,2,E,5,N
171,685.87,821.64,2,E,5,N
98,584.46,821.94,1,W,5,N
100,597.64,822.24,1,W,5,N
102,611.72,822.54,1,W,5,N
105,643.56,822.84,1,W,5,N
106,662.41,823.14,1,W,5,N
141,632.44,823.44,1,E,5,N
145,697.06,823.74,1,E,5,N
146,700.38,824.33,1,E,5,N
207,743.90,829.57,3,E,5,N
261,777.69,865.34,5,W,5,N
262,782.31,865.64,5,W,5,N
263,848.08,865.94,5,W,5,N
264,851.47,866.24,5,W,5,N
265,855.39,866.54,5,W,5,N
266,860.03,866.84,5,W,5,N
286,865.83,879.34,5,E,5,N
287,867.63,879.64,5,E,5,N
208,768.01,899.10,3,E,5,W
49,642.13,899.40,1,S,5,W
52,650.50,899.70,1,S,5,W
54,654.52,900.00,1,S,5,W
159,709.34,900.30,2,W,5,W
107,707.82,900.60,1,W,5,W
108,714.16,900.90,1,W,5,W
57,839.06,900.90,1,S,2,W
109,746.04,901.20,1,W,5,W
147,707.47,901.50,1,E,5,W
288,898.19,904.33,5,E,5,N
174,883.68,919.76,2,E,3,W
51,647.82,921.24,1,S,5,N
53,654.41,921.54,1,S,5,N
172,768.98,921.84,2,E,5,N
55,720.78,922.14,1,S,5,N
110,748.90,922.44,1,W,5,N
111,749.59,922.74,1,W,5,N
148,785.86,923.04,1,E,5,N
209,876.47,938.24,3,E,5,N
267,878.87,965.24,5,W,5,N
268,881.34,965.54,5,W,5,N
186,805.09,999.00,3,W,5,W
173,838.61,999.30,2,E,5,W
113,784.11,999.60,1,W,5,W
114,822.34,999.90,1,W,5,W
115,825.17,1000.20,1,W,5,W
150,819.27,1000.50,1,E,5,W
149,812.91,1015.00,1,E,5,E
56,763.19,1021.14,1,S,5,N
116,858.10,1021.44,1,W,5,N
117,860.82,1021.74,1,W,5,N
151,875.74,1022.04,1,E,5,N
118,868.41,1037.07,1,W,3,W
152,896.75,1098.90,1,E,5,W
119,878.47,1099.20,1,W,5,W
120,881.40,1099.50,1,W,5,W
121,883.33,1121.04,1,W,5,N