id,enter_time,exit_time,entrance_intersection,entrance_direction,exit_intersection,exit_direction
225,50.73,66.14,5,W,5,N
226,55.26,66.44,5,W,5,N
227,57.77,66.74,5,W,5,N
228,71.82,77.96,5,W,5,N
269,30.47,80.14,5,E,5,N
132,66.13,100.10,1,E,2,W
11,31.73,100.10,1,S,2,E
12,35.56,100.40,1,S,2,E
5,19.84,100.40,1,S,1,W
176,61.57,112.27,2,E,3,W
207,50.28,125.43,3,E,5,E
206,47.91,131.27,3,E,5,N
81,3.46,139.17,1,W,3,E
133,70.50,140.07,1,E,3,W
229,103.15,166.04,5,W,5,N
230,106.46,166.34,5,W,5,N
231,139.97,166.64,5,W,5,N
232,172.74,178.88,5,W,5,N
270,132.30,180.04,5,E,5,N
271,133.94,180.34,5,E,5,N
272,142.89,180.64,5,E,5,N
273,151.37,180.94,5,E,5,N
13,37.66,199.60,1,S,3,W
205,29.68,199.80,3,E,5,W
3,15.27,200.10,1,S,5,W
7,23.73,200.40,1,S,5,W
10,30.08,200.70,1,S,5,W
16,147.08,200.80,1,S,1,W
22,161.93,201.10,1,S,1,W
177,138.94,212.37,2,E,3,W
25,169.52,213.60,1,S,1,E
1,9.64,215.80,1,S,5,E
163,20.55,221.94,2,W,5,N
164,38.81,222.24,2,W,5,N
0,7.81,222.54,1,S,5,N
2,13.23,222.84,1,S,5,N
4,18.01,223.14,1,S,5,N
6,20.65,223.44,1,S,5,N
8,25.31,223.74,1,S,5,N
9,29.14,224.04,1,S,5,N
82,11.26,224.34,1,W,5,N
83,36.51,224.64,1,W,5,N
190,142.72,230.77,3,W,5,N
209,140.91,231.07,3,E,5,N
86,87.69,236.87,1,W,3,E
233,216.51,265.94,5,W,5,N
234,221.28,266.24,5,W,5,N
235,222.34,266.54,5,W,5,N
236,224.84,266.84,5,W,5,N
274,248.78,279.94,5,E,5,N
275,262.40,280.24,5,E,5,N
208,136.92,299.70,3,E,5,W
191,148.26,300.00,3,W,5,W
210,160.92,300.30,3,E,5,W
88,109.09,300.60,1,W,5,W
137,118.87,300.90,1,E,5,W
29,281.44,301.20,1,S,1,W
85,85.16,315.70,1,W,5,E
14,39.72,321.84,1,S,5,N
84,83.14,322.14,1,W,5,N
87,89.95,322.44,1,W,5,N
89,127.56,322.74,1,W,5,N
134,104.73,323.04,1,E,5,N
135,108.40,323.34,1,E,5,N
136,112.01,323.64,1,E,5,N
138,125.46,323.94,1,E,5,N
211,233.44,330.57,3,E,5,N
212,247.36,330.87,3,E,5,N
91,167.46,336.67,1,W,3,E
93,224.67,337.27,1,W,3,W
192,284.00,345.77,3,W,5,N
237,293.11,365.84,5,W,5,N
238,295.89,366.14,5,W,5,N
239,329.54,366.44,5,W,5,N
240,333.45,366.74,5,W,5,N
276,303.74,379.84,5,E,5,N
277,315.22,380.14,5,E,5,N
28,276.60,399.20,1,S,3,W
19,155.86,399.60,1,S,5,W
23,164.72,399.90,1,S,5,W
24,166.22,400.20,1,S,5,W
99,321.23,400.40,1,W,2,E
165,200.64,400.50,2,W,5,W
167,287.12,400.80,2,W,5,W
90,167.08,401.10,1,W,5,W
92,191.78,401.40,1,W,5,W
95,231.89,401.70,1,W,5,W
31,369.41,414.40,1,S,1,E
15,139.14,421.74,1,S,5,N
17,154.69,422.04,1,S,5,N
18,155.12,422.34,1,S,5,N
20,156.19,422.64,1,S,5,N
21,157.04,422.94,1,S,5,N
26,175.33,423.24,1,S,5,N
178,202.72,423.54,2,E,5,N
166,261.00,423.84,2,W,5,N
168,292.14,424.14,2,W,5,N
179,299.08,424.44,2,E,5,N
94,228.52,424.74,1,W,5,N
96,247.10,425.04,1,W,5,N
139,213.90,425.34,1,E,5,N
213,324.58,430.37,3,E,5,N
193,390.00,445.63,3,W,5,E
214,390.93,452.70,3,E,5,N
143,395.04,457.23,1,E,3,E
241,386.40,465.74,5,W,5,N
242,391.69,466.04,5,W,5,N
243,394.12,466.34,5,W,5,N
244,397.03,466.64,5,W,5,N
245,398.29,466.94,5,W,5,N
278,410.71,479.74,5,E,5,N
279,413.55,480.04,5,E,5,N
280,417.20,480.34,5,E,5,N
281,432.96,480.64,5,E,5,N
282,437.01,480.94,5,E,5,N
283,445.94,481.24,5,E,5,N
284,456.75,481.54,5,E,5,N
285,458.11,481.84,5,E,5,N
30,368.40,499.00,1,S,3,W
100,323.94,499.50,1,W,5,W
101,339.44,499.80,1,W,5,W
103,348.64,500.10,1,W,5,W
141,340.44,500.40,1,E,5,W
27,272.69,521.64,1,S,5,N
180,321.78,521.94,2,E,5,N
181,347.49,522.24,2,E,5,N
97,280.65,522.54,1,W,5,N
98,283.61,522.84,1,W,5,N
102,346.18,523.14,1,W,5,N
104,351.13,523.44,1,W,5,N
140,305.94,523.74,1,E,5,N
142,391.12,524.04,1,E,5,N
197,456.20,524.93,3,W,5,E
215,467.46,530.17,3,E,5,N
194,443.90,530.47,3,W,5,N
198,463.49,531.37,3,W,5,N
216,470.02,531.79,3,E,5,N
105,369.81,536.57,1,W,3,W
108,414.26,537.47,1,W,3,W
217,480.88,542.65,3,E,5,N
246,491.83,565.64,5,W,5,N
247,501.24,565.94,5,W,5,N
248,503.97,566.24,5,W,5,N
249,506.40,566.54,5,W,5,N
250,506.47,566.84,5,W,5,N
251,540.19,567.14,5,W,5,N
252,543.54,567.44,5,W,5,N
253,549.23,567.74,5,W,5,N
254,553.02,568.04,5,W,5,N
255,554.46,568.34,5,W,5,N
286,555.40,579.64,5,E,5,N
287,565.85,579.94,5,E,5,N
195,444.16,599.40,3,W,5,W
196,448.22,599.70,3,W,5,W
182,407.31,600.00,2,E,5,W
183,463.28,600.30,2,E,5,W
169,485.13,600.60,2,W,5,W
39,534.27,600.60,1,S,2,W
107,411.96,600.90,1,W,5,W
150,544.11,600.90,1,E,2,W
113,457.76,601.20,1,W,5,W
37,532.80,602.40,1,S,1,W
41,538.89,602.70,1,S,1,W
152,586.08,612.20,1,E,2,W
170,548.27,612.77,2,W,3,W
32,372.27,621.54,1,S,5,N
106,372.62,621.84,1,W,5,N
109,416.29,622.14,1,W,5,N
110,419.95,622.44,1,W,5,N
111,452.05,622.74,1,W,5,N
112,454.85,623.04,1,W,5,N
144,431.49,623.34,1,E,5,N
145,468.61,623.64,1,E,5,N
146,489.52,623.94,1,E,5,N
218,499.35,629.97,3,E,5,N
256,576.09,665.54,5,W,5,N
257,581.23,665.84,5,W,5,N
258,664.44,670.57,5,W,5,N
259,670.25,676.39,5,W,5,N
288,614.08,679.54,5,E,5,N
289,625.35,679.84,5,E,5,N
199,584.75,699.30,3,W,5,W
33,461.93,699.60,1,S,5,W
38,534.12,699.90,1,S,5,W
151,583.30,701.12,1,E,5,W
51,639.54,702.80,1,S,1,W
53,646.61,703.10,1,S,1,W
54,648.79,703.40,1,S,1,W
34,462.70,721.44,1,S,5,N
35,466.58,721.74,1,S,5,N
36,472.50,722.04,1,S,5,N
184,556.33,722.34,2,E,5,N
185,577.83,722.64,2,E,5,N
40,535.44,722.94,1,S,5,N
114,508.51,723.24,1,W,5,N
115,511.67,723.54,1,W,5,N
116,550.58,723.84,1,W,5,N
147,523.71,724.14,1,E,5,N
148,523.73,724.44,1,E,5,N
149,540.81,724.74,1,E,5,N
219,614.26,729.77,3,E,5,N
48,631.71,737.07,1,S,3,W
118,630.14,738.27,1,W,3,E
154,627.67,739.17,1,E,3,W
200,686.38,742.02,3,W,5,E
260,684.73,765.44,5,W,5,N
261,763.34,769.47,5,W,5,N
290,733.82,779.44,5,E,5,N
291,734.09,779.74,5,E,5,N
292,748.06,780.04,5,E,5,N
220,616.55,799.20,3,E,5,W
44,546.70,799.50,1,S,5,W
45,548.32,799.80,1,S,5,W
49,634.04,800.10,1,S,5,W
117,594.41,800.40,1,W,5,W
153,627.58,800.70,1,E,5,W
155,740.65,800.80,1,E,2,W
65,758.38,803.20,1,S,1,W
42,542.37,821.34,1,S,5,N
43,545.78,821.64,1,S,5,N
46,551.44,821.94,1,S,5,N
171,602.01,822.24,2,W,5,N
186,648.30,822.54,2,E,5,N
47,629.77,822.84,1,S,5,N
50,637.52,823.14,1,S,5,N
119,632.17,823.44,1,W,5,N
201,727.50,829.57,3,W,5,N
221,731.99,829.87,3,E,5,N
202,746.49,830.17,3,W,5,N
203,749.91,830.47,3,W,5,N
122,679.48,838.67,1,W,3,E
204,797.16,858.93,3,W,5,N
262,776.81,865.34,5,W,5,N
263,777.30,865.64,5,W,5,N
264,778.48,865.94,5,W,5,N
265,779.85,866.24,5,W,5,N
266,848.28,866.54,5,W,5,N
293,882.34,888.48,5,E,5,N
52,643.64,899.10,1,S,5,W
56,653.41,899.40,1,S,5,W
187,716.17,899.70,2,E,5,W
58,734.76,900.00,1,S,5,W
121,676.48,900.30,1,W,5,W
156,770.23,900.60,1,E,5,W
157,777.05,900.90,1,E,5,W
127,835.70,900.90,1,W,2,W
70,870.11,903.60,1,S,1,W
76,886.11,903.90,1,S,1,W
174,848.97,913.07,2,W,3,W
67,851.35,916.40,1,S,1,E
55,652.09,921.24,1,S,5,N
172,755.96,921.54,2,W,5,N
173,780.43,921.84,2,W,5,N
188,797.57,922.14,2,E,5,N
57,732.42,922.44,1,S,5,N
59,735.22,922.74,1,S,5,N
60,736.85,923.04,1,S,5,N
120,672.71,923.34,1,W,5,N
123,712.78,923.64,1,W,5,N
124,719.46,923.94,1,W,5,N
125,754.36,924.24,1,W,5,N
128,837.83,937.27,1,W,3,E
224,876.78,938.55,3,E,5,N
75,883.44,944.62,1,S,2,W
267,877.55,965.24,5,W,5,N
268,893.91,965.54,5,W,5,N
222,837.05,999.00,3,E,5,W
223,874.39,999.30,3,E,5,W
61,740.49,999.60,1,S,5,W
64,746.90,999.90,1,S,5,W
189,878.00,1000.20,2,E,5,W
126,792.67,1000.50,1,W,5,W
158,836.42,1000.80,1,E,5,W
161,879.51,1001.10,1,E,5,W
129,841.11,1015.00,1,W,5,E
162,883.23,1015.30,1,E,5,E
62,742.01,1021.14,1,S,5,N
63,743.25,1021.44,1,S,5,N
175,873.94,1021.74,2,W,5,N
159,840.10,1022.04,1,E,5,N
160,873.11,1022.34,1,E,5,N
74,881.61,1098.90,1,S,5,W
77,889.49,1099.20,1,S,5,W
130,887.01,1099.50,1,W,5,W
66,846.89,1121.04,1,S,5,N
68,866.08,1121.34,1,S,5,N
69,866.57,1121.64,1,S,5,N
71,873.08,1121.94,1,S,5,N
72,874.52,1122.24,1,S,5,N
73,877.80,1122.54,1,S,5,N
78,891.98,1122.84,1,S,5,N
79,895.84,1123.14,1,S,5,N
80,898.48,1123.44,1,S,5,N
131,893.63,1123.74,1,W,5,N