id,enter_time,exit_time,entrance_intersection,entrance_direction,exit_intersection,exit_direction
6,24.37,38.50,1,S,1,E
275,59.83,66.14,5,W,5,N
276,62.69,68.83,5,W,5,N
104,32.41,100.10,1,W,2,W
178,26.04,100.10,1,E,2,E
0,2.61,100.40,1,S,1,W
251,25.25,130.97,3,E,5,N
252,28.49,131.27,3,E,5,N
254,34.39,131.87,3,E,5,N
2,13.07,136.47,1,S,3,W
179,45.71,138.27,1,E,3,W
277,113.29,166.04,5,W,5,N
278,116.95,166.34,5,W,5,N
279,145.36,166.64,5,W,5,N
280,150.07,166.94,5,W,5,N
281,170.30,176.44,5,W,5,N
340,105.57,180.04,5,E,5,N
341,135.37,180.34,5,E,5,N
342,169.65,180.64,5,E,5,N
253,30.69,199.80,3,E,5,W
255,56.02,200.10,3,E,5,W
107,79.42,200.20,1,W,2,W
204,23.61,200.40,2,W,5,W
183,139.94,200.50,1,E,2,W
217,66.22,200.70,2,E,5,W
180,65.63,201.00,1,E,5,W
17,187.59,201.72,1,S,1,W
10,168.11,213.60,1,S,1,E
11,170.32,213.90,1,S,1,E
205,90.46,221.94,2,W,5,N
1,6.53,222.24,1,S,5,N
3,13.48,222.54,1,S,5,N
4,20.65,222.84,1,S,5,N
5,24.19,223.14,1,S,5,N
7,27.74,223.44,1,S,5,N
105,35.64,223.74,1,W,5,N
231,167.06,225.23,3,W,5,E
256,152.52,230.77,3,E,5,N
229,148.89,231.07,3,W,5,N
230,154.65,231.37,3,W,5,N
26,221.61,235.75,1,S,1,E
14,184.29,240.62,1,S,2,W
29,230.56,244.69,1,S,1,E
282,175.81,265.94,5,W,5,N
283,177.93,266.24,5,W,5,N
284,178.20,266.54,5,W,5,N
285,192.42,266.84,5,W,5,N
286,194.72,267.14,5,W,5,N
287,197.44,267.44,5,W,5,N
288,201.37,267.74,5,W,5,N
289,229.98,268.04,5,W,5,N
343,251.75,279.94,5,E,5,N
344,254.67,280.24,5,E,5,N
345,281.85,287.99,5,E,5,N
109,83.03,299.70,1,W,5,W
110,86.48,300.00,1,W,5,W
113,128.08,300.30,1,W,5,W
115,158.20,300.60,1,W,5,W
182,137.20,300.90,1,E,5,W
21,204.06,301.20,1,S,1,W
32,246.35,301.50,1,S,1,W
33,249.43,301.80,1,S,1,W
346,299.28,305.42,5,E,5,N
30,238.55,314.00,1,S,1,E
114,150.41,315.70,1,W,5,E
220,280.27,316.34,2,E,3,W
8,101.82,321.84,1,S,5,N
206,146.11,322.14,2,W,5,N
218,132.04,322.44,2,E,5,N
207,157.08,322.74,2,W,5,N
208,166.19,323.04,2,W,5,N
219,197.57,323.34,2,E,5,N
106,76.56,323.64,1,W,5,N
108,80.96,323.94,1,W,5,N
111,94.25,324.24,1,W,5,N
112,116.14,324.54,1,W,5,N
181,108.40,324.84,1,E,5,N
184,199.76,325.14,1,E,5,N
257,227.69,330.57,3,E,5,N
258,239.48,330.87,3,E,5,N
290,289.01,365.84,5,W,5,N
291,302.49,366.14,5,W,5,N
292,305.64,366.44,5,W,5,N
293,368.77,374.90,5,W,5,N
347,308.63,379.84,5,E,5,N
348,358.35,380.14,5,E,5,N
37,260.32,399.20,1,S,3,W
232,282.81,399.60,3,W,5,W
233,296.65,399.90,3,W,5,W
16,186.58,400.20,1,S,5,W
18,187.80,400.50,1,S,5,W
19,194.90,400.80,1,S,5,W
211,278.89,401.10,2,W,5,W
24,219.98,401.40,1,S,5,W
39,324.71,401.60,1,S,1,W
25,221.25,401.70,1,S,5,W
120,214.01,402.00,1,W,5,W
127,252.48,402.30,1,W,5,W
188,266.06,402.60,1,E,5,W
209,232.93,415.60,2,W,5,E
124,243.41,415.90,1,W,5,E
125,246.41,416.20,1,W,5,E
9,162.50,421.74,1,S,5,N
12,172.16,422.04,1,S,5,N
13,180.50,422.34,1,S,5,N
15,185.50,422.64,1,S,5,N
20,198.23,422.94,1,S,5,N
210,258.87,423.24,2,W,5,N
212,300.09,423.54,2,W,5,N
22,214.64,423.84,1,S,5,N
23,219.57,424.14,1,S,5,N
27,225.47,424.44,1,S,5,N
235,356.94,424.53,3,W,5,E
28,227.71,424.74,1,S,5,N
116,177.99,425.04,1,W,5,N
117,189.80,425.34,1,W,5,N
118,191.67,425.64,1,W,5,N
119,206.01,425.94,1,W,5,N
121,216.64,426.24,1,W,5,N
122,236.63,426.54,1,W,5,N
123,238.16,426.84,1,W,5,N
126,250.25,427.14,1,W,5,N
185,221.47,427.44,1,E,5,N
186,223.96,427.74,1,E,5,N
187,226.43,428.04,1,E,5,N
261,315.79,430.97,3,E,5,N
262,334.75,431.27,3,E,5,N
48,417.96,432.10,1,S,1,E
128,285.76,437.07,1,W,3,E
189,376.00,440.67,1,E,3,E
51,426.82,440.96,1,S,1,E
294,374.07,465.74,5,W,5,N
295,381.65,466.04,5,W,5,N
296,387.61,466.34,5,W,5,N
297,391.09,466.64,5,W,5,N
298,394.02,466.94,5,W,5,N
299,397.47,467.24,5,W,5,N
300,404.94,467.54,5,W,5,N
301,409.39,467.84,5,W,5,N
302,411.12,468.14,5,W,5,N
303,413.03,468.44,5,W,5,N
304,431.57,468.74,5,W,5,N
305,435.05,469.04,5,W,5,N
306,437.87,469.34,5,W,5,N
307,458.06,469.64,5,W,5,N
308,460.37,469.94,5,W,5,N
309,462.71,470.24,5,W,5,N
349,401.34,479.74,5,E,5,N
350,411.49,480.04,5,E,5,N
351,419.40,480.34,5,E,5,N
352,422.23,480.64,5,E,5,N
353,449.13,480.94,5,E,5,N
259,310.94,499.50,3,E,5,W
234,306.03,499.80,3,W,5,W
260,313.57,500.10,3,E,5,W
31,241.76,500.40,1,S,5,W
45,407.66,500.50,1,S,2,W
34,252.99,500.70,1,S,5,W
144,424.82,500.80,1,W,2,W
221,358.40,501.00,2,E,5,W
130,292.22,501.30,1,W,5,W
131,295.77,501.60,1,W,5,W
133,302.74,501.90,1,W,5,W
44,407.36,502.00,1,S,1,W
134,304.83,502.20,1,W,5,W
139,364.89,502.50,1,W,5,W
54,490.50,504.64,1,S,1,W
57,495.81,509.95,1,S,1,W
213,460.38,512.67,2,W,3,E
129,289.16,515.50,1,W,5,E
137,347.96,515.80,1,W,5,E
35,256.34,521.64,1,S,5,N
36,257.24,521.94,1,S,5,N
38,262.01,522.24,1,S,5,N
222,383.54,522.54,2,E,5,N
40,326.63,522.84,1,S,5,N
41,326.77,523.14,1,S,5,N
132,299.28,523.44,1,W,5,N
135,307.64,523.74,1,W,5,N
136,311.30,524.04,1,W,5,N
264,445.63,524.33,3,E,5,E
138,350.10,524.34,1,W,5,N
190,378.87,524.64,1,E,5,N
263,441.68,530.17,3,E,5,N
236,411.67,530.47,3,W,5,N
237,464.94,530.77,3,W,5,N
49,421.26,537.47,1,S,3,W
310,475.54,565.64,5,W,5,N
311,477.75,565.94,5,W,5,N
312,482.47,566.24,5,W,5,N
313,498.06,566.54,5,W,5,N
314,498.73,566.84,5,W,5,N
315,514.00,567.14,5,W,5,N
316,517.67,567.44,5,W,5,N
317,517.88,567.74,5,W,5,N
318,523.73,568.04,5,W,5,N
319,525.48,568.34,5,W,5,N
320,529.50,568.64,5,W,5,N
321,551.45,568.94,5,W,5,N
60,500.79,598.80,1,S,3,E
223,468.75,599.40,2,E,5,W
46,409.06,599.70,1,S,5,W
47,417.04,600.00,1,S,5,W
142,371.84,600.30,1,W,5,W
354,596.08,602.22,5,E,5,N
61,503.26,602.40,1,S,1,W
65,589.56,603.69,1,S,1,W
191,431.39,615.40,1,E,5,E
42,404.39,621.54,1,S,5,N
43,405.92,621.84,1,S,5,N
50,423.51,622.14,1,S,5,N
52,427.18,622.44,1,S,5,N
53,428.91,622.74,1,S,5,N
140,370.11,623.04,1,W,5,N
141,370.75,623.34,1,W,5,N
143,405.50,623.64,1,W,5,N
145,426.02,623.94,1,W,5,N
146,441.42,624.24,1,W,5,N
192,460.79,624.54,1,E,5,N
193,463.26,624.84,1,E,5,N
265,549.78,629.97,3,E,5,N
238,514.39,630.27,3,W,5,N
239,520.98,630.57,3,W,5,N
240,563.33,630.87,3,W,5,N
322,604.57,665.54,5,W,5,N
323,631.18,665.84,5,W,5,N
194,499.85,699.30,1,E,5,W
195,501.94,699.60,1,E,5,W
55,491.86,699.90,1,S,5,W
56,494.89,700.20,1,S,5,W
59,498.20,700.50,1,S,5,W
197,621.04,700.70,1,E,2,W
148,533.75,700.80,1,W,5,W
151,551.78,701.10,1,W,5,W
355,698.17,704.31,5,E,5,N
62,506.61,715.30,1,S,5,E
66,644.27,715.60,1,S,1,E
58,495.95,721.44,1,S,5,N
68,707.49,721.63,1,S,1,E
224,534.10,721.74,2,E,5,N
147,492.41,722.04,1,W,5,N
149,537.55,722.34,1,W,5,N
150,549.03,722.64,1,W,5,N
152,552.03,722.94,1,W,5,N
153,552.42,723.24,1,W,5,N
196,569.04,723.54,1,E,5,N
241,612.61,729.77,3,W,5,N
266,631.72,730.07,3,E,5,N
243,654.09,730.37,3,W,5,N
154,572.26,736.77,1,W,3,W
72,725.85,739.99,1,S,1,E
324,712.45,765.44,5,W,5,N
325,716.99,765.74,5,W,5,N
326,721.87,766.04,5,W,5,N
327,752.39,766.34,5,W,5,N
328,764.22,770.36,5,W,5,N
356,706.31,779.44,5,E,5,N
357,709.60,779.74,5,E,5,N
358,719.75,780.04,5,E,5,N
359,723.28,780.34,5,E,5,N
267,634.33,799.20,3,E,5,W
242,615.77,799.50,3,W,5,W
268,637.16,799.80,3,E,5,W
244,679.75,800.10,3,W,5,W
245,683.98,800.40,3,W,5,W
64,588.85,800.70,1,S,5,W
76,731.99,800.80,1,S,2,W
165,726.48,800.80,1,W,2,E
225,629.92,801.00,2,E,5,W
155,600.69,801.30,1,W,5,W
157,621.05,801.60,1,W,5,W
198,628.49,801.90,1,E,5,W
200,652.47,802.20,1,E,5,W
73,726.05,803.20,1,S,1,W
80,738.05,803.50,1,S,1,W
82,743.11,803.80,1,S,1,W
199,648.97,815.20,1,E,5,E
63,585.64,821.34,1,S,5,N
214,614.01,821.64,2,W,5,N
215,639.00,821.94,2,W,5,N
156,604.16,822.24,1,W,5,N
158,623.76,822.54,1,W,5,N
270,742.93,829.87,3,E,5,N
271,756.48,830.17,3,E,5,N
79,734.64,838.97,1,S,3,E
329,782.94,865.34,5,W,5,N
330,786.11,865.64,5,W,5,N
331,788.65,865.94,5,W,5,N
332,792.05,866.24,5,W,5,N
333,812.15,866.54,5,W,5,N
334,818.07,866.84,5,W,5,N
335,844.84,867.14,5,W,5,N
360,816.62,879.34,5,E,5,N
361,847.27,879.64,5,E,5,N
362,871.13,879.94,5,E,5,N
363,890.76,896.90,5,E,5,N
269,708.27,899.10,3,E,5,W
246,714.74,899.40,3,W,5,W
247,764.78,899.70,3,W,5,W
67,647.41,900.00,1,S,5,W
163,718.92,900.30,1,W,5,W
164,719.22,900.60,1,W,5,W
166,729.69,900.90,1,W,5,W
167,733.04,901.20,1,W,5,W
168,736.92,901.50,1,W,5,W
201,715.49,901.80,1,E,5,W
83,810.23,903.60,1,S,1,W
87,826.45,903.90,1,S,1,W
93,849.81,904.20,1,S,1,W
95,862.75,904.50,1,S,1,W
98,877.97,904.80,1,S,1,W
100,893.70,907.84,1,S,1,W
101,895.20,909.33,1,S,1,W
74,728.12,915.10,1,S,5,E
78,734.42,915.40,1,S,5,E
159,667.29,915.70,1,W,5,E
226,718.15,921.24,2,E,5,N
69,709.62,921.54,1,S,5,N
70,712.62,921.84,1,S,5,N
71,716.17,922.14,1,S,5,N
75,728.54,922.44,1,S,5,N
77,734.38,922.74,1,S,5,N
160,706.59,923.04,1,W,5,N
161,709.61,923.34,1,W,5,N
162,716.72,923.64,1,W,5,N
169,739.34,923.94,1,W,5,N
170,740.43,924.24,1,W,5,N
272,835.75,929.37,3,E,5,N
249,842.40,929.67,3,W,5,N
336,875.44,965.24,5,W,5,N
337,893.42,965.54,5,W,5,N
338,894.44,965.84,5,W,5,N
339,898.70,966.14,5,W,5,N
248,799.20,999.00,3,W,5,W
250,882.97,999.30,3,W,5,W
227,816.21,999.60,2,E,5,W
84,817.38,999.90,1,S,5,W
85,820.24,1000.20,1,S,5,W
86,824.12,1000.50,1,S,5,W
172,813.83,1000.80,1,W,5,W
176,863.41,1001.10,1,W,5,W
177,866.00,1001.40,1,W,5,W
202,825.35,1001.70,1,E,5,W
273,897.73,1021.14,3,E,5,N
81,742.93,1021.44,1,S,5,N
216,809.50,1021.74,2,W,5,N
228,863.25,1022.04,2,E,5,N
88,829.26,1022.34,1,S,5,N
89,832.11,1022.64,1,S,5,N
171,788.18,1022.94,1,W,5,N
173,820.81,1023.24,1,W,5,N
174,827.60,1023.54,1,W,5,N
175,860.08,1023.84,1,W,5,N
203,881.18,1024.14,1,E,5,N
274,899.77,1029.17,3,E,5,N
94,851.47,1098.90,1,S,5,W
97,866.10,1099.20,1,S,5,W
102,896.31,1099.50,1,S,5,W
103,898.88,1099.80,1,S,5,W
90,841.67,1121.04,1,S,5,N
91,845.22,1121.34,1,S,5,N
92,847.93,1121.64,1,S,5,N
96,865.00,1121.94,1,S,5,N
99,878.13,1122.24,1,S,5,N