id,enter_time,exit_time,entrance_intersection,entrance_direction,exit_intersection,exit_direction
226,3.00,66.14,5,W,5,N
227,36.97,66.44,5,W,5,N
228,39.43,66.74,5,W,5,N
229,41.96,67.04,5,W,5,N
230,47.61,67.34,5,W,5,N
231,53.56,67.64,5,W,5,N
232,57.16,67.94,5,W,5,N
9,24.89,100.10,1,S,2,W
8,21.92,100.40,1,S,1,W
10,28.43,100.70,1,S,1,W
14,51.85,101.00,1,S,1,W
16,55.23,101.30,1,S,1,W
198,31.69,130.97,3,W,5,N
200,87.57,149.34,3,W,5,N
233,78.13,166.04,5,W,5,N
234,78.78,166.34,5,W,5,N
235,83.20,166.64,5,W,5,N
236,103.29,166.94,5,W,5,N
237,106.28,167.24,5,W,5,N
238,146.03,167.54,5,W,5,N
239,148.57,167.84,5,W,5,N
240,152.58,168.14,5,W,5,N
241,154.78,168.44,5,W,5,N
242,158.16,168.74,5,W,5,N
243,162.02,169.04,5,W,5,N
244,164.79,170.93,5,W,5,N
294,101.63,180.04,5,E,5,N
295,102.18,180.34,5,E,5,N
199,40.96,199.80,3,W,5,W
167,70.19,200.10,2,W,5,W
6,17.59,200.40,1,S,5,W
69,62.38,200.70,1,W,5,W
17,117.14,200.80,1,S,1,W
134,38.50,201.00,1,E,5,W
19,130.04,201.10,1,S,1,W
20,132.48,201.40,1,S,1,W
166,53.21,215.80,2,W,5,E
24,202.29,216.42,1,S,1,E
0,2.92,221.94,1,S,5,N
185,29.59,222.24,2,E,5,N
168,98.19,222.54,2,W,5,N
1,5.65,222.84,1,S,5,N
2,8.36,223.14,1,S,5,N
3,10.72,223.44,1,S,5,N
4,13.56,223.74,1,S,5,N
5,15.07,224.04,1,S,5,N
7,21.31,224.34,1,S,5,N
214,108.99,224.63,3,E,5,E
11,32.17,224.64,1,S,5,N
68,26.46,224.94,1,W,5,N
133,34.06,225.24,1,E,5,N
215,111.37,231.07,3,E,5,N
202,107.30,231.37,3,W,5,N
216,178.37,240.14,3,E,5,N
245,226.25,265.94,5,W,5,N
246,247.05,266.24,5,W,5,N
247,248.22,266.54,5,W,5,N
296,207.38,279.94,5,E,5,N
297,208.87,280.24,5,E,5,N
298,241.98,280.54,5,E,5,N
299,245.31,280.84,5,E,5,N
22,139.21,299.40,1,S,3,W
201,102.14,299.70,3,W,5,W
13,49.86,300.00,1,S,5,W
93,247.48,300.30,1,W,2,W
169,122.10,300.30,2,W,5,W
18,118.59,300.60,1,S,5,W
28,215.38,301.20,1,S,1,W
189,264.50,312.77,2,E,3,W
21,135.75,315.70,1,S,5,E
136,143.78,316.00,1,E,5,E
12,44.12,321.84,1,S,5,N
15,52.92,322.14,1,S,5,N
186,115.99,322.44,2,E,5,N
170,151.55,322.74,2,W,5,N
171,173.82,323.04,2,W,5,N
187,187.11,323.34,2,E,5,N
172,189.78,323.64,2,W,5,N
173,198.44,323.94,2,W,5,N
70,80.48,324.24,1,W,5,N
71,82.69,324.54,1,W,5,N
72,129.48,324.84,1,W,5,N
73,131.96,325.14,1,W,5,N
74,142.45,325.44,1,W,5,N
135,100.43,325.74,1,E,5,N
137,190.97,326.04,1,E,5,N
217,259.11,330.57,3,E,5,N
203,241.64,330.87,3,W,5,N
32,221.98,338.17,1,S,3,E
76,180.08,339.67,1,W,3,E
88,216.94,343.27,1,W,3,E
218,291.11,352.88,3,E,5,N
248,274.12,365.84,5,W,5,N
249,277.76,366.14,5,W,5,N
250,282.55,366.44,5,W,5,N
251,283.45,366.74,5,W,5,N
252,309.74,367.04,5,W,5,N
253,335.40,367.34,5,W,5,N
254,338.25,367.64,5,W,5,N
255,341.75,367.94,5,W,5,N
256,362.30,368.43,5,W,5,N
300,349.65,379.84,5,E,5,N
301,351.46,380.14,5,E,5,N
302,369.58,380.44,5,E,5,N
303,387.57,393.70,5,E,5,N
204,247.79,399.60,3,W,5,W
188,210.30,399.90,2,E,5,W
33,225.59,400.20,1,S,5,W
97,322.14,400.40,1,W,2,W
81,197.70,400.50,1,W,5,W
86,206.73,400.80,1,W,5,W
87,210.28,401.10,1,W,5,W
89,220.16,401.40,1,W,5,W
304,395.37,401.51,5,E,5,N
37,318.92,401.60,1,S,1,W
90,230.65,401.70,1,W,5,W
92,234.02,402.00,1,W,5,W
138,229.39,402.30,1,E,5,W
139,250.64,402.60,1,E,5,W
144,292.14,409.96,1,E,5,W
175,239.54,415.60,2,W,5,E
27,213.20,415.90,1,S,5,E
82,199.79,416.20,1,W,5,E
23,141.43,421.74,1,S,5,N
174,210.89,422.04,2,W,5,N
176,293.57,422.34,2,W,5,N
25,207.04,422.64,1,S,5,N
26,207.38,422.94,1,S,5,N
29,217.65,423.24,1,S,5,N
30,219.43,423.54,1,S,5,N
31,221.31,423.84,1,S,5,N
34,232.26,424.14,1,S,5,N
35,236.70,424.44,1,S,5,N
75,177.51,424.74,1,W,5,N
77,182.89,425.04,1,W,5,N
78,184.95,425.34,1,W,5,N
79,191.23,425.64,1,W,5,N
80,194.95,425.94,1,W,5,N
83,203.17,426.24,1,W,5,N
84,203.30,426.54,1,W,5,N
85,205.42,426.84,1,W,5,N
91,232.87,427.14,1,W,5,N
140,251.37,427.44,1,E,5,N
141,282.23,427.74,1,E,5,N
142,286.00,428.04,1,E,5,N
143,288.20,428.34,1,E,5,N
219,360.53,430.37,3,E,5,N
205,382.36,437.99,3,W,5,E
206,384.38,446.15,3,W,5,N
257,377.05,465.74,5,W,5,N
258,377.56,466.04,5,W,5,N
259,377.95,466.34,5,W,5,N
260,380.02,466.64,5,W,5,N
261,383.75,466.94,5,W,5,N
262,385.99,467.24,5,W,5,N
263,389.00,467.54,5,W,5,N
264,389.62,467.84,5,W,5,N
265,456.02,468.14,5,W,5,N
305,428.17,479.74,5,E,5,N
306,439.37,480.04,5,E,5,N
41,392.71,499.00,1,S,3,E
40,386.45,499.00,1,S,3,W
95,279.34,499.50,1,W,5,W
96,297.15,499.80,1,W,5,W
98,326.37,500.10,1,W,5,W
145,315.16,500.40,1,E,5,W
100,392.76,500.50,1,W,2,W
49,482.16,502.00,1,S,1,W
181,410.96,512.67,2,W,3,W
94,275.62,515.50,1,W,5,E
190,333.80,521.64,2,E,5,N
177,317.16,521.94,2,W,5,N
178,338.61,522.24,2,W,5,N
179,367.65,522.54,2,W,5,N
180,387.78,522.84,2,W,5,N
36,315.08,523.14,1,S,5,N
38,321.76,523.44,1,S,5,N
39,322.99,523.74,1,S,5,N
99,362.07,524.04,1,W,5,N
146,364.38,524.34,1,E,5,N
147,387.01,524.64,1,E,5,N
220,452.70,530.17,3,E,5,N
207,441.29,530.47,3,W,5,N
103,406.26,537.17,1,W,3,W
108,433.97,538.67,1,W,3,W
266,502.74,565.64,5,W,5,N
267,506.18,565.94,5,W,5,N
268,509.15,566.24,5,W,5,N
269,518.19,566.54,5,W,5,N
270,532.65,566.84,5,W,5,N
271,537.95,567.14,5,W,5,N
272,541.18,567.44,5,W,5,N
273,541.40,567.74,5,W,5,N
274,544.21,568.04,5,W,5,N
307,539.57,579.64,5,E,5,N
308,544.59,579.94,5,E,5,N
309,546.50,580.24,5,E,5,N
43,398.24,599.40,1,S,5,W
191,422.53,599.70,2,E,5,W
112,442.44,600.00,1,W,5,W
148,449.18,600.30,1,E,5,W
57,571.85,602.40,1,S,1,W
53,564.04,615.20,1,S,1,E
110,438.92,615.40,1,W,5,E
42,395.80,621.54,1,S,5,N
44,401.85,621.84,1,S,5,N
192,456.91,622.14,2,E,5,N
101,403.55,622.44,1,W,5,N
102,403.86,622.74,1,W,5,N
104,406.30,623.04,1,W,5,N
105,423.84,623.34,1,W,5,N
106,427.76,623.64,1,W,5,N
107,430.34,623.94,1,W,5,N
109,436.07,624.24,1,W,5,N
111,441.81,624.54,1,W,5,N
113,458.55,624.84,1,W,5,N
221,538.79,629.97,3,E,5,N
208,547.98,630.27,3,W,5,N
117,502.47,637.57,1,W,3,E
59,577.55,642.82,1,S,2,W
275,575.47,665.54,5,W,5,N
276,596.20,665.84,5,W,5,N
277,600.82,666.14,5,W,5,N
278,637.64,666.44,5,W,5,N
279,638.49,666.74,5,W,5,N
280,639.41,667.04,5,W,5,N
281,643.94,667.34,5,W,5,N
310,601.22,679.54,5,E,5,N
209,555.88,699.30,3,W,5,W
48,479.09,699.60,1,S,5,W
50,485.20,699.90,1,S,5,W
118,516.57,700.20,1,W,5,W
119,547.09,700.50,1,W,5,W
61,645.28,702.80,1,S,1,W
45,471.66,715.30,1,S,5,E
193,554.11,715.60,2,E,5,E
60,642.46,715.60,1,S,1,E
46,472.78,721.44,1,S,5,N
47,477.59,721.74,1,S,5,N
51,488.70,722.04,1,S,5,N
194,580.88,722.34,2,E,5,N
114,466.49,722.64,1,W,5,N
115,470.16,722.94,1,W,5,N
116,473.57,723.24,1,W,5,N
120,550.83,723.54,1,W,5,N
149,574.97,723.84,1,E,5,N
210,657.91,729.77,3,W,5,N
222,631.86,730.07,3,E,5,N
282,673.96,765.44,5,W,5,N
283,704.05,765.74,5,W,5,N
284,710.01,766.04,5,W,5,N
285,745.86,766.34,5,W,5,N
286,749.31,766.64,5,W,5,N
311,748.90,779.44,5,E,5,N
312,792.75,798.89,5,E,5,N
211,679.50,799.20,3,W,5,W
55,565.37,799.50,1,S,5,W
122,613.87,799.80,1,W,5,W
150,613.21,800.10,1,E,5,W
64,737.20,800.80,1,S,2,W
156,772.06,800.80,1,E,2,E
52,560.55,821.34,1,S,5,N
54,564.66,821.64,1,S,5,N
56,568.65,821.94,1,S,5,N
58,575.19,822.24,1,S,5,N
182,608.58,822.54,2,W,5,N
195,641.75,822.84,2,E,5,N
121,601.98,823.14,1,W,5,N
123,647.86,823.44,1,W,5,N
151,648.69,823.74,1,E,5,N
212,736.97,829.57,3,W,5,N
152,703.58,838.37,1,E,3,W
224,790.72,852.49,3,E,5,N
287,815.98,865.34,5,W,5,N
288,865.43,871.57,5,W,5,N
289,865.96,872.09,5,W,5,N
290,868.84,874.98,5,W,5,N
291,870.97,877.10,5,W,5,N
313,803.54,879.34,5,E,5,N
314,812.83,879.64,5,E,5,N
315,871.64,879.94,5,E,5,N
158,803.18,898.20,1,E,3,W
223,723.67,899.10,3,E,5,W
213,788.23,899.40,3,W,5,W
62,659.55,899.70,1,S,5,W
196,739.66,900.00,2,E,5,W
63,733.65,900.30,1,S,5,W
157,783.80,901.63,1,E,5,W
154,716.31,915.10,1,E,5,E
124,677.47,921.24,1,W,5,N
125,710.58,921.54,1,W,5,N
126,750.04,921.84,1,W,5,N
127,752.85,922.14,1,W,5,N
153,710.50,922.44,1,E,5,N
155,766.30,922.74,1,E,5,N
162,874.82,939.37,1,E,3,W
292,892.67,965.24,5,W,5,N
293,894.44,965.54,5,W,5,N
225,860.00,999.00,3,E,5,W
197,819.91,999.30,2,E,5,W
66,838.26,999.60,1,S,5,W
128,791.19,999.90,1,W,5,W
129,794.37,1000.20,1,W,5,W
160,840.72,1000.50,1,E,5,W
163,879.57,1000.80,1,E,5,W
164,890.32,1008.15,1,E,5,W
184,854.28,1015.00,2,W,5,E
67,838.29,1015.30,1,S,5,E
159,819.69,1015.60,1,E,5,E
65,740.79,1021.14,1,S,5,N
183,805.95,1021.44,2,W,5,N
130,829.35,1021.74,1,W,5,N
161,872.70,1022.04,1,E,5,N
165,892.23,1022.34,1,E,5,N
132,886.53,1037.37,1,W,3,E
131,869.25,1098.90,1,W,5,W