id,enter_time,exit_time,entrance_intersection,entrance_direction,exit_intersection,exit_direction
234,0.06,66.14,5,W,5,N
235,2.17,66.44,5,W,5,N
236,9.70,66.74,5,W,5,N
237,11.25,67.04,5,W,5,N
238,13.50,67.34,5,W,5,N
239,42.14,67.64,5,W,5,N
240,44.81,67.94,5,W,5,N
241,48.48,68.24,5,W,5,N
242,52.09,68.54,5,W,5,N
243,56.64,68.84,5,W,5,N
244,57.73,69.14,5,W,5,N
299,3.48,80.14,5,E,5,N
300,14.36,80.44,5,E,5,N
301,22.05,80.74,5,E,5,N
302,33.67,81.04,5,E,5,N
150,93.12,119.23,1,E,2,W
7,105.64,119.77,1,S,1,E
220,67.92,130.97,3,E,5,N
208,57.99,131.27,3,W,5,N
245,132.10,166.04,5,W,5,N
246,133.15,166.34,5,W,5,N
247,136.71,166.64,5,W,5,N
303,141.69,180.04,5,E,5,N
304,144.67,180.34,5,E,5,N
305,156.06,180.64,5,E,5,N
0,90.48,199.60,1,S,3,W
197,52.06,199.80,2,E,5,W
183,44.69,200.10,2,W,5,W
152,148.75,200.20,1,E,2,W
182,29.25,200.40,2,W,5,W
81,3.59,200.70,1,W,5,W
5,102.65,200.80,1,S,1,W
82,5.68,201.00,1,W,5,W
8,106.12,201.10,1,S,1,W
84,42.32,201.30,1,W,5,W
12,129.35,201.40,1,S,1,W
90,64.09,201.60,1,W,5,W
16,133.92,201.70,1,S,1,W
149,62.71,201.90,1,E,5,W
306,198.29,204.43,5,E,5,N
85,45.69,215.80,1,W,5,E
87,49.70,216.10,1,W,5,E
145,14.46,216.40,1,E,5,E
184,66.82,221.94,2,W,5,N
83,9.61,222.24,1,W,5,N
86,49.41,222.54,1,W,5,N
88,53.67,222.84,1,W,5,N
89,56.77,223.14,1,W,5,N
146,15.34,223.44,1,E,5,N
147,20.10,223.74,1,E,5,N
148,35.48,224.04,1,E,5,N
209,175.38,237.15,3,W,5,N
151,120.38,239.57,1,E,3,W
222,180.37,242.14,3,E,5,N
223,182.52,244.29,3,E,5,N
248,211.81,265.94,5,W,5,N
249,212.18,266.24,5,W,5,N
250,215.41,266.54,5,W,5,N
251,216.26,266.84,5,W,5,N
252,219.37,267.14,5,W,5,N
253,238.44,267.44,5,W,5,N
254,240.62,267.74,5,W,5,N
255,266.05,272.19,5,W,5,N
256,271.07,277.21,5,W,5,N
307,213.79,279.94,5,E,5,N
221,107.61,299.70,3,E,5,W
2,93.58,300.00,1,S,5,W
4,101.44,300.30,1,S,5,W
6,103.25,300.60,1,S,5,W
198,135.62,300.90,2,E,5,W
21,258.94,301.20,1,S,1,W
185,135.94,301.20,2,W,5,W
11,126.88,301.50,1,S,5,W
14,133.38,301.80,1,S,5,W
92,101.53,302.10,1,W,5,W
93,104.45,302.40,1,W,5,W
94,151.17,302.70,1,W,5,W
95,154.40,303.00,1,W,5,W
153,158.00,303.30,1,E,5,W
91,97.63,315.70,1,W,5,E
1,91.28,321.84,1,S,5,N
3,96.80,322.14,1,S,5,N
186,164.51,322.44,2,W,5,N
9,108.05,322.74,1,S,5,N
10,111.50,323.04,1,S,5,N
13,131.25,323.34,1,S,5,N
15,133.54,323.64,1,S,5,N
154,169.11,323.94,1,E,5,N
210,227.87,330.57,3,W,5,N
225,274.62,336.39,3,E,5,N
257,274.30,365.84,5,W,5,N
258,277.54,366.14,5,W,5,N
259,277.71,366.44,5,W,5,N
260,280.92,366.74,5,W,5,N
261,282.16,367.04,5,W,5,N
262,285.61,367.34,5,W,5,N
263,286.74,367.64,5,W,5,N
264,301.81,367.94,5,W,5,N
265,304.44,368.24,5,W,5,N
266,319.45,368.54,5,W,5,N
267,321.98,368.84,5,W,5,N
268,325.46,369.14,5,W,5,N
269,330.07,369.44,5,W,5,N
270,330.89,369.74,5,W,5,N
308,323.02,379.84,5,E,5,N
309,347.61,380.14,5,E,5,N
310,366.51,380.44,5,E,5,N
224,263.24,399.60,3,E,5,W
211,269.65,399.90,3,W,5,W
19,193.86,400.20,1,S,5,W
199,200.77,400.50,2,E,5,W
200,268.98,400.80,2,E,5,W
97,172.36,401.10,1,W,5,W
99,178.81,401.40,1,W,5,W
103,248.96,401.70,1,W,5,W
158,279.15,402.00,1,E,5,W
159,283.56,402.30,1,E,5,W
168,379.64,405.76,1,E,2,W
160,287.94,405.76,1,E,5,W
30,346.34,414.40,1,S,1,E
18,190.84,415.60,1,S,5,E
17,190.15,421.74,1,S,5,N
96,168.90,422.04,1,W,5,N
98,175.74,422.34,1,W,5,N
100,182.39,422.64,1,W,5,N
101,221.20,422.94,1,W,5,N
102,222.89,423.24,1,W,5,N
155,206.68,423.54,1,E,5,N
156,215.70,423.84,1,E,5,N
157,236.67,424.14,1,E,5,N
212,321.65,430.37,3,W,5,N
213,363.68,430.67,3,W,5,N
167,350.34,439.77,1,E,3,W
214,388.14,449.91,3,W,5,N
271,400.72,465.74,5,W,5,N
272,404.54,466.04,5,W,5,N
273,439.65,466.34,5,W,5,N
274,453.49,466.64,5,W,5,N
275,456.74,466.94,5,W,5,N
276,457.36,467.24,5,W,5,N
277,460.64,467.54,5,W,5,N
278,460.92,467.84,5,W,5,N
279,463.35,469.49,5,W,5,N
280,466.27,472.41,5,W,5,N
311,451.14,479.74,5,E,5,N
27,345.36,499.00,1,S,3,W
161,296.80,499.50,1,E,5,W
162,298.98,499.80,1,E,5,W
226,310.73,500.10,3,E,5,W
227,397.50,500.40,3,E,5,W
109,372.76,500.50,1,W,2,W
23,264.94,500.70,1,S,5,W
201,361.13,501.00,2,E,5,W
24,333.84,501.30,1,S,5,W
108,352.31,501.60,1,W,5,W
164,306.57,501.90,1,E,5,W
31,409.63,502.00,1,S,1,W
165,318.45,502.20,1,E,5,W
166,320.48,502.50,1,E,5,W
38,492.98,507.12,1,S,1,W
37,492.69,514.80,1,S,1,E
170,385.50,515.50,1,E,5,E
20,256.77,521.64,1,S,5,N
22,260.97,521.94,1,S,5,N
187,363.55,522.24,2,W,5,N
188,384.15,522.54,2,W,5,N
25,337.32,522.84,1,S,5,N
104,277.80,523.14,1,W,5,N
105,281.74,523.44,1,W,5,N
106,301.98,523.74,1,W,5,N
107,309.73,524.04,1,W,5,N
163,302.25,524.34,1,E,5,N
169,380.45,524.64,1,E,5,N
228,401.12,530.17,3,E,5,N
229,470.61,532.38,3,E,5,N
281,518.02,565.64,5,W,5,N
282,521.21,565.94,5,W,5,N
283,524.58,566.24,5,W,5,N
284,527.00,566.54,5,W,5,N
285,533.08,566.84,5,W,5,N
312,592.10,598.23,5,E,5,N
189,429.98,599.40,2,W,5,W
32,412.40,599.70,1,S,5,W
34,418.68,600.00,1,S,5,W
313,594.90,601.04,5,E,5,N
40,501.46,602.40,1,S,1,W
45,529.18,602.70,1,S,1,W
46,531.09,603.00,1,S,1,W
48,535.13,603.30,1,S,1,W
112,446.96,615.40,1,W,5,E
26,340.37,621.54,1,S,5,N
28,345.81,621.84,1,S,5,N
29,345.82,622.14,1,S,5,N
202,454.33,622.44,2,E,5,N
33,414.72,622.74,1,S,5,N
35,421.69,623.04,1,S,5,N
36,424.32,623.34,1,S,5,N
110,373.57,623.64,1,W,5,N
111,420.57,623.94,1,W,5,N
113,449.88,624.24,1,W,5,N
216,520.64,630.27,3,W,5,N
42,518.16,636.97,1,S,3,W
286,601.44,665.54,5,W,5,N
287,602.91,665.84,5,W,5,N
288,603.54,666.14,5,W,5,N
289,668.17,674.30,5,W,5,N
215,512.38,699.30,3,W,5,W
230,585.60,699.60,3,E,5,W
39,495.81,699.90,1,S,5,W
191,531.52,700.20,2,W,5,W
122,603.04,700.70,1,W,2,E
53,627.11,702.80,1,S,1,W
54,630.73,703.10,1,S,1,W
60,647.65,703.40,1,S,1,W
65,660.13,703.70,1,S,1,W
67,666.24,704.00,1,S,1,W
205,664.41,712.87,2,E,3,E
115,531.13,715.30,1,W,5,E
61,649.01,715.60,1,S,1,E
63,653.13,715.90,1,S,1,E
190,507.84,721.44,2,W,5,N
203,543.22,721.74,2,E,5,N
204,565.56,722.04,2,E,5,N
192,576.70,722.34,2,W,5,N
193,597.31,722.64,2,W,5,N
41,516.86,722.94,1,S,5,N
43,520.65,723.24,1,S,5,N
44,526.30,723.54,1,S,5,N
47,532.46,723.84,1,S,5,N
114,492.64,724.14,1,W,5,N
116,534.97,724.44,1,W,5,N
117,537.30,724.74,1,W,5,N
118,539.47,725.04,1,W,5,N
171,513.76,725.34,1,E,5,N
172,588.75,725.64,1,E,5,N
217,657.38,729.77,3,W,5,N
56,633.17,738.27,1,S,3,E
127,666.61,741.27,1,W,3,W
218,691.18,752.95,3,W,5,N
290,734.00,765.44,5,W,5,N
291,736.95,765.74,5,W,5,N
292,738.81,766.04,5,W,5,N
314,703.81,779.44,5,E,5,N
315,791.39,797.52,5,E,5,N
173,594.01,799.20,1,E,5,W
231,695.60,799.50,3,E,5,W
194,664.10,799.80,2,W,5,W
50,613.34,800.10,1,S,5,W
51,619.31,800.40,1,S,5,W
57,636.27,800.70,1,S,5,W
58,637.84,801.00,1,S,5,W
123,606.43,801.30,1,W,5,W
125,642.43,801.60,1,W,5,W
126,663.94,801.90,1,W,5,W
72,767.28,803.20,1,S,1,W
206,749.14,812.97,2,E,3,E
76,776.64,816.00,1,S,1,E
49,610.04,821.34,1,S,5,N
52,623.21,821.64,1,S,5,N
55,631.67,821.94,1,S,5,N
119,581.65,822.24,1,W,5,N
120,599.89,822.54,1,W,5,N
121,600.03,822.84,1,W,5,N
124,625.96,823.14,1,W,5,N
174,637.02,823.44,1,E,5,N
175,642.27,823.74,1,E,5,N
176,666.04,824.04,1,E,5,N
128,670.47,836.87,1,W,3,E
71,766.63,843.02,1,S,2,E
232,783.26,845.03,3,E,5,N
293,792.29,865.34,5,W,5,N
294,793.38,865.64,5,W,5,N
295,796.53,865.94,5,W,5,N
133,740.76,899.10,1,W,5,W
134,754.15,899.40,1,W,5,W
178,703.30,899.70,1,E,5,W
80,873.54,903.60,1,S,1,W
177,700.59,915.10,1,E,5,E
59,641.76,921.24,1,S,5,N
62,651.60,921.54,1,S,5,N
64,656.47,921.84,1,S,5,N
66,663.92,922.14,1,S,5,N
129,671.23,922.44,1,W,5,N
130,675.11,922.74,1,W,5,N
131,721.81,923.04,1,W,5,N
132,725.78,923.34,1,W,5,N
179,742.27,923.64,1,E,5,N
219,833.29,929.37,3,W,5,N
136,774.14,937.27,1,W,3,W
79,871.91,943.12,1,S,2,W
296,874.43,965.24,5,W,5,N
297,878.39,965.54,5,W,5,N
298,894.64,965.84,5,W,5,N
77,861.01,998.00,1,S,3,W
233,856.19,999.00,3,E,5,W
70,765.50,999.30,1,S,5,W
75,775.21,999.60,1,S,5,W
140,857.87,999.90,1,W,5,W
68,761.14,1021.14,1,S,5,N
69,763.00,1021.44,1,S,5,N
73,770.16,1021.74,1,S,5,N
74,773.63,1022.04,1,S,5,N
207,831.11,1022.34,2,E,5,N
195,850.03,1022.64,2,W,5,N
196,893.16,1022.94,2,W,5,N
135,773.59,1023.24,1,W,5,N
137,774.56,1023.54,1,W,5,N
138,795.10,1023.84,1,W,5,N
139,826.94,1024.14,1,W,5,N
141,864.71,1024.44,1,W,5,N
180,873.22,1024.74,1,E,5,N
181,878.59,1025.04,1,E,5,N
78,861.66,1098.90,1,S,5,W
142,869.45,1099.20,1,W,5,W
144,875.56,1099.50,1,W,5,W
143,872.13,1121.04,1,W,5,N