id,enter_time,exit_time,entrance_intersection,entrance_direction,exit_intersection,exit_direction
226,2.03,66.14,5,W,5,N
227,22.18,66.44,5,W,5,N
228,48.58,66.74,5,W,5,N
229,50.79,67.04,5,W,5,N
230,52.75,67.34,5,W,5,N
231,66.96,73.10,5,W,5,N
232,71.74,77.87,5,W,5,N
287,11.61,80.14,5,E,5,N
80,38.24,137.97,1,W,3,E
212,82.46,144.23,3,E,5,N
233,74.88,166.04,5,W,5,N
234,103.84,166.34,5,W,5,N
235,104.89,166.64,5,W,5,N
236,108.22,166.94,5,W,5,N
288,142.25,180.04,5,E,5,N
211,3.08,199.80,3,E,5,W
189,84.96,200.10,2,E,5,W
1,7.11,200.40,1,S,5,W
2,12.06,200.70,1,S,5,W
7,144.26,200.80,1,S,1,W
83,62.56,201.00,1,W,5,W
10,161.06,201.10,1,S,1,W
140,27.90,201.30,1,E,5,W
0,3.74,221.94,1,S,5,N
174,62.50,222.24,2,W,5,N
76,2.64,222.54,1,W,5,N
77,28.65,222.84,1,W,5,N
78,32.54,223.14,1,W,5,N
79,35.78,223.44,1,W,5,N
81,53.26,223.74,1,W,5,N
82,55.74,224.04,1,W,5,N
214,134.20,231.07,3,E,5,N
215,152.64,231.37,3,E,5,N
27,219.23,233.36,1,S,1,E
203,193.70,255.47,3,W,5,N
237,183.30,265.94,5,W,5,N
238,187.10,266.24,5,W,5,N
289,226.53,279.94,5,E,5,N
6,143.24,299.40,1,S,3,E
202,144.41,299.70,3,W,5,W
213,119.16,300.00,3,E,5,W
3,81.63,300.30,1,S,5,W
190,143.33,300.60,2,E,5,W
191,165.50,300.90,2,E,5,W
22,201.17,301.20,1,S,1,W
142,151.69,301.20,1,E,5,W
30,241.44,301.50,1,S,1,W
32,245.41,301.80,1,S,1,W
35,255.67,302.10,1,S,1,W
38,270.25,302.40,1,S,1,W
145,186.02,303.84,1,E,5,W
36,259.53,314.00,1,S,1,E
4,86.60,321.84,1,S,5,N
5,89.54,322.14,1,S,5,N
84,101.70,322.44,1,W,5,N
85,137.15,322.74,1,W,5,N
86,156.72,323.04,1,W,5,N
141,143.99,323.34,1,E,5,N
143,172.02,323.64,1,E,5,N
144,175.42,323.94,1,E,5,N
204,222.43,330.57,3,W,5,N
26,214.69,336.97,1,S,3,E
87,195.13,337.57,1,W,3,E
90,202.63,338.47,1,W,3,W
239,276.36,365.84,5,W,5,N
240,295.77,366.14,5,W,5,N
241,301.82,366.44,5,W,5,N
242,301.92,366.74,5,W,5,N
243,317.73,367.04,5,W,5,N
244,333.84,367.34,5,W,5,N
245,338.39,367.64,5,W,5,N
246,358.72,367.94,5,W,5,N
247,363.14,369.28,5,W,5,N
248,365.28,371.42,5,W,5,N
249,369.78,375.91,5,W,5,N
250,372.59,378.73,5,W,5,N
290,330.95,379.84,5,E,5,N
291,344.89,380.14,5,E,5,N
292,354.19,380.44,5,E,5,N
293,392.84,398.97,5,E,5,N
33,245.82,399.20,1,S,3,E
216,227.98,399.60,3,E,5,W
12,163.88,399.90,1,S,5,W
19,185.28,400.20,1,S,5,W
192,249.46,400.50,2,E,5,W
88,196.81,400.80,1,W,5,W
91,205.04,401.10,1,W,5,W
93,234.43,401.40,1,W,5,W
40,358.70,401.60,1,S,1,W
146,204.31,401.70,1,E,5,W
147,209.74,402.00,1,E,5,W
149,268.37,402.30,1,E,5,W
9,158.16,415.60,1,S,5,E
14,168.38,415.90,1,S,5,E
16,179.98,416.20,1,S,5,E
23,202.50,416.50,1,S,5,E
8,155.48,421.74,1,S,5,N
11,161.95,422.04,1,S,5,N
13,166.20,422.34,1,S,5,N
15,169.16,422.64,1,S,5,N
17,180.21,422.94,1,S,5,N
18,181.48,423.24,1,S,5,N
20,188.23,423.54,1,S,5,N
21,191.09,423.84,1,S,5,N
175,235.85,424.14,2,W,5,N
24,210.54,424.44,1,S,5,N
25,213.54,424.74,1,S,5,N
28,230.15,425.04,1,S,5,N
89,200.63,425.34,1,W,5,N
92,206.99,425.64,1,W,5,N
94,234.96,425.94,1,W,5,N
95,235.23,426.24,1,W,5,N
96,238.84,426.54,1,W,5,N
97,241.44,426.84,1,W,5,N
148,265.30,427.14,1,E,5,N
217,315.85,430.37,3,E,5,N
205,368.84,430.61,3,W,5,N
152,369.55,437.97,1,E,3,W
251,394.29,465.74,5,W,5,N
252,425.45,466.04,5,W,5,N
253,446.83,466.34,5,W,5,N
31,244.26,499.50,1,S,5,W
39,272.67,499.80,1,S,5,W
193,332.98,500.10,2,E,5,W
176,314.09,500.40,2,W,5,W
98,290.59,500.70,1,W,5,W
99,329.16,501.00,1,W,5,W
151,366.96,501.30,1,E,5,W
34,249.48,515.50,1,S,5,E
29,238.02,521.64,1,S,5,N
37,262.87,521.94,1,S,5,N
177,388.01,522.24,2,W,5,N
100,362.75,522.54,1,W,5,N
150,304.56,522.84,1,E,5,N
206,401.07,530.17,3,W,5,N
101,366.31,537.47,1,W,3,W
102,369.81,537.77,1,W,3,E
106,420.10,538.97,1,W,3,W
254,474.01,565.64,5,W,5,N
255,535.67,565.94,5,W,5,N
256,541.35,566.24,5,W,5,N
257,561.80,567.94,5,W,5,N
258,564.77,570.90,5,W,5,N
294,524.43,579.64,5,E,5,N
295,534.54,579.94,5,E,5,N
296,550.01,580.24,5,E,5,N
297,551.91,580.54,5,E,5,N
298,563.33,580.84,5,E,5,N
299,565.78,581.14,5,E,5,N
218,414.30,599.40,3,E,5,W
194,402.30,599.70,2,E,5,W
104,415.65,600.00,1,W,5,W
105,419.16,600.30,1,W,5,W
154,427.84,600.60,1,E,5,W
155,432.33,600.90,1,E,5,W
49,542.55,602.40,1,S,1,W
178,454.74,621.54,2,W,5,N
179,482.24,621.84,2,W,5,N
195,490.86,622.14,2,E,5,N
41,422.25,622.44,1,S,5,N
42,425.25,622.74,1,S,5,N
43,427.76,623.04,1,S,5,N
103,383.09,623.34,1,W,5,N
153,406.00,623.64,1,E,5,N
207,525.13,629.97,3,W,5,N
116,541.23,639.37,1,W,3,W
50,604.32,644.57,1,S,2,W
259,585.11,665.54,5,W,5,N
260,586.06,665.84,5,W,5,N
261,591.14,666.14,5,W,5,N
262,607.18,666.44,5,W,5,N
263,610.15,666.74,5,W,5,N
300,665.56,679.54,5,E,5,N
301,672.02,679.84,5,E,5,N
156,496.55,699.30,1,E,5,W
219,505.89,699.60,3,E,5,W
220,570.40,699.90,3,E,5,W
45,496.61,700.20,1,S,5,W
47,501.26,700.50,1,S,5,W
180,553.27,700.80,2,W,5,W
181,558.75,701.10,2,W,5,W
108,474.27,701.40,1,W,5,W
110,508.68,701.70,1,W,5,W
111,511.34,702.00,1,W,5,W
113,517.96,702.30,1,W,5,W
114,527.99,702.60,1,W,5,W
51,677.61,702.80,1,S,1,W
157,540.94,702.90,1,E,5,W
44,495.06,715.30,1,S,5,E
115,538.58,715.60,1,W,5,E
46,500.36,721.44,1,S,5,N
196,574.06,721.74,2,E,5,N
107,471.14,722.04,1,W,5,N
109,494.05,722.34,1,W,5,N
112,514.61,722.64,1,W,5,N
158,562.27,722.94,1,E,5,N
159,567.33,723.24,1,E,5,N
208,634.21,729.77,3,W,5,N
221,604.81,730.07,3,E,5,N
222,687.72,749.49,3,E,5,N
209,690.13,751.90,3,W,5,N
264,702.66,765.44,5,W,5,N
265,703.29,765.74,5,W,5,N
266,705.51,766.04,5,W,5,N
267,737.68,766.34,5,W,5,N
268,738.55,766.64,5,W,5,N
269,742.80,766.94,5,W,5,N
270,746.78,767.24,5,W,5,N
271,749.68,767.54,5,W,5,N
272,752.72,767.84,5,W,5,N
273,754.05,768.14,5,W,5,N
274,756.56,768.44,5,W,5,N
275,760.94,768.74,5,W,5,N
57,695.78,798.40,1,S,3,E
184,659.58,799.20,2,W,5,W
121,621.92,799.50,1,W,5,W
161,616.50,799.80,1,E,5,W
163,637.50,800.10,1,E,5,W
128,711.68,800.80,1,W,2,W
129,715.95,801.10,1,W,2,W
185,727.20,812.97,2,W,3,E
120,621.04,815.20,1,W,5,E
123,627.96,815.50,1,W,5,E
48,541.48,821.34,1,S,5,N
182,603.34,821.64,2,W,5,N
197,660.21,821.94,2,E,5,N
183,633.30,822.24,2,W,5,N
117,591.51,822.54,1,W,5,N
118,599.14,822.84,1,W,5,N
119,602.59,823.14,1,W,5,N
122,624.27,823.44,1,W,5,N
124,649.17,823.74,1,W,5,N
160,605.35,824.04,1,E,5,N
162,627.18,824.34,1,E,5,N
164,648.07,824.64,1,E,5,N
223,793.55,855.32,3,E,5,N
276,777.40,865.34,5,W,5,N
277,782.96,865.64,5,W,5,N
278,797.12,865.94,5,W,5,N
279,799.82,866.24,5,W,5,N
280,803.17,866.54,5,W,5,N
281,806.00,866.84,5,W,5,N
282,847.81,867.14,5,W,5,N
283,855.55,867.44,5,W,5,N
284,861.40,867.53,5,W,5,N
285,864.00,870.13,5,W,5,N
302,814.32,879.34,5,E,5,N
303,823.22,879.64,5,E,5,N
304,824.15,879.94,5,E,5,N
305,829.12,880.24,5,E,5,N
306,834.92,880.54,5,E,5,N
307,836.17,880.84,5,E,5,N
308,844.16,881.14,5,E,5,N
309,846.55,881.44,5,E,5,N
310,865.34,881.74,5,E,5,N
311,884.21,890.34,5,E,5,N
312,892.73,898.87,5,E,5,N
210,791.29,899.10,3,W,5,W
53,684.45,899.40,1,S,5,W
199,786.19,899.70,2,E,5,W
126,698.74,900.00,1,W,5,W
137,849.61,900.90,1,W,2,W
65,872.07,903.60,1,S,1,W
70,889.01,916.40,1,S,1,E
165,701.46,921.24,1,E,5,N
52,679.24,921.54,1,S,5,N
54,686.41,921.84,1,S,5,N
55,689.35,922.14,1,S,5,N
56,692.83,922.44,1,S,5,N
58,697.02,922.74,1,S,5,N
59,699.37,923.04,1,S,5,N
224,862.45,923.23,3,E,5,E
60,703.24,923.34,1,S,5,N
61,704.38,923.64,1,S,5,N
198,745.58,923.94,2,E,5,N
186,756.61,924.24,2,W,5,N
125,680.47,924.54,1,W,5,N
127,698.85,924.84,1,W,5,N
130,719.60,925.14,1,W,5,N
131,750.86,925.44,1,W,5,N
166,709.20,925.74,1,E,5,N
167,725.97,926.04,1,E,5,N
225,897.10,958.87,3,E,5,N
286,881.16,965.24,5,W,5,N
64,868.68,998.00,1,S,3,W
187,809.26,999.00,2,W,5,W
200,858.90,999.30,2,E,5,W
188,849.36,999.60,2,W,5,W
201,891.18,999.90,2,E,5,W
170,835.69,1000.20,1,E,5,W
171,841.68,1000.50,1,E,5,W
173,867.90,1000.80,1,E,5,W
62,786.70,1015.00,1,S,5,E
168,800.92,1021.14,1,E,5,N
132,784.22,1021.44,1,W,5,N
133,784.96,1021.74,1,W,5,N
134,817.42,1022.04,1,W,5,N
135,819.64,1022.34,1,W,5,N
136,847.46,1022.64,1,W,5,N
169,829.68,1022.94,1,E,5,N
172,850.05,1023.24,1,E,5,N
66,873.80,1098.90,1,S,5,W
68,886.55,1099.20,1,S,5,W
71,891.13,1099.50,1,S,5,W
72,893.14,1099.80,1,S,5,W
63,868.41,1121.04,1,S,5,N
67,875.99,1121.34,1,S,5,N
69,887.08,1121.64,1,S,5,N
73,894.57,1121.94,1,S,5,N
74,896.69,1122.24,1,S,5,N
75,899.04,1122.54,1,S,5,N
138,897.43,1122.84,1,W,5,N
139,899.49,1123.14,1,W,5,N