id,enter_time,exit_time,entrance_intersection,entrance_direction,exit_intersection,exit_direction
4,20.84,34.98,1,S,1,E
249,28.78,66.14,5,W,5,N
0,3.17,100.40,1,S,1,W
3,16.86,100.70,1,S,1,W
10,91.24,105.37,1,S,1,W
18,114.57,128.71,1,S,1,E
229,19.67,130.97,3,E,5,N
101,39.19,138.57,1,W,3,E
250,121.54,166.04,5,W,5,N
251,160.60,166.74,5,W,5,N
252,162.75,168.89,5,W,5,N
253,165.75,171.89,5,W,5,N
301,138.99,180.04,5,E,5,N
302,141.42,180.34,5,E,5,N
185,77.48,199.80,2,W,5,W
1,6.49,200.10,1,S,5,W
6,24.09,200.40,1,S,5,W
97,2.13,200.70,1,W,5,W
99,35.00,201.00,1,W,5,W
154,40.55,201.30,1,E,5,W
184,61.95,221.94,2,W,5,N
201,81.79,222.24,2,E,5,N
2,14.99,222.54,1,S,5,N
5,23.73,222.84,1,S,5,N
98,32.16,223.14,1,W,5,N
100,38.83,223.44,1,W,5,N
153,3.99,223.74,1,E,5,N
155,48.21,224.04,1,E,5,N
156,78.49,224.34,1,E,5,N
230,119.24,224.63,3,E,5,E
215,138.18,225.23,3,W,5,E
213,100.67,230.77,3,W,5,N
214,126.34,231.07,3,W,5,N
20,121.23,238.07,1,S,3,W
231,194.55,256.32,3,E,5,N
254,182.49,265.94,5,W,5,N
255,184.91,266.24,5,W,5,N
256,189.43,266.54,5,W,5,N
257,192.76,266.84,5,W,5,N
258,193.94,267.14,5,W,5,N
259,200.12,267.44,5,W,5,N
260,219.29,267.74,5,W,5,N
261,222.35,268.04,5,W,5,N
262,237.03,268.34,5,W,5,N
263,238.53,268.64,5,W,5,N
264,240.87,268.94,5,W,5,N
265,252.19,269.24,5,W,5,N
303,228.06,279.94,5,E,5,N
216,155.30,299.70,3,W,5,W
232,198.05,300.00,3,E,5,W
7,86.05,300.30,1,S,5,W
186,135.54,300.60,2,W,5,W
19,117.61,300.90,1,S,5,W
29,214.79,301.20,1,S,1,W
25,135.34,301.20,1,S,5,W
36,257.12,301.50,1,S,1,W
102,69.47,301.50,1,W,5,W
37,259.50,301.80,1,S,1,W
104,79.81,301.80,1,W,5,W
39,261.54,302.10,1,S,1,W
105,111.84,302.10,1,W,5,W
106,115.57,302.40,1,W,5,W
107,144.63,302.70,1,W,5,W
108,148.20,303.00,1,W,5,W
110,160.58,303.30,1,W,5,W
157,134.32,303.60,1,E,5,W
158,140.53,303.90,1,E,5,W
14,109.48,315.70,1,S,5,E
8,86.88,321.84,1,S,5,N
9,88.62,322.14,1,S,5,N
11,100.13,322.44,1,S,5,N
12,103.54,322.74,1,S,5,N
202,103.07,323.04,2,E,5,N
187,183.53,323.34,2,W,5,N
203,195.22,323.64,2,E,5,N
13,107.26,323.94,1,S,5,N
15,111.68,324.24,1,S,5,N
16,112.65,324.54,1,S,5,N
17,114.28,324.84,1,S,5,N
21,123.93,325.14,1,S,5,N
22,127.08,325.44,1,S,5,N
23,129.20,325.74,1,S,5,N
24,133.06,326.04,1,S,5,N
103,76.53,326.34,1,W,5,N
109,159.24,326.64,1,W,5,N
159,180.40,326.94,1,E,5,N
233,211.37,330.57,3,E,5,N
33,239.40,340.12,1,S,2,E
40,264.04,341.32,1,S,2,W
266,292.03,365.84,5,W,5,N
267,295.04,366.14,5,W,5,N
268,298.68,366.44,5,W,5,N
269,352.05,366.74,5,W,5,N
270,357.67,367.04,5,W,5,N
304,370.53,379.84,5,E,5,N
305,385.66,391.80,5,E,5,N
306,386.54,392.68,5,E,5,N
307,386.95,393.09,5,E,5,N
38,261.50,399.20,1,S,3,W
35,250.17,399.20,1,S,3,E
234,281.07,399.60,3,E,5,W
217,293.93,399.90,3,W,5,W
28,213.84,400.20,1,S,5,W
32,236.19,400.50,1,S,5,W
113,249.19,400.80,1,W,5,W
45,332.82,401.60,1,S,1,W
47,336.31,401.90,1,S,1,W
49,340.87,402.20,1,S,1,W
308,399.12,405.26,5,E,5,N
189,232.81,415.60,2,W,5,E
111,212.13,415.90,1,W,5,E
163,272.72,416.20,1,E,5,E
26,138.89,421.74,1,S,5,N
27,146.50,422.04,1,S,5,N
188,211.92,422.34,2,W,5,N
204,243.66,422.64,2,E,5,N
30,218.67,422.94,1,S,5,N
31,222.18,423.24,1,S,5,N
112,246.08,423.54,1,W,5,N
160,235.83,423.84,1,E,5,N
161,242.83,424.14,1,E,5,N
162,264.66,424.44,1,E,5,N
235,300.81,430.37,3,E,5,N
236,365.60,430.67,3,E,5,N
237,368.35,430.97,3,E,5,N
271,378.84,465.74,5,W,5,N
272,381.01,466.04,5,W,5,N
273,381.29,466.34,5,W,5,N
274,385.29,466.64,5,W,5,N
309,410.73,479.74,5,E,5,N
41,264.55,499.50,1,S,5,W
43,267.10,499.80,1,S,5,W
190,384.42,500.10,2,W,5,W
115,326.41,500.40,1,W,5,W
58,414.97,500.50,1,S,2,W
118,355.88,500.70,1,W,5,W
52,402.38,502.00,1,S,1,W
54,408.30,502.30,1,S,1,W
56,412.47,502.60,1,S,1,W
57,414.95,502.90,1,S,1,W
62,494.34,508.48,1,S,1,W
114,293.46,515.50,1,W,5,E
169,493.17,519.28,1,E,2,E
34,248.78,521.64,1,S,5,N
42,266.61,521.94,1,S,5,N
205,316.36,522.24,2,E,5,N
206,386.97,522.54,2,E,5,N
44,329.98,522.84,1,S,5,N
46,336.22,523.14,1,S,5,N
48,337.88,523.44,1,S,5,N
116,332.71,523.74,1,W,5,N
117,336.57,524.04,1,W,5,N
119,362.84,524.34,1,W,5,N
164,305.69,524.64,1,E,5,N
165,322.86,524.94,1,E,5,N
166,396.26,525.24,1,E,5,N
218,439.67,530.17,3,W,5,N
238,399.68,530.47,3,E,5,N
241,433.07,531.07,3,E,5,N
242,447.37,531.37,3,E,5,N
127,463.75,540.17,1,W,3,W
167,475.88,540.47,1,E,3,W
275,474.11,565.64,5,W,5,N
276,476.46,565.94,5,W,5,N
277,482.30,566.24,5,W,5,N
278,485.25,566.54,5,W,5,N
279,537.76,566.84,5,W,5,N
280,539.09,567.14,5,W,5,N
281,541.46,567.44,5,W,5,N
282,545.27,567.74,5,W,5,N
283,560.63,568.04,5,W,5,N
284,560.69,568.34,5,W,5,N
285,563.95,570.08,5,W,5,N
286,567.86,573.99,5,W,5,N
287,570.34,576.47,5,W,5,N
310,552.63,579.64,5,E,5,N
311,554.96,579.94,5,E,5,N
239,412.78,599.40,3,E,5,W
240,415.58,599.70,3,E,5,W
219,480.59,600.00,3,W,5,W
50,342.84,600.30,1,S,5,W
191,404.83,600.60,2,W,5,W
73,517.92,600.60,1,S,2,W
59,418.16,600.90,1,S,5,W
60,421.84,601.20,1,S,5,W
61,422.96,601.50,1,S,5,W
121,423.76,601.80,1,W,5,W
124,428.42,602.10,1,W,5,W
65,500.19,602.40,1,S,1,W
68,506.53,602.70,1,S,1,W
71,514.78,603.00,1,S,1,W
75,523.12,603.30,1,S,1,W
76,527.61,603.60,1,S,1,W
77,530.78,603.90,1,S,1,W
78,533.89,604.20,1,S,1,W
168,489.79,607.61,1,E,5,W
51,400.83,615.40,1,S,5,E
125,432.05,615.70,1,W,5,E
207,453.61,621.54,2,E,5,N
192,465.83,621.84,2,W,5,N
53,405.52,622.14,1,S,5,N
55,409.89,622.44,1,S,5,N
120,395.43,622.74,1,W,5,N
122,427.46,623.04,1,W,5,N
123,428.34,623.34,1,W,5,N
126,435.12,623.64,1,W,5,N
220,527.71,629.97,3,W,5,N
72,517.01,637.27,1,S,3,E
288,575.34,665.54,5,W,5,N
289,577.59,665.84,5,W,5,N
290,582.28,666.14,5,W,5,N
291,585.79,666.44,5,W,5,N
292,589.34,666.74,5,W,5,N
312,638.61,679.54,5,E,5,N
313,638.62,679.84,5,E,5,N
314,672.31,680.14,5,E,5,N
170,496.01,699.30,1,E,5,W
243,522.39,699.60,3,E,5,W
244,590.76,699.90,3,E,5,W
245,593.17,700.20,3,E,5,W
67,504.29,700.50,1,S,5,W
208,539.85,700.80,2,E,5,W
194,556.62,701.10,2,W,5,W
70,509.15,701.40,1,S,5,W
134,566.54,701.70,1,W,5,W
172,572.29,702.00,1,E,5,W
131,500.19,715.30,1,W,5,E
63,496.17,721.44,1,S,5,N
64,498.41,721.74,1,S,5,N
66,502.89,722.04,1,S,5,N
193,508.28,722.34,2,W,5,N
195,574.73,722.64,2,W,5,N
82,708.79,722.92,1,S,1,E
196,598.66,722.94,2,W,5,N
69,508.09,723.24,1,S,5,N
74,522.48,723.54,1,S,5,N
221,649.26,723.63,3,W,5,E
79,536.52,723.84,1,S,5,N
128,495.94,724.14,1,W,5,N
129,496.61,724.44,1,W,5,N
130,497.68,724.74,1,W,5,N
132,515.67,725.04,1,W,5,N
133,533.66,725.34,1,W,5,N
171,565.70,725.64,1,E,5,N
173,576.40,725.94,1,E,5,N
246,667.14,729.77,3,E,5,N
293,688.00,765.44,5,W,5,N
294,720.91,765.74,5,W,5,N
295,726.63,766.04,5,W,5,N
296,729.62,766.34,5,W,5,N
297,731.95,766.64,5,W,5,N
298,732.93,766.94,5,W,5,N
315,704.59,779.44,5,E,5,N
316,750.06,779.74,5,E,5,N
317,759.38,780.04,5,E,5,N
318,761.35,780.34,5,E,5,N
135,585.61,799.20,1,W,5,W
136,589.08,799.50,1,W,5,W
137,617.35,799.80,1,W,5,W
139,657.90,800.10,1,W,5,W
83,719.64,800.80,1,S,2,E
86,728.19,803.20,1,S,1,W
87,728.97,803.50,1,S,1,W
319,798.70,804.84,5,E,5,N
88,795.28,809.41,1,S,1,W
90,798.29,812.43,1,S,1,W
80,626.96,815.20,1,S,5,E
93,801.01,816.00,1,S,1,E
209,630.06,821.34,2,E,5,N
197,620.38,821.64,2,W,5,N
198,629.21,821.94,2,W,5,N
199,657.78,822.24,2,W,5,N
138,619.90,822.54,1,W,5,N
223,745.70,829.87,3,W,5,N
224,748.01,830.17,3,W,5,N
299,797.55,865.34,5,W,5,N
300,864.27,870.41,5,W,5,N
222,704.07,899.10,3,W,5,W
247,784.72,899.40,3,E,5,W
81,641.89,899.70,1,S,5,W
210,704.07,900.00,2,E,5,W
85,724.24,900.30,1,S,5,W
140,682.48,900.60,1,W,5,W
142,687.47,900.90,1,W,5,W
149,797.92,900.90,1,W,2,E
320,895.01,901.15,5,E,5,N
143,689.79,901.20,1,W,5,W
176,727.81,901.50,1,E,5,W
95,879.93,903.60,1,S,1,W
144,692.12,915.10,1,W,5,E
175,718.13,915.40,1,E,5,E
211,760.48,921.24,2,E,5,N
84,720.84,921.54,1,S,5,N
141,686.21,921.84,1,W,5,N
145,694.22,922.14,1,W,5,N
146,695.52,922.44,1,W,5,N
147,697.47,922.74,1,W,5,N
148,747.86,923.04,1,W,5,N
174,708.89,923.34,1,E,5,N
177,754.21,923.64,1,E,5,N
178,774.41,923.94,1,E,5,N
225,802.39,929.37,3,W,5,N
226,817.69,929.67,3,W,5,N
228,830.07,930.27,3,W,5,N
96,882.98,942.82,1,S,2,W
248,800.70,999.00,3,E,5,W
227,824.68,999.30,3,W,5,W
92,800.83,999.60,1,S,5,W
212,847.47,999.90,2,E,5,W
151,835.91,1000.20,1,W,5,W
152,860.96,1000.50,1,W,5,W
179,813.34,1000.80,1,E,5,W
181,862.40,1001.10,1,E,5,W
182,876.14,1001.40,1,E,5,W
89,795.37,1021.14,1,S,5,N
91,798.94,1021.44,1,S,5,N
200,833.57,1021.74,2,W,5,N
150,832.16,1022.04,1,W,5,N
180,851.90,1022.34,1,E,5,N
183,893.68,1022.64,1,E,5,N
94,878.88,1121.04,1,S,5,N