id,enter_time,exit_time,entrance_intersection,entrance_direction,exit_intersection,exit_direction
1,5.77,19.90,1,S,1,E
255,58.73,66.14,5,W,5,N
256,64.56,70.70,5,W,5,N
314,34.40,80.14,5,E,5,N
315,35.87,80.44,5,E,5,N
316,55.04,80.74,5,E,5,N
317,66.20,81.04,5,E,5,N
4,88.21,113.20,1,S,1,E
217,43.05,130.97,3,W,5,N
3,85.36,139.62,1,S,2,W
5,89.27,139.92,1,S,2,E
257,162.29,168.43,5,W,5,N
318,167.64,180.04,5,E,5,N
319,181.61,187.74,5,E,5,N
320,193.13,199.26,5,E,5,N
321,193.63,199.77,5,E,5,N
234,2.85,199.80,3,E,5,W
235,15.97,200.10,3,E,5,W
104,89.47,200.20,1,W,2,W
174,170.45,200.50,1,E,2,W
8,167.46,200.80,1,S,1,W
0,2.49,221.94,1,S,5,N
204,99.04,222.24,2,E,5,N
102,41.58,222.54,1,W,5,N
103,47.69,222.84,1,W,5,N
171,69.47,223.14,1,E,5,N
172,75.52,223.44,1,E,5,N
218,156.25,230.77,3,W,5,N
6,163.78,239.72,1,S,2,E
258,174.62,265.94,5,W,5,N
259,195.05,266.24,5,W,5,N
260,195.86,266.54,5,W,5,N
261,195.97,266.84,5,W,5,N
262,241.15,267.14,5,W,5,N
263,243.21,267.44,5,W,5,N
322,237.69,279.94,5,E,5,N
323,248.27,280.24,5,E,5,N
7,165.36,299.40,1,S,3,W
236,114.30,299.70,3,E,5,W
219,167.31,300.00,3,W,5,W
220,168.77,300.30,3,W,5,W
2,84.70,300.60,1,S,5,W
194,186.25,300.90,2,W,5,W
9,231.76,301.20,1,S,1,W
105,93.06,301.20,1,W,5,W
12,238.99,301.50,1,S,1,W
173,144.49,301.50,1,E,5,W
175,174.45,315.70,1,E,5,E
205,125.58,321.84,2,E,5,N
106,135.61,322.14,1,W,5,N
221,201.06,330.57,3,W,5,N
238,259.02,330.87,3,E,5,N
222,203.62,331.17,3,W,5,N
223,208.42,331.47,3,W,5,N
226,275.65,337.42,3,W,5,N
264,312.64,365.84,5,W,5,N
265,331.17,366.14,5,W,5,N
266,336.53,366.44,5,W,5,N
267,339.30,366.74,5,W,5,N
268,340.88,367.04,5,W,5,N
269,343.67,367.34,5,W,5,N
270,346.31,367.64,5,W,5,N
271,348.05,367.94,5,W,5,N
272,359.44,368.24,5,W,5,N
273,362.03,368.54,5,W,5,N
274,363.43,369.57,5,W,5,N
324,380.31,386.45,5,E,5,N
237,219.72,399.60,3,E,5,W
224,214.25,399.90,3,W,5,W
225,221.99,400.20,3,W,5,W
239,281.48,400.50,3,E,5,W
206,213.17,400.80,2,E,5,W
207,243.87,401.10,2,E,5,W
13,300.93,401.60,1,S,1,W
16,311.56,401.90,1,S,1,W
17,312.80,402.20,1,S,1,W
110,259.83,415.60,1,W,5,E
177,295.85,415.90,1,E,5,E
10,233.56,421.74,1,S,5,N
107,186.90,422.04,1,W,5,N
108,225.70,422.34,1,W,5,N
109,256.08,422.64,1,W,5,N
111,259.88,422.94,1,W,5,N
176,238.19,423.24,1,E,5,N
227,324.14,430.37,3,W,5,N
240,300.11,430.67,3,E,5,N
241,302.65,430.97,3,E,5,N
180,349.27,438.87,1,E,3,W
275,383.65,465.74,5,W,5,N
276,384.79,466.04,5,W,5,N
277,388.22,466.34,5,W,5,N
278,393.23,466.64,5,W,5,N
279,398.63,466.94,5,W,5,N
280,412.71,467.24,5,W,5,N
281,428.05,467.54,5,W,5,N
282,431.92,467.84,5,W,5,N
283,432.43,468.14,5,W,5,N
284,458.77,468.44,5,W,5,N
285,461.57,468.74,5,W,5,N
286,462.75,468.88,5,W,5,N
242,335.90,499.50,3,E,5,W
228,371.97,499.80,3,W,5,W
208,338.31,500.10,2,E,5,W
179,337.68,500.40,1,E,5,W
117,375.20,500.50,1,W,2,E
182,420.61,500.50,1,E,2,W
181,388.45,506.27,1,E,5,W
210,419.82,512.67,2,E,3,W
30,487.39,514.80,1,S,1,E
15,310.24,515.50,1,S,5,E
113,313.95,515.80,1,W,5,E
115,359.15,516.10,1,W,5,E
11,238.57,521.64,1,S,5,N
195,374.69,521.94,2,W,5,N
196,383.02,522.24,2,W,5,N
209,387.92,522.54,2,E,5,N
14,308.52,522.84,1,S,5,N
112,311.81,523.14,1,W,5,N
114,356.90,523.44,1,W,5,N
178,330.67,523.74,1,E,5,N
41,515.30,529.44,1,S,1,E
244,460.60,530.47,3,E,5,N
187,497.60,559.79,1,E,3,W
287,527.10,565.64,5,W,5,N
288,529.73,565.94,5,W,5,N
289,532.66,566.24,5,W,5,N
290,536.83,566.54,5,W,5,N
291,549.00,566.84,5,W,5,N
292,552.19,567.14,5,W,5,N
293,555.87,567.44,5,W,5,N
294,560.60,567.74,5,W,5,N
325,527.31,579.64,5,E,5,N
326,536.31,579.94,5,E,5,N
327,538.36,580.24,5,E,5,N
328,566.86,580.54,5,E,5,N
329,568.93,580.84,5,E,5,N
31,488.63,598.80,1,S,3,W
243,446.17,599.40,3,E,5,W
229,403.66,599.70,3,W,5,W
245,463.48,600.00,3,E,5,W
21,392.72,600.30,1,S,5,W
22,393.21,600.60,1,S,5,W
127,548.00,600.60,1,W,2,W
23,395.43,600.90,1,S,5,W
128,553.37,600.90,1,W,2,W
197,436.70,601.20,2,W,5,W
25,409.35,601.50,1,S,5,W
26,412.51,601.80,1,S,5,W
29,418.55,602.10,1,S,5,W
183,422.90,602.40,1,E,5,W
39,509.70,602.40,1,S,1,W
44,522.65,602.70,1,S,1,W
47,529.00,603.00,1,S,1,W
52,545.23,603.30,1,S,1,W
56,557.64,603.60,1,S,1,W
58,562.31,603.90,1,S,1,W
61,574.60,604.20,1,S,1,W
62,578.63,604.50,1,S,1,W
64,581.76,604.80,1,S,1,W
200,578.12,614.19,2,W,3,E
20,389.80,615.40,1,S,5,E
28,415.69,615.70,1,S,5,E
119,440.40,616.00,1,W,5,E
18,384.73,621.54,1,S,5,N
19,388.56,621.84,1,S,5,N
24,403.31,622.14,1,S,5,N
27,413.12,622.44,1,S,5,N
116,371.32,622.74,1,W,5,N
118,391.41,623.04,1,W,5,N
120,462.50,623.34,1,W,5,N
184,428.15,623.64,1,E,5,N
185,460.99,623.94,1,E,5,N
186,462.98,624.24,1,E,5,N
246,573.75,635.52,3,E,5,N
45,527.90,638.17,1,S,3,W
51,534.47,639.67,1,S,3,W
57,561.06,642.22,1,S,2,W
247,596.90,658.67,3,E,5,N
295,629.89,665.54,5,W,5,N
296,633.51,665.84,5,W,5,N
330,600.85,679.54,5,E,5,N
54,550.89,698.60,1,S,3,W
59,570.16,698.90,1,S,3,W
230,516.40,699.30,3,W,5,W
231,535.98,699.60,3,W,5,W
32,489.67,699.90,1,S,5,W
42,518.13,700.20,1,S,5,W
48,529.67,700.50,1,S,5,W
135,591.23,700.70,1,W,2,W
122,503.83,700.80,1,W,5,W
124,534.91,701.10,1,W,5,W
125,538.48,701.40,1,W,5,W
126,545.77,701.70,1,W,5,W
129,555.99,702.00,1,W,5,W
130,556.54,702.30,1,W,5,W
49,530.24,715.30,1,S,5,E
33,497.59,721.44,1,S,5,N
34,500.20,721.74,1,S,5,N
35,502.80,722.04,1,S,5,N
36,503.63,722.34,1,S,5,N
211,509.72,722.64,2,E,5,N
198,506.55,722.94,2,W,5,N
199,532.96,723.24,2,W,5,N
212,535.27,723.54,2,E,5,N
37,505.28,723.84,1,S,5,N
38,506.59,724.14,1,S,5,N
40,514.23,724.44,1,S,5,N
43,520.18,724.74,1,S,5,N
46,528.06,725.04,1,S,5,N
50,531.06,725.34,1,S,5,N
121,489.68,725.64,1,W,5,N
123,519.73,725.94,1,W,5,N
131,557.61,726.24,1,W,5,N
132,561.54,726.54,1,W,5,N
188,517.53,726.84,1,E,5,N
248,610.50,729.77,3,E,5,N
249,613.71,730.07,3,E,5,N
232,682.67,744.44,3,W,5,N
250,688.40,750.17,3,E,5,N
297,691.99,765.44,5,W,5,N
298,692.22,765.74,5,W,5,N
299,702.03,766.04,5,W,5,N
300,735.55,766.34,5,W,5,N
301,738.34,766.64,5,W,5,N
302,760.06,766.94,5,W,5,N
303,763.63,769.77,5,W,5,N
304,768.13,774.27,5,W,5,N
305,771.93,778.07,5,W,5,N
331,708.82,779.44,5,E,5,N
332,720.65,779.74,5,E,5,N
333,771.15,780.04,5,E,5,N
334,777.13,783.27,5,E,5,N
65,584.51,799.20,1,S,5,W
66,586.16,799.50,1,S,5,W
134,585.54,799.80,1,W,5,W
137,595.46,800.10,1,W,5,W
190,648.53,800.40,1,E,5,W
148,740.30,800.80,1,W,2,W
74,766.04,803.20,1,S,1,W
75,768.17,803.50,1,S,1,W
77,773.28,803.80,1,S,1,W
191,687.67,805.50,1,E,5,W
84,798.75,812.89,1,S,1,W
202,767.78,812.97,2,W,3,W
141,650.17,815.20,1,W,5,E
83,792.13,816.00,1,S,1,E
85,801.86,816.00,1,S,1,E
53,547.98,821.34,1,S,5,N
55,552.74,821.64,1,S,5,N
60,571.27,821.94,1,S,5,N
63,580.46,822.24,1,S,5,N
201,604.14,822.54,2,W,5,N
213,629.23,822.84,2,E,5,N
133,577.95,823.14,1,W,5,N
136,592.74,823.44,1,W,5,N
138,599.19,823.74,1,W,5,N
139,634.10,824.04,1,W,5,N
140,634.89,824.34,1,W,5,N
189,630.78,824.64,1,E,5,N
251,719.77,829.57,3,E,5,N
203,794.22,830.29,2,W,3,W
146,736.05,838.07,1,W,3,W
152,759.96,839.57,1,W,3,W
73,764.86,843.32,1,S,2,W
78,774.03,843.92,1,S,2,W
306,788.91,865.34,5,W,5,N
307,792.65,865.64,5,W,5,N
308,795.20,865.94,5,W,5,N
309,798.62,866.24,5,W,5,N
310,803.50,866.54,5,W,5,N
311,819.86,866.84,5,W,5,N
335,831.59,879.34,5,E,5,N
336,850.96,879.64,5,E,5,N
67,683.25,899.10,1,S,5,W
215,799.31,899.40,2,E,5,W
144,720.29,899.70,1,W,5,W
145,723.38,900.00,1,W,5,W
147,736.46,900.30,1,W,5,W
192,766.36,900.60,1,E,5,W
157,781.38,900.90,1,W,2,W
193,855.25,901.20,1,E,2,W
86,803.59,903.60,1,S,1,W
96,825.62,903.90,1,S,1,W
337,898.52,904.65,5,E,5,N
98,894.53,908.66,1,S,1,W
151,756.56,915.10,1,W,5,E
216,883.55,919.62,2,E,3,W
68,693.44,921.24,1,S,5,N
214,712.50,921.54,2,E,5,N
142,674.11,921.84,1,W,5,N
143,677.97,922.14,1,W,5,N
149,743.11,922.44,1,W,5,N
150,746.19,922.74,1,W,5,N
153,763.14,923.04,1,W,5,N
154,766.75,923.34,1,W,5,N
252,800.87,929.37,3,E,5,N
233,811.76,929.67,3,W,5,N
253,828.88,929.97,3,E,5,N
254,831.29,930.27,3,E,5,N
88,808.59,937.27,1,S,3,W
94,818.42,939.07,1,S,3,E
155,769.66,939.97,1,W,3,W
156,773.51,940.27,1,W,3,W
312,879.48,965.24,5,W,5,N
313,881.63,965.54,5,W,5,N
69,756.44,999.00,1,S,5,W
70,759.67,999.30,1,S,5,W
71,760.82,999.60,1,S,5,W
76,772.02,999.90,1,S,5,W
91,814.58,1000.20,1,S,5,W
158,826.77,1000.50,1,W,5,W
160,837.64,1000.80,1,W,5,W
168,884.51,1001.00,1,W,2,E
167,879.05,1001.00,1,W,2,W
163,854.25,1001.10,1,W,5,W
165,859.80,1001.40,1,W,5,W
95,821.83,1015.00,1,S,5,E
159,833.64,1015.30,1,W,5,E
72,763.36,1021.14,1,S,5,N
79,777.46,1021.44,1,S,5,N
80,780.39,1021.74,1,S,5,N
81,785.67,1022.04,1,S,5,N
82,789.36,1022.34,1,S,5,N
87,806.83,1022.64,1,S,5,N
89,811.44,1022.94,1,S,5,N
90,813.94,1023.24,1,S,5,N
92,814.64,1023.54,1,S,5,N
93,818.08,1023.84,1,S,5,N
97,827.25,1024.14,1,S,5,N
161,844.82,1024.44,1,W,5,N
162,850.88,1024.74,1,W,5,N
164,857.50,1025.04,1,W,5,N
166,875.42,1098.90,1,W,5,W
99,895.50,1121.04,1,S,5,N
100,898.30,1121.34,1,S,5,N
101,899.05,1121.64,1,S,5,N
169,886.98,1121.94,1,W,5,N
170,899.51,1122.24,1,W,5,N