id,enter_time,exit_time,entrance_intersection,entrance_direction,exit_intersection,exit_direction
0,3.92,44.17,1,S,2,W
253,5.05,66.14,5,W,5,N
254,8.03,66.44,5,W,5,N
255,11.45,66.74,5,W,5,N
256,51.43,67.04,5,W,5,N
257,53.74,67.34,5,W,5,N
258,68.75,74.89,5,W,5,N
259,68.98,75.12,5,W,5,N
260,69.16,75.30,5,W,5,N
311,3.45,80.14,5,E,5,N
312,13.26,80.44,5,E,5,N
313,16.76,80.74,5,E,5,N
1,10.72,100.40,1,S,1,W
14,88.41,102.55,1,S,1,W
13,87.97,113.20,1,S,1,E
24,113.07,127.21,1,S,1,E
236,25.85,130.97,3,E,5,N
220,54.04,131.57,3,W,5,N
3,11.15,136.47,1,S,3,W
261,153.07,166.04,5,W,5,N
262,157.16,166.34,5,W,5,N
314,116.65,180.04,5,E,5,N
315,135.63,180.34,5,E,5,N
316,138.29,180.64,5,E,5,N
317,158.10,180.94,5,E,5,N
318,160.85,181.24,5,E,5,N
12,84.89,199.60,1,S,3,E
218,27.38,199.80,3,W,5,W
219,45.99,200.10,3,W,5,W
113,147.55,200.20,1,W,2,E
193,24.72,200.40,2,W,5,W
208,89.93,200.70,2,E,5,W
2,11.13,201.00,1,S,5,W
6,15.77,201.30,1,S,5,W
8,20.92,201.60,1,S,5,W
108,34.42,201.90,1,W,5,W
109,48.89,202.20,1,W,5,W
31,199.86,214.00,1,S,1,E
165,35.36,215.80,1,E,5,E
33,203.61,217.74,1,S,1,E
197,183.21,219.28,2,W,3,E
194,84.49,221.94,2,W,5,N
4,12.63,222.24,1,S,5,N
5,14.78,222.54,1,S,5,N
7,18.77,222.84,1,S,5,N
9,21.55,223.14,1,S,5,N
107,31.15,223.44,1,W,5,N
166,92.29,223.74,1,E,5,N
240,173.46,229.09,3,E,5,E
237,101.38,230.77,3,E,5,N
238,104.76,231.07,3,E,5,N
239,134.41,231.37,3,E,5,N
263,239.34,265.94,5,W,5,N
264,242.84,266.24,5,W,5,N
265,270.47,276.60,5,W,5,N
266,271.94,278.08,5,W,5,N
319,254.85,279.94,5,E,5,N
320,284.85,290.99,5,E,5,N
32,200.66,299.40,1,S,3,W
241,187.73,299.70,3,E,5,W
221,190.42,300.00,3,W,5,W
11,84.01,300.30,1,S,5,W
15,91.07,300.60,1,S,5,W
17,99.17,300.90,1,S,5,W
39,226.29,301.20,1,S,1,W
209,147.33,301.20,2,E,5,W
52,259.12,301.50,1,S,1,W
22,111.66,301.50,1,S,5,W
27,121.56,301.80,1,S,5,W
110,89.30,302.10,1,W,5,W
111,92.38,302.40,1,W,5,W
112,102.62,302.70,1,W,5,W
47,252.79,314.00,1,S,1,E
198,190.14,315.70,2,W,5,E
199,199.67,316.00,2,W,5,E
10,83.97,321.84,1,S,5,N
16,91.78,322.14,1,S,5,N
18,101.41,322.44,1,S,5,N
19,104.32,322.74,1,S,5,N
195,130.26,323.04,2,W,5,N
196,177.39,323.34,2,W,5,N
20,107.63,323.64,1,S,5,N
21,111.25,323.94,1,S,5,N
23,111.70,324.24,1,S,5,N
25,119.47,324.54,1,S,5,N
26,120.42,324.84,1,S,5,N
28,123.95,325.14,1,S,5,N
167,183.31,325.44,1,E,5,N
222,231.28,330.57,3,W,5,N
40,229.57,337.87,1,S,3,E
43,245.47,340.42,1,S,2,W
170,209.62,340.87,1,E,3,E
172,248.71,341.47,1,E,3,E
51,257.50,342.52,1,S,2,W
242,290.03,351.80,3,E,5,N
267,333.78,365.84,5,W,5,N
268,337.20,366.14,5,W,5,N
269,338.60,366.44,5,W,5,N
270,340.91,366.74,5,W,5,N
271,346.03,367.04,5,W,5,N
272,349.05,367.34,5,W,5,N
321,384.41,390.55,5,E,5,N
49,254.94,399.20,1,S,3,E
243,292.82,399.60,3,E,5,W
29,192.81,399.90,1,S,5,W
201,272.85,400.20,2,W,5,W
202,292.92,400.50,2,W,5,W
34,206.77,400.80,1,S,5,W
114,197.90,401.10,1,W,5,W
118,262.16,401.40,1,W,5,W
63,365.14,401.60,1,S,1,W
119,264.79,401.70,1,W,5,W
168,202.19,402.00,1,E,5,W
30,196.29,421.74,1,S,5,N
210,229.42,422.04,2,E,5,N
200,247.43,422.34,2,W,5,N
35,210.37,422.64,1,S,5,N
36,211.08,422.94,1,S,5,N
37,221.93,423.24,1,S,5,N
38,224.42,423.54,1,S,5,N
41,236.94,423.84,1,S,5,N
115,216.11,424.14,1,W,5,N
116,217.33,424.44,1,W,5,N
117,249.22,424.74,1,W,5,N
169,205.84,425.04,1,E,5,N
171,243.53,425.34,1,E,5,N
173,285.57,425.64,1,E,5,N
174,294.74,425.94,1,E,5,N
223,351.87,430.37,3,W,5,N
123,276.70,437.37,1,W,3,W
273,413.19,465.74,5,W,5,N
274,425.31,466.04,5,W,5,N
275,427.51,466.34,5,W,5,N
276,430.38,466.64,5,W,5,N
277,435.91,466.94,5,W,5,N
278,435.92,467.24,5,W,5,N
279,438.87,467.54,5,W,5,N
280,444.11,467.84,5,W,5,N
281,471.03,477.17,5,W,5,N
53,260.09,499.50,1,S,5,W
212,355.31,499.80,2,E,5,W
122,274.02,500.10,1,W,5,W
124,279.54,500.40,1,W,5,W
66,434.61,500.50,1,S,2,W
71,444.57,502.00,1,S,1,W
69,442.43,514.80,1,S,1,E
211,312.39,515.50,2,E,5,E
128,287.60,515.80,1,W,5,E
203,483.70,519.77,2,W,3,W
42,238.42,521.64,1,S,5,N
44,245.68,521.94,1,S,5,N
45,249.59,522.24,1,S,5,N
46,251.27,522.54,1,S,5,N
48,254.75,522.84,1,S,5,N
50,256.28,523.14,1,S,5,N
120,266.86,523.44,1,W,5,N
121,270.62,523.74,1,W,5,N
125,282.43,524.04,1,W,5,N
126,282.68,524.34,1,W,5,N
127,286.57,524.64,1,W,5,N
129,333.39,524.94,1,W,5,N
130,353.67,525.24,1,W,5,N
131,356.49,525.54,1,W,5,N
175,339.54,525.84,1,E,5,N
176,381.92,526.14,1,E,5,N
244,403.92,530.17,3,E,5,N
224,472.13,533.90,3,W,5,N
65,433.91,536.87,1,S,3,E
67,438.47,537.17,1,S,3,W
177,424.92,538.67,1,E,3,W
80,538.23,552.36,1,S,1,E
282,474.47,565.64,5,W,5,N
283,495.32,565.94,5,W,5,N
284,498.21,566.24,5,W,5,N
285,501.21,566.54,5,W,5,N
286,503.47,566.84,5,W,5,N
287,507.83,567.14,5,W,5,N
288,533.13,567.44,5,W,5,N
289,539.04,567.74,5,W,5,N
290,544.99,568.04,5,W,5,N
291,563.75,569.88,5,W,5,N
292,569.33,575.46,5,W,5,N
293,571.70,577.83,5,W,5,N
322,522.00,579.64,5,E,5,N
323,528.26,579.94,5,E,5,N
56,348.89,599.40,1,S,5,W
57,351.48,599.70,1,S,5,W
58,356.03,600.00,1,S,5,W
59,358.30,600.30,1,S,5,W
61,360.31,600.60,1,S,5,W
62,363.44,600.90,1,S,5,W
64,428.87,601.20,1,S,5,W
132,388.92,601.50,1,W,5,W
134,429.85,601.80,1,W,5,W
135,463.09,602.10,1,W,5,W
178,425.27,602.40,1,E,5,W
73,515.11,602.40,1,S,1,W
179,432.35,602.70,1,E,5,W
75,523.14,602.70,1,S,1,W
213,434.89,615.40,2,E,5,E
54,342.49,621.54,1,S,5,N
55,347.16,621.84,1,S,5,N
60,358.36,622.14,1,S,5,N
133,391.17,622.44,1,W,5,N
180,491.17,622.74,1,E,5,N
226,523.53,630.27,3,W,5,N
227,545.06,630.57,3,W,5,N
228,560.14,630.87,3,W,5,N
229,563.55,631.17,3,W,5,N
76,523.44,637.27,1,S,3,W
141,554.91,639.97,1,W,3,W
230,587.94,649.71,3,W,5,N
294,574.28,665.54,5,W,5,N
295,576.50,665.84,5,W,5,N
296,645.44,666.14,5,W,5,N
297,650.69,666.44,5,W,5,N
298,651.37,666.74,5,W,5,N
324,632.61,679.54,5,E,5,N
325,649.18,679.84,5,E,5,N
245,516.10,699.30,3,E,5,W
225,520.33,699.60,3,W,5,W
70,442.73,699.90,1,S,5,W
205,530.69,700.20,2,W,5,W
78,531.15,700.50,1,S,5,W
142,594.09,700.70,1,W,2,W
137,480.61,700.80,1,W,5,W
87,687.24,702.80,1,S,1,W
68,440.12,715.30,1,S,5,E
204,506.61,721.44,2,W,5,N
214,523.98,721.74,2,E,5,N
72,511.87,722.04,1,S,5,N
74,520.55,722.34,1,S,5,N
77,523.83,722.64,1,S,5,N
79,535.86,722.94,1,S,5,N
136,466.63,723.24,1,W,5,N
138,482.06,723.54,1,W,5,N
139,522.93,723.84,1,W,5,N
140,541.30,724.14,1,W,5,N
181,562.73,724.44,1,E,5,N
182,566.20,724.74,1,E,5,N
183,577.98,725.04,1,E,5,N
246,627.84,729.77,3,E,5,N
299,682.99,765.44,5,W,5,N
300,688.11,765.74,5,W,5,N
301,734.37,766.04,5,W,5,N
302,737.72,766.34,5,W,5,N
303,764.14,770.28,5,W,5,N
326,735.76,779.44,5,E,5,N
327,746.40,779.74,5,E,5,N
328,763.00,780.04,5,E,5,N
329,764.21,780.34,5,E,5,N
231,696.22,799.20,3,W,5,W
83,543.97,799.50,1,S,5,W
215,619.66,799.80,2,E,5,W
85,615.25,800.10,1,S,5,W
145,644.15,800.40,1,W,5,W
146,644.23,800.70,1,W,5,W
207,724.23,813.27,2,W,3,E
147,647.73,815.20,1,W,5,E
81,540.39,821.34,1,S,5,N
82,541.01,821.64,1,S,5,N
84,611.66,821.94,1,S,5,N
86,617.47,822.24,1,S,5,N
143,596.32,822.54,1,W,5,N
144,643.04,822.84,1,W,5,N
148,648.81,823.14,1,W,5,N
184,630.69,823.44,1,E,5,N
185,697.29,823.74,1,E,5,N
247,721.18,829.57,3,E,5,N
188,780.01,842.20,1,E,3,E
304,779.71,865.34,5,W,5,N
305,781.80,865.64,5,W,5,N
306,836.03,865.94,5,W,5,N
307,839.22,866.24,5,W,5,N
308,869.71,875.84,5,W,5,N
330,873.67,879.81,5,E,5,N
232,730.04,899.10,3,W,5,W
233,767.64,899.40,3,W,5,W
156,827.70,900.90,1,W,2,W
94,840.06,903.60,1,S,1,W
100,853.32,903.90,1,S,1,W
102,861.18,904.20,1,S,1,W
103,862.39,904.50,1,S,1,W
106,867.72,904.80,1,S,1,W
206,718.05,915.10,2,W,5,E
151,697.07,915.40,1,W,5,E
152,736.88,915.70,1,W,5,E
191,892.85,918.97,1,E,2,W
88,688.48,921.24,1,S,5,N
89,689.93,921.54,1,S,5,N
90,693.16,921.84,1,S,5,N
91,697.93,922.14,1,S,5,N
92,700.49,922.44,1,S,5,N
216,717.28,922.74,2,E,5,N
149,692.51,923.04,1,W,5,N
150,693.39,923.34,1,W,5,N
235,832.42,923.53,3,W,5,E
186,703.64,923.64,1,E,5,N
187,768.96,923.94,1,E,5,N
234,822.55,929.37,3,W,5,N
248,807.74,929.67,3,E,5,N
250,822.27,929.97,3,E,5,N
251,842.99,930.27,3,E,5,N
157,834.03,937.87,1,W,3,W
309,872.86,965.24,5,W,5,N
310,872.87,965.54,5,W,5,N
95,841.78,998.00,1,S,3,W
249,819.35,999.00,3,E,5,W
252,881.18,999.30,3,E,5,W
217,808.06,999.60,2,E,5,W
153,776.38,999.90,1,W,5,W
155,780.63,1000.20,1,W,5,W
160,840.45,1000.50,1,W,5,W
189,833.42,1000.80,1,E,5,W
93,761.00,1015.00,1,S,5,E
154,777.59,1021.14,1,W,5,N
158,836.91,1021.44,1,W,5,N
159,839.30,1021.74,1,W,5,N
161,867.11,1022.04,1,W,5,N
190,854.60,1022.34,1,E,5,N
192,894.44,1022.64,1,E,5,N
98,852.04,1098.90,1,S,5,W
99,852.12,1099.20,1,S,5,W
101,858.89,1099.50,1,S,5,W
164,891.36,1099.80,1,W,5,W
105,865.54,1114.90,1,S,5,E
96,846.85,1121.04,1,S,5,N
97,849.83,1121.34,1,S,5,N
104,863.93,1121.64,1,S,5,N
162,885.68,1121.94,1,W,5,N
163,888.57,1122.24,1,W,5,N