id,enter_time,exit_time,entrance_intersection,entrance_direction,exit_intersection,exit_direction
228,28.33,66.14,5,W,5,N
229,31.54,66.44,5,W,5,N
230,34.74,66.74,5,W,5,N
231,37.05,67.04,5,W,5,N
232,39.36,67.34,5,W,5,N
233,43.57,67.64,5,W,5,N
234,44.32,67.94,5,W,5,N
235,44.40,68.24,5,W,5,N
279,3.12,80.14,5,E,5,N
280,3.33,80.44,5,E,5,N
281,13.91,80.74,5,E,5,N
282,22.44,81.04,5,E,5,N
58,53.19,100.10,1,W,2,W
1,89.50,103.63,1,S,1,W
208,38.34,130.97,3,E,5,N
194,44.74,131.27,3,W,5,N
236,73.98,166.04,5,W,5,N
237,94.25,166.34,5,W,5,N
238,108.65,166.64,5,W,5,N
239,169.97,176.10,5,W,5,N
283,172.24,180.04,5,E,5,N
0,87.63,199.60,1,S,3,W
167,16.91,199.80,2,W,5,W
169,69.33,200.10,2,W,5,W
59,85.16,200.20,1,W,2,W
124,61.96,200.40,1,E,5,W
127,86.94,204.76,1,E,5,W
4,195.33,213.60,1,S,1,E
56,48.93,215.80,1,W,5,E
57,50.09,216.10,1,W,5,E
9,207.07,221.21,1,S,1,E
182,69.23,221.94,2,E,5,N
168,21.18,222.24,2,W,5,N
170,98.24,222.54,2,W,5,N
54,40.62,222.84,1,W,5,N
55,46.04,223.14,1,W,5,N
120,2.90,223.44,1,E,5,N
121,40.96,223.74,1,E,5,N
122,47.12,224.04,1,E,5,N
123,58.44,224.34,1,E,5,N
125,66.13,224.64,1,E,5,N
126,80.57,224.94,1,E,5,N
128,89.06,225.24,1,E,5,N
129,90.79,225.54,1,E,5,N
130,95.12,225.84,1,E,5,N
131,98.55,226.14,1,E,5,N
209,147.44,230.77,3,E,5,N
210,167.06,231.07,3,E,5,N
62,141.14,236.87,1,W,3,E
132,104.48,238.67,1,E,3,W
195,179.88,241.65,3,W,5,N
240,199.46,265.94,5,W,5,N
284,206.40,279.94,5,E,5,N
285,230.78,280.24,5,E,5,N
286,283.96,290.10,5,E,5,N
287,285.28,291.42,5,E,5,N
2,93.16,299.70,1,S,5,W
183,134.26,300.00,2,E,5,W
64,148.41,300.30,1,W,5,W
65,161.95,300.60,1,W,5,W
133,125.35,300.90,1,E,5,W
140,286.70,312.81,1,E,2,E
141,292.32,318.43,1,E,2,W
171,112.77,321.84,2,W,5,N
172,134.24,322.14,2,W,5,N
60,118.37,322.44,1,W,5,N
61,135.67,322.74,1,W,5,N
63,144.78,323.04,1,W,5,N
66,164.12,323.34,1,W,5,N
67,164.68,323.64,1,W,5,N
134,153.69,323.94,1,E,5,N
212,249.06,330.87,3,E,5,N
13,211.28,337.57,1,S,3,W
74,230.33,339.97,1,W,3,E
138,254.03,341.17,1,E,3,W
241,279.85,365.84,5,W,5,N
242,282.16,366.14,5,W,5,N
243,283.72,366.44,5,W,5,N
244,287.62,366.74,5,W,5,N
245,305.08,367.04,5,W,5,N
246,308.45,367.34,5,W,5,N
247,328.98,367.64,5,W,5,N
248,355.53,367.94,5,W,5,N
288,304.69,379.84,5,E,5,N
211,238.70,399.60,3,E,5,W
5,197.65,399.90,1,S,5,W
184,225.04,400.20,2,E,5,W
174,224.84,400.50,2,W,5,W
173,202.78,400.80,2,W,5,W
12,210.83,401.10,1,S,5,W
68,168.41,401.40,1,W,5,W
15,298.61,401.60,1,S,1,W
69,178.85,401.70,1,W,5,W
17,309.82,401.90,1,S,1,W
72,203.32,402.00,1,W,5,W
18,313.75,402.20,1,S,1,W
135,203.22,402.30,1,E,5,W
24,397.46,411.60,1,S,1,W
7,202.65,415.60,1,S,5,E
26,405.12,419.25,1,S,1,E
3,180.58,421.74,1,S,5,N
6,198.80,422.04,1,S,5,N
175,245.55,422.34,2,W,5,N
185,286.30,422.64,2,E,5,N
8,206.89,422.94,1,S,5,N
10,208.91,423.24,1,S,5,N
11,209.02,423.54,1,S,5,N
14,213.43,423.84,1,S,5,N
70,193.32,424.14,1,W,5,N
71,200.62,424.44,1,W,5,N
73,205.30,424.74,1,W,5,N
136,212.74,425.04,1,E,5,N
137,251.63,425.34,1,E,5,N
139,257.57,425.64,1,E,5,N
76,275.34,437.07,1,W,3,E
82,304.03,438.87,1,W,3,W
22,395.43,441.12,1,S,2,W
214,386.86,448.63,3,E,5,N
249,385.37,465.74,5,W,5,N
250,389.31,466.04,5,W,5,N
251,402.55,466.34,5,W,5,N
252,406.12,466.64,5,W,5,N
253,408.48,466.94,5,W,5,N
289,399.84,479.74,5,E,5,N
21,395.18,499.00,1,S,3,W
142,297.29,499.50,1,E,5,W
143,300.05,499.80,1,E,5,W
196,301.53,500.10,3,W,5,W
213,362.50,500.40,3,E,5,W
148,425.08,500.50,1,E,2,E
187,391.34,500.70,2,E,5,W
75,272.68,501.00,1,W,5,W
80,294.23,501.30,1,W,5,W
81,296.73,501.60,1,W,5,W
176,303.95,515.50,2,W,5,E
19,314.82,515.80,1,S,5,E
16,300.11,521.64,1,S,5,N
186,344.56,521.94,2,E,5,N
177,366.17,522.24,2,W,5,N
178,392.25,522.54,2,W,5,N
77,277.78,522.84,1,W,5,N
78,285.08,523.14,1,W,5,N
79,286.30,523.44,1,W,5,N
83,307.42,523.74,1,W,5,N
197,404.44,524.03,3,W,5,E
84,339.95,524.04,1,W,5,N
85,343.17,524.34,1,W,5,N
86,364.53,524.64,1,W,5,N
144,356.34,524.94,1,E,5,N
145,395.90,525.24,1,E,5,N
215,450.52,530.17,3,E,5,N
87,404.96,536.57,1,W,3,W
90,455.32,537.47,1,W,3,W
147,421.13,538.07,1,E,3,W
151,479.11,541.30,1,E,3,W
254,492.36,565.64,5,W,5,N
255,517.12,565.94,5,W,5,N
256,521.45,566.24,5,W,5,N
257,524.83,566.54,5,W,5,N
258,539.22,566.84,5,W,5,N
259,545.05,567.14,5,W,5,N
260,545.97,567.44,5,W,5,N
290,549.35,579.64,5,E,5,N
25,404.58,599.40,1,S,5,W
149,453.54,599.70,1,E,5,W
30,520.90,600.60,1,S,2,W
97,505.20,600.60,1,W,2,E
189,556.65,612.77,2,E,3,W
146,401.59,621.54,1,E,5,N
20,392.19,621.84,1,S,5,N
23,397.12,622.14,1,S,5,N
188,471.78,622.44,2,E,5,N
88,449.62,622.74,1,W,5,N
89,452.32,623.04,1,W,5,N
91,458.89,623.34,1,W,5,N
150,476.45,623.64,1,E,5,N
198,517.41,629.97,3,W,5,N
216,561.55,630.27,3,E,5,N
217,564.39,630.57,3,E,5,N
219,570.21,631.98,3,E,5,N
220,572.52,634.29,3,E,5,N
94,494.14,637.57,1,W,3,W
261,578.92,665.54,5,W,5,N
262,619.85,665.84,5,W,5,N
263,624.38,666.14,5,W,5,N
264,627.12,666.44,5,W,5,N
291,651.12,679.54,5,E,5,N
218,567.97,699.30,3,E,5,W
27,466.15,699.60,1,S,5,W
28,468.19,699.90,1,S,5,W
29,471.77,700.20,1,S,5,W
31,523.11,700.50,1,S,5,W
34,609.51,700.70,1,S,2,W
157,656.21,700.70,1,E,2,E
32,606.22,702.80,1,S,1,W
37,659.29,703.10,1,S,1,W
39,665.51,703.40,1,S,1,W
95,499.80,715.30,1,W,5,E
98,551.78,715.60,1,W,5,E
99,555.77,715.90,1,W,5,E
152,533.33,716.20,1,E,5,E
179,568.34,721.44,2,W,5,N
180,594.99,721.74,2,W,5,N
92,478.31,722.04,1,W,5,N
93,491.83,722.34,1,W,5,N
96,503.47,722.64,1,W,5,N
153,595.92,722.94,1,E,5,N
101,595.51,737.67,1,W,3,W
221,684.88,746.65,3,E,5,N
222,695.86,757.63,3,E,5,N
265,706.19,765.44,5,W,5,N
266,707.89,765.74,5,W,5,N
267,711.45,766.04,5,W,5,N
268,714.57,766.34,5,W,5,N
269,733.17,766.64,5,W,5,N
270,738.82,766.94,5,W,5,N
271,742.69,767.24,5,W,5,N
272,746.37,767.54,5,W,5,N
292,708.54,779.44,5,E,5,N
293,709.13,779.74,5,E,5,N
294,715.97,780.04,5,E,5,N
45,673.02,798.40,1,S,3,W
199,650.05,799.20,3,W,5,W
200,654.79,799.50,3,W,5,W
201,669.57,799.80,3,W,5,W
202,679.71,800.10,3,W,5,W
33,609.24,800.40,1,S,5,W
100,594.97,800.70,1,W,5,W
51,747.78,803.20,1,S,1,W
52,755.13,803.50,1,S,1,W
190,607.04,821.34,2,E,5,N
35,611.09,821.64,1,S,5,N
102,633.57,821.94,1,W,5,N
154,617.21,822.24,1,E,5,N
155,625.13,822.54,1,E,5,N
156,654.36,822.84,1,E,5,N
158,693.12,823.14,1,E,5,N
50,744.96,842.72,1,S,2,W
203,786.09,847.86,3,W,5,N
161,791.51,853.70,1,E,3,E
273,792.93,865.34,5,W,5,N
274,808.50,865.64,5,W,5,N
275,808.65,865.94,5,W,5,N
276,836.97,866.24,5,W,5,N
277,838.71,866.54,5,W,5,N
278,842.71,866.84,5,W,5,N
295,847.11,879.34,5,E,5,N
223,773.06,899.10,3,E,5,W
41,668.26,899.40,1,S,5,W
46,677.74,899.70,1,S,5,W
181,751.64,900.00,2,W,5,W
191,702.34,900.30,2,E,5,W
103,671.98,900.60,1,W,5,W
105,722.40,900.90,1,W,5,W
107,726.38,901.20,1,W,5,W
160,716.20,901.50,1,E,5,W
193,820.65,913.07,2,E,3,W
104,717.01,915.10,1,W,5,E
36,656.06,921.24,1,S,5,N
38,662.14,921.54,1,S,5,N
40,666.31,921.84,1,S,5,N
42,669.07,922.14,1,S,5,N
43,670.13,922.44,1,S,5,N
44,671.81,922.74,1,S,5,N
47,678.41,923.04,1,S,5,N
192,730.33,923.34,2,E,5,N
225,849.92,923.53,3,E,5,E
106,723.53,923.64,1,W,5,N
108,728.61,923.94,1,W,5,N
109,731.56,924.24,1,W,5,N
110,734.68,924.54,1,W,5,N
111,758.94,924.84,1,W,5,N
159,710.56,925.14,1,E,5,N
224,846.73,929.37,3,E,5,N
204,826.56,929.67,3,W,5,N
207,873.52,935.29,3,W,5,N
227,879.45,941.22,3,E,5,N
162,797.45,999.00,1,E,5,W
205,828.24,999.30,3,W,5,W
206,873.06,999.60,3,W,5,W
226,876.00,999.90,3,E,5,W
165,865.71,1000.20,1,E,5,W
117,873.91,1001.00,1,W,2,W
119,887.82,1001.30,1,W,2,W
166,872.85,1015.00,1,E,5,E
48,741.12,1021.14,1,S,5,N
49,744.56,1021.44,1,S,5,N
53,832.20,1021.74,1,S,5,N
112,789.79,1022.04,1,W,5,N
113,830.78,1022.34,1,W,5,N
114,830.89,1022.64,1,W,5,N
115,833.01,1022.94,1,W,5,N
163,819.32,1023.24,1,E,5,N
164,823.25,1023.54,1,E,5,N
116,870.02,1121.04,1,W,5,N
118,884.92,1121.34,1,W,5,N