id,enter_time,exit_time,entrance_intersection,entrance_direction,exit_intersection,exit_direction
242,2.80,66.14,5,W,5,N
243,5.25,66.44,5,W,5,N
244,8.62,66.74,5,W,5,N
245,9.08,67.04,5,W,5,N
246,23.13,67.34,5,W,5,N
247,24.32,67.64,5,W,5,N
248,27.92,67.94,5,W,5,N
249,30.85,68.24,5,W,5,N
250,57.48,68.54,5,W,5,N
251,60.50,68.84,5,W,5,N
315,49.73,80.14,5,E,5,N
0,49.44,100.40,1,S,1,W
181,20.49,112.27,2,W,3,E
213,25.31,130.97,3,W,5,N
6,132.88,147.02,1,S,1,E
252,81.98,166.04,5,W,5,N
253,96.66,166.34,5,W,5,N
254,99.08,166.64,5,W,5,N
255,104.55,166.94,5,W,5,N
256,106.60,167.24,5,W,5,N
257,110.19,167.54,5,W,5,N
258,113.51,167.84,5,W,5,N
259,132.58,168.14,5,W,5,N
260,135.19,168.44,5,W,5,N
261,139.08,168.74,5,W,5,N
262,141.86,169.04,5,W,5,N
263,147.55,169.34,5,W,5,N
316,150.00,180.04,5,E,5,N
2,56.70,199.60,1,S,3,W
224,60.92,199.80,3,E,5,W
200,88.31,200.10,2,E,5,W
182,92.56,200.40,2,W,5,W
151,37.51,200.70,1,E,5,W
9,186.25,200.80,1,S,1,W
11,190.14,204.28,1,S,1,W
13,195.46,209.59,1,S,1,W
96,2.60,221.94,1,W,5,N
97,39.10,222.24,1,W,5,N
152,94.76,222.54,1,E,5,N
214,167.51,230.77,3,W,5,N
14,199.34,240.92,1,S,2,W
226,186.49,248.26,3,E,5,N
264,190.31,265.94,5,W,5,N
265,194.97,266.24,5,W,5,N
266,220.46,266.54,5,W,5,N
267,223.38,266.84,5,W,5,N
268,224.90,267.14,5,W,5,N
269,255.42,267.44,5,W,5,N
270,263.27,269.41,5,W,5,N
271,264.84,270.98,5,W,5,N
317,255.38,279.94,5,E,5,N
318,257.11,280.24,5,E,5,N
319,257.16,280.54,5,E,5,N
320,257.92,280.84,5,E,5,N
10,189.15,299.40,1,S,3,W
225,168.15,299.70,3,E,5,W
3,56.83,300.00,1,S,5,W
201,170.65,300.30,2,E,5,W
4,125.79,300.60,1,S,5,W
5,129.72,300.90,1,S,5,W
321,294.95,301.08,5,E,5,N
19,224.90,301.20,1,S,1,W
100,152.32,301.20,1,W,5,W
21,230.43,301.50,1,S,1,W
185,210.94,312.47,2,W,3,W
1,55.65,321.84,1,S,5,N
183,118.26,322.14,2,W,5,N
184,141.08,322.44,2,W,5,N
98,74.30,322.74,1,W,5,N
99,113.36,323.04,1,W,5,N
101,152.41,323.34,1,W,5,N
153,105.10,323.64,1,E,5,N
154,115.24,323.94,1,E,5,N
155,134.49,324.24,1,E,5,N
215,218.17,330.57,3,W,5,N
228,213.54,330.87,3,E,5,N
17,217.62,336.67,1,S,3,W
102,182.96,338.77,1,W,3,E
159,261.92,341.17,1,E,3,E
272,333.51,365.84,5,W,5,N
273,335.96,366.14,5,W,5,N
274,341.00,366.44,5,W,5,N
275,343.88,366.74,5,W,5,N
322,314.70,379.84,5,E,5,N
323,342.36,380.14,5,E,5,N
227,210.25,399.60,3,E,5,W
229,232.72,399.90,3,E,5,W
12,193.08,400.20,1,S,5,W
114,330.56,400.40,1,W,2,W
15,202.99,400.50,1,S,5,W
186,252.90,400.80,2,W,5,W
22,232.55,401.10,1,S,5,W
103,185.46,401.40,1,W,5,W
28,323.16,401.60,1,S,1,W
105,187.97,401.70,1,W,5,W
39,363.79,401.90,1,S,1,W
156,205.54,402.00,1,E,5,W
49,386.99,402.20,1,S,1,W
158,227.03,402.30,1,E,5,W
36,357.97,414.40,1,S,1,E
38,361.94,414.70,1,S,1,E
46,380.39,415.00,1,S,1,E
53,392.35,415.30,1,S,1,E
23,234.72,415.60,1,S,5,E
25,236.59,415.90,1,S,5,E
7,185.26,421.74,1,S,5,N
8,185.38,422.04,1,S,5,N
202,259.61,422.34,2,E,5,N
187,260.62,422.64,2,W,5,N
16,206.77,422.94,1,S,5,N
18,224.32,423.24,1,S,5,N
20,227.57,423.54,1,S,5,N
24,236.28,423.84,1,S,5,N
104,187.92,424.14,1,W,5,N
230,313.76,424.23,3,E,5,E
106,235.71,424.44,1,W,5,N
157,210.27,424.74,1,E,5,N
216,352.39,430.37,3,W,5,N
30,327.51,437.07,1,S,3,E
276,412.29,465.74,5,W,5,N
277,417.26,466.04,5,W,5,N
278,419.71,466.34,5,W,5,N
279,421.17,466.64,5,W,5,N
280,439.13,466.94,5,W,5,N
281,451.89,467.24,5,W,5,N
282,453.91,467.54,5,W,5,N
283,457.72,467.84,5,W,5,N
284,461.02,468.14,5,W,5,N
324,479.47,485.60,5,E,5,N
33,345.96,499.00,1,S,3,W
51,389.41,499.30,1,S,3,W
231,317.41,499.50,3,E,5,W
232,320.94,499.80,3,E,5,W
27,319.31,500.10,1,S,5,W
107,266.40,500.40,1,W,5,W
117,373.20,500.50,1,W,2,E
111,282.18,500.70,1,W,5,W
113,317.94,501.00,1,W,5,W
160,308.32,501.30,1,E,5,W
161,330.26,501.60,1,E,5,W
54,398.68,502.00,1,S,1,W
57,404.18,502.30,1,S,1,W
63,423.83,502.60,1,S,1,W
26,238.56,515.50,1,S,5,E
29,326.60,515.80,1,S,5,E
163,374.15,516.10,1,E,5,E
203,346.63,521.64,2,E,5,N
31,331.14,521.94,1,S,5,N
108,269.47,522.24,1,W,5,N
109,272.16,522.54,1,W,5,N
110,278.23,522.84,1,W,5,N
112,284.81,523.14,1,W,5,N
162,336.85,523.44,1,E,5,N
164,389.55,523.74,1,E,5,N
217,400.68,524.03,3,W,5,E
218,406.31,530.47,3,W,5,N
61,417.92,538.07,1,S,3,W
285,520.10,565.64,5,W,5,N
286,524.53,565.94,5,W,5,N
287,525.67,566.24,5,W,5,N
288,528.53,566.54,5,W,5,N
289,531.66,566.84,5,W,5,N
290,534.36,567.14,5,W,5,N
291,551.89,567.44,5,W,5,N
292,555.47,567.74,5,W,5,N
293,560.73,568.04,5,W,5,N
294,563.84,569.97,5,W,5,N
325,576.36,582.50,5,E,5,N
233,439.65,599.40,3,E,5,W
234,453.03,599.70,3,E,5,W
235,490.63,600.00,3,E,5,W
41,369.39,600.30,1,S,5,W
47,381.12,600.60,1,S,5,W
71,530.89,600.60,1,S,2,E
50,388.87,600.90,1,S,5,W
204,435.52,601.20,2,E,5,W
190,465.53,601.50,2,W,5,W
56,403.32,601.80,1,S,5,W
60,415.04,602.10,1,S,5,W
64,425.44,602.40,1,S,5,W
115,366.50,602.70,1,W,5,W
119,405.91,603.00,1,W,5,W
120,445.17,603.30,1,W,5,W
122,451.80,603.60,1,W,5,W
123,464.50,603.90,1,W,5,W
166,422.09,604.20,1,E,5,W
37,361.16,615.40,1,S,5,E
55,402.17,615.70,1,S,5,E
165,401.54,621.54,1,E,5,N
32,345.74,621.84,1,S,5,N
34,347.42,622.14,1,S,5,N
35,355.03,622.44,1,S,5,N
40,366.28,622.74,1,S,5,N
42,371.68,623.04,1,S,5,N
43,373.14,623.34,1,S,5,N
44,373.24,623.64,1,S,5,N
45,376.65,623.94,1,S,5,N
48,384.94,624.24,1,S,5,N
52,390.79,624.54,1,S,5,N
188,428.24,624.84,2,W,5,N
189,440.90,625.14,2,W,5,N
191,469.04,625.44,2,W,5,N
58,407.80,625.74,1,S,5,N
59,411.24,626.04,1,S,5,N
62,421.14,626.34,1,S,5,N
65,425.75,626.64,1,S,5,N
66,427.17,626.94,1,S,5,N
67,429.85,627.24,1,S,5,N
68,430.53,627.54,1,S,5,N
116,372.76,627.84,1,W,5,N
118,375.95,628.14,1,W,5,N
121,448.93,628.44,1,W,5,N
167,431.25,628.74,1,E,5,N
69,516.87,636.67,1,S,3,W
129,530.27,638.77,1,W,3,W
237,583.41,645.18,3,E,5,N
295,578.86,665.54,5,W,5,N
296,582.65,665.84,5,W,5,N
297,585.19,666.14,5,W,5,N
298,587.03,666.44,5,W,5,N
299,588.94,666.74,5,W,5,N
300,591.64,667.04,5,W,5,N
301,618.07,667.34,5,W,5,N
302,622.61,667.64,5,W,5,N
303,643.13,667.94,5,W,5,N
304,657.39,668.24,5,W,5,N
219,512.50,699.30,3,W,5,W
236,506.58,699.60,3,E,5,W
205,525.47,699.90,2,E,5,W
206,563.10,700.20,2,E,5,W
207,595.59,700.50,2,E,5,W
70,528.76,700.80,1,S,5,W
125,473.85,701.10,1,W,5,W
127,484.55,701.40,1,W,5,W
168,528.86,701.70,1,E,5,W
74,601.62,702.80,1,S,1,W
80,680.83,703.10,1,S,1,W
81,683.20,715.60,1,S,1,E
192,510.75,721.44,2,W,5,N
193,511.31,721.74,2,W,5,N
194,533.36,722.04,2,W,5,N
124,467.67,722.34,1,W,5,N
126,480.95,722.64,1,W,5,N
128,528.31,722.94,1,W,5,N
130,560.73,723.24,1,W,5,N
220,648.78,723.63,3,W,5,E
238,667.45,729.77,3,E,5,N
132,602.27,737.07,1,W,3,W
75,669.82,741.72,1,S,2,W
78,673.42,742.62,1,S,2,W
305,679.09,765.44,5,W,5,N
306,679.12,765.74,5,W,5,N
307,685.02,766.04,5,W,5,N
308,734.28,766.34,5,W,5,N
309,738.17,766.64,5,W,5,N
310,740.49,766.94,5,W,5,N
326,723.15,779.44,5,E,5,N
327,739.67,779.74,5,E,5,N
328,752.34,780.04,5,E,5,N
329,753.20,780.34,5,E,5,N
221,684.66,799.20,3,W,5,W
208,645.51,799.50,2,E,5,W
169,620.49,799.80,1,E,5,W
170,641.10,800.10,1,E,5,W
140,749.98,800.80,1,W,2,W
86,765.19,816.00,1,S,1,E
72,540.93,821.34,1,S,5,N
73,542.62,821.64,1,S,5,N
209,678.40,821.94,2,E,5,N
131,579.41,822.24,1,W,5,N
133,640.39,822.54,1,W,5,N
134,643.85,822.84,1,W,5,N
135,659.73,823.14,1,W,5,N
171,656.89,823.44,1,E,5,N
172,677.69,823.74,1,E,5,N
222,702.76,829.57,3,W,5,N
311,828.61,865.34,5,W,5,N
312,855.77,865.64,5,W,5,N
313,856.68,865.94,5,W,5,N
330,800.29,879.34,5,E,5,N
331,800.57,879.64,5,E,5,N
332,846.37,879.94,5,E,5,N
85,764.91,898.20,1,S,3,E
239,776.53,899.10,3,E,5,W
240,798.38,899.40,3,E,5,W
77,671.70,899.70,1,S,5,W
79,677.23,900.00,1,S,5,W
82,686.74,900.30,1,S,5,W
136,700.01,900.60,1,W,5,W
173,711.04,900.90,1,E,5,W
144,804.14,900.90,1,W,2,E
91,836.72,903.60,1,S,1,W
94,846.01,903.90,1,S,1,W
199,868.78,913.37,2,W,3,W
137,711.21,915.10,1,W,5,E
142,759.35,915.40,1,W,5,E
76,671.65,921.24,1,S,5,N
195,716.62,921.54,2,W,5,N
210,709.42,921.84,2,E,5,N
196,740.36,922.14,2,W,5,N
197,745.23,922.44,2,W,5,N
211,780.81,922.74,2,E,5,N
138,714.20,923.04,1,W,5,N
139,747.98,923.34,1,W,5,N
141,757.07,923.64,1,W,5,N
174,762.67,923.94,1,E,5,N
175,769.39,924.24,1,E,5,N
176,773.02,924.54,1,E,5,N
223,806.45,929.37,3,W,5,N
241,811.39,929.67,3,E,5,N
147,813.85,938.17,1,W,3,W
180,888.15,950.34,1,E,3,W
314,894.52,965.24,5,W,5,N
95,848.31,998.00,1,S,3,E
83,760.15,999.00,1,S,5,W
88,766.84,999.30,1,S,5,W
145,807.83,999.60,1,W,5,W
148,855.81,999.90,1,W,5,W
84,764.01,1015.00,1,S,5,E
87,765.86,1015.30,1,S,5,E
89,767.46,1021.14,1,S,5,N
212,845.94,1021.44,2,E,5,N
198,809.94,1021.74,2,W,5,N
90,834.93,1022.04,1,S,5,N
143,801.35,1022.34,1,W,5,N
146,811.79,1022.64,1,W,5,N
149,859.11,1022.94,1,W,5,N
177,854.95,1023.24,1,E,5,N
178,865.75,1023.54,1,E,5,N
179,868.89,1023.84,1,E,5,N
150,899.35,1037.07,1,W,3,W
92,840.23,1098.90,1,S,5,W
93,844.01,1121.04,1,S,5,N