id,enter_time,exit_time,entrance_intersection,entrance_direction,exit_intersection,exit_direction
242,14.25,66.14,5,W,5,N
243,29.57,66.44,5,W,5,N
244,40.28,66.74,5,W,5,N
245,72.38,78.52,5,W,5,N
3,5.94,100.40,1,S,1,W
4,7.34,100.70,1,S,1,W
5,10.88,101.00,1,S,1,W
14,85.23,101.30,1,S,1,W
16,88.03,102.17,1,S,1,W
15,86.96,113.20,1,S,1,E
226,64.25,130.97,3,E,5,N
10,24.95,137.97,1,S,3,W
89,3.81,138.87,1,W,3,W
91,50.34,139.47,1,W,3,W
92,52.10,139.77,1,W,3,W
246,91.52,166.04,5,W,5,N
247,147.62,166.34,5,W,5,N
248,151.20,166.64,5,W,5,N
297,108.55,180.04,5,E,5,N
298,154.25,180.34,5,E,5,N
299,172.57,180.64,5,E,5,N
300,192.15,198.29,5,E,5,N
301,192.94,199.07,5,E,5,N
0,1.34,199.80,1,S,5,W
188,52.83,200.10,2,W,5,W
1,4.88,200.40,1,S,5,W
6,12.96,200.70,1,S,5,W
18,100.61,200.80,1,S,1,W
90,31.66,201.00,1,W,5,W
19,103.61,201.10,1,S,1,W
147,5.57,201.30,1,E,5,W
21,120.31,201.40,1,S,1,W
149,91.17,208.99,1,E,5,W
8,22.26,215.80,1,S,5,E
12,32.39,216.10,1,S,5,E
25,204.98,219.12,1,S,1,E
187,28.95,221.94,2,W,5,N
203,42.13,222.24,2,E,5,N
2,5.15,222.54,1,S,5,N
7,16.32,222.84,1,S,5,N
9,23.75,223.14,1,S,5,N
11,27.03,223.44,1,S,5,N
93,59.74,223.74,1,W,5,N
148,80.38,224.04,1,E,5,N
150,100.17,224.13,1,E,5,N
215,101.56,230.77,3,W,5,N
227,169.45,231.22,3,E,5,N
31,217.89,232.03,1,S,1,E
98,163.46,238.07,1,W,3,E
153,150.46,238.97,1,E,3,E
249,175.41,265.94,5,W,5,N
250,179.89,266.24,5,W,5,N
251,273.13,279.26,5,W,5,N
20,118.14,299.70,1,S,5,W
22,122.59,300.00,1,S,5,W
28,210.55,300.30,1,S,2,W
96,158.84,300.30,1,W,5,W
97,161.22,300.60,1,W,5,W
151,105.39,300.90,1,E,5,W
24,201.71,301.20,1,S,1,W
33,222.47,301.50,1,S,1,W
34,288.49,302.62,1,S,1,W
154,188.44,306.26,1,E,5,W
35,292.25,306.39,1,S,1,W
13,82.41,321.84,1,S,5,N
17,91.58,322.14,1,S,5,N
189,126.36,322.44,2,W,5,N
204,141.00,322.74,2,E,5,N
190,131.15,323.04,2,W,5,N
94,89.29,323.34,1,W,5,N
95,119.59,323.64,1,W,5,N
152,116.62,323.94,1,E,5,N
228,247.54,330.57,3,E,5,N
216,211.64,330.87,3,W,5,N
27,210.08,336.67,1,S,3,E
29,211.03,336.97,1,S,3,E
99,181.70,337.87,1,W,3,E
252,291.66,365.84,5,W,5,N
253,316.17,366.14,5,W,5,N
302,340.94,379.84,5,E,5,N
303,343.24,380.14,5,E,5,N
38,295.41,399.20,1,S,3,E
23,199.44,399.60,1,S,5,W
205,229.28,399.90,2,E,5,W
106,290.25,400.40,1,W,2,W
107,293.78,400.70,1,W,2,W
40,307.64,401.60,1,S,1,W
41,307.85,401.90,1,S,1,W
44,384.57,402.20,1,S,1,W
194,348.20,412.87,2,W,3,W
195,369.37,413.17,2,W,3,W
48,397.30,414.40,1,S,1,E
191,204.29,421.74,2,W,5,N
192,277.18,422.04,2,W,5,N
26,207.83,422.34,1,S,5,N
30,212.02,422.64,1,S,5,N
32,221.00,422.94,1,S,5,N
100,233.29,423.24,1,W,5,N
101,240.78,423.54,1,W,5,N
102,253.66,423.84,1,W,5,N
155,205.56,424.14,1,E,5,N
229,362.88,424.23,3,E,5,E
217,319.19,430.37,3,W,5,N
52,419.62,433.75,1,S,1,E
43,322.12,436.77,1,S,3,W
104,284.27,437.37,1,W,3,W
218,376.37,438.14,3,W,5,N
156,309.96,440.07,1,E,3,W
230,387.11,448.88,3,E,5,N
160,387.61,449.80,1,E,3,E
254,385.85,465.74,5,W,5,N
255,387.71,466.04,5,W,5,N
256,409.66,466.34,5,W,5,N
257,411.25,466.64,5,W,5,N
258,414.49,466.94,5,W,5,N
259,418.44,467.24,5,W,5,N
260,421.87,467.54,5,W,5,N
261,437.73,467.84,5,W,5,N
262,467.20,473.33,5,W,5,N
263,467.52,473.66,5,W,5,N
264,470.88,477.01,5,W,5,N
304,448.60,479.74,5,E,5,N
46,392.67,499.00,1,S,3,W
193,302.59,499.50,2,W,5,W
42,313.12,499.80,1,S,5,W
105,288.18,500.10,1,W,5,W
109,303.91,500.40,1,W,5,W
51,418.58,500.50,1,S,2,W
50,415.34,500.50,1,S,2,E
113,336.44,500.70,1,W,5,W
55,430.50,500.80,1,S,2,W
159,376.54,501.00,1,E,5,W
49,412.94,502.00,1,S,1,W
58,440.59,502.30,1,S,1,W
111,309.23,515.50,1,W,5,E
114,339.01,515.80,1,W,5,E
36,292.39,521.64,1,S,5,N
37,293.17,521.94,1,S,5,N
39,296.68,522.24,1,S,5,N
206,307.07,522.54,2,E,5,N
103,284.07,522.84,1,W,5,N
108,301.19,523.14,1,W,5,N
110,306.27,523.44,1,W,5,N
112,312.92,523.74,1,W,5,N
157,315.58,524.04,1,E,5,N
158,333.63,524.34,1,E,5,N
116,376.62,538.07,1,W,3,W
265,528.58,565.64,5,W,5,N
266,530.60,565.94,5,W,5,N
267,530.92,566.24,5,W,5,N
268,534.14,566.54,5,W,5,N
269,536.38,566.84,5,W,5,N
270,536.86,567.14,5,W,5,N
271,542.00,567.44,5,W,5,N
272,555.86,567.74,5,W,5,N
273,558.78,568.04,5,W,5,N
274,561.66,568.34,5,W,5,N
305,538.37,579.64,5,E,5,N
161,397.80,599.40,1,E,5,W
231,468.99,599.70,3,E,5,W
45,387.77,600.00,1,S,5,W
207,403.99,600.30,2,E,5,W
115,371.43,600.60,1,W,5,W
117,379.30,600.90,1,W,5,W
118,385.54,601.20,1,W,5,W
162,403.41,601.50,1,E,5,W
164,419.42,601.80,1,E,5,W
59,531.88,602.40,1,S,1,W
60,532.91,602.70,1,S,1,W
61,533.52,603.00,1,S,1,W
47,395.34,621.54,1,S,5,N
208,478.43,621.84,2,E,5,N
53,423.93,622.14,1,S,5,N
54,426.88,622.44,1,S,5,N
56,432.71,622.74,1,S,5,N
57,435.48,623.04,1,S,5,N
119,426.70,623.34,1,W,5,N
163,414.95,623.64,1,E,5,N
165,426.85,623.94,1,E,5,N
219,517.92,629.97,3,W,5,N
232,552.10,630.27,3,E,5,N
233,573.52,635.29,3,E,5,N
122,514.62,637.57,1,W,3,E
64,623.95,638.08,1,S,1,E
234,576.52,638.29,3,E,5,N
221,576.54,638.31,3,W,5,N
235,591.62,653.39,3,E,5,N
275,587.18,665.54,5,W,5,N
276,601.63,665.84,5,W,5,N
277,605.57,666.14,5,W,5,N
278,610.39,666.44,5,W,5,N
279,611.02,666.74,5,W,5,N
280,612.77,667.04,5,W,5,N
281,627.95,667.34,5,W,5,N
282,643.73,667.64,5,W,5,N
306,639.88,679.54,5,E,5,N
307,656.84,679.84,5,E,5,N
308,672.01,680.14,5,E,5,N
309,678.50,684.63,5,E,5,N
310,680.60,686.74,5,E,5,N
220,527.43,699.30,3,W,5,W
210,597.44,699.60,2,E,5,W
124,566.19,699.90,1,W,5,W
127,593.12,700.70,1,W,2,W
65,626.93,702.80,1,S,1,W
67,627.77,703.10,1,S,1,W
197,611.62,712.87,2,W,3,W
167,565.76,715.30,1,E,5,E
209,507.78,721.44,2,E,5,N
196,536.84,721.74,2,W,5,N
62,534.80,722.04,1,S,5,N
120,469.08,722.34,1,W,5,N
121,495.11,722.64,1,W,5,N
123,516.86,722.94,1,W,5,N
166,553.23,723.24,1,E,5,N
168,595.32,723.54,1,E,5,N
222,627.78,729.77,3,W,5,N
63,623.71,736.77,1,S,3,W
237,679.60,741.37,3,E,5,N
224,691.80,753.57,3,W,5,N
283,677.24,765.44,5,W,5,N
284,682.65,765.74,5,W,5,N
285,683.39,766.04,5,W,5,N
286,687.48,766.34,5,W,5,N
287,688.37,766.64,5,W,5,N
288,692.23,766.94,5,W,5,N
289,695.58,767.24,5,W,5,N
290,755.07,767.54,5,W,5,N
291,760.54,767.84,5,W,5,N
292,764.18,770.32,5,W,5,N
293,770.09,776.23,5,W,5,N
311,722.73,779.44,5,E,5,N
236,675.82,799.20,3,E,5,W
223,676.15,799.50,3,W,5,W
198,661.39,799.80,2,W,5,W
66,627.61,800.10,1,S,5,W
126,589.21,800.40,1,W,5,W
130,601.47,800.70,1,W,5,W
179,752.46,800.80,1,E,2,W
131,603.98,801.00,1,W,5,W
170,634.12,801.30,1,E,5,W
172,650.65,801.60,1,E,5,W
174,670.34,801.90,1,E,5,W
76,757.81,803.20,1,S,1,W
78,762.12,803.50,1,S,1,W
212,737.70,812.97,2,E,3,W
211,638.91,821.34,2,E,5,N
199,684.82,821.64,2,W,5,N
68,628.12,821.94,1,S,5,N
125,586.15,822.24,1,W,5,N
128,596.85,822.54,1,W,5,N
129,597.74,822.84,1,W,5,N
132,653.82,823.14,1,W,5,N
169,631.29,823.44,1,E,5,N
171,640.43,823.74,1,E,5,N
173,655.07,824.04,1,E,5,N
294,796.80,865.34,5,W,5,N
295,818.58,865.64,5,W,5,N
312,826.62,879.34,5,E,5,N
313,835.25,879.64,5,E,5,N
238,792.20,899.10,3,E,5,W
239,794.20,899.40,3,E,5,W
137,717.86,899.70,1,W,5,W
139,767.21,900.00,1,W,5,W
176,741.59,900.30,1,E,5,W
180,765.06,900.60,1,E,5,W
181,768.56,900.90,1,E,5,W
86,851.40,903.60,1,S,1,W
202,829.53,913.37,2,W,3,W
69,695.07,915.10,1,S,5,E
136,703.05,915.40,1,W,5,E
70,695.33,921.24,1,S,5,N
71,697.36,921.54,1,S,5,N
72,700.99,921.84,1,S,5,N
73,702.47,922.14,1,S,5,N
74,704.62,922.44,1,S,5,N
200,754.77,922.74,2,W,5,N
75,706.00,923.04,1,S,5,N
133,680.75,923.34,1,W,5,N
241,834.56,923.53,3,E,5,E
134,682.77,923.64,1,W,5,N
135,700.91,923.94,1,W,5,N
138,720.37,924.24,1,W,5,N
175,705.52,924.54,1,E,5,N
177,744.24,924.84,1,E,5,N
178,748.67,925.14,1,E,5,N
240,821.09,929.37,3,E,5,N
87,854.43,942.82,1,S,2,W
296,886.27,965.24,5,W,5,N
225,839.71,999.00,3,W,5,W
82,780.75,999.30,1,S,5,W
201,806.00,999.60,2,W,5,W
140,778.67,999.90,1,W,5,W
141,788.77,1000.20,1,W,5,W
183,859.98,1000.50,1,E,5,W
184,870.60,1000.80,1,E,5,W
77,759.79,1021.14,1,S,5,N
79,772.56,1021.44,1,S,5,N
80,775.51,1021.74,1,S,5,N
81,777.02,1022.04,1,S,5,N
83,784.86,1022.34,1,S,5,N
84,786.27,1022.64,1,S,5,N
213,835.01,1022.94,2,E,5,N
214,868.28,1023.24,2,E,5,N
142,791.33,1023.54,1,W,5,N
143,838.63,1023.84,1,W,5,N
182,806.43,1024.14,1,E,5,N
185,882.55,1024.44,1,E,5,N
186,883.48,1024.74,1,E,5,N
88,856.26,1098.90,1,S,5,W
85,847.74,1121.04,1,S,5,N
144,882.77,1121.34,1,W,5,N
145,886.56,1121.64,1,W,5,N
146,897.78,1121.94,1,W,5,N