id,enter_time,exit_time,entrance_intersection,entrance_direction,exit_intersection,exit_direction
227,4.07,66.14,5,W,5,N
228,7.83,66.44,5,W,5,N
229,11.76,66.74,5,W,5,N
230,47.34,67.04,5,W,5,N
231,50.77,67.34,5,W,5,N
164,62.13,112.27,2,W,3,W
190,2.87,130.97,3,W,5,N
203,11.12,131.27,3,E,5,N
232,87.54,166.04,5,W,5,N
233,102.35,166.34,5,W,5,N
234,129.76,166.64,5,W,5,N
235,144.33,166.94,5,W,5,N
236,146.53,167.24,5,W,5,N
237,150.53,167.54,5,W,5,N
238,154.18,167.84,5,W,5,N
239,156.95,168.14,5,W,5,N
287,101.60,180.04,5,E,5,N
178,89.31,199.80,2,E,5,W
88,11.56,200.10,1,W,5,W
90,58.70,200.40,1,W,5,W
140,63.45,200.70,1,E,5,W
4,164.73,200.80,1,S,1,W
141,68.55,201.00,1,E,5,W
5,170.60,201.10,1,S,1,W
9,178.77,201.40,1,S,1,W
11,195.01,209.14,1,S,1,W
179,120.53,212.37,2,E,3,W
87,4.12,215.80,1,W,5,E
89,14.93,221.94,1,W,5,N
139,61.99,222.24,1,E,5,N
142,89.43,222.54,1,E,5,N
191,109.97,230.77,3,W,5,N
205,171.44,233.21,3,E,5,N
144,190.57,252.76,1,E,3,W
240,208.07,265.94,5,W,5,N
241,215.28,266.24,5,W,5,N
242,216.13,266.54,5,W,5,N
243,237.03,266.84,5,W,5,N
288,207.05,279.94,5,E,5,N
6,171.87,299.40,1,S,3,W
7,173.72,299.40,1,S,3,E
13,197.26,299.70,1,S,3,W
204,106.47,299.70,3,E,5,W
0,93.54,300.00,1,S,5,W
1,93.91,300.30,1,S,5,W
2,96.87,300.60,1,S,5,W
93,135.42,300.90,1,W,5,W
16,272.46,301.20,1,S,1,W
95,161.71,301.20,1,W,5,W
143,111.00,301.50,1,E,5,W
165,256.52,312.47,2,W,3,W
20,286.25,314.00,1,S,1,E
21,286.88,314.30,1,S,1,E
180,153.75,315.70,2,E,5,E
91,76.99,316.00,1,W,5,E
92,96.14,321.84,1,W,5,N
94,141.69,322.14,1,W,5,N
145,195.76,322.44,1,E,5,N
206,253.71,330.57,3,E,5,N
207,274.52,336.29,3,E,5,N
100,220.38,337.57,1,W,3,W
147,221.31,339.07,1,E,3,W
208,278.07,339.84,3,E,5,N
244,290.14,365.84,5,W,5,N
245,304.59,366.14,5,W,5,N
246,308.11,366.44,5,W,5,N
247,324.40,366.74,5,W,5,N
289,303.11,379.84,5,E,5,N
290,350.34,380.14,5,E,5,N
291,351.02,380.44,5,E,5,N
292,355.49,380.74,5,E,5,N
293,356.20,381.04,5,E,5,N
18,274.97,399.20,1,S,3,W
192,226.84,399.60,3,W,5,W
3,161.69,399.90,1,S,5,W
8,177.02,400.20,1,S,5,W
149,373.34,400.40,1,E,2,W
10,193.02,400.50,1,S,5,W
97,171.37,400.80,1,W,5,W
99,215.25,401.10,1,W,5,W
101,252.43,401.40,1,W,5,W
23,366.03,401.60,1,S,1,W
102,253.83,401.70,1,W,5,W
24,367.16,401.90,1,S,1,W
30,377.39,402.20,1,S,1,W
25,368.58,414.40,1,S,1,E
166,277.22,415.60,2,W,5,E
182,281.99,415.90,2,E,5,E
12,196.43,421.74,1,S,5,N
14,200.41,422.04,1,S,5,N
181,252.84,422.34,2,E,5,N
96,169.20,422.64,1,W,5,N
98,175.29,422.94,1,W,5,N
103,264.80,423.24,1,W,5,N
146,211.47,423.54,1,E,5,N
210,326.47,430.67,3,E,5,N
213,357.29,431.57,3,E,5,N
214,359.54,431.87,3,E,5,N
215,363.14,432.17,3,E,5,N
248,388.67,465.74,5,W,5,N
249,391.64,466.04,5,W,5,N
250,408.02,466.34,5,W,5,N
251,410.96,466.64,5,W,5,N
252,413.26,466.94,5,W,5,N
253,419.85,467.24,5,W,5,N
254,422.94,467.54,5,W,5,N
255,423.34,467.84,5,W,5,N
256,428.28,468.14,5,W,5,N
257,431.23,468.44,5,W,5,N
258,449.07,468.74,5,W,5,N
259,451.82,469.04,5,W,5,N
260,454.13,469.34,5,W,5,N
294,487.05,493.19,5,E,5,N
28,371.70,499.00,1,S,3,E
209,303.31,499.50,3,E,5,W
193,357.90,499.80,3,W,5,W
211,328.83,500.10,3,E,5,W
212,330.85,500.40,3,E,5,W
17,273.73,500.70,1,S,5,W
167,342.66,501.00,2,W,5,W
168,371.31,501.30,2,W,5,W
148,306.39,501.60,1,E,5,W
43,462.94,502.00,1,S,1,W
35,446.02,514.80,1,S,1,E
38,451.91,515.10,1,S,1,E
19,282.90,515.50,1,S,5,E
22,287.93,515.80,1,S,5,E
106,347.51,516.10,1,W,5,E
15,267.74,521.64,1,S,5,N
183,311.59,521.94,2,E,5,N
184,393.82,522.24,2,E,5,N
104,304.59,522.54,1,W,5,N
105,344.36,522.84,1,W,5,N
150,383.23,523.14,1,E,5,N
216,435.77,530.17,3,E,5,N
194,460.58,530.47,3,W,5,N
195,465.05,530.77,3,W,5,N
217,439.09,531.07,3,E,5,N
218,441.45,531.37,3,E,5,N
108,381.63,536.87,1,W,3,W
40,453.96,542.12,1,S,2,E
261,538.33,565.64,5,W,5,N
295,588.30,594.44,5,E,5,N
34,442.18,598.80,1,S,3,W
37,446.60,598.80,1,S,3,E
32,384.86,599.40,1,S,5,W
185,493.10,599.70,2,E,5,W
107,378.48,600.00,1,W,5,W
111,403.36,600.30,1,W,5,W
112,406.37,600.60,1,W,5,W
151,459.04,600.90,1,E,5,W
152,469.77,601.20,1,E,5,W
153,578.02,604.13,1,E,2,W
27,371.54,615.40,1,S,5,E
33,391.89,615.70,1,S,5,E
26,369.29,621.54,1,S,5,N
29,375.60,621.84,1,S,5,N
31,381.47,622.14,1,S,5,N
169,436.12,622.44,2,W,5,N
109,383.84,622.74,1,W,5,N
110,384.79,623.04,1,W,5,N
113,445.48,623.34,1,W,5,N
114,447.83,623.64,1,W,5,N
219,508.96,629.97,3,E,5,N
196,511.54,630.27,3,W,5,N
197,535.25,630.57,3,W,5,N
220,520.54,630.87,3,E,5,N
48,621.35,635.49,1,S,1,E
154,599.06,661.25,1,E,3,E
262,607.28,665.54,5,W,5,N
263,623.34,665.84,5,W,5,N
264,626.49,666.14,5,W,5,N
265,629.60,666.44,5,W,5,N
266,630.55,666.74,5,W,5,N
267,645.26,667.04,5,W,5,N
268,669.51,675.65,5,W,5,N
269,672.39,678.53,5,W,5,N
296,674.67,680.81,5,E,5,N
297,689.21,695.34,5,E,5,N
198,549.77,699.30,3,W,5,W
221,593.38,699.60,3,E,5,W
36,446.40,699.90,1,S,5,W
39,452.60,700.20,1,S,5,W
46,535.30,700.50,1,S,5,W
47,537.66,700.80,1,S,5,W
117,510.44,701.10,1,W,5,W
115,486.30,715.30,1,W,5,E
41,457.39,721.44,1,S,5,N
42,460.75,721.74,1,S,5,N
186,566.09,722.04,2,E,5,N
44,530.87,722.34,1,S,5,N
45,532.96,722.64,1,S,5,N
116,489.65,722.94,1,W,5,N
118,515.80,723.24,1,W,5,N
119,549.61,723.54,1,W,5,N
222,620.87,729.77,3,E,5,N
199,605.58,730.07,3,W,5,N
223,624.05,730.37,3,E,5,N
52,630.14,737.67,1,S,3,W
270,707.80,765.44,5,W,5,N
271,713.71,765.74,5,W,5,N
272,717.69,766.04,5,W,5,N
273,721.40,766.34,5,W,5,N
298,771.79,779.44,5,E,5,N
299,788.05,794.19,5,E,5,N
170,626.13,799.20,2,W,5,W
50,623.91,799.50,1,S,5,W
53,637.79,799.80,1,S,5,W
120,581.72,800.10,1,W,5,W
121,622.08,800.40,1,W,5,W
122,636.67,800.70,1,W,5,W
130,722.69,800.80,1,W,2,W
155,613.77,801.00,1,E,5,W
157,675.85,801.30,1,E,5,W
159,683.35,801.60,1,E,5,W
187,663.25,821.34,2,E,5,N
49,621.89,821.64,1,S,5,N
51,628.49,821.94,1,S,5,N
156,667.75,822.24,1,E,5,N
158,679.08,822.54,1,E,5,N
160,686.85,822.84,1,E,5,N
161,698.40,823.14,1,E,5,N
200,706.84,829.57,3,W,5,N
201,716.42,829.87,3,W,5,N
123,670.13,840.17,1,W,3,E
274,795.34,865.34,5,W,5,N
275,797.26,865.64,5,W,5,N
276,797.43,865.94,5,W,5,N
277,799.75,866.24,5,W,5,N
278,817.53,866.54,5,W,5,N
279,819.65,866.84,5,W,5,N
280,828.77,867.14,5,W,5,N
281,834.17,867.44,5,W,5,N
282,837.44,867.74,5,W,5,N
283,841.07,868.04,5,W,5,N
284,843.76,868.34,5,W,5,N
285,858.15,868.64,5,W,5,N
224,732.16,899.10,3,E,5,W
171,703.21,899.40,2,W,5,W
172,750.35,899.70,2,W,5,W
62,731.53,900.00,1,S,5,W
63,733.68,900.30,1,S,5,W
128,717.62,900.60,1,W,5,W
129,719.71,900.90,1,W,5,W
300,896.24,902.38,5,E,5,N
72,832.85,903.60,1,S,1,W
77,849.24,903.90,1,S,1,W
80,854.03,904.20,1,S,1,W
82,861.18,904.50,1,S,1,W
54,715.73,915.10,1,S,5,E
188,760.74,921.24,2,E,5,N
173,756.52,921.54,2,W,5,N
174,781.48,921.84,2,W,5,N
55,716.57,922.14,1,S,5,N
56,718.03,922.44,1,S,5,N
57,720.01,922.74,1,S,5,N
58,722.81,923.04,1,S,5,N
59,725.41,923.34,1,S,5,N
60,727.71,923.64,1,S,5,N
61,727.98,923.94,1,S,5,N
64,736.21,924.24,1,S,5,N
124,702.72,924.54,1,W,5,N
125,706.22,924.84,1,W,5,N
126,710.02,925.14,1,W,5,N
127,712.76,925.44,1,W,5,N
131,735.03,925.74,1,W,5,N
132,765.44,926.04,1,W,5,N
225,841.09,929.37,3,E,5,N
67,827.97,937.57,1,S,3,W
75,839.11,939.67,1,S,3,E
286,879.16,965.24,5,W,5,N
202,859.08,999.00,3,W,5,W
226,866.81,999.30,3,E,5,W
176,886.06,999.60,2,W,5,W
66,827.27,999.90,1,S,5,W
69,829.12,1000.20,1,S,5,W
70,831.00,1000.50,1,S,5,W
71,831.73,1000.80,1,S,5,W
73,834.59,1001.10,1,S,5,W
134,816.55,1001.40,1,W,5,W
163,818.12,1001.70,1,E,5,W
175,839.30,1021.14,2,W,5,N
189,855.05,1021.44,2,E,5,N
177,895.93,1021.74,2,W,5,N
65,816.78,1022.04,1,S,5,N
68,827.97,1022.34,1,S,5,N
74,836.90,1022.64,1,S,5,N
133,812.66,1022.94,1,W,5,N
135,856.50,1023.24,1,W,5,N
162,807.93,1023.54,1,E,5,N
81,860.60,1098.90,1,S,5,W
84,870.92,1099.20,1,S,5,W
137,893.01,1099.50,1,W,5,W
76,846.25,1121.04,1,S,5,N
78,850.53,1121.34,1,S,5,N
79,851.73,1121.64,1,S,5,N
83,864.39,1121.94,1,S,5,N
85,871.24,1122.24,1,S,5,N
86,874.35,1122.54,1,S,5,N
136,889.87,1122.84,1,W,5,N
138,896.01,1123.14,1,W,5,N