id,enter_time,exit_time,entrance_intersection,entrance_direction,exit_intersection,exit_direction
4,13.93,28.07,1,S,1,E
10,28.26,42.39,1,S,1,E
277,0.96,66.14,5,W,5,N
278,20.11,66.44,5,W,5,N
279,22.09,66.74,5,W,5,N
334,17.89,80.14,5,E,5,N
335,27.09,80.44,5,E,5,N
336,38.43,80.74,5,E,5,N
179,5.70,100.10,1,E,2,E
3,11.97,100.40,1,S,1,W
8,18.23,100.70,1,S,1,W
9,27.99,101.00,1,S,1,W
12,35.89,101.30,1,S,1,W
19,54.46,113.20,1,S,1,E
249,16.43,130.97,3,E,5,N
250,19.95,131.27,3,E,5,N
6,16.95,137.07,1,S,3,W
11,32.23,137.67,1,S,3,W
113,3.65,138.27,1,W,3,W
253,81.30,143.07,3,E,5,N
254,83.91,145.68,3,E,5,N
280,120.40,166.04,5,W,5,N
281,131.72,166.34,5,W,5,N
282,135.70,166.64,5,W,5,N
283,153.52,166.94,5,W,5,N
284,156.66,167.24,5,W,5,N
285,161.34,167.47,5,W,5,N
286,165.26,171.40,5,W,5,N
337,184.81,190.94,5,E,5,N
251,44.83,199.80,3,E,5,W
252,64.76,200.10,3,E,5,W
120,71.78,200.20,1,W,2,W
213,20.17,200.40,2,W,5,W
123,153.57,200.50,1,W,2,W
228,85.89,200.70,2,E,5,W
22,128.34,200.80,1,S,1,W
7,17.60,201.00,1,S,5,W
28,146.61,201.10,1,S,1,W
117,16.99,201.30,1,W,5,W
33,161.90,201.40,1,S,1,W
118,29.73,201.60,1,W,5,W
44,181.77,201.70,1,S,1,W
180,50.97,201.90,1,E,5,W
45,185.01,202.00,1,S,1,W
46,187.40,202.30,1,S,1,W
338,196.61,202.74,5,E,5,N
31,153.50,213.60,1,S,1,E
36,163.80,213.90,1,S,1,E
0,3.67,221.94,1,S,5,N
214,45.19,222.24,2,W,5,N
215,67.38,222.54,2,W,5,N
1,7.05,222.84,1,S,5,N
2,8.16,223.14,1,S,5,N
5,15.07,223.44,1,S,5,N
112,2.91,223.74,1,W,5,N
114,5.57,224.04,1,W,5,N
115,6.27,224.34,1,W,5,N
116,13.46,224.64,1,W,5,N
255,114.63,230.77,3,E,5,N
240,140.45,231.07,3,W,5,N
256,116.95,231.07,3,E,5,N
121,117.24,237.77,1,W,3,W
181,171.75,238.37,1,E,3,E
182,178.55,240.74,1,E,3,E
287,202.64,265.94,5,W,5,N
288,206.53,266.24,5,W,5,N
289,210.83,266.54,5,W,5,N
290,214.60,266.84,5,W,5,N
291,216.76,267.14,5,W,5,N
292,220.20,267.44,5,W,5,N
293,224.35,267.74,5,W,5,N
294,250.27,268.04,5,W,5,N
295,268.11,274.25,5,W,5,N
296,271.81,277.95,5,W,5,N
339,233.74,279.94,5,E,5,N
340,273.76,280.24,5,E,5,N
341,284.65,290.78,5,E,5,N
43,179.44,299.40,1,S,3,W
40,173.26,299.40,1,S,3,E
16,44.76,299.70,1,S,5,W
17,48.90,300.00,1,S,5,W
20,57.13,300.30,1,S,5,W
216,141.14,300.60,2,W,5,W
24,130.45,300.90,1,S,5,W
119,65.75,301.20,1,W,5,W
122,121.15,301.50,1,W,5,W
13,39.25,321.84,1,S,5,N
14,40.84,322.14,1,S,5,N
15,44.17,322.44,1,S,5,N
18,54.41,322.74,1,S,5,N
21,60.09,323.04,1,S,5,N
229,174.05,323.34,2,E,5,N
23,129.18,323.64,1,S,5,N
25,130.69,323.94,1,S,5,N
26,131.04,324.24,1,S,5,N
183,181.00,324.54,1,E,5,N
259,237.15,325.03,3,E,5,E
260,250.81,331.47,3,E,5,N
241,273.44,335.21,3,W,5,N
127,220.82,338.77,1,W,3,E
297,287.25,365.84,5,W,5,N
298,291.24,366.14,5,W,5,N
299,291.40,366.44,5,W,5,N
300,295.59,366.74,5,W,5,N
301,311.33,367.04,5,W,5,N
302,313.78,367.34,5,W,5,N
303,317.24,367.64,5,W,5,N
304,341.55,367.94,5,W,5,N
342,318.56,379.84,5,E,5,N
59,302.09,399.20,1,S,3,W
257,232.20,399.60,3,E,5,W
258,234.50,399.90,3,E,5,W
261,252.90,400.20,3,E,5,W
132,272.18,400.40,1,W,2,W
27,146.14,400.50,1,S,5,W
42,176.57,400.80,1,S,5,W
50,200.58,401.10,1,S,5,W
52,205.07,401.40,1,S,5,W
62,312.52,401.60,1,S,1,W
53,219.23,401.70,1,S,5,W
54,222.25,402.00,1,S,5,W
56,228.94,402.30,1,S,5,W
124,195.22,402.60,1,W,5,W
126,217.02,402.90,1,W,5,W
128,232.19,403.20,1,W,5,W
129,264.29,403.50,1,W,5,W
185,237.93,403.80,1,E,5,W
186,242.30,404.10,1,E,5,W
187,278.72,404.40,1,E,5,W
188,279.48,404.70,1,E,5,W
231,280.98,415.60,2,E,5,E
29,148.41,421.74,1,S,5,N
30,150.86,422.04,1,S,5,N
32,159.04,422.34,1,S,5,N
34,162.18,422.64,1,S,5,N
35,163.58,422.94,1,S,5,N
37,165.76,423.24,1,S,5,N
38,168.63,423.54,1,S,5,N
39,171.66,423.84,1,S,5,N
41,176.12,424.14,1,S,5,N
47,190.53,424.44,1,S,5,N
263,363.90,424.53,3,E,5,E
48,190.73,424.74,1,S,5,N
49,200.05,425.04,1,S,5,N
51,203.48,425.34,1,S,5,N
230,222.60,425.64,2,E,5,N
55,225.00,425.94,1,S,5,N
125,199.04,426.24,1,W,5,N
184,233.73,426.54,1,E,5,N
262,361.11,430.37,3,E,5,N
136,331.95,438.27,1,W,3,W
68,432.65,446.79,1,S,1,E
242,392.49,454.26,3,W,5,N
305,387.70,465.74,5,W,5,N
306,394.28,466.04,5,W,5,N
307,394.31,466.34,5,W,5,N
308,395.59,466.64,5,W,5,N
309,399.50,466.94,5,W,5,N
310,431.09,467.24,5,W,5,N
311,434.68,467.54,5,W,5,N
312,437.25,467.84,5,W,5,N
313,465.33,471.47,5,W,5,N
314,469.11,475.24,5,W,5,N
315,472.40,478.54,5,W,5,N
343,459.23,479.74,5,E,5,N
58,301.57,499.50,1,S,5,W
61,306.57,499.80,1,S,5,W
130,267.49,500.10,1,W,5,W
189,362.42,500.40,1,E,5,W
192,415.34,500.50,1,E,2,W
66,422.78,502.00,1,S,1,W
190,384.20,502.03,1,E,5,W
73,449.80,502.30,1,S,1,W
74,452.72,502.60,1,S,1,W
134,306.20,515.50,1,W,5,E
135,324.92,515.80,1,W,5,E
57,297.70,521.64,1,S,5,N
60,302.89,521.94,1,S,5,N
217,317.99,522.24,2,W,5,N
232,359.62,522.54,2,E,5,N
218,343.23,522.84,2,W,5,N
131,271.05,523.14,1,W,5,N
133,276.06,523.44,1,W,5,N
265,431.82,530.47,3,E,5,N
64,407.35,536.57,1,S,3,E
138,384.92,538.37,1,W,3,E
266,496.30,558.07,3,E,5,N
316,474.80,565.64,5,W,5,N
317,507.28,565.94,5,W,5,N
318,511.05,566.24,5,W,5,N
319,511.82,566.54,5,W,5,N
320,539.95,566.84,5,W,5,N
321,555.09,567.14,5,W,5,N
322,556.94,567.44,5,W,5,N
344,565.53,579.64,5,E,5,N
345,577.51,583.64,5,E,5,N
264,402.79,599.40,3,E,5,W
267,498.96,599.70,3,E,5,W
63,403.88,600.00,1,S,5,W
233,439.61,600.30,2,E,5,W
65,410.85,600.60,1,S,5,W
79,532.79,600.60,1,S,2,W
67,428.76,600.90,1,S,5,W
70,437.09,601.20,1,S,5,W
140,425.62,601.50,1,W,5,W
191,404.23,601.80,1,E,5,W
76,529.94,602.40,1,S,1,W
83,548.46,602.70,1,S,1,W
84,548.94,603.00,1,S,1,W
86,550.94,603.30,1,S,1,W
89,559.30,603.60,1,S,1,W
92,562.41,603.90,1,S,1,W
198,580.14,606.26,1,E,2,W
85,550.28,615.20,1,S,1,E
234,474.22,621.54,2,E,5,N
69,433.19,621.84,1,S,5,N
137,381.86,622.14,1,W,5,N
139,398.78,622.44,1,W,5,N
141,427.98,622.74,1,W,5,N
142,447.55,623.04,1,W,5,N
193,435.54,623.34,1,E,5,N
194,481.94,623.64,1,E,5,N
268,502.27,629.97,3,E,5,N
81,540.00,641.32,1,S,2,W
98,586.67,644.62,1,S,2,W
323,574.67,665.54,5,W,5,N
324,595.83,665.84,5,W,5,N
325,608.48,666.14,5,W,5,N
326,610.47,666.44,5,W,5,N
327,624.38,666.74,5,W,5,N
328,655.47,667.04,5,W,5,N
346,658.38,679.54,5,E,5,N
99,591.31,698.60,1,S,3,E
90,559.45,698.60,1,S,3,W
243,524.50,699.30,3,W,5,W
219,503.12,699.60,2,W,5,W
77,531.11,699.90,1,S,5,W
78,531.52,700.20,1,S,5,W
144,538.30,700.50,1,W,5,W
158,627.39,700.70,1,W,2,E
151,569.46,700.70,1,W,2,W
148,547.99,700.80,1,W,5,W
159,633.59,701.00,1,W,2,E
196,536.56,701.10,1,E,5,W
197,572.42,701.40,1,E,5,W
102,668.97,702.80,1,S,1,W
103,672.36,703.10,1,S,1,W
222,661.95,712.87,2,W,3,E
71,442.75,721.44,1,S,5,N
72,446.52,721.74,1,S,5,N
235,555.59,722.04,2,E,5,N
220,565.60,722.34,2,W,5,N
221,592.65,722.64,2,W,5,N
75,526.37,722.94,1,S,5,N
80,538.22,723.24,1,S,5,N
143,487.19,723.54,1,W,5,N
145,539.95,723.84,1,W,5,N
146,541.80,724.14,1,W,5,N
271,621.03,724.23,3,E,5,E
147,544.50,724.44,1,W,5,N
149,560.59,724.74,1,W,5,N
195,506.76,725.04,1,E,5,N
245,641.31,730.07,3,W,5,N
150,567.63,737.07,1,W,3,W
152,573.00,737.37,1,W,3,E
154,596.13,737.97,1,W,3,E
246,691.37,753.14,3,W,5,N
329,673.29,765.44,5,W,5,N
330,743.59,765.74,5,W,5,N
347,766.95,779.44,5,E,5,N
269,615.13,799.20,3,E,5,W
244,632.37,799.50,3,W,5,W
270,617.93,799.80,3,E,5,W
82,541.74,800.10,1,S,5,W
87,552.92,800.40,1,S,5,W
100,592.75,800.70,1,S,5,W
166,729.79,800.80,1,W,2,E
167,733.55,800.80,1,W,2,W
236,610.98,801.00,2,E,5,W
207,770.78,801.10,1,E,2,W
101,601.70,801.30,1,S,5,W
155,600.27,801.60,1,W,5,W
200,642.39,801.90,1,E,5,W
201,652.82,802.20,1,E,5,W
106,736.19,803.20,1,S,1,W
107,798.77,812.91,1,S,1,W
95,573.08,815.20,1,S,5,E
97,584.43,815.50,1,S,5,E
247,698.11,821.34,3,W,5,N
88,556.79,821.64,1,S,5,N
91,561.62,821.94,1,S,5,N
93,568.77,822.24,1,S,5,N
94,571.99,822.54,1,S,5,N
96,576.78,822.84,1,S,5,N
223,690.60,823.14,2,W,5,N
153,576.44,823.44,1,W,5,N
156,611.04,823.74,1,W,5,N
157,613.94,824.04,1,W,5,N
199,603.08,824.34,1,E,5,N
202,672.67,824.64,1,E,5,N
203,692.46,824.94,1,E,5,N
274,740.19,830.17,3,E,5,N
161,675.38,837.47,1,W,3,E
204,706.98,839.87,1,E,3,W
331,811.35,865.34,5,W,5,N
348,868.29,879.34,5,E,5,N
349,884.42,890.56,5,E,5,N
350,885.99,892.12,5,E,5,N
272,705.86,899.10,3,E,5,W
273,709.19,899.40,3,E,5,W
275,756.76,899.70,3,E,5,W
276,793.08,900.00,3,E,5,W
104,675.34,900.30,1,S,5,W
224,740.09,900.60,2,W,5,W
237,707.52,900.90,2,E,5,W
211,823.31,900.90,1,E,2,E
171,789.89,900.90,1,W,2,W
238,798.38,901.20,2,E,5,W
160,672.67,901.50,1,W,5,W
164,686.30,901.80,1,W,5,W
205,728.40,902.10,1,E,5,W
105,736.11,915.10,1,S,5,E
162,680.12,921.24,1,W,5,N
163,684.92,921.54,1,W,5,N
165,722.36,921.84,1,W,5,N
168,735.97,922.14,1,W,5,N
169,739.69,922.44,1,W,5,N
170,767.30,922.74,1,W,5,N
206,749.83,923.04,1,E,5,N
248,841.98,929.37,3,W,5,N
332,874.88,965.24,5,W,5,N
333,889.20,965.54,5,W,5,N
109,802.23,999.00,1,S,5,W
227,863.43,999.30,2,W,5,W
208,807.65,999.60,1,E,5,W
209,813.51,999.90,1,E,5,W
108,800.54,1021.14,1,S,5,N
225,812.24,1021.44,2,W,5,N
226,835.05,1021.74,2,W,5,N
239,886.29,1022.04,2,E,5,N
172,790.55,1022.34,1,W,5,N
173,802.00,1022.64,1,W,5,N
174,840.75,1022.94,1,W,5,N
210,815.81,1023.24,1,E,5,N
212,881.58,1023.54,1,E,5,N
110,859.92,1098.90,1,S,5,W
111,860.13,1099.20,1,S,5,W
175,882.55,1099.50,1,W,5,W
178,891.04,1099.80,1,W,5,W
176,884.96,1121.04,1,W,5,N
177,887.57,1121.34,1,W,5,N