id,enter_time,exit_time,entrance_intersection,entrance_direction,exit_intersection,exit_direction
1,4.95,19.09,1,S,1,E
194,3.51,66.14,5,W,5,N
195,5.83,66.44,5,W,5,N
196,33.72,66.74,5,W,5,N
197,34.63,67.04,5,W,5,N
198,49.24,67.34,5,W,5,N
260,15.05,80.14,5,E,5,N
261,32.88,80.44,5,E,5,N
262,60.27,80.74,5,E,5,N
3,15.13,100.40,1,S,1,W
6,83.21,100.70,1,S,1,W
7,88.81,102.94,1,S,1,W
13,107.94,122.07,1,S,1,E
152,86.63,122.70,2,E,3,E
174,70.22,125.86,3,E,5,E
4,18.36,136.47,1,S,3,E
71,21.51,137.37,1,W,3,W
199,80.91,166.04,5,W,5,N
200,82.28,166.34,5,W,5,N
201,84.42,166.64,5,W,5,N
202,151.19,166.94,5,W,5,N
203,153.97,167.24,5,W,5,N
204,154.63,167.54,5,W,5,N
205,157.83,167.84,5,W,5,N
206,161.40,168.14,5,W,5,N
263,163.02,180.04,5,E,5,N
0,0.12,199.80,1,S,5,W
118,29.83,200.10,1,E,5,W
11,105.64,200.80,1,S,1,W
12,107.12,201.10,1,S,1,W
16,174.53,201.40,1,S,1,W
153,137.95,212.37,2,E,3,W
2,8.14,221.94,1,S,5,N
69,4.98,222.24,1,W,5,N
70,18.25,222.54,1,W,5,N
72,50.51,222.84,1,W,5,N
73,54.45,223.14,1,W,5,N
116,7.26,223.44,1,E,5,N
117,27.75,223.74,1,E,5,N
119,66.79,224.04,1,E,5,N
175,158.66,230.77,3,E,5,N
165,141.44,231.07,3,W,5,N
177,178.12,233.75,3,E,5,E
176,175.07,236.84,3,E,5,N
207,179.23,265.94,5,W,5,N
208,194.62,266.24,5,W,5,N
209,196.88,266.54,5,W,5,N
210,197.63,266.84,5,W,5,N
211,200.91,267.14,5,W,5,N
212,203.30,267.44,5,W,5,N
213,207.48,267.74,5,W,5,N
214,210.13,268.04,5,W,5,N
215,213.13,268.34,5,W,5,N
216,214.46,268.64,5,W,5,N
217,217.65,268.94,5,W,5,N
218,221.17,269.24,5,W,5,N
219,223.56,269.54,5,W,5,N
220,226.50,269.84,5,W,5,N
221,230.01,270.14,5,W,5,N
222,247.22,270.44,5,W,5,N
223,252.59,270.74,5,W,5,N
264,202.74,279.94,5,E,5,N
265,214.10,280.24,5,E,5,N
164,101.14,299.70,3,W,5,W
8,98.01,300.00,1,S,5,W
14,111.63,300.30,1,S,5,W
76,113.83,300.60,1,W,5,W
17,264.36,301.20,1,S,1,W
154,203.41,312.47,2,E,3,W
77,149.50,315.70,1,W,5,E
121,165.46,316.00,1,E,5,E
5,79.80,321.84,1,S,5,N
9,100.04,322.14,1,S,5,N
10,101.96,322.44,1,S,5,N
139,183.79,322.74,2,W,5,N
74,70.66,323.04,1,W,5,N
75,72.11,323.34,1,W,5,N
120,129.80,323.64,1,E,5,N
122,183.77,323.94,1,E,5,N
166,255.72,324.43,3,W,5,E
178,262.25,330.57,3,E,5,N
80,201.33,336.97,1,W,3,W
179,275.92,337.69,3,E,5,N
123,288.23,350.42,1,E,3,E
224,321.35,365.84,5,W,5,N
266,303.07,379.84,5,E,5,N
267,307.79,380.14,5,E,5,N
268,309.22,380.44,5,E,5,N
269,315.77,380.74,5,E,5,N
167,296.12,399.60,3,W,5,W
140,251.79,399.90,2,W,5,W
82,242.41,400.20,1,W,5,W
23,381.90,401.60,1,S,1,W
25,392.41,406.54,1,S,1,W
78,195.28,415.60,1,W,5,E
79,199.22,415.90,1,W,5,E
15,172.75,421.74,1,S,5,N
155,289.05,422.04,2,E,5,N
81,234.74,422.34,1,W,5,N
83,245.53,422.64,1,W,5,N
84,246.93,422.94,1,W,5,N
180,362.88,430.37,3,E,5,N
87,360.91,438.27,1,W,3,W
181,376.67,438.44,3,E,5,N
24,383.92,440.82,1,S,2,E
225,412.42,465.74,5,W,5,N
226,414.87,466.04,5,W,5,N
227,429.11,466.34,5,W,5,N
228,443.60,466.64,5,W,5,N
229,447.50,466.94,5,W,5,N
270,416.07,479.74,5,E,5,N
271,416.53,480.04,5,E,5,N
272,428.38,480.34,5,E,5,N
142,393.83,499.50,2,W,5,W
18,313.47,499.80,1,S,5,W
19,316.80,500.10,1,S,5,W
20,318.02,500.40,1,S,5,W
21,318.57,500.70,1,S,5,W
85,279.72,501.00,1,W,5,W
86,322.61,501.30,1,W,5,W
143,447.37,512.67,2,W,3,W
30,485.74,514.80,1,S,1,E
32,489.46,515.10,1,S,1,E
141,329.19,521.64,2,W,5,N
156,325.13,521.94,2,E,5,N
124,395.19,522.24,1,E,5,N
168,426.23,530.17,3,W,5,N
169,462.63,530.47,3,W,5,N
40,530.28,544.42,1,S,1,E
183,483.63,545.40,3,E,5,N
230,490.01,565.64,5,W,5,N
231,493.17,565.94,5,W,5,N
232,494.31,566.24,5,W,5,N
233,496.62,566.54,5,W,5,N
234,500.31,566.84,5,W,5,N
235,542.25,567.14,5,W,5,N
236,544.91,567.44,5,W,5,N
273,533.42,579.64,5,E,5,N
274,533.70,579.94,5,E,5,N
275,539.44,580.24,5,E,5,N
182,469.16,599.40,3,E,5,W
26,392.41,599.70,1,S,5,W
157,411.88,600.00,2,E,5,W
158,453.86,600.30,2,E,5,W
126,518.60,600.60,1,E,2,W
35,499.14,602.40,1,S,1,W
37,514.46,602.70,1,S,1,W
46,560.85,603.00,1,S,1,W
145,526.02,612.77,2,W,3,E
22,380.12,615.40,1,S,5,E
144,452.93,615.70,2,W,5,E
27,402.47,621.54,1,S,5,N
88,390.58,621.84,1,W,5,N
89,393.64,622.14,1,W,5,N
90,427.27,622.44,1,W,5,N
91,450.18,622.74,1,W,5,N
92,452.93,623.04,1,W,5,N
93,456.43,623.34,1,W,5,N
94,459.25,623.64,1,W,5,N
125,499.66,623.94,1,E,5,N
184,516.78,629.97,3,E,5,N
39,520.00,637.27,1,S,3,W
45,557.08,642.22,1,S,2,W
237,573.47,665.54,5,W,5,N
238,577.25,665.84,5,W,5,N
239,596.23,666.14,5,W,5,N
240,634.57,666.44,5,W,5,N
241,648.39,666.74,5,W,5,N
242,652.26,667.04,5,W,5,N
243,658.25,667.34,5,W,5,N
244,661.85,667.98,5,W,5,N
276,631.17,679.54,5,E,5,N
277,642.36,679.84,5,E,5,N
278,645.60,680.14,5,E,5,N
279,659.58,680.44,5,E,5,N
29,483.40,699.30,1,S,5,W
31,487.93,699.60,1,S,5,W
33,491.08,699.90,1,S,5,W
34,499.08,700.20,1,S,5,W
36,505.23,700.50,1,S,5,W
95,473.88,700.80,1,W,5,W
96,476.32,701.10,1,W,5,W
97,479.05,701.40,1,W,5,W
129,579.48,701.70,1,E,5,W
54,704.04,718.17,1,S,1,E
28,478.07,721.44,1,S,5,N
159,545.83,721.74,2,E,5,N
146,533.29,722.04,2,W,5,N
38,519.46,722.34,1,S,5,N
41,533.30,722.64,1,S,5,N
98,483.00,722.94,1,W,5,N
99,522.43,723.24,1,W,5,N
100,539.39,723.54,1,W,5,N
101,541.75,723.84,1,W,5,N
102,547.76,724.14,1,W,5,N
103,551.69,724.44,1,W,5,N
127,551.93,724.74,1,E,5,N
128,573.61,725.04,1,E,5,N
170,604.82,729.77,3,W,5,N
171,664.08,730.07,3,W,5,N
185,608.16,730.07,3,E,5,N
187,627.88,730.37,3,E,5,N
188,692.48,754.25,3,E,5,N
245,713.01,765.44,5,W,5,N
246,738.69,765.74,5,W,5,N
247,741.76,766.04,5,W,5,N
248,769.71,775.85,5,W,5,N
249,771.89,778.02,5,W,5,N
280,767.76,779.44,5,E,5,N
281,777.56,783.69,5,E,5,N
186,624.20,799.20,3,E,5,W
105,584.66,799.50,1,W,5,W
130,632.87,799.80,1,E,5,W
106,628.64,815.20,1,W,5,E
42,544.04,821.34,1,S,5,N
43,544.37,821.64,1,S,5,N
44,554.02,821.94,1,S,5,N
47,562.43,822.24,1,S,5,N
160,626.14,822.54,2,E,5,N
48,631.17,822.84,1,S,5,N
49,632.94,823.14,1,S,5,N
104,578.36,823.44,1,W,5,N
131,649.02,823.74,1,E,5,N
132,657.78,824.04,1,E,5,N
133,660.55,824.34,1,E,5,N
189,704.76,829.57,3,E,5,N
190,723.65,829.87,3,E,5,N
192,754.71,830.47,3,E,5,N
56,802.87,843.12,1,S,2,W
250,774.83,865.34,5,W,5,N
251,780.18,865.64,5,W,5,N
252,782.18,865.94,5,W,5,N
253,787.02,866.24,5,W,5,N
254,790.81,866.54,5,W,5,N
255,853.04,866.84,5,W,5,N
256,857.78,867.14,5,W,5,N
257,862.97,869.11,5,W,5,N
258,866.73,872.87,5,W,5,N
259,870.52,876.65,5,W,5,N
282,875.27,881.40,5,E,5,N
283,888.87,895.01,5,E,5,N
172,720.65,899.10,3,W,5,W
191,735.73,899.40,3,E,5,W
50,695.38,899.70,1,S,5,W
51,697.69,900.00,1,S,5,W
149,772.97,900.30,2,W,5,W
108,706.87,900.60,1,W,5,W
110,739.72,900.90,1,W,5,W
113,835.37,900.90,1,W,2,E
135,773.44,901.20,1,E,5,W
55,801.78,903.60,1,S,1,W
61,815.53,903.90,1,S,1,W
62,816.81,904.20,1,S,1,W
136,793.66,911.48,1,E,5,W
161,720.51,915.10,2,E,5,E
107,674.24,915.40,1,W,5,E
52,698.64,921.24,1,S,5,N
53,701.72,921.54,1,S,5,N
147,707.95,921.84,2,W,5,N
148,710.55,922.14,2,W,5,N
109,709.32,922.44,1,W,5,N
134,733.73,922.74,1,E,5,N
193,841.38,929.37,3,E,5,N
173,851.63,929.67,3,W,5,N
112,785.59,940.27,1,W,3,W
284,899.32,979.24,5,E,5,N
151,855.57,999.00,2,W,5,W
163,890.32,999.30,2,E,5,W
60,812.66,999.60,1,S,5,W
63,818.64,999.90,1,S,5,W
67,824.48,1000.20,1,S,5,W
150,830.85,1021.14,2,W,5,N
162,807.17,1021.44,2,E,5,N
57,806.05,1021.74,1,S,5,N
58,809.72,1022.04,1,S,5,N
59,811.28,1022.34,1,S,5,N
64,820.06,1022.64,1,S,5,N
65,822.13,1022.94,1,S,5,N
66,822.15,1023.24,1,S,5,N
68,828.30,1023.54,1,S,5,N
111,778.67,1023.84,1,W,5,N
114,835.42,1024.14,1,W,5,N
137,873.37,1024.44,1,E,5,N
138,875.77,1024.74,1,E,5,N
115,879.32,1121.04,1,W,5,N