id,enter_time,exit_time,entrance_intersection,entrance_direction,exit_intersection,exit_direction
4,22.98,37.11,1,S,1,E
224,5.61,66.14,5,W,5,N
225,7.82,66.44,5,W,5,N
226,12.26,66.74,5,W,5,N
227,16.10,67.04,5,W,5,N
228,19.93,67.34,5,W,5,N
229,24.09,67.64,5,W,5,N
291,13.68,80.14,5,E,5,N
292,29.01,80.44,5,E,5,N
293,32.10,80.74,5,E,5,N
1,13.20,100.40,1,S,1,W
6,27.10,100.70,1,S,1,W
205,93.07,154.84,3,E,5,N
230,86.02,166.04,5,W,5,N
231,87.34,166.34,5,W,5,N
232,100.44,166.64,5,W,5,N
233,100.77,166.94,5,W,5,N
234,102.08,167.24,5,W,5,N
235,103.65,167.54,5,W,5,N
236,105.78,167.84,5,W,5,N
237,107.08,168.14,5,W,5,N
238,110.97,168.44,5,W,5,N
294,166.95,180.04,5,E,5,N
204,11.19,199.80,3,E,5,W
176,89.78,200.10,2,E,5,W
3,16.33,200.40,1,S,5,W
74,31.62,200.70,1,W,5,W
8,103.34,200.80,1,S,1,W
135,21.30,201.00,1,E,5,W
9,104.58,201.10,1,S,1,W
11,105.45,201.40,1,S,1,W
16,175.88,213.60,1,S,1,E
0,3.10,221.94,1,S,5,N
163,9.10,222.24,2,W,5,N
2,13.97,222.54,1,S,5,N
5,24.39,222.84,1,S,5,N
7,27.75,223.14,1,S,5,N
75,64.53,223.44,1,W,5,N
206,119.19,230.77,3,E,5,N
191,124.52,231.07,3,W,5,N
192,156.03,231.37,3,W,5,N
193,163.57,231.67,3,W,5,N
10,105.42,236.27,1,S,3,W
79,110.38,238.07,1,W,3,E
239,186.22,265.94,5,W,5,N
240,189.12,266.24,5,W,5,N
241,192.43,266.54,5,W,5,N
242,194.45,266.84,5,W,5,N
243,197.45,267.14,5,W,5,N
244,199.92,267.44,5,W,5,N
245,214.62,267.74,5,W,5,N
246,216.19,268.04,5,W,5,N
247,222.14,268.34,5,W,5,N
248,224.43,268.64,5,W,5,N
249,227.95,268.94,5,W,5,N
250,233.52,269.24,5,W,5,N
251,233.58,269.54,5,W,5,N
252,249.59,269.84,5,W,5,N
295,258.66,279.94,5,E,5,N
177,184.08,299.70,2,E,5,W
164,184.72,300.00,2,W,5,W
13,110.52,300.30,1,S,5,W
76,74.90,300.60,1,W,5,W
80,144.20,300.90,1,W,5,W
25,255.93,301.20,1,S,1,W
21,245.07,314.00,1,S,1,E
23,248.34,314.30,1,S,1,E
138,187.60,315.70,1,E,5,E
12,108.38,321.84,1,S,5,N
77,104.05,322.14,1,W,5,N
78,107.89,322.44,1,W,5,N
136,143.27,322.74,1,E,5,N
137,167.34,323.04,1,E,5,N
17,233.65,336.37,1,S,3,W
19,238.30,340.12,1,S,2,E
22,246.74,340.72,1,S,2,W
27,258.02,341.62,1,S,2,W
253,324.76,365.84,5,W,5,N
296,360.87,379.84,5,E,5,N
24,252.30,399.20,1,S,3,E
207,225.21,399.60,3,E,5,W
178,235.34,399.90,2,E,5,W
165,208.94,400.20,2,W,5,W
86,282.10,400.40,1,W,2,E
179,274.20,400.50,2,E,5,W
18,236.92,400.80,1,S,5,W
82,215.98,401.10,1,W,5,W
139,227.14,401.40,1,E,5,W
36,334.19,401.60,1,S,1,W
140,235.94,401.70,1,E,5,W
145,382.81,408.92,1,E,2,W
14,173.67,421.74,1,S,5,N
15,175.32,422.04,1,S,5,N
81,173.83,422.34,1,W,5,N
83,254.57,422.64,1,W,5,N
84,257.35,422.94,1,W,5,N
141,249.85,423.24,1,E,5,N
212,372.15,427.79,3,E,5,E
195,324.92,430.67,3,W,5,N
211,368.74,431.27,3,E,5,N
196,379.65,435.29,3,W,5,E
143,356.99,440.07,1,E,3,E
254,412.21,465.74,5,W,5,N
208,317.00,499.50,3,E,5,W
194,311.03,499.80,3,W,5,W
209,334.91,500.10,3,E,5,W
210,351.28,500.40,3,E,5,W
28,260.78,500.70,1,S,5,W
29,261.59,501.00,1,S,5,W
31,326.98,501.30,1,S,5,W
87,330.88,501.60,1,W,5,W
142,302.61,501.90,1,E,5,W
20,242.00,521.64,1,S,5,N
26,256.11,521.94,1,S,5,N
30,261.85,522.24,1,S,5,N
166,364.35,522.54,2,W,5,N
180,317.77,522.84,2,E,5,N
167,370.26,523.14,2,W,5,N
168,398.75,523.44,2,W,5,N
181,400.24,523.74,2,E,5,N
32,327.85,524.04,1,S,5,N
33,330.43,524.34,1,S,5,N
34,331.12,524.64,1,S,5,N
35,333.63,524.94,1,S,5,N
37,337.62,525.24,1,S,5,N
85,279.78,525.54,1,W,5,N
88,337.02,525.84,1,W,5,N
89,358.71,526.14,1,W,5,N
90,364.78,526.44,1,W,5,N
144,372.83,526.74,1,E,5,N
146,386.68,527.04,1,E,5,N
213,462.89,530.17,3,E,5,N
96,441.08,538.07,1,W,3,E
255,475.88,565.64,5,W,5,N
256,480.56,565.94,5,W,5,N
257,483.25,566.24,5,W,5,N
258,488.29,566.54,5,W,5,N
259,509.11,566.84,5,W,5,N
260,516.60,567.14,5,W,5,N
261,518.83,567.44,5,W,5,N
262,568.80,574.94,5,W,5,N
297,503.60,579.64,5,E,5,N
298,523.35,579.94,5,E,5,N
38,347.07,599.40,1,S,5,W
169,467.50,599.70,2,W,5,W
182,489.02,600.00,2,E,5,W
93,386.16,600.30,1,W,5,W
94,393.68,600.60,1,W,5,W
100,453.24,600.90,1,W,5,W
39,350.76,621.54,1,S,5,N
170,488.27,621.84,2,W,5,N
91,379.94,622.14,1,W,5,N
92,383.88,622.44,1,W,5,N
95,438.38,622.74,1,W,5,N
97,441.62,623.04,1,W,5,N
98,445.46,623.34,1,W,5,N
99,449.38,623.64,1,W,5,N
101,455.34,623.94,1,W,5,N
147,441.34,624.24,1,E,5,N
148,475.93,624.54,1,E,5,N
197,506.63,629.97,3,W,5,N
214,545.19,630.27,3,E,5,N
215,548.40,630.57,3,E,5,N
198,514.64,630.87,3,W,5,N
199,541.63,631.17,3,W,5,N
50,620.23,634.37,1,S,1,E
150,524.61,638.17,1,E,3,W
263,608.19,665.54,5,W,5,N
264,620.19,665.84,5,W,5,N
299,621.01,679.54,5,E,5,N
200,550.43,699.30,3,W,5,W
40,446.83,699.60,1,S,5,W
41,453.61,699.90,1,S,5,W
183,528.69,700.20,2,E,5,W
103,505.04,700.50,1,W,5,W
104,535.89,700.80,1,W,5,W
149,514.82,701.10,1,E,5,W
53,690.01,704.15,1,S,1,W
42,456.48,715.30,1,S,5,E
184,564.29,715.60,2,E,5,E
152,549.43,715.90,1,E,5,E
201,598.03,721.44,3,W,5,N
43,457.98,721.74,1,S,5,N
44,461.15,722.04,1,S,5,N
45,462.97,722.34,1,S,5,N
46,463.25,722.64,1,S,5,N
185,585.39,722.94,2,E,5,N
102,500.02,723.24,1,W,5,N
105,539.66,723.54,1,W,5,N
151,546.39,723.84,1,E,5,N
202,627.25,729.77,3,W,5,N
216,625.67,730.07,3,E,5,N
109,598.41,738.27,1,W,3,W
217,691.47,753.24,3,E,5,N
218,694.67,756.44,3,E,5,N
157,699.60,761.79,1,E,3,W
265,697.61,765.44,5,W,5,N
266,700.21,765.74,5,W,5,N
267,700.62,766.04,5,W,5,N
268,703.44,766.34,5,W,5,N
269,736.18,766.64,5,W,5,N
270,751.72,766.94,5,W,5,N
271,753.70,767.24,5,W,5,N
272,757.54,767.54,5,W,5,N
273,770.40,776.54,5,W,5,N
274,771.82,777.96,5,W,5,N
300,719.78,779.44,5,E,5,N
55,696.57,798.40,1,S,3,W
56,699.55,798.40,1,S,3,E
47,557.91,799.20,1,S,5,W
48,616.21,799.50,1,S,5,W
108,595.16,799.80,1,W,5,W
112,627.64,800.10,1,W,5,W
114,637.62,800.40,1,W,5,W
155,650.20,800.70,1,E,5,W
60,710.99,803.20,1,S,1,W
61,713.52,803.50,1,S,1,W
156,689.50,807.33,1,E,5,W
219,698.16,815.20,3,E,5,E
171,647.07,815.50,2,W,5,E
187,686.62,815.80,2,E,5,E
115,653.34,816.10,1,W,5,E
172,675.73,821.34,2,W,5,N
186,638.53,821.64,2,E,5,N
49,619.56,821.94,1,S,5,N
106,589.16,822.24,1,W,5,N
107,592.44,822.54,1,W,5,N
110,606.09,822.84,1,W,5,N
111,624.66,823.14,1,W,5,N
113,634.66,823.44,1,W,5,N
116,655.74,823.74,1,W,5,N
153,622.06,824.04,1,E,5,N
154,636.81,824.34,1,E,5,N
220,700.33,829.57,3,E,5,N
221,712.97,829.87,3,E,5,N
222,716.76,830.17,3,E,5,N
158,720.54,838.67,1,E,3,E
275,775.81,865.34,5,W,5,N
276,779.74,865.64,5,W,5,N
277,785.04,865.94,5,W,5,N
278,788.01,866.24,5,W,5,N
279,808.04,866.54,5,W,5,N
280,810.23,866.84,5,W,5,N
281,822.50,867.14,5,W,5,N
282,826.07,867.44,5,W,5,N
283,828.92,867.74,5,W,5,N
284,850.66,868.04,5,W,5,N
285,852.50,868.34,5,W,5,N
286,855.98,868.64,5,W,5,N
301,824.89,879.34,5,E,5,N
302,868.48,879.64,5,E,5,N
303,870.03,879.94,5,E,5,N
203,777.13,899.10,3,W,5,W
51,683.69,899.40,1,S,5,W
52,686.38,899.70,1,S,5,W
57,701.32,900.00,1,S,5,W
188,775.14,900.30,2,E,5,W
119,715.11,900.60,1,W,5,W
120,746.71,900.90,1,W,5,W
124,804.49,900.90,1,W,2,W
127,856.88,901.20,1,W,2,W
129,861.79,901.50,1,W,2,W
64,809.72,903.60,1,S,1,W
65,825.02,903.90,1,S,1,W
69,841.92,904.20,1,S,1,W
70,843.20,904.50,1,S,1,W
73,855.40,904.80,1,S,1,W
54,692.61,921.24,1,S,5,N
58,702.23,921.54,1,S,5,N
173,740.69,921.84,2,W,5,N
59,707.04,922.14,1,S,5,N
117,692.82,922.44,1,W,5,N
118,695.00,922.74,1,W,5,N
121,750.20,923.04,1,W,5,N
223,828.18,923.23,3,E,5,E
159,793.32,923.34,1,E,5,N
128,859.08,939.07,1,W,3,E
287,877.52,965.24,5,W,5,N
288,880.49,965.54,5,W,5,N
289,882.17,965.84,5,W,5,N
290,884.95,966.14,5,W,5,N
71,850.16,998.00,1,S,3,E
62,798.36,999.00,1,S,5,W
190,884.60,999.30,2,E,5,W
67,827.47,999.60,1,S,5,W
68,829.95,999.90,1,S,5,W
125,835.50,1000.20,1,W,5,W
126,854.05,1000.50,1,W,5,W
122,783.56,1015.00,1,W,5,E
161,829.03,1015.30,1,E,5,E
63,802.22,1021.14,1,S,5,N
174,814.87,1021.44,2,W,5,N
189,819.33,1021.74,2,E,5,N
175,892.31,1022.04,2,W,5,N
66,826.46,1022.34,1,S,5,N
123,801.28,1022.64,1,W,5,N
160,811.25,1022.94,1,E,5,N
162,832.99,1023.24,1,E,5,N
134,889.98,1038.27,1,W,3,E
72,852.02,1098.90,1,S,5,W
130,878.43,1099.20,1,W,5,W
132,885.06,1099.50,1,W,5,W
131,881.72,1121.04,1,W,5,N
133,888.57,1121.34,1,W,5,N