id,enter_time,exit_time,entrance_intersection,entrance_direction,exit_intersection,exit_direction
0,1.30,41.56,1,S,2,W
244,55.63,66.14,5,W,5,N
245,61.27,67.40,5,W,5,N
1,80.67,100.40,1,S,1,W
6,91.16,105.30,1,S,1,W
10,94.86,113.20,1,S,1,E
7,91.67,140.52,1,S,2,W
230,78.96,140.73,3,E,5,N
246,74.56,166.04,5,W,5,N
247,75.74,166.34,5,W,5,N
248,78.96,166.64,5,W,5,N
249,94.31,166.94,5,W,5,N
250,97.93,167.24,5,W,5,N
251,100.94,167.54,5,W,5,N
252,103.20,167.84,5,W,5,N
253,129.29,168.14,5,W,5,N
254,133.74,168.44,5,W,5,N
255,137.29,168.74,5,W,5,N
256,139.02,169.04,5,W,5,N
257,140.83,169.34,5,W,5,N
258,156.10,169.64,5,W,5,N
259,157.37,169.94,5,W,5,N
260,163.27,170.24,5,W,5,N
261,163.77,170.54,5,W,5,N
320,104.54,180.04,5,E,5,N
321,129.32,180.34,5,E,5,N
322,186.75,192.89,5,E,5,N
323,186.87,193.01,5,E,5,N
229,75.32,199.80,3,E,5,W
204,93.26,200.10,2,E,5,W
14,106.25,200.20,1,S,2,W
98,15.27,200.40,1,W,5,W
103,80.51,200.50,1,W,2,W
159,25.16,200.70,1,E,5,W
12,99.25,200.80,1,S,1,W
160,30.79,201.00,1,E,5,W
13,99.60,201.10,1,S,1,W
17,181.27,201.40,1,S,1,W
163,83.65,201.47,1,E,5,W
18,181.42,201.70,1,S,1,W
19,184.28,213.60,1,S,1,E
194,27.96,221.94,2,W,5,N
99,16.90,222.24,1,W,5,N
100,55.98,222.54,1,W,5,N
101,59.51,222.84,1,W,5,N
102,61.57,223.14,1,W,5,N
158,20.13,223.44,1,E,5,N
161,51.27,223.74,1,E,5,N
162,61.97,224.04,1,E,5,N
215,144.10,230.77,3,W,5,N
231,158.26,231.07,3,E,5,N
109,161.85,238.07,1,W,3,W
262,173.50,265.94,5,W,5,N
263,174.65,266.24,5,W,5,N
264,177.52,266.54,5,W,5,N
265,180.44,266.84,5,W,5,N
266,194.99,267.14,5,W,5,N
267,196.99,267.44,5,W,5,N
268,218.06,267.74,5,W,5,N
324,214.98,279.94,5,E,5,N
325,260.88,280.24,5,E,5,N
3,83.18,299.70,1,S,5,W
8,91.74,300.00,1,S,5,W
110,205.40,300.30,1,W,2,W
105,121.47,300.30,1,W,5,W
106,134.81,300.60,1,W,5,W
2,81.75,321.84,1,S,5,N
4,85.10,322.14,1,S,5,N
5,85.23,322.44,1,S,5,N
9,93.90,322.74,1,S,5,N
11,98.16,323.04,1,S,5,N
205,192.07,323.34,2,E,5,N
15,106.29,323.64,1,S,5,N
104,118.97,323.94,1,W,5,N
107,156.60,324.24,1,W,5,N
108,160.58,324.54,1,W,5,N
164,101.83,324.84,1,E,5,N
165,165.52,325.14,1,E,5,N
232,256.80,330.57,3,E,5,N
112,221.41,336.67,1,W,3,E
167,254.25,337.87,1,E,3,W
269,276.75,365.84,5,W,5,N
270,282.62,366.14,5,W,5,N
271,289.04,366.44,5,W,5,N
272,304.08,366.74,5,W,5,N
273,317.43,367.04,5,W,5,N
274,321.55,367.34,5,W,5,N
275,322.83,367.64,5,W,5,N
276,339.84,367.94,5,W,5,N
277,341.43,368.24,5,W,5,N
278,344.52,368.54,5,W,5,N
279,347.53,368.84,5,W,5,N
280,372.56,378.70,5,W,5,N
326,361.90,379.84,5,E,5,N
327,381.48,387.61,5,E,5,N
216,262.02,399.60,3,W,5,W
16,179.66,399.90,1,S,5,W
113,261.44,400.20,1,W,5,W
115,314.23,400.40,1,W,2,W
328,394.80,400.93,5,E,5,N
26,388.89,403.03,1,S,1,W
24,377.74,414.40,1,S,1,E
30,400.04,414.70,1,S,1,E
195,218.90,421.74,2,W,5,N
206,277.22,422.04,2,E,5,N
111,209.10,422.34,1,W,5,N
114,263.66,422.64,1,W,5,N
166,200.87,422.94,1,E,5,N
218,371.34,433.11,3,W,5,N
23,374.70,440.52,1,S,2,E
173,393.04,455.23,1,E,3,E
219,395.34,457.11,3,W,5,N
281,373.34,465.74,5,W,5,N
282,376.81,466.04,5,W,5,N
283,381.35,466.34,5,W,5,N
284,384.47,466.64,5,W,5,N
285,402.75,466.94,5,W,5,N
286,406.10,467.24,5,W,5,N
287,409.07,467.54,5,W,5,N
233,354.07,499.50,3,E,5,W
234,357.10,499.80,3,E,5,W
217,371.05,500.10,3,W,5,W
20,284.20,500.40,1,S,5,W
37,427.77,500.50,1,S,2,W
21,287.76,500.70,1,S,5,W
41,438.38,500.80,1,S,2,W
119,340.26,501.00,1,W,5,W
170,339.35,501.30,1,E,5,W
34,426.27,502.00,1,S,1,W
40,437.74,502.30,1,S,1,W
22,287.86,515.50,1,S,5,E
117,317.28,515.80,1,W,5,E
120,340.75,516.10,1,W,5,E
207,360.58,521.64,2,E,5,N
196,371.47,521.94,2,W,5,N
116,314.66,522.24,1,W,5,N
118,337.21,522.54,1,W,5,N
121,347.18,522.84,1,W,5,N
168,315.33,523.14,1,E,5,N
169,318.53,523.44,1,E,5,N
171,345.93,523.74,1,E,5,N
172,371.29,524.04,1,E,5,N
235,454.22,530.17,3,E,5,N
32,418.27,536.57,1,S,3,W
42,441.25,540.92,1,S,2,W
288,476.64,565.64,5,W,5,N
289,479.52,565.94,5,W,5,N
290,479.67,566.24,5,W,5,N
291,503.68,566.54,5,W,5,N
292,506.85,566.84,5,W,5,N
293,568.31,574.45,5,W,5,N
329,530.39,579.64,5,E,5,N
220,413.87,599.40,3,W,5,W
27,390.40,599.70,1,S,5,W
28,393.75,600.00,1,S,5,W
197,437.86,600.30,2,W,5,W
209,449.89,600.60,2,E,5,W
33,419.09,600.90,1,S,5,W
35,426.66,601.20,1,S,5,W
126,403.65,601.50,1,W,5,W
127,444.13,601.80,1,W,5,W
48,541.23,602.40,1,S,1,W
51,545.06,602.70,1,S,1,W
55,548.23,603.00,1,S,1,W
59,563.26,603.30,1,S,1,W
62,574.46,603.60,1,S,1,W
64,575.90,603.90,1,S,1,W
68,583.05,604.20,1,S,1,W
70,589.44,604.50,1,S,1,W
210,514.33,612.77,2,E,3,W
63,574.91,615.20,1,S,1,E
124,396.36,615.40,1,W,5,E
25,381.60,621.54,1,S,5,N
29,396.22,621.84,1,S,5,N
31,402.63,622.14,1,S,5,N
208,411.23,622.44,2,E,5,N
36,426.95,622.74,1,S,5,N
38,430.62,623.04,1,S,5,N
39,434.41,623.34,1,S,5,N
122,366.74,623.64,1,W,5,N
123,377.79,623.94,1,W,5,N
125,403.40,624.24,1,W,5,N
174,409.87,624.54,1,E,5,N
175,430.69,624.84,1,E,5,N
176,468.09,625.14,1,E,5,N
177,471.13,625.44,1,E,5,N
178,482.07,625.74,1,E,5,N
236,524.90,629.97,3,E,5,N
222,545.23,630.27,3,W,5,N
238,542.53,630.57,3,E,5,N
128,485.09,637.27,1,W,3,E
57,552.57,643.12,1,S,2,W
294,635.93,665.54,5,W,5,N
330,611.36,679.54,5,E,5,N
221,540.06,699.30,3,W,5,W
237,528.55,699.60,3,E,5,W
45,444.55,699.90,1,S,5,W
129,488.44,700.20,1,W,5,W
132,530.03,700.50,1,W,5,W
179,503.02,700.80,1,E,5,W
331,696.93,703.07,5,E,5,N
185,586.16,703.98,1,E,5,W
184,558.93,715.30,1,E,5,E
43,442.67,721.44,1,S,5,N
44,443.58,721.74,1,S,5,N
46,535.91,722.04,1,S,5,N
47,537.41,722.34,1,S,5,N
130,495.29,722.64,1,W,5,N
131,497.54,722.94,1,W,5,N
180,524.39,723.24,1,E,5,N
181,534.71,723.54,1,E,5,N
239,644.55,723.63,3,E,5,E
182,536.01,723.84,1,E,5,N
223,662.86,723.93,3,W,5,E
183,557.04,724.14,1,E,5,N
186,596.54,724.44,1,E,5,N
133,567.36,736.77,1,W,3,W
188,659.62,738.87,1,E,3,E
71,664.57,741.72,1,S,2,E
295,702.71,765.44,5,W,5,N
296,706.31,765.74,5,W,5,N
297,723.44,766.04,5,W,5,N
298,728.88,766.34,5,W,5,N
299,730.69,766.64,5,W,5,N
300,736.08,766.94,5,W,5,N
301,741.52,767.24,5,W,5,N
302,755.69,767.54,5,W,5,N
303,761.06,767.84,5,W,5,N
304,762.50,768.64,5,W,5,N
305,766.87,773.00,5,W,5,N
306,770.10,776.24,5,W,5,N
307,772.38,778.52,5,W,5,N
201,667.38,799.20,2,W,5,W
135,621.31,799.50,1,W,5,W
137,653.30,799.80,1,W,5,W
149,697.44,800.80,1,W,2,W
73,740.68,803.20,1,S,1,W
83,772.73,803.50,1,S,1,W
85,774.90,816.00,1,S,1,E
49,541.33,821.34,1,S,5,N
50,544.96,821.64,1,S,5,N
52,545.12,821.94,1,S,5,N
53,545.34,822.24,1,S,5,N
54,546.79,822.54,1,S,5,N
56,550.26,822.84,1,S,5,N
58,556.53,823.14,1,S,5,N
224,698.69,823.43,3,W,5,E
60,566.62,823.44,1,S,5,N
61,571.80,823.74,1,S,5,N
65,578.70,824.04,1,S,5,N
66,579.18,824.34,1,S,5,N
67,582.65,824.64,1,S,5,N
69,585.83,824.94,1,S,5,N
211,605.22,825.24,2,E,5,N
198,629.13,825.54,2,W,5,N
199,643.99,825.84,2,W,5,N
200,647.12,826.14,2,W,5,N
134,617.97,826.44,1,W,5,N
136,652.18,826.74,1,W,5,N
138,656.82,827.04,1,W,5,N
187,606.20,827.34,1,E,5,N
225,713.57,829.87,3,W,5,N
142,683.24,838.07,1,W,3,W
143,683.71,838.37,1,W,3,E
148,696.02,839.87,1,W,3,E
86,774.94,845.12,1,S,2,W
241,786.51,848.28,3,E,5,N
308,775.40,865.34,5,W,5,N
309,803.43,865.64,5,W,5,N
310,806.49,865.94,5,W,5,N
311,811.46,866.24,5,W,5,N
312,813.50,866.54,5,W,5,N
313,814.48,866.84,5,W,5,N
314,821.89,867.14,5,W,5,N
315,822.05,867.44,5,W,5,N
316,824.50,867.74,5,W,5,N
332,801.32,879.34,5,E,5,N
333,806.17,879.64,5,E,5,N
334,823.75,879.94,5,E,5,N
335,834.24,880.24,5,E,5,N
336,855.13,880.54,5,E,5,N
79,759.38,898.20,1,S,3,W
81,763.96,898.50,1,S,3,W
240,705.98,899.10,3,E,5,W
212,703.67,899.40,2,E,5,W
203,754.53,899.70,2,W,5,W
213,790.56,900.00,2,E,5,W
139,675.32,900.30,1,W,5,W
140,679.26,900.60,1,W,5,W
141,679.63,900.90,1,W,5,W
144,686.47,901.20,1,W,5,W
146,691.13,901.50,1,W,5,W
147,695.00,901.80,1,W,5,W
151,731.35,902.10,1,W,5,W
97,868.49,903.60,1,S,1,W
202,728.51,921.24,2,W,5,N
72,737.84,921.54,1,S,5,N
145,688.97,921.84,1,W,5,N
150,728.59,922.14,1,W,5,N
189,791.33,922.44,1,E,5,N
227,824.00,929.67,3,W,5,N
228,862.40,929.97,3,W,5,N
242,870.91,932.68,3,E,5,N
243,874.80,936.57,3,E,5,N
317,881.78,965.24,5,W,5,N
318,892.76,965.54,5,W,5,N
319,896.65,965.84,5,W,5,N
190,796.98,999.00,1,E,5,W
226,818.07,999.30,3,W,5,W
74,742.65,999.60,1,S,5,W
76,750.67,999.90,1,S,5,W
78,754.32,1000.20,1,S,5,W
82,771.16,1000.50,1,S,5,W
214,886.30,1000.80,2,E,5,W
88,783.12,1001.10,1,S,5,W
153,797.72,1001.40,1,W,5,W
193,889.26,1007.09,1,E,5,W
75,746.43,1015.00,1,S,5,E
87,780.54,1015.30,1,S,5,E
77,753.95,1021.14,1,S,5,N
80,760.64,1021.44,1,S,5,N
84,774.77,1021.74,1,S,5,N
89,784.90,1022.04,1,S,5,N
90,788.72,1022.34,1,S,5,N
91,791.69,1022.64,1,S,5,N
92,793.73,1022.94,1,S,5,N
93,797.28,1023.24,1,S,5,N
152,782.87,1023.54,1,W,5,N
154,830.81,1023.84,1,W,5,N
155,849.73,1024.14,1,W,5,N
156,852.33,1024.44,1,W,5,N
157,865.28,1024.74,1,W,5,N
191,842.61,1025.04,1,E,5,N
192,881.72,1025.34,1,E,5,N
94,856.96,1098.90,1,S,5,W
95,860.80,1114.90,1,S,5,E
96,862.54,1121.04,1,S,5,N