id,enter_time,exit_time,entrance_intersection,entrance_direction,exit_intersection,exit_direction
234,15.58,66.14,5,W,5,N
235,19.34,66.44,5,W,5,N
236,22.80,66.74,5,W,5,N
237,29.66,67.04,5,W,5,N
238,32.99,67.34,5,W,5,N
300,0.51,80.14,5,E,5,N
301,55.93,80.44,5,E,5,N
302,81.86,88.00,5,E,5,N
303,92.03,98.16,5,E,5,N
90,8.55,100.10,1,W,2,W
304,95.93,102.07,5,E,5,N
10,93.98,108.12,1,S,1,W
9,92.06,113.20,1,S,1,E
15,98.33,113.50,1,S,1,E
204,0.22,130.97,3,W,5,N
205,2.72,131.27,3,W,5,N
206,11.09,131.57,3,W,5,N
218,89.82,151.59,3,E,5,N
219,92.40,154.17,3,E,5,N
239,97.03,166.04,5,W,5,N
240,114.33,166.34,5,W,5,N
241,117.76,166.64,5,W,5,N
242,122.06,166.94,5,W,5,N
92,13.79,199.80,1,W,5,W
93,50.08,200.10,1,W,5,W
94,53.93,200.40,1,W,5,W
149,3.26,200.70,1,E,5,W
17,102.20,200.80,1,S,1,W
21,113.28,201.10,1,S,1,W
22,116.81,201.40,1,S,1,W
24,123.89,201.70,1,S,1,W
25,129.40,202.00,1,S,1,W
193,184.44,220.52,2,E,3,W
192,86.25,221.94,2,E,5,N
88,3.59,222.24,1,W,5,N
89,5.64,222.54,1,W,5,N
91,11.47,222.84,1,W,5,N
95,55.76,223.14,1,W,5,N
150,10.48,223.44,1,E,5,N
151,60.82,223.74,1,E,5,N
221,161.76,224.93,3,E,5,E
176,195.47,231.55,2,W,3,W
19,110.61,236.57,1,S,3,W
96,89.09,237.47,1,W,3,W
100,130.04,238.67,1,W,3,E
154,126.02,240.17,1,E,3,W
243,174.30,265.94,5,W,5,N
244,176.51,266.24,5,W,5,N
245,179.49,266.54,5,W,5,N
246,182.77,266.84,5,W,5,N
247,184.04,267.14,5,W,5,N
248,185.17,267.44,5,W,5,N
249,198.50,267.74,5,W,5,N
250,212.61,268.04,5,W,5,N
251,243.98,268.34,5,W,5,N
305,201.65,279.94,5,E,5,N
220,159.58,299.70,3,E,5,W
207,132.79,300.00,3,W,5,W
208,184.26,300.30,3,W,5,W
1,70.80,300.60,1,S,5,W
2,78.41,300.90,1,S,5,W
28,233.01,301.20,1,S,1,W
4,83.42,301.20,1,S,5,W
30,234.85,301.50,1,S,1,W
6,86.35,301.50,1,S,5,W
14,98.13,301.80,1,S,5,W
99,127.71,302.10,1,W,5,W
8,90.36,315.70,1,S,5,E
18,107.41,316.00,1,S,5,E
0,63.55,321.84,1,S,5,N
3,81.72,322.14,1,S,5,N
5,83.56,322.44,1,S,5,N
7,87.56,322.74,1,S,5,N
11,94.73,323.04,1,S,5,N
12,94.77,323.34,1,S,5,N
13,94.77,323.64,1,S,5,N
16,99.90,323.94,1,S,5,N
175,168.76,324.24,2,W,5,N
20,112.98,324.54,1,S,5,N
23,119.39,324.84,1,S,5,N
97,116.45,325.14,1,W,5,N
98,121.65,325.44,1,W,5,N
101,144.71,325.74,1,W,5,N
102,147.71,326.04,1,W,5,N
152,100.63,326.34,1,E,5,N
153,105.44,326.64,1,E,5,N
155,128.05,326.94,1,E,5,N
156,131.14,327.24,1,E,5,N
157,164.09,327.54,1,E,5,N
195,291.51,327.58,2,E,3,E
222,266.94,330.57,3,E,5,N
29,234.63,336.97,1,S,3,E
252,276.52,365.84,5,W,5,N
253,332.76,366.14,5,W,5,N
254,336.27,366.44,5,W,5,N
255,340.09,366.74,5,W,5,N
256,341.57,367.04,5,W,5,N
257,343.15,367.34,5,W,5,N
258,359.17,367.64,5,W,5,N
306,301.52,379.84,5,E,5,N
307,345.57,380.14,5,E,5,N
308,345.58,380.44,5,E,5,N
309,348.05,380.74,5,E,5,N
209,299.31,399.60,3,W,5,W
194,234.36,399.90,2,E,5,W
180,294.65,400.20,2,W,5,W
31,237.52,400.50,1,S,5,W
103,178.04,400.80,1,W,5,W
104,227.97,401.10,1,W,5,W
158,207.75,401.40,1,E,5,W
33,322.58,401.60,1,S,1,W
159,219.31,401.70,1,E,5,W
36,334.69,401.90,1,S,1,W
37,335.19,402.20,1,S,1,W
42,352.75,402.50,1,S,1,W
43,353.69,402.80,1,S,1,W
182,371.45,412.87,2,W,3,W
39,345.17,414.40,1,S,1,E
40,348.22,414.70,1,S,1,E
177,245.18,421.74,2,W,5,N
178,267.19,422.04,2,W,5,N
179,272.72,422.34,2,W,5,N
26,216.01,422.64,1,S,5,N
27,230.39,422.94,1,S,5,N
105,228.90,423.24,1,W,5,N
106,232.86,423.54,1,W,5,N
107,236.30,423.84,1,W,5,N
108,240.07,424.14,1,W,5,N
160,286.93,424.44,1,E,5,N
210,322.06,430.37,3,W,5,N
223,335.91,430.67,3,E,5,N
224,354.06,430.67,3,E,5,N
226,375.37,431.01,3,E,5,E
259,432.69,465.74,5,W,5,N
260,447.84,466.04,5,W,5,N
261,450.83,466.34,5,W,5,N
262,457.89,466.64,5,W,5,N
263,460.48,466.94,5,W,5,N
264,463.54,469.68,5,W,5,N
265,465.92,472.06,5,W,5,N
266,469.90,476.04,5,W,5,N
267,472.51,478.65,5,W,5,N
310,447.85,479.74,5,E,5,N
225,365.11,499.50,3,E,5,W
196,388.48,499.80,2,E,5,W
183,394.80,500.10,2,W,5,W
34,330.75,500.40,1,S,5,W
113,337.28,500.70,1,W,5,W
55,466.02,514.80,1,S,1,E
35,332.34,515.50,1,S,5,E
181,345.04,521.64,2,W,5,N
32,320.80,521.94,1,S,5,N
109,270.49,522.24,1,W,5,N
110,272.56,522.54,1,W,5,N
111,323.88,522.84,1,W,5,N
112,329.98,523.14,1,W,5,N
161,357.90,523.44,1,E,5,N
116,429.58,537.17,1,W,3,E
227,478.08,539.85,3,E,5,N
51,461.49,542.12,1,S,2,W
212,494.11,555.88,3,W,5,N
268,475.23,565.64,5,W,5,N
269,487.75,565.94,5,W,5,N
270,542.19,566.24,5,W,5,N
271,556.94,566.54,5,W,5,N
311,555.33,579.64,5,E,5,N
53,464.56,598.80,1,S,3,E
211,448.97,599.40,3,W,5,W
46,366.19,599.70,1,S,5,W
184,451.40,600.00,2,W,5,W
59,539.84,602.40,1,S,1,W
64,551.14,602.70,1,S,1,W
67,565.76,603.00,1,S,1,W
118,434.79,615.40,1,W,5,E
38,344.79,621.54,1,S,5,N
41,351.22,621.84,1,S,5,N
44,358.71,622.14,1,S,5,N
45,363.97,622.44,1,S,5,N
197,474.24,622.74,2,E,5,N
185,480.47,623.04,2,W,5,N
114,369.84,623.34,1,W,5,N
115,414.31,623.64,1,W,5,N
117,431.87,623.94,1,W,5,N
162,485.04,624.24,1,E,5,N
213,550.73,629.97,3,W,5,N
214,566.23,630.27,3,W,5,N
215,571.64,633.41,3,W,5,N
119,466.89,637.27,1,W,3,W
272,581.26,665.54,5,W,5,N
273,583.03,665.84,5,W,5,N
274,585.00,666.14,5,W,5,N
275,585.91,666.44,5,W,5,N
276,586.01,666.74,5,W,5,N
277,587.36,667.04,5,W,5,N
278,587.89,667.34,5,W,5,N
279,624.89,667.64,5,W,5,N
280,627.74,667.94,5,W,5,N
281,648.04,668.24,5,W,5,N
282,649.20,668.54,5,W,5,N
283,666.92,673.05,5,W,5,N
312,599.56,679.54,5,E,5,N
313,682.88,689.02,5,E,5,N
163,496.61,699.30,1,E,5,W
228,571.83,699.60,3,E,5,W
229,575.52,699.90,3,E,5,W
47,451.17,700.20,1,S,5,W
57,533.01,700.50,1,S,5,W
70,612.04,700.70,1,S,2,W
121,481.33,700.80,1,W,5,W
122,483.70,701.10,1,W,5,W
124,550.26,701.40,1,W,5,W
127,565.27,701.70,1,W,5,W
69,609.89,702.80,1,S,1,W
48,454.86,721.44,1,S,5,N
49,456.80,721.74,1,S,5,N
50,459.46,722.04,1,S,5,N
52,463.86,722.34,1,S,5,N
54,465.98,722.64,1,S,5,N
56,466.69,722.94,1,S,5,N
198,572.55,723.24,2,E,5,N
58,536.64,723.54,1,S,5,N
120,474.51,723.84,1,W,5,N
123,528.85,724.14,1,W,5,N
125,551.08,724.44,1,W,5,N
126,561.62,724.74,1,W,5,N
164,571.51,725.04,1,E,5,N
165,577.93,725.34,1,E,5,N
72,683.67,741.72,1,S,2,E
230,690.25,752.02,3,E,5,N
284,693.24,765.44,5,W,5,N
285,709.68,765.74,5,W,5,N
286,712.97,766.04,5,W,5,N
287,728.45,766.34,5,W,5,N
288,731.44,766.64,5,W,5,N
289,747.77,766.94,5,W,5,N
290,752.32,767.24,5,W,5,N
314,787.24,793.38,5,E,5,N
60,539.88,799.20,1,S,5,W
61,542.31,799.50,1,S,5,W
62,544.63,799.80,1,S,5,W
63,547.26,800.10,1,S,5,W
68,569.12,800.40,1,S,5,W
199,648.55,800.70,2,E,5,W
189,696.37,801.00,2,W,5,W
129,572.44,801.30,1,W,5,W
131,581.45,801.60,1,W,5,W
132,599.99,801.90,1,W,5,W
134,663.22,802.20,1,W,5,W
166,613.40,802.50,1,E,5,W
65,555.77,821.34,1,S,5,N
66,563.51,821.64,1,S,5,N
186,643.38,821.94,2,W,5,N
187,643.83,822.24,2,W,5,N
200,670.08,822.54,2,E,5,N
188,673.34,822.84,2,W,5,N
71,616.94,823.14,1,S,5,N
128,568.55,823.44,1,W,5,N
130,578.35,823.74,1,W,5,N
133,633.56,824.04,1,W,5,N
216,706.78,829.57,3,W,5,N
167,708.91,838.07,1,E,3,W
80,759.29,843.02,1,S,2,W
81,761.57,843.32,1,S,2,W
85,832.36,846.49,1,S,1,E
231,790.04,851.81,3,E,5,N
291,811.68,865.34,5,W,5,N
292,818.62,865.64,5,W,5,N
293,840.45,865.94,5,W,5,N
294,845.77,866.24,5,W,5,N
295,847.95,866.54,5,W,5,N
296,850.24,866.84,5,W,5,N
297,865.26,871.40,5,W,5,N
315,809.73,879.34,5,E,5,N
316,813.62,879.64,5,E,5,N
317,838.73,879.94,5,E,5,N
318,887.52,893.65,5,E,5,N
201,755.00,899.10,2,E,5,W
190,743.47,899.40,2,W,5,W
202,775.09,899.70,2,E,5,W
136,707.43,900.00,1,W,5,W
168,712.56,900.30,1,E,5,W
169,721.13,900.60,1,E,5,W
319,897.85,903.98,5,E,5,N
191,817.18,913.07,2,W,3,E
73,686.85,921.24,1,S,5,N
74,691.23,921.54,1,S,5,N
75,695.05,921.84,1,S,5,N
76,695.30,922.14,1,S,5,N
135,690.06,922.44,1,W,5,N
137,743.86,922.74,1,W,5,N
138,744.29,923.04,1,W,5,N
170,767.79,923.34,1,E,5,N
171,771.12,923.64,1,E,5,N
233,835.11,929.67,3,E,5,N
144,811.13,939.67,1,W,3,W
298,883.01,965.24,5,W,5,N
299,883.45,965.54,5,W,5,N
232,822.48,999.00,3,E,5,W
217,841.73,999.30,3,W,5,W
77,756.67,999.60,1,S,5,W
203,874.48,999.90,2,E,5,W
84,831.92,1000.20,1,S,5,W
87,837.20,1000.50,1,S,5,W
82,762.39,1015.00,1,S,5,E
78,757.61,1021.14,1,S,5,N
79,757.63,1021.44,1,S,5,N
83,823.66,1021.74,1,S,5,N
86,836.09,1022.04,1,S,5,N
139,774.13,1022.34,1,W,5,N
140,777.89,1022.64,1,W,5,N
141,779.64,1022.94,1,W,5,N
142,780.29,1023.24,1,W,5,N
143,782.27,1023.54,1,W,5,N
145,814.10,1023.84,1,W,5,N
146,821.23,1024.14,1,W,5,N
147,824.35,1024.44,1,W,5,N
172,817.07,1024.74,1,E,5,N
173,840.04,1025.04,1,E,5,N
174,879.12,1025.34,1,E,5,N
148,875.51,1098.90,1,W,5,W