id,enter_time,exit_time,entrance_intersection,entrance_direction,exit_intersection,exit_direction
1,4.17,18.30,1,S,1,E
4,10.45,24.59,1,S,1,E
5,11.07,25.20,1,S,1,E
214,15.58,66.14,5,W,5,N
215,27.88,66.44,5,W,5,N
216,30.16,66.74,5,W,5,N
217,34.88,67.04,5,W,5,N
218,40.05,67.34,5,W,5,N
0,1.38,99.80,1,S,3,W
112,35.16,100.10,1,E,2,E
9,29.41,137.67,1,S,3,W
219,111.51,166.04,5,W,5,N
220,115.12,166.34,5,W,5,N
221,117.04,166.64,5,W,5,N
222,132.52,166.94,5,W,5,N
223,135.70,167.24,5,W,5,N
224,138.60,167.54,5,W,5,N
225,141.62,167.84,5,W,5,N
226,157.07,168.14,5,W,5,N
227,159.44,168.44,5,W,5,N
228,162.63,168.77,5,W,5,N
229,163.26,169.39,5,W,5,N
230,167.10,173.23,5,W,5,N
231,168.74,174.88,5,W,5,N
232,171.30,177.44,5,W,5,N
277,135.56,180.04,5,E,5,N
278,169.07,180.34,5,E,5,N
197,3.58,199.80,3,E,5,W
198,97.93,200.10,3,E,5,W
58,97.92,200.20,1,W,2,W
3,10.27,200.40,1,S,5,W
10,29.66,200.70,1,S,5,W
14,162.29,200.80,1,S,1,W
111,29.72,201.00,1,E,5,W
113,47.19,201.30,1,E,5,W
149,76.60,221.94,2,W,5,N
170,80.72,222.24,2,E,5,N
2,10.13,222.54,1,S,5,N
6,17.65,222.84,1,S,5,N
7,27.05,223.14,1,S,5,N
8,27.83,223.44,1,S,5,N
55,13.89,223.74,1,W,5,N
56,60.97,224.04,1,W,5,N
57,64.47,224.34,1,W,5,N
108,12.48,224.64,1,E,5,N
109,15.89,224.94,1,E,5,N
110,24.74,225.24,1,E,5,N
114,52.67,225.54,1,E,5,N
182,129.24,230.77,3,W,5,N
63,133.36,237.47,1,W,3,E
233,188.17,265.94,5,W,5,N
234,190.69,266.24,5,W,5,N
235,204.13,266.54,5,W,5,N
236,207.12,266.84,5,W,5,N
237,243.72,267.14,5,W,5,N
238,244.92,267.44,5,W,5,N
239,245.66,267.74,5,W,5,N
240,249.12,268.04,5,W,5,N
241,252.28,268.34,5,W,5,N
242,257.94,268.64,5,W,5,N
243,261.33,268.94,5,W,5,N
13,159.63,299.40,1,S,3,W
183,141.93,299.70,3,W,5,W
11,94.16,300.00,1,S,5,W
171,173.90,300.30,2,E,5,W
59,112.56,300.60,1,W,5,W
64,164.20,315.70,1,W,5,E
60,113.76,321.84,1,W,5,N
61,117.53,322.14,1,W,5,N
62,130.66,322.44,1,W,5,N
115,105.06,322.74,1,E,5,N
116,161.90,323.04,1,E,5,N
117,181.21,323.34,1,E,5,N
199,211.06,324.43,3,E,5,E
184,278.04,333.67,3,W,5,E
71,254.93,338.17,1,W,3,W
244,291.29,365.84,5,W,5,N
245,333.77,366.14,5,W,5,N
246,367.83,373.96,5,W,5,N
247,370.72,376.86,5,W,5,N
279,303.57,379.84,5,E,5,N
185,284.89,399.60,3,W,5,W
15,163.92,399.90,1,S,5,W
16,166.92,400.20,1,S,5,W
73,306.49,400.40,1,W,2,W
25,336.97,400.40,1,S,2,E
150,246.59,400.50,2,W,5,W
152,285.23,400.80,2,W,5,W
65,166.78,401.10,1,W,5,W
118,202.35,401.40,1,E,5,W
24,335.07,401.60,1,S,1,W
119,276.27,401.70,1,E,5,W
27,339.05,401.90,1,S,1,W
29,342.23,402.20,1,S,1,W
12,156.01,415.60,1,S,5,E
17,172.64,421.74,1,S,5,N
18,173.76,422.04,1,S,5,N
172,268.45,422.34,2,E,5,N
151,258.66,422.64,2,W,5,N
66,205.64,422.94,1,W,5,N
67,206.12,423.24,1,W,5,N
68,216.62,423.54,1,W,5,N
69,219.68,423.84,1,W,5,N
70,251.77,424.14,1,W,5,N
74,337.76,437.37,1,W,3,E
124,358.02,439.17,1,E,3,W
186,393.86,455.63,3,W,5,N
248,415.00,465.74,5,W,5,N
249,470.12,476.25,5,W,5,N
280,405.00,479.74,5,E,5,N
281,409.21,480.04,5,E,5,N
282,410.50,480.34,5,E,5,N
283,420.19,480.64,5,E,5,N
284,435.46,480.94,5,E,5,N
200,315.65,499.50,3,E,5,W
201,317.99,499.80,3,E,5,W
202,331.92,500.10,3,E,5,W
22,330.69,500.40,1,S,5,W
23,332.83,500.70,1,S,5,W
72,301.28,501.00,1,W,5,W
122,350.58,501.30,1,E,5,W
125,374.91,501.60,1,E,5,W
20,245.53,515.50,1,S,5,E
153,311.57,515.80,2,W,5,E
155,341.89,516.10,2,W,5,E
123,354.07,516.40,1,E,5,E
19,242.53,521.64,1,S,5,N
21,247.95,521.94,1,S,5,N
173,336.41,522.24,2,E,5,N
154,341.10,522.54,2,W,5,N
156,382.70,522.84,2,W,5,N
75,341.05,523.14,1,W,5,N
120,315.86,523.44,1,E,5,N
175,487.45,523.53,2,E,3,W
121,321.36,523.74,1,E,5,N
126,385.67,524.04,1,E,5,N
187,403.20,530.17,3,W,5,N
188,446.26,530.47,3,W,5,N
250,511.20,565.64,5,W,5,N
251,528.77,565.94,5,W,5,N
252,544.05,566.24,5,W,5,N
253,546.22,566.54,5,W,5,N
254,550.39,566.84,5,W,5,N
255,553.30,567.14,5,W,5,N
256,555.44,567.44,5,W,5,N
257,557.77,567.74,5,W,5,N
258,572.52,578.66,5,W,5,N
285,530.21,579.64,5,E,5,N
32,442.18,598.80,1,S,3,E
31,441.76,598.80,1,S,3,W
203,419.51,599.40,3,E,5,W
189,467.21,599.70,3,W,5,W
174,419.64,600.00,2,E,5,W
158,486.16,600.30,2,W,5,W
76,372.23,600.60,1,W,5,W
83,548.19,600.60,1,W,2,W
127,445.11,600.90,1,E,5,W
128,450.43,601.20,1,E,5,W
130,480.02,601.50,1,E,5,W
36,581.46,602.40,1,S,1,W
38,585.67,602.70,1,S,1,W
26,338.45,621.54,1,S,5,N
28,342.11,621.84,1,S,5,N
157,426.03,622.14,2,W,5,N
30,437.96,622.44,1,S,5,N
77,420.68,622.74,1,W,5,N
78,446.58,623.04,1,W,5,N
79,448.78,623.34,1,W,5,N
129,461.71,623.64,1,E,5,N
204,504.15,629.97,3,E,5,N
190,511.88,630.27,3,W,5,N
206,574.44,636.21,3,E,5,N
132,591.93,654.11,1,E,3,W
208,592.63,654.40,3,E,5,N
259,644.62,665.54,5,W,5,N
260,646.79,665.84,5,W,5,N
261,668.42,674.56,5,W,5,N
286,679.99,686.12,5,E,5,N
205,506.99,699.30,3,E,5,W
207,576.81,699.60,3,E,5,W
33,503.65,699.90,1,S,5,W
82,515.24,700.20,1,W,5,W
41,665.25,702.80,1,S,1,W
43,668.15,703.10,1,S,1,W
80,480.37,715.30,1,W,5,E
81,482.08,715.60,1,W,5,E
159,513.62,721.44,2,W,5,N
176,513.11,721.74,2,E,5,N
177,594.52,722.04,2,E,5,N
131,536.68,722.34,1,E,5,N
209,664.87,729.77,3,E,5,N
193,676.22,737.99,3,W,5,N
46,675.92,743.22,1,S,2,W
135,686.44,748.63,1,E,3,E
262,708.84,765.44,5,W,5,N
263,711.25,765.74,5,W,5,N
264,715.02,766.04,5,W,5,N
265,718.97,766.34,5,W,5,N
266,733.27,766.64,5,W,5,N
267,752.45,766.94,5,W,5,N
287,779.57,785.70,5,E,5,N
44,671.36,798.40,1,S,3,W
191,633.62,799.20,3,W,5,W
192,645.26,799.50,3,W,5,W
194,678.90,799.80,3,W,5,W
85,609.94,800.10,1,W,5,W
86,612.03,800.40,1,W,5,W
137,764.68,800.80,1,E,2,W
179,738.46,812.97,2,E,3,W
133,629.21,815.20,1,E,5,E
134,668.48,815.50,1,E,5,E
34,579.41,821.34,1,S,5,N
35,579.48,821.64,1,S,5,N
37,584.53,821.94,1,S,5,N
160,673.56,822.24,2,W,5,N
178,676.58,822.54,2,E,5,N
84,578.43,822.84,1,W,5,N
87,630.27,823.14,1,W,5,N
136,698.62,823.44,1,E,5,N
141,798.02,824.14,1,E,2,W
195,786.82,842.45,3,W,5,E
211,784.34,846.11,3,E,5,N
268,832.90,865.34,5,W,5,N
269,835.25,865.64,5,W,5,N
270,849.54,865.94,5,W,5,N
271,854.61,866.24,5,W,5,N
272,855.43,866.54,5,W,5,N
273,858.52,866.84,5,W,5,N
274,859.06,867.14,5,W,5,N
275,861.80,867.94,5,W,5,N
210,782.13,899.10,3,E,5,W
39,660.72,899.40,1,S,5,W
42,668.02,899.70,1,S,5,W
180,797.95,900.00,2,E,5,W
89,669.73,900.30,1,W,5,W
91,690.05,900.60,1,W,5,W
92,697.72,900.90,1,W,5,W
49,835.95,900.90,1,S,2,W
94,705.73,901.20,1,W,5,W
95,715.76,901.50,1,W,5,W
53,847.22,903.60,1,S,1,W
40,663.69,921.24,1,S,5,N
45,673.17,921.54,1,S,5,N
161,723.24,921.84,2,W,5,N
162,751.77,922.14,2,W,5,N
163,751.82,922.44,2,W,5,N
164,756.42,922.74,2,W,5,N
165,759.73,923.04,2,W,5,N
166,789.62,923.34,2,W,5,N
88,667.48,923.64,1,W,5,N
90,682.94,923.94,1,W,5,N
93,701.24,924.24,1,W,5,N
96,738.53,924.54,1,W,5,N
97,741.11,924.84,1,W,5,N
98,757.90,925.14,1,W,5,N
138,770.84,925.44,1,E,5,N
139,776.32,925.74,1,E,5,N
140,792.86,926.04,1,E,5,N
212,848.02,929.37,3,E,5,N
196,841.57,929.67,3,W,5,N
213,850.88,929.97,3,E,5,N
102,837.38,938.47,1,W,3,E
276,877.70,965.24,5,W,5,N
167,844.75,999.00,2,W,5,W
168,871.48,999.30,2,W,5,W
181,881.27,999.60,2,E,5,W
143,809.56,999.90,1,E,5,W
144,844.62,1000.20,1,E,5,W
48,832.16,1015.00,1,S,5,E
145,849.03,1015.30,1,E,5,E
47,770.04,1021.14,1,S,5,N
169,892.90,1021.44,2,W,5,N
50,837.70,1021.74,1,S,5,N
99,790.93,1022.04,1,W,5,N
100,798.80,1022.34,1,W,5,N
101,830.32,1022.64,1,W,5,N
103,854.98,1022.94,1,W,5,N
142,803.72,1023.24,1,E,5,N
146,888.32,1023.54,1,E,5,N
147,893.41,1023.84,1,E,5,N
148,897.61,1024.14,1,E,5,N
52,846.85,1098.90,1,S,5,W
104,885.68,1099.20,1,W,5,W
105,886.68,1099.50,1,W,5,W
106,889.36,1099.80,1,W,5,W
51,840.74,1121.04,1,S,5,N
54,896.16,1121.34,1,S,5,N
107,899.59,1121.64,1,W,5,N