id,enter_time,exit_time,entrance_intersection,entrance_direction,exit_intersection,exit_direction
2,9.45,23.59,1,S,1,E
8,19.44,33.57,1,S,1,E
320,2.72,66.14,5,W,5,N
321,4.12,66.44,5,W,5,N
322,7.26,66.74,5,W,5,N
323,39.42,67.04,5,W,5,N
324,41.52,67.34,5,W,5,N
4,13.47,100.40,1,S,1,W
10,21.09,100.70,1,S,1,W
25,73.99,101.00,1,S,1,W
17,42.43,113.20,1,S,1,E
24,68.00,113.50,1,S,1,E
26,75.38,113.80,1,S,1,E
27,75.42,114.10,1,S,1,E
29,92.13,114.40,1,S,1,E
284,42.82,130.97,3,W,5,N
156,48.67,139.47,1,W,3,E
157,50.64,139.77,1,W,3,W
159,57.32,140.37,1,W,3,E
20,58.11,140.52,1,S,2,W
325,74.96,166.04,5,W,5,N
326,75.53,166.34,5,W,5,N
327,79.35,166.64,5,W,5,N
328,85.05,166.94,5,W,5,N
329,88.82,167.24,5,W,5,N
330,155.27,167.54,5,W,5,N
331,156.28,167.84,5,W,5,N
332,158.44,168.14,5,W,5,N
394,100.89,180.04,5,E,5,N
395,102.73,180.34,5,E,5,N
396,119.54,180.64,5,E,5,N
16,40.26,199.60,1,S,3,E
299,63.95,199.80,3,E,5,W
285,68.20,200.10,3,W,5,W
160,95.41,200.20,1,W,2,W
0,1.03,200.40,1,S,5,W
161,96.99,200.50,1,W,2,W
271,20.57,200.70,2,E,5,W
34,141.50,200.80,1,S,1,W
247,26.35,201.00,2,W,5,W
35,142.11,201.10,1,S,1,W
6,17.62,201.30,1,S,5,W
45,158.53,201.40,1,S,1,W
9,20.52,201.60,1,S,5,W
46,159.75,201.70,1,S,1,W
11,21.97,201.90,1,S,5,W
47,160.87,202.00,1,S,1,W
154,36.06,202.20,1,W,5,W
155,41.21,202.50,1,W,5,W
158,54.08,202.80,1,W,5,W
33,141.49,213.60,1,S,1,E
38,147.04,213.90,1,S,1,E
1,3.63,221.94,1,S,5,N
248,48.52,222.24,2,W,5,N
249,92.17,222.54,2,W,5,N
3,12.29,222.84,1,S,5,N
5,16.05,223.14,1,S,5,N
7,19.17,223.44,1,S,5,N
12,24.19,223.74,1,S,5,N
13,24.25,224.04,1,S,5,N
14,33.91,224.34,1,S,5,N
301,145.74,231.07,3,E,5,N
31,136.65,236.27,1,S,3,E
286,184.88,246.65,3,W,5,N
220,188.44,250.63,1,E,3,W
333,221.29,265.94,5,W,5,N
334,223.78,266.24,5,W,5,N
335,225.51,266.54,5,W,5,N
336,229.65,266.84,5,W,5,N
337,231.77,267.14,5,W,5,N
338,234.62,267.44,5,W,5,N
339,237.50,267.74,5,W,5,N
340,237.79,268.04,5,W,5,N
341,240.69,268.34,5,W,5,N
342,245.20,268.64,5,W,5,N
397,265.66,279.94,5,E,5,N
398,277.86,284.00,5,E,5,N
41,150.24,299.40,1,S,3,E
42,153.48,299.70,1,S,3,E
300,143.48,299.70,3,E,5,W
19,50.56,300.00,1,S,5,W
174,253.54,300.30,1,W,2,W
57,222.86,300.30,1,S,2,E
21,62.01,300.30,1,S,5,W
30,94.76,300.60,1,S,5,W
165,154.63,300.90,1,W,5,W
53,217.21,301.20,1,S,1,W
218,115.54,301.20,1,E,5,W
60,230.76,301.50,1,S,1,W
18,50.07,315.70,1,S,5,E
15,37.50,321.84,1,S,5,N
22,65.72,322.14,1,S,5,N
23,67.34,322.44,1,S,5,N
28,76.45,322.74,1,S,5,N
272,118.54,323.04,2,E,5,N
250,118.16,323.34,2,W,5,N
251,144.93,323.64,2,W,5,N
162,100.69,323.94,1,W,5,N
163,102.79,324.24,1,W,5,N
164,144.36,324.54,1,W,5,N
166,157.50,324.84,1,W,5,N
167,159.85,325.14,1,W,5,N
219,122.28,325.44,1,E,5,N
303,254.57,330.87,3,E,5,N
288,256.57,331.17,3,W,5,N
175,254.36,341.17,1,W,3,W
71,327.64,341.78,1,S,1,E
74,338.07,352.21,1,S,1,E
305,293.49,355.26,3,E,5,N
343,277.88,365.84,5,W,5,N
344,282.66,366.14,5,W,5,N
345,285.86,366.44,5,W,5,N
346,339.19,366.74,5,W,5,N
347,341.30,367.04,5,W,5,N
348,350.34,367.34,5,W,5,N
349,353.35,367.64,5,W,5,N
350,353.82,367.94,5,W,5,N
351,357.30,368.24,5,W,5,N
352,370.02,376.16,5,W,5,N
399,316.99,379.84,5,E,5,N
302,220.91,399.60,3,E,5,W
287,226.78,399.90,3,W,5,W
304,257.99,400.20,3,E,5,W
180,307.60,400.40,1,W,2,W
306,296.91,400.50,3,E,5,W
227,331.58,400.70,1,E,2,W
36,145.88,400.80,1,S,5,W
37,146.30,401.10,1,S,5,W
48,164.77,401.40,1,S,5,W
253,260.40,401.70,2,W,5,W
254,282.81,402.00,2,W,5,W
55,221.49,402.30,1,S,5,W
59,227.03,402.60,1,S,5,W
169,200.57,402.90,1,W,5,W
171,240.75,403.20,1,W,5,W
221,223.95,403.50,1,E,5,W
225,256.29,403.80,1,E,5,W
32,139.96,421.74,1,S,5,N
39,147.14,422.04,1,S,5,N
40,147.78,422.34,1,S,5,N
43,155.56,422.64,1,S,5,N
44,156.17,422.94,1,S,5,N
49,164.86,423.24,1,S,5,N
252,213.06,423.54,2,W,5,N
273,205.50,423.84,2,E,5,N
274,294.35,424.14,2,E,5,N
50,212.77,424.44,1,S,5,N
51,216.42,424.74,1,S,5,N
52,216.89,425.04,1,S,5,N
54,217.97,425.34,1,S,5,N
56,222.43,425.64,1,S,5,N
58,225.34,425.94,1,S,5,N
61,232.45,426.24,1,S,5,N
62,234.91,426.54,1,S,5,N
168,173.98,426.84,1,W,5,N
170,234.11,427.14,1,W,5,N
172,248.13,427.44,1,W,5,N
173,250.94,427.74,1,W,5,N
222,226.75,428.04,1,E,5,N
223,248.30,428.34,1,E,5,N
224,252.79,428.64,1,E,5,N
307,360.55,430.37,3,E,5,N
308,374.86,436.63,3,E,5,N
309,377.70,439.47,3,E,5,N
182,354.76,440.67,1,W,3,E
310,389.19,450.96,3,E,5,N
289,391.84,453.61,3,W,5,N
353,436.37,465.74,5,W,5,N
354,437.49,466.04,5,W,5,N
355,438.02,466.34,5,W,5,N
356,443.93,466.64,5,W,5,N
400,448.04,479.74,5,E,5,N
82,370.79,499.00,1,S,3,E
226,294.53,499.50,1,E,5,W
275,351.70,499.80,2,E,5,W
64,305.34,500.10,1,S,5,W
65,307.63,500.40,1,S,5,W
72,331.22,500.70,1,S,5,W
229,350.90,501.00,1,E,5,W
91,475.26,502.00,1,S,1,W
93,478.32,502.30,1,S,1,W
83,457.13,514.80,1,S,1,E
67,312.73,515.50,1,S,5,E
177,270.69,515.80,1,W,5,E
63,302.40,521.64,1,S,5,N
255,307.88,521.94,2,W,5,N
256,334.84,522.24,2,W,5,N
257,379.13,522.54,2,W,5,N
66,308.78,522.84,1,S,5,N
68,314.30,523.14,1,S,5,N
69,318.25,523.44,1,S,5,N
70,324.23,523.74,1,S,5,N
311,405.20,524.03,3,E,5,E
73,334.81,524.04,1,S,5,N
176,267.86,524.34,1,W,5,N
178,274.21,524.64,1,W,5,N
179,289.30,524.94,1,W,5,N
181,352.06,525.24,1,W,5,N
228,350.16,525.54,1,E,5,N
230,389.46,525.84,1,E,5,N
312,419.34,530.47,3,E,5,N
313,458.82,530.77,3,E,5,N
88,469.99,542.12,1,S,2,W
357,474.60,565.64,5,W,5,N
358,477.90,565.94,5,W,5,N
359,481.17,566.24,5,W,5,N
360,483.41,566.54,5,W,5,N
361,499.29,566.84,5,W,5,N
362,500.52,567.14,5,W,5,N
363,503.47,567.44,5,W,5,N
364,508.50,567.74,5,W,5,N
365,508.76,568.04,5,W,5,N
366,511.27,568.34,5,W,5,N
401,584.10,590.24,5,E,5,N
80,363.92,599.40,1,S,5,W
276,413.23,599.70,2,E,5,W
187,461.60,600.00,1,W,5,W
188,464.04,600.30,1,W,5,W
231,421.63,600.60,1,E,5,W
189,481.74,600.60,1,W,2,W
232,424.94,600.90,1,E,5,W
402,595.63,601.77,5,E,5,N
97,547.95,602.40,1,S,1,W
259,501.91,612.77,2,W,3,W
75,349.17,621.54,1,S,5,N
76,351.47,621.84,1,S,5,N
77,354.40,622.14,1,S,5,N
78,358.25,622.44,1,S,5,N
79,360.13,622.74,1,S,5,N
81,366.56,623.04,1,S,5,N
258,442.91,623.34,2,W,5,N
183,400.54,623.64,1,W,5,N
184,436.14,623.94,1,W,5,N
185,436.60,624.24,1,W,5,N
186,457.80,624.54,1,W,5,N
233,477.74,624.84,1,E,5,N
314,552.94,629.97,3,E,5,N
291,542.85,630.27,3,W,5,N
315,569.19,630.96,3,E,5,N
292,580.44,642.21,3,W,5,N
367,587.59,665.54,5,W,5,N
368,591.96,665.84,5,W,5,N
369,594.22,666.14,5,W,5,N
370,595.92,666.44,5,W,5,N
371,598.30,666.74,5,W,5,N
372,616.20,667.04,5,W,5,N
403,681.16,687.30,5,E,5,N
290,531.25,699.30,3,W,5,W
86,466.34,699.60,1,S,5,W
92,475.38,699.90,1,S,5,W
96,482.33,700.20,1,S,5,W
260,550.64,700.50,2,W,5,W
237,641.57,700.70,1,E,2,W
278,584.78,700.80,2,E,5,W
262,596.90,701.10,2,W,5,W
192,543.39,701.40,1,W,5,W
193,545.00,701.70,1,W,5,W
235,584.28,702.11,1,E,5,W
279,675.25,712.87,2,E,3,W
234,576.91,715.30,1,E,5,E
84,460.79,721.44,1,S,5,N
85,463.28,721.74,1,S,5,N
87,467.11,722.04,1,S,5,N
89,473.60,722.34,1,S,5,N
90,475.12,722.64,1,S,5,N
94,479.20,722.94,1,S,5,N
95,481.15,723.24,1,S,5,N
277,503.22,723.54,2,E,5,N
261,571.10,723.84,2,W,5,N
190,489.08,724.14,1,W,5,N
191,523.54,724.44,1,W,5,N
316,636.72,729.77,3,E,5,N
112,727.51,741.64,1,S,1,E
293,683.26,745.03,3,W,5,N
373,682.39,765.44,5,W,5,N
374,706.57,765.74,5,W,5,N
375,711.28,766.04,5,W,5,N
376,713.64,766.34,5,W,5,N
377,728.75,766.64,5,W,5,N
378,729.84,766.94,5,W,5,N
379,733.86,767.24,5,W,5,N
380,734.11,767.54,5,W,5,N
381,736.62,767.84,5,W,5,N
382,757.29,768.14,5,W,5,N
404,772.65,779.44,5,E,5,N
405,783.65,789.78,5,E,5,N
406,786.70,792.84,5,E,5,N
294,689.77,799.20,3,W,5,W
264,667.13,799.50,2,W,5,W
100,624.83,799.80,1,S,5,W
108,721.17,800.80,1,S,2,W
200,694.90,801.10,1,W,2,W
107,719.05,803.20,1,S,1,W
120,743.82,803.50,1,S,1,W
121,747.62,803.80,1,S,1,W
280,772.72,812.97,2,E,3,W
98,558.34,821.34,1,S,5,N
263,664.03,821.64,2,W,5,N
99,622.76,821.94,1,S,5,N
194,575.53,822.24,1,W,5,N
195,583.10,822.54,1,W,5,N
196,598.65,822.84,1,W,5,N
197,624.95,823.14,1,W,5,N
198,631.68,823.44,1,W,5,N
199,663.57,823.74,1,W,5,N
236,603.59,824.04,1,E,5,N
317,704.61,829.57,3,E,5,N
110,724.76,838.67,1,S,3,W
204,713.84,841.67,1,W,3,W
295,792.63,854.40,3,W,5,N
383,791.45,865.34,5,W,5,N
384,793.45,865.64,5,W,5,N
385,796.27,865.94,5,W,5,N
386,814.51,866.24,5,W,5,N
387,817.38,866.54,5,W,5,N
388,820.52,866.84,5,W,5,N
407,878.74,884.88,5,E,5,N
104,711.98,899.10,1,S,5,W
113,728.87,899.40,1,S,5,W
116,738.63,899.70,1,S,5,W
202,700.57,900.00,1,W,5,W
203,706.69,900.30,1,W,5,W
205,745.18,900.60,1,W,5,W
206,747.97,900.90,1,W,5,W
215,850.05,900.90,1,W,2,W
208,764.50,901.20,1,W,5,W
239,744.40,901.50,1,E,5,W
241,772.85,901.80,1,E,5,W
243,784.39,902.21,1,E,5,W
128,826.57,903.60,1,S,1,W
131,837.56,903.90,1,S,1,W
134,854.37,904.20,1,S,1,W
140,861.66,904.50,1,S,1,W
144,870.88,904.80,1,S,1,W
146,873.82,905.10,1,S,1,W
151,881.77,905.40,1,S,1,W
138,860.03,916.40,1,S,1,E
139,860.79,916.70,1,S,1,E
101,689.95,921.24,1,S,5,N
265,745.65,921.54,2,W,5,N
266,761.92,921.84,2,W,5,N
267,787.62,922.14,2,W,5,N
268,791.34,922.44,2,W,5,N
102,705.81,922.74,1,S,5,N
103,708.83,923.04,1,S,5,N
105,714.86,923.34,1,S,5,N
106,718.25,923.64,1,S,5,N
109,723.65,923.94,1,S,5,N
111,727.49,924.24,1,S,5,N
114,731.59,924.54,1,S,5,N
115,735.37,924.84,1,S,5,N
117,738.87,925.14,1,S,5,N
201,697.52,925.44,1,W,5,N
207,751.46,925.74,1,W,5,N
209,765.48,926.04,1,W,5,N
238,735.05,926.34,1,E,5,N
240,766.23,926.64,1,E,5,N
242,772.95,926.94,1,E,5,N
319,873.29,928.92,3,E,5,E
318,810.45,929.37,3,E,5,N
296,835.08,929.67,3,W,5,N
129,829.59,937.87,1,S,3,E
141,862.52,944.02,1,S,2,W
389,889.69,965.24,5,W,5,N
390,892.48,965.54,5,W,5,N
391,896.86,965.84,5,W,5,N
392,898.64,966.14,5,W,5,N
393,899.94,966.44,5,W,5,N
297,837.75,999.00,3,W,5,W
298,886.90,999.30,3,W,5,W
122,749.69,999.60,1,S,5,W
269,839.09,999.90,2,W,5,W
281,830.42,1000.20,2,E,5,W
125,807.90,1000.50,1,S,5,W
127,815.80,1000.80,1,S,5,W
130,832.96,1001.10,1,S,5,W
211,792.65,1001.40,1,W,5,W
213,828.67,1001.70,1,W,5,W
214,846.46,1002.00,1,W,5,W
216,853.58,1002.30,1,W,5,W
244,812.20,1002.60,1,E,5,W
245,845.96,1015.00,1,E,5,E
118,741.62,1021.14,1,S,5,N
119,743.05,1021.44,1,S,5,N
123,756.01,1021.74,1,S,5,N
124,756.09,1022.04,1,S,5,N
270,845.73,1022.34,2,W,5,N
282,863.35,1022.64,2,E,5,N
283,892.24,1022.94,2,E,5,N
126,810.56,1023.24,1,S,5,N
210,784.89,1023.54,1,W,5,N
212,826.34,1023.84,1,W,5,N
246,899.33,1024.14,1,E,5,N
132,841.45,1098.90,1,S,5,W
135,855.48,1099.20,1,S,5,W
137,858.78,1099.50,1,S,5,W
150,878.36,1099.80,1,S,5,W
152,887.65,1100.10,1,S,5,W
149,878.34,1114.90,1,S,5,E
133,843.98,1121.04,1,S,5,N
136,856.22,1121.34,1,S,5,N
142,865.82,1121.64,1,S,5,N
143,869.58,1121.94,1,S,5,N
145,871.69,1122.24,1,S,5,N
147,877.50,1122.54,1,S,5,N
148,877.70,1122.84,1,S,5,N
153,890.97,1123.14,1,S,5,N
217,871.65,1123.44,1,W,5,N