id,enter_time,exit_time,entrance_intersection,entrance_direction,exit_intersection,exit_direction
0,5.43,19.57,1,S,1,E
211,0.49,66.14,5,W,5,N
212,2.87,66.44,5,W,5,N
213,5.26,66.74,5,W,5,N
214,7.59,67.04,5,W,5,N
215,10.04,67.34,5,W,5,N
216,41.51,67.64,5,W,5,N
217,44.70,67.94,5,W,5,N
218,46.36,68.24,5,W,5,N
219,47.87,68.54,5,W,5,N
220,50.95,68.84,5,W,5,N
221,65.88,72.02,5,W,5,N
125,24.40,100.10,1,E,2,W
60,0.91,100.10,1,W,2,E
4,78.08,100.40,1,S,1,W
6,90.25,104.39,1,S,1,W
7,93.83,107.97,1,S,1,W
1,71.38,113.20,1,S,1,E
222,80.41,166.04,5,W,5,N
223,84.34,166.34,5,W,5,N
224,87.17,166.64,5,W,5,N
225,108.41,166.94,5,W,5,N
226,138.07,167.24,5,W,5,N
279,100.45,180.04,5,E,5,N
280,181.75,187.89,5,E,5,N
10,97.49,199.60,1,S,3,W
66,103.84,200.20,1,W,2,W
72,163.52,200.20,1,W,2,E
11,176.53,213.60,1,S,1,E
169,43.48,221.94,2,E,5,N
157,58.05,222.24,2,W,5,N
61,6.19,222.54,1,W,5,N
62,37.63,222.84,1,W,5,N
124,20.44,223.14,1,E,5,N
126,44.24,223.44,1,E,5,N
127,94.88,223.74,1,E,5,N
194,116.20,230.77,3,E,5,N
184,138.53,231.37,3,W,5,N
185,157.87,231.67,3,W,5,N
63,75.33,236.27,1,W,3,E
186,175.62,237.39,3,W,5,N
128,124.22,238.67,1,E,3,E
195,185.10,246.87,3,E,5,N
196,187.88,249.65,3,E,5,N
227,214.65,265.94,5,W,5,N
228,218.27,266.24,5,W,5,N
229,220.97,266.54,5,W,5,N
230,224.64,266.84,5,W,5,N
231,225.99,267.14,5,W,5,N
232,228.85,267.44,5,W,5,N
233,234.84,267.74,5,W,5,N
234,235.46,268.04,5,W,5,N
235,239.81,268.34,5,W,5,N
236,255.47,268.64,5,W,5,N
281,288.30,294.43,5,E,5,N
182,117.06,299.70,3,W,5,W
183,121.03,300.00,3,W,5,W
74,168.66,300.30,1,W,2,W
2,75.42,300.30,1,S,5,W
75,173.50,300.60,1,W,2,W
3,76.09,300.60,1,S,5,W
78,232.45,300.90,1,W,2,W
5,87.57,300.90,1,S,5,W
9,95.40,301.20,1,S,5,W
159,146.30,301.50,2,W,5,W
67,107.75,301.80,1,W,5,W
70,160.18,302.10,1,W,5,W
71,161.16,302.40,1,W,5,W
129,134.53,302.70,1,E,5,W
8,94.51,321.84,1,S,5,N
170,126.14,322.14,2,E,5,N
158,121.05,322.44,2,W,5,N
64,78.60,322.74,1,W,5,N
65,81.04,323.04,1,W,5,N
68,112.85,323.34,1,W,5,N
69,116.14,323.64,1,W,5,N
130,139.02,323.94,1,E,5,N
131,160.28,324.24,1,E,5,N
137,299.50,325.62,1,E,2,W
197,266.70,330.57,3,E,5,N
136,295.31,357.50,1,E,3,W
237,281.41,365.84,5,W,5,N
238,283.66,366.14,5,W,5,N
239,287.36,366.44,5,W,5,N
240,344.13,366.74,5,W,5,N
241,346.61,367.04,5,W,5,N
282,310.36,379.84,5,E,5,N
283,311.94,380.14,5,E,5,N
284,351.04,380.44,5,E,5,N
285,361.90,380.74,5,E,5,N
171,206.66,399.60,2,E,5,W
172,266.64,399.90,2,E,5,W
80,236.81,400.20,1,W,5,W
138,352.15,400.40,1,E,2,E
82,264.99,400.50,1,W,5,W
135,292.49,410.31,1,E,5,W
79,235.97,415.60,1,W,5,E
12,178.54,421.74,1,S,5,N
73,166.14,422.04,1,W,5,N
76,181.08,422.34,1,W,5,N
77,213.46,422.64,1,W,5,N
81,243.64,422.94,1,W,5,N
132,216.93,423.24,1,E,5,N
133,223.47,423.54,1,E,5,N
134,273.28,423.84,1,E,5,N
198,359.81,430.37,3,E,5,N
187,303.19,430.67,3,W,5,N
188,344.28,430.97,3,W,5,N
199,363.66,431.27,3,E,5,N
189,346.49,431.57,3,W,5,N
200,373.69,435.46,3,E,5,N
201,376.51,438.28,3,E,5,N
242,397.00,465.74,5,W,5,N
243,401.62,466.04,5,W,5,N
244,404.28,466.34,5,W,5,N
245,405.65,466.64,5,W,5,N
246,432.86,466.94,5,W,5,N
247,437.05,467.24,5,W,5,N
248,450.74,467.54,5,W,5,N
249,452.67,467.84,5,W,5,N
250,472.86,479.00,5,W,5,N
286,411.09,479.74,5,E,5,N
287,451.31,480.04,5,E,5,N
288,463.02,480.34,5,E,5,N
16,275.33,499.50,1,S,5,W
19,281.62,499.80,1,S,5,W
87,284.34,500.10,1,W,5,W
91,400.42,500.50,1,W,2,E
289,498.13,504.27,5,E,5,N
89,351.54,515.50,1,W,5,E
13,267.88,521.64,1,S,5,N
14,271.09,521.94,1,S,5,N
15,273.04,522.24,1,S,5,N
17,276.95,522.54,1,S,5,N
18,279.76,522.84,1,S,5,N
173,341.26,523.14,2,E,5,N
160,333.71,523.44,2,W,5,N
174,362.00,523.74,2,E,5,N
83,267.36,524.04,1,W,5,N
84,267.94,524.34,1,W,5,N
85,271.61,524.64,1,W,5,N
86,281.89,524.94,1,W,5,N
88,317.75,525.24,1,W,5,N
90,352.87,525.54,1,W,5,N
139,354.96,525.84,1,E,5,N
190,464.67,530.17,3,W,5,N
140,401.66,537.47,1,E,3,W
144,452.61,538.67,1,E,3,W
251,474.92,565.64,5,W,5,N
252,480.32,565.94,5,W,5,N
253,483.54,566.24,5,W,5,N
254,485.29,566.54,5,W,5,N
255,489.07,566.84,5,W,5,N
256,494.50,567.14,5,W,5,N
257,497.67,567.44,5,W,5,N
258,515.35,567.74,5,W,5,N
259,520.69,568.04,5,W,5,N
260,536.69,568.34,5,W,5,N
261,541.81,568.64,5,W,5,N
262,547.58,568.94,5,W,5,N
290,503.47,579.64,5,E,5,N
30,472.98,598.80,1,S,3,W
202,476.87,599.40,3,E,5,W
23,371.98,599.70,1,S,5,W
141,430.64,600.00,1,E,5,W
149,546.94,600.60,1,E,2,W
35,576.07,602.40,1,S,1,W
37,579.92,602.70,1,S,1,W
20,361.16,621.54,1,S,5,N
21,363.38,621.84,1,S,5,N
22,368.66,622.14,1,S,5,N
175,449.51,622.44,2,E,5,N
92,419.26,622.74,1,W,5,N
93,453.79,623.04,1,W,5,N
94,454.78,623.34,1,W,5,N
142,434.69,623.64,1,E,5,N
143,448.86,623.94,1,E,5,N
145,481.44,624.24,1,E,5,N
148,525.53,639.97,1,E,3,W
43,636.93,651.06,1,S,1,E
191,593.47,655.24,3,W,5,N
263,625.44,665.54,5,W,5,N
264,629.35,665.84,5,W,5,N
265,644.48,666.14,5,W,5,N
266,647.52,666.44,5,W,5,N
267,665.67,671.80,5,W,5,N
268,668.94,675.07,5,W,5,N
291,645.35,679.54,5,E,5,N
203,573.83,699.30,3,E,5,W
25,450.64,699.60,1,S,5,W
27,459.87,699.90,1,S,5,W
28,465.98,700.20,1,S,5,W
162,585.17,700.50,2,W,5,W
41,635.93,700.70,1,S,2,W
99,514.20,700.80,1,W,5,W
101,530.31,701.10,1,W,5,W
147,520.36,701.40,1,E,5,W
24,440.48,715.30,1,S,5,E
97,480.20,715.60,1,W,5,E
102,532.16,715.90,1,W,5,E
151,593.53,716.20,1,E,5,E
26,454.33,721.44,1,S,5,N
29,469.59,721.74,1,S,5,N
31,474.44,722.04,1,S,5,N
32,474.77,722.34,1,S,5,N
33,476.98,722.64,1,S,5,N
34,480.10,722.94,1,S,5,N
176,532.37,723.24,2,E,5,N
161,512.51,723.54,2,W,5,N
95,476.41,723.84,1,W,5,N
96,479.70,724.14,1,W,5,N
98,511.44,724.44,1,W,5,N
100,516.31,724.74,1,W,5,N
103,560.65,725.04,1,W,5,N
146,502.99,725.34,1,E,5,N
150,575.23,725.64,1,E,5,N
205,640.41,730.07,3,E,5,N
106,645.07,738.27,1,W,3,W
269,694.50,765.44,5,W,5,N
270,696.67,765.74,5,W,5,N
271,729.65,766.04,5,W,5,N
272,733.52,766.34,5,W,5,N
273,760.94,767.08,5,W,5,N
274,761.18,767.32,5,W,5,N
275,766.74,772.88,5,W,5,N
292,781.40,787.54,5,E,5,N
293,783.55,789.69,5,E,5,N
294,785.02,791.15,5,E,5,N
295,787.85,793.98,5,E,5,N
204,636.64,799.20,3,E,5,W
206,677.03,799.50,3,E,5,W
163,609.74,799.80,2,W,5,W
164,669.03,800.10,2,W,5,W
165,669.33,800.40,2,W,5,W
166,689.02,800.70,2,W,5,W
39,625.48,801.00,1,S,5,W
104,605.67,801.30,1,W,5,W
105,625.14,801.60,1,W,5,W
107,647.63,801.90,1,W,5,W
152,660.95,802.20,1,E,5,W
46,735.09,803.20,1,S,1,W
36,579.13,821.34,1,S,5,N
38,581.90,821.64,1,S,5,N
177,614.95,821.94,2,E,5,N
178,654.10,822.24,2,E,5,N
40,632.73,822.54,1,S,5,N
42,636.44,822.84,1,S,5,N
192,738.83,829.57,3,W,5,N
114,743.84,840.17,1,W,3,W
207,787.43,843.06,3,E,5,E
276,799.64,865.34,5,W,5,N
277,805.48,865.64,5,W,5,N
278,811.43,865.94,5,W,5,N
296,799.94,879.34,5,E,5,N
297,808.73,879.64,5,E,5,N
298,830.37,879.94,5,E,5,N
299,830.65,880.24,5,E,5,N
50,740.80,898.20,1,S,3,E
208,790.02,899.10,3,E,5,W
179,746.50,899.40,2,E,5,W
44,729.89,899.70,1,S,5,W
45,730.17,900.00,1,S,5,W
49,737.02,900.30,1,S,5,W
111,699.98,900.60,1,W,5,W
113,718.28,900.90,1,W,5,W
153,748.15,901.20,1,E,5,W
167,880.68,916.75,2,W,3,E
47,736.73,921.24,1,S,5,N
48,736.75,921.54,1,S,5,N
108,686.25,921.84,1,W,5,N
109,689.47,922.14,1,W,5,N
110,692.09,922.44,1,W,5,N
112,713.13,922.74,1,W,5,N
154,786.41,923.04,1,E,5,N
210,888.60,950.37,3,E,5,N
209,869.45,999.00,3,E,5,W
193,879.72,999.30,3,W,5,W
54,790.31,999.60,1,S,5,W
57,798.41,999.90,1,S,5,W
168,898.82,1000.20,2,W,5,W
115,794.62,1000.50,1,W,5,W
51,744.50,1021.14,1,S,5,N
52,745.66,1021.44,1,S,5,N
53,789.09,1021.74,1,S,5,N
55,794.27,1022.04,1,S,5,N
56,797.73,1022.34,1,S,5,N
180,826.69,1022.64,2,E,5,N
181,859.48,1022.94,2,E,5,N
116,796.67,1023.24,1,W,5,N
117,811.41,1023.54,1,W,5,N
118,814.98,1023.84,1,W,5,N
119,817.07,1024.14,1,W,5,N
120,820.82,1024.44,1,W,5,N
121,823.74,1024.74,1,W,5,N
155,850.86,1025.04,1,E,5,N
156,879.02,1025.34,1,E,5,N
122,870.66,1098.90,1,W,5,W
123,890.39,1099.20,1,W,5,W
59,893.51,1114.90,1,S,5,E
58,889.96,1121.04,1,S,5,N