id,enter_time,exit_time,entrance_intersection,entrance_direction,exit_intersection,exit_direction
3,8.95,23.09,1,S,1,E
0,2.62,42.87,1,S,2,W
219,14.90,66.14,5,W,5,N
274,9.50,80.14,5,E,5,N
275,16.63,80.44,5,E,5,N
7,32.08,100.40,1,S,1,W
132,84.57,110.68,1,E,2,W
175,25.18,112.27,2,E,3,W
6,29.36,137.37,1,S,3,E
80,3.27,137.67,1,W,3,E
198,87.51,149.28,3,E,5,N
220,84.08,166.04,5,W,5,N
221,87.79,166.34,5,W,5,N
222,90.70,166.64,5,W,5,N
223,93.57,166.94,5,W,5,N
224,97.54,167.24,5,W,5,N
225,103.12,167.54,5,W,5,N
226,117.24,167.84,5,W,5,N
227,130.16,168.14,5,W,5,N
228,134.18,168.44,5,W,5,N
229,136.57,168.74,5,W,5,N
230,140.41,169.04,5,W,5,N
231,169.82,175.95,5,W,5,N
276,158.05,180.04,5,E,5,N
1,5.11,199.80,1,S,5,W
84,26.10,200.10,1,W,5,W
129,9.05,200.40,1,E,5,W
130,14.99,200.70,1,E,5,W
9,100.52,200.80,1,S,1,W
14,112.16,201.10,1,S,1,W
131,51.66,215.80,1,E,5,E
158,53.09,221.94,2,W,5,N
159,81.52,222.24,2,W,5,N
2,7.15,222.54,1,S,5,N
4,17.04,222.84,1,S,5,N
5,27.43,223.14,1,S,5,N
81,6.70,223.44,1,W,5,N
82,20.69,223.74,1,W,5,N
83,23.49,224.04,1,W,5,N
85,58.61,224.34,1,W,5,N
189,119.83,230.77,3,W,5,N
232,173.45,265.94,5,W,5,N
233,188.28,266.24,5,W,5,N
234,203.38,266.54,5,W,5,N
235,208.42,266.84,5,W,5,N
236,229.04,267.14,5,W,5,N
237,249.30,267.44,5,W,5,N
17,195.28,299.40,1,S,3,W
199,153.84,299.70,3,E,5,W
8,99.59,300.00,1,S,5,W
92,181.39,300.30,1,W,2,W
13,108.58,300.30,1,S,5,W
16,115.40,300.60,1,S,5,W
88,137.13,300.90,1,W,5,W
133,101.45,301.20,1,E,5,W
161,211.28,312.47,2,W,3,W
10,102.95,315.70,1,S,5,E
15,112.56,316.00,1,S,5,E
87,99.85,316.30,1,W,5,E
11,103.73,321.84,1,S,5,N
176,111.91,322.14,2,E,5,N
160,152.82,322.44,2,W,5,N
12,104.75,322.74,1,S,5,N
86,83.67,323.04,1,W,5,N
89,139.23,323.34,1,W,5,N
90,157.48,323.64,1,W,5,N
134,109.09,323.94,1,E,5,N
135,183.31,324.24,1,E,5,N
190,245.04,330.57,3,W,5,N
201,267.53,330.87,3,E,5,N
202,270.70,332.47,3,E,5,N
205,290.19,351.96,3,E,5,N
238,295.18,365.84,5,W,5,N
239,297.82,366.14,5,W,5,N
240,317.97,366.44,5,W,5,N
241,368.03,374.17,5,W,5,N
242,368.27,374.40,5,W,5,N
243,371.64,377.78,5,W,5,N
277,305.06,379.84,5,E,5,N
200,264.05,399.60,3,E,5,W
203,284.25,399.90,3,E,5,W
204,287.84,400.20,3,E,5,W
178,261.23,400.50,2,E,5,W
163,258.60,400.80,2,W,5,W
91,177.36,401.10,1,W,5,W
24,352.89,401.60,1,S,1,W
179,355.08,412.57,2,E,3,E
26,403.86,417.99,1,S,1,E
177,204.78,421.74,2,E,5,N
162,236.87,422.04,2,W,5,N
93,194.13,422.34,1,W,5,N
94,219.42,422.64,1,W,5,N
95,259.73,422.94,1,W,5,N
136,218.24,423.24,1,E,5,N
137,248.26,423.54,1,E,5,N
138,249.15,423.84,1,E,5,N
191,364.31,430.37,3,W,5,N
99,322.84,437.97,1,W,3,E
244,386.56,465.74,5,W,5,N
245,389.66,466.04,5,W,5,N
246,404.37,466.34,5,W,5,N
247,408.04,466.64,5,W,5,N
248,418.46,466.94,5,W,5,N
249,419.04,467.24,5,W,5,N
250,446.47,467.54,5,W,5,N
251,450.41,467.84,5,W,5,N
252,450.73,468.14,5,W,5,N
278,445.44,479.74,5,E,5,N
279,485.42,491.56,5,E,5,N
206,357.56,499.50,3,E,5,W
97,317.49,499.80,1,W,5,W
101,344.65,500.10,1,W,5,W
107,460.42,500.50,1,W,2,W
30,407.22,502.00,1,S,1,W
31,409.08,502.30,1,S,1,W
32,452.35,502.60,1,S,1,W
34,456.31,502.90,1,S,1,W
39,463.32,503.20,1,S,1,W
166,466.13,513.27,2,W,3,W
36,462.19,514.80,1,S,1,E
18,261.70,521.64,1,S,5,N
19,265.55,521.94,1,S,5,N
180,389.36,522.24,2,E,5,N
20,330.57,522.54,1,S,5,N
21,331.48,522.84,1,S,5,N
96,300.97,523.14,1,W,5,N
98,320.75,523.44,1,W,5,N
100,325.57,523.74,1,W,5,N
207,423.33,524.03,3,E,5,E
139,321.24,524.04,1,E,5,N
140,332.53,524.34,1,E,5,N
141,363.79,524.64,1,E,5,N
142,395.78,524.94,1,E,5,N
144,473.86,538.97,1,E,3,E
209,488.68,550.45,3,E,5,N
253,483.17,565.64,5,W,5,N
254,560.20,566.34,5,W,5,N
280,583.12,589.26,5,E,5,N
208,486.12,599.40,3,E,5,W
164,420.08,599.70,2,W,5,W
165,441.91,600.00,2,W,5,W
105,407.63,600.30,1,W,5,W
106,409.73,600.60,1,W,5,W
109,509.03,600.60,1,W,2,W
42,534.67,602.40,1,S,1,W
43,535.47,602.70,1,S,1,W
45,537.61,603.00,1,S,1,W
51,548.96,603.30,1,S,1,W
50,547.56,615.20,1,S,1,E
28,405.06,615.40,1,S,5,E
22,346.82,621.54,1,S,5,N
23,351.31,621.84,1,S,5,N
25,403.19,622.14,1,S,5,N
27,404.61,622.44,1,S,5,N
181,476.64,622.74,2,E,5,N
167,490.49,623.04,2,W,5,N
29,407.19,623.34,1,S,5,N
102,384.51,623.64,1,W,5,N
103,388.01,623.94,1,W,5,N
104,388.93,624.24,1,W,5,N
143,427.27,624.54,1,E,5,N
192,510.89,629.97,3,W,5,N
145,512.70,638.47,1,E,3,W
146,515.68,638.77,1,E,3,W
60,634.42,648.55,1,S,1,E
255,574.50,665.54,5,W,5,N
256,632.31,665.84,5,W,5,N
257,666.04,672.18,5,W,5,N
258,668.66,674.79,5,W,5,N
259,670.05,676.19,5,W,5,N
56,572.07,698.60,1,S,3,W
210,506.81,699.30,3,E,5,W
211,585.25,699.60,3,E,5,W
35,459.00,699.90,1,S,5,W
169,589.16,700.20,2,W,5,W
46,538.68,700.50,1,S,5,W
111,583.13,700.70,1,W,2,E
108,505.32,700.80,1,W,5,W
147,551.64,701.10,1,E,5,W
57,629.33,702.80,1,S,1,W
59,634.08,703.10,1,S,1,W
184,650.67,713.17,2,E,3,E
62,641.30,715.60,1,S,1,E
33,454.93,721.44,1,S,5,N
37,462.22,721.74,1,S,5,N
38,463.25,722.04,1,S,5,N
182,531.96,722.34,2,E,5,N
168,515.06,722.64,2,W,5,N
40,527.09,722.94,1,S,5,N
41,529.92,723.24,1,S,5,N
44,535.68,723.54,1,S,5,N
110,539.84,723.84,1,W,5,N
193,630.55,729.77,3,W,5,N
118,661.19,739.17,1,W,3,W
148,605.82,739.47,1,E,3,E
260,673.26,765.44,5,W,5,N
261,678.39,765.74,5,W,5,N
262,683.84,766.04,5,W,5,N
263,704.49,766.34,5,W,5,N
264,725.05,766.64,5,W,5,N
265,763.83,769.97,5,W,5,N
266,767.01,773.15,5,W,5,N
267,769.86,776.00,5,W,5,N
281,713.41,779.44,5,E,5,N
64,646.17,798.40,1,S,3,E
212,666.79,799.20,3,E,5,W
194,640.37,799.50,3,W,5,W
48,542.10,799.80,1,S,5,W
112,585.96,800.10,1,W,5,W
114,591.69,800.40,1,W,5,W
150,716.41,800.80,1,E,2,E
122,743.53,800.80,1,W,2,W
66,728.12,803.20,1,S,1,W
73,746.23,803.50,1,S,1,W
149,641.69,815.20,1,E,5,E
47,539.26,821.34,1,S,5,N
49,545.86,821.64,1,S,5,N
52,550.64,821.94,1,S,5,N
53,559.20,822.24,1,S,5,N
54,559.86,822.54,1,S,5,N
55,569.12,822.84,1,S,5,N
183,615.28,823.14,2,E,5,N
170,641.96,823.44,2,W,5,N
171,696.17,823.74,2,W,5,N
215,711.71,824.03,3,E,5,E
58,633.08,824.04,1,S,5,N
61,638.21,824.34,1,S,5,N
113,589.68,824.64,1,W,5,N
115,592.81,824.94,1,W,5,N
116,625.71,825.24,1,W,5,N
117,657.79,825.54,1,W,5,N
213,705.00,829.57,3,E,5,N
195,774.53,830.16,3,W,5,E
268,790.38,865.34,5,W,5,N
269,793.60,865.64,5,W,5,N
270,795.90,865.94,5,W,5,N
271,798.39,866.24,5,W,5,N
272,853.16,866.54,5,W,5,N
273,856.25,866.84,5,W,5,N
282,806.49,879.34,5,E,5,N
283,809.38,879.64,5,E,5,N
284,817.50,879.94,5,E,5,N
214,708.99,899.10,3,E,5,W
216,715.30,899.40,3,E,5,W
185,734.73,899.70,2,E,5,W
69,737.48,900.00,1,S,5,W
119,689.00,900.30,1,W,5,W
77,824.98,903.60,1,S,1,W
78,826.94,903.90,1,S,1,W
120,695.54,915.10,1,W,5,E
63,642.36,921.24,1,S,5,N
65,651.60,921.54,1,S,5,N
172,718.29,921.84,2,W,5,N
173,724.49,922.14,2,W,5,N
186,775.86,922.44,2,E,5,N
67,732.01,922.74,1,S,5,N
68,735.26,923.04,1,S,5,N
70,738.57,923.34,1,S,5,N
121,703.27,923.64,1,W,5,N
123,746.79,923.94,1,W,5,N
151,770.42,924.24,1,E,5,N
152,773.48,924.54,1,E,5,N
217,806.43,929.37,3,E,5,N
218,840.54,929.67,3,E,5,N
196,879.80,941.57,3,W,5,N
197,882.09,943.86,3,W,5,N
153,800.35,999.00,1,E,5,W
71,742.46,999.30,1,S,5,W
76,766.61,999.60,1,S,5,W
125,826.55,999.90,1,W,5,W
154,838.03,1000.20,1,E,5,W
155,840.17,1000.50,1,E,5,W
72,743.77,1021.14,1,S,5,N
74,748.08,1021.44,1,S,5,N
75,755.66,1021.74,1,S,5,N
187,814.77,1022.04,2,E,5,N
174,890.32,1022.34,2,W,5,N
188,894.34,1022.64,2,E,5,N
79,831.79,1022.94,1,S,5,N
124,791.50,1023.24,1,W,5,N
156,852.04,1023.54,1,E,5,N
157,899.13,1023.84,1,E,5,N
126,871.91,1098.90,1,W,5,W
127,891.72,1121.04,1,W,5,N
128,893.78,1121.34,1,W,5,N