id,enter_time,exit_time,entrance_intersection,entrance_direction,exit_intersection,exit_direction
242,3.25,41.54,5,W,5,N
243,24.60,41.84,5,W,5,N
244,27.06,42.14,5,W,5,N
245,47.61,53.75,5,W,5,N
312,10.65,55.54,5,E,5,N
313,10.66,55.84,5,E,5,N
226,3.23,97.44,3,E,5,N
227,5.77,97.74,3,E,5,N
4,81.08,100.70,1,S,1,W
0,67.23,113.50,1,S,1,E
152,57.41,127.80,1,E,2,W
2,72.20,140.22,1,S,2,E
246,49.08,141.44,5,W,5,N
247,49.38,141.74,5,W,5,N
248,52.69,142.04,5,W,5,N
249,84.29,142.34,5,W,5,N
250,88.27,142.64,5,W,5,N
251,89.21,142.94,5,W,5,N
252,92.52,143.24,5,W,5,N
314,112.88,155.44,5,E,5,N
315,115.83,155.74,5,E,5,N
88,0.17,161.47,1,W,3,W
148,11.87,162.67,1,E,3,E
217,118.33,175.13,3,W,5,W
228,117.65,175.13,3,E,5,W
229,120.73,176.36,3,E,5,W
3,78.15,176.59,1,S,3,W
316,171.33,177.47,5,E,5,N
10,107.12,201.10,1,S,1,W
202,57.36,211.87,2,E,5,N
89,3.01,223.54,1,W,5,N
90,5.80,223.84,1,W,5,N
149,18.45,224.74,1,E,5,N
150,31.18,225.04,1,E,5,N
153,68.23,225.94,1,E,5,N
253,149.27,241.34,5,W,5,N
254,169.75,241.64,5,W,5,N
255,186.12,241.94,5,W,5,N
256,187.02,242.24,5,W,5,N
257,240.41,246.55,5,W,5,N
187,217.20,253.27,2,W,3,E
317,175.42,255.34,5,E,5,N
318,191.21,255.64,5,E,5,N
154,121.28,264.57,1,E,3,E
91,52.73,275.10,1,W,5,W
151,41.86,275.40,1,E,5,W
218,229.40,285.04,3,W,5,W
1,71.17,297.24,1,S,5,N
5,84.60,297.54,1,S,5,N
6,86.36,297.84,1,S,5,N
7,97.45,298.14,1,S,5,N
8,99.81,298.44,1,S,5,N
9,103.36,298.74,1,S,5,N
230,207.45,299.04,3,E,5,N
219,237.88,299.65,3,W,5,N
22,271.73,301.50,1,S,1,W
203,126.44,311.97,2,E,5,N
186,200.20,312.27,2,W,5,N
204,216.24,314.09,2,E,5,N
16,261.53,314.90,1,S,1,E
92,72.55,323.34,1,W,5,N
93,123.27,323.64,1,W,5,N
94,123.77,323.94,1,W,5,N
95,126.55,324.24,1,W,5,N
96,132.04,324.54,1,W,5,N
98,141.82,325.14,1,W,5,N
100,161.40,325.74,1,W,5,N
155,150.36,326.64,1,E,5,N
156,189.60,326.94,1,E,5,N
157,221.44,327.40,1,E,2,W
158,257.08,327.70,1,E,2,W
258,261.95,341.24,5,W,5,N
259,279.36,341.54,5,W,5,N
260,305.58,341.84,5,W,5,N
261,330.87,342.14,5,W,5,N
262,333.80,342.44,5,W,5,N
263,338.46,344.60,5,W,5,N
264,341.40,347.54,5,W,5,N
265,341.52,347.66,5,W,5,N
266,343.15,349.29,5,W,5,N
267,346.37,352.50,5,W,5,N
319,277.10,355.24,5,E,5,N
320,310.62,355.54,5,E,5,N
185,176.67,375.00,2,W,5,W
97,134.27,375.30,1,W,5,W
99,144.99,375.60,1,W,5,W
101,165.19,375.90,1,W,5,W
13,185.92,376.20,1,S,5,W
20,267.09,378.29,1,S,3,W
11,181.77,397.14,1,S,5,N
12,182.75,397.44,1,S,5,N
231,320.98,397.74,3,E,5,N
205,256.35,411.47,2,E,5,N
206,304.43,411.77,2,E,5,N
102,165.42,423.44,1,W,5,N
104,213.29,424.04,1,W,5,N
105,214.83,424.34,1,W,5,N
107,262.35,424.94,1,W,5,N
159,268.75,425.84,1,E,5,N
268,431.06,441.14,5,W,5,N
321,444.48,455.14,5,E,5,N
162,335.63,462.97,1,E,3,W
322,464.07,470.21,5,E,5,N
103,209.73,474.90,1,W,5,W
106,259.73,475.20,1,W,5,W
160,274.51,475.50,1,E,5,W
14,257.19,475.80,1,S,5,W
15,259.15,476.10,1,S,5,W
19,266.71,476.40,1,S,5,W
21,267.72,476.70,1,S,5,W
17,263.37,497.04,1,S,5,N
18,265.52,497.34,1,S,5,N
220,368.13,497.64,3,W,5,N
232,425.25,497.94,3,E,5,N
221,427.33,498.24,3,W,5,N
27,437.65,502.30,1,S,1,W
30,460.40,502.60,1,S,1,W
31,461.20,502.90,1,S,1,W
36,477.33,503.20,1,S,1,W
207,399.47,511.27,2,E,5,N
188,374.92,511.57,2,W,5,N
109,342.61,517.71,1,W,5,E
108,303.85,523.54,1,W,5,N
110,346.19,524.14,1,W,5,N
161,334.42,524.44,1,E,5,N
269,449.78,541.04,5,W,5,N
270,451.10,541.34,5,W,5,N
271,464.54,541.64,5,W,5,N
32,461.46,541.82,1,S,2,W
272,469.80,541.94,5,W,5,N
273,472.15,542.24,5,W,5,N
274,503.65,542.54,5,W,5,N
275,514.88,542.84,5,W,5,N
276,515.80,543.14,5,W,5,N
277,519.58,543.44,5,W,5,N
323,504.32,555.04,5,E,5,N
26,434.75,562.17,1,S,3,W
164,410.84,564.57,1,E,3,W
163,357.10,574.80,1,E,5,W
23,342.25,575.10,1,S,5,W
24,422.61,596.94,1,S,5,N
233,491.06,597.24,3,E,5,N
37,565.35,602.70,1,S,1,W
40,586.70,603.00,1,S,1,W
189,454.81,611.07,2,W,5,N
209,500.23,611.97,2,E,5,N
191,493.81,612.27,2,W,5,N
41,587.42,616.10,1,S,1,E
45,599.28,617.30,1,S,1,E
168,441.06,621.41,1,E,5,E
111,396.74,624.24,1,W,5,N
112,399.07,624.54,1,W,5,N
114,457.75,625.14,1,W,5,N
115,461.53,625.44,1,W,5,N
116,462.84,625.74,1,W,5,N
165,416.91,626.64,1,E,5,N
166,431.85,626.94,1,E,5,N
167,434.62,627.24,1,E,5,N
53,614.34,628.47,1,S,1,E
58,624.69,638.82,1,S,1,E
278,552.68,640.94,5,W,5,N
279,555.44,641.24,5,W,5,N
280,556.53,641.54,5,W,5,N
281,613.52,641.84,5,W,5,N
282,619.13,642.14,5,W,5,N
283,619.74,642.44,5,W,5,N
284,623.10,642.74,5,W,5,N
285,624.92,643.04,5,W,5,N
286,628.56,643.34,5,W,5,N
287,630.56,643.64,5,W,5,N
288,634.04,643.94,5,W,5,N
289,635.53,644.24,5,W,5,N
290,638.65,644.78,5,W,5,N
324,600.79,654.94,5,E,5,N
325,654.63,660.76,5,E,5,N
121,537.96,662.87,1,W,3,W
124,563.64,663.77,1,W,3,W
326,662.58,668.72,5,E,5,N
208,479.91,674.70,2,E,5,W
190,465.77,675.00,2,W,5,W
25,433.37,675.30,1,S,5,W
113,418.98,675.60,1,W,5,W
117,465.51,675.90,1,W,5,W
169,451.18,676.20,1,E,5,W
29,456.50,676.50,1,S,5,W
34,464.23,676.80,1,S,5,W
38,580.35,677.69,1,S,3,W
42,594.96,678.59,1,S,3,W
327,674.20,680.34,5,E,5,N
55,618.32,694.64,1,S,3,E
56,619.83,696.16,1,S,3,W
28,452.58,696.84,1,S,5,N
33,463.34,697.14,1,S,5,N
35,469.49,697.44,1,S,5,N
234,581.92,697.74,3,E,5,N
222,565.40,698.04,3,W,5,N
223,590.04,698.34,3,W,5,N
235,606.13,698.64,3,E,5,N
47,601.38,703.10,1,S,1,W
49,605.96,703.40,1,S,1,W
57,622.27,703.70,1,S,1,W
61,636.53,704.00,1,S,1,W
64,644.10,704.30,1,S,1,W
210,560.62,704.73,2,E,5,E
194,571.62,711.77,2,W,5,N
211,621.68,719.52,2,E,5,N
170,503.30,720.01,1,E,5,E
171,533.23,720.31,1,E,5,E
172,548.09,720.61,1,E,5,E
118,467.99,723.74,1,W,5,N
119,487.92,724.04,1,W,5,N
120,534.20,724.34,1,W,5,N
123,542.93,725.24,1,W,5,N
125,566.59,725.84,1,W,5,N
62,638.51,726.60,1,S,2,W
72,722.05,736.19,1,S,1,E
291,654.10,740.84,5,W,5,N
292,659.22,741.14,5,W,5,N
293,661.71,741.44,5,W,5,N
294,695.34,741.74,5,W,5,N
295,697.86,742.04,5,W,5,N
65,645.68,742.32,1,S,2,W
296,715.16,742.34,5,W,5,N
297,733.14,742.64,5,W,5,N
298,733.62,742.94,5,W,5,N
299,736.19,743.24,5,W,5,N
300,740.01,746.15,5,W,5,N
301,743.69,749.82,5,W,5,N
302,745.58,751.72,5,W,5,N
69,716.60,756.85,1,S,2,W
328,767.62,773.75,5,E,5,N
192,536.22,774.60,2,W,5,W
193,549.88,774.90,2,W,5,W
195,595.45,775.20,2,W,5,W
122,540.77,775.50,1,W,5,W
39,582.95,775.80,1,S,5,W
43,596.89,776.10,1,S,5,W
46,599.28,776.40,1,S,5,W
48,602.03,776.70,1,S,5,W
236,671.98,777.00,3,E,5,W
237,685.23,777.30,3,E,5,W
224,722.17,777.80,3,W,5,W
52,611.18,791.50,1,S,5,E
44,598.41,796.74,1,S,5,N
50,606.46,797.04,1,S,5,N
51,608.80,797.34,1,S,5,N
54,616.95,797.94,1,S,5,N
66,707.35,803.50,1,S,1,W
74,728.09,803.80,1,S,1,W
78,734.61,804.10,1,S,1,W
79,734.85,804.40,1,S,1,W
196,668.98,810.67,2,W,5,N
177,688.83,821.91,1,E,5,E
60,634.43,824.14,1,S,5,N
126,566.93,824.74,1,W,5,N
127,595.68,825.04,1,W,5,N
128,602.78,825.34,1,W,5,N
129,604.83,825.64,1,W,5,N
130,637.31,825.94,1,W,5,N
131,656.69,826.24,1,W,5,N
132,659.10,826.54,1,W,5,N
173,629.34,826.84,1,E,5,N
175,646.84,827.44,1,E,5,N
176,687.72,827.74,1,E,5,N
303,747.90,840.74,5,W,5,N
80,799.40,842.42,1,S,2,W
304,847.07,853.21,5,W,5,N
137,734.79,864.27,1,W,3,W
183,789.79,866.67,1,E,3,W
197,686.88,874.50,2,W,5,W
198,709.59,874.80,2,W,5,W
212,710.07,875.10,2,E,5,W
59,631.23,875.40,1,S,5,W
174,640.19,875.70,1,E,5,W
67,709.24,876.00,1,S,5,W
68,709.68,876.30,1,S,5,W
81,800.95,878.79,1,S,3,W
63,641.61,896.64,1,S,5,N
70,717.76,896.94,1,S,5,N
71,720.19,897.24,1,S,5,N
73,725.04,897.54,1,S,5,N
238,763.73,897.84,3,E,5,N
239,831.15,898.14,3,E,5,N
240,833.57,898.44,3,E,5,N
225,835.07,898.74,3,W,5,N
84,806.67,903.90,1,S,1,W
199,756.38,910.77,2,W,5,N
214,751.20,911.07,2,E,5,N
134,704.45,919.01,1,W,5,E
136,722.88,919.61,1,W,5,E
75,731.20,923.94,1,S,5,N
76,732.44,924.24,1,S,5,N
77,733.90,924.54,1,S,5,N
135,722.53,925.44,1,W,5,N
139,755.70,926.64,1,W,5,N
178,710.03,926.94,1,E,5,N
179,715.06,927.24,1,E,5,N
305,852.62,940.64,5,W,5,N
306,864.16,940.94,5,W,5,N
307,866.35,941.24,5,W,5,N
308,869.61,941.54,5,W,5,N
309,872.87,941.84,5,W,5,N
310,875.49,942.14,5,W,5,N
311,879.17,942.44,5,W,5,N
144,857.31,963.47,1,W,3,E
241,843.67,974.40,3,E,5,W
213,730.76,974.70,2,E,5,W
200,806.58,975.00,2,W,5,W
133,687.38,975.30,1,W,5,W
138,737.17,975.60,1,W,5,W
180,716.23,975.90,1,E,5,W
181,726.47,976.20,1,E,5,W
182,778.80,976.50,1,E,5,W
87,821.63,976.80,1,S,5,W
82,802.97,996.54,1,S,5,N
83,803.38,996.84,1,S,5,N
85,810.06,997.14,1,S,5,N
86,820.23,997.44,1,S,5,N
201,871.54,1010.27,2,W,5,N
215,831.60,1010.57,2,E,5,N
216,882.66,1010.87,2,E,5,N
146,864.91,1019.71,1,W,5,E
142,854.15,1024.64,1,W,5,N
147,867.25,1026.14,1,W,5,N
140,785.55,1074.30,1,W,5,W
141,832.30,1074.60,1,W,5,W
143,855.02,1074.90,1,W,5,W
145,861.22,1075.20,1,W,5,W
184,856.97,1075.50,1,E,5,W