id,enter_time,exit_time,entrance_intersection,entrance_direction,exit_intersection,exit_direction
288,3.42,41.54,5,W,5,N
289,5.07,41.84,5,W,5,N
290,7.20,42.14,5,W,5,N
291,9.41,42.44,5,W,5,N
292,14.76,42.74,5,W,5,N
293,19.67,43.04,5,W,5,N
266,31.44,87.08,3,E,5,W
265,12.92,97.44,3,E,5,N
1,10.10,100.70,1,S,1,W
3,92.42,106.56,1,S,1,W
217,7.72,112.07,2,W,5,N
5,104.61,118.74,1,S,1,E
193,96.69,127.80,1,E,2,E
294,56.72,141.44,5,W,5,N
295,89.55,141.74,5,W,5,N
296,91.59,142.04,5,W,5,N
297,95.00,142.34,5,W,5,N
298,96.91,142.64,5,W,5,N
299,97.99,142.94,5,W,5,N
300,102.97,143.24,5,W,5,N
301,104.36,143.54,5,W,5,N
302,105.26,143.84,5,W,5,N
303,108.49,144.14,5,W,5,N
304,112.36,144.44,5,W,5,N
305,115.26,144.74,5,W,5,N
219,39.49,150.10,2,W,3,E
306,145.40,151.54,5,W,5,N
307,147.52,153.66,5,W,5,N
348,138.43,155.44,5,E,5,N
349,157.37,163.51,5,E,5,N
350,168.41,174.55,5,E,5,N
218,14.46,175.20,2,W,5,W
0,7.55,175.50,1,S,5,W
267,109.36,197.34,3,E,5,N
268,112.01,197.64,3,E,5,N
269,115.87,197.94,3,E,5,N
248,120.50,198.24,3,W,5,N
6,106.09,201.10,1,S,1,W
8,110.70,201.40,1,S,1,W
10,117.99,201.70,1,S,1,W
222,99.74,206.93,2,W,5,E
221,79.10,212.77,2,W,5,N
120,1.40,217.11,1,W,5,E
121,40.36,223.54,1,W,5,N
123,60.15,224.14,1,W,5,N
190,7.37,224.74,1,E,5,N
192,43.78,225.34,1,E,5,N
308,149.65,241.34,5,W,5,N
309,164.32,241.64,5,W,5,N
310,194.54,241.94,5,W,5,N
311,227.28,242.24,5,W,5,N
223,128.12,250.20,2,W,3,E
351,200.80,255.34,5,E,5,N
352,200.96,255.64,5,E,5,N
235,35.84,275.10,2,E,5,W
220,67.27,275.40,2,W,5,W
122,42.77,275.70,1,W,5,W
124,62.36,276.00,1,W,5,W
191,23.74,276.30,1,E,5,W
7,108.94,276.60,1,S,5,W
4,103.87,291.40,1,S,5,E
2,85.28,297.24,1,S,5,N
9,116.50,297.84,1,S,5,N
270,150.84,298.14,3,E,5,N
271,179.24,298.44,3,E,5,N
249,228.75,298.74,3,W,5,N
17,242.29,301.50,1,S,1,W
18,243.25,301.80,1,S,1,W
21,257.08,302.10,1,S,1,W
28,272.89,302.40,1,S,1,W
34,295.73,309.87,1,S,1,W
237,208.85,312.27,2,E,5,N
128,105.54,318.11,1,W,5,E
129,108.50,318.41,1,W,5,E
132,116.04,319.31,1,W,5,E
125,65.91,323.34,1,W,5,N
126,99.16,323.64,1,W,5,N
127,101.61,323.94,1,W,5,N
131,112.27,325.14,1,W,5,N
133,150.00,325.74,1,W,5,N
195,143.92,326.34,1,E,5,N
136,212.60,326.50,1,W,2,W
201,300.15,329.50,1,E,2,W
312,256.64,341.24,5,W,5,N
313,260.42,341.54,5,W,5,N
314,260.83,341.84,5,W,5,N
315,261.64,342.14,5,W,5,N
316,279.14,342.44,5,W,5,N
26,271.83,342.82,1,S,2,W
353,297.26,355.24,5,E,5,N
354,298.03,355.54,5,E,5,N
355,310.58,355.84,5,E,5,N
356,318.95,356.14,5,E,5,N
357,333.73,356.44,5,E,5,N
14,235.44,361.67,1,S,3,E
358,356.62,362.75,5,E,5,N
140,251.79,363.77,1,W,3,E
236,127.95,375.00,2,E,5,W
130,110.64,375.30,1,W,5,W
194,130.73,375.60,1,E,5,W
196,182.61,375.90,1,E,5,W
11,184.22,376.20,1,S,5,W
12,227.14,376.50,1,S,5,W
250,270.66,376.80,3,W,5,W
19,247.15,377.09,1,S,3,E
273,287.71,377.10,3,E,5,W
20,254.05,377.39,1,S,3,W
251,276.34,377.40,3,W,5,W
30,278.71,379.79,1,S,3,W
36,305.11,381.43,1,S,3,E
274,325.63,391.60,3,E,5,E
13,228.80,397.14,1,S,5,N
272,251.60,397.44,3,E,5,N
252,327.90,398.04,3,W,5,N
253,335.91,398.34,3,W,5,N
41,324.80,401.90,1,S,1,W
43,330.57,402.20,1,S,1,W
44,333.08,402.50,1,S,1,W
225,315.02,406.72,2,W,5,E
226,316.61,414.45,2,W,5,N
134,168.23,423.74,1,W,5,N
135,209.87,424.04,1,W,5,N
137,215.20,424.64,1,W,5,N
138,221.51,424.94,1,W,5,N
139,248.03,425.24,1,W,5,N
141,255.51,425.84,1,W,5,N
197,235.99,426.14,1,E,5,N
198,236.96,426.44,1,E,5,N
199,240.20,426.74,1,E,5,N
152,352.90,429.30,1,W,2,E
203,307.71,429.90,1,E,2,W
48,341.07,441.12,1,S,2,E
317,353.69,441.14,5,W,5,N
318,409.68,441.44,5,W,5,N
319,413.44,441.74,5,W,5,N
320,417.78,442.04,5,W,5,N
57,433.26,447.39,1,S,1,E
58,434.86,449.00,1,S,1,E
59,435.27,449.40,1,S,1,E
239,387.24,449.50,2,E,3,E
53,421.67,461.92,1,S,2,W
359,456.85,462.98,5,E,5,N
148,310.00,464.17,1,W,3,W
149,310.75,464.47,1,W,3,W
238,289.14,474.90,2,E,5,W
224,287.17,475.20,2,W,5,W
200,247.59,475.50,1,E,5,W
15,238.26,475.80,1,S,5,W
23,260.74,476.10,1,S,5,W
24,262.81,476.40,1,S,5,W
33,292.69,476.70,1,S,5,W
35,298.82,477.00,1,S,5,W
42,326.54,477.30,1,S,5,W
279,410.98,477.60,3,E,5,W
25,267.87,491.50,1,S,5,E
40,322.98,493.90,1,S,5,E
16,241.66,497.04,1,S,5,N
22,258.02,497.34,1,S,5,N
27,272.47,497.94,1,S,5,N
29,276.49,498.24,1,S,5,N
31,285.82,498.54,1,S,5,N
32,288.72,498.84,1,S,5,N
37,305.47,499.14,1,S,5,N
38,311.01,499.44,1,S,5,N
39,313.27,499.74,1,S,5,N
275,365.30,500.34,3,E,5,N
254,389.87,500.64,3,W,5,N
276,367.55,500.94,3,E,5,N
277,371.25,501.24,3,E,5,N
278,375.01,501.54,3,E,5,N
280,414.15,501.84,3,E,5,N
49,409.24,502.30,1,S,1,W
54,422.02,502.60,1,S,1,W
64,452.96,502.90,1,S,1,W
65,456.88,503.20,1,S,1,W
69,462.88,503.50,1,S,1,W
78,485.16,503.80,1,S,1,W
81,495.19,509.32,1,S,1,W
229,414.91,512.75,2,W,5,N
63,450.11,516.00,1,S,1,E
72,468.79,517.80,1,S,1,E
144,299.68,518.61,1,W,5,E
150,312.09,520.41,1,W,5,E
46,336.75,523.84,1,S,5,N
142,285.75,524.14,1,W,5,N
145,302.04,525.04,1,W,5,N
151,345.74,526.84,1,W,5,N
202,307.64,527.44,1,E,5,N
204,313.93,528.04,1,E,5,N
161,431.84,528.20,1,W,2,W
163,466.26,528.80,1,W,2,W
321,496.94,541.04,5,W,5,N
322,524.46,541.34,5,W,5,N
323,529.13,541.64,5,W,5,N
62,447.30,541.82,1,S,2,W
324,532.90,541.94,5,W,5,N
74,478.42,544.52,1,S,2,E
80,491.43,546.02,1,S,2,W
360,502.89,555.04,5,E,5,N
361,561.38,567.52,5,E,5,N
362,563.06,569.19,5,E,5,N
227,331.10,574.80,2,W,5,W
228,352.18,575.10,2,W,5,W
45,335.85,575.40,1,S,5,W
143,299.05,575.70,1,W,5,W
146,305.67,576.00,1,W,5,W
147,308.61,576.30,1,W,5,W
205,331.18,576.60,1,E,5,W
51,415.57,576.90,1,S,5,W
52,417.90,577.20,1,S,5,W
68,462.70,579.09,1,S,3,W
363,573.90,580.03,5,E,5,N
47,339.17,596.94,1,S,5,N
50,411.58,597.24,1,S,5,N
55,424.00,597.54,1,S,5,N
56,426.01,597.84,1,S,5,N
281,518.03,598.14,3,E,5,N
282,533.45,598.44,3,E,5,N
255,534.48,598.74,3,W,5,N
283,536.68,599.04,3,E,5,N
82,509.68,602.70,1,S,1,W
86,560.20,603.00,1,S,1,W
88,565.57,603.30,1,S,1,W
91,574.48,603.60,1,S,1,W
256,542.05,603.82,3,W,5,N
93,578.35,603.90,1,S,1,W
94,582.09,604.20,1,S,1,W
95,583.91,604.50,1,S,1,W
240,427.17,611.07,2,E,5,N
157,391.72,618.71,1,W,5,E
206,408.12,620.81,1,E,5,E
153,367.33,623.64,1,W,5,N
154,374.62,623.94,1,W,5,N
156,388.17,624.54,1,W,5,N
158,411.11,625.14,1,W,5,N
164,466.67,625.90,1,W,2,E
162,463.89,626.34,1,W,5,N
325,561.71,640.94,5,W,5,N
326,567.56,641.24,5,W,5,N
327,601.19,641.54,5,W,5,N
328,604.82,641.84,5,W,5,N
329,606.65,642.14,5,W,5,N
330,611.48,642.44,5,W,5,N
331,615.41,642.74,5,W,5,N
241,520.27,674.70,2,E,5,W
155,380.89,675.00,1,W,5,W
159,415.06,675.30,1,W,5,W
160,431.59,675.60,1,W,5,W
60,439.14,675.90,1,S,5,W
73,474.91,676.20,1,S,5,W
76,483.55,676.50,1,S,5,W
77,484.47,676.80,1,S,5,W
79,489.15,677.10,1,S,5,W
257,571.01,677.40,3,W,5,W
83,552.30,677.69,1,S,3,W
364,672.62,678.76,5,E,5,N
61,443.70,690.70,1,S,5,E
70,465.83,691.60,1,S,5,E
75,479.51,692.20,1,S,5,E
66,458.35,697.14,1,S,5,N
67,460.55,697.44,1,S,5,N
71,467.40,698.04,1,S,5,N
258,583.52,698.64,3,W,5,N
284,619.17,698.94,3,E,5,N
259,628.50,699.24,3,W,5,N
230,587.40,710.87,2,W,5,N
242,548.00,711.17,2,E,5,N
231,611.98,711.47,2,W,5,N
166,475.68,724.34,1,W,5,N
167,521.58,724.64,1,W,5,N
168,554.61,724.94,1,W,5,N
207,504.41,725.24,1,E,5,N
208,548.85,725.54,1,E,5,N
209,581.37,725.84,1,E,5,N
210,602.16,726.12,1,E,5,N
332,654.24,740.84,5,W,5,N
333,654.34,741.14,5,W,5,N
334,665.07,741.44,5,W,5,N
335,665.76,741.74,5,W,5,N
336,666.47,742.04,5,W,5,N
337,673.38,742.34,5,W,5,N
338,738.23,744.37,5,W,5,N
339,738.45,744.59,5,W,5,N
232,664.81,748.90,2,W,3,W
365,723.32,754.84,5,E,5,N
366,729.30,755.14,5,E,5,N
367,731.08,755.44,5,E,5,N
165,467.86,774.60,1,W,5,W
85,556.27,774.90,1,S,5,W
97,593.45,775.20,1,S,5,W
98,659.39,778.09,1,S,3,W
84,553.86,796.74,1,S,5,N
87,565.53,797.04,1,S,5,N
89,569.09,797.34,1,S,5,N
90,570.77,797.64,1,S,5,N
92,576.70,797.94,1,S,5,N
96,592.77,798.24,1,S,5,N
285,700.17,798.54,3,E,5,N
102,732.44,803.50,1,S,1,W
106,735.88,803.80,1,S,1,W
108,739.72,804.10,1,S,1,W
112,751.10,804.40,1,S,1,W
113,754.35,804.70,1,S,1,W
116,769.32,805.00,1,S,1,W
233,689.38,811.57,2,W,5,N
109,741.98,816.30,1,S,1,E
211,677.48,819.21,1,E,5,E
169,572.77,823.84,1,W,5,N
170,576.75,824.14,1,W,5,N
171,611.77,824.44,1,W,5,N
172,614.78,824.74,1,W,5,N
173,630.12,825.04,1,W,5,N
104,735.69,826.70,1,S,2,W
340,770.67,840.74,5,W,5,N
341,791.82,841.04,5,W,5,N
342,819.16,841.34,5,W,5,N
343,819.94,841.64,5,W,5,N
245,730.79,849.00,2,E,3,W
368,866.89,873.03,5,E,5,N
243,638.79,874.50,2,E,5,W
244,661.52,874.80,2,E,5,W
110,745.67,878.79,1,S,3,W
99,660.41,896.64,1,S,5,N
100,662.01,896.94,1,S,5,N
286,813.28,897.24,3,E,5,N
260,758.70,897.54,3,W,5,N
261,770.97,897.84,3,W,5,N
262,806.20,898.14,3,W,5,N
119,837.71,903.90,1,S,1,W
234,741.42,910.47,2,W,5,N
105,735.72,918.71,1,S,5,E
101,730.58,923.94,1,S,5,N
107,736.62,925.14,1,S,5,N
175,674.52,925.74,1,W,5,N
177,734.79,926.34,1,W,5,N
178,760.09,926.64,1,W,5,N
212,773.76,926.94,1,E,5,N
213,777.23,927.24,1,E,5,N
214,788.09,927.54,1,E,5,N
344,852.25,940.64,5,W,5,N
345,855.95,940.94,5,W,5,N
346,886.74,941.24,5,W,5,N
347,894.88,941.54,5,W,5,N
183,794.27,964.07,1,W,3,W
216,870.52,964.97,1,E,3,E
263,846.94,974.40,3,W,5,W
103,732.47,974.70,1,S,5,W
174,670.98,975.00,1,W,5,W
176,701.09,975.30,1,W,5,W
215,794.07,975.60,1,E,5,W
114,764.26,975.90,1,S,5,W
264,850.83,976.20,3,W,5,W
111,749.18,996.54,1,S,5,N
115,765.55,996.84,1,S,5,N
287,888.27,997.14,3,E,5,N
117,833.73,1024.04,1,S,5,N
179,783.31,1024.64,1,W,5,N
184,837.50,1026.14,1,W,5,N
185,839.55,1026.44,1,W,5,N
246,828.53,1074.30,2,E,5,W
247,864.98,1074.60,2,E,5,W
118,836.47,1074.90,1,S,5,W
180,785.54,1075.20,1,W,5,W
181,789.19,1075.50,1,W,5,W
182,791.44,1075.80,1,W,5,W
186,869.39,1124.14,1,W,5,N
187,873.02,1124.44,1,W,5,N
189,889.77,1125.04,1,W,5,N
188,876.47,1174.20,1,W,5,W