id,enter_time,exit_time,entrance_intersection,entrance_direction,exit_intersection,exit_direction
310,3.03,66.44,5,W,5,N
376,9.95,80.44,5,E,5,N
0,1.66,100.70,1,S,1,W
10,76.49,101.00,1,S,1,W
138,18.75,101.30,1,W,2,E
257,62.38,112.57,2,E,3,W
6,69.38,115.00,1,S,1,E
12,80.66,116.50,1,S,1,E
271,28.40,131.27,3,W,5,N
136,9.97,136.77,1,W,3,W
8,71.93,141.72,1,S,2,E
15,90.60,143.52,1,S,2,W
26,133.45,147.58,1,S,1,E
311,84.58,166.34,5,W,5,N
312,87.32,166.64,5,W,5,N
313,103.22,166.94,5,W,5,N
314,108.54,167.24,5,W,5,N
315,126.37,167.54,5,W,5,N
316,128.75,167.84,5,W,5,N
317,171.20,177.34,5,W,5,N
377,108.29,180.34,5,E,5,N
378,112.61,180.64,5,E,5,N
285,81.30,200.10,3,E,5,W
241,74.49,200.40,2,W,5,W
135,3.87,200.70,1,W,5,W
21,107.33,201.10,1,S,1,W
22,109.93,201.40,1,S,1,W
29,143.42,201.70,1,S,1,W
14,87.48,202.60,1,S,3,W
28,139.56,213.90,1,S,1,E
137,17.82,222.24,1,W,5,N
139,57.21,222.54,1,W,5,N
286,142.65,231.07,3,E,5,N
272,133.50,231.07,3,W,5,N
27,137.14,237.77,1,S,3,W
201,120.42,239.57,1,E,3,E
202,140.08,239.87,1,E,3,W
36,158.53,242.12,1,S,2,W
318,174.64,266.24,5,W,5,N
319,196.13,266.54,5,W,5,N
320,198.26,266.84,5,W,5,N
321,202.07,267.14,5,W,5,N
322,204.72,267.44,5,W,5,N
323,207.59,267.74,5,W,5,N
324,228.69,268.04,5,W,5,N
325,258.87,268.34,5,W,5,N
326,261.54,268.64,5,W,5,N
327,264.66,270.79,5,W,5,N
328,267.52,273.65,5,W,5,N
379,259.20,280.24,5,E,5,N
273,181.28,300.00,3,W,5,W
274,183.23,300.30,3,W,5,W
145,190.10,300.60,1,W,2,W
2,54.40,300.60,1,S,5,W
146,193.27,300.90,1,W,2,W
5,65.61,300.90,1,S,5,W
11,80.35,301.20,1,S,5,W
13,83.66,301.50,1,S,5,W
149,218.79,301.80,1,W,2,W
16,94.38,301.80,1,S,5,W
242,103.38,302.10,2,W,5,W
23,111.10,302.40,1,S,5,W
24,123.10,302.70,1,S,5,W
143,95.63,303.00,1,W,5,W
37,238.31,314.30,1,S,1,E
4,60.92,316.60,1,S,5,E
18,97.85,317.80,1,S,5,E
140,72.14,319.30,1,W,5,E
1,52.71,322.14,1,S,5,N
3,57.47,322.44,1,S,5,N
7,71.63,323.04,1,S,5,N
9,74.69,323.34,1,S,5,N
17,96.64,323.64,1,S,5,N
19,101.74,324.24,1,S,5,N
258,147.51,324.54,2,E,5,N
20,104.01,324.84,1,S,5,N
25,132.96,325.14,1,S,5,N
141,74.11,325.74,1,W,5,N
142,77.91,326.04,1,W,5,N
144,144.53,326.34,1,W,5,N
203,175.56,326.64,1,E,5,N
287,253.74,330.87,3,E,5,N
206,248.30,339.07,1,E,3,E
329,292.05,366.14,5,W,5,N
330,295.90,366.44,5,W,5,N
331,299.39,366.74,5,W,5,N
332,314.72,367.04,5,W,5,N
333,329.70,367.34,5,W,5,N
334,331.44,367.64,5,W,5,N
335,337.00,367.94,5,W,5,N
275,237.83,399.90,3,W,5,W
30,145.10,400.20,1,S,5,W
32,149.67,400.50,1,S,5,W
34,154.69,400.80,1,S,5,W
150,238.54,401.10,1,W,5,W
205,243.43,401.40,1,E,5,W
47,326.65,401.90,1,S,1,W
49,330.42,402.20,1,S,1,W
58,353.04,402.50,1,S,1,W
61,364.32,402.80,1,S,1,W
63,371.95,403.10,1,S,1,W
66,387.67,403.40,1,S,1,W
380,397.98,404.12,5,E,5,N
67,391.99,406.13,1,S,1,W
69,397.91,412.04,1,S,1,W
59,356.74,416.20,1,S,1,E
64,375.81,417.10,1,S,1,E
148,212.61,417.70,1,W,5,E
204,203.62,418.00,1,E,5,E
31,148.07,422.04,1,S,5,N
33,151.28,422.34,1,S,5,N
35,156.56,422.64,1,S,5,N
259,239.88,422.94,2,E,5,N
243,290.44,423.24,2,W,5,N
147,209.54,423.54,1,W,5,N
207,256.21,424.44,1,E,5,N
288,319.54,430.67,3,E,5,N
290,354.56,431.27,3,E,5,N
292,361.06,431.87,3,E,5,N
293,371.37,433.14,3,E,5,N
157,322.75,440.67,1,W,3,W
57,349.90,442.02,1,S,2,W
60,359.17,442.62,1,S,2,W
215,375.66,443.37,1,E,3,E
65,380.11,443.52,1,S,2,W
336,380.56,466.04,5,W,5,N
337,398.01,466.34,5,W,5,N
338,401.37,466.64,5,W,5,N
339,407.22,466.94,5,W,5,N
340,424.45,467.24,5,W,5,N
341,427.49,467.54,5,W,5,N
381,401.01,480.04,5,E,5,N
382,404.66,480.34,5,E,5,N
383,487.71,493.85,5,E,5,N
276,368.85,499.80,3,W,5,W
289,335.57,500.10,3,E,5,W
291,358.51,500.40,3,E,5,W
39,243.06,500.70,1,S,5,W
159,374.71,500.80,1,W,2,W
40,246.49,501.00,1,S,5,W
42,253.14,501.30,1,S,5,W
262,385.19,501.60,2,E,5,W
50,331.08,501.90,1,S,5,W
151,268.60,502.20,1,W,5,W
74,462.97,502.30,1,S,1,W
152,269.42,502.50,1,W,5,W
153,272.59,502.80,1,W,5,W
155,316.70,503.10,1,W,5,W
158,342.60,503.40,1,W,5,W
208,330.38,503.70,1,E,5,W
209,336.36,504.00,1,E,5,W
219,393.55,511.37,1,E,5,W
263,427.85,512.97,2,E,3,W
72,461.03,515.70,1,S,1,E
38,241.46,515.80,1,S,5,E
43,256.52,516.40,1,S,5,E
244,311.66,516.70,2,W,5,E
261,361.09,517.60,2,E,5,E
246,394.91,517.90,2,W,5,E
46,325.87,518.80,1,S,5,E
41,252.23,522.24,1,S,5,N
260,326.10,523.14,2,E,5,N
245,374.90,523.44,2,W,5,N
44,317.55,524.34,1,S,5,N
45,318.59,524.64,1,S,5,N
48,327.96,525.24,1,S,5,N
51,334.78,525.54,1,S,5,N
52,335.15,525.84,1,S,5,N
154,315.45,526.14,1,W,5,N
156,319.00,526.44,1,W,5,N
210,344.28,526.74,1,E,5,N
211,348.79,527.04,1,E,5,N
212,351.48,527.34,1,E,5,N
213,362.30,527.64,1,E,5,N
214,369.68,527.94,1,E,5,N
216,380.29,528.24,1,E,5,N
217,386.26,528.54,1,E,5,N
218,389.14,528.84,1,E,5,N
294,400.22,530.47,3,E,5,N
295,467.43,530.77,3,E,5,N
70,458.53,541.22,1,S,2,W
81,538.44,552.57,1,S,1,E
342,474.70,565.94,5,W,5,N
343,476.58,566.24,5,W,5,N
344,481.61,566.54,5,W,5,N
345,485.34,566.84,5,W,5,N
346,488.53,567.14,5,W,5,N
347,490.01,567.44,5,W,5,N
348,495.01,567.74,5,W,5,N
349,497.33,568.04,5,W,5,N
350,499.88,568.34,5,W,5,N
351,503.35,568.64,5,W,5,N
352,505.26,568.94,5,W,5,N
353,526.33,569.24,5,W,5,N
354,543.92,569.54,5,W,5,N
355,572.38,578.51,5,W,5,N
384,583.34,589.48,5,E,5,N
385,584.60,590.74,5,E,5,N
277,496.75,599.70,3,W,5,W
248,430.31,600.00,2,W,5,W
265,496.60,600.30,2,E,5,W
160,377.80,600.60,1,W,5,W
162,425.13,600.90,1,W,5,W
164,462.42,601.20,1,W,5,W
221,421.99,601.50,1,E,5,W
222,424.12,601.80,1,E,5,W
83,550.74,602.70,1,S,1,W
85,555.68,603.00,1,S,1,W
68,393.63,617.20,1,S,5,E
247,408.67,617.50,2,W,5,E
53,340.75,621.84,1,S,5,N
54,342.99,622.14,1,S,5,N
55,346.30,622.44,1,S,5,N
56,349.53,622.74,1,S,5,N
62,365.28,623.04,1,S,5,N
264,462.76,623.94,2,E,5,N
249,447.74,624.24,2,W,5,N
161,380.49,624.54,1,W,5,N
163,428.82,624.84,1,W,5,N
220,414.07,625.14,1,E,5,N
223,430.73,625.44,1,E,5,N
224,460.29,625.74,1,E,5,N
225,471.30,626.04,1,E,5,N
226,475.48,626.34,1,E,5,N
296,547.60,630.27,3,E,5,N
278,503.12,630.27,3,W,5,N
279,509.42,630.57,3,W,5,N
77,527.08,637.27,1,S,3,W
79,535.39,637.87,1,S,3,W
84,552.93,641.92,1,S,2,W
228,577.48,642.07,1,E,3,W
356,573.99,665.84,5,W,5,N
357,579.88,666.14,5,W,5,N
358,585.04,666.44,5,W,5,N
359,589.96,666.74,5,W,5,N
360,592.65,667.04,5,W,5,N
361,596.42,667.34,5,W,5,N
362,599.60,667.64,5,W,5,N
363,603.87,667.94,5,W,5,N
364,607.17,668.24,5,W,5,N
365,608.21,668.54,5,W,5,N
366,610.15,668.84,5,W,5,N
386,632.79,679.84,5,E,5,N
387,666.95,680.14,5,E,5,N
388,690.78,696.92,5,E,5,N
71,459.48,699.60,1,S,5,W
73,462.71,699.90,1,S,5,W
75,464.90,700.20,1,S,5,W
266,596.54,700.50,2,E,5,W
78,529.41,700.80,1,S,5,W
165,492.54,701.10,1,W,5,W
168,520.80,701.40,1,W,5,W
173,550.27,701.70,1,W,5,W
174,552.22,702.00,1,W,5,W
175,555.39,702.30,1,W,5,W
99,671.65,703.10,1,S,1,W
100,674.73,703.40,1,S,1,W
96,663.32,717.40,1,S,1,E
109,696.22,720.70,1,S,1,E
76,525.49,721.74,1,S,5,N
80,538.02,722.04,1,S,5,N
166,495.05,722.34,1,W,5,N
167,516.94,722.64,1,W,5,N
169,522.80,722.94,1,W,5,N
170,525.94,723.24,1,W,5,N
171,529.62,723.54,1,W,5,N
172,531.67,723.84,1,W,5,N
227,550.59,724.14,1,E,5,N
302,671.00,726.64,3,E,5,E
297,633.58,730.07,3,E,5,N
280,623.67,730.07,3,W,5,N
298,636.94,730.37,3,E,5,N
299,639.82,730.67,3,E,5,N
300,642.40,730.97,3,E,5,N
303,674.91,736.68,3,E,5,N
180,654.82,738.27,1,W,3,E
367,685.69,765.74,5,W,5,N
368,688.30,766.04,5,W,5,N
369,701.57,766.34,5,W,5,N
370,727.20,766.64,5,W,5,N
371,754.53,766.94,5,W,5,N
389,734.31,779.74,5,E,5,N
390,762.28,780.04,5,E,5,N
301,660.32,799.50,3,E,5,W
304,678.34,799.80,3,E,5,W
82,549.20,800.10,1,S,5,W
87,560.80,800.40,1,S,5,W
267,638.75,800.70,2,E,5,W
101,677.42,800.80,1,S,3,W
251,659.50,801.00,2,W,5,W
177,602.59,801.30,1,W,5,W
178,605.57,801.60,1,W,5,W
122,784.28,803.50,1,S,1,W
125,789.67,803.81,1,S,1,W
233,707.29,804.70,1,E,2,W
117,776.06,817.20,1,S,1,E
119,777.87,817.80,1,S,1,E
179,619.78,817.90,1,W,5,E
86,558.04,821.64,1,S,5,N
88,560.91,821.94,1,S,5,N
89,562.21,822.24,1,S,5,N
90,564.75,822.54,1,S,5,N
250,630.86,822.84,2,W,5,N
252,670.89,823.14,2,W,5,N
253,688.55,823.44,2,W,5,N
176,598.14,823.74,1,W,5,N
181,657.08,824.34,1,W,5,N
229,616.05,824.64,1,E,5,N
230,622.94,824.94,1,E,5,N
231,661.54,825.24,1,E,5,N
281,751.26,829.87,3,W,5,N
306,777.22,838.99,3,E,5,N
182,670.42,839.57,1,W,3,W
115,771.83,842.72,1,S,2,W
372,775.18,865.64,5,W,5,N
373,778.60,865.94,5,W,5,N
374,830.93,866.24,5,W,5,N
375,844.30,866.54,5,W,5,N
391,822.11,879.64,5,E,5,N
232,699.42,899.40,1,E,5,W
282,766.10,899.70,3,W,5,W
305,774.33,900.00,3,E,5,W
93,652.85,900.30,1,S,5,W
94,659.38,900.60,1,S,5,W
103,683.53,900.90,1,S,5,W
254,710.24,901.20,2,W,5,W
255,720.95,901.50,2,W,5,W
106,691.07,901.80,1,S,5,W
107,692.41,902.10,1,S,5,W
111,699.43,902.40,1,S,5,W
193,851.30,903.60,1,W,2,W
128,866.01,903.90,1,S,1,W
131,876.56,904.20,1,S,1,W
134,886.23,904.50,1,S,1,W
95,659.55,916.00,1,S,5,E
97,667.21,916.30,1,S,5,E
130,873.82,917.00,1,S,1,E
91,651.66,921.54,1,S,5,N
92,652.35,921.84,1,S,5,N
98,670.50,922.74,1,S,5,N
102,679.70,923.04,1,S,5,N
104,686.20,923.34,1,S,5,N
268,733.59,923.64,2,E,5,N
269,767.41,923.94,2,E,5,N
105,687.11,924.24,1,S,5,N
108,692.97,924.54,1,S,5,N
110,699.07,924.84,1,S,5,N
112,702.38,925.14,1,S,5,N
113,704.54,925.44,1,S,5,N
183,687.15,925.74,1,W,5,N
184,718.16,926.04,1,W,5,N
185,754.54,926.34,1,W,5,N
234,719.17,926.64,1,E,5,N
235,785.70,926.94,1,E,5,N
236,794.32,927.24,1,E,5,N
307,805.28,929.67,3,E,5,N
189,830.60,938.47,1,W,3,E
190,837.82,938.77,1,W,3,W
239,867.60,940.57,1,E,3,W
283,880.59,942.36,3,W,5,N
129,872.09,942.82,1,S,2,W
133,882.40,943.72,1,S,2,W
284,882.85,944.62,3,W,5,N
132,877.75,998.30,1,S,3,E
308,874.77,999.30,3,E,5,W
309,877.99,999.60,3,E,5,W
123,786.07,999.90,1,S,5,W
126,791.72,1000.20,1,S,5,W
256,887.68,1000.50,2,W,5,W
187,791.91,1000.80,1,W,5,W
195,874.14,1001.60,1,W,2,W
199,895.10,1002.80,1,W,2,E
240,892.91,1010.74,1,E,5,W
114,771.31,1021.44,1,S,5,N
116,772.74,1021.74,1,S,5,N
118,776.08,1022.04,1,S,5,N
120,779.97,1022.34,1,S,5,N
121,780.94,1022.64,1,S,5,N
124,788.42,1022.94,1,S,5,N
270,861.54,1023.24,2,E,5,N
127,793.01,1023.54,1,S,5,N
186,773.45,1023.84,1,W,5,N
188,809.68,1024.14,1,W,5,N
191,840.95,1024.44,1,W,5,N
192,844.22,1024.74,1,W,5,N
237,830.88,1025.04,1,E,5,N
238,841.20,1025.34,1,E,5,N
198,893.45,1038.57,1,W,3,E
194,870.48,1121.34,1,W,5,N
196,880.68,1121.64,1,W,5,N
197,893.18,1121.94,1,W,5,N
200,897.42,1122.24,1,W,5,N