id,enter_time,exit_time,entrance_intersection,entrance_direction,exit_intersection,exit_direction
235,2.69,66.44,5,W,5,N
236,5.84,66.74,5,W,5,N
237,7.01,67.04,5,W,5,N
238,9.82,67.34,5,W,5,N
239,12.59,67.64,5,W,5,N
240,56.03,67.94,5,W,5,N
241,59.03,68.24,5,W,5,N
242,62.01,68.54,5,W,5,N
3,95.76,109.90,1,S,1,W
7,103.42,117.56,1,S,1,E
75,33.54,137.37,1,W,3,E
137,4.07,138.27,1,E,3,W
6,100.16,140.41,1,S,2,W
192,81.47,143.24,3,W,5,N
243,76.55,166.34,5,W,5,N
244,106.56,166.64,5,W,5,N
245,133.06,166.94,5,W,5,N
292,135.96,180.34,5,E,5,N
293,137.41,180.64,5,E,5,N
2,91.91,199.90,1,S,3,W
209,36.50,200.10,3,E,5,W
191,51.13,200.40,3,W,5,W
0,3.07,200.70,1,S,5,W
5,97.91,201.10,1,S,1,W
14,121.45,201.40,1,S,1,W
23,157.43,201.70,1,S,1,W
24,158.70,202.00,1,S,1,W
13,117.24,202.00,1,S,2,W
294,196.01,202.15,5,E,5,N
33,180.00,202.30,1,S,1,W
32,178.77,217.50,1,S,1,E
1,3.19,222.24,1,S,5,N
170,20.73,222.54,2,W,5,N
181,92.74,222.84,2,E,5,N
72,24.40,223.14,1,W,5,N
73,26.78,223.44,1,W,5,N
74,30.49,223.74,1,W,5,N
76,49.54,224.04,1,W,5,N
77,56.21,224.34,1,W,5,N
138,7.31,224.64,1,E,5,N
139,42.29,224.94,1,E,5,N
210,122.82,231.07,3,E,5,N
193,127.49,231.07,3,W,5,N
8,106.47,236.57,1,S,3,E
11,113.83,237.47,1,S,3,E
22,154.94,241.22,1,S,2,W
27,165.32,242.12,1,S,2,W
144,181.17,243.36,1,E,3,E
246,216.44,266.24,5,W,5,N
247,217.39,266.54,5,W,5,N
248,245.22,266.84,5,W,5,N
249,247.13,267.14,5,W,5,N
295,204.08,280.24,5,E,5,N
296,232.55,280.54,5,E,5,N
211,136.59,300.00,3,E,5,W
194,144.06,300.30,3,W,5,W
182,177.61,300.60,2,E,5,W
10,113.34,300.90,1,S,5,W
17,135.07,301.20,1,S,5,W
34,254.37,301.50,1,S,1,W
79,86.60,301.50,1,W,5,W
80,94.57,301.80,1,W,5,W
30,174.73,302.10,1,S,3,E
140,110.96,302.10,1,E,5,W
35,255.01,314.30,1,S,1,E
4,96.30,316.00,1,S,5,E
141,124.86,318.40,1,E,5,E
9,109.76,322.44,1,S,5,N
12,117.18,322.74,1,S,5,N
15,127.18,323.04,1,S,5,N
16,132.25,323.34,1,S,5,N
78,75.03,323.64,1,W,5,N
81,95.59,323.94,1,W,5,N
82,135.01,324.24,1,W,5,N
142,156.87,324.84,1,E,5,N
143,177.54,325.14,1,E,5,N
213,231.19,331.17,3,E,5,N
214,246.34,331.47,3,E,5,N
215,249.43,331.77,3,E,5,N
195,271.98,333.75,3,W,5,N
145,217.75,338.47,1,E,3,E
250,310.12,366.14,5,W,5,N
251,355.73,366.44,5,W,5,N
252,356.19,366.74,5,W,5,N
253,368.87,375.00,5,W,5,N
254,371.88,378.01,5,W,5,N
297,367.66,380.14,5,E,5,N
298,368.74,380.44,5,E,5,N
299,383.42,389.55,5,E,5,N
212,228.50,399.90,3,E,5,W
18,142.41,400.20,1,S,5,W
19,144.54,400.50,1,S,5,W
20,148.43,400.80,1,S,5,W
90,289.51,401.00,1,W,2,E
26,162.78,401.10,1,S,5,W
28,168.04,401.40,1,S,5,W
171,215.97,401.70,2,W,5,W
183,258.86,402.00,2,E,5,W
88,243.06,402.30,1,W,5,W
25,162.70,416.20,1,S,5,E
21,152.41,422.04,1,S,5,N
29,172.90,422.64,1,S,5,N
31,177.62,422.94,1,S,5,N
172,292.25,423.24,2,W,5,N
83,166.19,423.54,1,W,5,N
84,210.95,423.84,1,W,5,N
85,232.50,424.14,1,W,5,N
86,233.93,424.44,1,W,5,N
87,236.77,424.74,1,W,5,N
216,367.32,430.67,3,E,5,N
197,337.81,430.97,3,W,5,N
198,344.05,431.27,3,W,5,N
199,344.83,431.57,3,W,5,N
94,305.61,438.27,1,W,3,W
97,338.79,439.17,1,W,3,E
37,341.37,441.12,1,S,2,E
43,429.51,443.64,1,S,1,E
255,375.66,466.04,5,W,5,N
256,378.12,466.34,5,W,5,N
257,380.66,466.64,5,W,5,N
258,387.52,466.94,5,W,5,N
259,390.70,467.24,5,W,5,N
260,396.23,467.54,5,W,5,N
261,399.07,467.84,5,W,5,N
262,403.03,468.14,5,W,5,N
263,406.78,468.44,5,W,5,N
300,425.69,480.04,5,E,5,N
301,446.29,480.34,5,E,5,N
196,314.33,499.80,3,W,5,W
173,365.23,500.10,2,W,5,W
93,303.64,500.40,1,W,5,W
96,310.36,500.70,1,W,5,W
146,314.30,501.00,1,E,5,W
148,338.89,501.30,1,E,5,W
40,421.94,501.40,1,S,2,W
149,341.02,501.60,1,E,5,W
151,361.99,501.90,1,E,5,W
153,381.00,502.20,1,E,5,W
54,486.33,502.30,1,S,1,W
154,383.91,502.50,1,E,5,W
46,443.00,515.40,1,S,1,E
184,341.38,515.80,2,E,5,E
89,281.55,522.24,1,W,5,N
91,290.56,522.54,1,W,5,N
92,301.46,522.84,1,W,5,N
95,309.18,523.14,1,W,5,N
147,335.97,523.44,1,E,5,N
150,356.68,523.74,1,E,5,N
152,369.72,524.04,1,E,5,N
159,501.66,527.78,1,E,2,W
200,463.31,530.47,3,W,5,N
217,464.20,530.47,3,E,5,N
201,463.55,530.77,3,W,5,N
218,467.05,530.77,3,E,5,N
98,371.43,538.67,1,W,3,W
203,481.10,542.87,3,W,5,N
221,482.94,544.71,3,E,5,N
222,485.66,547.43,3,E,5,N
264,488.84,565.94,5,W,5,N
265,489.09,566.24,5,W,5,N
266,522.86,566.54,5,W,5,N
267,564.08,570.22,5,W,5,N
268,569.33,575.46,5,W,5,N
269,569.45,575.59,5,W,5,N
270,571.71,577.85,5,W,5,N
302,591.71,597.84,5,E,5,N
219,469.24,599.70,3,E,5,W
202,470.60,600.00,3,W,5,W
220,480.93,600.30,3,E,5,W
39,421.77,600.60,1,S,5,W
52,482.04,600.90,1,S,3,W
42,426.86,600.90,1,S,5,W
100,381.71,601.20,1,W,5,W
101,421.88,601.50,1,W,5,W
103,435.86,601.80,1,W,5,W
155,415.87,602.10,1,E,5,W
174,435.67,616.30,2,W,5,E
36,338.92,621.84,1,S,5,N
185,433.76,622.14,2,E,5,N
175,478.28,622.74,2,W,5,N
38,419.60,623.04,1,S,5,N
41,424.88,623.34,1,S,5,N
44,432.38,623.64,1,S,5,N
99,378.93,623.94,1,W,5,N
102,432.88,624.24,1,W,5,N
104,439.62,624.54,1,W,5,N
105,458.52,624.84,1,W,5,N
106,461.07,625.14,1,W,5,N
107,463.71,625.44,1,W,5,N
156,446.89,625.74,1,E,5,N
157,478.15,626.04,1,E,5,N
158,489.39,626.34,1,E,5,N
223,511.32,630.27,3,E,5,N
224,513.77,630.57,3,E,5,N
225,517.75,630.87,3,E,5,N
227,524.35,631.47,3,E,5,N
228,528.30,631.77,3,E,5,N
229,531.76,632.07,3,E,5,N
230,534.96,632.37,3,E,5,N
55,580.27,641.62,1,S,2,W
204,593.50,649.14,3,W,5,E
271,584.36,665.84,5,W,5,N
272,586.30,666.14,5,W,5,N
273,589.17,666.44,5,W,5,N
274,591.47,666.74,5,W,5,N
275,609.03,667.04,5,W,5,N
276,656.06,667.34,5,W,5,N
277,659.54,667.64,5,W,5,N
57,583.65,699.20,1,S,3,W
226,521.63,699.60,3,E,5,W
45,441.49,699.90,1,S,5,W
48,460.38,700.20,1,S,5,W
51,478.52,700.50,1,S,5,W
53,483.74,700.80,1,S,5,W
59,628.87,701.00,1,S,2,W
108,466.40,701.10,1,W,5,W
109,470.15,701.40,1,W,5,W
110,515.52,701.70,1,W,5,W
303,695.80,701.93,5,E,5,N
160,511.77,702.00,1,E,5,W
304,696.26,702.39,5,E,5,N
119,630.43,703.40,1,W,2,W
188,676.38,713.17,2,E,3,E
47,446.09,721.74,1,S,5,N
49,463.98,722.04,1,S,5,N
50,467.07,722.34,1,S,5,N
186,518.45,722.64,2,E,5,N
176,522.22,722.94,2,W,5,N
177,579.71,723.24,2,W,5,N
187,586.98,723.54,2,E,5,N
111,530.34,723.84,1,W,5,N
161,533.05,724.14,1,E,5,N
162,537.73,724.44,1,E,5,N
163,595.85,724.74,1,E,5,N
205,644.28,730.07,3,W,5,N
278,676.92,765.74,5,W,5,N
279,679.32,766.04,5,W,5,N
280,708.42,766.34,5,W,5,N
281,738.98,766.64,5,W,5,N
282,744.63,766.94,5,W,5,N
283,747.73,767.24,5,W,5,N
284,761.31,767.44,5,W,5,N
305,706.51,779.74,5,E,5,N
306,733.22,780.04,5,E,5,N
307,778.97,785.10,5,E,5,N
308,781.92,788.05,5,E,5,N
231,648.35,799.50,3,E,5,W
232,651.19,799.80,3,E,5,W
206,690.87,800.10,3,W,5,W
56,581.81,800.40,1,S,5,W
61,761.37,803.50,1,S,1,W
58,584.35,821.64,1,S,5,N
112,568.12,821.94,1,W,5,N
113,574.23,822.24,1,W,5,N
114,576.74,822.54,1,W,5,N
115,619.47,822.84,1,W,5,N
116,620.85,823.14,1,W,5,N
117,624.73,823.44,1,W,5,N
233,713.83,823.73,3,E,5,E
118,626.92,823.74,1,W,5,N
120,647.14,824.04,1,W,5,N
121,650.61,824.34,1,W,5,N
122,672.03,837.17,1,W,3,E
167,733.22,839.57,1,E,3,W
285,783.30,865.64,5,W,5,N
286,800.52,865.94,5,W,5,N
287,805.14,866.24,5,W,5,N
288,809.86,866.54,5,W,5,N
289,814.58,866.84,5,W,5,N
290,816.93,867.14,5,W,5,N
62,762.48,898.50,1,S,3,W
179,771.70,899.40,2,W,5,W
126,737.75,899.70,1,W,5,W
164,714.24,900.00,1,E,5,W
165,724.32,900.30,1,E,5,W
168,743.76,900.60,1,E,5,W
70,863.62,903.90,1,S,1,W
189,771.12,916.00,2,E,5,E
180,777.09,916.30,2,W,5,E
124,697.66,916.90,1,W,5,E
67,847.83,917.30,1,S,1,E
60,690.80,921.54,1,S,5,N
178,770.75,921.84,2,W,5,N
123,694.56,922.74,1,W,5,N
125,735.99,923.34,1,W,5,N
166,731.35,923.64,1,E,5,N
234,822.17,929.67,3,E,5,N
208,872.29,934.06,3,W,5,N
65,843.51,942.82,1,S,2,W
291,876.54,965.54,5,W,5,N
71,865.29,999.20,1,S,3,E
207,818.96,999.30,3,W,5,W
63,762.59,999.60,1,S,5,W
127,770.93,999.90,1,W,5,W
129,792.07,1000.20,1,W,5,W
134,842.17,1000.50,1,W,5,W
135,849.74,1000.80,1,W,5,W
190,826.04,1021.44,2,E,5,N
64,839.94,1021.74,1,S,5,N
128,773.38,1022.04,1,W,5,N
130,819.92,1022.34,1,W,5,N
131,833.98,1022.64,1,W,5,N
132,836.22,1022.94,1,W,5,N
133,839.98,1023.24,1,W,5,N
169,868.65,1023.54,1,E,5,N
136,879.92,1099.20,1,W,5,W
66,847.25,1121.34,1,S,5,N
68,847.92,1121.64,1,S,5,N
69,859.24,1121.94,1,S,5,N