id,enter_time,exit_time,entrance_intersection,entrance_direction,exit_intersection,exit_direction
282,5.41,41.54,5,W,5,N
283,10.97,41.84,5,W,5,N
284,12.70,42.14,5,W,5,N
285,18.12,42.44,5,W,5,N
355,2.02,55.54,5,E,5,N
266,13.51,75.63,3,E,5,W
265,11.41,97.44,3,E,5,N
5,82.16,100.70,1,S,1,W
6,82.94,101.00,1,S,1,W
7,83.91,101.30,1,S,1,W
10,87.96,102.09,1,S,1,W
126,31.25,126.00,1,W,2,W
286,69.63,141.44,5,W,5,N
287,71.43,141.74,5,W,5,N
288,75.29,142.04,5,W,5,N
289,76.76,142.34,5,W,5,N
290,81.45,142.64,5,W,5,N
291,86.06,142.94,5,W,5,N
292,88.17,143.24,5,W,5,N
293,102.30,143.54,5,W,5,N
294,105.74,143.84,5,W,5,N
295,108.63,144.14,5,W,5,N
296,108.64,144.44,5,W,5,N
297,133.35,144.74,5,W,5,N
298,136.96,145.04,5,W,5,N
299,140.67,146.80,5,W,5,N
300,147.98,154.11,5,W,5,N
356,94.24,155.44,5,E,5,N
357,95.59,155.74,5,E,5,N
358,104.35,156.04,5,E,5,N
359,107.44,156.34,5,E,5,N
360,128.46,156.64,5,E,5,N
2,5.83,175.20,1,S,5,W
3,9.14,175.50,1,S,5,W
267,117.49,175.80,3,E,5,W
13,93.66,176.89,1,S,3,E
0,1.66,197.34,1,S,5,N
1,4.48,197.64,1,S,5,N
4,9.75,197.94,1,S,5,N
257,133.23,198.24,3,W,5,N
15,107.28,201.10,1,S,1,W
18,115.80,201.40,1,S,1,W
24,126.43,201.70,1,S,1,W
29,140.89,202.00,1,S,1,W
30,143.00,202.30,1,S,1,W
33,150.62,202.60,1,S,1,W
35,157.39,202.90,1,S,1,W
36,163.15,203.20,1,S,1,W
40,187.78,203.50,1,S,1,W
245,68.88,211.87,2,E,5,N
42,191.39,216.30,1,S,1,E
43,191.51,216.60,1,S,1,E
196,61.69,219.21,1,E,5,E
127,50.00,224.14,1,W,5,N
193,0.68,224.44,1,E,5,N
194,21.55,224.74,1,E,5,N
198,66.63,225.94,1,E,5,N
200,92.13,226.54,1,E,5,N
301,160.15,241.34,5,W,5,N
302,164.45,241.64,5,W,5,N
303,166.69,241.94,5,W,5,N
304,182.91,242.24,5,W,5,N
305,186.52,242.54,5,W,5,N
306,200.64,242.84,5,W,5,N
307,202.60,243.14,5,W,5,N
308,222.94,243.44,5,W,5,N
309,226.77,243.74,5,W,5,N
247,205.73,250.20,2,E,3,W
361,183.36,255.34,5,E,5,N
362,202.91,255.64,5,E,5,N
246,107.55,275.10,2,E,5,W
124,26.38,275.40,1,W,5,W
125,29.59,275.70,1,W,5,W
195,59.42,276.00,1,E,5,W
197,66.58,276.30,1,E,5,W
199,71.31,276.60,1,E,5,W
32,150.12,276.69,1,S,3,W
12,92.37,276.90,1,S,5,W
17,115.42,277.20,1,S,5,W
20,117.79,277.50,1,S,5,W
22,119.76,277.80,1,S,5,W
23,122.94,278.10,1,S,5,W
46,211.37,287.69,1,S,3,W
8,85.38,297.24,1,S,5,N
9,86.46,297.54,1,S,5,N
11,89.34,297.84,1,S,5,N
14,96.30,298.14,1,S,5,N
16,112.01,298.44,1,S,5,N
19,116.00,298.74,1,S,5,N
21,118.14,299.04,1,S,5,N
25,128.29,299.34,1,S,5,N
268,221.49,299.64,3,E,5,N
45,210.45,301.50,1,S,1,W
50,287.37,301.51,1,S,1,W
51,289.51,303.65,1,S,1,W
234,180.29,311.67,2,W,5,N
129,74.15,318.11,1,W,5,E
27,134.92,323.64,1,S,5,N
131,92.87,324.84,1,W,5,N
132,99.98,325.14,1,W,5,N
134,128.24,325.74,1,W,5,N
135,130.40,326.04,1,W,5,N
139,177.91,326.20,1,W,2,W
140,179.19,326.50,1,W,2,E
203,231.72,330.10,1,E,2,W
310,253.82,341.24,5,W,5,N
54,296.54,341.32,1,S,2,W
311,264.67,341.54,5,W,5,N
312,268.72,341.84,5,W,5,N
313,272.20,342.14,5,W,5,N
314,277.58,342.44,5,W,5,N
315,311.97,342.74,5,W,5,N
316,326.51,343.04,5,W,5,N
317,329.90,343.34,5,W,5,N
318,335.34,343.64,5,W,5,N
319,337.96,344.10,5,W,5,N
320,341.11,347.24,5,W,5,N
235,257.57,349.70,2,W,3,E
363,291.76,355.24,5,E,5,N
364,298.33,355.54,5,E,5,N
365,299.09,355.84,5,E,5,N
366,345.96,356.14,5,E,5,N
204,237.96,366.47,1,E,3,W
367,360.45,366.59,5,E,5,N
258,246.44,375.00,3,W,5,W
26,131.12,375.30,1,S,5,W
128,70.64,375.60,1,W,5,W
130,81.72,375.90,1,W,5,W
133,102.26,376.20,1,W,5,W
136,131.28,376.50,1,W,5,W
201,101.81,376.80,1,E,5,W
28,138.05,377.10,1,S,5,W
368,371.22,377.36,5,E,5,N
37,175.05,377.40,1,S,5,W
39,182.00,377.70,1,S,5,W
44,194.74,378.00,1,S,5,W
48,216.73,378.30,1,S,5,W
31,148.89,397.14,1,S,5,N
34,153.63,397.44,1,S,5,N
38,178.25,397.74,1,S,5,N
41,189.63,398.04,1,S,5,N
47,214.30,398.34,1,S,5,N
269,320.05,398.64,3,E,5,N
248,288.31,411.77,2,E,5,N
236,284.49,412.07,2,W,5,N
56,387.14,414.70,1,S,1,E
145,252.62,419.71,1,W,5,E
205,242.73,422.41,1,E,5,E
138,174.73,423.74,1,W,5,N
141,181.49,424.64,1,W,5,N
142,185.42,424.94,1,W,5,N
144,239.65,425.54,1,W,5,N
146,254.94,426.14,1,W,5,N
147,257.39,426.44,1,W,5,N
154,321.01,426.60,1,W,2,W
149,259.06,427.04,1,W,5,N
150,260.21,427.34,1,W,5,N
211,326.24,428.70,1,E,2,E
206,253.88,428.84,1,E,5,N
207,258.86,429.14,1,E,5,N
68,426.58,440.71,1,S,1,E
321,358.89,441.14,5,W,5,N
322,362.89,441.44,5,W,5,N
59,393.24,441.72,1,S,2,W
323,365.22,441.74,5,W,5,N
324,368.59,442.04,5,W,5,N
325,389.48,442.34,5,W,5,N
326,428.83,442.64,5,W,5,N
327,434.23,442.94,5,W,5,N
328,435.46,443.24,5,W,5,N
329,438.00,444.14,5,W,5,N
152,300.29,462.07,1,W,3,W
157,352.88,463.57,1,W,3,W
213,342.68,465.37,1,E,3,W
137,173.24,474.90,1,W,5,W
143,236.78,475.20,1,W,5,W
148,258.75,475.50,1,W,5,W
202,229.25,475.80,1,E,5,W
208,261.74,476.10,1,E,5,W
63,406.13,482.45,1,S,3,W
55,307.27,491.80,1,S,5,E
49,286.24,497.04,1,S,5,N
52,292.39,497.34,1,S,5,N
53,294.21,497.64,1,S,5,N
270,418.19,498.24,3,E,5,N
259,389.72,498.54,3,W,5,N
62,405.55,502.30,1,S,1,W
64,408.94,502.60,1,S,1,W
67,426.35,502.90,1,S,1,W
70,435.22,503.20,1,S,1,W
71,490.26,504.40,1,S,1,W
74,496.20,510.34,1,S,1,W
237,343.22,511.27,2,W,5,N
249,328.49,511.57,2,E,5,N
250,372.45,511.87,2,E,5,N
151,288.06,523.54,1,W,5,N
153,318.78,524.14,1,W,5,N
156,349.48,525.04,1,W,5,N
158,354.90,525.64,1,W,5,N
209,320.00,525.94,1,E,5,N
210,323.96,526.24,1,E,5,N
215,455.66,527.30,1,E,2,E
330,465.11,541.04,5,W,5,N
369,504.11,555.04,5,E,5,N
161,403.51,562.47,1,W,3,E
271,440.92,574.80,3,E,5,W
238,370.95,575.10,2,W,5,W
251,416.35,575.40,2,E,5,W
155,323.84,575.70,1,W,5,W
212,337.50,576.00,1,E,5,W
214,398.76,576.30,1,E,5,W
58,391.28,576.60,1,S,5,W
66,412.14,576.90,1,S,5,W
273,480.06,577.20,3,E,5,W
69,428.29,592.00,1,S,5,E
57,390.04,596.94,1,S,5,N
60,399.51,597.24,1,S,5,N
61,403.08,597.54,1,S,5,N
65,411.69,597.84,1,S,5,N
272,460.04,598.44,3,E,5,N
260,499.97,598.74,3,W,5,N
80,566.36,602.70,1,S,1,W
83,582.97,603.00,1,S,1,W
239,428.39,611.07,2,W,5,N
252,509.84,611.37,2,E,5,N
86,597.91,612.05,1,S,1,W
78,562.47,615.80,1,S,1,E
81,578.20,616.40,1,S,1,E
159,391.05,617.51,1,W,5,E
160,401.47,617.81,1,W,5,E
92,609.58,623.72,1,S,1,E
163,455.04,624.84,1,W,5,N
216,460.38,625.44,1,E,5,N
217,464.95,625.74,1,E,5,N
218,476.64,626.04,1,E,5,N
96,621.83,635.96,1,S,1,E
331,555.15,640.94,5,W,5,N
332,559.21,641.24,5,W,5,N
333,559.69,641.54,5,W,5,N
334,562.87,641.84,5,W,5,N
335,618.94,642.14,5,W,5,N
85,591.10,643.42,1,S,2,W
253,589.28,649.10,2,E,3,E
336,647.64,653.78,5,W,5,N
370,604.09,654.94,5,E,5,N
371,614.26,655.24,5,E,5,N
372,615.07,655.54,5,E,5,N
373,615.53,655.84,5,E,5,N
374,641.41,656.14,5,E,5,N
94,620.73,660.98,1,S,2,W
166,544.43,662.57,1,W,3,W
162,405.91,674.70,1,W,5,W
73,494.40,675.00,1,S,5,W
75,496.75,675.30,1,S,5,W
275,621.47,677.10,3,E,5,W
277,638.35,693.99,3,E,5,E
72,492.36,696.84,1,S,5,N
76,498.08,697.14,1,S,5,N
274,558.63,697.44,3,E,5,N
276,625.19,697.74,3,E,5,N
261,638.42,700.19,3,W,5,N
91,607.23,703.10,1,S,1,W
95,621.02,703.40,1,S,1,W
102,639.11,703.70,1,S,1,W
165,536.50,717.91,1,W,5,E
105,707.04,721.17,1,S,1,E
164,485.64,723.74,1,W,5,N
167,562.52,724.64,1,W,5,N
219,576.91,724.94,1,E,5,N
168,607.41,726.60,1,W,2,W
337,726.71,740.84,5,W,5,N
338,729.62,741.14,5,W,5,N
339,731.81,741.44,5,W,5,N
340,734.00,741.74,5,W,5,N
103,639.72,742.02,1,S,2,W
111,729.91,744.04,1,S,1,E
240,626.83,749.20,2,W,3,W
375,749.76,755.90,5,E,5,N
376,752.39,758.53,5,E,5,N
221,631.38,763.87,1,E,3,W
79,563.42,774.60,1,S,5,W
84,588.03,774.90,1,S,5,W
87,597.96,775.20,1,S,5,W
88,598.57,775.50,1,S,5,W
93,613.20,791.80,1,S,5,E
77,559.09,796.74,1,S,5,N
82,580.89,797.04,1,S,5,N
89,601.57,797.34,1,S,5,N
90,606.55,797.64,1,S,5,N
97,622.17,798.24,1,S,5,N
98,624.39,798.54,1,S,5,N
99,624.67,798.84,1,S,5,N
278,713.30,799.14,3,E,5,N
262,687.85,799.44,3,W,5,N
279,716.71,799.74,3,E,5,N
104,704.78,803.50,1,S,1,W
109,723.39,803.80,1,S,1,W
241,650.56,811.27,2,W,5,N
115,804.41,818.55,1,S,1,E
101,636.07,824.14,1,S,5,N
169,640.07,824.74,1,W,5,N
224,641.97,826.54,1,E,5,N
226,672.80,827.14,1,E,5,N
227,695.94,827.44,1,E,5,N
341,748.32,840.74,5,W,5,N
342,797.48,841.04,5,W,5,N
343,800.11,841.34,5,W,5,N
344,802.66,841.64,5,W,5,N
345,803.88,841.94,5,W,5,N
346,811.96,842.24,5,W,5,N
347,814.05,842.54,5,W,5,N
348,816.29,842.84,5,W,5,N
349,843.24,849.38,5,W,5,N
377,778.88,854.74,5,E,5,N
378,786.95,855.04,5,E,5,N
254,658.58,874.50,2,E,5,W
100,633.47,874.80,1,S,5,W
170,646.55,875.10,1,W,5,W
220,617.40,875.40,1,E,5,W
222,633.78,875.70,1,E,5,W
223,636.97,876.00,1,E,5,W
225,644.65,876.30,1,E,5,W
107,721.31,876.60,1,S,5,W
106,716.31,896.64,1,S,5,N
108,722.68,896.94,1,S,5,N
110,728.00,897.24,1,S,5,N
263,804.73,897.54,3,W,5,N
280,818.49,897.84,3,E,5,N
281,836.33,898.10,3,E,5,N
123,888.60,903.90,1,S,1,W
264,843.13,904.90,3,W,5,N
112,733.65,923.94,1,S,5,N
113,736.82,924.24,1,S,5,N
114,738.05,924.54,1,S,5,N
172,671.92,925.14,1,W,5,N
174,676.17,925.74,1,W,5,N
175,700.49,926.04,1,W,5,N
229,744.90,926.94,1,E,5,N
230,823.10,929.80,1,E,2,W
232,838.47,930.40,1,E,2,E
350,863.85,940.64,5,W,5,N
351,866.30,940.94,5,W,5,N
352,880.94,941.24,5,W,5,N
353,883.46,941.54,5,W,5,N
354,886.00,941.84,5,W,5,N
119,878.67,943.12,1,S,2,W
122,883.78,944.02,1,S,2,W
379,892.92,954.64,5,E,5,N
179,811.26,962.87,1,W,3,W
180,813.51,963.17,1,W,3,W
255,757.24,974.40,2,E,5,W
171,668.98,974.70,1,W,5,W
173,674.98,975.00,1,W,5,W
176,743.85,975.30,1,W,5,W
228,742.63,975.60,1,E,5,W
116,805.99,975.90,1,S,5,W
121,883.24,979.79,1,S,3,W
117,808.13,996.54,1,S,5,N
256,843.53,1010.57,2,E,5,N
244,877.76,1011.17,2,W,5,N
178,809.01,1024.34,1,W,5,N
182,820.94,1025.54,1,W,5,N
184,824.73,1026.14,1,W,5,N
185,827.92,1026.44,1,W,5,N
186,830.60,1026.74,1,W,5,N
187,860.71,1027.04,1,W,5,N
231,833.95,1027.94,1,E,5,N
233,874.35,1028.54,1,E,5,N
189,871.82,1062.37,1,W,3,W
242,842.49,1074.30,2,W,5,W
243,855.00,1074.60,2,W,5,W
177,787.02,1074.90,1,W,5,W
181,817.74,1075.20,1,W,5,W
183,821.45,1075.50,1,W,5,W
188,863.92,1075.80,1,W,5,W
118,876.73,1096.44,1,S,5,N
120,879.69,1096.74,1,S,5,N
190,875.93,1124.44,1,W,5,N
191,878.96,1124.74,1,W,5,N
192,881.57,1125.04,1,W,5,N