id,enter_time,exit_time,entrance_intersection,entrance_direction,exit_intersection,exit_direction
237,2.28,41.54,5,W,5,N
238,22.91,41.84,5,W,5,N
239,27.27,42.14,5,W,5,N
240,27.77,42.44,5,W,5,N
241,48.15,54.29,5,W,5,N
332,5.26,55.54,5,E,5,N
333,32.69,55.84,5,E,5,N
0,3.86,100.70,1,S,1,W
242,48.89,141.44,5,W,5,N
243,49.53,141.74,5,W,5,N
244,52.71,142.04,5,W,5,N
245,58.40,142.34,5,W,5,N
246,83.48,142.64,5,W,5,N
247,83.82,142.94,5,W,5,N
248,98.06,143.24,5,W,5,N
249,100.77,143.54,5,W,5,N
334,128.54,155.44,5,E,5,N
335,131.59,155.74,5,E,5,N
336,163.51,169.64,5,E,5,N
1,4.03,197.34,1,S,5,N
2,6.66,197.64,1,S,5,N
3,8.34,197.94,1,S,5,N
4,11.22,198.24,1,S,5,N
5,13.00,198.54,1,S,5,N
6,16.96,198.84,1,S,5,N
222,72.23,199.14,3,E,5,N
207,113.03,199.44,3,W,5,N
223,74.27,199.74,3,E,5,N
11,157.05,201.10,1,S,1,W
16,176.01,201.40,1,S,1,W
195,95.61,211.87,2,E,5,N
10,146.34,214.20,1,S,1,E
62,38.16,223.24,1,W,5,N
63,41.21,223.54,1,W,5,N
150,153.11,227.60,1,E,2,E
9,143.84,240.02,1,S,2,W
250,150.00,241.34,5,W,5,N
251,153.59,241.64,5,W,5,N
252,157.59,241.94,5,W,5,N
253,160.78,242.24,5,W,5,N
254,178.36,242.54,5,W,5,N
255,216.15,242.84,5,W,5,N
256,221.46,243.14,5,W,5,N
337,194.12,255.34,5,E,5,N
338,196.83,255.64,5,E,5,N
64,63.36,275.10,1,W,5,W
7,80.48,275.40,1,S,5,W
208,217.64,275.70,3,W,5,W
14,169.63,277.29,1,S,3,W
224,190.23,291.40,3,E,5,E
8,83.67,297.24,1,S,5,N
225,213.09,297.84,3,E,5,N
196,158.86,311.97,2,E,5,N
197,201.07,312.27,2,E,5,N
65,88.00,323.34,1,W,5,N
66,120.97,323.64,1,W,5,N
67,123.85,323.94,1,W,5,N
69,141.51,324.54,1,W,5,N
70,144.83,324.84,1,W,5,N
151,163.67,325.74,1,E,5,N
152,185.14,326.04,1,E,5,N
257,253.34,341.24,5,W,5,N
258,256.14,341.54,5,W,5,N
259,277.97,341.84,5,W,5,N
260,280.55,342.14,5,W,5,N
261,282.77,342.44,5,W,5,N
262,285.86,342.74,5,W,5,N
263,324.91,343.04,5,W,5,N
198,281.44,350.00,2,E,3,W
182,309.11,350.60,2,W,3,E
264,345.21,351.35,5,W,5,N
339,300.54,355.24,5,E,5,N
340,303.73,355.54,5,E,5,N
341,314.00,355.84,5,E,5,N
342,323.53,356.14,5,E,5,N
343,335.39,356.44,5,E,5,N
72,190.60,361.97,1,W,3,W
81,217.78,364.67,1,W,3,W
209,233.17,375.00,3,W,5,W
179,173.58,375.30,2,W,5,W
68,138.61,375.60,1,W,5,W
149,102.30,375.90,1,E,5,W
228,323.07,378.70,3,E,5,W
22,315.19,391.51,1,S,3,W
12,163.61,397.14,1,S,5,N
13,166.82,397.44,1,S,5,N
15,173.13,397.74,1,S,5,N
226,275.98,398.04,3,E,5,N
227,311.32,398.34,3,E,5,N
180,225.61,411.47,2,W,5,N
77,208.26,419.11,1,W,5,E
73,193.79,424.04,1,W,5,N
74,197.71,424.34,1,W,5,N
79,214.97,425.84,1,W,5,N
89,311.57,426.60,1,W,2,W
82,220.76,426.74,1,W,5,N
86,255.35,427.94,1,W,5,N
265,360.36,441.14,5,W,5,N
266,363.79,441.44,5,W,5,N
267,394.11,441.74,5,W,5,N
268,399.15,442.04,5,W,5,N
269,401.70,442.34,5,W,5,N
270,404.48,442.64,5,W,5,N
271,408.58,442.94,5,W,5,N
272,410.81,443.24,5,W,5,N
273,416.29,443.54,5,W,5,N
274,420.18,443.84,5,W,5,N
275,423.18,444.14,5,W,5,N
276,426.28,444.44,5,W,5,N
277,427.85,444.74,5,W,5,N
278,428.09,445.04,5,W,5,N
279,431.18,445.34,5,W,5,N
280,434.69,445.64,5,W,5,N
281,437.68,445.94,5,W,5,N
282,439.74,446.24,5,W,5,N
283,441.88,448.01,5,W,5,N
284,445.35,451.48,5,W,5,N
344,387.01,455.14,5,E,5,N
345,428.66,455.44,5,E,5,N
87,275.26,462.07,1,W,3,E
210,338.77,474.90,3,W,5,W
181,234.26,475.20,2,W,5,W
71,187.91,475.50,1,W,5,W
75,199.81,475.80,1,W,5,W
76,203.34,476.10,1,W,5,W
78,211.39,476.40,1,W,5,W
80,215.05,476.70,1,W,5,W
83,222.93,477.00,1,W,5,W
84,224.95,477.30,1,W,5,W
85,236.91,477.60,1,W,5,W
153,278.00,477.90,1,E,5,W
20,249.92,478.20,1,S,5,W
23,316.22,478.50,1,S,5,W
211,389.56,478.80,3,W,5,W
17,244.81,497.04,1,S,5,N
18,248.38,497.34,1,S,5,N
19,248.51,497.64,1,S,5,N
21,250.38,497.94,1,S,5,N
229,400.95,498.24,3,E,5,N
183,330.44,511.27,2,W,5,N
199,369.41,511.57,2,E,5,N
185,401.99,512.17,2,W,5,N
200,405.00,512.47,2,E,5,N
88,308.36,524.14,1,W,5,N
155,361.77,525.64,1,E,5,N
285,505.94,541.04,5,W,5,N
286,526.33,541.34,5,W,5,N
287,526.43,541.64,5,W,5,N
188,481.67,550.20,2,W,3,E
288,546.38,552.52,5,W,5,N
346,481.28,555.04,5,E,5,N
347,483.16,555.34,5,E,5,N
348,535.08,555.64,5,E,5,N
349,547.75,555.94,5,E,5,N
100,406.00,564.27,1,W,3,E
184,348.78,574.80,2,W,5,W
24,330.35,575.10,1,S,5,W
90,313.04,575.40,1,W,5,W
91,364.22,575.70,1,W,5,W
154,316.21,576.00,1,E,5,W
156,375.18,576.30,1,E,5,W
230,481.12,591.40,3,E,5,E
25,424.45,596.94,1,S,5,N
26,424.76,597.24,1,S,5,N
212,501.51,597.84,3,W,5,N
231,495.55,598.14,3,E,5,N
201,496.59,605.23,2,E,5,E
186,431.35,611.07,2,W,5,N
187,459.33,611.67,2,W,5,N
189,508.58,612.27,2,W,5,N
95,382.92,618.41,1,W,5,E
158,501.95,621.11,1,E,5,E
93,378.98,623.94,1,W,5,N
94,380.68,624.24,1,W,5,N
97,392.55,625.14,1,W,5,N
99,398.17,625.74,1,W,5,N
102,457.19,626.64,1,W,5,N
157,462.50,626.94,1,E,5,N
289,563.79,640.94,5,W,5,N
37,627.04,641.18,1,S,1,E
290,614.41,641.24,5,W,5,N
291,617.31,641.54,5,W,5,N
292,619.95,641.84,5,W,5,N
293,623.70,642.14,5,W,5,N
294,625.68,642.44,5,W,5,N
295,627.78,642.74,5,W,5,N
296,630.36,643.04,5,W,5,N
202,587.08,649.40,2,E,3,E
297,646.84,652.97,5,W,5,N
350,653.85,659.99,5,E,5,N
92,371.81,674.70,1,W,5,W
96,385.33,675.00,1,W,5,W
98,394.80,675.30,1,W,5,W
101,423.53,675.60,1,W,5,W
27,503.32,675.90,1,S,5,W
28,509.42,676.20,1,S,5,W
29,510.90,676.50,1,S,5,W
213,552.08,676.80,3,W,5,W
30,511.98,696.84,1,S,5,N
31,514.11,697.14,1,S,5,N
232,559.42,697.44,3,E,5,N
214,554.05,697.74,3,W,5,N
215,589.03,698.04,3,W,5,N
216,596.87,698.34,3,W,5,N
233,626.33,698.64,3,E,5,N
35,621.08,703.10,1,S,1,W
234,645.98,707.75,3,E,5,N
42,696.66,710.80,1,S,1,W
190,584.23,710.87,2,W,5,N
43,699.08,716.80,1,S,1,E
203,619.10,716.94,2,E,5,N
105,503.70,724.34,1,W,5,N
107,563.25,724.94,1,W,5,N
108,565.70,725.24,1,W,5,N
159,535.77,725.54,1,E,5,N
161,588.64,726.14,1,E,5,N
47,712.73,726.87,1,S,1,E
51,720.00,734.13,1,S,1,E
298,650.15,740.84,5,W,5,N
299,652.35,741.14,5,W,5,N
300,656.34,741.44,5,W,5,N
301,658.95,741.74,5,W,5,N
302,661.72,742.04,5,W,5,N
303,664.60,742.34,5,W,5,N
304,666.97,742.64,5,W,5,N
305,688.39,742.94,5,W,5,N
306,690.10,743.24,5,W,5,N
307,692.99,743.54,5,W,5,N
308,695.27,743.84,5,W,5,N
309,698.05,744.14,5,W,5,N
310,722.31,744.44,5,W,5,N
109,567.92,762.07,1,W,3,E
114,597.49,763.57,1,W,3,W
103,496.71,774.60,1,W,5,W
104,500.63,774.90,1,W,5,W
106,524.97,775.20,1,W,5,W
160,553.69,775.50,1,E,5,W
162,600.54,775.80,1,E,5,W
32,608.08,776.10,1,S,5,W
33,616.67,776.40,1,S,5,W
34,617.18,776.70,1,S,5,W
38,628.61,777.00,1,S,5,W
217,650.75,777.30,3,W,5,W
36,623.83,796.74,1,S,5,N
218,703.41,797.04,3,W,5,N
50,718.90,803.50,1,S,1,W
53,723.79,803.80,1,S,1,W
204,710.39,810.67,2,E,5,N
110,570.02,824.14,1,W,5,N
112,574.42,824.74,1,W,5,N
113,593.90,825.04,1,W,5,N
115,597.84,825.64,1,W,5,N
117,650.96,826.24,1,W,5,N
118,654.25,826.54,1,W,5,N
119,657.42,826.84,1,W,5,N
127,730.24,827.00,1,W,2,W
120,660.95,827.14,1,W,5,N
121,662.44,827.44,1,W,5,N
123,665.17,828.04,1,W,5,N
165,663.75,828.94,1,E,5,N
311,763.44,840.74,5,W,5,N
312,764.21,841.04,5,W,5,N
313,766.67,841.34,5,W,5,N
314,778.88,841.64,5,W,5,N
315,780.88,841.94,5,W,5,N
316,781.57,842.24,5,W,5,N
317,783.60,842.54,5,W,5,N
318,786.77,842.84,5,W,5,N
319,790.52,843.14,5,W,5,N
320,793.79,843.44,5,W,5,N
321,796.98,843.74,5,W,5,N
322,800.64,844.04,5,W,5,N
323,815.14,844.34,5,W,5,N
324,836.10,844.64,5,W,5,N
351,790.01,854.74,5,E,5,N
111,572.14,874.50,1,W,5,W
116,617.13,874.80,1,W,5,W
122,663.11,875.10,1,W,5,W
163,611.00,875.40,1,E,5,W
164,649.87,875.70,1,E,5,W
166,693.46,876.00,1,E,5,W
167,696.29,876.30,1,E,5,W
39,691.73,876.60,1,S,5,W
44,704.95,876.90,1,S,5,W
45,706.81,877.20,1,S,5,W
235,752.41,877.50,3,E,5,W
219,821.90,877.54,3,W,5,W
46,709.79,891.10,1,S,5,E
40,694.25,896.64,1,S,5,N
41,694.99,896.94,1,S,5,N
48,713.71,897.54,1,S,5,N
49,715.35,897.84,1,S,5,N
52,720.03,898.14,1,S,5,N
220,822.77,898.44,3,W,5,N
221,830.30,898.74,3,W,5,N
57,866.00,903.90,1,S,1,W
59,870.21,904.20,1,S,1,W
191,750.83,910.47,2,W,5,N
205,793.62,910.77,2,E,5,N
126,726.43,918.41,1,W,5,E
170,778.47,919.91,1,E,5,E
124,669.06,923.94,1,W,5,N
125,711.63,924.24,1,W,5,N
128,736.12,925.14,1,W,5,N
168,749.73,925.44,1,E,5,N
169,756.85,925.74,1,E,5,N
171,798.24,926.34,1,E,5,N
144,833.75,930.70,1,W,2,W
177,867.79,933.40,1,E,2,W
325,865.39,940.64,5,W,5,N
326,869.78,940.94,5,W,5,N
327,870.33,941.24,5,W,5,N
328,887.04,941.54,5,W,5,N
329,890.17,941.84,5,W,5,N
330,892.27,942.14,5,W,5,N
331,895.34,942.44,5,W,5,N
193,834.56,949.10,2,W,3,E
194,895.51,949.40,2,W,3,W
352,891.06,954.64,5,E,5,N
131,780.51,962.87,1,W,3,W
147,841.19,967.67,1,W,3,W
172,808.91,967.97,1,E,3,W
54,789.40,996.54,1,S,5,N
236,851.34,996.84,3,E,5,N
206,881.99,1010.27,2,E,5,N
192,825.88,1010.57,2,W,5,N
146,837.98,1023.01,1,W,5,E
129,774.79,1024.04,1,W,5,N
130,774.88,1024.34,1,W,5,N
133,787.74,1025.24,1,W,5,N
135,792.04,1025.84,1,W,5,N
136,793.69,1026.14,1,W,5,N
138,798.89,1026.74,1,W,5,N
139,805.03,1027.04,1,W,5,N
140,807.12,1027.34,1,W,5,N
145,835.95,1028.84,1,W,5,N
173,812.29,1030.04,1,E,5,N
174,817.29,1030.34,1,E,5,N
175,821.79,1030.64,1,E,5,N
176,846.54,1030.94,1,E,5,N
178,888.83,1031.54,1,E,5,N
132,784.24,1074.30,1,W,5,W
134,788.57,1074.60,1,W,5,W
137,796.20,1074.90,1,W,5,W
141,825.97,1075.20,1,W,5,W
142,828.30,1075.50,1,W,5,W
143,830.47,1075.80,1,W,5,W
60,873.13,1076.10,1,S,5,W
55,861.96,1096.44,1,S,5,N
56,863.01,1096.74,1,S,5,N
58,868.04,1097.04,1,S,5,N
61,877.10,1097.34,1,S,5,N
148,882.21,1174.20,1,W,5,W