id,enter_time,exit_time,entrance_intersection,entrance_direction,exit_intersection,exit_direction
2,5.11,19.25,1,S,1,E
259,15.41,41.54,5,W,5,N
260,42.62,48.76,5,W,5,N
5,10.14,50.39,1,S,2,W
261,47.73,53.86,5,W,5,N
306,11.28,55.54,5,E,5,N
3,6.53,82.85,1,S,3,E
7,22.87,99.19,1,S,3,E
0,3.05,100.70,1,S,1,W
1,3.46,101.00,1,S,1,W
6,12.50,101.30,1,S,1,W
9,25.58,101.91,1,S,3,E
17,101.15,115.29,1,S,1,E
92,15.06,126.30,1,W,2,E
15,97.48,139.92,1,S,2,W
262,121.44,141.44,5,W,5,N
204,26.68,150.10,2,E,3,W
307,92.23,155.44,5,E,5,N
308,103.46,155.74,5,E,5,N
189,20.07,175.20,2,W,5,W
4,8.78,175.50,1,S,5,W
10,27.09,175.80,1,S,5,W
231,90.00,176.10,3,E,5,W
220,124.95,192.10,3,W,5,E
8,25.02,197.34,1,S,5,N
11,29.44,197.64,1,S,5,N
232,115.00,197.94,3,E,5,N
233,133.34,198.54,3,E,5,N
234,135.97,198.84,3,E,5,N
235,138.61,200.38,3,E,5,N
18,104.40,201.10,1,S,1,W
20,112.90,201.40,1,S,1,W
94,43.38,218.61,1,W,5,E
160,5.13,219.21,1,E,5,E
13,30.43,223.54,1,S,5,N
91,11.72,223.84,1,W,5,N
93,28.28,224.44,1,W,5,N
95,63.88,225.04,1,W,5,N
96,76.34,225.50,1,W,2,W
263,196.15,241.34,5,W,5,N
264,197.64,241.64,5,W,5,N
265,200.11,241.94,5,W,5,N
266,203.86,242.24,5,W,5,N
267,207.21,242.54,5,W,5,N
309,211.64,255.34,5,E,5,N
310,248.71,255.64,5,E,5,N
311,251.91,258.04,5,E,5,N
100,106.59,262.77,1,W,3,E
101,108.09,263.07,1,W,3,E
163,161.53,264.87,1,E,3,W
12,30.02,275.10,1,S,5,W
14,37.04,275.40,1,S,5,W
16,99.03,275.70,1,S,5,W
21,113.02,291.40,1,S,5,E
19,107.68,297.24,1,S,5,N
236,168.43,297.84,3,E,5,N
237,170.81,298.14,3,E,5,N
238,189.07,298.44,3,E,5,N
239,199.70,298.74,3,E,5,N
221,225.49,299.04,3,W,5,N
222,229.56,299.34,3,W,5,N
28,263.64,301.50,1,S,1,W
37,282.22,301.80,1,S,1,W
191,216.82,308.53,2,W,5,E
190,200.22,311.97,2,W,5,N
206,223.61,321.45,2,E,5,N
97,96.54,323.64,1,W,5,N
98,103.04,323.94,1,W,5,N
99,105.99,324.24,1,W,5,N
102,110.63,325.14,1,W,5,N
103,153.73,325.44,1,W,5,N
162,156.12,326.34,1,E,5,N
112,222.38,327.70,1,W,2,W
268,285.64,341.24,5,W,5,N
48,313.90,354.15,1,S,2,W
312,345.63,355.24,5,E,5,N
110,208.57,363.17,1,W,3,W
51,324.73,364.98,1,S,2,E
205,125.91,375.00,2,E,5,W
104,157.38,375.30,1,W,5,W
161,137.15,375.60,1,E,5,W
241,314.00,375.90,3,E,5,W
243,320.73,376.37,3,E,5,W
27,259.95,377.69,1,S,3,E
244,323.18,378.81,3,E,5,W
50,320.75,397.07,1,S,3,E
22,186.92,397.14,1,S,5,N
240,297.94,397.44,3,E,5,N
223,255.87,397.74,3,W,5,N
242,317.38,398.04,3,E,5,N
245,339.05,400.82,3,E,5,N
46,311.30,401.90,1,S,1,W
53,338.36,402.20,1,S,1,W
207,246.83,405.33,2,E,5,E
192,242.24,411.77,2,W,5,N
208,270.87,412.07,2,E,5,N
193,282.79,412.37,2,W,5,N
209,300.98,412.67,2,E,5,N
105,168.74,423.44,1,W,5,N
107,189.35,424.04,1,W,5,N
111,215.40,425.24,1,W,5,N
113,225.25,425.84,1,W,5,N
164,273.47,426.44,1,E,5,N
59,425.90,440.04,1,S,1,E
269,352.45,441.14,5,W,5,N
270,364.89,441.44,5,W,5,N
271,370.73,441.74,5,W,5,N
272,374.12,442.04,5,W,5,N
273,376.77,442.34,5,W,5,N
274,391.49,442.64,5,W,5,N
275,393.49,442.94,5,W,5,N
313,450.79,456.92,5,E,5,N
106,171.79,474.90,1,W,5,W
108,193.25,475.20,1,W,5,W
109,194.93,475.50,1,W,5,W
114,244.76,475.80,1,W,5,W
25,256.70,476.10,1,S,5,W
26,257.37,476.40,1,S,5,W
33,272.72,476.70,1,S,5,W
34,276.08,477.00,1,S,5,W
35,279.96,477.30,1,S,5,W
38,282.62,477.60,1,S,5,W
42,300.13,477.90,1,S,5,W
44,307.87,478.20,1,S,5,W
47,313.33,478.50,1,S,5,W
246,369.96,478.80,3,E,5,W
224,357.58,479.10,3,W,5,W
56,417.51,493.83,1,S,3,W
225,399.30,494.80,3,W,5,E
23,252.68,497.04,1,S,5,N
24,255.14,497.34,1,S,5,N
29,265.23,497.64,1,S,5,N
30,267.73,497.94,1,S,5,N
31,271.27,498.24,1,S,5,N
32,271.85,498.54,1,S,5,N
36,280.90,498.84,1,S,5,N
39,286.78,499.14,1,S,5,N
40,295.43,499.44,1,S,5,N
41,298.87,499.74,1,S,5,N
43,305.92,500.04,1,S,5,N
45,309.92,500.34,1,S,5,N
49,316.98,500.64,1,S,5,N
226,406.66,501.24,3,W,5,N
58,421.40,502.30,1,S,1,W
60,430.90,502.60,1,S,1,W
210,325.90,511.27,2,E,5,N
211,376.95,511.87,2,E,5,N
212,404.96,512.77,2,E,5,N
121,323.02,519.51,1,W,5,E
52,335.28,523.54,1,S,5,N
115,272.46,523.84,1,W,5,N
116,275.10,524.14,1,W,5,N
117,298.29,524.44,1,W,5,N
118,301.53,524.74,1,W,5,N
120,310.94,525.34,1,W,5,N
165,302.92,526.54,1,E,5,N
166,324.64,526.84,1,E,5,N
276,482.76,541.04,5,W,5,N
277,503.02,541.34,5,W,5,N
278,503.48,541.64,5,W,5,N
279,504.27,541.94,5,W,5,N
280,537.59,543.73,5,W,5,N
281,540.57,546.70,5,W,5,N
314,475.72,555.04,5,E,5,N
315,491.00,555.34,5,E,5,N
316,505.22,555.64,5,E,5,N
317,509.05,555.94,5,E,5,N
62,434.83,562.17,1,S,3,W
129,461.30,563.97,1,W,3,E
194,335.61,574.80,2,W,5,W
195,353.51,575.10,2,W,5,W
196,381.31,575.40,2,W,5,W
119,308.07,575.70,1,W,5,W
122,326.86,576.00,1,W,5,W
123,365.35,576.30,1,W,5,W
167,340.53,576.60,1,E,5,W
168,350.58,576.90,1,E,5,W
54,341.44,577.20,1,S,5,W
247,475.54,577.50,3,E,5,W
249,480.29,577.80,3,E,5,W
250,500.94,578.10,3,E,5,W
55,413.60,596.94,1,S,5,N
57,418.58,597.24,1,S,5,N
248,477.76,597.54,3,E,5,N
228,544.55,606.32,3,W,5,N
197,444.54,611.07,2,W,5,N
198,523.53,615.24,2,W,5,E
66,541.83,616.10,1,S,1,E
214,524.91,616.62,2,E,5,E
126,438.50,618.71,1,W,5,E
130,464.09,619.91,1,W,5,E
171,471.05,620.81,1,E,5,E
125,407.35,624.54,1,W,5,N
127,442.48,625.14,1,W,5,N
128,445.27,625.44,1,W,5,N
169,403.80,626.34,1,E,5,N
170,469.37,626.64,1,E,5,N
172,486.78,627.24,1,E,5,N
282,585.52,640.94,5,W,5,N
215,612.27,649.40,2,E,3,E
318,645.70,654.94,5,E,5,N
133,555.40,662.57,1,W,3,E
227,542.91,674.70,3,W,5,W
213,444.71,675.00,2,E,5,W
61,432.30,675.30,1,S,5,W
124,402.55,675.60,1,W,5,W
67,543.46,678.59,1,S,3,W
252,626.02,681.65,3,E,5,W
253,628.10,683.74,3,E,5,W
63,441.68,696.84,1,S,5,N
251,614.36,697.14,3,E,5,N
254,631.83,697.44,3,E,5,N
68,611.67,703.10,1,S,1,W
255,646.08,707.85,3,E,5,N
200,624.96,722.81,2,W,5,N
173,506.99,724.64,1,E,5,N
175,578.03,725.24,1,E,5,N
283,652.66,740.84,5,W,5,N
284,672.86,741.14,5,W,5,N
285,675.05,741.44,5,W,5,N
286,680.13,741.74,5,W,5,N
287,683.97,742.04,5,W,5,N
288,688.26,742.34,5,W,5,N
289,691.24,742.64,5,W,5,N
290,696.41,742.94,5,W,5,N
291,700.09,743.24,5,W,5,N
292,703.67,743.54,5,W,5,N
293,703.78,743.84,5,W,5,N
294,706.22,744.14,5,W,5,N
295,706.78,744.44,5,W,5,N
296,735.71,744.74,5,W,5,N
297,739.16,745.30,5,W,5,N
298,742.66,748.79,5,W,5,N
299,743.91,750.04,5,W,5,N
319,697.91,754.84,5,E,5,N
134,593.16,762.07,1,W,3,E
199,548.40,774.60,2,W,5,W
131,467.53,774.90,1,W,5,W
132,505.95,775.20,1,W,5,W
174,547.52,775.50,1,E,5,W
70,614.01,775.80,1,S,5,W
71,615.78,776.10,1,S,5,W
257,714.20,776.40,3,E,5,W
64,540.95,796.74,1,S,5,N
65,541.34,797.04,1,S,5,N
69,613.89,797.34,1,S,5,N
256,677.30,797.64,3,E,5,N
229,672.16,797.94,3,W,5,N
78,773.62,803.50,1,S,1,W
81,775.28,803.80,1,S,1,W
216,697.59,810.97,2,E,5,N
79,774.89,816.90,1,S,1,E
177,631.80,819.21,1,E,5,E
135,625.07,824.14,1,W,5,N
178,648.59,825.64,1,E,5,N
179,665.94,825.94,1,E,5,N
181,676.03,826.54,1,E,5,N
142,716.36,827.30,1,W,2,W
145,761.56,828.20,1,W,2,W
300,757.15,840.74,5,W,5,N
301,760.63,841.04,5,W,5,N
302,762.79,841.34,5,W,5,N
303,790.61,841.64,5,W,5,N
85,787.33,844.52,1,S,2,W
320,803.79,854.74,5,E,5,N
321,829.80,855.04,5,E,5,N
322,849.20,855.34,5,E,5,N
201,699.39,874.50,2,W,5,W
136,657.29,874.80,1,W,5,W
137,658.21,875.10,1,W,5,W
176,630.93,875.40,1,E,5,W
180,671.67,875.70,1,E,5,W
74,682.95,876.00,1,S,5,W
323,870.95,877.09,5,E,5,N
83,781.82,879.99,1,S,3,E
84,784.98,880.29,1,S,3,W
230,779.25,891.40,3,W,5,E
258,822.20,891.70,3,E,5,E
72,676.53,896.64,1,S,5,N
73,680.50,896.94,1,S,5,N
75,685.81,897.24,1,S,5,N
217,751.05,910.77,2,E,5,N
218,794.55,911.07,2,E,5,N
203,785.88,911.37,2,W,5,N
140,710.48,924.54,1,W,5,N
143,728.95,925.44,1,W,5,N
144,757.76,925.74,1,W,5,N
146,765.10,926.34,1,W,5,N
182,713.20,926.94,1,E,5,N
183,716.28,927.24,1,E,5,N
184,750.32,927.54,1,E,5,N
185,760.59,927.84,1,E,5,N
186,767.04,928.14,1,E,5,N
304,878.60,940.64,5,W,5,N
305,890.81,940.94,5,W,5,N
202,744.61,974.40,2,W,5,W
138,701.95,974.70,1,W,5,W
139,708.86,975.00,1,W,5,W
141,714.06,975.30,1,W,5,W
147,765.59,975.60,1,W,5,W
187,790.58,975.90,1,E,5,W
86,869.35,978.89,1,S,3,W
89,886.68,979.79,1,S,3,W
76,763.64,996.54,1,S,5,N
77,771.85,996.84,1,S,5,N
80,775.18,997.14,1,S,5,N
82,781.36,997.44,1,S,5,N
219,880.51,1004.13,2,E,5,E
156,860.54,1020.31,1,W,5,E
148,767.83,1024.04,1,W,5,N
149,770.41,1024.34,1,W,5,N
152,850.85,1025.24,1,W,5,N
153,853.16,1025.54,1,W,5,N
155,858.49,1026.14,1,W,5,N
188,837.34,1027.34,1,E,5,N
159,871.54,1062.37,1,W,3,W
150,773.51,1074.30,1,W,5,W
151,806.16,1074.60,1,W,5,W
154,856.06,1074.90,1,W,5,W
157,862.91,1075.20,1,W,5,W
158,867.83,1075.50,1,W,5,W
90,892.98,1075.80,1,S,5,W
88,878.70,1090.60,1,S,5,E
87,873.96,1096.44,1,S,5,N