id,enter_time,exit_time,entrance_intersection,entrance_direction,exit_intersection,exit_direction
231,3.62,66.44,5,W,5,N
232,7.39,66.74,5,W,5,N
233,9.38,67.04,5,W,5,N
234,14.66,67.34,5,W,5,N
235,29.64,67.64,5,W,5,N
236,31.68,67.94,5,W,5,N
237,43.80,68.24,5,W,5,N
238,46.33,68.54,5,W,5,N
239,66.54,72.68,5,W,5,N
240,67.38,73.52,5,W,5,N
314,2.88,80.44,5,E,5,N
315,3.54,80.74,5,E,5,N
316,20.93,81.04,5,E,5,N
1,71.69,100.70,1,S,1,W
4,85.56,101.00,1,S,1,W
9,91.83,105.96,1,S,1,W
12,95.20,109.34,1,S,1,W
18,111.69,125.82,1,S,1,E
198,17.70,131.27,3,W,5,N
212,83.79,145.56,3,E,5,N
241,89.33,166.34,5,W,5,N
242,91.62,166.64,5,W,5,N
243,96.87,166.94,5,W,5,N
244,113.89,167.24,5,W,5,N
245,116.44,167.54,5,W,5,N
246,119.31,167.84,5,W,5,N
247,122.08,168.14,5,W,5,N
248,126.24,168.44,5,W,5,N
249,131.30,168.74,5,W,5,N
250,149.07,169.04,5,W,5,N
251,153.64,169.34,5,W,5,N
317,127.38,180.34,5,E,5,N
318,144.63,180.64,5,E,5,N
319,146.88,180.94,5,E,5,N
320,150.22,181.24,5,E,5,N
170,17.08,200.10,2,W,5,W
88,28.40,200.40,1,W,5,W
21,115.25,201.10,1,S,1,W
31,145.16,201.40,1,S,1,W
36,159.33,201.70,1,S,1,W
38,167.62,202.00,1,S,1,W
41,174.76,202.30,1,S,1,W
47,186.88,202.60,1,S,1,W
16,102.68,203.20,1,S,3,W
35,155.35,215.70,1,S,1,E
140,29.45,217.30,1,E,5,E
0,0.80,222.24,1,S,5,N
181,70.35,222.54,2,E,5,N
171,42.79,222.84,2,W,5,N
87,26.31,223.14,1,W,5,N
213,168.98,231.07,3,E,5,N
199,136.10,231.07,3,W,5,N
45,180.04,243.92,1,S,2,E
252,175.01,266.24,5,W,5,N
253,177.74,266.54,5,W,5,N
254,180.23,266.84,5,W,5,N
255,193.09,267.14,5,W,5,N
256,193.38,267.44,5,W,5,N
257,195.68,267.74,5,W,5,N
258,265.12,271.26,5,W,5,N
259,268.97,275.10,5,W,5,N
260,272.20,278.33,5,W,5,N
321,286.34,292.47,5,E,5,N
200,172.02,300.00,3,W,5,W
214,187.72,300.30,3,E,5,W
2,73.69,300.60,1,S,5,W
7,91.17,300.90,1,S,5,W
13,95.62,301.20,1,S,5,W
172,111.94,301.50,2,W,5,W
183,181.56,301.80,2,E,5,W
22,121.00,302.10,1,S,5,W
322,296.07,302.20,5,E,5,N
24,130.22,302.40,1,S,5,W
26,135.70,302.70,1,S,5,W
89,69.86,303.00,1,W,5,W
90,73.15,303.30,1,W,5,W
142,148.84,303.60,1,E,5,W
51,255.48,314.30,1,S,1,E
3,81.05,322.14,1,S,5,N
5,85.64,322.44,1,S,5,N
6,90.48,322.74,1,S,5,N
8,91.67,323.04,1,S,5,N
10,94.62,323.34,1,S,5,N
11,95.11,323.64,1,S,5,N
14,100.08,323.94,1,S,5,N
15,102.47,324.24,1,S,5,N
182,124.16,324.54,2,E,5,N
17,105.74,324.84,1,S,5,N
19,112.17,325.14,1,S,5,N
20,112.86,325.44,1,S,5,N
23,124.10,325.74,1,S,5,N
25,131.39,326.04,1,S,5,N
27,136.42,326.34,1,S,5,N
91,75.69,326.64,1,W,5,N
92,83.37,326.94,1,W,5,N
93,89.47,327.24,1,W,5,N
94,137.62,327.54,1,W,5,N
141,118.15,327.84,1,E,5,N
215,201.08,330.87,3,E,5,N
202,240.82,331.17,3,W,5,N
217,208.45,331.47,3,E,5,N
218,219.81,331.77,3,E,5,N
219,221.87,332.07,3,E,5,N
144,231.64,339.37,1,E,3,W
203,295.93,357.70,3,W,5,N
261,303.51,366.14,5,W,5,N
262,319.80,366.44,5,W,5,N
263,323.33,366.74,5,W,5,N
264,339.82,367.04,5,W,5,N
265,342.31,367.34,5,W,5,N
266,347.54,367.64,5,W,5,N
267,347.87,367.94,5,W,5,N
268,350.29,368.24,5,W,5,N
269,353.57,368.54,5,W,5,N
270,353.81,368.84,5,W,5,N
323,313.96,380.14,5,E,5,N
201,213.36,399.90,3,W,5,W
216,205.03,400.20,3,E,5,W
28,137.53,400.50,1,S,5,W
34,153.17,400.80,1,S,5,W
39,171.40,401.10,1,S,5,W
42,177.58,401.40,1,S,5,W
105,298.76,401.60,1,W,2,W
43,179.48,401.70,1,S,5,W
56,365.05,401.90,1,S,1,W
46,184.41,402.00,1,S,5,W
48,189.77,402.30,1,S,5,W
173,263.95,402.60,2,W,5,W
96,180.05,402.90,1,W,5,W
100,216.53,403.20,1,W,5,W
143,227.82,403.50,1,E,5,W
146,246.85,403.80,1,E,5,W
54,356.34,415.00,1,S,1,E
37,166.64,417.10,1,S,5,E
50,193.89,418.90,1,S,5,E
97,205.11,419.50,1,W,5,E
29,141.10,422.04,1,S,5,N
30,141.42,422.34,1,S,5,N
32,147.36,422.64,1,S,5,N
33,151.12,422.94,1,S,5,N
40,173.32,423.54,1,S,5,N
44,179.81,423.84,1,S,5,N
49,193.76,424.14,1,S,5,N
184,233.99,424.44,2,E,5,N
174,275.39,424.74,2,W,5,N
95,177.45,425.34,1,W,5,N
98,211.54,425.94,1,W,5,N
99,214.56,426.24,1,W,5,N
101,247.27,426.54,1,W,5,N
145,236.91,426.84,1,E,5,N
220,302.00,430.67,3,E,5,N
102,285.33,436.77,1,W,3,W
110,344.60,439.17,1,W,3,W
149,376.31,440.07,1,E,3,E
53,354.08,440.82,1,S,2,E
59,369.00,442.32,1,S,2,W
271,420.19,466.04,5,W,5,N
272,423.49,466.34,5,W,5,N
273,425.79,466.64,5,W,5,N
274,428.15,466.94,5,W,5,N
275,429.80,467.24,5,W,5,N
276,437.55,467.54,5,W,5,N
277,455.39,467.84,5,W,5,N
278,458.40,468.14,5,W,5,N
279,461.93,468.44,5,W,5,N
324,452.69,480.04,5,E,5,N
325,482.83,488.96,5,E,5,N
221,305.23,499.80,3,E,5,W
326,493.94,500.07,5,E,5,N
185,324.33,500.10,2,E,5,W
109,313.93,500.40,1,W,5,W
148,371.50,500.70,1,E,5,W
150,382.87,501.00,1,E,5,W
60,445.58,502.30,1,S,1,W
61,448.06,502.60,1,S,1,W
62,448.62,502.90,1,S,1,W
327,498.40,504.54,5,E,5,N
188,450.34,512.97,2,E,3,W
107,304.38,518.20,1,W,5,E
52,256.94,521.94,1,S,5,N
175,315.96,522.24,2,W,5,N
186,358.03,522.54,2,E,5,N
176,321.11,522.84,2,W,5,N
187,395.99,523.14,2,E,5,N
103,289.20,523.44,1,W,5,N
104,295.80,523.74,1,W,5,N
106,302.12,524.04,1,W,5,N
108,308.14,524.64,1,W,5,N
147,367.37,524.94,1,E,5,N
205,463.30,530.77,3,W,5,N
114,407.39,537.77,1,W,3,W
280,479.48,565.94,5,W,5,N
281,484.81,566.24,5,W,5,N
282,485.61,566.54,5,W,5,N
283,487.80,566.84,5,W,5,N
284,497.56,567.14,5,W,5,N
285,529.31,567.44,5,W,5,N
286,561.02,567.74,5,W,5,N
287,564.01,570.14,5,W,5,N
288,568.52,574.66,5,W,5,N
328,542.25,579.94,5,E,5,N
329,562.65,580.24,5,E,5,N
204,440.50,599.70,3,W,5,W
222,419.90,600.00,3,E,5,W
115,410.23,600.30,1,W,5,W
152,457.68,600.60,1,E,5,W
64,531.80,602.70,1,S,1,W
66,535.54,603.00,1,S,1,W
67,538.55,603.30,1,S,1,W
70,544.85,603.60,1,S,1,W
151,418.79,618.10,1,E,5,E
55,359.79,621.84,1,S,5,N
57,365.90,622.14,1,S,5,N
58,368.71,622.44,1,S,5,N
177,497.36,622.74,2,W,5,N
111,388.10,623.04,1,W,5,N
112,391.61,623.34,1,W,5,N
113,406.89,623.64,1,W,5,N
116,450.13,623.94,1,W,5,N
117,492.10,637.57,1,W,3,W
206,593.59,655.36,3,W,5,N
224,595.25,657.02,3,E,5,N
289,658.50,665.84,5,W,5,N
290,659.17,666.14,5,W,5,N
223,517.99,699.60,3,E,5,W
190,568.52,699.90,2,E,5,W
154,537.25,700.20,1,E,5,W
120,576.03,701.30,1,W,2,W
121,579.60,701.60,1,W,2,W
76,653.91,703.10,1,S,1,W
77,655.91,703.40,1,S,1,W
330,698.03,704.16,5,E,5,N
331,698.71,704.85,5,E,5,N
78,696.24,710.37,1,S,1,W
72,644.11,715.90,1,S,1,E
189,539.78,721.74,2,E,5,N
191,591.78,722.04,2,E,5,N
63,526.57,722.34,1,S,5,N
65,534.77,722.64,1,S,5,N
118,526.60,722.94,1,W,5,N
119,544.95,723.24,1,W,5,N
153,529.10,723.54,1,E,5,N
71,635.77,737.07,1,S,3,W
126,663.72,739.17,1,W,3,E
74,649.28,742.62,1,S,2,W
291,673.61,765.74,5,W,5,N
292,673.76,766.04,5,W,5,N
293,678.87,766.34,5,W,5,N
294,679.41,766.64,5,W,5,N
295,682.82,766.94,5,W,5,N
296,685.30,767.24,5,W,5,N
297,687.71,767.54,5,W,5,N
298,691.48,767.84,5,W,5,N
299,692.14,768.14,5,W,5,N
300,695.19,768.44,5,W,5,N
301,699.70,768.74,5,W,5,N
302,731.32,769.04,5,W,5,N
225,598.89,799.50,3,E,5,W
226,617.82,799.80,3,E,5,W
227,698.60,800.10,3,E,5,W
68,540.76,800.40,1,S,5,W
69,541.94,800.70,1,S,5,W
192,629.74,801.00,2,E,5,W
125,661.20,801.30,1,W,5,W
155,657.94,801.60,1,E,5,W
130,753.72,802.00,1,W,2,W
131,756.54,802.30,1,W,2,W
157,706.27,802.60,1,E,2,W
194,718.17,813.27,2,E,3,E
180,735.99,813.57,2,W,3,W
80,779.68,816.60,1,S,1,E
193,652.08,821.64,2,E,5,N
178,686.97,821.94,2,W,5,N
122,619.28,822.24,1,W,5,N
123,650.92,822.54,1,W,5,N
124,657.32,822.84,1,W,5,N
208,726.70,830.17,3,W,5,N
160,714.66,839.57,1,E,3,E
209,781.77,843.54,3,W,5,N
303,782.55,865.64,5,W,5,N
304,785.08,865.94,5,W,5,N
305,787.20,866.24,5,W,5,N
306,804.46,866.54,5,W,5,N
307,806.06,866.84,5,W,5,N
308,810.63,867.14,5,W,5,N
309,846.62,867.44,5,W,5,N
310,851.37,867.74,5,W,5,N
332,803.15,879.64,5,E,5,N
207,725.27,899.40,3,W,5,W
73,645.49,899.70,1,S,5,W
195,755.12,900.00,2,E,5,W
128,712.16,900.30,1,W,5,W
129,715.30,900.60,1,W,5,W
158,711.13,900.90,1,E,5,W
159,713.99,901.20,1,E,5,W
162,728.25,901.50,1,E,5,W
163,738.37,901.80,1,E,5,W
85,860.28,903.90,1,S,1,W
83,857.14,917.00,1,S,1,E
156,702.80,921.54,1,E,5,N
75,652.89,921.84,1,S,5,N
179,709.06,922.14,2,W,5,N
127,708.55,922.44,1,W,5,N
161,718.89,922.74,1,E,5,N
210,798.93,929.67,3,W,5,N
228,800.81,929.67,3,E,5,N
211,829.39,929.97,3,W,5,N
132,787.89,937.27,1,W,3,E
311,876.21,965.54,5,W,5,N
312,894.87,965.84,5,W,5,N
313,897.62,966.14,5,W,5,N
82,855.50,998.30,1,S,3,E
229,803.56,999.30,3,E,5,W
230,878.59,999.60,3,E,5,W
134,800.71,999.90,1,W,5,W
137,844.06,1000.20,1,W,5,W
165,836.46,1000.50,1,E,5,W
79,775.95,1021.44,1,S,5,N
81,782.86,1021.74,1,S,5,N
196,809.94,1022.04,2,E,5,N
197,899.71,1022.34,2,E,5,N
133,790.70,1022.64,1,W,5,N
135,808.00,1022.94,1,W,5,N
136,838.77,1023.24,1,W,5,N
138,859.65,1023.54,1,W,5,N
139,863.03,1023.84,1,W,5,N
164,824.47,1024.14,1,E,5,N
166,841.33,1024.44,1,E,5,N
167,859.81,1024.74,1,E,5,N
168,877.95,1025.04,1,E,5,N
169,884.19,1025.34,1,E,5,N
86,863.91,1099.20,1,S,5,W
84,857.90,1121.34,1,S,5,N