id,enter_time,exit_time,entrance_intersection,entrance_direction,exit_intersection,exit_direction
256,2.02,41.54,5,W,5,N
257,3.81,41.84,5,W,5,N
258,6.38,42.14,5,W,5,N
259,10.22,42.44,5,W,5,N
332,41.96,55.54,5,E,5,N
333,58.65,64.79,5,E,5,N
334,59.19,65.33,5,E,5,N
214,18.39,75.33,3,W,5,W
231,12.63,97.44,3,E,5,N
215,18.81,97.74,3,W,5,N
232,47.51,109.28,3,E,5,N
108,59.29,126.60,1,W,2,W
12,124.82,138.96,1,S,1,E
260,68.13,141.44,5,W,5,N
261,70.76,141.74,5,W,5,N
262,76.54,142.04,5,W,5,N
263,79.12,142.34,5,W,5,N
264,81.82,142.64,5,W,5,N
265,84.78,142.94,5,W,5,N
266,88.05,143.24,5,W,5,N
267,109.68,143.54,5,W,5,N
268,111.00,143.84,5,W,5,N
269,125.14,144.14,5,W,5,N
270,142.67,148.81,5,W,5,N
271,144.85,150.98,5,W,5,N
335,148.24,155.44,5,E,5,N
336,151.51,157.65,5,E,5,N
168,78.00,164.17,1,E,3,W
337,162.07,168.20,5,E,5,N
338,168.08,174.21,5,E,5,N
0,1.36,175.20,1,S,5,W
217,106.66,175.43,3,W,5,W
2,97.09,175.99,1,S,3,W
220,122.14,177.77,3,W,5,W
216,50.06,197.34,3,W,5,N
233,74.35,197.64,3,E,5,N
234,77.48,197.94,3,E,5,N
235,111.31,198.24,3,E,5,N
218,115.85,198.54,3,W,5,N
219,121.46,198.84,3,W,5,N
14,127.08,201.10,1,S,1,W
17,133.19,201.40,1,S,1,W
18,135.50,201.70,1,S,1,W
188,25.80,205.73,2,W,5,E
201,96.05,212.17,2,E,5,N
26,164.27,215.70,1,S,1,E
104,2.20,217.11,1,W,5,E
105,4.79,223.54,1,W,5,N
106,7.61,223.84,1,W,5,N
107,56.02,224.14,1,W,5,N
110,61.11,225.04,1,W,5,N
112,63.30,225.64,1,W,5,N
19,135.74,225.80,1,S,2,E
116,104.65,227.00,1,W,2,W
272,163.52,241.34,5,W,5,N
273,166.06,241.64,5,W,5,N
274,170.08,241.94,5,W,5,N
275,173.06,242.24,5,W,5,N
276,187.40,242.54,5,W,5,N
277,190.91,242.84,5,W,5,N
278,196.27,243.14,5,W,5,N
279,197.33,243.44,5,W,5,N
280,200.01,243.74,5,W,5,N
281,204.90,244.04,5,W,5,N
282,208.38,244.34,5,W,5,N
283,227.81,244.64,5,W,5,N
284,228.39,244.94,5,W,5,N
285,232.26,245.24,5,W,5,N
202,190.11,249.90,2,E,3,E
339,179.34,255.34,5,E,5,N
340,180.40,255.64,5,E,5,N
341,188.39,255.94,5,E,5,N
342,232.73,256.24,5,E,5,N
343,243.55,256.54,5,E,5,N
120,144.63,264.27,1,W,3,W
189,74.77,275.10,2,W,5,W
109,59.56,275.40,1,W,5,W
111,62.88,275.70,1,W,5,W
3,98.75,276.00,1,S,5,W
8,114.43,276.30,1,S,5,W
10,119.36,276.60,1,S,5,W
236,222.16,277.80,3,E,5,W
237,224.32,279.96,3,E,5,W
221,225.23,280.86,3,W,5,W
1,86.33,297.24,1,S,5,N
4,102.66,297.54,1,S,5,N
5,106.60,297.84,1,S,5,N
6,110.42,298.14,1,S,5,N
7,111.06,298.44,1,S,5,N
9,116.50,298.74,1,S,5,N
11,121.02,299.04,1,S,5,N
13,125.46,299.34,1,S,5,N
15,128.90,299.64,1,S,5,N
34,296.37,310.50,1,S,1,W
118,120.21,319.31,1,W,5,E
113,70.98,323.94,1,W,5,N
115,88.69,324.54,1,W,5,N
117,107.94,325.14,1,W,5,N
119,142.38,325.74,1,W,5,N
121,150.21,326.34,1,W,5,N
169,137.17,326.94,1,E,5,N
170,161.43,327.24,1,E,5,N
286,269.55,341.24,5,W,5,N
287,270.70,341.54,5,W,5,N
32,293.56,341.62,1,S,2,E
288,273.84,341.84,5,W,5,N
289,279.17,342.14,5,W,5,N
290,281.69,342.44,5,W,5,N
291,284.38,342.74,5,W,5,N
292,286.95,343.04,5,W,5,N
293,307.43,343.34,5,W,5,N
294,319.18,343.64,5,W,5,N
295,322.20,343.94,5,W,5,N
296,323.86,344.24,5,W,5,N
297,324.75,344.54,5,W,5,N
344,290.13,355.24,5,E,5,N
345,300.72,355.54,5,E,5,N
346,303.31,355.84,5,E,5,N
347,305.99,356.14,5,E,5,N
348,314.72,356.44,5,E,5,N
128,225.15,363.47,1,W,3,W
16,132.20,375.00,1,S,5,W
349,368.87,375.01,5,E,5,N
114,85.78,375.30,1,W,5,W
122,164.12,375.60,1,W,5,W
21,147.04,375.90,1,S,5,W
22,154.68,376.20,1,S,5,W
28,280.65,376.49,1,S,3,W
23,158.09,376.50,1,S,5,W
24,158.24,376.80,1,S,5,W
25,159.35,377.10,1,S,5,W
238,290.31,377.40,3,E,5,W
222,269.26,377.70,3,W,5,W
239,293.59,378.00,3,E,5,W
240,296.99,391.60,3,E,5,E
20,139.56,397.14,1,S,5,N
223,286.30,397.44,3,W,5,N
36,299.63,401.90,1,S,1,W
40,314.96,402.20,1,S,1,W
44,391.91,406.05,1,S,1,W
191,291.10,412.07,2,W,5,N
123,166.67,423.74,1,W,5,N
124,169.96,424.04,1,W,5,N
125,173.67,424.34,1,W,5,N
127,222.45,424.94,1,W,5,N
130,260.41,425.84,1,W,5,N
131,262.88,426.14,1,W,5,N
171,234.06,426.44,1,E,5,N
172,365.33,427.50,1,E,2,W
298,352.68,441.14,5,W,5,N
43,388.38,441.42,1,S,2,W
299,355.32,441.44,5,W,5,N
300,415.76,441.74,5,W,5,N
46,395.74,442.02,1,S,2,W
301,443.57,449.71,5,W,5,N
350,463.97,470.11,5,E,5,N
351,465.91,472.05,5,E,5,N
203,279.82,474.90,2,E,5,W
190,247.38,475.20,2,W,5,W
192,319.39,475.50,2,W,5,W
27,233.16,475.80,1,S,5,W
126,215.62,476.10,1,W,5,W
129,257.37,476.40,1,W,5,W
29,284.56,476.70,1,S,5,W
39,312.70,477.00,1,S,5,W
42,384.98,477.19,1,S,3,E
30,286.94,497.04,1,S,5,N
31,288.01,497.34,1,S,5,N
33,296.34,497.64,1,S,5,N
35,296.92,497.94,1,S,5,N
37,301.85,498.24,1,S,5,N
38,310.03,498.54,1,S,5,N
241,386.80,498.84,3,E,5,N
224,433.40,499.14,3,W,5,N
204,367.39,511.27,2,E,5,N
48,466.53,515.10,1,S,1,E
136,344.09,518.61,1,W,5,E
135,340.50,524.44,1,W,5,N
173,369.13,525.64,1,E,5,N
302,464.10,541.04,5,W,5,N
303,495.78,541.34,5,W,5,N
304,497.86,541.64,5,W,5,N
305,512.74,541.94,5,W,5,N
306,533.47,542.24,5,W,5,N
307,533.88,542.54,5,W,5,N
352,487.38,555.04,5,E,5,N
353,494.32,555.34,5,E,5,N
354,496.98,555.64,5,E,5,N
141,450.02,562.77,1,W,3,W
132,297.94,574.80,1,W,5,W
133,300.84,575.10,1,W,5,W
134,334.26,575.40,1,W,5,W
137,365.04,575.70,1,W,5,W
242,461.91,576.00,3,E,5,W
225,464.48,576.30,3,W,5,W
41,383.97,596.94,1,S,5,N
45,392.56,597.24,1,S,5,N
47,398.40,597.54,1,S,5,N
51,535.93,602.70,1,S,1,W
55,546.65,603.00,1,S,1,W
58,551.18,603.30,1,S,1,W
62,555.67,603.60,1,S,1,W
193,483.53,611.37,2,W,5,N
206,469.47,611.67,2,E,5,N
207,507.25,611.97,2,E,5,N
138,397.61,623.64,1,W,5,N
139,405.08,623.94,1,W,5,N
140,444.11,624.24,1,W,5,N
174,433.37,624.84,1,E,5,N
52,536.43,625.90,1,S,2,W
308,606.91,640.94,5,W,5,N
309,639.88,646.01,5,W,5,N
310,642.83,648.97,5,W,5,N
311,643.10,649.24,5,W,5,N
312,646.71,652.84,5,W,5,N
355,598.22,654.94,5,E,5,N
178,558.18,664.67,1,E,3,E
205,448.08,674.70,2,E,5,W
175,450.09,675.00,1,E,5,W
176,455.52,675.30,1,E,5,W
50,470.43,675.60,1,S,5,W
226,608.38,675.90,3,W,5,W
243,550.17,676.20,3,E,5,W
247,571.81,676.50,3,E,5,W
57,549.47,678.29,1,S,3,W
248,638.21,693.85,3,E,5,E
49,468.45,696.84,1,S,5,N
244,552.46,697.14,3,E,5,N
245,556.29,697.44,3,E,5,N
246,558.61,697.74,3,E,5,N
249,640.40,702.17,3,E,5,N
66,648.76,703.10,1,S,1,W
208,591.80,710.87,2,E,5,N
194,537.82,711.17,2,W,5,N
143,492.36,718.51,1,W,5,E
142,488.48,724.34,1,W,5,N
145,544.07,725.24,1,W,5,N
146,546.76,725.54,1,W,5,N
147,561.75,725.84,1,W,5,N
177,550.24,726.14,1,E,5,N
313,661.17,740.84,5,W,5,N
314,665.06,741.14,5,W,5,N
315,666.81,741.44,5,W,5,N
316,669.29,741.74,5,W,5,N
317,681.87,742.04,5,W,5,N
318,683.48,742.34,5,W,5,N
319,683.76,742.64,5,W,5,N
320,709.06,742.94,5,W,5,N
321,709.14,743.24,5,W,5,N
322,711.90,743.54,5,W,5,N
323,727.30,743.84,5,W,5,N
324,745.30,751.43,5,W,5,N
356,707.76,754.84,5,E,5,N
53,538.92,774.60,1,S,5,W
144,542.84,774.90,1,W,5,W
56,547.65,775.20,1,S,5,W
59,552.72,775.50,1,S,5,W
54,542.92,796.74,1,S,5,N
60,555.33,797.04,1,S,5,N
61,555.58,797.34,1,S,5,N
63,629.49,797.64,1,S,5,N
250,679.56,797.94,3,E,5,N
227,738.07,799.84,3,W,5,N
67,746.02,803.50,1,S,1,W
81,779.55,803.80,1,S,1,W
82,780.04,804.10,1,S,1,W
84,784.72,804.40,1,S,1,W
86,792.14,806.27,1,S,1,W
209,654.51,810.67,2,E,5,N
195,711.25,810.97,2,W,5,N
91,799.64,813.77,1,S,1,W
68,752.15,816.30,1,S,1,E
72,765.38,817.50,1,S,1,E
150,647.46,818.31,1,W,5,E
77,772.84,819.00,1,S,1,E
78,774.47,819.30,1,S,1,E
87,792.88,820.80,1,S,1,E
90,798.97,821.70,1,S,1,E
148,613.51,823.84,1,W,5,N
180,640.09,825.04,1,E,5,N
181,650.10,825.34,1,E,5,N
183,662.11,825.94,1,E,5,N
325,765.32,840.74,5,W,5,N
326,795.32,841.04,5,W,5,N
327,798.75,841.34,5,W,5,N
85,787.79,846.62,1,S,2,W
357,816.60,854.74,5,E,5,N
358,825.48,855.04,5,E,5,N
359,830.46,855.34,5,E,5,N
184,725.10,864.57,1,E,3,W
149,615.58,874.50,1,W,5,W
179,610.62,874.80,1,E,5,W
182,653.78,875.10,1,E,5,W
252,796.65,875.40,3,E,5,W
80,777.82,882.09,1,S,3,W
253,800.58,892.00,3,E,5,E
64,641.45,896.64,1,S,5,N
65,645.14,896.94,1,S,5,N
228,769.38,897.24,3,W,5,N
251,771.43,897.54,3,E,5,N
229,817.74,897.84,3,W,5,N
254,803.01,898.44,3,E,5,N
93,802.42,903.90,1,S,1,W
97,874.04,904.20,1,S,1,W
211,774.49,904.93,2,E,5,E
210,739.72,910.77,2,E,5,N
212,812.25,911.67,2,E,5,N
198,816.00,913.85,2,W,5,N
101,882.77,918.50,1,S,1,E
103,893.44,919.10,1,S,1,E
158,752.24,919.91,1,W,5,E
151,678.42,923.94,1,W,5,N
152,678.61,924.24,1,W,5,N
155,717.36,925.14,1,W,5,N
156,719.24,925.44,1,W,5,N
157,748.59,925.74,1,W,5,N
160,795.59,926.50,1,W,2,E
185,727.44,926.64,1,E,5,N
328,863.34,940.64,5,W,5,N
329,881.14,940.94,5,W,5,N
330,890.93,941.24,5,W,5,N
331,892.71,941.54,5,W,5,N
196,739.82,974.40,2,W,5,W
197,795.79,974.70,2,W,5,W
199,817.13,975.00,2,W,5,W
153,694.99,975.30,1,W,5,W
154,698.47,975.60,1,W,5,W
186,748.62,975.90,1,E,5,W
83,782.18,976.20,1,S,5,W
69,756.02,990.40,1,S,5,E
230,874.66,993.70,3,W,5,E
70,762.74,996.84,1,S,5,N
71,764.85,997.14,1,S,5,N
73,765.69,997.44,1,S,5,N
74,766.73,997.74,1,S,5,N
75,770.23,998.04,1,S,5,N
76,770.88,998.34,1,S,5,N
79,777.53,998.64,1,S,5,N
88,794.26,998.94,1,S,5,N
89,796.66,999.24,1,S,5,N
92,800.41,999.54,1,S,5,N
255,875.12,1000.14,3,E,5,N
213,887.82,1010.27,2,E,5,N
200,884.86,1010.57,2,W,5,N
161,815.36,1024.64,1,W,5,N
162,834.65,1024.94,1,W,5,N
163,848.47,1025.24,1,W,5,N
165,880.52,1026.30,1,W,2,E
159,791.86,1074.30,1,W,5,W
164,855.98,1074.60,1,W,5,W
187,818.33,1074.90,1,E,5,W
96,872.14,1075.20,1,S,5,W
100,880.52,1075.50,1,S,5,W
102,891.79,1075.80,1,S,5,W
94,868.52,1096.44,1,S,5,N
95,869.68,1096.74,1,S,5,N
98,877.35,1097.04,1,S,5,N
99,878.33,1097.34,1,S,5,N
166,893.88,1124.44,1,W,5,N
167,895.92,1174.20,1,W,5,W