id,enter_time,exit_time,entrance_intersection,entrance_direction,exit_intersection,exit_direction
3,3.62,17.76,1,S,1,E
298,48.80,66.44,5,W,5,N
299,52.59,66.74,5,W,5,N
300,53.37,67.04,5,W,5,N
301,54.91,67.34,5,W,5,N
6,80.13,100.70,1,S,1,W
9,93.18,107.31,1,S,1,W
10,97.25,140.82,1,S,2,W
302,138.70,166.34,5,W,5,N
303,140.42,166.64,5,W,5,N
304,156.86,166.94,5,W,5,N
305,159.94,167.24,5,W,5,N
306,162.23,168.37,5,W,5,N
363,147.44,180.34,5,E,5,N
364,150.56,180.64,5,E,5,N
276,23.90,200.10,3,E,5,W
2,3.37,200.40,1,S,5,W
112,41.30,200.70,1,W,5,W
115,58.08,201.00,1,W,5,W
17,115.57,201.10,1,S,1,W
191,16.57,201.30,1,E,5,W
19,130.26,201.40,1,S,1,W
194,68.02,201.60,1,E,5,W
23,141.10,201.70,1,S,1,W
22,135.47,202.90,1,S,2,W
118,111.87,203.50,1,W,2,W
114,55.70,218.20,1,W,5,E
192,19.24,219.10,1,E,5,E
0,0.09,222.24,1,S,5,N
1,1.34,222.54,1,S,5,N
226,66.22,222.84,2,W,5,N
247,96.17,223.14,2,E,5,N
110,2.24,223.44,1,W,5,N
111,21.05,223.74,1,W,5,N
113,52.27,224.04,1,W,5,N
116,61.74,224.64,1,W,5,N
190,13.50,224.94,1,E,5,N
193,63.61,225.54,1,E,5,N
195,85.17,225.84,1,E,5,N
196,87.80,226.14,1,E,5,N
260,109.12,231.07,3,W,5,N
12,104.67,236.57,1,S,3,W
119,114.67,239.87,1,W,3,W
122,161.28,240.77,1,W,3,E
279,196.47,252.10,3,E,5,E
278,193.81,255.58,3,E,5,N
307,193.64,266.24,5,W,5,N
308,193.94,266.54,5,W,5,N
309,226.75,266.84,5,W,5,N
310,230.41,267.14,5,W,5,N
311,259.65,267.44,5,W,5,N
312,262.92,269.05,5,W,5,N
313,264.65,270.79,5,W,5,N
314,265.83,271.96,5,W,5,N
365,200.07,280.24,5,E,5,N
366,244.98,280.54,5,E,5,N
277,129.38,300.00,3,E,5,W
261,116.15,300.30,3,W,5,W
4,73.28,300.60,1,S,5,W
7,83.85,300.90,1,S,5,W
14,108.83,301.20,1,S,5,W
25,221.31,301.50,1,S,1,W
21,131.74,301.50,1,S,5,W
28,278.87,301.80,1,S,1,W
121,144.24,301.80,1,W,5,W
197,167.67,302.10,1,E,5,W
33,289.04,303.17,1,S,1,W
230,200.59,312.77,2,W,3,E
8,85.68,316.30,1,S,5,E
37,300.42,316.70,1,S,1,E
198,187.85,320.20,1,E,5,E
5,76.36,322.14,1,S,5,N
11,99.82,322.74,1,S,5,N
227,131.90,323.04,2,W,5,N
228,153.90,323.34,2,W,5,N
229,174.62,323.64,2,W,5,N
248,185.09,323.94,2,E,5,N
13,107.21,324.24,1,S,5,N
15,110.45,324.54,1,S,5,N
16,113.33,324.84,1,S,5,N
18,127.36,325.14,1,S,5,N
20,130.38,325.44,1,S,5,N
117,65.53,325.74,1,W,5,N
120,141.55,326.04,1,W,5,N
262,230.06,330.87,3,W,5,N
263,257.66,331.17,3,W,5,N
24,217.82,336.67,1,S,3,W
128,213.53,338.77,1,W,3,E
315,317.01,366.14,5,W,5,N
316,318.02,366.44,5,W,5,N
317,321.96,366.74,5,W,5,N
318,324.87,367.04,5,W,5,N
319,329.31,367.34,5,W,5,N
320,346.33,367.64,5,W,5,N
321,346.38,367.94,5,W,5,N
322,348.26,368.24,5,W,5,N
323,349.77,368.54,5,W,5,N
324,352.92,368.84,5,W,5,N
367,354.97,380.14,5,E,5,N
29,279.28,399.80,1,S,3,W
199,197.85,399.90,1,E,5,W
280,259.21,400.20,3,E,5,W
231,241.82,400.50,2,W,5,W
250,294.77,400.80,2,E,5,W
26,222.04,401.10,1,S,5,W
123,166.19,401.40,1,W,5,W
125,172.44,401.70,1,W,5,W
44,312.88,401.90,1,S,1,W
38,304.38,401.90,1,S,3,E
126,204.52,402.00,1,W,5,W
48,327.19,402.20,1,S,1,W
129,219.08,402.30,1,W,5,W
53,333.53,402.50,1,S,1,W
56,338.15,402.80,1,S,1,W
132,272.31,404.90,1,W,2,E
200,203.44,417.70,1,E,5,E
249,221.54,422.04,2,E,5,N
232,263.10,422.34,2,W,5,N
124,168.65,422.64,1,W,5,N
127,212.42,422.94,1,W,5,N
130,219.95,423.24,1,W,5,N
131,253.35,423.54,1,W,5,N
201,223.63,424.14,1,E,5,N
202,233.72,424.44,1,E,5,N
203,239.05,424.74,1,E,5,N
204,259.34,425.04,1,E,5,N
281,356.62,430.67,3,E,5,N
42,310.52,437.67,1,S,3,W
63,364.80,442.62,1,S,2,W
325,387.30,466.04,5,W,5,N
326,419.47,466.34,5,W,5,N
327,421.85,466.64,5,W,5,N
328,443.64,466.94,5,W,5,N
329,449.03,467.24,5,W,5,N
330,454.91,467.54,5,W,5,N
331,458.23,467.84,5,W,5,N
332,458.61,468.14,5,W,5,N
333,460.89,468.44,5,W,5,N
368,461.38,480.04,5,E,5,N
369,462.61,480.34,5,E,5,N
370,463.15,480.64,5,E,5,N
371,472.18,480.94,5,E,5,N
372,472.31,481.24,5,E,5,N
27,276.88,499.80,1,S,5,W
59,345.82,499.90,1,S,3,W
31,281.02,500.10,1,S,5,W
35,295.68,500.40,1,S,5,W
47,325.17,500.70,1,S,5,W
50,329.28,501.00,1,S,5,W
55,336.83,501.30,1,S,5,W
136,355.63,501.60,1,W,5,W
205,312.49,501.90,1,E,5,W
143,407.12,502.60,1,W,2,E
234,357.23,517.30,2,W,5,E
40,308.20,518.50,1,S,5,E
135,353.54,521.80,1,W,5,E
30,280.02,521.94,1,S,5,N
32,284.13,522.24,1,S,5,N
34,291.64,522.54,1,S,5,N
36,296.54,522.84,1,S,5,N
233,337.15,523.14,2,W,5,N
235,376.67,523.74,2,W,5,N
251,382.86,524.04,2,E,5,N
39,307.37,524.34,1,S,5,N
41,309.42,524.94,1,S,5,N
43,311.12,525.24,1,S,5,N
45,314.94,525.54,1,S,5,N
46,322.85,525.84,1,S,5,N
49,328.05,526.14,1,S,5,N
51,331.10,526.44,1,S,5,N
52,331.47,526.74,1,S,5,N
54,336.17,527.04,1,S,5,N
133,311.34,527.34,1,W,5,N
253,491.48,527.55,2,E,3,E
134,322.58,527.64,1,W,5,N
206,364.90,528.24,1,E,5,N
207,372.63,528.54,1,E,5,N
208,375.01,528.84,1,E,5,N
283,431.82,530.77,3,E,5,N
266,434.70,531.07,3,W,5,N
284,434.14,531.07,3,E,5,N
285,465.57,531.37,3,E,5,N
267,465.63,531.37,3,W,5,N
286,468.89,531.67,3,E,5,N
69,517.67,531.81,1,S,1,E
287,471.91,533.68,3,E,5,N
268,483.35,545.12,3,W,5,N
288,485.00,546.77,3,E,5,N
289,488.72,550.49,3,E,5,N
334,492.64,565.94,5,W,5,N
335,495.23,566.24,5,W,5,N
336,510.23,566.54,5,W,5,N
373,501.27,579.94,5,E,5,N
374,504.87,580.24,5,E,5,N
375,506.83,580.54,5,E,5,N
209,398.42,599.70,1,E,5,W
282,428.08,600.00,3,E,5,W
264,402.27,600.30,3,W,5,W
265,427.81,600.60,3,W,5,W
57,338.93,600.90,1,S,5,W
60,347.53,601.20,1,S,5,W
61,358.66,601.50,1,S,5,W
236,450.47,601.80,2,W,5,W
137,391.28,602.10,1,W,5,W
144,409.41,602.40,1,W,5,W
145,411.89,602.70,1,W,5,W
73,534.17,602.70,1,S,1,W
147,464.46,603.00,1,W,5,W
79,546.32,603.00,1,S,1,W
152,477.23,603.90,1,W,2,W
157,493.24,605.40,1,W,2,W
159,498.56,606.00,1,W,2,E
213,539.38,609.30,1,E,2,E
83,562.79,617.60,1,S,1,E
84,562.94,617.90,1,S,1,E
85,565.40,618.20,1,S,1,E
211,495.59,619.30,1,E,5,E
58,341.95,621.84,1,S,5,N
62,361.64,622.14,1,S,5,N
64,376.61,622.44,1,S,5,N
252,465.24,622.74,2,E,5,N
237,454.14,623.04,2,W,5,N
138,393.37,623.34,1,W,5,N
139,397.09,623.64,1,W,5,N
140,397.40,623.94,1,W,5,N
269,526.05,624.13,3,W,5,E
141,401.11,624.24,1,W,5,N
142,403.74,624.54,1,W,5,N
146,462.17,624.84,1,W,5,N
210,409.47,625.14,1,E,5,N
290,507.18,630.27,3,E,5,N
270,528.21,630.57,3,W,5,N
74,537.36,638.47,1,S,3,E
156,489.60,641.17,1,W,3,W
161,503.96,642.67,1,W,3,W
215,565.54,645.97,1,E,3,W
337,602.29,665.84,5,W,5,N
338,605.12,666.14,5,W,5,N
339,607.10,666.44,5,W,5,N
340,608.05,666.74,5,W,5,N
341,610.59,667.04,5,W,5,N
342,631.47,667.34,5,W,5,N
343,635.55,667.64,5,W,5,N
344,637.77,667.94,5,W,5,N
345,640.95,668.24,5,W,5,N
346,644.94,668.54,5,W,5,N
347,665.94,672.08,5,W,5,N
348,668.27,674.40,5,W,5,N
376,638.03,679.84,5,E,5,N
291,589.36,699.60,3,E,5,W
65,440.11,699.90,1,S,5,W
80,551.54,700.10,1,S,3,E
68,515.80,700.20,1,S,5,W
148,467.62,700.50,1,W,5,W
150,472.94,700.80,1,W,5,W
158,496.45,701.10,1,W,5,W
160,500.66,701.40,1,W,5,W
162,507.42,701.70,1,W,5,W
164,531.31,702.00,1,W,5,W
166,540.64,702.30,1,W,5,W
216,586.88,704.71,1,E,5,W
67,513.38,716.80,1,S,5,E
70,525.34,717.10,1,S,5,E
66,502.56,721.74,1,S,5,N
238,511.79,722.04,2,W,5,N
254,522.56,722.34,2,E,5,N
239,555.71,722.64,2,W,5,N
71,526.21,723.54,1,S,5,N
72,532.75,723.84,1,S,5,N
149,470.37,724.14,1,W,5,N
151,473.72,724.44,1,W,5,N
153,478.69,724.74,1,W,5,N
154,485.14,725.04,1,W,5,N
155,487.49,725.34,1,W,5,N
163,509.33,725.64,1,W,5,N
165,537.40,725.94,1,W,5,N
167,543.30,726.24,1,W,5,N
168,545.71,726.54,1,W,5,N
212,510.05,726.84,1,E,5,N
214,544.76,727.14,1,E,5,N
293,643.24,730.37,3,E,5,N
89,724.39,738.53,1,S,1,E
219,674.46,740.37,1,E,3,E
349,683.58,765.74,5,W,5,N
350,685.71,766.04,5,W,5,N
351,726.81,766.34,5,W,5,N
352,732.73,766.64,5,W,5,N
353,748.24,766.94,5,W,5,N
354,752.17,767.24,5,W,5,N
355,752.37,767.54,5,W,5,N
356,754.68,767.84,5,W,5,N
357,757.72,768.14,5,W,5,N
377,746.35,779.74,5,E,5,N
271,629.50,799.50,3,W,5,W
292,628.34,799.80,3,E,5,W
272,675.99,800.10,3,W,5,W
77,544.69,800.40,1,S,5,W
78,546.02,800.70,1,S,5,W
82,559.02,801.00,1,S,5,W
255,605.31,801.30,2,E,5,W
256,674.93,801.60,2,E,5,W
378,795.59,801.73,5,E,5,N
242,660.51,801.90,2,W,5,W
174,662.03,802.20,1,W,5,W
218,668.79,802.50,1,E,5,W
90,725.56,803.50,1,S,1,W
98,750.22,803.80,1,S,1,W
76,544.61,815.80,1,S,5,E
95,742.19,816.30,1,S,1,E
172,627.93,818.50,1,W,5,E
175,664.34,819.10,1,W,5,E
75,540.83,821.64,1,S,5,N
81,554.06,822.24,1,S,5,N
240,621.25,822.54,2,W,5,N
241,631.82,822.84,2,W,5,N
86,627.71,823.14,1,S,5,N
87,638.60,823.44,1,S,5,N
169,577.94,823.74,1,W,5,N
170,580.94,824.04,1,W,5,N
171,583.16,824.34,1,W,5,N
173,630.69,824.94,1,W,5,N
217,615.84,825.54,1,E,5,N
220,685.87,825.84,1,E,5,N
273,727.78,829.87,3,W,5,N
274,754.41,830.17,3,W,5,N
223,796.64,858.82,1,E,3,W
358,800.84,865.64,5,W,5,N
359,853.65,865.94,5,W,5,N
360,856.94,866.24,5,W,5,N
361,871.28,877.42,5,W,5,N
379,835.82,879.64,5,E,5,N
380,846.55,879.94,5,E,5,N
381,857.45,880.24,5,E,5,N
382,888.43,894.57,5,E,5,N
294,742.20,899.40,3,E,5,W
295,745.54,899.70,3,E,5,W
296,776.36,900.00,3,E,5,W
88,641.47,900.30,1,S,5,W
94,736.64,900.60,1,S,5,W
176,701.68,900.90,1,W,5,W
178,752.25,901.20,1,W,5,W
108,838.00,903.90,1,S,2,W
183,818.13,905.70,1,W,2,W
177,746.17,917.80,1,W,5,E
297,797.63,921.54,3,E,5,N
257,737.57,921.84,2,E,5,N
243,718.31,922.14,2,W,5,N
244,787.39,922.44,2,W,5,N
245,795.95,922.74,2,W,5,N
91,729.20,923.04,1,S,5,N
92,731.55,923.34,1,S,5,N
93,734.57,923.64,1,S,5,N
221,743.05,924.24,1,E,5,N
222,759.79,924.54,1,E,5,N
224,799.02,924.84,1,E,5,N
275,892.96,954.73,3,W,5,N
362,874.68,965.54,5,W,5,N
383,899.72,979.54,5,E,5,N
96,746.05,999.30,1,S,5,W
97,748.92,999.60,1,S,5,W
259,882.68,999.90,2,E,5,W
100,817.91,1000.20,1,S,5,W
106,836.20,1000.50,1,S,5,W
107,837.13,1000.80,1,S,5,W
179,772.24,1001.10,1,W,5,W
185,859.48,1001.40,1,W,5,W
258,831.44,1021.44,2,E,5,N
246,825.86,1021.74,2,W,5,N
99,817.55,1022.04,1,S,5,N
101,823.18,1022.34,1,S,5,N
102,823.61,1022.64,1,S,5,N
103,824.81,1022.94,1,S,5,N
104,828.59,1023.24,1,S,5,N
105,832.31,1023.54,1,S,5,N
109,839.14,1023.84,1,S,5,N
180,774.71,1024.14,1,W,5,N
181,778.31,1024.44,1,W,5,N
182,784.21,1024.74,1,W,5,N
184,846.99,1025.04,1,W,5,N
186,863.45,1025.34,1,W,5,N
225,805.88,1025.64,1,E,5,N
187,879.62,1099.20,1,W,5,W
188,880.14,1099.50,1,W,5,W
189,883.47,1121.34,1,W,5,N