id,enter_time,exit_time,entrance_intersection,entrance_direction,exit_intersection,exit_direction
256,3.39,41.54,5,W,5,N
257,7.13,41.84,5,W,5,N
258,12.84,42.14,5,W,5,N
259,33.52,42.44,5,W,5,N
260,48.40,54.53,5,W,5,N
322,37.75,55.54,5,E,5,N
323,41.30,55.84,5,E,5,N
324,53.58,59.72,5,E,5,N
325,55.93,62.06,5,E,5,N
0,2.48,100.70,1,S,1,W
2,11.68,101.00,1,S,1,W
4,18.21,101.30,1,S,1,W
7,24.59,101.60,1,S,1,W
8,28.40,101.90,1,S,1,W
16,62.30,102.20,1,S,1,W
12,47.70,114.10,1,S,1,E
91,3.68,125.70,1,W,2,W
98,48.72,127.80,1,W,2,W
261,136.53,142.66,5,W,5,N
262,139.63,145.76,5,W,5,N
263,144.44,150.58,5,W,5,N
264,144.70,150.83,5,W,5,N
326,81.47,155.44,5,E,5,N
3,14.35,175.20,1,S,5,W
5,18.46,175.50,1,S,5,W
222,122.95,178.58,3,W,5,W
1,8.56,197.34,1,S,5,N
6,23.09,197.64,1,S,5,N
237,98.28,197.94,3,E,5,N
223,139.48,201.25,3,W,5,N
209,99.66,206.03,2,E,5,E
239,147.24,209.01,3,E,5,N
9,36.13,223.24,1,S,5,N
93,31.96,224.14,1,W,5,N
94,34.39,224.44,1,W,5,N
96,43.89,225.04,1,W,5,N
97,46.11,225.34,1,W,5,N
100,51.17,226.24,1,W,5,N
155,17.22,226.54,1,E,5,N
156,46.40,226.84,1,E,5,N
106,164.72,227.00,1,W,2,W
265,148.68,241.34,5,W,5,N
266,181.20,241.64,5,W,5,N
267,183.81,241.94,5,W,5,N
268,187.85,242.24,5,W,5,N
269,200.98,242.54,5,W,5,N
270,203.95,242.84,5,W,5,N
271,206.93,243.14,5,W,5,N
272,211.18,243.44,5,W,5,N
273,244.60,250.74,5,W,5,N
327,219.68,255.34,5,E,5,N
328,247.05,255.64,5,E,5,N
102,127.31,261.87,1,W,3,E
104,161.52,262.47,1,W,3,W
238,135.06,275.10,3,E,5,W
194,48.60,275.40,2,W,5,W
92,4.84,275.70,1,W,5,W
95,41.57,276.00,1,W,5,W
99,50.83,276.30,1,W,5,W
157,66.82,276.60,1,E,5,W
11,39.05,276.90,1,S,5,W
13,48.16,277.20,1,S,5,W
14,57.38,291.40,1,S,5,E
10,38.05,297.24,1,S,5,N
15,60.26,297.84,1,S,5,N
240,246.49,308.26,3,E,5,N
210,129.97,311.67,2,E,5,N
212,213.24,312.27,2,E,5,N
103,129.27,317.81,1,W,5,E
105,162.38,324.54,1,W,5,N
158,122.85,325.14,1,E,5,N
159,122.92,325.44,1,E,5,N
160,141.00,325.74,1,E,5,N
161,162.10,326.04,1,E,5,N
111,261.19,326.80,1,W,2,W
274,250.31,341.24,5,W,5,N
275,277.68,341.54,5,W,5,N
276,284.79,341.84,5,W,5,N
277,304.45,342.14,5,W,5,N
278,307.84,342.44,5,W,5,N
279,309.74,342.74,5,W,5,N
280,313.67,343.04,5,W,5,N
281,319.69,343.34,5,W,5,N
282,322.94,343.64,5,W,5,N
283,327.66,343.94,5,W,5,N
284,330.15,344.24,5,W,5,N
329,294.09,355.24,5,E,5,N
330,336.98,355.54,5,E,5,N
331,350.29,356.42,5,E,5,N
24,324.40,364.65,1,S,2,W
211,186.06,375.00,2,E,5,W
101,84.54,375.30,1,W,5,W
162,196.31,375.60,1,E,5,W
18,161.17,375.90,1,S,5,W
19,221.44,376.20,1,S,5,W
225,265.77,376.50,3,W,5,W
17,160.12,397.14,1,S,5,N
20,225.01,397.44,1,S,5,N
224,262.13,397.74,3,W,5,N
22,313.33,401.90,1,S,1,W
27,333.03,402.20,1,S,1,W
196,256.40,405.93,2,W,5,E
197,278.41,406.23,2,W,5,E
31,401.02,415.60,1,S,1,E
198,325.18,423.02,2,W,5,N
33,409.06,423.20,1,S,1,E
107,172.37,423.44,1,W,5,N
108,215.18,423.74,1,W,5,N
109,248.46,424.04,1,W,5,N
163,229.37,424.94,1,E,5,N
164,268.97,425.24,1,E,5,N
35,413.39,427.52,1,S,1,E
36,413.48,427.62,1,S,1,E
285,376.21,441.14,5,W,5,N
286,390.33,441.44,5,W,5,N
287,391.92,441.74,5,W,5,N
288,406.20,442.04,5,W,5,N
289,409.78,442.34,5,W,5,N
290,429.32,442.64,5,W,5,N
332,445.51,455.14,5,E,5,N
213,262.74,474.90,2,E,5,W
195,229.23,475.20,2,W,5,W
110,254.48,475.50,1,W,5,W
165,271.87,475.80,1,E,5,W
23,321.01,476.10,1,S,5,W
25,325.77,476.40,1,S,5,W
26,329.14,476.70,1,S,5,W
226,414.55,477.00,3,W,5,W
29,396.97,477.19,1,S,3,E
244,419.55,477.30,3,E,5,W
32,402.56,478.89,1,S,3,W
21,307.75,497.04,1,S,5,N
241,357.60,497.34,3,E,5,N
242,390.21,497.64,3,E,5,N
243,416.52,497.94,3,E,5,N
245,422.30,498.24,3,E,5,N
246,425.91,498.54,3,E,5,N
247,428.01,498.84,3,E,5,N
227,428.27,499.14,3,W,5,N
228,430.09,499.44,3,W,5,N
37,416.21,502.30,1,S,1,W
38,422.01,502.60,1,S,1,W
41,424.67,502.90,1,S,1,W
44,428.86,503.20,1,S,1,W
47,434.88,503.50,1,S,1,W
50,444.70,503.80,1,S,1,W
199,401.48,511.27,2,W,5,N
214,350.46,511.57,2,E,5,N
200,424.32,522.16,2,W,5,N
112,274.50,523.54,1,W,5,N
113,276.68,523.84,1,W,5,N
114,284.37,524.14,1,W,5,N
116,335.06,524.74,1,W,5,N
124,441.22,528.80,1,W,2,W
125,444.95,529.10,1,W,2,W
291,455.12,541.04,5,W,5,N
292,481.74,541.34,5,W,5,N
293,487.15,541.64,5,W,5,N
294,488.73,541.94,5,W,5,N
295,505.41,542.24,5,W,5,N
296,509.49,542.54,5,W,5,N
297,513.32,542.84,5,W,5,N
298,538.04,544.18,5,W,5,N
299,543.67,549.81,5,W,5,N
300,544.87,551.01,5,W,5,N
301,545.54,551.67,5,W,5,N
52,521.77,562.02,1,S,2,W
46,434.69,562.17,1,S,3,W
119,386.55,563.37,1,W,3,W
115,284.73,574.80,1,W,5,W
166,366.12,575.10,1,E,5,W
167,369.66,575.40,1,E,5,W
28,393.70,575.70,1,S,5,W
30,400.78,576.00,1,S,5,W
34,411.08,596.94,1,S,5,N
39,423.34,597.24,1,S,5,N
40,423.44,597.54,1,S,5,N
42,424.88,597.84,1,S,5,N
43,427.44,598.14,1,S,5,N
229,483.60,598.44,3,W,5,N
230,488.05,598.74,3,W,5,N
231,530.51,599.04,3,W,5,N
51,510.70,602.70,1,S,1,W
248,544.13,605.90,3,E,5,N
202,456.45,611.67,2,W,5,N
56,598.95,616.40,1,S,1,E
168,424.69,621.11,1,E,5,E
45,434.45,623.64,1,S,5,N
118,383.26,624.84,1,W,5,N
123,401.57,626.34,1,W,5,N
169,443.20,627.54,1,E,5,N
170,479.14,627.84,1,E,5,N
302,603.01,640.94,5,W,5,N
303,605.76,641.24,5,W,5,N
333,593.15,654.94,5,E,5,N
334,596.42,655.24,5,E,5,N
201,446.40,674.70,2,W,5,W
215,449.88,675.00,2,E,5,W
216,514.30,675.30,2,E,5,W
203,518.91,675.60,2,W,5,W
48,438.26,675.90,1,S,5,W
117,376.73,676.20,1,W,5,W
120,389.79,676.50,1,W,5,W
121,396.44,676.80,1,W,5,W
122,398.68,677.10,1,W,5,W
232,568.03,677.40,3,W,5,W
59,603.99,680.32,1,S,3,E
49,442.09,696.84,1,S,5,N
249,562.98,697.14,3,E,5,N
250,565.85,697.44,3,E,5,N
251,598.40,697.74,3,E,5,N
252,600.50,698.04,3,E,5,N
62,610.54,703.10,1,S,1,W
66,693.34,707.47,1,S,1,W
68,694.38,708.51,1,S,1,W
69,695.80,709.93,1,S,1,W
204,566.42,710.87,2,W,5,N
217,553.78,711.17,2,E,5,N
205,587.91,711.47,2,W,5,N
70,697.91,712.05,1,S,1,W
65,692.27,715.90,1,S,1,E
128,515.54,718.21,1,W,5,E
126,471.53,723.74,1,W,5,N
129,522.09,724.64,1,W,5,N
130,524.54,724.94,1,W,5,N
131,526.65,725.24,1,W,5,N
171,513.47,726.14,1,E,5,N
173,554.44,726.74,1,E,5,N
174,558.06,727.04,1,E,5,N
139,632.02,727.50,1,W,2,W
180,642.72,729.30,1,E,2,W
304,655.76,740.84,5,W,5,N
305,723.89,741.14,5,W,5,N
306,725.86,741.44,5,W,5,N
72,703.15,743.40,1,S,2,W
335,679.84,754.84,5,E,5,N
178,631.75,764.77,1,E,3,W
218,611.44,774.60,2,E,5,W
127,473.37,774.90,1,W,5,W
132,559.72,775.20,1,W,5,W
133,563.47,775.50,1,W,5,W
172,548.06,775.80,1,E,5,W
57,599.66,776.10,1,S,5,W
336,774.25,780.39,5,E,5,N
61,608.41,792.10,1,S,5,E
53,591.47,796.74,1,S,5,N
54,595.06,797.04,1,S,5,N
55,596.50,797.34,1,S,5,N
58,600.93,797.64,1,S,5,N
60,607.60,797.94,1,S,5,N
63,614.06,798.54,1,S,5,N
64,615.56,798.84,1,S,5,N
233,672.40,799.14,3,W,5,N
253,704.44,799.44,3,E,5,N
73,704.34,803.50,1,S,1,W
74,712.02,803.80,1,S,1,W
76,715.16,804.10,1,S,1,W
219,697.47,810.67,2,E,5,N
134,579.07,823.84,1,W,5,N
135,581.77,824.14,1,W,5,N
137,586.86,824.74,1,W,5,N
138,629.33,825.04,1,W,5,N
175,611.65,825.64,1,E,5,N
177,628.62,826.24,1,E,5,N
141,691.15,826.70,1,W,2,W
143,711.77,827.30,1,W,2,W
181,678.51,827.44,1,E,5,N
182,688.85,827.74,1,E,5,N
183,709.01,828.20,1,E,2,W
86,817.21,831.35,1,S,1,E
307,756.26,840.74,5,W,5,N
308,759.59,841.04,5,W,5,N
309,761.63,841.34,5,W,5,N
310,775.67,841.64,5,W,5,N
311,777.22,841.94,5,W,5,N
312,781.50,842.24,5,W,5,N
313,810.17,842.54,5,W,5,N
314,811.77,842.84,5,W,5,N
315,825.87,843.14,5,W,5,N
316,829.89,843.44,5,W,5,N
317,843.74,849.88,5,W,5,N
318,846.04,852.17,5,W,5,N
145,741.52,863.97,1,W,3,W
136,584.54,874.50,1,W,5,W
176,618.58,874.80,1,E,5,W
179,642.42,875.10,1,E,5,W
75,713.69,875.40,1,S,5,W
79,728.31,875.70,1,S,5,W
78,726.89,891.40,1,S,5,E
236,815.17,892.90,3,W,5,E
67,693.83,896.64,1,S,5,N
71,699.71,896.94,1,S,5,N
77,720.06,897.24,1,S,5,N
80,730.14,897.84,1,S,5,N
254,778.30,898.14,3,E,5,N
234,785.97,898.44,3,W,5,N
235,787.71,898.74,3,W,5,N
85,815.38,903.90,1,S,1,W
206,786.51,904.63,2,W,5,E
220,789.37,910.47,2,E,5,N
207,807.09,911.07,2,W,5,N
184,744.93,926.34,1,E,5,N
319,850.44,940.64,5,W,5,N
320,875.57,940.94,5,W,5,N
321,895.88,941.24,5,W,5,N
147,786.47,962.57,1,W,3,W
81,739.49,974.40,1,S,5,W
140,678.77,974.70,1,W,5,W
142,709.08,975.00,1,W,5,W
144,739.22,975.30,1,W,5,W
185,754.50,975.60,1,E,5,W
87,817.95,975.90,1,S,5,W
82,742.63,990.40,1,S,5,E
88,818.08,991.30,1,S,5,E
255,852.43,991.90,3,E,5,E
83,808.03,996.84,1,S,5,N
84,808.07,997.14,1,S,5,N
89,820.35,997.74,1,S,5,N
208,833.53,1010.27,2,W,5,N
221,843.80,1010.57,2,E,5,N
146,779.20,1024.04,1,W,5,N
150,831.25,1025.24,1,W,5,N
151,863.84,1025.54,1,W,5,N
187,824.94,1026.14,1,E,5,N
188,829.62,1026.44,1,E,5,N
189,835.80,1026.74,1,E,5,N
191,843.40,1027.34,1,E,5,N
192,882.96,1027.64,1,E,5,N
152,895.68,1062.37,1,W,3,W
148,826.36,1074.30,1,W,5,W
149,827.73,1074.60,1,W,5,W
186,819.64,1074.90,1,E,5,W
190,840.10,1075.20,1,E,5,W
193,892.63,1075.50,1,E,5,W
90,889.54,1096.44,1,S,5,N
154,899.71,1124.74,1,W,5,N
153,898.92,1174.20,1,W,5,W