id,enter_time,exit_time,entrance_intersection,entrance_direction,exit_intersection,exit_direction
251,2.38,41.54,5,W,5,N
252,17.34,41.84,5,W,5,N
253,33.08,42.14,5,W,5,N
254,34.64,42.44,5,W,5,N
255,37.31,43.45,5,W,5,N
318,17.65,55.54,5,E,5,N
319,20.43,55.84,5,E,5,N
320,25.43,56.14,5,E,5,N
321,35.55,56.44,5,E,5,N
322,35.84,56.74,5,E,5,N
256,103.69,141.44,5,W,5,N
257,133.58,141.74,5,W,5,N
323,138.71,155.44,5,E,5,N
324,140.96,155.74,5,E,5,N
325,146.74,156.04,5,E,5,N
235,101.76,175.73,3,E,5,W
233,62.47,191.80,3,E,5,E
0,1.18,197.34,1,S,5,N
218,107.49,197.64,3,W,5,N
234,66.27,198.24,3,E,5,N
219,115.06,198.54,3,W,5,N
236,123.04,198.84,3,E,5,N
205,66.46,211.87,2,E,5,N
188,26.40,212.17,2,W,5,N
189,77.59,212.47,2,W,5,N
190,104.08,213.07,2,W,5,N
96,14.42,223.24,1,W,5,N
97,16.88,223.54,1,W,5,N
99,47.86,224.14,1,W,5,N
100,63.62,224.44,1,W,5,N
101,64.10,224.74,1,W,5,N
157,10.52,225.04,1,E,5,N
160,62.96,225.94,1,E,5,N
162,75.31,226.54,1,E,5,N
106,150.78,226.70,1,W,2,E
258,153.47,241.34,5,W,5,N
259,155.70,241.64,5,W,5,N
260,158.11,241.94,5,W,5,N
261,192.16,242.24,5,W,5,N
326,185.03,255.34,5,E,5,N
327,239.39,255.64,5,E,5,N
328,243.33,255.94,5,E,5,N
329,262.67,268.81,5,E,5,N
206,102.88,275.10,2,E,5,W
98,19.01,275.40,1,W,5,W
158,31.22,275.70,1,E,5,W
159,34.94,276.00,1,E,5,W
161,73.87,276.30,1,E,5,W
1,99.89,276.60,1,S,5,W
237,195.18,297.24,3,E,5,N
238,215.12,297.54,3,E,5,N
220,220.48,297.84,3,W,5,N
8,247.20,301.50,1,S,1,W
10,251.59,301.80,1,S,1,W
13,257.13,302.10,1,S,1,W
14,260.11,302.40,1,S,1,W
19,279.07,302.70,1,S,1,W
191,161.56,311.67,2,W,5,N
207,181.10,311.97,2,E,5,N
192,162.31,312.27,2,W,5,N
12,255.16,316.10,1,S,1,E
102,66.63,323.34,1,W,5,N
103,91.61,323.64,1,W,5,N
104,130.12,323.94,1,W,5,N
105,144.53,324.24,1,W,5,N
164,132.90,325.14,1,E,5,N
165,137.38,325.44,1,E,5,N
166,155.49,325.74,1,E,5,N
262,261.14,341.24,5,W,5,N
263,261.23,341.54,5,W,5,N
264,262.05,341.84,5,W,5,N
265,265.46,342.14,5,W,5,N
266,266.65,342.44,5,W,5,N
267,297.91,342.74,5,W,5,N
268,301.14,343.04,5,W,5,N
269,316.48,343.34,5,W,5,N
270,330.02,343.64,5,W,5,N
271,333.21,343.94,5,W,5,N
272,336.44,344.24,5,W,5,N
22,285.32,344.32,1,S,2,E
197,287.42,350.90,2,W,3,E
239,238.16,375.00,3,E,5,W
193,184.61,375.30,2,W,5,W
194,210.68,375.60,2,W,5,W
163,111.94,375.90,1,E,5,W
2,163.06,397.14,1,S,5,N
3,166.62,397.44,1,S,5,N
240,251.24,397.74,3,E,5,N
32,375.15,401.90,1,S,1,W
196,283.72,406.23,2,W,5,E
221,348.33,410.10,3,W,5,N
209,298.19,412.07,2,E,5,N
110,220.63,418.21,1,W,5,E
107,170.25,423.44,1,W,5,N
108,171.98,423.74,1,W,5,N
109,175.70,424.04,1,W,5,N
112,224.81,424.94,1,W,5,N
167,252.75,425.54,1,E,5,N
123,359.79,429.00,1,W,2,W
273,395.83,441.14,5,W,5,N
274,400.56,441.44,5,W,5,N
275,430.87,441.74,5,W,5,N
39,390.67,444.42,1,S,2,W
40,393.82,444.72,1,S,2,E
43,398.40,445.62,1,S,2,E
276,444.77,450.90,5,W,5,N
330,411.89,455.14,5,E,5,N
208,276.28,474.90,2,E,5,W
195,239.14,475.20,2,W,5,W
111,222.63,475.50,1,W,5,W
113,254.96,475.80,1,W,5,W
4,238.64,476.10,1,S,5,W
15,261.21,476.40,1,S,5,W
16,267.34,476.70,1,S,5,W
26,349.36,476.89,1,S,3,W
46,410.09,486.42,1,S,3,W
242,368.71,494.80,3,E,5,E
5,240.55,497.04,1,S,5,N
6,242.49,497.34,1,S,5,N
7,245.05,497.64,1,S,5,N
9,250.19,497.94,1,S,5,N
11,254.08,498.24,1,S,5,N
17,269.71,498.54,1,S,5,N
18,271.72,498.84,1,S,5,N
20,284.86,499.14,1,S,5,N
21,284.94,499.44,1,S,5,N
23,289.47,499.74,1,S,5,N
222,402.76,500.04,3,W,5,N
241,352.34,500.34,3,E,5,N
223,415.70,500.64,3,W,5,N
243,387.40,501.24,3,E,5,N
44,402.13,502.30,1,S,1,W
45,408.77,502.60,1,S,1,W
49,413.86,502.90,1,S,1,W
53,482.93,503.20,1,S,1,W
210,373.73,505.13,2,E,5,E
172,393.56,522.51,1,E,5,E
115,319.64,524.44,1,W,5,N
116,323.29,524.74,1,W,5,N
117,325.92,525.04,1,W,5,N
120,336.06,525.94,1,W,5,N
122,341.30,526.54,1,W,5,N
169,323.94,527.74,1,E,5,N
170,368.08,528.04,1,E,5,N
173,399.16,528.94,1,E,5,N
277,466.54,541.04,5,W,5,N
52,479.00,541.22,1,S,2,W
278,525.98,541.34,5,W,5,N
279,529.29,541.64,5,W,5,N
331,519.04,555.04,5,E,5,N
332,563.74,569.88,5,E,5,N
24,333.00,574.80,1,S,5,W
25,334.03,575.10,1,S,5,W
114,288.24,575.40,1,W,5,W
118,331.53,575.70,1,W,5,W
119,334.24,576.00,1,W,5,W
121,338.23,576.30,1,W,5,W
124,363.51,576.60,1,W,5,W
168,316.48,576.90,1,E,5,W
171,372.56,577.20,1,E,5,W
27,351.82,577.50,1,S,5,W
28,352.65,577.80,1,S,5,W
29,355.07,578.10,1,S,5,W
31,370.75,578.40,1,S,5,W
34,379.90,578.70,1,S,5,W
36,381.88,579.00,1,S,5,W
37,385.67,579.30,1,S,5,W
38,389.24,579.60,1,S,5,W
50,414.63,579.90,1,S,5,W
224,469.53,580.20,3,W,5,W
225,489.37,580.50,3,W,5,W
333,574.43,580.57,5,E,5,N
30,369.43,596.94,1,S,5,N
33,375.98,597.24,1,S,5,N
35,380.75,597.54,1,S,5,N
41,395.13,597.84,1,S,5,N
42,397.03,598.14,1,S,5,N
47,411.39,598.44,1,S,5,N
48,411.78,598.74,1,S,5,N
51,414.96,599.04,1,S,5,N
244,498.82,599.34,3,E,5,N
226,539.10,600.87,3,W,5,N
211,458.98,611.07,2,E,5,N
199,499.03,611.67,2,W,5,N
54,554.88,615.50,1,S,1,E
55,558.47,615.80,1,S,1,E
176,474.53,619.61,1,E,5,E
126,398.08,623.94,1,W,5,N
127,439.40,624.24,1,W,5,N
128,443.19,624.54,1,W,5,N
174,447.64,625.14,1,E,5,N
175,451.41,625.44,1,E,5,N
177,491.54,626.04,1,E,5,N
280,549.94,640.94,5,W,5,N
281,551.40,641.24,5,W,5,N
282,555.18,641.54,5,W,5,N
283,555.71,641.84,5,W,5,N
284,573.39,642.14,5,W,5,N
285,577.28,642.44,5,W,5,N
286,578.22,642.74,5,W,5,N
287,583.67,643.04,5,W,5,N
288,586.76,643.34,5,W,5,N
289,586.90,643.64,5,W,5,N
290,591.26,643.94,5,W,5,N
291,595.72,644.24,5,W,5,N
292,600.62,644.54,5,W,5,N
134,556.83,663.17,1,W,3,E
334,661.58,667.72,5,E,5,N
335,663.16,669.29,5,E,5,N
198,478.82,674.70,2,W,5,W
200,522.71,675.00,2,W,5,W
125,369.80,675.30,1,W,5,W
129,449.83,675.60,1,W,5,W
227,567.81,696.84,3,W,5,N
245,584.65,697.14,3,E,5,N
246,586.93,697.44,3,E,5,N
212,543.02,710.87,2,E,5,N
213,579.05,711.77,2,E,5,N
203,599.74,712.07,2,W,5,N
131,502.08,724.04,1,W,5,N
132,504.69,724.34,1,W,5,N
133,523.41,724.64,1,W,5,N
135,563.06,725.24,1,W,5,N
179,520.95,725.84,1,E,5,N
293,668.66,740.84,5,W,5,N
294,670.67,741.14,5,W,5,N
295,678.46,741.44,5,W,5,N
296,680.90,741.74,5,W,5,N
297,683.53,742.04,5,W,5,N
298,688.23,742.34,5,W,5,N
299,693.39,742.64,5,W,5,N
300,699.27,742.94,5,W,5,N
301,701.68,743.24,5,W,5,N
302,719.45,743.54,5,W,5,N
336,754.58,760.72,5,E,5,N
337,756.93,763.07,5,E,5,N
201,543.30,774.60,2,W,5,W
202,587.92,774.90,2,W,5,W
130,482.15,775.20,1,W,5,W
178,509.24,775.50,1,E,5,W
180,560.55,775.80,1,E,5,W
181,564.14,776.10,1,E,5,W
57,564.23,776.40,1,S,5,W
58,566.66,776.70,1,S,5,W
228,698.25,777.00,3,W,5,W
338,772.02,778.16,5,E,5,N
339,773.36,779.49,5,E,5,N
56,560.77,796.74,1,S,5,N
247,701.13,797.04,3,E,5,N
229,711.31,797.34,3,W,5,N
230,732.61,797.64,3,W,5,N
61,722.60,803.50,1,S,1,W
68,739.42,803.80,1,S,1,W
71,752.62,804.10,1,S,1,W
80,777.57,804.40,1,S,1,W
83,784.47,804.70,1,S,1,W
214,665.26,810.67,2,E,5,N
85,788.54,820.20,1,S,1,E
136,580.18,823.84,1,W,5,N
137,587.90,824.14,1,W,5,N
138,602.97,824.44,1,W,5,N
139,610.30,824.74,1,W,5,N
141,633.47,825.34,1,W,5,N
184,699.57,826.24,1,E,5,N
185,702.53,826.49,1,E,5,N
143,669.72,827.30,1,W,2,W
303,758.43,840.74,5,W,5,N
304,762.08,841.04,5,W,5,N
305,763.16,841.34,5,W,5,N
306,766.36,841.64,5,W,5,N
307,768.83,841.94,5,W,5,N
308,772.35,842.24,5,W,5,N
309,800.13,842.54,5,W,5,N
310,805.43,842.84,5,W,5,N
72,756.59,843.02,1,S,2,W
311,843.03,849.17,5,W,5,N
312,846.98,853.12,5,W,5,N
340,854.03,860.17,5,E,5,N
149,748.79,865.17,1,W,3,E
341,865.75,871.88,5,E,5,N
140,629.86,874.50,1,W,5,W
182,604.21,874.80,1,E,5,W
183,605.09,875.10,1,E,5,W
59,655.05,875.40,1,S,5,W
63,726.82,875.70,1,S,5,W
70,745.58,878.79,1,S,3,E
78,777.28,880.89,1,S,3,E
81,777.68,881.49,1,S,3,W
249,826.96,882.60,3,E,5,W
86,789.51,882.69,1,S,3,W
60,657.96,896.64,1,S,5,N
62,725.90,896.94,1,S,5,N
64,728.51,897.24,1,S,5,N
231,753.65,897.54,3,W,5,N
248,814.10,897.84,3,E,5,N
89,808.32,903.90,1,S,1,W
216,774.54,911.07,2,E,5,N
95,886.53,918.20,1,S,1,E
66,735.21,924.24,1,S,5,N
142,669.54,924.84,1,W,5,N
144,672.47,925.44,1,W,5,N
145,675.19,925.74,1,W,5,N
146,707.91,926.04,1,W,5,N
147,711.05,926.34,1,W,5,N
186,763.45,927.24,1,E,5,N
313,849.53,940.64,5,W,5,N
314,853.42,940.94,5,W,5,N
315,856.57,941.24,5,W,5,N
316,883.14,941.54,5,W,5,N
317,898.12,941.84,5,W,5,N
91,876.09,943.12,1,S,2,W
215,742.92,974.40,2,E,5,W
204,797.19,974.70,2,W,5,W
65,733.14,975.00,1,S,5,W
67,736.05,975.30,1,S,5,W
148,729.22,975.60,1,W,5,W
73,758.79,975.90,1,S,5,W
74,761.01,976.20,1,S,5,W
88,808.28,976.50,1,S,5,W
90,869.56,978.89,1,S,3,W
69,742.35,996.54,1,S,5,N
75,763.80,996.84,1,S,5,N
76,767.04,997.14,1,S,5,N
77,772.89,997.44,1,S,5,N
79,777.51,997.74,1,S,5,N
82,780.50,998.04,1,S,5,N
84,787.72,998.34,1,S,5,N
87,793.34,998.64,1,S,5,N
250,895.77,998.94,3,E,5,N
232,863.17,999.24,3,W,5,N
150,793.28,1024.04,1,W,5,N
152,807.10,1024.64,1,W,5,N
153,824.63,1024.94,1,W,5,N
156,899.85,1026.60,1,W,2,W
217,866.95,1074.30,2,E,5,W
151,799.89,1074.60,1,W,5,W
154,857.29,1074.90,1,W,5,W
187,835.47,1075.20,1,E,5,W
92,876.33,1096.44,1,S,5,N
93,877.90,1096.74,1,S,5,N
94,879.53,1097.04,1,S,5,N
155,896.63,1174.20,1,W,5,W