id,enter_time,exit_time,entrance_intersection,entrance_direction,exit_intersection,exit_direction
222,3.99,41.54,5,W,5,N
223,25.17,41.84,5,W,5,N
224,31.14,42.14,5,W,5,N
225,34.49,42.44,5,W,5,N
226,37.95,44.09,5,W,5,N
227,40.35,46.49,5,W,5,N
283,24.56,55.54,5,E,5,N
2,16.08,56.33,1,S,2,W
190,24.60,97.44,3,W,5,N
0,3.00,100.70,1,S,1,W
4,84.56,101.00,1,S,1,W
137,47.50,126.00,1,E,2,W
228,108.64,141.44,5,W,5,N
229,109.92,141.74,5,W,5,N
284,108.09,155.44,5,E,5,N
177,121.54,157.61,2,E,3,W
285,152.48,158.61,5,E,5,N
191,42.73,175.20,3,W,5,W
1,6.66,175.50,1,S,5,W
204,71.15,175.80,3,E,5,W
192,67.02,176.10,3,W,5,W
205,73.80,176.40,3,E,5,W
193,100.63,176.70,3,W,5,W
3,18.16,197.34,1,S,5,N
7,177.35,201.10,1,S,1,W
8,183.85,201.40,1,S,1,W
206,147.64,203.28,3,E,5,E
68,39.29,223.24,1,W,5,N
136,12.65,223.54,1,E,5,N
138,48.65,224.14,1,E,5,N
139,158.05,227.00,1,E,2,E
230,185.62,241.34,5,W,5,N
231,201.58,241.64,5,W,5,N
232,218.86,241.94,5,W,5,N
233,240.03,246.17,5,W,5,N
234,242.03,248.17,5,W,5,N
178,204.73,250.20,2,E,3,W
286,240.64,255.34,5,E,5,N
176,30.02,275.10,2,E,5,W
209,197.71,275.53,3,E,5,W
5,87.30,297.24,1,S,5,N
207,150.20,297.54,3,E,5,N
208,185.97,297.84,3,E,5,N
194,239.44,301.21,3,W,5,N
163,192.43,311.67,2,W,5,N
11,300.86,315.00,1,S,1,E
164,218.34,316.19,2,W,5,N
71,132.40,323.94,1,W,5,N
140,163.98,325.14,1,E,5,N
78,235.93,327.10,1,W,2,W
235,281.56,341.24,5,W,5,N
236,284.24,341.54,5,W,5,N
237,308.29,341.84,5,W,5,N
238,311.71,342.14,5,W,5,N
239,315.24,342.44,5,W,5,N
240,318.26,342.74,5,W,5,N
241,321.19,343.04,5,W,5,N
242,323.48,343.34,5,W,5,N
165,258.50,350.00,2,W,3,W
287,338.18,355.24,5,E,5,N
288,350.84,356.97,5,E,5,N
80,238.21,363.77,1,W,3,E
69,82.90,375.00,1,W,5,W
70,99.69,375.30,1,W,5,W
72,152.23,375.60,1,W,5,W
73,155.81,375.90,1,W,5,W
210,295.85,376.20,3,E,5,W
211,298.88,376.50,3,E,5,W
10,300.57,376.89,1,S,3,W
6,176.90,397.14,1,S,5,N
213,339.07,400.84,3,E,5,N
14,311.77,401.90,1,S,1,W
17,381.28,402.20,1,S,1,W
18,382.15,402.50,1,S,1,W
180,268.52,412.07,2,E,5,N
181,319.01,416.85,2,E,5,N
9,235.73,423.44,1,S,5,N
74,181.64,423.74,1,W,5,N
76,231.39,424.34,1,W,5,N
77,235.09,424.64,1,W,5,N
81,242.30,425.84,1,W,5,N
82,244.30,426.14,1,W,5,N
83,247.70,426.44,1,W,5,N
141,221.69,426.74,1,E,5,N
142,287.65,427.04,1,E,5,N
243,350.28,441.14,5,W,5,N
244,351.58,441.44,5,W,5,N
245,426.31,441.74,5,W,5,N
246,428.91,442.04,5,W,5,N
247,433.71,442.34,5,W,5,N
248,435.03,442.64,5,W,5,N
289,437.73,455.14,5,E,5,N
290,438.21,455.44,5,E,5,N
291,457.87,464.01,5,E,5,N
212,335.29,474.90,3,E,5,W
179,240.48,475.20,2,E,5,W
75,212.25,475.50,1,W,5,W
79,236.14,475.80,1,W,5,W
143,299.46,476.10,1,E,5,W
12,302.25,476.40,1,S,5,W
195,358.96,476.70,3,W,5,W
13,306.24,497.04,1,S,5,N
15,314.64,497.34,1,S,5,N
16,316.38,497.64,1,S,5,N
214,403.74,497.94,3,E,5,N
196,396.41,498.24,3,W,5,N
183,408.96,511.57,2,E,5,N
85,290.37,523.84,1,W,5,N
87,319.51,524.44,1,W,5,N
88,327.01,524.74,1,W,5,N
91,357.16,525.64,1,W,5,N
145,404.76,528.50,1,E,2,W
249,449.70,541.04,5,W,5,N
250,452.14,541.34,5,W,5,N
251,456.67,541.64,5,W,5,N
25,475.32,541.82,1,S,2,E
252,458.72,541.94,5,W,5,N
253,462.74,542.24,5,W,5,N
254,468.49,542.54,5,W,5,N
255,470.56,542.84,5,W,5,N
256,473.76,543.14,5,W,5,N
257,492.10,543.44,5,W,5,N
292,499.35,555.04,5,E,5,N
293,510.68,555.34,5,E,5,N
294,514.18,555.64,5,E,5,N
295,523.98,555.94,5,E,5,N
182,353.98,574.80,2,E,5,W
84,280.05,575.10,1,W,5,W
86,293.81,575.40,1,W,5,W
89,331.56,575.70,1,W,5,W
90,338.48,576.00,1,W,5,W
92,363.89,576.30,1,W,5,W
144,367.33,576.60,1,E,5,W
19,384.79,576.90,1,S,5,W
20,385.13,577.20,1,S,5,W
21,388.96,577.50,1,S,5,W
22,391.24,577.80,1,S,5,W
215,505.83,596.94,3,E,5,N
217,537.87,599.64,3,E,5,N
31,563.70,602.70,1,S,1,W
36,569.77,603.00,1,S,1,W
38,573.38,603.30,1,S,1,W
184,482.12,611.07,2,E,5,N
167,455.42,611.67,2,W,5,N
93,366.58,623.64,1,W,5,N
94,369.63,623.94,1,W,5,N
95,372.76,624.24,1,W,5,N
97,380.23,624.84,1,W,5,N
99,422.25,625.44,1,W,5,N
100,429.17,625.74,1,W,5,N
103,477.99,626.20,1,W,2,W
104,480.81,626.50,1,W,2,W
146,461.46,626.64,1,E,5,N
147,479.75,626.94,1,E,5,N
108,550.99,627.70,1,W,2,E
150,541.03,628.90,1,E,2,W
258,555.88,640.94,5,W,5,N
259,560.52,641.24,5,W,5,N
260,576.60,641.54,5,W,5,N
261,579.71,641.84,5,W,5,N
262,595.11,642.14,5,W,5,N
263,635.04,642.44,5,W,5,N
264,637.44,643.58,5,W,5,N
265,643.24,649.38,5,W,5,N
296,625.43,654.94,5,E,5,N
297,636.47,655.24,5,E,5,N
298,646.94,655.54,5,E,5,N
102,466.55,661.97,1,W,3,W
299,657.13,663.27,5,E,5,N
216,535.12,674.70,3,E,5,W
197,538.63,675.00,3,W,5,W
166,434.26,675.30,2,W,5,W
168,515.90,675.60,2,W,5,W
96,377.84,675.90,1,W,5,W
98,382.84,676.20,1,W,5,W
101,462.79,676.50,1,W,5,W
26,485.66,676.80,1,S,5,W
198,586.46,677.10,3,W,5,W
199,593.41,677.40,3,W,5,W
41,618.85,695.17,1,S,3,E
23,470.55,696.84,1,S,5,N
24,471.42,697.14,1,S,5,N
27,489.33,697.44,1,S,5,N
42,620.04,703.10,1,S,1,W
46,691.60,705.73,1,S,1,W
170,569.61,711.47,2,W,5,N
172,611.05,712.07,2,W,5,N
148,533.06,720.01,1,E,5,E
105,484.54,724.64,1,W,5,N
107,530.82,725.24,1,W,5,N
109,554.55,725.84,1,W,5,N
149,535.42,726.44,1,E,5,N
266,673.96,740.84,5,W,5,N
267,678.11,741.14,5,W,5,N
268,680.17,741.44,5,W,5,N
269,682.52,741.74,5,W,5,N
270,704.03,742.04,5,W,5,N
271,707.14,742.34,5,W,5,N
272,710.74,742.64,5,W,5,N
300,676.57,754.84,5,E,5,N
301,731.19,755.14,5,E,5,N
175,724.59,760.66,2,W,3,W
112,576.72,762.67,1,W,3,E
169,540.60,774.60,2,W,5,W
185,572.66,774.90,2,E,5,W
171,584.89,775.20,2,W,5,W
106,526.93,775.50,1,W,5,W
151,547.96,775.80,1,E,5,W
34,565.68,776.10,1,S,5,W
35,569.04,776.40,1,S,5,W
37,572.98,776.70,1,S,5,W
39,574.44,777.00,1,S,5,W
28,557.57,796.74,1,S,5,N
29,558.66,797.04,1,S,5,N
30,561.75,797.34,1,S,5,N
32,564.05,797.64,1,S,5,N
33,564.68,797.94,1,S,5,N
40,575.62,798.24,1,S,5,N
43,622.37,798.54,1,S,5,N
44,623.66,798.84,1,S,5,N
200,709.62,799.14,3,W,5,N
218,654.34,799.44,3,E,5,N
54,779.26,803.50,1,S,1,W
56,788.42,803.80,1,S,1,W
174,682.66,811.27,2,W,5,N
59,799.06,813.20,1,S,1,W
58,792.51,818.40,1,S,1,E
110,570.30,823.84,1,W,5,N
111,572.40,824.14,1,W,5,N
113,580.31,824.74,1,W,5,N
114,582.83,825.04,1,W,5,N
115,585.13,825.34,1,W,5,N
117,620.50,825.94,1,W,5,N
273,770.38,840.74,5,W,5,N
274,811.31,841.04,5,W,5,N
275,813.48,841.34,5,W,5,N
302,819.01,854.74,5,E,5,N
303,835.71,855.04,5,E,5,N
186,662.82,874.50,2,E,5,W
173,632.65,874.80,2,W,5,W
116,616.96,875.10,1,W,5,W
118,623.02,875.40,1,W,5,W
152,638.10,875.70,1,E,5,W
304,873.40,879.54,5,E,5,N
305,873.93,880.06,5,E,5,N
45,690.00,896.64,1,S,5,N
47,694.14,896.94,1,S,5,N
48,697.56,897.24,1,S,5,N
219,766.18,897.54,3,E,5,N
201,832.73,897.84,3,W,5,N
64,868.61,903.90,1,S,1,W
65,872.28,904.20,1,S,1,W
66,874.72,904.50,1,S,1,W
187,746.10,910.47,2,E,5,N
188,803.18,910.77,2,E,5,N
123,678.96,919.01,1,W,5,E
154,712.37,920.51,1,E,5,E
119,668.70,923.94,1,W,5,N
120,672.23,924.24,1,W,5,N
121,673.86,924.54,1,W,5,N
153,707.27,926.34,1,E,5,N
155,717.39,926.94,1,E,5,N
156,724.98,927.24,1,E,5,N
157,727.07,927.54,1,E,5,N
132,860.77,927.70,1,W,2,E
159,780.47,928.14,1,E,5,N
160,797.94,928.44,1,E,5,N
276,871.57,940.64,5,W,5,N
277,871.78,940.94,5,W,5,N
278,873.99,941.24,5,W,5,N
279,889.81,941.54,5,W,5,N
280,891.24,941.84,5,W,5,N
281,895.23,942.14,5,W,5,N
282,899.19,942.44,5,W,5,N
306,889.62,954.64,5,E,5,N
122,676.07,974.40,1,W,5,W
124,700.74,974.70,1,W,5,W
125,704.61,975.00,1,W,5,W
126,738.04,975.30,1,W,5,W
158,732.21,975.60,1,E,5,W
50,770.83,975.90,1,S,5,W
51,773.73,976.20,1,S,5,W
55,782.54,976.50,1,S,5,W
49,770.18,996.54,1,S,5,N
52,775.91,996.84,1,S,5,N
53,778.99,997.14,1,S,5,N
57,789.88,997.44,1,S,5,N
202,853.22,997.74,3,W,5,N
220,874.03,998.04,3,E,5,N
203,857.62,998.34,3,W,5,N
221,876.98,998.64,3,E,5,N
189,884.62,1010.27,2,E,5,N
127,780.73,1024.04,1,W,5,N
129,822.01,1024.64,1,W,5,N
130,855.30,1024.94,1,W,5,N
133,864.72,1025.84,1,W,5,N
161,855.70,1026.14,1,E,5,N
128,819.72,1074.30,1,W,5,W
131,858.20,1074.60,1,W,5,W
162,885.29,1074.90,1,E,5,W
60,859.40,1075.20,1,S,5,W
67,879.74,1075.50,1,S,5,W
63,866.67,1090.90,1,S,5,E
61,860.35,1096.44,1,S,5,N
62,863.81,1096.74,1,S,5,N
135,896.50,1118.31,1,W,5,E
134,871.47,1174.20,1,W,5,W