id,enter_time,exit_time,entrance_intersection,entrance_direction,exit_intersection,exit_direction
10,29.98,44.12,1,S,1,E
12,33.80,47.93,1,S,1,E
271,3.50,66.44,5,W,5,N
272,8.67,66.74,5,W,5,N
273,9.02,67.04,5,W,5,N
274,9.68,67.34,5,W,5,N
325,16.14,80.44,5,E,5,N
2,9.11,100.70,1,S,1,W
4,10.91,101.00,1,S,1,W
16,49.76,101.30,1,S,1,W
21,64.28,101.60,1,S,1,W
23,80.19,101.90,1,S,1,W
184,82.43,108.55,1,E,2,W
14,46.63,113.80,1,S,1,E
249,2.69,131.27,3,E,5,N
275,95.69,166.34,5,W,5,N
276,114.22,166.64,5,W,5,N
277,115.06,166.94,5,W,5,N
278,116.94,167.24,5,W,5,N
279,119.96,167.54,5,W,5,N
280,123.66,167.84,5,W,5,N
281,163.59,169.72,5,W,5,N
282,166.07,172.21,5,W,5,N
283,168.88,175.02,5,W,5,N
284,172.83,178.97,5,W,5,N
326,120.92,180.34,5,E,5,N
327,121.25,180.64,5,E,5,N
328,124.97,180.94,5,E,5,N
329,127.49,181.24,5,E,5,N
330,129.70,181.54,5,E,5,N
0,3.42,200.10,1,S,5,W
9,26.06,200.40,1,S,5,W
11,33.45,200.70,1,S,5,W
108,14.78,201.00,1,W,5,W
25,161.51,201.10,1,S,1,W
109,18.25,201.30,1,W,5,W
181,44.57,201.60,1,E,5,W
183,71.26,201.90,1,E,5,W
24,158.80,213.90,1,S,1,E
1,6.96,217.90,1,S,5,E
226,33.11,222.24,2,E,5,N
213,22.45,222.54,2,W,5,N
214,65.76,222.84,2,W,5,N
227,54.03,223.14,2,E,5,N
228,82.33,223.44,2,E,5,N
215,87.36,223.74,2,W,5,N
3,9.62,224.34,1,S,5,N
5,14.06,224.64,1,S,5,N
6,16.27,224.94,1,S,5,N
7,20.48,225.24,1,S,5,N
252,146.99,225.53,3,E,5,E
8,23.83,225.54,1,S,5,N
110,21.12,225.84,1,W,5,N
111,23.75,226.14,1,W,5,N
112,25.95,226.44,1,W,5,N
113,58.40,226.74,1,W,5,N
179,21.80,227.04,1,E,5,N
180,24.10,227.34,1,E,5,N
182,67.45,227.64,1,E,5,N
250,114.79,231.07,3,E,5,N
242,175.22,236.99,3,W,5,N
116,77.26,237.17,1,W,3,W
285,176.29,266.24,5,W,5,N
286,178.78,266.54,5,W,5,N
287,236.58,266.84,5,W,5,N
288,257.51,267.14,5,W,5,N
289,272.45,278.59,5,W,5,N
331,272.34,280.24,5,E,5,N
241,136.97,300.00,3,W,5,W
251,144.78,300.30,3,E,5,W
253,150.03,300.60,3,E,5,W
243,175.47,300.90,3,W,5,W
17,56.46,301.20,1,S,5,W
37,258.47,301.50,1,S,1,W
19,63.91,301.50,1,S,5,W
20,64.25,301.80,1,S,5,W
22,68.61,302.10,1,S,5,W
216,112.18,302.40,2,W,5,W
230,178.07,302.70,2,E,5,W
114,72.62,303.00,1,W,5,W
119,156.85,303.30,1,W,5,W
34,244.37,315.50,1,S,1,E
35,246.48,315.80,1,S,1,E
229,156.04,316.90,2,E,5,E
115,74.54,317.20,1,W,5,E
13,44.92,322.14,1,S,5,N
15,48.70,322.44,1,S,5,N
18,59.87,322.74,1,S,5,N
117,79.79,323.64,1,W,5,N
118,123.32,323.94,1,W,5,N
120,159.38,324.24,1,W,5,N
185,110.91,324.54,1,E,5,N
256,257.09,331.47,3,E,5,N
290,294.23,366.14,5,W,5,N
291,297.11,366.44,5,W,5,N
292,301.06,366.74,5,W,5,N
293,312.24,367.04,5,W,5,N
294,314.26,367.34,5,W,5,N
295,329.68,367.64,5,W,5,N
296,335.52,367.94,5,W,5,N
297,339.01,368.24,5,W,5,N
298,342.44,368.54,5,W,5,N
332,330.80,380.14,5,E,5,N
333,331.08,380.44,5,E,5,N
254,219.50,399.90,3,E,5,W
255,254.51,400.20,3,E,5,W
33,244.01,400.40,1,S,3,W
27,166.18,400.50,1,S,5,W
28,169.52,400.80,1,S,5,W
38,259.15,401.00,1,S,3,E
231,269.19,401.10,2,E,5,W
42,345.64,401.90,1,S,1,W
44,347.53,402.20,1,S,1,W
49,361.74,402.50,1,S,1,W
130,327.66,402.50,1,W,2,W
51,366.14,402.80,1,S,1,W
52,369.12,403.10,1,S,1,W
53,372.32,403.40,1,S,1,W
56,376.02,403.70,1,S,1,W
57,378.32,404.00,1,S,1,W
192,292.29,410.11,1,E,5,W
217,296.02,416.20,2,W,5,E
55,375.91,416.80,1,S,1,E
186,214.75,417.70,1,E,5,E
26,164.44,422.04,1,S,5,N
29,235.08,422.64,1,S,5,N
121,197.59,422.94,1,W,5,N
122,200.48,423.24,1,W,5,N
123,240.22,423.54,1,W,5,N
187,235.61,424.14,1,E,5,N
188,245.72,424.44,1,E,5,N
244,300.03,424.53,3,W,5,E
189,247.48,424.74,1,E,5,N
190,264.08,425.04,1,E,5,N
191,267.56,425.34,1,E,5,N
257,321.72,430.67,3,E,5,N
126,278.95,437.37,1,W,3,W
129,324.87,438.27,1,W,3,E
299,402.79,466.04,5,W,5,N
334,438.11,480.04,5,E,5,N
335,469.39,480.34,5,E,5,N
30,238.17,499.80,1,S,5,W
31,241.23,500.10,1,S,5,W
32,241.99,500.40,1,S,5,W
218,300.46,500.70,2,W,5,W
220,384.75,501.00,2,W,5,W
128,321.72,501.30,1,W,5,W
195,372.19,501.60,1,E,5,W
60,447.34,502.30,1,S,1,W
141,446.96,503.20,1,W,2,W
233,420.09,512.97,2,E,3,W
39,263.15,516.10,1,S,5,E
36,252.93,521.94,1,S,5,N
40,273.45,522.54,1,S,5,N
41,275.38,522.84,1,S,5,N
232,324.99,523.14,2,E,5,N
219,361.25,523.44,2,W,5,N
124,274.15,523.74,1,W,5,N
125,276.58,524.04,1,W,5,N
127,281.02,524.34,1,W,5,N
131,361.66,524.64,1,W,5,N
132,363.88,524.94,1,W,5,N
193,306.82,525.24,1,E,5,N
194,310.81,525.54,1,E,5,N
258,403.40,530.47,3,E,5,N
58,443.60,541.22,1,S,2,W
62,454.11,542.12,1,S,2,W
300,494.34,565.94,5,W,5,N
301,497.08,566.24,5,W,5,N
302,517.47,566.54,5,W,5,N
303,519.08,566.84,5,W,5,N
304,528.88,567.14,5,W,5,N
305,545.52,567.44,5,W,5,N
306,558.11,567.74,5,W,5,N
307,561.29,568.04,5,W,5,N
336,550.88,579.94,5,E,5,N
245,439.50,599.70,3,W,5,W
46,352.96,600.00,1,S,5,W
47,356.58,600.30,1,S,5,W
50,365.59,600.60,1,S,5,W
54,372.68,600.90,1,S,5,W
133,367.29,601.20,1,W,5,W
142,453.74,601.50,1,W,5,W
143,455.92,601.80,1,W,5,W
144,457.87,602.10,1,W,5,W
67,524.04,602.70,1,S,1,W
43,347.37,615.70,1,S,5,E
134,373.80,617.20,1,W,5,E
68,603.68,617.82,1,S,1,E
45,350.79,622.14,1,S,5,N
48,360.18,622.44,1,S,5,N
221,455.91,622.74,2,W,5,N
234,475.95,623.04,2,E,5,N
135,395.77,623.64,1,W,5,N
136,398.71,623.94,1,W,5,N
137,435.59,624.24,1,W,5,N
138,439.30,624.54,1,W,5,N
139,440.89,624.84,1,W,5,N
140,444.76,625.14,1,W,5,N
145,461.53,625.44,1,W,5,N
196,448.53,625.74,1,E,5,N
197,485.88,626.04,1,E,5,N
198,494.83,626.34,1,E,5,N
246,559.07,630.27,3,W,5,N
262,527.03,631.17,3,E,5,N
72,622.65,636.79,1,S,1,E
150,514.46,638.47,1,W,3,E
263,595.09,656.86,3,E,5,N
308,634.55,665.84,5,W,5,N
337,637.10,679.84,5,E,5,N
259,518.11,699.60,3,E,5,W
260,521.90,699.90,3,E,5,W
261,524.80,700.20,3,E,5,W
63,455.18,700.50,1,S,5,W
64,455.74,700.80,1,S,5,W
222,501.36,701.10,2,W,5,W
146,488.12,701.40,1,W,5,W
148,499.92,701.70,1,W,5,W
149,500.14,702.00,1,W,5,W
151,540.26,702.30,1,W,5,W
70,614.90,703.10,1,S,1,W
77,651.12,703.40,1,S,1,W
65,458.74,716.20,1,S,5,E
59,446.00,721.74,1,S,5,N
61,451.31,722.04,1,S,5,N
235,573.93,722.64,2,E,5,N
66,521.42,722.94,1,S,5,N
147,492.11,723.24,1,W,5,N
152,557.33,723.54,1,W,5,N
199,516.64,723.84,1,E,5,N
200,537.88,724.14,1,E,5,N
201,546.32,724.44,1,E,5,N
264,672.56,734.33,3,E,5,N
69,613.66,737.07,1,S,3,W
71,617.93,737.37,1,S,3,W
247,690.99,746.62,3,W,5,E
205,685.70,747.89,1,E,3,E
309,694.37,765.74,5,W,5,N
310,736.17,766.04,5,W,5,N
311,739.22,766.34,5,W,5,N
312,740.48,766.64,5,W,5,N
313,743.88,766.94,5,W,5,N
314,746.07,767.24,5,W,5,N
315,749.00,767.54,5,W,5,N
316,752.89,767.84,5,W,5,N
317,757.34,768.14,5,W,5,N
338,772.34,779.74,5,E,5,N
339,772.90,780.04,5,E,5,N
265,689.39,799.50,3,E,5,W
79,661.80,799.60,1,S,3,W
236,657.33,799.80,2,E,5,W
223,700.38,800.10,2,W,5,W
73,625.93,800.40,1,S,5,W
154,604.04,800.70,1,W,5,W
155,637.11,801.00,1,W,5,W
156,652.38,801.30,1,W,5,W
94,705.66,802.90,1,S,2,E
96,709.58,803.50,1,S,2,W
237,701.34,813.27,2,E,3,E
208,787.19,813.31,1,E,2,E
74,627.85,821.64,1,S,5,N
153,572.78,821.94,1,W,5,N
157,655.71,822.24,1,W,5,N
158,662.05,822.54,1,W,5,N
159,665.47,822.84,1,W,5,N
202,610.73,823.14,1,E,5,N
203,640.18,823.44,1,E,5,N
204,649.18,823.74,1,E,5,N
266,720.80,829.87,3,E,5,N
97,710.73,839.87,1,S,3,E
163,702.24,841.07,1,W,3,W
166,754.25,841.97,1,W,3,E
318,816.83,865.64,5,W,5,N
319,858.41,865.94,5,W,5,N
320,862.10,868.24,5,W,5,N
321,871.73,877.86,5,W,5,N
340,801.26,879.64,5,E,5,N
341,802.48,879.94,5,E,5,N
342,803.41,880.24,5,E,5,N
343,814.92,880.54,5,E,5,N
344,828.71,880.84,5,E,5,N
267,723.86,899.40,3,E,5,W
84,678.47,899.70,1,S,5,W
87,683.93,900.00,1,S,5,W
95,707.75,900.30,1,S,5,W
162,699.06,900.60,1,W,5,W
165,723.57,900.90,1,W,5,W
206,722.81,901.20,1,E,5,W
99,806.59,901.20,1,S,2,W
207,779.57,901.50,1,E,5,W
104,818.82,901.80,1,S,2,W
100,812.91,903.90,1,S,1,W
101,814.54,904.20,1,S,1,W
102,816.35,904.50,1,S,1,W
105,821.50,904.80,1,S,1,W
224,868.72,913.37,2,W,3,E
239,853.18,913.37,2,E,3,E
91,700.47,919.30,1,S,5,E
75,639.81,921.54,1,S,5,N
76,643.05,921.84,1,S,5,N
78,653.82,922.14,1,S,5,N
80,668.84,922.44,1,S,5,N
81,672.52,922.74,1,S,5,N
82,673.31,923.04,1,S,5,N
83,674.95,923.34,1,S,5,N
85,681.95,923.64,1,S,5,N
86,683.15,923.94,1,S,5,N
238,798.60,924.24,2,E,5,N
88,687.02,924.54,1,S,5,N
89,688.76,924.84,1,S,5,N
90,695.85,925.14,1,S,5,N
92,702.44,925.74,1,S,5,N
93,702.80,926.04,1,S,5,N
160,688.80,926.34,1,W,5,N
161,696.58,926.64,1,W,5,N
164,705.35,926.94,1,W,5,N
167,757.99,927.24,1,W,5,N
168,764.35,927.54,1,W,5,N
209,796.82,927.84,1,E,5,N
268,806.30,929.67,3,E,5,N
169,782.61,938.77,1,W,3,W
322,880.61,965.54,5,W,5,N
323,883.91,965.84,5,W,5,N
324,888.75,966.14,5,W,5,N
248,837.82,999.30,3,W,5,W
269,809.05,999.60,3,E,5,W
270,845.43,999.90,3,E,5,W
98,804.52,1000.20,1,S,5,W
240,889.96,1000.50,2,E,5,W
106,825.88,1000.80,1,S,5,W
171,789.36,1001.10,1,W,5,W
175,865.83,1001.40,1,W,5,W
170,786.74,1016.20,1,W,5,E
173,831.82,1016.80,1,W,5,E
225,891.40,1021.44,2,W,5,N
103,818.09,1021.74,1,S,5,N
107,829.87,1022.04,1,S,5,N
172,829.49,1022.64,1,W,5,N
174,835.71,1023.24,1,W,5,N
210,804.52,1023.54,1,E,5,N
211,825.46,1023.84,1,E,5,N
212,895.17,1024.14,1,E,5,N
176,868.36,1099.20,1,W,5,W
178,889.53,1099.50,1,W,5,W
177,876.33,1121.34,1,W,5,N