id,enter_time,exit_time,entrance_intersection,entrance_direction,exit_intersection,exit_direction
6,25.64,39.78,1,S,1,E
244,5.69,66.44,5,W,5,N
245,32.98,66.74,5,W,5,N
246,36.22,67.04,5,W,5,N
247,41.20,67.34,5,W,5,N
248,43.39,67.64,5,W,5,N
249,59.00,67.94,5,W,5,N
250,61.35,68.24,5,W,5,N
251,63.83,69.96,5,W,5,N
252,65.48,71.62,5,W,5,N
253,65.65,71.79,5,W,5,N
254,67.63,73.77,5,W,5,N
313,1.08,80.44,5,E,5,N
314,12.53,80.74,5,E,5,N
2,16.50,100.70,1,S,1,W
11,36.13,101.00,1,S,1,W
220,8.59,131.27,3,W,5,N
255,88.61,166.34,5,W,5,N
256,91.60,166.64,5,W,5,N
257,94.89,166.94,5,W,5,N
258,98.13,167.24,5,W,5,N
259,98.67,167.54,5,W,5,N
260,102.42,167.84,5,W,5,N
261,105.26,168.14,5,W,5,N
262,110.57,168.44,5,W,5,N
263,115.57,168.74,5,W,5,N
264,117.63,169.04,5,W,5,N
265,119.77,169.34,5,W,5,N
315,115.96,180.34,5,E,5,N
316,117.23,180.64,5,E,5,N
317,125.34,180.94,5,E,5,N
318,173.64,181.24,5,E,5,N
230,75.44,200.10,3,E,5,W
0,1.01,200.40,1,S,5,W
206,67.53,200.70,2,E,5,W
194,73.80,201.00,2,W,5,W
21,182.44,201.10,1,S,1,W
4,20.87,201.30,1,S,5,W
5,24.12,201.60,1,S,5,W
7,28.57,201.90,1,S,5,W
9,30.54,202.20,1,S,5,W
97,46.25,202.50,1,W,5,W
98,64.62,202.80,1,W,5,W
165,38.83,203.10,1,E,5,W
166,50.82,203.40,1,E,5,W
168,84.10,203.70,1,E,5,W
170,121.10,204.10,1,E,2,W
24,189.69,214.50,1,S,1,E
193,56.28,217.00,2,W,5,E
1,2.21,222.24,1,S,5,N
191,22.41,222.54,2,W,5,N
192,45.17,222.84,2,W,5,N
3,19.63,223.44,1,S,5,N
8,30.54,223.74,1,S,5,N
10,33.72,224.04,1,S,5,N
95,3.77,224.34,1,W,5,N
96,6.02,224.64,1,W,5,N
162,2.69,224.94,1,E,5,N
163,19.83,225.24,1,E,5,N
164,28.03,225.54,1,E,5,N
167,66.94,225.84,1,E,5,N
221,158.41,231.07,3,W,5,N
36,221.30,235.44,1,S,1,E
102,98.29,238.37,1,W,3,E
38,225.30,239.44,1,S,1,E
26,193.01,241.22,1,S,2,W
231,190.46,246.09,3,E,5,E
266,218.40,266.24,5,W,5,N
267,221.23,266.54,5,W,5,N
268,236.03,266.84,5,W,5,N
269,237.07,267.14,5,W,5,N
319,227.60,280.24,5,E,5,N
320,231.69,280.54,5,E,5,N
321,231.85,280.84,5,E,5,N
322,283.96,290.09,5,E,5,N
232,193.89,300.00,3,E,5,W
13,39.79,300.30,1,S,5,W
323,294.29,300.42,5,E,5,N
15,45.89,300.60,1,S,5,W
16,48.62,300.90,1,S,5,W
207,109.55,301.20,2,E,5,W
27,198.82,301.50,1,S,1,W
99,65.85,301.50,1,W,5,W
29,203.77,301.80,1,S,1,W
100,92.54,301.80,1,W,5,W
37,223.71,302.10,1,S,1,W
173,160.79,302.10,1,E,5,W
48,248.75,302.40,1,S,1,W
53,259.05,302.70,1,S,1,W
43,241.48,314.60,1,S,1,E
12,37.39,322.14,1,S,5,N
14,43.18,322.44,1,S,5,N
17,48.62,322.74,1,S,5,N
195,148.59,323.04,2,W,5,N
196,169.49,323.34,2,W,5,N
208,152.40,323.64,2,E,5,N
209,183.83,323.94,2,E,5,N
18,117.99,324.24,1,S,5,N
19,119.41,324.54,1,S,5,N
20,121.98,324.84,1,S,5,N
101,95.67,325.14,1,W,5,N
103,98.30,325.44,1,W,5,N
104,137.64,325.74,1,W,5,N
105,141.61,326.04,1,W,5,N
106,141.84,326.34,1,W,5,N
169,119.92,326.64,1,E,5,N
171,126.17,326.94,1,E,5,N
172,130.38,327.24,1,E,5,N
174,168.24,327.54,1,E,5,N
175,188.75,327.84,1,E,5,N
30,207.22,336.67,1,S,3,E
222,279.79,341.56,3,W,5,N
270,299.99,366.14,5,W,5,N
271,364.05,370.19,5,W,5,N
272,364.44,370.58,5,W,5,N
273,370.37,376.51,5,W,5,N
233,218.43,399.90,3,E,5,W
25,192.46,400.20,1,S,5,W
31,207.43,400.50,1,S,5,W
34,215.35,400.80,1,S,5,W
35,218.46,401.10,1,S,5,W
107,183.66,401.40,1,W,5,W
108,185.78,401.70,1,W,5,W
112,200.98,402.00,1,W,5,W
176,319.79,402.20,1,E,2,W
114,230.48,402.30,1,W,5,W
324,396.65,402.78,5,E,5,N
56,368.00,415.30,1,S,1,E
22,184.79,422.04,1,S,5,N
23,188.40,422.34,1,S,5,N
28,203.20,422.64,1,S,5,N
210,265.56,422.94,2,E,5,N
32,210.55,423.24,1,S,5,N
33,213.43,423.54,1,S,5,N
39,227.19,423.84,1,S,5,N
40,227.84,424.14,1,S,5,N
41,229.12,424.44,1,S,5,N
109,189.07,424.74,1,W,5,N
110,191.15,425.04,1,W,5,N
111,197.40,425.34,1,W,5,N
113,227.13,425.64,1,W,5,N
234,328.08,430.67,3,E,5,N
235,346.48,430.97,3,E,5,N
236,349.54,431.27,3,E,5,N
224,382.80,444.57,3,W,5,N
274,375.81,466.04,5,W,5,N
275,381.46,466.34,5,W,5,N
276,388.53,466.64,5,W,5,N
277,391.92,466.94,5,W,5,N
278,393.65,467.24,5,W,5,N
279,395.05,467.54,5,W,5,N
280,398.94,467.84,5,W,5,N
281,413.35,468.14,5,W,5,N
282,413.97,468.44,5,W,5,N
283,432.69,468.74,5,W,5,N
325,400.07,480.04,5,E,5,N
54,356.25,499.30,1,S,3,E
223,381.49,499.80,3,W,5,W
42,240.29,500.10,1,S,5,W
47,247.36,500.40,1,S,5,W
49,252.66,500.70,1,S,5,W
50,254.46,501.00,1,S,5,W
117,296.40,501.30,1,W,5,W
177,324.41,501.60,1,E,5,W
178,333.96,501.90,1,E,5,W
123,404.21,502.30,1,W,2,E
124,418.09,502.60,1,W,2,W
62,494.62,508.75,1,S,1,W
63,498.20,512.34,1,S,1,W
44,244.70,521.94,1,S,5,N
45,245.57,522.24,1,S,5,N
46,247.34,522.54,1,S,5,N
51,255.67,522.84,1,S,5,N
52,258.95,523.14,1,S,5,N
211,325.87,523.44,2,E,5,N
197,354.06,523.74,2,W,5,N
198,381.98,524.04,2,W,5,N
237,438.31,524.33,3,E,5,E
115,268.90,524.34,1,W,5,N
116,293.30,524.64,1,W,5,N
118,328.80,524.94,1,W,5,N
119,331.30,525.24,1,W,5,N
179,362.90,525.54,1,E,5,N
284,485.09,565.94,5,W,5,N
285,557.80,566.24,5,W,5,N
286,559.88,566.54,5,W,5,N
326,508.91,579.94,5,E,5,N
327,522.79,580.24,5,E,5,N
328,528.62,580.54,5,E,5,N
329,530.89,580.84,5,E,5,N
58,418.74,599.70,1,S,5,W
127,430.44,600.00,1,W,5,W
128,432.86,600.30,1,W,5,W
132,470.97,601.20,1,W,2,W
133,478.39,601.50,1,W,2,W
64,499.61,602.70,1,S,1,W
138,534.80,603.00,1,W,2,E
139,537.63,603.30,1,W,2,W
200,450.35,616.60,2,W,5,E
129,434.99,618.70,1,W,5,E
182,592.98,619.09,1,E,2,W
55,364.27,621.84,1,S,5,N
212,416.98,622.14,2,E,5,N
199,409.76,622.44,2,W,5,N
57,414.39,623.04,1,S,5,N
120,381.45,623.34,1,W,5,N
121,399.79,623.64,1,W,5,N
122,402.94,623.94,1,W,5,N
125,420.55,624.24,1,W,5,N
126,422.64,624.54,1,W,5,N
130,438.93,625.14,1,W,5,N
238,530.02,630.27,3,E,5,N
67,585.54,641.62,1,S,2,E
72,602.66,642.91,1,S,2,W
73,603.64,643.89,1,S,2,W
287,580.90,665.84,5,W,5,N
288,584.59,666.14,5,W,5,N
289,602.67,666.44,5,W,5,N
290,604.76,666.74,5,W,5,N
291,623.06,667.04,5,W,5,N
292,637.32,667.34,5,W,5,N
293,642.02,667.64,5,W,5,N
294,643.98,667.94,5,W,5,N
295,646.75,668.24,5,W,5,N
330,613.30,679.84,5,E,5,N
225,523.66,699.60,3,W,5,W
226,562.25,699.90,3,W,5,W
180,501.45,700.20,1,E,5,W
59,489.86,700.50,1,S,5,W
213,505.51,700.80,2,E,5,W
201,506.54,701.10,2,W,5,W
214,531.64,701.40,2,E,5,W
131,467.83,701.70,1,W,5,W
136,497.09,702.00,1,W,5,W
76,610.36,703.10,1,S,1,W
77,614.28,703.40,1,S,1,W
79,690.01,704.15,1,S,1,W
80,692.03,706.17,1,S,1,W
81,696.30,710.44,1,S,1,W
60,490.56,721.74,1,S,5,N
61,492.59,722.04,1,S,5,N
65,501.07,722.34,1,S,5,N
66,504.20,722.64,1,S,5,N
134,478.65,722.94,1,W,5,N
135,490.23,723.24,1,W,5,N
137,529.03,723.54,1,W,5,N
140,539.85,723.84,1,W,5,N
141,547.37,724.14,1,W,5,N
181,556.05,724.44,1,E,5,N
183,598.92,724.74,1,E,5,N
239,622.60,730.07,3,E,5,N
240,625.38,730.37,3,E,5,N
241,627.70,730.67,3,E,5,N
142,579.42,737.67,1,W,3,W
296,699.19,765.74,5,W,5,N
297,700.73,766.04,5,W,5,N
298,703.22,766.34,5,W,5,N
299,705.53,766.64,5,W,5,N
300,743.10,766.94,5,W,5,N
301,747.27,767.24,5,W,5,N
302,747.40,767.54,5,W,5,N
303,749.86,767.84,5,W,5,N
304,765.75,771.89,5,W,5,N
305,770.29,776.43,5,W,5,N
331,708.56,779.74,5,E,5,N
332,714.60,780.04,5,E,5,N
333,719.25,780.34,5,E,5,N
334,777.96,784.10,5,E,5,N
227,614.93,799.50,3,W,5,W
75,609.74,799.80,1,S,5,W
145,590.15,800.10,1,W,5,W
147,636.06,800.40,1,W,5,W
186,664.19,800.70,1,E,5,W
144,586.33,818.50,1,W,5,E
184,601.63,821.64,1,E,5,N
68,589.41,821.94,1,S,5,N
69,592.54,822.24,1,S,5,N
70,593.15,822.54,1,S,5,N
71,598.98,822.84,1,S,5,N
215,615.07,823.14,2,E,5,N
216,641.26,823.44,2,E,5,N
202,690.91,823.74,2,W,5,N
74,605.34,824.04,1,S,5,N
143,583.26,824.34,1,W,5,N
146,624.07,824.94,1,W,5,N
185,660.02,825.24,1,E,5,N
187,673.87,825.54,1,E,5,N
228,755.92,829.87,3,W,5,N
242,730.26,829.87,3,E,5,N
151,689.32,838.07,1,W,3,E
85,775.00,843.02,1,S,2,E
306,772.84,865.64,5,W,5,N
307,775.16,865.94,5,W,5,N
308,780.56,866.24,5,W,5,N
309,800.72,866.54,5,W,5,N
310,816.67,866.84,5,W,5,N
311,820.60,867.14,5,W,5,N
312,824.52,867.44,5,W,5,N
335,819.60,879.64,5,E,5,N
336,820.99,879.94,5,E,5,N
337,832.33,880.24,5,E,5,N
338,842.21,880.54,5,E,5,N
86,777.78,899.10,1,S,3,E
82,702.73,899.40,1,S,5,W
148,677.78,899.70,1,W,5,W
152,739.56,900.00,1,W,5,W
188,708.28,900.30,1,E,5,W
91,856.33,903.90,1,S,1,W
92,860.17,904.20,1,S,1,W
218,812.59,913.37,2,E,3,W
78,687.38,915.40,1,S,5,E
217,731.04,921.84,2,E,5,N
203,733.67,922.14,2,W,5,N
149,681.09,922.44,1,W,5,N
150,684.49,922.74,1,W,5,N
243,821.76,929.67,3,E,5,N
189,847.44,939.67,1,E,3,W
190,876.06,939.97,1,E,3,W
229,880.37,942.14,3,W,5,N
205,828.64,999.30,2,W,5,W
157,814.62,999.60,1,W,5,W
219,893.36,1016.80,2,E,5,E
154,774.56,1017.40,1,W,5,E
160,858.49,1018.90,1,W,5,E
83,768.40,1021.44,1,S,5,N
84,772.68,1021.74,1,S,5,N
87,788.58,1022.04,1,S,5,N
88,789.27,1022.34,1,S,5,N
204,813.58,1022.64,2,W,5,N
153,770.71,1023.24,1,W,5,N
155,778.73,1023.84,1,W,5,N
156,781.16,1024.14,1,W,5,N
158,848.18,1024.44,1,W,5,N
159,855.78,1024.74,1,W,5,N
93,861.84,1099.20,1,S,5,W
89,853.68,1121.34,1,S,5,N
90,854.55,1121.64,1,S,5,N
94,864.97,1121.94,1,S,5,N
161,886.80,1122.24,1,W,5,N