id,enter_time,exit_time,entrance_intersection,entrance_direction,exit_intersection,exit_direction
224,2.85,66.44,5,W,5,N
225,5.44,66.74,5,W,5,N
226,57.00,67.04,5,W,5,N
227,71.65,77.79,5,W,5,N
310,4.58,80.44,5,E,5,N
311,7.58,80.74,5,E,5,N
312,25.37,81.04,5,E,5,N
2,85.49,113.50,1,S,1,E
5,99.72,114.40,1,S,1,E
204,11.66,125.13,3,E,5,E
205,46.26,125.43,3,E,5,E
84,11.04,137.67,1,W,3,E
86,49.20,138.27,1,W,3,W
228,104.63,166.34,5,W,5,N
229,106.13,166.64,5,W,5,N
230,110.67,166.94,5,W,5,N
231,124.45,167.24,5,W,5,N
232,126.61,167.54,5,W,5,N
233,130.59,167.84,5,W,5,N
234,137.04,168.14,5,W,5,N
235,139.97,168.44,5,W,5,N
236,161.41,168.74,5,W,5,N
237,163.45,169.59,5,W,5,N
238,168.80,174.93,5,W,5,N
313,127.00,180.34,5,E,5,N
192,24.92,200.10,3,W,5,W
6,103.24,201.10,1,S,1,W
9,110.32,201.40,1,S,1,W
147,168.91,203.20,1,E,2,W
11,183.27,213.90,1,S,1,E
145,68.51,219.10,1,E,5,E
18,207.03,221.16,1,S,1,E
164,20.39,222.24,2,W,5,N
165,66.05,222.54,2,W,5,N
180,81.49,222.84,2,E,5,N
0,6.83,223.14,1,S,5,N
1,9.92,223.44,1,S,5,N
82,2.68,223.74,1,W,5,N
83,5.41,224.04,1,W,5,N
85,18.59,224.34,1,W,5,N
143,56.39,224.64,1,E,5,N
144,62.12,224.94,1,E,5,N
146,74.75,225.54,1,E,5,N
206,130.44,231.07,3,E,5,N
194,135.18,231.37,3,W,5,N
88,85.71,237.77,1,W,3,W
91,138.14,238.67,1,W,3,W
14,190.32,240.92,1,S,2,W
195,189.80,251.57,3,W,5,N
239,184.40,266.24,5,W,5,N
240,187.04,266.54,5,W,5,N
241,207.29,266.84,5,W,5,N
242,209.88,267.14,5,W,5,N
243,225.18,267.44,5,W,5,N
244,234.69,267.74,5,W,5,N
245,255.09,268.04,5,W,5,N
246,259.02,268.34,5,W,5,N
247,262.07,268.64,5,W,5,N
248,266.29,272.42,5,W,5,N
249,269.11,275.24,5,W,5,N
250,272.85,278.98,5,W,5,N
314,227.57,280.24,5,E,5,N
315,239.00,280.54,5,E,5,N
316,244.57,280.84,5,E,5,N
317,251.57,281.14,5,E,5,N
193,125.26,300.00,3,W,5,W
4,91.71,300.30,1,S,5,W
181,108.36,300.60,2,E,5,W
20,209.46,300.90,1,S,2,E
7,104.59,300.90,1,S,5,W
8,108.07,301.20,1,S,5,W
92,161.76,301.50,1,W,5,W
3,89.19,316.00,1,S,5,E
10,113.63,322.44,1,S,5,N
87,82.95,322.74,1,W,5,N
89,114.60,323.04,1,W,5,N
90,119.99,323.34,1,W,5,N
207,223.54,330.87,3,E,5,N
196,248.52,330.87,3,W,5,N
208,245.74,331.17,3,E,5,N
251,277.68,366.14,5,W,5,N
252,283.41,366.44,5,W,5,N
253,286.70,366.74,5,W,5,N
254,290.32,367.04,5,W,5,N
255,290.99,367.34,5,W,5,N
256,312.68,367.64,5,W,5,N
318,337.52,380.14,5,E,5,N
197,258.41,399.90,3,W,5,W
19,208.78,400.20,1,S,5,W
95,209.40,400.50,1,W,5,W
148,222.44,400.80,1,E,5,W
319,394.75,400.88,5,E,5,N
29,311.16,401.90,1,S,1,W
32,320.23,402.20,1,S,1,W
167,325.81,412.87,2,W,3,E
96,258.85,418.90,1,W,5,E
12,184.18,422.04,1,S,5,N
13,187.55,422.34,1,S,5,N
15,193.75,422.64,1,S,5,N
16,199.32,422.94,1,S,5,N
17,203.17,423.24,1,S,5,N
182,203.75,423.54,2,E,5,N
166,260.40,423.84,2,W,5,N
183,284.54,424.14,2,E,5,N
93,186.37,424.44,1,W,5,N
94,189.64,424.74,1,W,5,N
152,349.03,440.07,1,E,3,W
257,375.33,466.04,5,W,5,N
258,377.33,466.34,5,W,5,N
259,389.35,466.64,5,W,5,N
260,391.36,466.94,5,W,5,N
261,423.58,467.24,5,W,5,N
262,423.93,467.54,5,W,5,N
263,426.33,467.84,5,W,5,N
264,429.42,468.14,5,W,5,N
265,432.96,468.44,5,W,5,N
266,454.71,468.74,5,W,5,N
267,457.32,469.04,5,W,5,N
268,472.32,478.45,5,W,5,N
320,451.26,480.04,5,E,5,N
321,454.10,480.34,5,E,5,N
322,468.55,480.64,5,E,5,N
323,492.17,498.30,5,E,5,N
209,364.02,499.80,3,E,5,W
198,363.99,500.10,3,W,5,W
210,397.50,500.40,3,E,5,W
184,365.37,500.70,2,E,5,W
169,382.58,501.00,2,W,5,W
27,305.51,501.30,1,S,5,W
31,315.11,501.60,1,S,5,W
97,296.33,501.90,1,W,5,W
99,350.93,502.20,1,W,5,W
100,363.81,502.50,1,W,5,W
149,325.01,502.80,1,E,5,W
151,343.05,503.10,1,E,5,W
21,295.15,521.94,1,S,5,N
22,298.79,522.24,1,S,5,N
23,299.51,522.54,1,S,5,N
24,300.27,522.84,1,S,5,N
25,301.49,523.14,1,S,5,N
26,304.14,523.44,1,S,5,N
168,354.55,523.74,2,W,5,N
28,307.92,524.04,1,S,5,N
30,311.76,524.34,1,S,5,N
98,299.81,524.64,1,W,5,N
150,340.97,524.94,1,E,5,N
211,400.06,530.47,3,E,5,N
37,419.68,538.07,1,S,3,E
44,437.04,540.17,1,S,3,E
212,491.29,553.06,3,E,5,N
269,475.53,565.94,5,W,5,N
270,493.56,566.24,5,W,5,N
271,498.39,566.54,5,W,5,N
272,500.78,566.84,5,W,5,N
273,561.11,567.25,5,W,5,N
274,563.65,569.79,5,W,5,N
275,567.29,573.43,5,W,5,N
276,572.81,578.95,5,W,5,N
324,500.55,579.94,5,E,5,N
325,501.78,580.24,5,E,5,N
326,539.52,580.54,5,E,5,N
327,544.92,580.84,5,E,5,N
199,412.88,599.70,3,W,5,W
186,488.45,600.00,2,E,5,W
36,418.68,600.30,1,S,5,W
40,426.79,600.60,1,S,5,W
101,397.33,600.90,1,W,5,W
105,412.86,601.20,1,W,5,W
106,453.69,601.50,1,W,5,W
153,406.34,601.80,1,E,5,W
113,539.67,602.40,1,W,2,W
45,500.78,602.70,1,S,1,W
47,508.30,603.00,1,S,1,W
48,576.53,603.30,1,S,1,W
170,406.35,621.84,2,W,5,N
185,432.50,622.14,2,E,5,N
171,427.14,622.44,2,W,5,N
172,454.18,622.74,2,W,5,N
173,477.76,623.04,2,W,5,N
33,409.07,623.34,1,S,5,N
34,412.50,623.64,1,S,5,N
35,417.86,623.94,1,S,5,N
38,422.91,624.24,1,S,5,N
39,425.32,624.54,1,S,5,N
41,426.97,624.84,1,S,5,N
42,430.86,625.14,1,S,5,N
43,434.61,625.44,1,S,5,N
102,402.14,625.74,1,W,5,N
103,406.02,626.04,1,W,5,N
104,409.14,626.34,1,W,5,N
107,456.42,626.64,1,W,5,N
213,564.89,630.27,3,E,5,N
114,558.61,638.77,1,W,3,E
214,595.05,650.68,3,E,5,E
277,580.72,665.84,5,W,5,N
278,592.53,666.14,5,W,5,N
279,595.83,666.44,5,W,5,N
280,601.32,666.74,5,W,5,N
281,604.38,667.04,5,W,5,N
282,618.70,667.34,5,W,5,N
283,631.34,667.64,5,W,5,N
284,634.72,667.94,5,W,5,N
285,639.74,668.24,5,W,5,N
286,642.91,668.54,5,W,5,N
287,646.36,668.84,5,W,5,N
288,664.78,670.92,5,W,5,N
289,668.59,674.72,5,W,5,N
328,648.69,679.84,5,E,5,N
329,659.90,680.14,5,E,5,N
200,540.79,699.60,3,W,5,W
201,582.09,699.90,3,W,5,W
187,551.97,700.20,2,E,5,W
110,498.65,700.50,1,W,5,W
112,533.08,700.80,1,W,5,W
115,562.21,701.10,1,W,5,W
120,582.61,702.20,1,W,2,E
54,656.04,703.10,1,S,1,W
55,657.50,703.40,1,S,1,W
60,673.86,703.70,1,S,1,W
64,689.69,703.83,1,S,1,W
158,649.53,704.60,1,E,2,E
66,694.27,708.41,1,S,1,W
67,699.04,713.18,1,S,1,W
46,503.96,715.60,1,S,5,E
174,528.93,722.04,2,W,5,N
175,583.45,722.34,2,W,5,N
176,593.03,722.64,2,W,5,N
108,488.27,722.94,1,W,5,N
109,490.83,723.24,1,W,5,N
111,529.49,723.54,1,W,5,N
154,507.20,723.84,1,E,5,N
155,598.23,724.14,1,E,5,N
53,651.09,742.32,1,S,2,W
61,675.91,743.82,1,S,2,W
68,700.97,745.02,1,S,2,W
202,691.22,746.85,3,W,5,E
216,692.30,754.07,3,E,5,N
290,686.98,765.74,5,W,5,N
291,707.96,766.04,5,W,5,N
292,711.56,766.34,5,W,5,N
293,740.88,766.64,5,W,5,N
294,744.26,766.94,5,W,5,N
295,747.77,767.24,5,W,5,N
296,752.80,767.54,5,W,5,N
330,755.80,779.74,5,E,5,N
215,689.85,799.50,3,E,5,W
50,580.86,799.80,1,S,5,W
51,581.66,800.10,1,S,5,W
188,648.24,800.40,2,E,5,W
178,678.86,800.70,2,W,5,W
121,598.71,801.00,1,W,5,W
122,629.71,801.30,1,W,5,W
157,619.67,801.60,1,E,5,W
160,679.64,801.90,1,E,5,W
161,684.48,802.30,1,E,5,W
116,568.00,816.40,1,W,5,E
73,806.32,820.46,1,S,1,E
49,579.96,821.64,1,S,5,N
177,609.00,821.94,2,W,5,N
189,669.05,822.24,2,E,5,N
117,569.32,822.84,1,W,5,N
118,573.29,823.14,1,W,5,N
119,579.16,823.44,1,W,5,N
123,636.36,823.74,1,W,5,N
124,655.44,824.04,1,W,5,N
125,661.35,824.34,1,W,5,N
156,617.05,824.64,1,E,5,N
159,668.85,824.94,1,E,5,N
131,717.56,838.97,1,W,3,W
217,777.35,839.12,3,E,5,N
218,788.26,850.03,3,E,5,N
297,780.22,865.64,5,W,5,N
298,782.99,865.94,5,W,5,N
299,785.35,866.24,5,W,5,N
300,789.88,866.54,5,W,5,N
301,792.83,866.84,5,W,5,N
302,852.93,867.14,5,W,5,N
331,859.01,879.64,5,E,5,N
56,661.12,899.40,1,S,5,W
57,662.77,899.70,1,S,5,W
129,713.69,900.00,1,W,5,W
130,715.15,900.30,1,W,5,W
133,721.93,900.60,1,W,5,W
137,814.88,903.30,1,W,2,W
72,804.90,903.90,1,S,1,W
191,843.06,913.37,2,E,3,E
58,664.73,915.70,1,S,5,E
52,650.12,921.54,1,S,5,N
59,667.39,922.14,1,S,5,N
62,681.16,922.44,1,S,5,N
63,683.05,922.74,1,S,5,N
65,692.47,923.04,1,S,5,N
69,704.67,923.34,1,S,5,N
190,745.37,923.64,2,E,5,N
70,704.75,923.94,1,S,5,N
126,677.56,924.24,1,W,5,N
127,708.56,924.54,1,W,5,N
128,711.83,924.84,1,W,5,N
132,719.89,925.14,1,W,5,N
134,743.16,925.44,1,W,5,N
203,812.06,929.67,3,W,5,N
220,807.91,929.97,3,E,5,N
140,860.38,940.27,1,W,3,W
221,889.94,951.71,3,E,5,N
222,893.59,955.36,3,E,5,N
303,873.32,965.54,5,W,5,N
304,876.00,965.84,5,W,5,N
305,879.31,966.14,5,W,5,N
306,882.44,966.44,5,W,5,N
307,883.97,966.74,5,W,5,N
308,884.65,967.04,5,W,5,N
309,896.82,967.34,5,W,5,N
79,890.03,998.30,1,S,3,E
219,805.81,999.30,3,E,5,W
223,895.92,999.60,3,E,5,W
71,801.67,999.90,1,S,5,W
179,870.07,1000.20,2,W,5,W
76,815.42,1000.50,1,S,5,W
77,817.77,1000.80,1,S,5,W
163,868.75,1001.10,1,E,5,W
74,809.49,1021.44,1,S,5,N
75,811.48,1021.74,1,S,5,N
78,818.17,1022.04,1,S,5,N
135,775.58,1022.34,1,W,5,N
136,813.40,1022.64,1,W,5,N
138,821.47,1022.94,1,W,5,N
139,823.07,1023.24,1,W,5,N
141,862.41,1023.54,1,W,5,N
162,812.49,1023.84,1,E,5,N
81,892.33,1099.20,1,S,5,W
80,891.07,1121.34,1,S,5,N
142,876.92,1121.64,1,W,5,N