id,enter_time,exit_time,entrance_intersection,entrance_direction,exit_intersection,exit_direction
220,30.04,66.44,5,W,5,N
221,56.73,66.74,5,W,5,N
222,59.21,67.04,5,W,5,N
223,61.42,67.56,5,W,5,N
224,62.77,68.91,5,W,5,N
225,71.30,77.44,5,W,5,N
226,73.38,79.52,5,W,5,N
299,3.90,80.44,5,E,5,N
300,6.80,80.74,5,E,5,N
1,3.58,100.70,1,S,1,W
3,7.70,100.70,1,S,2,E
153,73.74,112.87,2,W,3,W
195,64.27,125.43,3,E,5,E
196,66.61,131.87,3,E,5,N
4,8.73,137.07,1,S,3,W
198,81.95,143.72,3,E,5,N
199,93.60,155.37,3,E,5,N
227,76.53,166.34,5,W,5,N
228,93.64,166.64,5,W,5,N
229,110.68,166.94,5,W,5,N
230,130.73,167.24,5,W,5,N
231,133.48,167.54,5,W,5,N
232,137.87,167.84,5,W,5,N
233,142.48,168.14,5,W,5,N
234,157.95,168.44,5,W,5,N
235,162.65,168.79,5,W,5,N
236,168.14,174.27,5,W,5,N
301,105.53,180.34,5,E,5,N
302,159.59,180.64,5,E,5,N
303,192.47,198.61,5,E,5,N
194,3.33,200.10,3,E,5,W
197,69.67,200.40,3,E,5,W
0,0.18,200.70,1,S,5,W
70,54.28,201.00,1,W,5,W
10,116.66,201.10,1,S,1,W
131,26.20,201.30,1,E,5,W
11,187.18,201.32,1,S,1,W
14,195.93,210.06,1,S,1,W
15,196.20,210.34,1,S,1,W
13,194.00,214.20,1,S,1,E
152,19.93,222.24,2,W,5,N
169,47.03,222.54,2,E,5,N
2,5.61,222.84,1,S,5,N
5,10.24,223.14,1,S,5,N
69,6.02,223.44,1,W,5,N
71,56.65,223.74,1,W,5,N
72,59.29,224.04,1,W,5,N
130,6.14,224.34,1,E,5,N
132,68.59,224.64,1,E,5,N
184,117.53,231.07,3,W,5,N
74,108.37,237.47,1,W,3,W
200,180.49,242.26,3,E,5,N
201,183.70,245.47,3,E,5,N
237,180.16,266.24,5,W,5,N
238,184.08,266.54,5,W,5,N
239,184.63,266.84,5,W,5,N
240,188.15,267.14,5,W,5,N
241,190.15,267.44,5,W,5,N
242,204.43,267.74,5,W,5,N
243,224.82,268.04,5,W,5,N
244,240.82,268.34,5,W,5,N
304,204.53,280.24,5,E,5,N
185,164.85,300.00,3,W,5,W
154,136.05,300.30,2,W,5,W
170,113.75,300.60,2,E,5,W
171,199.80,300.90,2,E,5,W
17,203.49,301.50,1,S,1,W
22,228.55,301.80,1,S,1,W
24,231.66,302.10,1,S,1,W
29,244.78,302.40,1,S,1,W
6,98.74,322.14,1,S,5,N
7,102.53,322.44,1,S,5,N
155,162.48,322.74,2,W,5,N
8,105.79,323.04,1,S,5,N
9,115.75,323.34,1,S,5,N
73,100.71,323.64,1,W,5,N
75,145.76,323.94,1,W,5,N
76,149.68,324.24,1,W,5,N
133,168.36,324.54,1,E,5,N
134,178.37,324.84,1,E,5,N
135,193.57,325.14,1,E,5,N
202,209.41,330.87,3,E,5,N
203,212.67,331.17,3,E,5,N
26,235.48,338.47,1,S,3,E
31,251.01,341.32,1,S,2,E
245,305.84,366.14,5,W,5,N
246,310.18,366.44,5,W,5,N
247,314.06,366.74,5,W,5,N
248,319.41,367.04,5,W,5,N
249,323.01,367.34,5,W,5,N
250,327.47,367.64,5,W,5,N
251,328.32,367.94,5,W,5,N
252,331.75,368.24,5,W,5,N
253,334.55,368.54,5,W,5,N
254,355.03,368.84,5,W,5,N
255,356.34,369.14,5,W,5,N
256,358.32,369.44,5,W,5,N
257,370.36,376.49,5,W,5,N
258,370.57,376.71,5,W,5,N
305,352.73,380.14,5,E,5,N
306,386.45,392.59,5,E,5,N
28,242.47,399.80,1,S,3,E
136,198.61,399.90,1,E,5,W
204,215.79,400.20,3,E,5,W
172,275.41,400.50,2,E,5,W
159,285.88,400.80,2,W,5,W
19,212.46,401.10,1,S,5,W
20,214.85,401.40,1,S,5,W
81,278.79,401.60,1,W,2,E
35,336.08,401.90,1,S,1,W
36,336.73,402.20,1,S,1,W
90,336.74,404.30,1,W,2,W
12,190.16,422.04,1,S,5,N
16,202.72,422.34,1,S,5,N
156,224.98,422.64,2,W,5,N
157,237.30,422.94,2,W,5,N
158,262.04,423.24,2,W,5,N
18,208.83,423.54,1,S,5,N
21,220.83,423.84,1,S,5,N
23,230.57,424.14,1,S,5,N
25,234.89,424.44,1,S,5,N
77,188.60,424.74,1,W,5,N
78,231.46,425.04,1,W,5,N
79,238.33,425.34,1,W,5,N
137,201.37,425.64,1,E,5,N
138,296.10,425.94,1,E,5,N
205,326.67,430.67,3,E,5,N
206,344.40,430.97,3,E,5,N
207,347.77,431.27,3,E,5,N
40,349.05,441.72,1,S,2,W
259,373.21,466.04,5,W,5,N
260,376.34,466.34,5,W,5,N
261,433.56,466.64,5,W,5,N
262,455.28,466.94,5,W,5,N
263,460.18,467.24,5,W,5,N
186,305.64,499.80,3,W,5,W
27,239.41,500.10,1,S,5,W
33,334.18,500.40,1,S,5,W
80,271.20,500.70,1,W,5,W
82,280.75,501.00,1,W,5,W
83,302.61,501.30,1,W,5,W
87,329.15,501.60,1,W,5,W
89,333.17,501.90,1,W,5,W
50,446.50,502.30,1,S,1,W
51,452.00,502.60,1,S,1,W
53,465.11,502.90,1,S,1,W
101,433.54,504.70,1,W,2,W
47,439.00,515.10,1,S,1,E
161,479.41,515.49,2,W,3,E
85,307.92,517.30,1,W,5,E
30,248.01,521.94,1,S,5,N
32,254.68,522.24,1,S,5,N
173,362.82,522.54,2,E,5,N
34,335.86,522.84,1,S,5,N
84,305.24,523.14,1,W,5,N
86,327.65,523.74,1,W,5,N
88,329.61,524.04,1,W,5,N
139,314.50,524.34,1,E,5,N
140,385.95,524.64,1,E,5,N
208,453.28,530.47,3,E,5,N
46,438.50,537.47,1,S,3,W
91,368.82,537.77,1,W,3,W
95,395.31,538.97,1,W,3,W
141,483.44,545.63,1,E,3,W
264,481.01,565.94,5,W,5,N
265,483.96,566.24,5,W,5,N
266,486.59,566.54,5,W,5,N
267,489.88,566.84,5,W,5,N
268,522.26,567.14,5,W,5,N
269,528.15,567.44,5,W,5,N
270,531.98,567.74,5,W,5,N
271,537.31,568.04,5,W,5,N
272,553.10,568.34,5,W,5,N
273,568.01,574.15,5,W,5,N
274,571.66,577.80,5,W,5,N
307,532.98,579.94,5,E,5,N
187,419.01,599.70,3,W,5,W
38,341.76,600.00,1,S,5,W
42,352.06,600.30,1,S,5,W
175,484.30,600.60,2,E,5,W
94,392.12,600.90,1,W,5,W
102,473.85,600.90,1,W,2,W
96,396.15,601.20,1,W,5,W
142,484.62,602.44,1,E,5,W
163,578.96,615.04,2,W,3,E
41,349.26,616.30,1,S,5,E
174,444.61,616.90,2,E,5,E
37,340.21,621.84,1,S,5,N
39,345.26,622.14,1,S,5,N
43,354.98,622.74,1,S,5,N
160,455.78,623.34,2,W,5,N
44,432.27,623.64,1,S,5,N
45,435.48,623.94,1,S,5,N
92,376.47,624.24,1,W,5,N
93,389.39,624.54,1,W,5,N
97,400.57,624.84,1,W,5,N
98,403.19,625.14,1,W,5,N
99,407.12,625.44,1,W,5,N
100,430.55,625.74,1,W,5,N
188,562.18,630.27,3,W,5,N
189,569.40,631.17,3,W,5,N
213,595.71,657.48,3,E,5,N
275,576.65,665.84,5,W,5,N
276,594.09,666.14,5,W,5,N
277,598.50,666.44,5,W,5,N
278,625.52,666.74,5,W,5,N
308,625.15,679.84,5,E,5,N
209,530.57,699.60,3,E,5,W
210,534.34,699.90,3,E,5,W
211,553.03,700.20,3,E,5,W
212,583.63,700.50,3,E,5,W
176,571.04,700.80,2,E,5,W
103,477.59,701.10,1,W,5,W
104,479.18,701.40,1,W,5,W
56,621.52,703.10,1,S,1,W
57,625.30,703.40,1,S,1,W
58,628.61,703.70,1,S,1,W
62,707.15,721.29,1,S,1,E
48,441.48,721.74,1,S,5,N
49,444.01,722.04,1,S,5,N
52,453.19,722.34,1,S,5,N
162,504.35,722.64,2,W,5,N
177,591.23,722.94,2,E,5,N
105,517.25,723.24,1,W,5,N
106,520.16,723.54,1,W,5,N
107,563.96,723.84,1,W,5,N
214,656.32,730.07,3,E,5,N
215,658.99,730.37,3,E,5,N
112,610.96,738.87,1,W,3,W
114,620.46,739.47,1,W,3,W
279,708.85,765.74,5,W,5,N
280,713.27,766.04,5,W,5,N
281,717.96,766.34,5,W,5,N
282,720.50,766.64,5,W,5,N
283,724.32,766.94,5,W,5,N
284,727.59,767.24,5,W,5,N
285,732.47,767.54,5,W,5,N
286,735.55,767.84,5,W,5,N
287,736.56,768.14,5,W,5,N
288,738.98,768.44,5,W,5,N
289,753.75,768.74,5,W,5,N
290,757.60,769.04,5,W,5,N
291,759.11,769.34,5,W,5,N
309,729.18,779.74,5,E,5,N
190,603.67,799.50,3,W,5,W
54,550.34,799.80,1,S,5,W
55,555.66,800.10,1,S,5,W
110,605.87,800.40,1,W,5,W
111,608.76,800.70,1,W,5,W
113,613.13,801.00,1,W,5,W
116,656.11,801.30,1,W,5,W
63,773.93,803.50,1,S,1,W
178,685.24,821.64,2,E,5,N
59,628.63,821.94,1,S,5,N
60,632.97,822.24,1,S,5,N
108,602.68,822.54,1,W,5,N
109,605.14,822.84,1,W,5,N
115,623.13,823.14,1,W,5,N
143,611.87,823.44,1,E,5,N
144,614.88,823.74,1,E,5,N
145,675.32,824.04,1,E,5,N
191,731.46,829.87,3,W,5,N
118,677.70,837.77,1,W,3,E
292,824.00,865.64,5,W,5,N
293,855.83,865.94,5,W,5,N
294,858.24,866.24,5,W,5,N
295,871.51,877.64,5,W,5,N
310,815.71,879.64,5,E,5,N
311,847.86,879.94,5,E,5,N
312,864.95,880.24,5,E,5,N
313,867.59,880.54,5,E,5,N
216,767.01,899.40,3,E,5,W
165,777.58,899.70,2,W,5,W
181,775.45,900.00,2,E,5,W
166,799.63,900.30,2,W,5,W
120,686.80,900.60,1,W,5,W
123,706.40,900.90,1,W,5,W
151,894.59,920.71,1,E,2,W
164,753.45,921.54,2,W,5,N
179,719.83,921.84,2,E,5,N
180,753.92,922.14,2,E,5,N
61,705.31,922.44,1,S,5,N
117,674.40,922.74,1,W,5,N
119,681.68,923.04,1,W,5,N
121,689.16,923.34,1,W,5,N
122,692.19,923.64,1,W,5,N
124,744.89,923.94,1,W,5,N
146,733.82,924.24,1,E,5,N
147,741.05,924.54,1,E,5,N
148,744.70,924.84,1,E,5,N
218,886.19,941.82,3,E,5,E
193,886.20,947.97,3,W,5,N
296,875.82,965.54,5,W,5,N
297,876.07,965.84,5,W,5,N
298,887.58,966.14,5,W,5,N
192,838.75,999.30,3,W,5,W
217,883.26,999.60,3,E,5,W
219,888.48,999.90,3,E,5,W
167,804.97,1000.20,2,W,5,W
183,885.53,1000.50,2,E,5,W
67,831.05,1000.80,1,S,5,W
125,782.93,1001.10,1,W,5,W
129,860.68,1001.40,1,W,5,W
149,840.14,1001.70,1,E,5,W
64,773.93,1015.30,1,S,5,E
128,858.58,1017.70,1,W,5,E
65,775.28,1021.74,1,S,5,N
66,776.36,1022.04,1,S,5,N
182,861.16,1022.34,2,E,5,N
168,865.02,1022.64,2,W,5,N
68,834.59,1022.94,1,S,5,N
126,801.17,1023.24,1,W,5,N
127,833.82,1023.54,1,W,5,N
150,860.16,1024.14,1,E,5,N