id,enter_time,exit_time,entrance_intersection,entrance_direction,exit_intersection,exit_direction
241,5.54,66.44,5,W,5,N
242,6.06,66.74,5,W,5,N
243,20.96,67.04,5,W,5,N
244,24.89,67.34,5,W,5,N
245,27.11,67.64,5,W,5,N
246,52.96,67.94,5,W,5,N
247,56.83,68.24,5,W,5,N
248,59.40,68.54,5,W,5,N
249,61.29,68.84,5,W,5,N
250,63.08,69.22,5,W,5,N
304,7.78,80.44,5,E,5,N
305,20.94,80.74,5,E,5,N
0,3.26,100.10,1,S,3,E
1,77.49,100.70,1,S,1,W
4,81.28,101.00,1,S,1,W
5,84.17,101.30,1,S,1,W
209,43.82,131.27,3,W,5,N
210,52.74,131.57,3,W,5,N
211,60.09,131.87,3,W,5,N
220,93.04,154.81,3,E,5,N
251,131.49,166.34,5,W,5,N
252,139.93,166.64,5,W,5,N
253,143.49,166.94,5,W,5,N
254,149.14,167.24,5,W,5,N
255,151.21,167.54,5,W,5,N
256,167.63,173.76,5,W,5,N
306,114.85,180.34,5,E,5,N
184,49.07,200.10,2,W,5,W
78,15.79,200.40,1,W,5,W
79,23.63,200.70,1,W,5,W
81,43.21,201.00,1,W,5,W
8,158.05,201.10,1,S,1,W
9,161.06,201.40,1,S,1,W
15,179.53,201.70,1,S,1,W
87,106.94,201.70,1,W,2,W
10,163.62,214.20,1,S,1,E
183,27.89,216.40,2,W,5,E
197,59.54,222.24,2,E,5,N
80,41.21,222.84,1,W,5,N
82,43.42,223.14,1,W,5,N
221,104.07,231.07,3,E,5,N
212,112.03,231.07,3,W,5,N
222,107.31,231.37,3,E,5,N
223,122.61,231.67,3,E,5,N
257,221.73,266.24,5,W,5,N
258,226.62,266.54,5,W,5,N
307,215.77,280.24,5,E,5,N
224,137.76,300.00,3,E,5,W
225,160.11,300.30,3,E,5,W
2,79.07,300.60,1,S,5,W
198,117.01,300.90,2,E,5,W
19,281.02,301.50,1,S,1,W
3,79.17,322.14,1,S,5,N
6,87.21,322.44,1,S,5,N
83,95.37,322.74,1,W,5,N
84,97.67,323.04,1,W,5,N
85,100.75,323.34,1,W,5,N
86,104.15,323.64,1,W,5,N
88,107.58,323.94,1,W,5,N
89,109.73,324.24,1,W,5,N
90,121.18,324.54,1,W,5,N
91,121.42,324.84,1,W,5,N
147,110.31,325.14,1,E,5,N
148,120.26,325.44,1,E,5,N
149,134.92,325.74,1,E,5,N
150,188.23,326.04,1,E,5,N
151,191.47,326.34,1,E,5,N
226,261.45,330.87,3,E,5,N
227,265.21,331.17,3,E,5,N
186,298.33,334.40,2,W,3,W
18,205.80,336.67,1,S,3,W
153,258.23,338.47,1,E,3,W
228,282.99,338.62,3,E,5,E
259,285.63,366.14,5,W,5,N
260,289.47,366.44,5,W,5,N
261,289.82,366.74,5,W,5,N
262,292.01,367.04,5,W,5,N
263,292.35,367.34,5,W,5,N
264,337.21,367.64,5,W,5,N
265,341.26,367.94,5,W,5,N
266,357.64,368.24,5,W,5,N
267,360.98,368.54,5,W,5,N
268,361.65,368.84,5,W,5,N
269,363.88,370.01,5,W,5,N
308,362.25,380.14,5,E,5,N
309,364.05,380.44,5,E,5,N
20,283.06,399.50,1,S,3,E
213,236.38,399.90,3,W,5,W
214,278.13,400.20,3,W,5,W
12,171.66,400.50,1,S,5,W
29,317.57,400.70,1,S,2,W
13,175.04,400.80,1,S,5,W
17,198.04,401.10,1,S,5,W
199,202.19,401.40,2,E,5,W
27,306.77,401.90,1,S,1,W
28,315.54,402.20,1,S,1,W
101,304.79,402.50,1,W,2,W
102,307.16,402.80,1,W,2,W
11,168.01,416.20,1,S,5,E
7,156.62,422.04,1,S,5,N
14,175.33,422.64,1,S,5,N
16,195.31,422.94,1,S,5,N
185,246.21,423.24,2,W,5,N
200,299.32,423.54,2,E,5,N
92,167.10,423.84,1,W,5,N
93,201.00,424.14,1,W,5,N
94,203.49,424.44,1,W,5,N
95,228.33,424.74,1,W,5,N
152,248.30,425.04,1,E,5,N
154,274.72,425.34,1,E,5,N
155,295.86,425.64,1,E,5,N
111,358.96,441.57,1,W,3,E
270,382.50,466.04,5,W,5,N
271,439.90,466.34,5,W,5,N
272,440.37,466.64,5,W,5,N
310,462.34,480.04,5,E,5,N
229,352.92,499.80,3,E,5,W
32,392.29,499.90,1,S,3,W
24,291.23,500.10,1,S,5,W
187,321.79,500.40,2,W,5,W
201,390.30,500.70,2,E,5,W
96,276.16,501.00,1,W,5,W
98,281.69,501.30,1,W,5,W
103,311.13,501.60,1,W,5,W
109,349.80,501.90,1,W,5,W
156,305.19,502.20,1,E,5,W
36,401.19,502.30,1,S,1,W
158,341.51,502.50,1,E,5,W
43,483.32,502.60,1,S,1,W
46,496.75,510.88,1,S,1,W
21,286.15,521.94,1,S,5,N
22,288.04,522.24,1,S,5,N
23,288.29,522.54,1,S,5,N
25,294.27,522.84,1,S,5,N
26,302.31,523.14,1,S,5,N
188,398.65,523.44,2,W,5,N
97,279.45,523.74,1,W,5,N
99,283.38,524.04,1,W,5,N
100,302.09,524.34,1,W,5,N
104,315.10,524.64,1,W,5,N
105,318.22,524.94,1,W,5,N
106,319.96,525.24,1,W,5,N
107,322.79,525.54,1,W,5,N
108,338.13,525.84,1,W,5,N
110,355.10,526.14,1,W,5,N
112,361.77,526.44,1,W,5,N
157,331.13,526.74,1,E,5,N
230,469.70,531.47,3,E,5,N
161,419.72,537.77,1,E,3,E
231,486.43,548.20,3,E,5,N
273,508.16,565.94,5,W,5,N
274,512.01,566.24,5,W,5,N
275,514.58,566.54,5,W,5,N
276,517.18,566.84,5,W,5,N
277,519.23,567.14,5,W,5,N
278,534.79,567.44,5,W,5,N
279,538.35,567.74,5,W,5,N
280,540.82,568.04,5,W,5,N
281,558.58,568.34,5,W,5,N
282,565.77,571.91,5,W,5,N
283,569.12,575.26,5,W,5,N
284,571.80,577.93,5,W,5,N
311,513.96,579.94,5,E,5,N
312,517.04,580.24,5,E,5,N
313,528.58,580.54,5,E,5,N
314,539.47,580.84,5,E,5,N
315,542.02,581.14,5,E,5,N
316,543.35,581.44,5,E,5,N
159,394.99,599.70,1,E,5,W
215,403.38,600.00,3,W,5,W
30,388.63,600.30,1,S,5,W
44,488.79,600.60,1,S,3,W
33,392.94,600.60,1,S,5,W
37,403.30,600.90,1,S,5,W
189,446.20,601.20,2,W,5,W
114,449.00,601.50,1,W,5,W
50,565.54,602.70,1,S,1,W
47,557.34,615.50,1,S,1,E
48,560.73,615.80,1,S,1,E
160,401.81,617.50,1,E,5,E
31,391.91,621.84,1,S,5,N
34,396.64,622.14,1,S,5,N
35,400.63,622.44,1,S,5,N
202,473.00,622.74,2,E,5,N
190,495.18,623.04,2,W,5,N
113,403.45,623.34,1,W,5,N
162,451.79,623.94,1,E,5,N
163,469.64,624.24,1,E,5,N
232,590.36,652.13,3,E,5,N
285,574.41,665.84,5,W,5,N
286,630.59,666.14,5,W,5,N
287,652.52,666.44,5,W,5,N
288,666.71,672.84,5,W,5,N
289,667.63,673.77,5,W,5,N
290,667.64,673.78,5,W,5,N
291,671.61,677.75,5,W,5,N
317,691.13,697.26,5,E,5,N
216,519.81,699.60,3,W,5,W
318,693.74,699.88,5,E,5,N
38,471.23,699.90,1,S,5,W
39,472.12,700.20,1,S,5,W
40,475.71,700.50,1,S,5,W
45,492.69,700.80,1,S,5,W
116,499.63,701.10,1,W,5,W
117,502.16,701.40,1,W,5,W
165,512.65,701.70,1,E,5,W
52,644.44,703.10,1,S,1,W
53,647.64,703.40,1,S,1,W
59,670.21,703.70,1,S,1,W
319,697.66,703.79,5,E,5,N
54,655.63,715.90,1,S,1,E
42,479.84,715.90,1,S,5,E
41,478.80,721.74,1,S,5,N
203,568.43,722.34,2,E,5,N
115,486.83,722.64,1,W,5,N
118,508.63,722.94,1,W,5,N
119,512.31,723.24,1,W,5,N
120,539.62,723.54,1,W,5,N
164,507.35,723.84,1,E,5,N
166,523.60,724.14,1,E,5,N
167,548.29,724.44,1,E,5,N
60,712.30,726.43,1,S,1,E
217,631.60,730.07,3,W,5,N
121,576.08,737.07,1,W,3,E
125,609.89,738.27,1,W,3,W
168,604.78,738.87,1,E,3,W
292,686.47,765.74,5,W,5,N
293,707.52,766.04,5,W,5,N
294,740.07,766.34,5,W,5,N
295,745.22,766.64,5,W,5,N
296,749.09,766.94,5,W,5,N
320,707.82,779.74,5,E,5,N
321,738.18,780.04,5,E,5,N
322,746.66,780.34,5,E,5,N
218,675.13,799.50,3,W,5,W
233,693.53,799.80,3,E,5,W
49,564.06,800.10,1,S,5,W
205,665.70,800.40,2,E,5,W
124,609.20,800.70,1,W,5,W
126,651.49,801.00,1,W,5,W
128,697.66,801.40,1,W,2,W
171,685.64,803.47,1,E,5,W
172,688.81,806.63,1,E,5,W
169,659.86,817.00,1,E,5,E
174,700.43,818.26,1,E,5,E
51,565.78,821.64,1,S,5,N
191,664.98,821.94,2,W,5,N
204,633.01,822.24,2,E,5,N
122,581.95,822.54,1,W,5,N
123,608.93,822.84,1,W,5,N
170,680.76,823.44,1,E,5,N
173,695.01,823.74,1,E,5,N
235,742.28,830.17,3,E,5,N
236,744.86,830.47,3,E,5,N
237,762.57,830.77,3,E,5,N
61,797.35,842.42,1,S,2,W
297,836.86,865.64,5,W,5,N
298,841.29,865.94,5,W,5,N
299,859.77,866.24,5,W,5,N
300,865.05,871.19,5,W,5,N
301,870.90,877.04,5,W,5,N
323,844.64,879.64,5,E,5,N
324,856.50,879.94,5,E,5,N
234,705.06,899.40,3,E,5,W
56,658.86,899.70,1,S,5,W
58,665.46,900.00,1,S,5,W
131,740.62,900.30,1,W,5,W
132,742.66,900.60,1,W,5,W
176,736.05,900.90,1,E,5,W
145,852.22,903.90,1,W,2,W
63,801.47,903.90,1,S,1,W
55,656.36,915.40,1,S,5,E
192,728.83,916.00,2,W,5,E
57,661.49,921.84,1,S,5,N
206,753.80,922.44,2,E,5,N
193,743.65,922.74,2,W,5,N
194,768.01,923.04,2,W,5,N
127,694.60,923.34,1,W,5,N
129,700.75,923.64,1,W,5,N
130,734.03,923.94,1,W,5,N
133,744.99,924.24,1,W,5,N
134,748.81,924.54,1,W,5,N
135,753.45,924.84,1,W,5,N
175,703.46,925.14,1,E,5,N
177,741.34,925.44,1,E,5,N
178,742.40,925.74,1,E,5,N
179,771.22,926.04,1,E,5,N
238,822.91,929.67,3,E,5,N
219,822.11,929.67,3,W,5,N
239,849.22,929.97,3,E,5,N
144,849.36,939.67,1,W,3,W
69,875.24,943.42,1,S,2,W
302,872.81,965.54,5,W,5,N
303,876.72,965.84,5,W,5,N
240,852.36,999.30,3,E,5,W
64,801.70,999.60,1,S,5,W
65,802.47,999.90,1,S,5,W
196,826.87,1000.20,2,W,5,W
136,769.79,1000.50,1,W,5,W
138,785.28,1000.80,1,W,5,W
140,818.06,1001.10,1,W,5,W
141,821.52,1001.40,1,W,5,W
142,829.24,1001.70,1,W,5,W
180,805.56,1002.00,1,E,5,W
208,898.22,1016.50,2,E,5,E
182,899.80,1018.30,1,E,5,E
62,798.04,1021.44,1,S,5,N
66,804.48,1021.74,1,S,5,N
207,850.55,1022.04,2,E,5,N
195,809.78,1022.34,2,W,5,N
137,784.25,1022.94,1,W,5,N
139,815.64,1023.24,1,W,5,N
143,842.74,1023.54,1,W,5,N
146,863.17,1023.84,1,W,5,N
181,860.56,1024.14,1,E,5,N
67,873.35,1099.20,1,S,5,W
74,892.40,1099.50,1,S,5,W
77,898.93,1099.80,1,S,5,W
73,886.41,1116.40,1,S,5,E
68,875.01,1121.34,1,S,5,N
70,879.15,1121.64,1,S,5,N
71,881.38,1121.94,1,S,5,N
72,883.89,1122.24,1,S,5,N
75,894.57,1122.84,1,S,5,N
76,896.18,1123.14,1,S,5,N