id,enter_time,exit_time,entrance_intersection,entrance_direction,exit_intersection,exit_direction
9,34.65,48.79,1,S,1,E
218,3.41,66.44,5,W,5,N
219,6.34,66.74,5,W,5,N
220,9.65,67.04,5,W,5,N
221,18.34,67.34,5,W,5,N
222,21.17,67.64,5,W,5,N
223,22.35,67.94,5,W,5,N
224,25.87,68.24,5,W,5,N
225,27.56,68.54,5,W,5,N
226,33.34,68.84,5,W,5,N
227,36.76,69.14,5,W,5,N
10,37.25,100.70,1,S,1,W
3,6.14,100.70,1,S,2,W
70,8.68,103.10,1,W,2,W
169,46.11,112.57,2,E,3,W
201,55.15,132.17,3,E,5,N
203,62.15,132.77,3,E,5,N
12,40.21,139.92,1,S,2,W
228,75.65,166.34,5,W,5,N
229,133.51,166.64,5,W,5,N
230,170.95,177.08,5,W,5,N
231,171.78,177.91,5,W,5,N
289,109.26,180.34,5,E,5,N
290,149.99,180.64,5,E,5,N
291,166.50,180.94,5,E,5,N
11,39.01,199.90,1,S,3,E
198,2.79,200.10,3,E,5,W
199,41.64,200.40,3,E,5,W
14,47.07,200.50,1,S,3,W
200,52.15,200.70,3,E,5,W
202,58.51,201.00,3,E,5,W
0,2.45,201.30,1,S,5,W
2,5.73,201.60,1,S,5,W
71,8.69,201.90,1,W,5,W
72,11.82,202.20,1,W,5,W
73,41.28,202.50,1,W,5,W
75,50.08,202.80,1,W,5,W
171,137.97,212.97,2,E,3,W
16,144.94,213.90,1,S,1,E
18,149.67,214.50,1,S,1,E
19,153.44,214.80,1,S,1,E
24,165.02,216.30,1,S,1,E
7,28.07,217.30,1,S,5,E
1,4.35,222.24,1,S,5,N
4,9.11,222.54,1,S,5,N
5,24.20,222.84,1,S,5,N
6,27.05,223.14,1,S,5,N
8,31.06,223.74,1,S,5,N
68,2.23,224.04,1,W,5,N
69,5.11,224.34,1,W,5,N
74,43.80,224.64,1,W,5,N
132,75.73,224.94,1,E,5,N
204,154.64,231.07,3,E,5,N
182,148.88,231.37,3,W,5,N
78,90.35,237.17,1,W,3,E
232,173.64,266.24,5,W,5,N
233,188.70,266.54,5,W,5,N
234,192.84,266.84,5,W,5,N
235,196.88,267.14,5,W,5,N
236,198.43,267.44,5,W,5,N
237,198.78,267.74,5,W,5,N
238,200.85,268.04,5,W,5,N
239,204.38,268.34,5,W,5,N
240,207.72,268.64,5,W,5,N
241,211.61,268.94,5,W,5,N
242,236.23,269.24,5,W,5,N
243,239.20,269.54,5,W,5,N
244,260.39,269.84,5,W,5,N
245,262.97,270.14,5,W,5,N
246,266.19,272.33,5,W,5,N
247,269.95,276.08,5,W,5,N
292,216.48,280.24,5,E,5,N
181,118.26,300.00,3,W,5,W
155,195.87,300.30,2,W,5,W
79,91.47,300.60,1,W,5,W
80,97.54,300.90,1,W,5,W
81,100.99,301.20,1,W,5,W
26,166.68,301.50,1,S,3,E
82,103.40,301.50,1,W,5,W
85,161.24,301.80,1,W,5,W
156,223.64,312.77,2,W,3,W
134,121.34,318.40,1,E,5,E
13,43.32,322.14,1,S,5,N
15,53.83,322.44,1,S,5,N
170,104.39,322.74,2,E,5,N
76,83.94,323.04,1,W,5,N
77,86.84,323.34,1,W,5,N
83,106.75,323.64,1,W,5,N
84,158.48,323.94,1,W,5,N
133,109.61,324.24,1,E,5,N
205,258.02,330.87,3,E,5,N
183,261.78,330.87,3,W,5,N
184,276.71,338.48,3,W,5,N
32,300.89,341.62,1,S,2,W
186,288.02,343.65,3,W,5,E
248,289.06,366.14,5,W,5,N
249,290.19,366.44,5,W,5,N
250,303.38,366.74,5,W,5,N
251,306.23,367.04,5,W,5,N
252,324.66,367.34,5,W,5,N
253,327.87,367.64,5,W,5,N
254,335.96,367.94,5,W,5,N
255,337.10,368.24,5,W,5,N
256,344.54,368.54,5,W,5,N
293,305.88,380.14,5,E,5,N
294,312.98,380.44,5,E,5,N
185,286.18,399.90,3,W,5,W
17,148.00,400.20,1,S,5,W
157,274.06,400.50,2,W,5,W
159,296.74,400.80,2,W,5,W
86,175.74,401.10,1,W,5,W
88,187.78,401.40,1,W,5,W
89,236.77,401.70,1,W,5,W
135,250.31,402.00,1,E,5,W
137,282.40,402.30,1,E,5,W
25,165.80,417.10,1,S,5,E
34,403.26,417.39,1,S,1,E
158,295.81,417.70,2,W,5,E
20,155.83,422.04,1,S,5,N
21,158.06,422.34,1,S,5,N
22,160.71,422.64,1,S,5,N
23,162.50,422.94,1,S,5,N
172,235.80,423.54,2,E,5,N
27,228.76,424.14,1,S,5,N
87,183.26,424.44,1,W,5,N
90,243.26,424.74,1,W,5,N
207,335.63,424.83,3,E,5,E
91,244.17,425.04,1,W,5,N
136,274.59,425.34,1,E,5,N
187,327.66,430.67,3,W,5,N
188,379.49,441.26,3,W,5,N
189,387.15,448.92,3,W,5,N
257,413.55,466.04,5,W,5,N
258,434.22,466.34,5,W,5,N
259,463.84,469.98,5,W,5,N
295,451.19,480.04,5,E,5,N
296,472.15,480.34,5,E,5,N
206,333.01,499.80,3,E,5,W
28,291.02,500.10,1,S,5,W
29,294.75,500.40,1,S,5,W
160,307.91,500.70,2,W,5,W
173,319.65,501.00,2,E,5,W
93,316.11,501.30,1,W,5,W
94,333.28,501.60,1,W,5,W
95,337.22,501.90,1,W,5,W
102,427.67,502.90,1,W,2,W
30,300.21,521.94,1,S,5,N
31,300.27,522.24,1,S,5,N
33,303.82,522.54,1,S,5,N
174,399.66,522.84,2,E,5,N
92,283.73,523.14,1,W,5,N
96,356.18,523.44,1,W,5,N
138,354.04,523.74,1,E,5,N
190,399.67,530.47,3,W,5,N
260,514.41,565.94,5,W,5,N
261,514.67,566.24,5,W,5,N
262,518.53,566.54,5,W,5,N
263,519.91,566.84,5,W,5,N
208,410.21,599.70,3,E,5,W
209,473.39,600.00,3,E,5,W
35,405.96,600.30,1,S,5,W
97,369.56,600.60,1,W,5,W
99,390.97,600.90,1,W,5,W
38,579.16,602.70,1,S,1,W
42,585.74,603.00,1,S,1,W
161,483.83,621.84,2,W,5,N
175,485.19,622.14,2,E,5,N
36,407.72,622.44,1,S,5,N
98,372.27,622.74,1,W,5,N
100,393.86,623.04,1,W,5,N
101,397.34,623.34,1,W,5,N
139,444.31,623.64,1,E,5,N
140,497.49,623.94,1,E,5,N
191,515.62,630.27,3,W,5,N
192,523.04,630.57,3,W,5,N
264,574.86,665.84,5,W,5,N
265,575.14,666.14,5,W,5,N
266,581.03,666.44,5,W,5,N
267,582.86,666.74,5,W,5,N
268,586.53,667.04,5,W,5,N
269,604.19,667.34,5,W,5,N
270,604.73,667.64,5,W,5,N
271,606.84,667.94,5,W,5,N
272,609.99,668.24,5,W,5,N
297,605.00,679.84,5,E,5,N
298,615.20,680.14,5,E,5,N
210,590.26,699.60,3,E,5,W
162,530.46,699.90,2,W,5,W
104,501.58,700.20,1,W,5,W
108,601.91,701.60,1,W,2,W
45,661.96,703.10,1,S,1,W
49,685.39,703.40,1,S,1,W
142,588.46,706.28,1,E,5,W
51,693.79,707.92,1,S,1,W
37,485.43,715.60,1,S,5,E
176,528.74,715.90,2,E,5,E
103,469.03,722.34,1,W,5,N
57,708.48,722.62,1,S,1,E
105,537.14,722.64,1,W,5,N
141,568.42,722.94,1,E,5,N
193,638.51,730.07,3,W,5,N
212,624.65,730.37,3,E,5,N
110,624.23,738.27,1,W,3,E
113,635.51,739.17,1,W,3,E
213,690.51,752.28,3,E,5,N
273,683.76,765.74,5,W,5,N
274,692.20,766.04,5,W,5,N
275,695.41,766.34,5,W,5,N
276,697.80,766.64,5,W,5,N
277,699.41,766.94,5,W,5,N
278,714.35,767.24,5,W,5,N
279,716.92,767.54,5,W,5,N
299,751.62,779.74,5,E,5,N
300,776.89,783.03,5,E,5,N
211,621.33,799.50,3,E,5,W
40,582.31,799.80,1,S,5,W
50,686.54,799.90,1,S,3,W
41,583.54,800.10,1,S,5,W
163,697.27,800.40,2,W,5,W
109,604.74,800.70,1,W,5,W
144,623.09,801.00,1,E,5,W
146,638.70,801.30,1,E,5,W
59,713.34,801.40,1,S,2,W
149,685.06,802.88,1,E,5,W
56,700.72,803.50,1,S,1,W
164,764.36,813.27,2,W,3,W
39,580.35,815.50,1,S,5,E
43,593.29,821.94,1,S,5,N
177,622.27,822.24,2,E,5,N
106,578.78,822.54,1,W,5,N
107,586.20,822.84,1,W,5,N
111,628.64,823.14,1,W,5,N
112,631.80,823.44,1,W,5,N
143,616.65,823.74,1,E,5,N
145,634.66,824.04,1,E,5,N
147,640.20,824.34,1,E,5,N
148,651.62,824.64,1,E,5,N
150,696.32,824.94,1,E,5,N
116,703.05,839.57,1,W,3,E
151,739.36,841.67,1,E,3,E
214,782.90,844.67,3,E,5,N
195,785.92,847.69,3,W,5,N
215,786.12,847.89,3,E,5,N
153,786.75,848.94,1,E,3,E
216,788.32,850.09,3,E,5,N
280,800.45,865.64,5,W,5,N
281,802.22,865.94,5,W,5,N
282,820.49,866.24,5,W,5,N
283,822.25,866.54,5,W,5,N
284,837.28,866.84,5,W,5,N
285,870.85,876.99,5,W,5,N
301,860.52,879.64,5,E,5,N
194,741.94,899.40,3,W,5,W
44,660.96,899.70,1,S,5,W
48,684.52,900.00,1,S,5,W
55,697.69,900.30,1,S,5,W
178,715.43,900.60,2,E,5,W
166,793.13,900.90,2,W,5,W
58,710.86,901.20,1,S,5,W
63,722.50,901.50,1,S,5,W
118,736.27,901.80,1,W,5,W
119,738.10,902.10,1,W,5,W
121,743.48,902.40,1,W,5,W
152,778.15,902.70,1,E,5,W
47,680.68,915.70,1,S,5,E
122,743.50,919.30,1,W,5,E
46,677.08,921.54,1,S,5,N
52,694.72,922.14,1,S,5,N
53,695.04,922.44,1,S,5,N
54,695.10,922.74,1,S,5,N
165,792.71,923.04,2,W,5,N
60,717.00,923.34,1,S,5,N
61,718.88,923.64,1,S,5,N
62,722.05,923.94,1,S,5,N
114,667.56,924.24,1,W,5,N
115,670.28,924.54,1,W,5,N
117,721.47,924.84,1,W,5,N
120,740.82,925.14,1,W,5,N
196,801.18,929.67,3,W,5,N
217,857.84,929.67,3,E,5,N
64,808.59,937.27,1,S,3,W
286,873.13,965.54,5,W,5,N
287,893.30,965.84,5,W,5,N
288,896.71,966.14,5,W,5,N
197,833.19,999.30,3,W,5,W
167,840.78,999.60,2,W,5,W
168,896.98,999.90,2,W,5,W
65,808.70,1000.20,1,S,5,W
66,810.52,1000.50,1,S,5,W
154,817.30,1000.80,1,E,5,W
131,891.65,1001.30,1,W,2,W
129,857.63,1018.00,1,W,5,E
179,810.69,1021.44,2,E,5,N
180,867.06,1021.74,2,E,5,N
67,812.30,1022.04,1,S,5,N
123,772.48,1022.34,1,W,5,N
124,775.92,1022.64,1,W,5,N
125,824.97,1022.94,1,W,5,N
126,831.82,1023.24,1,W,5,N
127,835.49,1023.54,1,W,5,N
128,854.31,1023.84,1,W,5,N
130,858.02,1024.44,1,W,5,N