id,enter_time,exit_time,entrance_intersection,entrance_direction,exit_intersection,exit_direction
218,67.34,73.47,5,W,5,N
277,7.05,80.44,5,E,5,N
278,10.87,80.74,5,E,5,N
75,42.40,101.90,1,W,2,W
3,94.41,113.80,1,S,1,E
194,2.02,131.27,3,E,5,N
174,9.15,131.27,3,W,5,N
175,13.51,131.57,3,W,5,N
195,21.33,131.57,3,E,5,N
176,56.06,131.87,3,W,5,N
196,24.70,131.87,3,E,5,N
177,56.98,132.17,3,W,5,N
178,97.75,159.52,3,W,5,N
219,107.51,166.34,5,W,5,N
220,112.76,166.64,5,W,5,N
221,117.90,166.94,5,W,5,N
222,120.98,167.24,5,W,5,N
223,123.17,167.54,5,W,5,N
224,138.32,167.84,5,W,5,N
225,166.00,172.14,5,W,5,N
226,170.26,176.40,5,W,5,N
279,107.32,180.34,5,E,5,N
280,193.32,199.45,5,E,5,N
0,2.39,200.10,1,S,5,W
72,4.96,200.40,1,W,5,W
73,21.96,200.70,1,W,5,W
124,7.43,201.00,1,E,5,W
6,102.66,201.10,1,S,1,W
9,108.91,201.40,1,S,1,W
11,115.86,201.70,1,S,1,W
13,121.54,202.00,1,S,1,W
74,34.91,217.30,1,W,5,E
148,72.68,222.24,2,W,5,N
161,83.75,222.54,2,E,5,N
1,6.32,222.84,1,S,5,N
71,1.97,223.14,1,W,5,N
76,42.92,223.74,1,W,5,N
125,27.65,224.04,1,E,5,N
198,135.10,231.37,3,E,5,N
78,112.81,237.77,1,W,3,W
129,195.04,257.23,1,E,3,W
227,191.66,266.24,5,W,5,N
228,195.46,266.54,5,W,5,N
229,209.08,266.84,5,W,5,N
230,214.88,267.14,5,W,5,N
231,218.36,267.44,5,W,5,N
232,221.51,267.74,5,W,5,N
233,253.55,268.04,5,W,5,N
234,254.03,268.34,5,W,5,N
235,257.68,268.64,5,W,5,N
236,261.63,268.94,5,W,5,N
237,265.42,271.56,5,W,5,N
281,221.50,280.24,5,E,5,N
197,106.93,300.00,3,E,5,W
179,156.67,300.30,3,W,5,W
199,138.45,300.60,3,E,5,W
149,138.47,300.90,2,W,5,W
8,106.98,301.20,1,S,5,W
17,265.15,301.50,1,S,1,W
12,118.89,301.50,1,S,5,W
19,268.93,301.80,1,S,1,W
77,85.35,301.80,1,W,5,W
20,272.77,302.10,1,S,1,W
127,180.53,302.10,1,E,5,W
4,98.41,316.30,1,S,5,E
163,182.48,317.50,2,E,5,E
2,92.34,322.14,1,S,5,N
5,102.02,322.74,1,S,5,N
7,103.59,323.04,1,S,5,N
162,123.23,323.34,2,E,5,N
10,112.21,323.94,1,S,5,N
79,146.69,324.24,1,W,5,N
126,163.25,324.54,1,E,5,N
128,186.48,324.84,1,E,5,N
180,201.50,330.87,3,W,5,N
181,211.36,331.17,3,W,5,N
84,250.12,337.87,1,W,3,W
185,285.79,341.42,3,W,5,E
238,286.71,366.14,5,W,5,N
239,289.81,366.44,5,W,5,N
240,323.74,366.74,5,W,5,N
241,328.58,367.04,5,W,5,N
242,328.87,367.34,5,W,5,N
243,332.41,367.64,5,W,5,N
244,338.27,367.94,5,W,5,N
245,341.91,368.24,5,W,5,N
246,342.58,368.54,5,W,5,N
247,344.55,368.84,5,W,5,N
248,347.02,369.14,5,W,5,N
249,361.82,369.44,5,W,5,N
250,363.26,369.74,5,W,5,N
282,322.95,380.14,5,E,5,N
283,328.81,380.44,5,E,5,N
284,340.04,380.74,5,E,5,N
200,218.85,399.90,3,E,5,W
182,216.85,400.20,3,W,5,W
183,227.14,400.50,3,W,5,W
184,285.26,400.80,3,W,5,W
150,292.75,401.10,2,W,5,W
81,209.40,401.40,1,W,5,W
21,346.03,414.70,1,S,1,E
14,192.42,422.04,1,S,5,N
164,248.14,422.34,2,E,5,N
80,165.55,422.64,1,W,5,N
82,244.72,422.94,1,W,5,N
83,247.00,423.24,1,W,5,N
201,337.15,430.67,3,E,5,N
24,420.66,434.79,1,S,1,E
186,389.89,451.66,3,W,5,N
251,432.48,466.04,5,W,5,N
285,479.00,485.13,5,E,5,N
166,390.63,499.80,2,E,5,W
91,414.05,502.30,1,W,2,W
15,256.29,515.80,1,S,5,E
31,492.69,516.00,1,S,1,E
86,297.85,517.90,1,W,5,E
16,262.06,522.24,1,S,5,N
18,266.38,522.54,1,S,5,N
165,330.25,522.84,2,E,5,N
151,358.91,523.14,2,W,5,N
152,386.10,523.44,2,W,5,N
85,295.63,523.74,1,W,5,N
87,330.40,524.34,1,W,5,N
88,335.72,524.64,1,W,5,N
130,307.02,524.94,1,E,5,N
131,315.67,525.24,1,E,5,N
202,424.57,530.47,3,E,5,N
187,432.79,530.47,3,W,5,N
204,440.22,531.07,3,E,5,N
134,461.34,540.17,1,E,3,W
188,489.30,551.07,3,W,5,N
252,512.03,565.94,5,W,5,N
253,513.67,566.24,5,W,5,N
254,516.24,566.54,5,W,5,N
255,550.09,566.84,5,W,5,N
256,553.77,567.14,5,W,5,N
257,554.66,567.44,5,W,5,N
258,557.59,567.74,5,W,5,N
259,559.09,568.04,5,W,5,N
260,564.80,570.94,5,W,5,N
203,437.47,599.70,3,E,5,W
205,443.91,600.00,3,E,5,W
22,352.32,600.30,1,S,5,W
23,355.31,600.60,1,S,5,W
154,487.74,600.90,2,W,5,W
95,466.66,600.90,1,W,2,W
27,428.12,601.20,1,S,5,W
94,466.09,601.50,1,W,5,W
33,568.88,602.70,1,S,1,W
139,568.70,603.00,1,E,2,W
34,569.80,603.00,1,S,1,W
133,452.98,618.70,1,E,5,E
167,438.19,621.84,2,E,5,N
153,434.49,622.14,2,W,5,N
168,476.61,622.44,2,E,5,N
25,424.65,622.74,1,S,5,N
26,426.28,623.04,1,S,5,N
89,375.37,623.34,1,W,5,N
90,395.06,623.64,1,W,5,N
92,420.34,623.94,1,W,5,N
93,422.35,624.24,1,W,5,N
132,450.44,624.54,1,E,5,N
208,547.83,624.73,3,E,5,E
135,465.10,625.14,1,E,5,N
206,542.37,630.27,3,E,5,N
189,532.34,630.27,3,W,5,N
207,545.78,630.57,3,E,5,N
261,578.01,665.84,5,W,5,N
262,581.79,666.14,5,W,5,N
263,649.80,666.44,5,W,5,N
264,665.40,671.53,5,W,5,N
286,627.61,679.84,5,E,5,N
190,559.70,699.60,3,W,5,W
97,515.23,699.90,1,W,5,W
98,521.56,700.20,1,W,5,W
136,504.89,700.50,1,E,5,W
140,573.77,700.80,1,E,5,W
143,641.80,705.80,1,E,2,W
138,540.66,717.70,1,E,5,E
28,471.89,721.74,1,S,5,N
29,475.44,722.04,1,S,5,N
30,491.24,722.34,1,S,5,N
32,495.18,722.64,1,S,5,N
169,565.37,722.94,2,E,5,N
96,478.00,723.24,1,W,5,N
137,533.23,723.54,1,E,5,N
209,630.73,730.07,3,E,5,N
210,633.28,730.37,3,E,5,N
265,681.21,765.74,5,W,5,N
266,691.40,766.04,5,W,5,N
267,691.53,766.34,5,W,5,N
268,749.49,766.64,5,W,5,N
269,751.19,766.94,5,W,5,N
270,763.97,770.10,5,W,5,N
271,764.20,770.33,5,W,5,N
272,765.62,771.76,5,W,5,N
273,768.47,774.60,5,W,5,N
287,718.91,779.74,5,E,5,N
211,648.24,799.50,3,E,5,W
212,668.62,799.80,3,E,5,W
191,689.69,800.10,3,W,5,W
155,651.53,800.40,2,W,5,W
35,630.95,800.70,1,S,5,W
37,635.25,801.00,1,S,5,W
99,571.82,801.30,1,W,5,W
106,655.13,801.60,1,W,5,W
107,658.88,801.90,1,W,5,W
109,665.96,802.20,1,W,5,W
141,608.61,802.50,1,E,5,W
41,759.61,803.50,1,S,1,W
102,586.05,817.00,1,W,5,E
105,625.22,817.90,1,W,5,E
170,616.80,821.64,2,E,5,N
171,639.98,821.94,2,E,5,N
36,633.61,822.24,1,S,5,N
100,579.46,822.54,1,W,5,N
101,583.40,822.84,1,W,5,N
103,592.71,823.44,1,W,5,N
104,624.14,823.74,1,W,5,N
108,663.01,824.34,1,W,5,N
142,621.82,824.64,1,E,5,N
213,698.94,829.87,3,E,5,N
214,709.44,830.17,3,E,5,N
159,798.89,834.96,2,W,3,W
274,789.22,865.64,5,W,5,N
275,803.22,865.94,5,W,5,N
288,859.80,879.64,5,E,5,N
192,746.20,899.40,3,W,5,W
215,773.74,899.70,3,E,5,W
39,682.79,900.00,1,S,5,W
158,758.57,900.30,2,W,5,W
114,712.32,900.60,1,W,5,W
116,761.32,900.90,1,W,5,W
117,811.86,903.30,1,W,2,W
42,820.24,903.90,1,S,1,W
43,820.97,904.20,1,S,1,W
121,839.23,904.50,1,W,2,W
49,831.00,904.50,1,S,1,W
62,859.52,904.80,1,S,1,W
157,731.52,916.30,2,W,5,E
53,841.65,917.00,1,S,1,E
115,756.91,917.80,1,W,5,E
144,767.33,918.10,1,E,5,E
60,854.99,919.10,1,S,1,E
63,861.61,919.70,1,S,1,E
38,682.08,921.54,1,S,5,N
172,716.38,921.84,2,E,5,N
156,702.08,922.14,2,W,5,N
110,669.59,922.74,1,W,5,N
111,676.26,923.04,1,W,5,N
112,676.70,923.34,1,W,5,N
113,706.74,923.64,1,W,5,N
145,772.68,924.54,1,E,5,N
193,803.57,929.67,3,W,5,N
216,861.96,929.67,3,E,5,N
56,848.64,944.02,1,S,2,W
61,856.56,945.52,1,S,2,W
276,880.82,965.54,5,W,5,N
55,845.38,998.90,1,S,3,W
217,865.89,999.30,3,E,5,W
160,866.98,999.60,2,W,5,W
50,835.63,999.90,1,S,5,W
70,877.47,1003.10,1,S,2,E
173,810.78,1015.90,2,E,5,E
146,802.96,1021.44,1,E,5,N
40,756.08,1021.74,1,S,5,N
44,822.48,1022.34,1,S,5,N
45,823.57,1022.64,1,S,5,N
46,827.12,1022.94,1,S,5,N
47,828.04,1023.24,1,S,5,N
48,829.55,1023.54,1,S,5,N
51,839.60,1023.84,1,S,5,N
118,814.50,1024.14,1,W,5,N
119,816.08,1024.44,1,W,5,N
120,819.77,1024.74,1,W,5,N
147,861.11,1025.04,1,E,5,N
54,843.65,1099.20,1,S,5,W
52,841.42,1121.34,1,S,5,N
57,849.09,1121.64,1,S,5,N
58,850.54,1121.94,1,S,5,N
59,853.43,1122.24,1,S,5,N
64,863.22,1122.54,1,S,5,N
65,866.89,1122.84,1,S,5,N
66,869.68,1123.14,1,S,5,N
67,871.76,1123.44,1,S,5,N
68,873.06,1123.74,1,S,5,N
69,875.71,1124.04,1,S,5,N
122,881.61,1124.34,1,W,5,N
123,884.93,1124.64,1,W,5,N