id,enter_time,exit_time,entrance_intersection,entrance_direction,exit_intersection,exit_direction
0,3.56,17.70,1,S,1,E
9,19.83,33.96,1,S,1,E
266,5.67,66.44,5,W,5,N
267,7.75,66.74,5,W,5,N
268,12.63,67.04,5,W,5,N
269,31.56,67.34,5,W,5,N
270,35.97,67.64,5,W,5,N
271,38.61,67.94,5,W,5,N
272,42.38,68.24,5,W,5,N
273,70.58,76.71,5,W,5,N
329,2.29,80.44,5,E,5,N
330,19.18,80.74,5,E,5,N
331,20.47,81.04,5,E,5,N
332,23.01,81.34,5,E,5,N
333,59.14,81.64,5,E,5,N
2,7.53,100.40,1,S,2,W
5,14.60,100.70,1,S,1,W
14,38.13,101.00,1,S,1,W
16,41.65,101.30,1,S,1,W
17,42.63,101.60,1,S,1,W
20,49.83,101.90,1,S,1,W
22,54.06,102.20,1,S,1,W
21,50.14,114.40,1,S,1,E
235,49.60,131.27,3,W,5,N
236,72.10,133.87,3,W,5,N
118,49.92,140.07,1,W,3,E
274,86.67,166.34,5,W,5,N
275,100.50,166.64,5,W,5,N
276,102.47,166.94,5,W,5,N
277,114.55,167.24,5,W,5,N
278,126.56,167.54,5,W,5,N
334,159.94,180.34,5,E,5,N
335,160.81,180.64,5,E,5,N
336,179.02,185.15,5,E,5,N
1,3.89,200.10,1,S,5,W
209,67.70,200.40,2,W,5,W
19,46.65,200.50,1,S,3,W
210,83.50,200.70,2,W,5,W
7,17.94,201.00,1,S,5,W
25,119.12,201.10,1,S,1,W
8,19.08,201.30,1,S,5,W
26,174.90,201.40,1,S,1,W
10,21.32,201.60,1,S,5,W
125,110.11,201.70,1,W,2,W
11,25.00,201.90,1,S,5,W
12,27.20,202.20,1,S,5,W
32,188.63,202.77,1,S,1,W
33,190.25,204.39,1,S,1,W
37,195.30,209.44,1,S,1,W
27,176.72,213.90,1,S,1,E
34,192.64,215.40,1,S,1,E
36,194.81,216.00,1,S,1,E
208,4.25,222.24,2,W,5,N
221,28.74,222.54,2,E,5,N
211,96.54,222.84,2,W,5,N
3,9.33,223.14,1,S,5,N
4,12.13,223.44,1,S,5,N
6,16.74,223.74,1,S,5,N
13,27.37,224.04,1,S,5,N
116,3.74,224.34,1,W,5,N
117,37.92,224.64,1,W,5,N
119,50.55,224.94,1,W,5,N
120,57.60,225.24,1,W,5,N
121,61.26,225.54,1,W,5,N
122,64.59,225.84,1,W,5,N
172,26.35,226.14,1,E,5,N
173,56.32,226.44,1,E,5,N
174,67.01,226.74,1,E,5,N
237,100.88,231.07,3,W,5,N
254,117.19,231.37,3,E,5,N
124,99.57,237.47,1,W,3,E
128,153.98,238.67,1,W,3,E
28,177.41,240.32,1,S,2,W
31,187.24,241.22,1,S,2,E
40,199.58,243.02,1,S,2,W
279,195.07,266.24,5,W,5,N
280,197.90,266.54,5,W,5,N
281,201.17,266.84,5,W,5,N
282,203.79,267.14,5,W,5,N
283,207.74,267.44,5,W,5,N
337,286.44,292.57,5,E,5,N
253,114.23,300.00,3,E,5,W
238,110.18,300.30,3,W,5,W
18,43.78,300.60,1,S,5,W
212,121.59,300.90,2,W,5,W
222,118.96,301.20,2,E,5,W
45,272.21,301.50,1,S,1,W
23,114.45,301.50,1,S,5,W
50,286.94,301.80,1,S,1,W
127,152.55,301.80,1,W,5,W
52,292.38,306.51,1,S,1,W
224,240.54,312.77,2,E,3,W
48,279.65,315.20,1,S,1,E
15,39.33,316.00,1,S,5,E
223,163.09,322.44,2,E,5,N
24,117.66,322.74,1,S,5,N
123,97.09,323.04,1,W,5,N
126,149.64,323.34,1,W,5,N
175,148.69,323.64,1,E,5,N
176,163.21,323.94,1,E,5,N
177,167.74,324.24,1,E,5,N
255,234.85,330.87,3,E,5,N
239,252.69,330.87,3,W,5,N
132,236.24,337.57,1,W,3,E
284,294.50,366.14,5,W,5,N
285,294.65,366.44,5,W,5,N
286,298.69,366.74,5,W,5,N
287,302.86,367.04,5,W,5,N
288,306.25,367.34,5,W,5,N
289,322.03,367.64,5,W,5,N
290,350.43,367.94,5,W,5,N
291,356.42,368.24,5,W,5,N
292,361.37,368.54,5,W,5,N
293,363.36,369.49,5,W,5,N
294,369.12,375.26,5,W,5,N
338,304.81,380.14,5,E,5,N
30,184.88,399.90,1,S,5,W
43,204.13,400.20,1,S,5,W
130,200.35,400.50,1,W,5,W
178,204.73,400.80,1,E,5,W
179,209.98,401.10,1,E,5,W
53,356.03,401.90,1,S,1,W
55,366.65,402.20,1,S,1,W
58,373.43,402.50,1,S,1,W
183,385.12,411.23,1,E,2,W
129,181.17,418.30,1,W,5,E
29,181.79,422.04,1,S,5,N
35,194.37,422.34,1,S,5,N
38,195.38,422.64,1,S,5,N
39,199.14,422.94,1,S,5,N
41,200.11,423.24,1,S,5,N
42,200.71,423.54,1,S,5,N
225,276.33,423.84,2,E,5,N
213,296.82,424.14,2,W,5,N
131,232.84,424.74,1,W,5,N
133,239.49,425.04,1,W,5,N
180,215.69,425.34,1,E,5,N
256,308.83,430.67,3,E,5,N
137,290.59,437.67,1,W,3,W
138,294.22,437.97,1,W,3,E
240,386.31,448.08,3,W,5,N
295,429.62,466.04,5,W,5,N
296,432.90,466.34,5,W,5,N
297,436.96,466.64,5,W,5,N
298,458.74,466.94,5,W,5,N
299,472.07,478.20,5,W,5,N
339,406.55,480.04,5,E,5,N
340,407.59,480.34,5,E,5,N
341,418.63,480.64,5,E,5,N
342,464.09,480.94,5,E,5,N
343,465.56,481.24,5,E,5,N
344,481.39,487.53,5,E,5,N
345,493.04,499.17,5,E,5,N
257,345.02,499.80,3,E,5,W
49,283.36,500.10,1,S,5,W
135,283.69,500.40,1,W,5,W
141,363.12,500.70,1,W,5,W
61,449.61,515.40,1,S,1,E
44,266.22,521.94,1,S,5,N
46,275.92,522.24,1,S,5,N
47,279.04,522.54,1,S,5,N
51,291.55,522.84,1,S,5,N
226,376.15,523.14,2,E,5,N
134,280.54,523.44,1,W,5,N
136,286.23,523.74,1,W,5,N
139,300.32,524.04,1,W,5,N
140,344.18,524.34,1,W,5,N
181,319.39,524.64,1,E,5,N
182,377.55,524.94,1,E,5,N
184,386.36,525.24,1,E,5,N
185,397.47,525.54,1,E,5,N
258,458.56,530.47,3,E,5,N
259,460.86,530.77,3,E,5,N
242,422.44,530.77,3,W,5,N
245,493.05,554.82,3,W,5,N
300,480.80,565.94,5,W,5,N
301,498.04,566.24,5,W,5,N
302,501.80,566.54,5,W,5,N
303,505.50,566.84,5,W,5,N
304,508.68,567.14,5,W,5,N
305,512.02,567.44,5,W,5,N
306,514.50,567.74,5,W,5,N
307,516.22,568.04,5,W,5,N
308,521.30,568.34,5,W,5,N
309,527.30,568.64,5,W,5,N
310,548.42,568.94,5,W,5,N
346,552.85,579.94,5,E,5,N
60,445.63,599.10,1,S,3,E
241,419.14,599.70,3,W,5,W
243,429.56,600.00,3,W,5,W
244,448.47,600.30,3,W,5,W
54,365.36,600.60,1,S,5,W
229,498.00,600.90,2,E,5,W
143,384.02,601.20,1,W,5,W
147,451.42,601.50,1,W,5,W
189,428.32,601.80,1,E,5,W
67,537.83,601.80,1,S,2,W
64,532.37,602.70,1,S,1,W
69,541.81,603.00,1,S,1,W
89,586.38,603.30,1,S,1,W
215,538.98,613.07,2,W,3,W
216,555.68,613.37,2,W,3,E
59,377.98,616.30,1,S,5,E
74,551.45,616.70,1,S,1,E
144,387.88,617.80,1,W,5,E
80,563.78,618.50,1,S,1,E
148,454.04,618.70,1,W,5,E
187,418.05,619.30,1,E,5,E
83,567.94,619.40,1,S,1,E
87,580.02,620.60,1,S,1,E
56,368.93,621.84,1,S,5,N
57,370.12,622.14,1,S,5,N
227,423.41,622.74,2,E,5,N
214,466.75,623.04,2,W,5,N
228,445.40,623.34,2,E,5,N
142,369.45,623.64,1,W,5,N
145,400.42,624.24,1,W,5,N
146,413.37,624.54,1,W,5,N
186,413.06,625.14,1,E,5,N
188,422.74,625.74,1,E,5,N
190,433.21,626.04,1,E,5,N
191,486.80,626.34,1,E,5,N
192,488.95,626.64,1,E,5,N
260,578.76,640.53,3,E,5,N
70,542.52,641.62,1,S,2,W
261,596.89,652.53,3,E,5,E
311,636.42,665.84,5,W,5,N
312,642.05,666.14,5,W,5,N
347,642.17,679.84,5,E,5,N
348,662.97,680.14,5,E,5,N
349,674.36,680.50,5,E,5,N
68,537.85,699.60,1,S,5,W
75,552.47,699.80,1,S,3,W
92,597.11,702.80,1,S,2,E
93,599.95,703.10,1,S,2,W
94,602.70,703.10,1,S,1,W
62,451.65,715.60,1,S,5,E
149,497.56,717.40,1,W,5,E
151,522.80,718.00,1,W,5,E
230,563.37,722.04,2,E,5,N
217,598.06,722.34,2,W,5,N
63,530.74,722.64,1,S,5,N
65,533.85,722.94,1,S,5,N
66,534.75,723.24,1,S,5,N
150,498.73,723.84,1,W,5,N
152,565.28,724.44,1,W,5,N
193,542.38,724.74,1,E,5,N
246,600.29,730.07,3,W,5,N
105,725.25,739.39,1,S,1,E
199,653.14,743.67,1,E,3,W
248,690.24,752.01,3,W,5,N
313,699.55,765.74,5,W,5,N
314,705.54,766.04,5,W,5,N
315,705.54,766.34,5,W,5,N
316,708.64,766.64,5,W,5,N
317,711.65,766.94,5,W,5,N
318,749.27,767.24,5,W,5,N
350,779.96,786.10,5,E,5,N
247,659.51,799.50,3,W,5,W
73,551.19,799.80,1,S,5,W
78,558.14,800.10,1,S,5,W
81,564.70,800.40,1,S,5,W
219,697.40,800.70,2,W,5,W
85,575.31,801.00,1,S,5,W
86,576.80,801.30,1,S,5,W
95,603.88,801.60,1,S,5,W
153,568.86,801.90,1,W,5,W
104,719.07,802.00,1,S,2,W
154,610.43,802.20,1,W,5,W
159,646.52,802.50,1,W,5,W
194,610.57,802.80,1,E,5,W
195,610.80,803.10,1,E,5,W
197,617.61,803.40,1,E,5,W
99,704.78,803.50,1,S,1,W
198,624.74,803.70,1,E,5,W
103,717.23,803.80,1,S,1,W
351,798.68,804.82,5,E,5,N
91,591.80,818.80,1,S,5,E
71,545.05,821.64,1,S,5,N
72,548.28,821.94,1,S,5,N
76,553.40,822.24,1,S,5,N
77,556.42,822.54,1,S,5,N
79,559.21,822.84,1,S,5,N
82,564.93,823.14,1,S,5,N
231,615.00,823.44,2,E,5,N
218,653.69,823.74,2,W,5,N
84,571.87,824.04,1,S,5,N
88,583.80,824.34,1,S,5,N
90,588.12,824.64,1,S,5,N
96,607.04,825.24,1,S,5,N
155,632.26,825.54,1,W,5,N
156,635.90,825.84,1,W,5,N
157,639.54,826.14,1,W,5,N
158,642.98,826.44,1,W,5,N
196,614.50,826.74,1,E,5,N
262,700.56,829.87,3,E,5,N
102,714.54,837.77,1,S,3,E
319,794.71,865.64,5,W,5,N
320,797.58,865.94,5,W,5,N
321,825.56,866.24,5,W,5,N
322,826.59,866.54,5,W,5,N
323,828.66,866.84,5,W,5,N
324,831.58,867.14,5,W,5,N
325,833.09,867.44,5,W,5,N
326,858.18,867.74,5,W,5,N
98,702.59,899.40,1,S,5,W
233,741.37,899.70,2,E,5,W
101,707.01,900.00,1,S,5,W
202,745.86,900.30,1,E,5,W
167,846.80,903.60,1,W,2,W
107,808.27,903.90,1,S,1,W
206,858.81,904.20,1,E,2,W
112,875.73,917.00,1,S,1,E
200,708.08,917.50,1,E,5,E
201,715.68,917.80,1,E,5,E
203,750.71,918.10,1,E,5,E
97,699.18,921.54,1,S,5,N
220,709.68,921.84,2,W,5,N
232,702.52,922.14,2,E,5,N
100,706.69,922.44,1,S,5,N
160,691.11,922.74,1,W,5,N
161,723.22,923.04,1,W,5,N
162,749.70,923.34,1,W,5,N
204,755.49,924.54,1,E,5,N
205,776.85,924.84,1,E,5,N
249,799.39,929.67,3,W,5,N
263,818.93,929.67,3,E,5,N
250,803.88,929.97,3,W,5,N
264,822.21,929.97,3,E,5,N
265,824.40,930.27,3,E,5,N
166,844.73,939.37,1,W,3,W
207,876.03,940.57,1,E,3,W
252,892.96,954.73,3,W,5,N
327,890.32,965.54,5,W,5,N
328,892.88,965.84,5,W,5,N
111,875.30,998.30,1,S,3,E
251,851.68,999.30,3,W,5,W
234,840.77,999.60,2,E,5,W
108,810.96,999.90,1,S,5,W
109,813.02,1000.20,1,S,5,W
164,771.42,1000.50,1,W,5,W
168,849.49,1000.80,1,W,5,W
171,881.12,1001.90,1,W,2,W
106,808.06,1021.44,1,S,5,N
110,815.04,1021.74,1,S,5,N
163,769.46,1022.04,1,W,5,N
165,804.78,1022.34,1,W,5,N
114,883.38,1099.20,1,S,5,W
115,885.62,1099.50,1,S,5,W
113,880.46,1121.34,1,S,5,N
169,871.17,1121.64,1,W,5,N
170,878.55,1121.94,1,W,5,N