id,enter_time,exit_time,entrance_intersection,entrance_direction,exit_intersection,exit_direction
237,3.22,66.44,5,W,5,N
238,24.36,66.74,5,W,5,N
239,25.51,67.04,5,W,5,N
240,27.12,67.34,5,W,5,N
241,29.28,67.64,5,W,5,N
242,56.20,67.94,5,W,5,N
243,58.40,68.24,5,W,5,N
298,25.95,80.44,5,E,5,N
299,45.85,80.74,5,E,5,N
0,2.86,100.70,1,S,1,W
1,5.67,101.00,1,S,1,W
3,9.25,101.30,1,S,1,W
4,11.94,101.60,1,S,1,W
8,22.56,101.60,1,S,2,W
9,25.74,101.90,1,S,1,W
197,36.26,131.27,3,W,5,N
244,76.93,166.34,5,W,5,N
245,92.85,166.64,5,W,5,N
246,96.33,166.94,5,W,5,N
247,101.94,167.24,5,W,5,N
248,107.57,167.54,5,W,5,N
249,113.60,167.84,5,W,5,N
250,117.16,168.14,5,W,5,N
251,120.54,168.44,5,W,5,N
252,132.63,168.74,5,W,5,N
253,149.27,169.04,5,W,5,N
300,129.10,180.34,5,E,5,N
301,139.60,180.64,5,E,5,N
302,143.39,180.94,5,E,5,N
303,186.56,192.70,5,E,5,N
218,2.78,200.10,3,E,5,W
2,7.82,200.40,1,S,5,W
6,17.07,200.70,1,S,5,W
10,26.95,201.00,1,S,5,W
12,100.98,201.10,1,S,1,W
14,106.71,201.40,1,S,1,W
22,190.14,204.27,1,S,1,W
23,190.81,204.95,1,S,1,W
7,18.61,217.60,1,S,5,E
92,60.75,218.20,1,W,5,E
169,49.42,222.24,2,W,5,N
170,70.89,222.54,2,W,5,N
171,93.61,222.84,2,W,5,N
184,98.57,223.14,2,E,5,N
5,14.23,223.44,1,S,5,N
91,30.85,224.04,1,W,5,N
219,106.01,231.07,3,E,5,N
220,109.11,231.37,3,E,5,N
221,112.65,231.67,3,E,5,N
222,114.73,231.97,3,E,5,N
17,178.18,240.62,1,S,2,W
198,180.32,242.09,3,W,5,N
25,200.57,242.42,1,S,2,W
199,183.86,245.63,3,W,5,N
151,196.39,258.58,1,E,3,W
254,200.51,266.24,5,W,5,N
255,204.16,266.54,5,W,5,N
256,247.44,266.84,5,W,5,N
304,224.76,280.24,5,E,5,N
305,227.01,280.54,5,E,5,N
306,227.67,280.84,5,E,5,N
200,188.25,300.00,3,W,5,W
11,95.39,300.30,1,S,5,W
186,169.88,300.60,2,E,5,W
13,104.65,300.90,1,S,5,W
95,112.78,301.20,1,W,5,W
29,213.19,301.50,1,S,1,W
96,119.62,301.50,1,W,5,W
30,213.95,301.80,1,S,1,W
102,204.76,302.10,1,W,2,W
150,186.00,303.82,1,E,5,W
185,118.80,316.30,2,E,5,E
172,137.04,322.14,2,W,5,N
173,160.38,322.74,2,W,5,N
174,184.32,323.04,2,W,5,N
93,92.75,323.34,1,W,5,N
94,93.00,323.64,1,W,5,N
97,139.55,323.94,1,W,5,N
98,143.06,324.24,1,W,5,N
148,111.19,324.54,1,E,5,N
149,149.14,324.84,1,E,5,N
225,239.84,325.33,3,E,5,E
37,312.78,326.92,1,S,1,E
224,224.79,331.17,3,E,5,N
28,210.81,336.97,1,S,3,W
103,207.18,338.47,1,W,3,E
105,222.43,339.07,1,W,3,E
257,276.19,366.14,5,W,5,N
258,330.52,366.44,5,W,5,N
307,365.41,380.14,5,E,5,N
308,377.14,383.27,5,E,5,N
223,206.22,399.90,3,E,5,W
226,242.64,400.20,3,E,5,W
18,181.33,400.50,1,S,5,W
26,204.50,400.80,1,S,5,W
101,198.77,401.10,1,W,5,W
106,223.56,401.40,1,W,5,W
109,232.48,401.70,1,W,5,W
40,329.00,401.90,1,S,1,W
156,255.64,402.00,1,E,5,W
100,195.81,418.60,1,W,5,E
152,207.33,419.80,1,E,5,E
15,174.81,422.04,1,S,5,N
16,175.26,422.34,1,S,5,N
19,185.17,422.64,1,S,5,N
20,188.24,422.94,1,S,5,N
21,188.66,423.24,1,S,5,N
24,199.41,423.54,1,S,5,N
187,255.56,423.84,2,E,5,N
27,207.90,424.14,1,S,5,N
99,192.17,424.44,1,W,5,N
104,222.31,425.04,1,W,5,N
203,308.94,425.13,3,W,5,E
107,225.00,425.34,1,W,5,N
108,227.68,425.64,1,W,5,N
153,212.64,426.24,1,E,5,N
154,217.97,426.54,1,E,5,N
155,221.42,426.84,1,E,5,N
49,415.92,430.06,1,S,1,E
227,348.81,430.67,3,E,5,N
204,312.79,431.57,3,W,5,N
205,330.98,431.87,3,W,5,N
206,344.68,432.17,3,W,5,N
207,356.36,432.47,3,W,5,N
39,317.36,437.67,1,S,3,W
259,374.54,466.04,5,W,5,N
260,380.33,466.34,5,W,5,N
261,397.54,466.64,5,W,5,N
262,399.73,466.94,5,W,5,N
263,420.98,467.24,5,W,5,N
264,423.45,467.54,5,W,5,N
265,428.92,467.84,5,W,5,N
266,454.19,468.14,5,W,5,N
267,457.72,468.44,5,W,5,N
268,460.53,468.74,5,W,5,N
269,462.79,468.93,5,W,5,N
270,463.85,469.98,5,W,5,N
201,299.67,499.80,3,W,5,W
202,300.60,500.10,3,W,5,W
31,293.60,500.40,1,S,5,W
32,297.60,500.70,1,S,5,W
188,351.62,501.00,2,E,5,W
38,314.95,501.30,1,S,5,W
110,265.72,501.60,1,W,5,W
53,424.47,501.70,1,S,2,E
113,334.72,501.90,1,W,5,W
116,363.38,502.20,1,W,5,W
51,421.63,502.30,1,S,1,W
55,425.76,502.60,1,S,1,W
59,432.49,502.60,1,S,2,W
56,429.37,502.90,1,S,1,W
57,431.80,503.20,1,S,1,W
65,441.02,503.50,1,S,1,W
70,448.28,503.80,1,S,1,W
63,436.98,503.80,1,S,2,W
33,304.37,521.94,1,S,5,N
34,304.68,522.24,1,S,5,N
178,486.29,522.36,2,W,3,E
175,350.08,522.54,2,W,5,N
35,306.28,522.84,1,S,5,N
36,308.06,523.14,1,S,5,N
111,268.79,523.44,1,W,5,N
112,287.23,523.74,1,W,5,N
114,339.78,524.04,1,W,5,N
115,342.79,524.34,1,W,5,N
157,346.62,524.64,1,E,5,N
228,444.03,530.47,3,E,5,N
230,449.48,531.07,3,E,5,N
62,436.68,539.57,1,S,3,W
66,443.62,541.52,1,S,2,W
271,481.57,565.94,5,W,5,N
272,485.13,566.24,5,W,5,N
273,487.39,566.54,5,W,5,N
274,511.53,566.84,5,W,5,N
275,511.64,567.14,5,W,5,N
276,513.82,567.44,5,W,5,N
277,517.94,567.74,5,W,5,N
278,518.83,568.04,5,W,5,N
279,537.67,568.34,5,W,5,N
280,541.62,568.64,5,W,5,N
281,544.17,568.94,5,W,5,N
282,556.29,569.24,5,W,5,N
309,512.35,579.94,5,E,5,N
67,444.06,599.40,1,S,3,E
229,446.62,599.70,3,E,5,W
208,497.14,600.00,3,W,5,W
310,593.87,600.00,5,E,5,N
43,349.42,600.30,1,S,5,W
45,359.85,600.60,1,S,5,W
47,365.22,600.90,1,S,5,W
189,408.86,601.20,2,E,5,W
117,401.71,601.50,1,W,5,W
118,405.65,601.80,1,W,5,W
119,423.76,602.10,1,W,5,W
120,461.89,602.40,1,W,5,W
158,477.85,602.70,1,E,5,W
44,354.89,616.30,1,S,5,E
61,435.27,619.30,1,S,5,E
77,605.86,620.00,1,S,1,E
41,344.48,621.84,1,S,5,N
42,346.96,622.14,1,S,5,N
46,363.33,622.74,1,S,5,N
176,427.85,623.04,2,W,5,N
177,471.67,623.34,2,W,5,N
48,413.03,623.64,1,S,5,N
50,419.69,623.94,1,S,5,N
52,424.22,624.24,1,S,5,N
54,425.21,624.54,1,S,5,N
58,432.26,624.84,1,S,5,N
60,435.00,625.14,1,S,5,N
231,545.87,630.27,3,E,5,N
123,537.85,637.87,1,W,3,W
283,587.79,665.84,5,W,5,N
284,618.53,666.14,5,W,5,N
285,655.90,666.44,5,W,5,N
71,451.07,699.60,1,S,5,W
72,451.55,699.90,1,S,5,W
73,456.92,700.20,1,S,5,W
190,507.83,700.50,2,E,5,W
191,557.13,700.80,2,E,5,W
124,541.87,701.10,1,W,5,W
125,545.81,701.40,1,W,5,W
126,549.30,701.70,1,W,5,W
161,579.20,702.00,1,E,5,W
128,603.62,704.00,1,W,2,W
69,447.15,716.20,1,S,5,E
160,561.22,718.30,1,E,5,E
64,439.70,721.74,1,S,5,N
68,446.68,722.04,1,S,5,N
74,461.92,722.64,1,S,5,N
179,547.37,722.94,2,W,5,N
75,523.08,723.24,1,S,5,N
121,502.62,723.54,1,W,5,N
122,535.07,723.84,1,W,5,N
159,525.54,724.14,1,E,5,N
210,613.62,730.37,3,W,5,N
83,628.15,738.57,1,S,3,W
212,686.28,748.05,3,W,5,N
286,689.64,765.74,5,W,5,N
287,721.28,766.04,5,W,5,N
288,739.96,766.34,5,W,5,N
289,753.37,766.64,5,W,5,N
311,702.31,779.74,5,E,5,N
232,656.19,799.50,3,E,5,W
209,603.84,799.80,3,W,5,W
211,657.35,800.10,3,W,5,W
233,680.22,800.40,3,E,5,W
180,607.30,800.70,2,W,5,W
192,610.35,801.00,2,E,5,W
193,667.41,801.30,2,E,5,W
81,619.11,801.60,1,S,5,W
85,631.03,801.90,1,S,5,W
162,633.11,802.20,1,E,5,W
163,654.90,802.50,1,E,5,W
76,603.13,821.64,1,S,5,N
78,608.96,821.94,1,S,5,N
79,610.17,822.24,1,S,5,N
80,613.26,822.54,1,S,5,N
82,624.28,822.84,1,S,5,N
84,628.42,823.14,1,S,5,N
86,633.91,823.44,1,S,5,N
127,571.15,823.74,1,W,5,N
129,606.32,824.04,1,W,5,N
130,645.18,824.34,1,W,5,N
131,648.24,824.64,1,W,5,N
164,666.86,824.94,1,E,5,N
234,772.66,834.43,3,E,5,N
235,775.61,837.38,3,E,5,N
290,795.72,865.64,5,W,5,N
291,801.59,865.94,5,W,5,N
292,818.10,866.24,5,W,5,N
293,818.20,866.54,5,W,5,N
294,851.11,866.84,5,W,5,N
312,800.55,879.64,5,E,5,N
313,813.87,879.94,5,E,5,N
314,814.01,880.24,5,E,5,N
315,814.98,880.54,5,E,5,N
88,770.34,898.50,1,S,3,W
213,745.16,899.40,3,W,5,W
195,786.60,899.70,2,E,5,W
133,704.17,900.00,1,W,5,W
165,730.46,900.30,1,E,5,W
140,827.84,901.80,1,W,2,W
316,898.73,904.87,5,E,5,N
166,791.71,909.53,1,E,5,W
90,865.98,917.00,1,S,1,E
87,697.17,921.54,1,S,5,N
194,764.84,921.84,2,E,5,N
181,782.72,922.14,2,W,5,N
132,673.36,922.44,1,W,5,N
134,708.56,922.74,1,W,5,N
135,708.96,923.04,1,W,5,N
136,725.82,923.34,1,W,5,N
137,738.15,923.64,1,W,5,N
215,841.61,923.83,3,W,5,E
214,801.37,929.67,3,W,5,N
217,873.35,935.12,3,W,5,N
236,875.41,937.18,3,E,5,N
295,884.78,965.54,5,W,5,N
296,887.79,965.84,5,W,5,N
297,888.45,966.14,5,W,5,N
216,849.82,999.30,3,W,5,W
139,787.85,999.60,1,W,5,W
168,874.75,999.90,1,E,5,W
182,807.18,1015.60,2,W,5,E
196,877.30,1021.44,2,E,5,N
183,855.44,1022.04,2,W,5,N
138,769.67,1022.34,1,W,5,N
141,828.79,1022.64,1,W,5,N
142,832.28,1022.94,1,W,5,N
167,810.88,1023.24,1,E,5,N
144,877.28,1099.20,1,W,5,W
145,879.69,1099.50,1,W,5,W
147,886.49,1099.80,1,W,5,W
89,862.58,1121.34,1,S,5,N
143,870.66,1121.64,1,W,5,N
146,882.57,1121.94,1,W,5,N