id,enter_time,exit_time,entrance_intersection,entrance_direction,exit_intersection,exit_direction
311,3.79,41.54,5,W,5,N
312,8.26,41.84,5,W,5,N
313,30.15,42.14,5,W,5,N
314,31.53,42.44,5,W,5,N
315,35.46,42.74,5,W,5,N
366,6.40,55.54,5,E,5,N
275,37.26,99.03,3,W,5,N
9,86.43,100.57,1,S,1,W
4,70.26,113.80,1,S,1,E
191,17.92,127.20,1,E,2,W
316,56.01,141.44,5,W,5,N
317,76.99,141.74,5,W,5,N
318,129.11,142.04,5,W,5,N
319,130.34,142.34,5,W,5,N
320,134.27,142.64,5,W,5,N
321,136.08,142.94,5,W,5,N
322,139.36,145.49,5,W,5,N
367,150.65,156.79,5,E,5,N
115,22.67,161.77,1,W,3,E
290,35.34,175.20,3,E,5,W
291,68.62,175.50,3,E,5,W
1,4.38,191.50,1,S,5,E
0,1.14,197.34,1,S,5,N
2,4.49,197.94,1,S,5,N
15,167.07,201.10,1,S,1,W
20,174.59,201.40,1,S,1,W
21,179.99,201.70,1,S,1,W
242,29.88,211.87,2,W,5,N
16,170.78,214.50,1,S,1,E
114,19.77,223.24,1,W,5,N
117,54.44,224.14,1,W,5,N
118,61.13,224.44,1,W,5,N
190,10.94,224.74,1,E,5,N
192,17.99,225.34,1,E,5,N
193,22.23,225.64,1,E,5,N
194,74.58,225.94,1,E,5,N
123,155.11,226.70,1,W,2,W
323,152.39,241.34,5,W,5,N
324,154.94,241.64,5,W,5,N
325,171.82,241.94,5,W,5,N
264,210.09,250.80,2,E,3,E
368,240.01,255.34,5,E,5,N
369,240.72,255.64,5,E,5,N
370,243.52,255.94,5,E,5,N
371,243.62,256.24,5,E,5,N
292,146.63,275.10,3,E,5,W
262,41.78,275.40,2,E,5,W
243,53.16,275.70,2,W,5,W
244,105.63,276.00,2,W,5,W
116,27.77,276.30,1,W,5,W
195,75.16,276.60,1,E,5,W
8,83.19,276.90,1,S,5,W
12,91.62,277.20,1,S,5,W
278,188.62,277.50,3,W,5,W
293,225.87,281.51,3,E,5,W
3,68.57,297.24,1,S,5,N
5,73.07,297.54,1,S,5,N
6,75.02,297.84,1,S,5,N
7,80.28,298.14,1,S,5,N
10,89.83,298.44,1,S,5,N
11,90.96,298.74,1,S,5,N
276,173.77,299.04,3,W,5,N
277,174.13,299.34,3,W,5,N
24,271.46,301.50,1,S,1,W
263,128.05,311.67,2,E,5,N
245,127.39,311.97,2,W,5,N
246,142.73,312.27,2,W,5,N
119,64.84,323.34,1,W,5,N
121,106.70,323.94,1,W,5,N
199,153.08,326.04,1,E,5,N
200,156.54,326.34,1,E,5,N
201,170.17,326.64,1,E,5,N
202,180.51,326.94,1,E,5,N
204,190.56,327.54,1,E,5,N
326,250.37,341.24,5,W,5,N
327,251.52,341.54,5,W,5,N
27,278.88,341.62,1,S,2,E
328,254.43,341.84,5,W,5,N
329,304.40,342.14,5,W,5,N
330,328.94,342.44,5,W,5,N
331,346.40,352.53,5,W,5,N
372,299.73,355.24,5,E,5,N
373,314.58,355.54,5,E,5,N
374,326.01,355.84,5,E,5,N
375,345.26,356.14,5,E,5,N
376,355.47,361.61,5,E,5,N
209,245.18,364.67,1,E,3,E
377,362.11,368.25,5,E,5,N
378,368.71,374.85,5,E,5,N
120,68.66,375.00,1,W,5,W
122,150.25,375.30,1,W,5,W
124,157.48,375.60,1,W,5,W
196,112.56,375.90,1,E,5,W
197,114.62,376.20,1,E,5,W
198,149.66,376.50,1,E,5,W
203,186.19,376.80,1,E,5,W
13,160.50,377.10,1,S,5,W
14,164.21,377.40,1,S,5,W
19,173.29,377.70,1,S,5,W
279,321.77,378.00,3,W,5,W
29,282.46,378.29,1,S,3,E
17,171.48,397.14,1,S,5,N
18,171.66,397.44,1,S,5,N
280,330.40,397.74,3,W,5,N
36,377.38,401.90,1,S,1,W
294,341.26,403.03,3,E,5,N
295,343.43,405.20,3,E,5,N
265,240.73,411.47,2,E,5,N
247,302.56,411.77,2,W,5,N
41,393.48,417.70,1,S,1,E
125,192.69,423.44,1,W,5,N
126,232.33,423.74,1,W,5,N
127,250.95,424.04,1,W,5,N
129,260.62,424.64,1,W,5,N
206,217.70,425.54,1,E,5,N
207,228.45,425.84,1,E,5,N
210,283.92,426.74,1,E,5,N
212,384.61,428.10,1,E,2,E
332,364.08,441.14,5,W,5,N
333,364.38,441.44,5,W,5,N
334,364.67,441.74,5,W,5,N
335,372.61,442.04,5,W,5,N
336,394.40,442.34,5,W,5,N
337,396.02,442.64,5,W,5,N
53,423.80,464.05,1,S,2,W
128,257.84,474.90,1,W,5,W
130,263.49,475.20,1,W,5,W
205,210.21,475.50,1,E,5,W
208,240.75,475.80,1,E,5,W
281,384.95,476.10,3,W,5,W
296,377.91,476.40,3,E,5,W
23,265.77,491.20,1,S,5,E
25,274.78,491.50,1,S,5,E
22,265.40,497.04,1,S,5,N
26,274.96,497.94,1,S,5,N
28,279.37,498.24,1,S,5,N
297,381.63,498.54,3,E,5,N
282,407.16,498.84,3,W,5,N
283,407.86,499.14,3,W,5,N
284,415.78,499.44,3,W,5,N
285,415.85,499.74,3,W,5,N
43,399.74,502.30,1,S,1,W
46,408.80,502.60,1,S,1,W
47,413.51,502.90,1,S,1,W
248,325.43,505.13,2,W,5,E
266,326.29,505.43,2,E,5,E
249,351.49,511.87,2,W,5,N
267,403.38,512.17,2,E,5,N
132,268.45,523.84,1,W,5,N
133,272.15,524.14,1,W,5,N
134,272.94,524.44,1,W,5,N
135,302.19,524.74,1,W,5,N
136,328.43,525.04,1,W,5,N
137,360.72,525.34,1,W,5,N
211,310.85,525.64,1,E,5,N
213,392.08,526.24,1,E,5,N
214,397.37,526.54,1,E,5,N
142,428.22,527.30,1,W,2,W
338,491.40,541.04,5,W,5,N
339,521.55,541.34,5,W,5,N
379,502.59,555.04,5,E,5,N
380,504.23,555.34,5,E,5,N
381,509.38,555.64,5,E,5,N
382,559.74,565.88,5,E,5,N
221,486.58,566.07,1,E,3,E
383,562.89,569.03,5,E,5,N
298,448.68,574.80,3,E,5,W
131,266.22,575.10,1,W,5,W
215,400.14,575.40,1,E,5,W
32,365.47,575.70,1,S,5,W
34,370.14,576.00,1,S,5,W
35,373.65,576.30,1,S,5,W
39,387.64,576.60,1,S,5,W
42,399.28,576.90,1,S,5,W
44,403.03,577.20,1,S,5,W
49,419.01,577.50,1,S,5,W
52,421.96,577.80,1,S,5,W
299,451.35,578.10,3,E,5,W
50,421.19,593.20,1,S,5,E
30,360.86,596.94,1,S,5,N
31,364.62,597.24,1,S,5,N
33,369.40,597.54,1,S,5,N
37,380.85,597.84,1,S,5,N
38,383.68,598.14,1,S,5,N
40,390.37,598.44,1,S,5,N
45,405.09,598.74,1,S,5,N
48,416.82,599.04,1,S,5,N
51,421.84,599.64,1,S,5,N
54,425.23,599.94,1,S,5,N
55,428.69,600.24,1,S,5,N
300,453.52,600.54,3,E,5,N
286,534.49,600.84,3,W,5,N
62,570.21,602.70,1,S,1,W
65,580.39,603.00,1,S,1,W
69,596.48,610.62,1,S,1,W
269,483.09,611.37,2,E,5,N
70,597.94,612.07,1,S,1,W
138,390.66,623.94,1,W,5,N
139,394.53,624.24,1,W,5,N
141,424.27,624.84,1,W,5,N
143,431.17,625.44,1,W,5,N
144,434.50,625.74,1,W,5,N
216,403.23,626.34,1,E,5,N
217,409.84,626.64,1,E,5,N
218,420.38,626.94,1,E,5,N
220,483.27,627.54,1,E,5,N
340,572.64,640.94,5,W,5,N
341,585.04,641.24,5,W,5,N
342,589.03,641.54,5,W,5,N
343,592.68,641.84,5,W,5,N
59,563.33,641.92,1,S,2,W
344,595.65,642.14,5,W,5,N
345,607.78,642.44,5,W,5,N
71,601.94,644.32,1,S,2,W
223,559.46,664.97,1,E,3,W
225,598.54,665.57,1,E,3,W
268,427.68,674.70,2,E,5,W
56,430.79,675.00,1,S,5,W
140,420.29,675.30,1,W,5,W
145,437.37,675.60,1,W,5,W
219,454.91,675.90,1,E,5,W
57,486.84,676.20,1,S,5,W
301,567.73,676.50,3,E,5,W
384,670.97,677.10,5,E,5,N
61,569.24,678.59,1,S,3,W
385,674.34,680.48,5,E,5,N
72,613.85,690.17,1,S,3,W
302,570.42,696.84,3,E,5,N
303,607.84,697.14,3,E,5,N
78,623.55,699.87,1,S,3,W
76,618.49,703.10,1,S,1,W
251,570.21,705.33,2,W,5,E
270,568.57,710.87,2,E,5,N
253,606.01,712.07,2,W,5,N
146,470.27,723.74,1,W,5,N
148,517.55,724.34,1,W,5,N
149,519.58,724.64,1,W,5,N
150,550.36,724.94,1,W,5,N
151,553.31,725.24,1,W,5,N
152,560.75,725.54,1,W,5,N
153,563.57,725.84,1,W,5,N
346,670.12,740.84,5,W,5,N
347,689.45,741.14,5,W,5,N
348,694.99,741.44,5,W,5,N
349,695.28,741.74,5,W,5,N
350,723.25,742.04,5,W,5,N
82,729.25,743.38,1,S,1,E
386,713.43,754.84,5,E,5,N
387,729.87,755.14,5,E,5,N
287,636.91,774.60,3,W,5,W
304,644.55,774.90,3,E,5,W
305,647.21,775.20,3,E,5,W
250,543.34,775.50,2,W,5,W
252,598.07,775.80,2,W,5,W
147,515.25,776.10,1,W,5,W
154,565.88,776.40,1,W,5,W
222,506.55,776.70,1,E,5,W
224,592.58,777.00,1,E,5,W
73,617.40,777.30,1,S,5,W
306,667.15,777.60,3,E,5,W
58,558.77,796.74,1,S,5,N
60,565.70,797.04,1,S,5,N
63,574.51,797.34,1,S,5,N
64,576.93,797.64,1,S,5,N
66,583.31,797.94,1,S,5,N
67,585.93,798.24,1,S,5,N
68,593.58,798.54,1,S,5,N
74,618.27,798.84,1,S,5,N
75,618.46,799.14,1,S,5,N
77,620.05,799.44,1,S,5,N
307,688.66,799.74,3,E,5,N
288,739.36,801.13,3,W,5,N
80,725.54,803.50,1,S,1,W
90,739.81,803.80,1,S,1,W
271,653.90,810.97,2,E,5,N
255,693.39,811.27,2,W,5,N
272,707.88,811.57,2,E,5,N
229,676.84,820.11,1,E,5,E
155,568.88,823.84,1,W,5,N
157,582.03,824.44,1,W,5,N
158,617.14,824.74,1,W,5,N
226,627.98,825.34,1,E,5,N
230,687.42,826.54,1,E,5,N
231,698.01,826.84,1,E,5,N
88,737.09,827.60,1,S,2,W
161,697.36,828.50,1,W,2,W
233,733.37,832.70,1,E,2,W
351,749.57,840.74,5,W,5,N
352,752.95,841.04,5,W,5,N
353,753.75,841.34,5,W,5,N
354,827.82,841.64,5,W,5,N
355,833.03,841.94,5,W,5,N
356,836.59,842.72,5,W,5,N
357,839.61,845.75,5,W,5,N
100,833.89,848.03,1,S,1,E
358,844.84,850.97,5,W,5,N
388,832.01,854.74,5,E,5,N
389,835.96,855.04,5,E,5,N
390,838.91,855.34,5,E,5,N
170,738.92,867.27,1,W,3,W
172,766.80,867.87,1,W,3,W
391,862.43,868.56,5,E,5,N
236,766.42,869.67,1,E,3,W
254,678.92,874.50,2,W,5,W
156,579.27,874.80,1,W,5,W
159,653.22,875.10,1,W,5,W
227,655.77,875.40,1,E,5,W
228,655.88,875.70,1,E,5,W
81,729.12,876.00,1,S,5,W
308,750.95,876.30,3,E,5,W
392,873.32,879.46,5,E,5,N
79,664.51,896.64,1,S,5,N
289,778.01,896.94,3,W,5,N
92,809.35,903.90,1,S,1,W
93,815.14,904.20,1,S,1,W
96,822.10,904.50,1,S,1,W
97,823.96,904.80,1,S,1,W
99,829.63,905.10,1,S,1,W
101,834.66,905.40,1,S,1,W
110,852.79,905.70,1,S,1,W
260,815.88,907.59,2,W,5,E
258,779.46,911.07,2,W,5,N
259,788.54,911.37,2,W,5,N
273,805.96,911.67,2,E,5,N
168,729.81,922.31,1,W,5,E
85,733.85,924.54,1,S,5,N
86,734.22,924.84,1,S,5,N
87,734.32,925.14,1,S,5,N
162,712.66,926.64,1,W,5,N
163,716.36,926.94,1,W,5,N
165,721.45,927.54,1,W,5,N
166,724.56,927.84,1,W,5,N
169,731.88,928.74,1,W,5,N
171,765.90,929.34,1,W,5,N
234,762.06,930.84,1,E,5,N
359,848.21,940.64,5,W,5,N
360,849.39,940.94,5,W,5,N
361,852.74,941.24,5,W,5,N
362,863.07,941.54,5,W,5,N
363,865.25,941.84,5,W,5,N
364,868.07,942.14,5,W,5,N
365,885.32,942.44,5,W,5,N
179,809.06,964.97,1,W,3,E
240,869.28,967.97,1,E,3,W
256,738.36,974.40,2,W,5,W
257,760.16,974.70,2,W,5,W
83,730.29,975.00,1,S,5,W
84,730.92,975.30,1,S,5,W
89,737.88,975.60,1,S,5,W
160,671.33,975.90,1,W,5,W
164,718.40,976.20,1,W,5,W
167,726.84,976.50,1,W,5,W
173,767.25,976.80,1,W,5,W
232,726.75,977.10,1,E,5,W
235,763.04,977.40,1,E,5,W
309,856.78,977.70,3,E,5,W
91,744.26,990.40,1,S,5,E
94,817.40,990.70,1,S,5,E
95,820.08,997.14,1,S,5,N
98,826.81,997.44,1,S,5,N
310,877.47,997.74,3,E,5,N
181,818.82,1021.21,1,W,5,E
237,803.99,1022.71,1,E,5,E
102,836.94,1024.04,1,S,5,N
104,839.52,1024.64,1,S,5,N
105,839.67,1024.94,1,S,5,N
174,770.95,1025.24,1,W,5,N
175,776.10,1025.54,1,W,5,N
176,781.96,1025.84,1,W,5,N
177,785.53,1026.14,1,W,5,N
178,789.16,1026.44,1,W,5,N
182,832.94,1027.64,1,W,5,N
184,852.88,1028.24,1,W,5,N
185,855.08,1028.54,1,W,5,N
238,832.70,1029.14,1,E,5,N
261,894.23,1074.30,2,W,5,W
274,869.68,1074.60,2,E,5,W
103,836.98,1074.90,1,S,5,W
180,815.13,1075.20,1,W,5,W
183,836.64,1075.50,1,W,5,W
239,848.46,1075.80,1,E,5,W
241,880.32,1076.10,1,E,5,W
106,847.03,1076.40,1,S,5,W
107,849.98,1076.70,1,S,5,W
112,858.61,1077.00,1,S,5,W
109,851.13,1090.60,1,S,5,E
113,859.86,1091.20,1,S,5,E
108,850.56,1096.44,1,S,5,N
111,855.03,1097.04,1,S,5,N
186,876.60,1124.14,1,W,5,N
187,878.93,1174.20,1,W,5,W
188,886.49,1174.50,1,W,5,W
189,886.71,1174.80,1,W,5,W