id,enter_time,exit_time,entrance_intersection,entrance_direction,exit_intersection,exit_direction
252,0.97,41.54,5,W,5,N
253,6.09,41.84,5,W,5,N
254,8.74,42.14,5,W,5,N
255,11.74,42.44,5,W,5,N
256,14.18,42.74,5,W,5,N
257,19.65,43.04,5,W,5,N
258,25.36,43.34,5,W,5,N
259,39.68,45.81,5,W,5,N
260,42.54,48.67,5,W,5,N
261,45.49,51.63,5,W,5,N
3,12.57,52.83,1,S,2,W
315,8.53,55.54,5,E,5,N
231,3.10,75.33,3,E,5,W
4,12.76,100.70,1,S,1,W
9,22.40,101.00,1,S,1,W
11,91.24,105.37,1,S,1,W
262,50.29,141.44,5,W,5,N
263,67.50,141.74,5,W,5,N
264,142.62,148.76,5,W,5,N
265,142.77,148.91,5,W,5,N
316,141.73,155.44,5,E,5,N
0,2.49,175.20,1,S,5,W
2,9.22,175.50,1,S,5,W
8,19.94,175.80,1,S,5,W
232,94.98,176.10,3,E,5,W
218,107.14,176.40,3,W,5,W
233,121.81,177.44,3,E,5,W
6,17.10,191.80,1,S,5,E
10,26.24,192.40,1,S,5,E
1,8.57,197.34,1,S,5,N
5,16.08,197.64,1,S,5,N
7,19.93,198.24,1,S,5,N
219,149.60,205.24,3,W,5,E
206,66.81,211.87,2,E,5,N
166,49.01,217.71,1,E,5,E
170,99.65,218.91,1,E,5,E
165,37.01,223.54,1,E,5,N
167,58.63,224.14,1,E,5,N
266,163.00,241.34,5,W,5,N
267,165.85,241.64,5,W,5,N
268,169.60,241.94,5,W,5,N
269,174.61,242.24,5,W,5,N
270,176.61,242.54,5,W,5,N
271,228.40,242.84,5,W,5,N
272,231.75,243.14,5,W,5,N
273,234.65,243.44,5,W,5,N
274,238.34,244.48,5,W,5,N
195,172.33,249.90,2,W,3,W
317,188.95,255.34,5,E,5,N
102,80.52,261.87,1,W,3,E
234,136.22,275.10,3,E,5,W
100,46.20,275.40,1,W,5,W
168,60.74,275.70,1,E,5,W
169,80.68,276.00,1,E,5,W
235,202.78,276.30,3,E,5,W
13,151.96,276.39,1,S,3,W
220,201.43,297.24,3,W,5,N
221,206.24,297.54,3,W,5,N
17,236.55,301.50,1,S,1,W
207,152.68,311.97,2,E,5,N
171,131.71,320.51,1,E,5,E
101,74.57,323.34,1,W,5,N
103,81.60,323.94,1,W,5,N
105,154.49,324.54,1,W,5,N
106,156.68,324.84,1,W,5,N
108,157.57,325.44,1,W,5,N
109,161.32,325.74,1,W,5,N
110,161.71,326.04,1,W,5,N
111,163.80,326.34,1,W,5,N
172,147.92,326.94,1,E,5,N
173,152.36,327.24,1,E,5,N
25,326.30,340.44,1,S,1,E
275,300.12,341.24,5,W,5,N
196,235.02,349.70,2,W,3,E
30,336.52,350.66,1,S,1,E
318,277.83,355.24,5,E,5,N
319,283.51,355.54,5,E,5,N
320,293.83,355.84,5,E,5,N
176,270.57,363.17,1,E,3,E
104,129.53,375.00,1,W,5,W
107,156.88,375.30,1,W,5,W
12,151.24,375.60,1,S,5,W
14,160.70,375.90,1,S,5,W
15,225.50,376.20,1,S,5,W
16,227.05,376.50,1,S,5,W
222,264.03,376.80,3,W,5,W
238,283.57,377.10,3,E,5,W
20,318.72,395.04,1,S,3,W
21,319.00,395.32,1,S,3,W
236,277.02,397.14,3,E,5,N
237,280.79,397.44,3,E,5,N
239,315.38,397.74,3,E,5,N
32,342.72,401.90,1,S,1,W
208,236.96,411.77,2,E,5,N
209,261.92,412.07,2,E,5,N
197,264.35,412.37,2,W,5,N
112,194.28,423.44,1,W,5,N
174,222.86,424.34,1,E,5,N
175,249.06,424.64,1,E,5,N
37,420.74,434.88,1,S,1,E
276,348.86,441.14,5,W,5,N
277,376.02,441.44,5,W,5,N
278,380.72,441.74,5,W,5,N
279,381.80,442.04,5,W,5,N
280,386.60,442.34,5,W,5,N
281,419.10,442.64,5,W,5,N
282,423.57,442.94,5,W,5,N
283,423.57,443.24,5,W,5,N
284,425.90,443.54,5,W,5,N
285,426.45,443.84,5,W,5,N
286,431.03,444.14,5,W,5,N
321,403.46,455.14,5,E,5,N
322,404.97,455.44,5,E,5,N
323,408.57,455.74,5,E,5,N
324,409.32,456.04,5,E,5,N
325,418.61,456.34,5,E,5,N
326,452.41,458.55,5,E,5,N
327,455.65,461.79,5,E,5,N
177,306.90,464.17,1,E,3,W
113,227.15,474.90,1,W,5,W
114,246.87,475.20,1,W,5,W
22,319.46,475.50,1,S,5,W
23,322.47,475.80,1,S,5,W
27,327.58,476.10,1,S,5,W
223,404.31,476.40,3,W,5,W
240,429.60,485.23,3,E,5,W
18,316.33,497.04,1,S,5,N
19,316.52,497.34,1,S,5,N
24,323.04,497.64,1,S,5,N
26,326.40,497.94,1,S,5,N
224,412.05,498.24,3,W,5,N
225,421.68,498.54,3,W,5,N
38,421.06,502.30,1,S,1,W
39,485.24,502.60,1,S,1,W
198,344.07,511.27,2,W,5,N
211,370.80,512.17,2,E,5,N
200,412.37,512.77,2,W,5,N
178,320.04,520.11,1,E,5,E
115,278.40,524.14,1,W,5,N
117,284.53,524.74,1,W,5,N
118,327.88,525.04,1,W,5,N
120,360.71,525.64,1,W,5,N
179,341.90,526.54,1,E,5,N
124,414.42,526.70,1,W,2,W
181,356.08,527.14,1,E,5,N
287,452.91,541.04,5,W,5,N
288,455.39,541.34,5,W,5,N
289,459.88,541.64,5,W,5,N
290,507.23,541.94,5,W,5,N
291,508.46,542.24,5,W,5,N
292,511.52,542.54,5,W,5,N
293,514.77,542.84,5,W,5,N
294,519.48,543.14,5,W,5,N
295,524.60,543.44,5,W,5,N
296,545.78,551.92,5,W,5,N
328,547.83,555.04,5,E,5,N
329,548.09,555.34,5,E,5,N
330,548.75,555.64,5,E,5,N
331,557.07,563.21,5,E,5,N
135,459.90,566.07,1,W,3,E
332,568.17,574.31,5,E,5,N
210,344.45,574.80,2,E,5,W
199,371.61,575.10,2,W,5,W
212,408.41,575.40,2,E,5,W
28,330.79,575.70,1,S,5,W
29,332.70,576.00,1,S,5,W
116,282.03,576.30,1,W,5,W
333,570.34,576.47,5,E,5,N
119,358.98,576.60,1,W,5,W
180,350.78,576.90,1,E,5,W
182,363.34,577.20,1,E,5,W
31,338.74,577.50,1,S,5,W
33,345.55,577.80,1,S,5,W
36,417.59,578.10,1,S,5,W
241,493.93,578.40,3,E,5,W
34,346.49,596.94,1,S,5,N
35,353.44,597.24,1,S,5,N
242,508.66,597.54,3,E,5,N
226,530.47,597.84,3,W,5,N
43,588.76,602.90,1,S,1,W
201,439.51,611.07,2,W,5,N
202,446.31,611.37,2,W,5,N
213,507.10,611.67,2,E,5,N
48,601.42,617.60,1,S,1,E
121,391.31,623.64,1,W,5,N
125,417.17,624.84,1,W,5,N
127,422.10,625.44,1,W,5,N
128,425.37,625.74,1,W,5,N
129,428.31,626.04,1,W,5,N
130,431.14,626.34,1,W,5,N
131,437.26,626.64,1,W,5,N
132,440.83,626.94,1,W,5,N
133,443.93,627.24,1,W,5,N
143,535.77,627.40,1,W,2,W
134,456.68,627.54,1,W,5,N
137,465.21,628.44,1,W,5,N
297,583.47,640.94,5,W,5,N
60,634.45,648.59,1,S,1,E
298,646.10,652.23,5,W,5,N
334,583.33,654.94,5,E,5,N
335,600.96,655.24,5,E,5,N
336,619.37,655.54,5,E,5,N
337,620.42,655.84,5,E,5,N
338,626.69,656.14,5,E,5,N
145,554.34,664.07,1,W,3,E
339,665.98,672.11,5,E,5,N
122,393.94,674.70,1,W,5,W
123,396.19,675.00,1,W,5,W
126,420.73,675.30,1,W,5,W
136,462.00,675.60,1,W,5,W
183,416.33,675.90,1,E,5,W
243,593.05,676.20,3,E,5,W
227,571.79,676.50,3,W,5,W
52,618.29,694.62,1,S,3,E
244,610.05,696.84,3,E,5,N
51,616.93,703.10,1,S,1,W
56,623.52,703.40,1,S,1,W
67,653.48,703.70,1,S,1,W
139,495.09,724.04,1,W,5,N
140,523.58,724.34,1,W,5,N
141,525.50,724.64,1,W,5,N
142,529.31,724.94,1,W,5,N
146,554.77,726.14,1,W,5,N
184,530.04,726.44,1,E,5,N
185,570.01,726.74,1,E,5,N
151,661.92,728.70,1,W,2,W
299,649.36,740.84,5,W,5,N
300,654.45,741.14,5,W,5,N
301,659.32,741.44,5,W,5,N
302,694.94,741.74,5,W,5,N
303,695.23,742.04,5,W,5,N
304,697.78,742.34,5,W,5,N
71,734.80,748.94,1,S,1,E
340,682.28,754.84,5,E,5,N
152,664.92,765.07,1,W,3,E
214,603.64,774.60,2,E,5,W
138,491.31,774.90,1,W,5,W
144,537.70,775.20,1,W,5,W
40,579.63,775.50,1,S,5,W
42,585.00,775.80,1,S,5,W
45,593.37,776.10,1,S,5,W
46,596.51,776.40,1,S,5,W
50,610.62,776.70,1,S,5,W
41,583.62,796.74,1,S,5,N
44,592.41,797.04,1,S,5,N
47,598.27,797.34,1,S,5,N
49,604.87,797.64,1,S,5,N
53,618.85,797.94,1,S,5,N
54,618.95,798.24,1,S,5,N
55,620.54,798.54,1,S,5,N
57,630.00,798.84,1,S,5,N
228,686.14,799.14,3,W,5,N
245,694.24,799.44,3,E,5,N
74,748.14,803.50,1,S,1,W
78,762.51,803.80,1,S,1,W
215,699.67,810.67,2,E,5,N
203,640.04,810.97,2,W,5,N
58,630.75,823.84,1,S,5,N
59,631.44,824.14,1,S,5,N
61,634.65,824.44,1,S,5,N
63,639.18,825.04,1,S,5,N
147,586.46,825.34,1,W,5,N
148,588.86,825.64,1,W,5,N
149,628.89,825.94,1,W,5,N
150,661.89,826.24,1,W,5,N
305,774.09,840.74,5,W,5,N
306,778.45,841.04,5,W,5,N
307,780.72,841.34,5,W,5,N
308,783.06,841.64,5,W,5,N
309,786.00,841.94,5,W,5,N
310,789.04,842.24,5,W,5,N
311,792.32,842.54,5,W,5,N
312,794.94,842.84,5,W,5,N
313,798.03,843.14,5,W,5,N
77,755.07,843.32,1,S,2,W
341,776.88,854.74,5,E,5,N
342,789.09,855.04,5,E,5,N
343,789.93,855.34,5,E,5,N
344,790.25,855.64,5,E,5,N
345,790.62,855.94,5,E,5,N
62,637.42,874.50,1,S,5,W
64,643.16,874.80,1,S,5,W
81,767.08,880.29,1,S,3,E
65,644.33,896.64,1,S,5,N
66,649.28,896.94,1,S,5,N
68,657.49,897.24,1,S,5,N
69,660.54,897.54,1,S,5,N
70,723.70,897.84,1,S,5,N
246,764.56,898.14,3,E,5,N
247,767.00,898.44,3,E,5,N
229,831.20,898.74,3,W,5,N
89,841.89,903.90,1,S,1,W
95,852.87,904.20,1,S,1,W
99,861.53,904.50,1,S,1,W
216,789.53,910.47,2,E,5,N
204,804.36,910.77,2,W,5,N
90,842.05,917.00,1,S,1,E
153,697.74,918.11,1,W,5,E
72,736.13,923.94,1,S,5,N
156,765.01,925.14,1,W,5,N
187,716.01,925.74,1,E,5,N
188,726.51,926.04,1,E,5,N
189,747.91,926.34,1,E,5,N
190,755.47,926.64,1,E,5,N
193,801.69,927.54,1,E,5,N
159,773.21,928.00,1,W,2,W
314,853.24,940.64,5,W,5,N
93,848.92,944.02,1,S,2,W
97,858.15,944.92,1,S,2,W
98,861.13,945.22,1,S,2,W
205,834.35,948.50,2,W,3,W
346,881.54,954.64,5,E,5,N
347,888.66,954.94,5,E,5,N
84,831.13,962.27,1,S,3,W
154,699.79,974.40,1,W,5,W
155,732.73,974.70,1,W,5,W
186,709.57,975.00,1,E,5,W
191,762.23,975.30,1,E,5,W
192,795.29,975.60,1,E,5,W
76,752.07,975.90,1,S,5,W
230,885.16,976.20,3,W,5,W
94,852.28,980.39,1,S,3,E
96,856.83,980.69,1,S,3,W
73,740.20,996.54,1,S,5,N
75,748.89,996.84,1,S,5,N
79,763.08,997.14,1,S,5,N
80,766.62,997.44,1,S,5,N
82,767.21,997.74,1,S,5,N
83,768.41,998.04,1,S,5,N
248,876.50,998.34,3,E,5,N
249,878.69,998.64,3,E,5,N
250,881.97,998.94,3,E,5,N
251,893.61,999.24,3,E,5,N
158,771.02,1019.41,1,W,5,E
85,834.64,1024.34,1,S,5,N
86,835.36,1024.64,1,S,5,N
87,836.61,1024.94,1,S,5,N
157,768.19,1025.24,1,W,5,N
160,791.56,1026.14,1,W,5,N
161,833.29,1026.44,1,W,5,N
217,879.86,1074.30,2,E,5,W
162,865.51,1074.60,1,W,5,W
163,866.47,1074.90,1,W,5,W
194,894.26,1075.20,1,E,5,W
92,848.43,1075.50,1,S,5,W
88,841.80,1096.44,1,S,5,N
91,847.33,1096.74,1,S,5,N
164,873.02,1124.14,1,W,5,N