id,enter_time,exit_time,entrance_intersection,entrance_direction,exit_intersection,exit_direction
0,3.16,17.29,1,S,1,E
178,49.15,110.92,3,W,5,N
147,10.12,112.07,2,W,5,N
212,69.85,141.44,5,W,5,N
213,75.70,141.74,5,W,5,N
214,93.57,142.04,5,W,5,N
215,95.88,142.34,5,W,5,N
216,109.77,142.64,5,W,5,N
217,112.61,142.94,5,W,5,N
218,116.65,143.24,5,W,5,N
219,118.51,143.54,5,W,5,N
150,62.95,150.70,2,W,3,W
270,104.07,155.44,5,E,5,N
113,46.56,162.37,1,E,3,E
148,23.10,175.20,2,W,5,W
193,94.89,175.50,3,E,5,W
181,129.54,185.18,3,W,5,W
6,111.59,187.91,1,S,3,E
1,4.64,197.34,1,S,5,N
179,94.70,197.64,3,W,5,N
180,123.81,197.94,3,W,5,N
9,133.52,201.10,1,S,1,W
182,140.94,202.71,3,W,5,N
8,128.45,204.77,1,S,3,E
164,90.77,211.87,2,E,5,N
149,46.25,212.17,2,W,5,N
151,76.25,212.77,2,W,5,N
61,29.22,217.71,1,W,5,E
114,58.63,218.31,1,E,5,E
59,3.85,223.24,1,W,5,N
115,68.54,224.74,1,E,5,N
15,211.70,225.84,1,S,1,E
220,150.94,241.34,5,W,5,N
221,164.57,241.64,5,W,5,N
222,176.70,241.94,5,W,5,N
223,180.38,242.24,5,W,5,N
224,184.15,242.54,5,W,5,N
225,187.93,242.84,5,W,5,N
226,191.69,243.14,5,W,5,N
227,197.31,243.44,5,W,5,N
228,200.24,243.74,5,W,5,N
229,209.37,244.04,5,W,5,N
230,212.77,244.34,5,W,5,N
231,218.05,244.64,5,W,5,N
271,251.65,257.78,5,E,5,N
63,87.45,262.17,1,W,3,W
118,127.54,264.27,1,E,3,W
194,134.13,275.10,3,E,5,W
60,11.25,275.40,1,W,5,W
116,84.20,275.70,1,E,5,W
4,110.12,276.00,1,S,5,W
5,110.30,276.30,1,S,5,W
195,196.33,276.60,3,E,5,W
2,103.68,297.24,1,S,5,N
3,106.87,297.54,1,S,5,N
7,122.55,297.84,1,S,5,N
11,203.54,301.50,1,S,1,W
183,243.67,305.44,3,W,5,N
165,186.05,311.67,2,E,5,N
117,122.36,319.61,1,E,5,E
10,136.02,323.34,1,S,5,N
62,68.82,323.64,1,W,5,N
64,90.13,324.24,1,W,5,N
65,113.33,324.54,1,W,5,N
66,116.38,324.84,1,W,5,N
119,184.04,326.34,1,E,5,N
120,189.57,326.64,1,E,5,N
232,280.33,341.24,5,W,5,N
272,306.64,355.24,5,E,5,N
70,173.77,361.97,1,W,3,W
73,213.57,362.87,1,W,3,E
74,249.26,363.17,1,W,3,E
152,141.95,375.00,2,W,5,W
153,159.41,375.30,2,W,5,W
154,213.42,375.60,2,W,5,W
67,119.65,375.90,1,W,5,W
68,126.90,376.20,1,W,5,W
16,290.55,376.49,1,S,3,W
12,204.81,376.50,1,S,5,W
198,321.83,377.46,3,E,5,W
13,205.21,397.14,1,S,5,N
14,208.34,397.44,1,S,5,N
196,267.47,397.74,3,E,5,N
197,304.38,398.04,3,E,5,N
20,370.01,401.90,1,S,1,W
155,239.78,411.47,2,W,5,N
166,245.56,411.77,2,E,5,N
167,310.06,412.07,2,E,5,N
156,311.73,412.37,2,W,5,N
71,204.51,424.04,1,W,5,N
72,211.10,424.34,1,W,5,N
233,370.15,441.14,5,W,5,N
234,371.45,441.44,5,W,5,N
235,376.25,441.74,5,W,5,N
236,381.93,442.04,5,W,5,N
23,380.23,442.32,1,S,2,W
237,397.84,442.34,5,W,5,N
238,414.55,442.64,5,W,5,N
239,418.08,442.94,5,W,5,N
240,419.26,443.24,5,W,5,N
241,444.19,450.33,5,W,5,N
273,409.71,455.14,5,E,5,N
78,350.29,462.67,1,W,3,W
274,457.31,463.44,5,E,5,N
275,467.94,474.08,5,E,5,N
69,166.64,474.90,1,W,5,W
121,245.01,475.20,1,E,5,W
122,279.59,475.50,1,E,5,W
200,364.13,475.80,3,E,5,W
184,371.15,497.04,3,W,5,N
199,350.65,497.34,3,E,5,N
34,409.61,502.30,1,S,1,W
36,478.41,502.60,1,S,1,W
40,491.10,505.23,1,S,1,W
168,355.21,511.27,2,E,5,N
157,374.27,511.57,2,W,5,N
169,411.04,511.87,2,E,5,N
75,267.27,523.54,1,W,5,N
76,306.10,523.84,1,W,5,N
77,346.36,524.14,1,W,5,N
79,353.50,524.74,1,W,5,N
242,485.80,541.04,5,W,5,N
243,487.14,541.34,5,W,5,N
171,505.77,549.60,2,E,3,W
244,543.62,549.75,5,W,5,N
245,546.78,552.91,5,W,5,N
276,479.61,555.04,5,E,5,N
277,530.47,555.34,5,E,5,N
83,372.55,562.47,1,W,3,E
278,557.42,563.55,5,E,5,N
80,359.33,574.80,1,W,5,W
123,343.44,575.10,1,E,5,W
124,346.61,575.40,1,E,5,W
125,399.28,575.70,1,E,5,W
18,362.69,576.00,1,S,5,W
19,366.65,576.30,1,S,5,W
21,373.40,576.60,1,S,5,W
22,376.46,576.90,1,S,5,W
24,382.48,577.20,1,S,5,W
25,386.06,577.50,1,S,5,W
202,469.94,577.80,3,E,5,W
17,358.83,596.94,1,S,5,N
26,388.83,597.24,1,S,5,N
27,391.07,597.54,1,S,5,N
28,392.97,597.84,1,S,5,N
29,398.91,598.14,1,S,5,N
30,402.21,598.44,1,S,5,N
31,405.09,598.74,1,S,5,N
32,407.36,599.04,1,S,5,N
33,409.24,599.34,1,S,5,N
35,413.32,599.64,1,S,5,N
201,467.27,599.94,3,E,5,N
185,487.26,600.24,3,W,5,N
204,547.68,609.45,3,E,5,N
170,432.37,611.07,2,E,5,N
85,413.00,624.84,1,W,5,N
86,463.06,625.14,1,W,5,N
126,404.07,625.44,1,E,5,N
127,409.63,625.74,1,E,5,N
129,448.79,626.34,1,E,5,N
132,463.56,627.24,1,E,5,N
246,573.61,640.94,5,W,5,N
247,603.79,641.24,5,W,5,N
90,497.53,662.87,1,W,3,W
134,583.23,663.77,1,E,3,W
203,532.77,674.70,3,E,5,W
81,366.44,675.00,1,W,5,W
82,369.03,675.30,1,W,5,W
84,374.86,675.60,1,W,5,W
128,413.54,675.90,1,E,5,W
130,459.18,676.20,1,E,5,W
131,459.20,676.50,1,E,5,W
133,469.73,676.80,1,E,5,W
187,599.72,677.10,3,W,5,W
206,608.71,677.40,3,E,5,W
42,565.58,677.99,1,S,3,E
37,480.81,690.70,1,S,5,E
38,482.11,697.14,1,S,5,N
39,489.42,697.44,1,S,5,N
205,576.44,697.74,3,E,5,N
186,598.10,698.04,3,W,5,N
207,610.89,698.34,3,E,5,N
158,552.86,710.87,2,W,5,N
172,588.02,711.17,2,E,5,N
160,603.55,711.77,2,W,5,N
89,478.33,718.21,1,W,5,E
88,477.41,724.04,1,W,5,N
91,504.11,724.94,1,W,5,N
92,554.19,725.24,1,W,5,N
137,633.36,727.80,1,E,2,W
248,688.28,740.84,5,W,5,N
249,691.62,741.14,5,W,5,N
250,719.47,741.44,5,W,5,N
251,725.00,741.74,5,W,5,N
252,726.01,742.04,5,W,5,N
279,707.15,754.84,5,E,5,N
280,709.47,755.14,5,E,5,N
281,710.77,755.44,5,E,5,N
282,726.29,755.74,5,E,5,N
283,745.98,756.04,5,E,5,N
139,642.93,764.47,1,E,3,W
159,582.83,774.60,2,W,5,W
161,617.29,774.90,2,W,5,W
87,473.70,775.20,1,W,5,W
135,589.07,775.50,1,E,5,W
41,564.72,775.80,1,S,5,W
208,701.47,776.10,3,E,5,W
209,704.87,776.40,3,E,5,W
188,702.67,796.74,3,W,5,N
190,748.48,810.25,3,W,5,N
173,671.56,810.67,2,E,5,N
45,805.59,819.73,1,S,1,E
174,721.93,819.77,2,E,5,N
94,571.85,824.14,1,W,5,N
95,589.63,824.44,1,W,5,N
97,636.92,825.04,1,W,5,N
138,639.39,825.94,1,E,5,N
51,819.14,833.28,1,S,1,E
253,755.80,840.74,5,W,5,N
254,756.79,841.04,5,W,5,N
255,757.07,841.34,5,W,5,N
256,772.47,841.64,5,W,5,N
257,834.68,841.94,5,W,5,N
258,836.88,843.02,5,W,5,N
259,840.71,846.85,5,W,5,N
46,808.11,848.36,1,S,2,W
260,844.12,850.25,5,W,5,N
261,846.50,852.63,5,W,5,N
262,846.88,853.01,5,W,5,N
210,731.69,874.50,3,E,5,W
189,742.34,874.80,3,W,5,W
93,569.66,875.10,1,W,5,W
96,633.35,875.40,1,W,5,W
136,608.20,875.70,1,E,5,W
140,664.79,876.00,1,E,5,W
141,685.58,876.30,1,E,5,W
211,811.39,876.60,3,E,5,W
48,814.12,890.44,1,S,3,W
43,644.13,896.64,1,S,5,N
47,813.61,903.90,1,S,1,W
50,817.92,904.20,1,S,1,W
53,823.30,904.50,1,S,1,W
98,686.37,923.94,1,W,5,N
99,687.91,924.24,1,W,5,N
100,691.49,924.54,1,W,5,N
102,732.95,925.14,1,W,5,N
143,787.14,925.74,1,E,5,N
263,862.79,940.64,5,W,5,N
264,862.89,940.94,5,W,5,N
265,865.24,941.24,5,W,5,N
266,865.45,941.54,5,W,5,N
267,868.31,941.84,5,W,5,N
268,872.87,942.14,5,W,5,N
269,889.29,942.44,5,W,5,N
176,855.35,948.50,2,E,3,W
284,876.16,954.64,5,E,5,N
285,879.25,954.94,5,E,5,N
286,893.32,955.24,5,E,5,N
108,862.09,963.77,1,W,3,W
162,770.51,974.40,2,W,5,W
175,791.77,974.70,2,E,5,W
101,730.86,975.00,1,W,5,W
142,722.03,975.30,1,E,5,W
144,791.59,975.60,1,E,5,W
44,741.98,975.90,1,S,5,W
49,815.33,976.20,1,S,5,W
52,821.21,976.50,1,S,5,W
191,886.09,996.54,3,W,5,N
192,892.84,996.84,3,W,5,N
103,778.28,1024.04,1,W,5,N
104,796.68,1024.34,1,W,5,N
106,859.04,1024.94,1,W,5,N
107,859.22,1025.24,1,W,5,N
163,833.90,1074.30,2,W,5,W
177,890.53,1074.60,2,E,5,W
105,830.01,1074.90,1,W,5,W
145,847.14,1075.20,1,E,5,W
146,887.02,1075.50,1,E,5,W
57,891.69,1075.80,1,S,5,W
54,883.45,1090.30,1,S,5,E
55,886.95,1096.74,1,S,5,N
56,888.44,1097.04,1,S,5,N
58,894.14,1097.34,1,S,5,N
109,869.40,1124.14,1,W,5,N
110,871.45,1124.44,1,W,5,N
111,873.37,1124.74,1,W,5,N
112,874.55,1125.04,1,W,5,N