id,enter_time,exit_time,entrance_intersection,entrance_direction,exit_intersection,exit_direction
8,28.53,42.67,1,S,1,E
237,19.98,66.44,5,W,5,N
238,25.38,66.74,5,W,5,N
239,27.90,67.04,5,W,5,N
240,45.53,67.34,5,W,5,N
241,56.70,67.64,5,W,5,N
242,58.51,67.94,5,W,5,N
325,34.72,80.44,5,E,5,N
5,20.04,100.70,1,S,1,W
6,23.52,101.00,1,S,1,W
10,34.46,101.30,1,S,1,W
11,34.89,101.60,1,S,1,W
192,28.01,112.57,2,E,3,W
222,2.10,131.27,3,E,5,N
223,69.56,131.33,3,E,5,N
206,47.07,131.57,3,W,5,N
1,4.50,136.47,1,S,3,W
24,129.42,143.55,1,S,1,E
28,134.78,148.92,1,S,1,E
243,79.58,166.34,5,W,5,N
244,82.82,166.64,5,W,5,N
245,88.16,166.94,5,W,5,N
246,88.89,167.24,5,W,5,N
247,91.31,167.54,5,W,5,N
248,94.50,167.84,5,W,5,N
249,100.57,168.14,5,W,5,N
250,103.12,168.44,5,W,5,N
251,106.23,168.74,5,W,5,N
252,173.12,179.25,5,W,5,N
326,123.10,180.34,5,E,5,N
205,46.45,200.10,3,W,5,W
207,55.77,200.40,3,W,5,W
0,0.72,200.70,1,S,5,W
3,8.70,201.00,1,S,5,W
18,116.05,201.10,1,S,1,W
7,25.12,201.30,1,S,5,W
90,48.69,201.60,1,W,5,W
137,16.64,201.90,1,E,5,W
138,45.32,202.20,1,E,5,W
140,69.95,202.50,1,E,5,W
23,127.31,202.60,1,S,2,E
93,74.30,204.40,1,W,2,E
174,21.54,222.24,2,W,5,N
175,45.00,222.54,2,W,5,N
176,58.39,222.84,2,W,5,N
2,6.38,223.14,1,S,5,N
4,19.50,223.44,1,S,5,N
9,32.28,223.74,1,S,5,N
89,3.52,224.04,1,W,5,N
139,55.26,224.34,1,E,5,N
210,110.85,225.53,3,W,5,E
224,143.27,231.07,3,E,5,N
208,106.55,231.07,3,W,5,N
225,169.53,231.30,3,E,5,N
226,173.33,235.10,3,E,5,N
95,145.29,241.07,1,W,3,W
253,215.91,266.24,5,W,5,N
254,218.56,266.54,5,W,5,N
255,220.34,266.84,5,W,5,N
256,223.83,267.14,5,W,5,N
257,239.52,267.44,5,W,5,N
258,242.46,267.74,5,W,5,N
259,245.40,268.04,5,W,5,N
260,273.12,279.25,5,W,5,N
327,229.33,280.24,5,E,5,N
328,233.87,280.54,5,E,5,N
209,108.24,300.00,3,W,5,W
177,128.29,300.30,2,W,5,W
193,125.17,300.60,2,E,5,W
15,106.92,300.90,1,S,5,W
22,123.69,301.20,1,S,5,W
39,240.38,301.50,1,S,1,W
27,131.42,301.50,1,S,5,W
34,231.01,301.80,1,S,2,E
40,244.30,301.80,1,S,1,W
96,162.45,301.80,1,W,5,W
141,103.49,302.10,1,E,5,W
142,105.50,302.40,1,E,5,W
144,162.43,302.70,1,E,5,W
145,166.55,303.00,1,E,5,W
178,198.50,316.90,2,W,5,E
19,117.73,317.80,1,S,5,E
12,37.12,322.14,1,S,5,N
13,40.56,322.44,1,S,5,N
14,44.96,322.74,1,S,5,N
16,113.08,323.34,1,S,5,N
17,113.78,323.64,1,S,5,N
20,118.18,324.24,1,S,5,N
21,122.60,324.54,1,S,5,N
25,130.11,324.84,1,S,5,N
26,130.20,325.14,1,S,5,N
91,69.32,325.44,1,W,5,N
92,72.55,325.74,1,W,5,N
94,124.82,326.04,1,W,5,N
97,164.64,326.34,1,W,5,N
143,106.43,326.64,1,E,5,N
211,235.37,330.87,3,W,5,N
33,230.84,337.57,1,S,3,W
100,197.91,339.97,1,W,3,W
150,282.72,344.91,1,E,3,E
227,292.82,354.59,3,E,5,N
261,274.17,366.14,5,W,5,N
262,276.75,366.44,5,W,5,N
263,280.12,366.74,5,W,5,N
264,293.63,367.04,5,W,5,N
265,293.71,367.34,5,W,5,N
266,295.35,367.64,5,W,5,N
267,333.18,367.94,5,W,5,N
268,337.26,368.24,5,W,5,N
269,341.95,368.54,5,W,5,N
270,343.41,368.84,5,W,5,N
271,347.10,369.14,5,W,5,N
329,368.66,380.14,5,E,5,N
194,201.18,399.90,2,E,5,W
195,294.73,400.20,2,E,5,W
30,225.59,400.50,1,S,5,W
31,226.63,400.80,1,S,5,W
37,234.66,401.10,1,S,5,W
38,234.80,401.40,1,S,5,W
104,323.00,401.60,1,W,2,W
102,252.46,401.70,1,W,5,W
44,320.36,401.90,1,S,1,W
146,204.16,402.00,1,E,5,W
148,247.41,402.30,1,E,5,W
50,397.34,411.48,1,S,1,W
52,402.08,416.22,1,S,1,E
151,289.05,418.90,1,E,5,E
29,142.64,422.04,1,S,5,N
179,249.90,422.34,2,W,5,N
32,230.24,422.64,1,S,5,N
35,233.05,422.94,1,S,5,N
36,233.60,423.24,1,S,5,N
98,174.73,423.54,1,W,5,N
99,196.06,423.84,1,W,5,N
101,200.90,424.14,1,W,5,N
147,208.61,424.44,1,E,5,N
149,250.11,424.74,1,E,5,N
152,296.11,425.34,1,E,5,N
212,374.55,436.32,3,W,5,N
46,322.99,437.07,1,S,3,E
154,357.24,439.47,1,E,3,W
49,397.22,441.42,1,S,2,E
272,377.77,466.04,5,W,5,N
273,378.44,466.34,5,W,5,N
274,378.62,466.64,5,W,5,N
275,391.97,466.94,5,W,5,N
276,395.56,467.24,5,W,5,N
277,399.28,467.54,5,W,5,N
278,461.25,467.84,5,W,5,N
279,462.67,468.81,5,W,5,N
280,465.58,471.71,5,W,5,N
281,469.92,476.06,5,W,5,N
41,247.80,499.80,1,S,5,W
105,323.02,500.10,1,W,5,W
53,402.62,500.20,1,S,3,W
106,325.09,500.40,1,W,5,W
111,406.92,501.40,1,W,2,W
54,490.30,504.43,1,S,1,W
55,490.98,505.12,1,S,1,W
197,403.17,512.97,2,E,3,W
42,249.20,521.94,1,S,5,N
43,252.59,522.24,1,S,5,N
180,322.29,522.54,2,W,5,N
196,324.53,522.84,2,E,5,N
45,321.60,523.14,1,S,5,N
103,289.41,523.44,1,W,5,N
107,328.80,523.74,1,W,5,N
108,332.18,524.04,1,W,5,N
153,303.98,524.34,1,E,5,N
228,405.43,530.47,3,E,5,N
229,469.47,531.24,3,E,5,N
110,376.12,537.17,1,W,3,W
282,476.32,565.94,5,W,5,N
283,492.66,566.24,5,W,5,N
284,493.38,566.54,5,W,5,N
285,513.88,566.84,5,W,5,N
286,544.87,567.14,5,W,5,N
287,548.95,567.44,5,W,5,N
288,563.99,570.13,5,W,5,N
289,565.35,571.49,5,W,5,N
330,501.15,579.94,5,E,5,N
57,495.13,599.40,1,S,3,W
155,396.92,599.70,1,E,5,W
230,471.80,600.00,3,E,5,W
109,375.11,600.30,1,W,5,W
112,425.06,600.60,1,W,5,W
114,450.69,600.90,1,W,5,W
156,417.04,601.20,1,E,5,W
63,510.05,601.80,1,S,2,W
65,515.90,602.70,1,S,1,W
68,572.25,603.00,1,S,1,W
331,596.87,603.01,5,E,5,N
199,565.33,613.07,2,E,3,E
182,557.60,613.37,2,W,3,W
48,395.61,616.00,1,S,5,E
198,484.29,616.60,2,E,5,E
47,385.43,621.84,1,S,5,N
51,398.31,622.44,1,S,5,N
113,427.61,623.04,1,W,5,N
157,434.60,623.34,1,E,5,N
158,469.28,623.64,1,E,5,N
213,505.45,630.27,3,W,5,N
231,543.65,630.27,3,E,5,N
160,516.35,641.17,1,E,3,W
69,632.93,647.06,1,S,1,E
290,606.03,665.84,5,W,5,N
291,631.32,666.14,5,W,5,N
292,651.43,666.44,5,W,5,N
293,655.32,666.74,5,W,5,N
294,668.01,674.15,5,W,5,N
295,669.46,675.59,5,W,5,N
296,671.67,677.81,5,W,5,N
332,619.21,679.84,5,E,5,N
333,622.41,680.14,5,E,5,N
116,521.20,699.60,1,W,5,W
117,522.70,699.90,1,W,5,W
118,525.01,700.20,1,W,5,W
119,531.03,700.50,1,W,5,W
120,558.48,700.80,1,W,5,W
161,523.19,701.10,1,E,5,W
162,540.24,701.40,1,E,5,W
59,502.62,716.20,1,S,5,E
60,505.85,716.80,1,S,5,E
56,491.60,721.74,1,S,5,N
58,496.98,722.04,1,S,5,N
181,514.05,722.64,2,W,5,N
61,507.60,723.24,1,S,5,N
62,508.86,723.54,1,S,5,N
64,513.07,723.84,1,S,5,N
66,518.40,724.14,1,S,5,N
67,522.23,724.44,1,S,5,N
115,490.47,724.74,1,W,5,N
159,512.72,725.04,1,E,5,N
233,641.72,730.37,3,E,5,N
215,665.86,730.37,3,W,5,N
216,675.82,737.59,3,W,5,N
123,632.92,738.27,1,W,3,W
297,676.29,765.74,5,W,5,N
298,678.65,766.04,5,W,5,N
299,683.16,766.34,5,W,5,N
300,686.03,766.64,5,W,5,N
301,689.53,766.94,5,W,5,N
302,715.54,767.24,5,W,5,N
303,720.76,767.54,5,W,5,N
304,722.14,767.84,5,W,5,N
305,723.20,768.14,5,W,5,N
306,737.91,768.44,5,W,5,N
307,741.46,768.74,5,W,5,N
308,769.09,775.23,5,W,5,N
334,729.97,779.74,5,E,5,N
335,741.65,780.04,5,E,5,N
336,782.79,788.92,5,E,5,N
337,783.46,789.60,5,E,5,N
72,648.51,798.70,1,S,3,W
74,653.67,799.30,1,S,3,W
232,638.56,799.50,3,E,5,W
214,624.06,799.80,3,W,5,W
217,691.37,800.10,3,W,5,W
200,646.20,800.40,2,E,5,W
201,674.36,800.70,2,E,5,W
71,637.07,801.00,1,S,5,W
163,609.33,801.30,1,E,5,W
80,765.64,803.50,1,S,1,W
165,686.18,804.00,1,E,5,W
183,614.27,821.64,2,W,5,N
184,688.12,821.94,2,W,5,N
70,635.37,822.24,1,S,5,N
121,590.80,822.54,1,W,5,N
122,593.73,822.84,1,W,5,N
164,677.28,823.14,1,E,5,N
166,692.61,823.44,1,E,5,N
218,724.64,829.87,3,W,5,N
234,740.57,829.87,3,E,5,N
235,771.12,832.89,3,E,5,N
309,778.46,865.64,5,W,5,N
310,794.96,865.94,5,W,5,N
311,798.47,866.24,5,W,5,N
312,828.58,866.54,5,W,5,N
313,831.03,866.84,5,W,5,N
314,833.33,867.14,5,W,5,N
315,849.96,867.44,5,W,5,N
316,851.11,867.74,5,W,5,N
317,854.31,868.04,5,W,5,N
318,857.13,868.34,5,W,5,N
319,870.61,876.74,5,W,5,N
338,886.58,892.71,5,E,5,N
219,740.57,899.40,3,W,5,W
81,766.22,899.70,1,S,3,W
220,770.22,899.70,3,W,5,W
186,763.17,900.00,2,W,5,W
87,867.06,903.90,1,S,1,W
88,869.34,904.20,1,S,1,W
73,651.68,921.54,1,S,5,N
75,656.23,921.84,1,S,5,N
202,732.76,922.14,2,E,5,N
185,702.49,922.44,2,W,5,N
203,773.12,922.74,2,E,5,N
124,676.58,923.04,1,W,5,N
125,695.05,923.34,1,W,5,N
126,737.82,923.64,1,W,5,N
167,714.17,923.94,1,E,5,N
168,793.71,924.24,1,E,5,N
169,795.85,924.54,1,E,5,N
132,811.60,938.77,1,W,3,E
236,878.56,940.33,3,E,5,N
221,881.30,943.07,3,W,5,N
320,873.91,965.54,5,W,5,N
321,874.21,965.84,5,W,5,N
322,879.31,966.14,5,W,5,N
323,883.87,966.44,5,W,5,N
324,887.50,966.74,5,W,5,N
78,765.08,999.30,1,S,5,W
79,765.41,999.60,1,S,5,W
204,856.43,999.90,2,E,5,W
129,789.24,1000.20,1,W,5,W
133,830.80,1000.50,1,W,5,W
172,833.95,1000.80,1,E,5,W
76,741.35,1021.44,1,S,5,N
77,757.26,1021.74,1,S,5,N
187,812.77,1022.04,2,W,5,N
188,836.93,1022.34,2,W,5,N
189,863.29,1022.64,2,W,5,N
190,885.79,1022.94,2,W,5,N
191,898.22,1023.24,2,W,5,N
127,783.13,1023.54,1,W,5,N
128,789.23,1023.84,1,W,5,N
130,807.39,1024.14,1,W,5,N
131,811.12,1024.44,1,W,5,N
134,833.04,1024.74,1,W,5,N
135,865.33,1025.04,1,W,5,N
170,817.28,1025.34,1,E,5,N
171,830.71,1025.64,1,E,5,N
173,877.42,1025.94,1,E,5,N
86,865.64,1099.20,1,S,5,W
82,862.20,1121.34,1,S,5,N
83,864.28,1121.64,1,S,5,N
84,864.74,1121.94,1,S,5,N
85,865.51,1122.24,1,S,5,N
136,871.93,1122.54,1,W,5,N