id,enter_time,exit_time,entrance_intersection,entrance_direction,exit_intersection,exit_direction
245,5.28,66.44,5,W,5,N
246,8.99,66.74,5,W,5,N
247,11.90,67.04,5,W,5,N
248,14.71,67.34,5,W,5,N
336,4.91,80.44,5,E,5,N
337,16.66,80.74,5,E,5,N
338,19.11,81.04,5,E,5,N
339,20.08,81.34,5,E,5,N
340,30.70,81.64,5,E,5,N
341,45.78,81.94,5,E,5,N
342,49.51,82.24,5,E,5,N
1,4.64,100.70,1,S,1,W
2,4.87,101.00,1,S,1,W
96,17.41,102.50,1,W,2,W
98,38.33,103.10,1,W,2,W
6,93.83,107.96,1,S,1,W
216,43.29,125.43,3,W,5,E
215,4.66,131.27,3,W,5,N
100,42.37,139.77,1,W,3,W
249,74.17,166.34,5,W,5,N
250,96.07,166.64,5,W,5,N
251,96.76,166.94,5,W,5,N
252,136.17,167.24,5,W,5,N
253,136.18,167.54,5,W,5,N
254,154.68,167.84,5,W,5,N
255,170.52,176.66,5,W,5,N
343,158.85,180.34,5,E,5,N
344,174.35,180.48,5,E,5,N
3,8.74,200.10,1,S,5,W
91,3.50,200.40,1,W,5,W
93,9.50,200.70,1,W,5,W
101,45.87,201.00,1,W,5,W
8,97.20,201.10,1,S,1,W
103,63.05,201.30,1,W,5,W
13,115.12,201.40,1,S,1,W
16,131.76,201.70,1,S,1,W
17,133.91,202.00,1,S,1,W
23,149.79,202.30,1,S,1,W
0,3.73,222.24,1,S,5,N
187,23.18,222.54,2,W,5,N
202,50.62,222.84,2,E,5,N
203,81.16,223.14,2,E,5,N
4,19.01,223.44,1,S,5,N
92,5.92,223.74,1,W,5,N
94,11.86,224.04,1,W,5,N
95,13.92,224.34,1,W,5,N
97,35.78,224.64,1,W,5,N
99,40.34,224.94,1,W,5,N
102,49.51,225.24,1,W,5,N
159,3.09,225.54,1,E,5,N
160,30.24,225.84,1,E,5,N
228,114.75,231.07,3,E,5,N
229,140.16,231.37,3,E,5,N
161,149.66,240.17,1,E,3,W
217,188.81,250.58,3,W,5,N
256,173.42,266.24,5,W,5,N
257,260.71,266.84,5,W,5,N
258,263.29,269.42,5,W,5,N
259,264.97,271.11,5,W,5,N
260,265.93,272.07,5,W,5,N
261,268.86,275.00,5,W,5,N
230,143.00,300.00,3,E,5,W
231,145.97,300.30,3,E,5,W
204,165.30,300.60,2,E,5,W
11,109.39,300.90,1,S,5,W
12,112.85,301.20,1,S,5,W
25,212.78,301.50,1,S,1,W
14,122.90,301.50,1,S,5,W
26,215.56,301.80,1,S,1,W
19,134.44,301.80,1,S,5,W
27,219.35,302.10,1,S,1,W
105,97.32,302.10,1,W,5,W
106,99.81,302.40,1,W,5,W
108,147.46,302.70,1,W,5,W
5,89.89,322.14,1,S,5,N
7,96.91,322.44,1,S,5,N
9,102.78,322.74,1,S,5,N
188,103.01,323.04,2,W,5,N
205,199.58,323.34,2,E,5,N
10,106.47,323.64,1,S,5,N
15,126.26,323.94,1,S,5,N
18,134.07,324.24,1,S,5,N
104,93.65,324.54,1,W,5,N
107,144.50,324.84,1,W,5,N
162,151.83,325.14,1,E,5,N
233,231.20,331.17,3,E,5,N
234,233.54,331.47,3,E,5,N
165,223.74,338.47,1,E,3,W
31,290.00,341.32,1,S,2,W
262,274.13,366.14,5,W,5,N
263,349.01,366.44,5,W,5,N
345,305.17,380.14,5,E,5,N
346,308.91,380.44,5,E,5,N
347,344.57,380.74,5,E,5,N
348,345.38,381.04,5,E,5,N
349,357.32,381.34,5,E,5,N
218,241.00,399.90,3,W,5,W
232,227.96,400.20,3,E,5,W
32,291.57,400.40,1,S,3,W
22,144.18,400.50,1,S,5,W
350,394.51,400.65,5,E,5,N
24,151.00,400.80,1,S,5,W
189,256.53,401.10,2,W,5,W
206,289.85,401.40,2,E,5,W
109,172.77,401.70,1,W,5,W
47,336.98,401.90,1,S,1,W
111,223.35,402.00,1,W,5,W
163,206.64,402.30,1,E,5,W
166,235.10,402.60,1,E,5,W
351,398.19,404.33,5,E,5,N
167,243.57,417.70,1,E,5,E
20,137.60,422.04,1,S,5,N
21,141.74,422.34,1,S,5,N
190,299.15,422.64,2,W,5,N
110,179.63,422.94,1,W,5,N
112,227.14,423.24,1,W,5,N
164,218.59,423.54,1,E,5,N
168,275.97,424.14,1,E,5,N
219,354.88,430.67,3,W,5,N
235,351.08,430.67,3,E,5,N
45,329.77,438.27,1,S,3,E
48,338.09,438.87,1,S,3,E
264,374.51,466.04,5,W,5,N
265,378.00,466.34,5,W,5,N
266,441.70,466.64,5,W,5,N
267,458.63,466.94,5,W,5,N
268,460.38,467.24,5,W,5,N
269,464.34,470.48,5,W,5,N
352,434.74,480.04,5,E,5,N
353,436.18,480.34,5,E,5,N
354,467.29,480.64,5,E,5,N
236,365.39,499.80,3,E,5,W
28,281.62,500.10,1,S,5,W
29,284.60,500.40,1,S,5,W
30,287.15,500.70,1,S,5,W
34,294.95,501.00,1,S,5,W
123,391.93,501.10,1,W,2,W
35,295.26,501.30,1,S,5,W
36,295.81,501.60,1,S,5,W
125,401.85,501.70,1,W,2,E
39,303.67,501.90,1,S,5,W
207,346.71,502.20,2,E,5,W
50,433.97,502.30,1,S,1,W
40,305.58,502.50,1,S,5,W
51,479.11,502.60,1,S,1,W
128,461.91,502.60,1,W,2,W
42,310.30,502.80,1,S,5,W
43,311.68,503.10,1,S,5,W
115,296.51,503.40,1,W,5,W
169,305.11,503.70,1,E,5,W
194,411.25,513.27,2,W,3,W
195,415.77,513.57,2,W,3,E
44,321.90,517.60,1,S,5,E
46,332.05,517.90,1,S,5,E
113,274.67,518.20,1,W,5,E
114,294.28,518.50,1,W,5,E
33,294.60,521.94,1,S,5,N
37,298.72,522.24,1,S,5,N
38,301.69,522.54,1,S,5,N
191,328.40,522.84,2,W,5,N
192,351.01,523.14,2,W,5,N
41,308.38,523.44,1,S,5,N
116,298.77,524.94,1,W,5,N
117,301.89,525.24,1,W,5,N
209,489.38,525.45,2,E,3,W
118,302.15,525.54,1,W,5,N
119,321.20,525.84,1,W,5,N
120,343.03,526.14,1,W,5,N
121,359.00,526.44,1,W,5,N
170,306.80,526.74,1,E,5,N
171,345.54,527.04,1,E,5,N
220,479.25,541.02,3,W,5,N
221,492.87,554.64,3,W,5,N
270,481.82,565.94,5,W,5,N
271,527.75,566.24,5,W,5,N
272,533.32,566.54,5,W,5,N
273,567.45,573.58,5,W,5,N
274,571.30,577.44,5,W,5,N
355,513.24,579.94,5,E,5,N
356,513.74,580.24,5,E,5,N
357,514.79,580.54,5,E,5,N
358,516.19,580.84,5,E,5,N
359,516.90,581.14,5,E,5,N
52,480.51,599.10,1,S,3,W
53,482.24,599.40,1,S,3,W
237,470.52,599.70,3,E,5,W
193,410.47,600.00,2,W,5,W
208,403.07,600.30,2,E,5,W
122,389.53,600.60,1,W,5,W
172,409.33,600.90,1,E,5,W
173,461.63,601.20,1,E,5,W
61,589.09,603.22,1,S,1,W
197,512.12,613.07,2,W,3,E
60,586.44,616.70,1,S,1,E
62,590.84,617.00,1,S,1,E
210,585.24,621.32,2,E,3,W
49,341.51,621.84,1,S,5,N
196,438.00,622.14,2,W,5,N
124,398.70,622.44,1,W,5,N
126,443.53,622.74,1,W,5,N
127,459.02,623.04,1,W,5,N
222,543.82,630.27,3,W,5,N
223,548.34,630.57,3,W,5,N
132,539.40,637.87,1,W,3,E
176,552.35,639.97,1,E,3,E
275,586.64,665.84,5,W,5,N
276,587.09,666.14,5,W,5,N
277,591.38,666.44,5,W,5,N
278,594.30,666.74,5,W,5,N
279,596.97,667.04,5,W,5,N
280,602.90,667.34,5,W,5,N
281,608.21,667.64,5,W,5,N
282,611.91,667.94,5,W,5,N
283,615.64,668.24,5,W,5,N
284,618.29,668.54,5,W,5,N
285,621.33,668.84,5,W,5,N
286,653.93,669.14,5,W,5,N
287,664.57,670.70,5,W,5,N
288,664.78,670.92,5,W,5,N
360,608.55,679.84,5,E,5,N
361,616.63,680.14,5,E,5,N
238,566.10,699.60,3,E,5,W
55,487.88,699.90,1,S,5,W
198,574.79,700.20,2,W,5,W
130,490.50,700.50,1,W,5,W
131,533.24,700.80,1,W,5,W
177,558.83,701.10,1,E,5,W
179,566.05,701.40,1,E,5,W
64,600.21,703.10,1,S,1,W
66,608.42,703.40,1,S,1,W
67,608.75,703.70,1,S,1,W
68,615.93,704.00,1,S,1,W
362,697.98,704.11,5,E,5,N
69,661.14,704.30,1,S,1,W
79,688.21,704.60,1,S,1,W
81,694.27,708.41,1,S,1,W
74,671.87,717.10,1,S,1,E
54,486.66,721.74,1,S,5,N
199,598.82,722.04,2,W,5,N
129,485.35,722.34,1,W,5,N
133,542.53,722.64,1,W,5,N
134,548.93,722.94,1,W,5,N
135,551.59,723.24,1,W,5,N
136,555.07,723.54,1,W,5,N
174,511.97,723.84,1,E,5,N
175,541.10,724.14,1,E,5,N
178,565.64,724.44,1,E,5,N
180,573.25,724.74,1,E,5,N
224,602.22,730.07,3,W,5,N
239,645.04,730.07,3,E,5,N
225,652.07,730.37,3,W,5,N
240,658.29,730.37,3,E,5,N
226,677.78,739.55,3,W,5,N
76,679.02,743.82,1,S,2,W
289,677.06,765.74,5,W,5,N
290,690.38,766.04,5,W,5,N
291,692.05,766.34,5,W,5,N
292,694.37,766.64,5,W,5,N
293,697.37,766.94,5,W,5,N
294,699.33,767.24,5,W,5,N
295,703.62,767.54,5,W,5,N
296,715.83,767.84,5,W,5,N
297,718.53,768.14,5,W,5,N
298,721.16,768.44,5,W,5,N
299,723.32,768.74,5,W,5,N
300,725.12,769.04,5,W,5,N
301,727.49,769.34,5,W,5,N
302,730.72,769.64,5,W,5,N
303,732.73,769.94,5,W,5,N
304,735.46,770.24,5,W,5,N
305,737.67,770.54,5,W,5,N
306,741.47,770.84,5,W,5,N
307,754.59,771.14,5,W,5,N
308,756.23,771.44,5,W,5,N
363,709.11,779.74,5,E,5,N
364,710.39,780.04,5,E,5,N
365,767.38,780.34,5,E,5,N
366,777.75,783.88,5,E,5,N
367,780.18,786.31,5,E,5,N
368,784.08,790.22,5,E,5,N
369,787.39,793.53,5,E,5,N
370,793.11,799.25,5,E,5,N
56,572.86,799.50,1,S,5,W
59,584.74,799.80,1,S,5,W
63,597.79,800.10,1,S,5,W
211,682.93,800.40,2,E,5,W
137,598.81,800.70,1,W,5,W
138,612.37,801.00,1,W,5,W
143,659.39,801.30,1,W,5,W
57,579.81,821.64,1,S,5,N
58,581.77,821.94,1,S,5,N
200,675.61,822.24,2,W,5,N
65,605.69,822.54,1,S,5,N
139,616.32,822.84,1,W,5,N
140,618.57,823.14,1,W,5,N
141,636.33,823.44,1,W,5,N
241,764.95,823.73,3,E,5,E
142,638.35,823.74,1,W,5,N
181,667.54,824.04,1,E,5,N
182,680.78,824.34,1,E,5,N
183,694.31,824.64,1,E,5,N
86,746.61,843.02,1,S,2,W
242,783.22,844.99,3,E,5,N
243,785.49,847.26,3,E,5,N
309,777.91,865.64,5,W,5,N
310,781.91,865.94,5,W,5,N
311,783.38,866.24,5,W,5,N
312,784.21,866.54,5,W,5,N
313,809.35,866.84,5,W,5,N
314,812.60,867.14,5,W,5,N
315,815.31,867.44,5,W,5,N
316,818.89,867.74,5,W,5,N
317,821.54,868.04,5,W,5,N
318,824.48,868.34,5,W,5,N
319,838.27,868.64,5,W,5,N
320,840.81,868.94,5,W,5,N
321,842.69,869.24,5,W,5,N
322,844.08,869.54,5,W,5,N
323,847.58,869.84,5,W,5,N
324,850.82,870.14,5,W,5,N
325,853.04,870.44,5,W,5,N
326,854.87,870.74,5,W,5,N
327,858.01,871.04,5,W,5,N
328,860.06,871.34,5,W,5,N
329,863.76,871.64,5,W,5,N
330,864.86,871.94,5,W,5,N
331,869.19,875.33,5,W,5,N
371,803.50,879.64,5,E,5,N
372,806.98,879.94,5,E,5,N
373,810.00,880.24,5,E,5,N
374,811.22,880.54,5,E,5,N
375,825.71,880.84,5,E,5,N
376,829.55,881.14,5,E,5,N
72,668.18,899.40,1,S,5,W
73,668.83,899.70,1,S,5,W
75,676.97,900.00,1,S,5,W
77,679.73,900.30,1,S,5,W
78,684.71,900.60,1,S,5,W
145,689.87,900.90,1,W,5,W
148,698.50,901.20,1,W,5,W
151,707.61,901.50,1,W,5,W
184,765.24,901.80,1,E,5,W
87,811.48,903.90,1,S,1,W
70,663.56,921.54,1,S,5,N
71,666.88,921.84,1,S,5,N
80,688.52,922.14,1,S,5,N
82,695.31,922.44,1,S,5,N
83,697.48,922.74,1,S,5,N
212,766.04,923.04,2,E,5,N
144,677.67,923.34,1,W,5,N
146,695.07,923.64,1,W,5,N
147,697.09,923.94,1,W,5,N
149,703.18,924.24,1,W,5,N
150,705.12,924.54,1,W,5,N
152,741.12,924.84,1,W,5,N
153,744.07,925.14,1,W,5,N
227,820.89,929.67,3,W,5,N
244,854.31,929.67,3,E,5,N
332,873.16,965.54,5,W,5,N
333,873.81,965.84,5,W,5,N
334,876.41,966.14,5,W,5,N
335,876.46,966.44,5,W,5,N
85,745.16,999.30,1,S,5,W
157,854.23,999.60,1,W,5,W
201,873.52,1015.60,2,W,5,E
84,742.21,1021.44,1,S,5,N
213,852.53,1022.04,2,E,5,N
214,890.88,1022.34,2,E,5,N
88,814.07,1022.64,1,S,5,N
89,817.76,1022.94,1,S,5,N
90,819.68,1023.24,1,S,5,N
154,777.75,1023.54,1,W,5,N
155,781.71,1023.84,1,W,5,N
156,802.94,1024.14,1,W,5,N
185,847.91,1024.44,1,E,5,N
186,879.61,1024.74,1,E,5,N
158,898.09,1121.34,1,W,5,N