id,enter_time,exit_time,entrance_intersection,entrance_direction,exit_intersection,exit_direction
279,37.36,43.50,5,W,5,N
280,42.21,48.35,5,W,5,N
281,44.26,50.39,5,W,5,N
282,46.37,52.50,5,W,5,N
283,46.54,52.68,5,W,5,N
258,2.33,75.33,3,E,5,W
2,62.57,100.70,1,S,1,W
10,80.42,101.00,1,S,1,W
5,67.26,140.82,1,S,2,W
284,48.59,141.44,5,W,5,N
285,69.61,141.74,5,W,5,N
286,70.85,142.04,5,W,5,N
287,101.19,142.34,5,W,5,N
288,104.08,142.64,5,W,5,N
289,106.39,142.94,5,W,5,N
290,121.31,143.24,5,W,5,N
291,125.51,143.54,5,W,5,N
219,90.35,150.70,2,W,3,E
332,99.44,155.44,5,E,5,N
333,120.11,155.74,5,E,5,N
190,10.98,162.67,1,E,3,E
0,57.89,175.69,1,S,3,E
261,98.34,175.73,3,E,5,W
259,83.48,197.34,3,E,5,N
260,94.48,197.64,3,E,5,N
13,151.02,201.10,1,S,1,W
18,163.99,201.40,1,S,1,W
21,168.51,201.70,1,S,1,W
246,146.19,207.96,3,W,5,N
218,64.36,212.17,2,W,5,N
127,43.04,223.24,1,W,5,N
128,45.51,223.54,1,W,5,N
129,51.51,223.84,1,W,5,N
191,45.78,224.74,1,E,5,N
17,161.73,240.92,1,S,2,W
292,203.04,241.34,5,W,5,N
293,205.90,241.64,5,W,5,N
294,208.20,241.94,5,W,5,N
295,208.51,242.24,5,W,5,N
296,220.28,242.54,5,W,5,N
297,223.08,242.84,5,W,5,N
334,225.44,255.34,5,E,5,N
234,94.87,275.10,2,E,5,W
220,92.78,275.40,2,W,5,W
189,4.02,275.70,1,E,5,W
4,65.14,276.00,1,S,5,W
7,74.04,276.30,1,S,5,W
8,75.46,276.60,1,S,5,W
24,174.60,278.49,1,S,3,W
1,61.85,291.10,1,S,5,E
9,76.70,292.00,1,S,5,E
12,83.32,292.60,1,S,5,E
3,65.13,297.54,1,S,5,N
6,70.33,297.84,1,S,5,N
11,80.76,298.44,1,S,5,N
247,157.65,299.04,3,W,5,N
262,193.01,299.34,3,E,5,N
248,175.43,299.64,3,W,5,N
36,266.83,301.50,1,S,1,W
42,279.94,301.80,1,S,1,W
44,280.74,302.10,1,S,1,W
235,182.01,311.67,2,E,5,N
222,164.84,312.27,2,W,5,N
223,212.12,312.57,2,W,5,N
131,128.16,317.51,1,W,5,E
133,137.53,318.11,1,W,5,E
130,78.37,323.34,1,W,5,N
132,136.08,323.94,1,W,5,N
134,158.69,324.54,1,W,5,N
193,117.32,325.14,1,E,5,N
135,180.65,325.60,1,W,2,E
139,234.04,326.80,1,W,2,W
298,322.44,341.24,5,W,5,N
33,258.02,342.82,1,S,2,W
41,278.03,344.92,1,S,2,W
43,280.30,345.22,1,S,2,W
47,284.89,346.12,1,S,2,W
335,283.88,355.24,5,E,5,N
336,325.28,355.54,5,E,5,N
221,140.32,375.00,2,W,5,W
192,113.72,375.30,1,E,5,W
15,155.00,375.60,1,S,5,W
20,168.06,375.90,1,S,5,W
23,173.71,376.20,1,S,5,W
27,247.51,377.09,1,S,3,W
28,249.89,377.39,1,S,3,W
35,262.32,379.49,1,S,3,E
249,277.30,392.20,3,W,5,E
14,154.32,397.14,1,S,5,N
16,157.82,397.44,1,S,5,N
19,167.23,397.74,1,S,5,N
22,171.40,398.04,1,S,5,N
263,295.98,398.64,3,E,5,N
56,302.29,401.90,1,S,1,W
61,366.35,402.20,1,S,1,W
69,390.82,404.96,1,S,1,W
71,396.36,410.50,1,S,1,W
236,247.74,411.47,2,E,5,N
237,305.52,411.77,2,E,5,N
197,258.09,420.01,1,E,5,E
136,204.11,423.74,1,W,5,N
137,226.32,424.04,1,W,5,N
138,228.44,424.34,1,W,5,N
194,216.47,425.24,1,E,5,N
195,219.48,425.54,1,E,5,N
141,266.03,425.70,1,W,2,W
196,241.30,425.84,1,E,5,N
145,286.21,426.90,1,W,2,W
200,278.78,427.04,1,E,5,N
58,362.74,440.82,1,S,2,W
299,352.76,441.14,5,W,5,N
300,356.34,441.44,5,W,5,N
301,360.77,441.74,5,W,5,N
302,363.30,442.04,5,W,5,N
303,382.71,442.34,5,W,5,N
304,386.74,442.64,5,W,5,N
305,390.72,442.94,5,W,5,N
306,393.08,443.24,5,W,5,N
307,394.33,443.54,5,W,5,N
308,422.04,443.84,5,W,5,N
309,439.61,445.75,5,W,5,N
310,443.41,449.55,5,W,5,N
337,433.79,455.14,5,E,5,N
338,455.93,462.06,5,E,5,N
151,349.13,464.77,1,W,3,E
203,315.00,466.57,1,E,3,E
207,398.71,467.77,1,E,3,W
140,250.03,474.90,1,W,5,W
198,260.28,475.20,1,E,5,W
199,265.03,475.50,1,E,5,W
25,242.47,475.80,1,S,5,W
49,285.77,476.10,1,S,5,W
53,296.35,476.40,1,S,5,W
264,363.21,476.70,3,E,5,W
32,256.70,492.10,1,S,5,E
37,269.41,492.70,1,S,5,E
57,302.50,496.30,1,S,5,E
26,247.28,497.04,1,S,5,N
29,251.99,497.34,1,S,5,N
30,255.37,497.64,1,S,5,N
31,256.48,497.94,1,S,5,N
34,259.21,498.54,1,S,5,N
38,270.48,499.14,1,S,5,N
39,273.70,499.44,1,S,5,N
40,275.92,499.74,1,S,5,N
45,282.44,500.04,1,S,5,N
46,283.09,500.34,1,S,5,N
48,285.60,500.64,1,S,5,N
50,288.32,500.94,1,S,5,N
51,292.42,501.24,1,S,5,N
52,293.33,501.54,1,S,5,N
54,296.83,501.84,1,S,5,N
55,298.72,502.14,1,S,5,N
73,472.22,502.30,1,S,1,W
77,482.85,502.60,1,S,1,W
250,394.13,502.74,3,W,5,N
251,411.34,503.04,3,W,5,N
224,391.84,511.27,2,W,5,N
225,418.66,516.51,2,W,5,N
226,422.19,520.03,2,W,5,N
86,506.97,521.11,1,S,1,E
142,271.99,523.84,1,W,5,N
143,272.82,524.14,1,W,5,N
144,284.92,524.44,1,W,5,N
146,293.96,525.04,1,W,5,N
147,300.63,525.34,1,W,5,N
150,316.73,526.24,1,W,5,N
152,356.82,526.84,1,W,5,N
154,361.45,527.44,1,W,5,N
201,306.42,527.74,1,E,5,N
202,307.75,528.04,1,E,5,N
204,339.13,528.64,1,E,5,N
205,355.58,528.94,1,E,5,N
311,458.36,541.04,5,W,5,N
312,459.12,541.34,5,W,5,N
313,488.35,541.64,5,W,5,N
75,475.71,541.82,1,S,2,E
314,492.22,541.94,5,W,5,N
315,504.34,542.24,5,W,5,N
316,532.67,542.54,5,W,5,N
83,501.25,543.92,1,S,2,W
339,556.76,562.89,5,E,5,N
238,403.87,574.80,2,E,5,W
148,307.26,575.10,1,W,5,W
149,315.09,575.40,1,W,5,W
153,359.43,575.70,1,W,5,W
206,358.73,576.00,1,E,5,W
62,374.67,576.30,1,S,5,W
64,381.50,576.60,1,S,5,W
68,390.31,576.90,1,S,5,W
265,473.64,577.20,3,E,5,W
59,363.99,590.80,1,S,5,E
60,365.82,591.10,1,S,5,E
70,391.34,592.60,1,S,5,E
266,496.38,593.20,3,E,5,E
63,380.60,597.54,1,S,5,N
65,385.06,597.84,1,S,5,N
66,387.18,598.14,1,S,5,N
67,388.93,598.44,1,S,5,N
252,461.40,599.04,3,W,5,N
84,502.50,602.70,1,S,1,W
227,474.72,611.07,2,W,5,N
239,429.51,611.37,2,E,5,N
240,498.74,611.67,2,E,5,N
88,607.63,621.77,1,S,1,E
156,371.03,623.94,1,W,5,N
158,405.73,624.54,1,W,5,N
159,427.23,624.84,1,W,5,N
160,459.02,625.14,1,W,5,N
165,552.90,626.80,1,W,2,W
317,549.79,640.94,5,W,5,N
318,611.19,641.24,5,W,5,N
319,611.83,641.54,5,W,5,N
320,614.10,641.84,5,W,5,N
321,617.16,642.14,5,W,5,N
230,591.33,649.70,2,W,3,W
340,584.68,654.94,5,E,5,N
341,628.63,655.24,5,E,5,N
164,549.26,662.57,1,W,3,E
342,667.54,673.68,5,E,5,N
228,502.86,674.70,2,W,5,W
155,367.38,675.00,1,W,5,W
157,403.27,675.30,1,W,5,W
161,461.83,675.60,1,W,5,W
268,587.52,675.90,3,E,5,W
254,607.05,676.20,3,W,5,W
269,598.24,676.50,3,E,5,W
81,492.51,692.50,1,S,5,E
72,472.09,696.84,1,S,5,N
74,472.80,697.14,1,S,5,N
76,478.99,697.44,1,S,5,N
78,484.69,697.74,1,S,5,N
79,487.40,698.04,1,S,5,N
80,491.15,698.34,1,S,5,N
82,500.29,698.94,1,S,5,N
85,504.32,699.24,1,S,5,N
87,509.39,699.54,1,S,5,N
267,572.31,699.84,3,E,5,N
253,579.29,700.14,3,W,5,N
255,629.73,700.44,3,W,5,N
92,616.07,703.10,1,S,1,W
93,618.10,703.40,1,S,1,W
241,587.86,710.87,2,E,5,N
229,530.59,711.17,2,W,5,N
162,501.31,723.74,1,W,5,N
163,542.98,724.04,1,W,5,N
166,559.79,724.94,1,W,5,N
167,564.43,725.24,1,W,5,N
209,512.43,725.84,1,E,5,N
322,650.05,740.84,5,W,5,N
323,684.40,741.14,5,W,5,N
324,741.82,747.95,5,W,5,N
343,685.76,754.84,5,E,5,N
344,702.71,755.14,5,E,5,N
208,503.41,774.60,1,E,5,W
210,566.47,774.90,1,E,5,W
89,610.56,796.74,1,S,5,N
90,611.47,797.04,1,S,5,N
91,614.16,797.34,1,S,5,N
94,620.79,797.64,1,S,5,N
270,696.01,797.94,3,E,5,N
256,745.00,800.63,3,W,5,E
98,748.01,803.50,1,S,1,W
103,758.71,803.80,1,S,1,W
110,774.37,804.10,1,S,1,W
116,798.83,812.96,1,S,1,W
113,780.51,820.50,1,S,1,E
169,617.99,824.14,1,W,5,N
170,622.96,824.44,1,W,5,N
171,666.49,824.74,1,W,5,N
211,619.60,825.04,1,E,5,N
212,630.70,825.34,1,E,5,N
213,649.30,825.64,1,E,5,N
214,661.89,825.94,1,E,5,N
325,756.19,840.74,5,W,5,N
326,759.25,841.04,5,W,5,N
327,802.54,841.34,5,W,5,N
328,818.03,841.64,5,W,5,N
345,839.91,854.74,5,E,5,N
216,733.19,864.27,1,E,3,E
242,652.86,874.50,2,E,5,W
168,580.35,874.80,1,W,5,W
215,664.35,875.10,1,E,5,W
96,742.14,878.49,1,S,3,W
272,823.67,879.31,3,E,5,W
274,830.59,886.22,3,E,5,W
95,688.74,896.64,1,S,5,N
271,807.53,896.94,3,E,5,N
273,826.71,897.24,3,E,5,N
122,846.51,903.90,1,S,1,W
126,859.93,904.20,1,S,1,W
243,745.70,910.47,2,E,5,N
231,746.51,910.77,2,W,5,N
244,797.34,911.07,2,E,5,N
232,800.97,911.37,2,W,5,N
125,857.27,918.50,1,S,1,E
172,668.50,923.94,1,W,5,N
173,669.92,924.24,1,W,5,N
175,704.80,924.84,1,W,5,N
176,735.58,925.14,1,W,5,N
217,795.45,926.34,1,E,5,N
329,878.71,940.64,5,W,5,N
330,882.48,940.94,5,W,5,N
331,887.57,941.24,5,W,5,N
346,895.86,954.64,5,E,5,N
174,700.96,974.40,1,W,5,W
177,738.73,974.70,1,W,5,W
178,759.47,975.00,1,W,5,W
105,761.79,975.30,1,S,5,W
107,766.20,975.60,1,S,5,W
108,766.69,975.90,1,S,5,W
111,775.17,976.20,1,S,5,W
114,784.12,976.50,1,S,5,W
115,788.23,976.80,1,S,5,W
275,855.31,977.10,3,E,5,W
276,878.77,977.40,3,E,5,W
277,880.99,977.70,3,E,5,W
124,853.85,980.39,1,S,3,E
257,856.69,993.40,3,W,5,E
97,742.54,996.54,1,S,5,N
99,750.20,996.84,1,S,5,N
100,750.96,997.14,1,S,5,N
101,752.97,997.44,1,S,5,N
102,755.39,997.74,1,S,5,N
104,760.96,998.04,1,S,5,N
106,762.41,998.34,1,S,5,N
109,771.71,998.64,1,S,5,N
112,777.44,998.94,1,S,5,N
117,800.05,999.24,1,S,5,N
278,883.79,999.84,3,E,5,N
245,884.57,1010.27,2,E,5,N
233,855.02,1010.57,2,W,5,N
179,802.86,1024.04,1,W,5,N
180,805.79,1024.34,1,W,5,N
181,807.02,1024.64,1,W,5,N
183,813.08,1025.24,1,W,5,N
184,814.19,1025.54,1,W,5,N
182,810.72,1074.30,1,W,5,W
185,816.62,1074.60,1,W,5,W
186,846.29,1074.90,1,W,5,W
123,850.70,1075.20,1,S,5,W
118,840.50,1096.44,1,S,5,N
119,843.72,1096.74,1,S,5,N
120,844.16,1097.04,1,S,5,N
121,844.33,1097.34,1,S,5,N
187,880.41,1124.14,1,W,5,N
188,886.78,1124.44,1,W,5,N