id,enter_time,exit_time,entrance_intersection,entrance_direction,exit_intersection,exit_direction
0,2.42,16.56,1,S,1,E
245,1.63,66.44,5,W,5,N
246,6.34,66.74,5,W,5,N
247,24.64,67.04,5,W,5,N
248,27.04,67.34,5,W,5,N
249,51.12,67.64,5,W,5,N
250,53.26,67.94,5,W,5,N
251,55.30,68.24,5,W,5,N
252,63.32,69.45,5,W,5,N
339,47.62,80.44,5,E,5,N
138,6.10,100.70,1,E,2,W
226,3.09,131.27,3,E,5,N
211,6.59,131.27,3,W,5,N
212,10.40,131.57,3,W,5,N
214,36.65,132.17,3,W,5,N
227,72.20,133.97,3,E,5,N
228,82.43,144.20,3,E,5,N
253,79.82,166.34,5,W,5,N
254,90.53,166.64,5,W,5,N
255,92.87,166.94,5,W,5,N
256,98.07,167.24,5,W,5,N
257,100.50,167.54,5,W,5,N
258,106.23,167.84,5,W,5,N
259,106.45,168.14,5,W,5,N
260,108.12,168.44,5,W,5,N
261,109.67,168.74,5,W,5,N
262,113.67,169.04,5,W,5,N
263,117.62,169.34,5,W,5,N
264,118.35,169.64,5,W,5,N
265,121.55,169.94,5,W,5,N
266,127.07,170.24,5,W,5,N
267,132.87,170.54,5,W,5,N
268,135.16,170.84,5,W,5,N
269,137.26,171.14,5,W,5,N
270,141.47,171.44,5,W,5,N
271,145.85,171.74,5,W,5,N
272,149.71,172.04,5,W,5,N
273,154.48,172.34,5,W,5,N
340,133.69,180.34,5,E,5,N
341,142.85,180.64,5,E,5,N
213,28.92,200.10,3,W,5,W
215,47.39,200.40,3,W,5,W
216,95.58,200.70,3,W,5,W
179,68.01,201.00,2,W,5,W
6,175.27,201.10,1,S,1,W
141,62.27,201.30,1,E,5,W
8,193.43,207.56,1,S,1,W
10,199.24,215.40,1,S,1,E
178,43.40,222.24,2,W,5,N
180,76.37,222.54,2,W,5,N
200,90.41,222.84,2,E,5,N
64,41.78,223.14,1,W,5,N
139,10.25,223.44,1,E,5,N
140,41.79,223.74,1,E,5,N
16,211.96,226.09,1,S,1,E
229,159.94,231.07,3,E,5,N
230,161.99,231.37,3,E,5,N
231,165.64,231.67,3,E,5,N
274,182.28,266.24,5,W,5,N
275,194.53,266.54,5,W,5,N
276,194.56,266.84,5,W,5,N
277,199.77,267.14,5,W,5,N
278,225.83,267.44,5,W,5,N
279,226.51,267.74,5,W,5,N
280,251.32,268.04,5,W,5,N
281,254.84,268.34,5,W,5,N
342,246.69,280.24,5,E,5,N
1,92.89,300.00,1,S,5,W
183,151.18,300.30,2,W,5,W
184,173.75,300.60,2,W,5,W
201,181.60,300.90,2,E,5,W
67,116.67,301.20,1,W,5,W
20,218.16,301.50,1,S,1,W
70,185.43,304.20,1,W,2,W
182,122.67,316.60,2,W,5,E
148,192.56,319.60,1,E,5,E
2,93.48,322.14,1,S,5,N
181,103.96,322.44,2,W,5,N
65,72.59,323.04,1,W,5,N
66,73.65,323.34,1,W,5,N
68,135.22,323.64,1,W,5,N
142,136.61,323.94,1,E,5,N
143,139.02,324.24,1,E,5,N
144,141.98,324.54,1,E,5,N
217,239.14,324.73,3,W,5,E
145,144.15,324.84,1,E,5,N
146,158.81,325.14,1,E,5,N
147,172.46,325.44,1,E,5,N
17,211.98,337.87,1,S,3,E
19,214.48,338.47,1,S,3,W
69,182.81,339.97,1,W,3,E
218,279.53,341.30,3,W,5,N
149,213.72,342.07,1,E,3,W
233,284.46,346.23,3,E,5,N
282,288.55,366.14,5,W,5,N
283,302.79,366.44,5,W,5,N
284,364.31,370.44,5,W,5,N
285,366.93,373.07,5,W,5,N
286,369.55,375.69,5,W,5,N
343,347.30,380.14,5,E,5,N
232,273.80,399.90,3,E,5,W
185,239.96,400.20,2,W,5,W
15,210.67,400.50,1,S,5,W
18,212.70,400.80,1,S,5,W
21,221.80,401.10,1,S,5,W
71,188.45,401.40,1,W,5,W
72,191.45,401.70,1,W,5,W
36,345.49,401.90,1,S,1,W
73,222.60,402.00,1,W,5,W
38,348.66,402.20,1,S,1,W
75,244.48,402.30,1,W,5,W
151,237.02,402.60,1,E,5,W
5,171.38,416.50,1,S,5,E
11,202.10,417.40,1,S,5,E
152,242.54,421.30,1,E,5,E
3,168.41,422.04,1,S,5,N
4,170.51,422.34,1,S,5,N
7,178.15,422.94,1,S,5,N
9,198.09,423.24,1,S,5,N
202,211.03,423.84,2,E,5,N
186,266.14,424.14,2,W,5,N
203,250.00,424.44,2,E,5,N
187,294.58,424.74,2,W,5,N
12,204.85,425.04,1,S,5,N
236,331.67,425.13,3,E,5,E
13,207.49,425.34,1,S,5,N
14,208.20,425.64,1,S,5,N
22,222.25,425.94,1,S,5,N
23,226.23,426.24,1,S,5,N
24,227.07,426.54,1,S,5,N
74,225.13,426.84,1,W,5,N
150,226.76,427.14,1,E,5,N
153,244.73,427.74,1,E,5,N
154,297.22,428.04,1,E,5,N
234,311.77,430.67,3,E,5,N
76,289.69,437.67,1,W,3,E
85,358.15,440.37,1,W,3,E
237,392.34,454.11,3,E,5,N
219,392.55,454.32,3,W,5,N
238,395.74,457.51,3,E,5,N
287,373.73,466.04,5,W,5,N
288,376.78,466.34,5,W,5,N
289,437.62,466.64,5,W,5,N
290,439.61,466.94,5,W,5,N
291,441.71,467.24,5,W,5,N
292,444.23,467.54,5,W,5,N
293,447.88,467.84,5,W,5,N
294,450.01,468.14,5,W,5,N
295,452.15,468.44,5,W,5,N
344,445.76,480.04,5,E,5,N
235,328.31,499.80,3,E,5,W
26,244.86,500.10,1,S,5,W
32,258.36,500.40,1,S,5,W
189,345.09,500.70,2,W,5,W
39,414.51,500.80,1,S,2,W
35,333.74,501.00,1,S,5,W
81,322.12,501.30,1,W,5,W
83,331.80,501.60,1,W,5,W
84,354.47,501.90,1,W,5,W
156,340.77,502.20,1,E,5,W
92,381.73,503.20,1,W,2,W
98,457.97,505.00,1,W,2,W
25,238.38,521.94,1,S,5,N
27,246.44,522.24,1,S,5,N
28,249.38,522.54,1,S,5,N
29,251.10,522.84,1,S,5,N
30,252.55,523.14,1,S,5,N
31,257.86,523.44,1,S,5,N
188,323.88,523.74,2,W,5,N
204,343.46,524.04,2,E,5,N
33,331.02,524.34,1,S,5,N
34,331.19,524.64,1,S,5,N
77,290.28,524.94,1,W,5,N
78,292.28,525.24,1,W,5,N
79,294.30,525.54,1,W,5,N
80,301.28,525.84,1,W,5,N
82,329.29,526.14,1,W,5,N
86,360.94,526.44,1,W,5,N
87,364.50,526.74,1,W,5,N
155,318.45,527.04,1,E,5,N
157,343.78,527.34,1,E,5,N
90,374.67,538.67,1,W,3,E
296,482.30,565.94,5,W,5,N
297,512.84,566.24,5,W,5,N
298,516.55,566.54,5,W,5,N
299,522.51,566.84,5,W,5,N
300,524.75,567.14,5,W,5,N
301,527.80,567.44,5,W,5,N
302,548.53,567.74,5,W,5,N
303,552.26,568.04,5,W,5,N
304,554.68,568.34,5,W,5,N
305,558.43,568.64,5,W,5,N
306,560.75,568.94,5,W,5,N
345,547.70,579.94,5,E,5,N
346,558.77,580.24,5,E,5,N
158,399.96,599.70,1,E,5,W
205,417.55,600.00,2,E,5,W
191,415.04,600.30,2,W,5,W
192,437.20,600.60,2,W,5,W
194,495.44,600.90,2,W,5,W
41,415.57,601.20,1,S,5,W
42,426.82,601.50,1,S,5,W
89,370.38,601.80,1,W,5,W
91,378.44,602.10,1,W,5,W
93,384.81,602.40,1,W,5,W
94,420.79,602.70,1,W,5,W
44,515.89,602.70,1,S,1,W
97,454.36,603.00,1,W,5,W
45,519.24,603.00,1,S,1,W
163,454.61,603.30,1,E,5,W
37,348.62,621.84,1,S,5,N
190,414.24,622.14,2,W,5,N
193,453.15,622.44,2,W,5,N
40,414.53,622.74,1,S,5,N
88,366.88,623.04,1,W,5,N
95,424.01,623.34,1,W,5,N
96,451.10,623.64,1,W,5,N
159,409.36,623.94,1,E,5,N
160,421.05,624.24,1,E,5,N
161,427.95,624.54,1,E,5,N
162,445.60,624.84,1,E,5,N
164,470.48,625.14,1,E,5,N
165,500.30,625.44,1,E,5,N
220,538.39,630.27,3,W,5,N
239,506.41,630.27,3,E,5,N
240,527.98,630.57,3,E,5,N
307,604.12,665.84,5,W,5,N
308,607.72,666.14,5,W,5,N
309,622.68,666.44,5,W,5,N
310,625.43,666.74,5,W,5,N
311,630.51,667.04,5,W,5,N
312,634.96,667.34,5,W,5,N
313,662.00,668.13,5,W,5,N
347,641.23,679.84,5,E,5,N
195,562.95,699.60,2,W,5,W
101,485.00,699.90,1,W,5,W
104,523.76,700.20,1,W,5,W
105,527.40,700.50,1,W,5,W
108,598.32,701.30,1,W,2,E
206,514.22,715.60,2,E,5,E
207,599.76,715.90,2,E,5,E
103,522.11,717.70,1,W,5,E
106,530.97,718.00,1,W,5,E
43,515.65,722.34,1,S,5,N
46,522.21,722.64,1,S,5,N
99,477.61,722.94,1,W,5,N
100,481.38,723.24,1,W,5,N
102,488.78,723.54,1,W,5,N
107,546.92,724.44,1,W,5,N
166,505.84,724.74,1,E,5,N
167,542.45,725.04,1,E,5,N
47,608.91,737.07,1,S,3,W
221,683.91,745.68,3,W,5,N
314,679.50,765.74,5,W,5,N
315,731.69,766.04,5,W,5,N
316,734.85,766.34,5,W,5,N
317,738.48,766.64,5,W,5,N
318,740.23,766.94,5,W,5,N
319,742.92,767.24,5,W,5,N
320,747.40,767.54,5,W,5,N
321,751.26,767.84,5,W,5,N
322,753.66,768.14,5,W,5,N
348,777.20,783.34,5,E,5,N
241,634.27,799.50,3,E,5,W
242,663.75,799.80,3,E,5,W
196,634.42,800.10,2,W,5,W
111,614.71,800.40,1,W,5,W
118,646.31,800.70,1,W,5,W
169,664.32,801.00,1,E,5,W
349,795.56,801.70,5,E,5,N
50,712.68,803.50,1,S,1,W
52,786.07,803.80,1,S,1,W
55,797.51,816.90,1,S,1,E
114,623.65,817.30,1,W,5,E
197,683.28,821.64,2,W,5,N
208,687.53,821.94,2,E,5,N
109,600.52,822.24,1,W,5,N
110,608.44,822.54,1,W,5,N
112,618.30,822.84,1,W,5,N
113,620.69,823.14,1,W,5,N
222,726.59,823.73,3,W,5,E
115,626.00,823.74,1,W,5,N
116,632.16,824.04,1,W,5,N
117,638.36,824.34,1,W,5,N
119,649.62,824.64,1,W,5,N
168,603.02,824.94,1,E,5,N
223,773.17,834.94,3,W,5,N
49,708.84,837.47,1,S,3,W
171,703.51,840.17,1,E,3,E
54,794.79,842.72,1,S,2,W
243,781.29,843.06,3,E,5,N
224,786.13,847.90,3,W,5,N
225,791.00,852.77,3,W,5,N
323,781.81,865.64,5,W,5,N
324,783.85,865.94,5,W,5,N
325,812.21,866.24,5,W,5,N
326,815.13,866.54,5,W,5,N
327,823.23,866.84,5,W,5,N
328,827.84,867.14,5,W,5,N
329,830.46,867.44,5,W,5,N
330,833.27,867.74,5,W,5,N
331,839.74,868.04,5,W,5,N
332,845.24,868.34,5,W,5,N
333,862.39,868.53,5,W,5,N
334,864.75,870.89,5,W,5,N
350,800.60,879.64,5,E,5,N
351,807.40,879.94,5,E,5,N
170,696.51,899.40,1,E,5,W
209,772.43,899.70,2,E,5,W
48,707.80,900.00,1,S,5,W
51,716.30,900.30,1,S,5,W
120,694.55,900.60,1,W,5,W
122,728.48,900.90,1,W,5,W
123,746.96,901.20,1,W,5,W
172,742.44,901.50,1,E,5,W
173,745.10,901.80,1,E,5,W
61,895.28,909.42,1,S,1,W
63,899.63,913.76,1,S,1,W
126,753.69,916.90,1,W,5,E
59,893.50,917.60,1,S,1,E
198,757.14,921.54,2,W,5,N
199,779.30,921.84,2,W,5,N
121,701.46,922.14,1,W,5,N
124,749.16,922.44,1,W,5,N
125,750.38,922.74,1,W,5,N
176,837.58,939.67,1,E,3,E
56,881.07,942.82,1,S,2,W
335,873.53,965.54,5,W,5,N
336,874.38,965.84,5,W,5,N
337,879.25,966.14,5,W,5,N
338,896.69,966.44,5,W,5,N
60,894.09,998.90,1,S,3,W
174,799.27,999.30,1,E,5,W
244,813.85,999.60,3,E,5,W
130,807.44,999.90,1,W,5,W
175,835.50,1000.20,1,E,5,W
210,857.03,1015.60,2,E,5,E
129,800.67,1016.50,1,W,5,E
53,792.74,1021.44,1,S,5,N
127,779.48,1022.04,1,W,5,N
128,783.22,1022.34,1,W,5,N
131,811.09,1022.94,1,W,5,N
132,849.41,1023.24,1,W,5,N
133,856.47,1023.54,1,W,5,N
177,844.49,1023.84,1,E,5,N
58,891.70,1099.20,1,S,5,W
137,891.91,1099.50,1,W,5,W
57,885.38,1121.34,1,S,5,N
62,897.32,1121.64,1,S,5,N
134,885.68,1121.94,1,W,5,N
135,888.12,1122.24,1,W,5,N
136,888.92,1122.54,1,W,5,N