id,enter_time,exit_time,entrance_intersection,entrance_direction,exit_intersection,exit_direction
0,1.29,15.43,1,S,1,E
243,4.66,41.54,5,W,5,N
12,28.53,42.67,1,S,1,E
179,6.91,50.30,2,W,3,E
1,8.67,100.70,1,S,1,W
9,23.47,101.00,1,S,1,W
10,24.00,101.30,1,S,1,W
16,36.93,101.60,1,S,1,W
17,37.81,101.90,1,S,1,W
19,41.01,102.20,1,S,1,W
20,44.05,102.50,1,S,1,W
27,53.98,102.80,1,S,1,W
34,74.37,103.10,1,S,1,W
36,81.78,103.40,1,S,1,W
37,91.34,105.48,1,S,1,W
29,56.95,115.90,1,S,1,E
22,47.33,140.22,1,S,2,W
244,101.68,141.44,5,W,5,N
245,105.46,141.74,5,W,5,N
246,118.21,142.04,5,W,5,N
247,121.61,142.34,5,W,5,N
248,124.80,142.64,5,W,5,N
32,63.25,142.92,1,S,2,W
249,126.24,142.94,5,W,5,N
294,96.47,155.44,5,E,5,N
151,69.30,163.87,1,E,3,W
5,12.87,175.20,1,S,5,W
6,15.79,175.50,1,S,5,W
7,17.35,175.80,1,S,5,W
11,27.56,176.10,1,S,5,W
225,75.31,176.40,3,E,5,W
209,52.49,176.70,3,W,5,W
25,53.15,177.19,1,S,3,W
35,78.15,179.59,1,S,3,E
2,9.13,197.34,1,S,5,N
3,11.07,197.64,1,S,5,N
4,11.91,197.94,1,S,5,N
8,20.19,198.24,1,S,5,N
210,57.07,198.54,3,W,5,N
226,78.84,198.84,3,E,5,N
181,104.18,206.33,2,W,5,E
180,32.39,212.17,2,W,5,N
93,2.13,218.01,1,W,5,E
95,12.22,218.61,1,W,5,E
13,30.58,223.24,1,S,5,N
14,32.75,223.54,1,S,5,N
15,36.58,223.84,1,S,5,N
94,4.54,224.44,1,W,5,N
96,51.56,225.04,1,W,5,N
150,2.61,225.34,1,E,5,N
152,104.31,227.30,1,E,2,E
250,154.23,241.34,5,W,5,N
251,158.22,241.64,5,W,5,N
252,160.55,241.94,5,W,5,N
253,163.72,242.24,5,W,5,N
254,167.90,242.54,5,W,5,N
255,171.07,242.84,5,W,5,N
256,174.61,243.14,5,W,5,N
257,178.24,243.44,5,W,5,N
258,183.23,243.74,5,W,5,N
259,218.73,244.04,5,W,5,N
295,196.75,255.34,5,E,5,N
296,245.03,255.64,5,E,5,N
99,117.33,262.17,1,W,3,E
197,90.71,275.10,2,E,5,W
38,92.70,275.40,1,S,5,W
26,53.66,292.30,1,S,5,E
31,61.07,293.20,1,S,5,E
18,37.92,297.24,1,S,5,N
21,44.41,297.54,1,S,5,N
23,49.59,297.84,1,S,5,N
24,51.77,298.14,1,S,5,N
28,55.75,298.74,1,S,5,N
30,59.72,299.04,1,S,5,N
33,66.43,299.64,1,S,5,N
39,100.45,299.94,1,S,5,N
211,165.26,300.24,3,W,5,N
227,182.93,300.54,3,E,5,N
212,167.42,300.84,3,W,5,N
42,296.12,310.25,1,S,1,W
198,187.20,311.67,2,E,5,N
182,180.70,311.97,2,W,5,N
183,208.51,312.27,2,W,5,N
199,209.04,312.57,2,E,5,N
45,305.49,319.63,1,S,1,E
97,77.96,323.34,1,W,5,N
98,84.88,323.64,1,W,5,N
100,123.74,324.24,1,W,5,N
102,144.96,324.84,1,W,5,N
153,119.36,325.44,1,E,5,N
154,176.06,325.74,1,E,5,N
155,196.44,326.04,1,E,5,N
106,245.43,326.50,1,W,2,E
260,302.70,341.24,5,W,5,N
261,305.10,341.54,5,W,5,N
200,302.92,349.70,2,E,3,W
297,354.07,360.21,5,E,5,N
298,363.28,369.41,5,E,5,N
101,125.83,375.00,1,W,5,W
228,257.05,375.30,3,E,5,W
229,259.96,375.60,3,E,5,W
41,229.04,391.30,1,S,5,E
40,161.86,397.14,1,S,5,N
213,287.23,397.74,3,W,5,N
214,297.10,398.04,3,W,5,N
230,272.72,398.34,3,E,5,N
46,306.13,401.90,1,S,1,W
48,315.58,402.20,1,S,1,W
50,402.89,417.02,1,S,1,E
156,201.12,418.81,1,E,5,E
103,190.15,423.44,1,W,5,N
105,194.36,424.04,1,W,5,N
107,245.66,424.64,1,W,5,N
157,202.17,425.24,1,E,5,N
158,206.78,425.54,1,E,5,N
159,227.74,425.84,1,E,5,N
160,234.42,426.14,1,E,5,N
262,355.68,441.14,5,W,5,N
263,436.97,443.10,5,W,5,N
264,441.61,447.74,5,W,5,N
265,442.01,448.15,5,W,5,N
299,414.13,455.14,5,E,5,N
112,337.58,462.97,1,W,3,E
115,360.20,463.87,1,W,3,W
300,462.57,468.70,5,E,5,N
215,340.92,474.90,3,W,5,W
104,193.57,475.20,1,W,5,W
161,286.88,475.50,1,E,5,W
43,298.80,475.80,1,S,5,W
44,303.47,476.10,1,S,5,W
47,309.79,476.40,1,S,5,W
301,472.39,478.53,5,E,5,N
231,367.83,497.04,3,E,5,N
232,371.57,497.34,3,E,5,N
49,401.25,502.30,1,S,1,W
184,384.40,511.27,2,W,5,N
201,373.83,511.57,2,E,5,N
185,409.06,511.87,2,W,5,N
109,287.90,523.84,1,W,5,N
110,306.48,524.14,1,W,5,N
111,335.37,524.44,1,W,5,N
113,357.02,525.04,1,W,5,N
114,357.10,525.34,1,W,5,N
116,363.23,525.94,1,W,5,N
162,305.14,526.24,1,E,5,N
119,439.07,526.40,1,W,2,W
163,316.18,526.54,1,E,5,N
165,363.50,527.14,1,E,5,N
122,466.24,527.30,1,W,2,W
166,365.34,527.44,1,E,5,N
266,458.61,541.04,5,W,5,N
267,466.04,541.34,5,W,5,N
117,391.46,561.87,1,W,3,E
108,274.07,574.80,1,W,5,W
164,334.55,575.10,1,E,5,W
233,483.50,591.10,3,E,5,E
217,480.80,592.00,3,W,5,E
51,402.93,596.94,1,S,5,N
216,455.68,597.54,3,W,5,N
234,501.59,597.84,3,E,5,N
187,516.66,614.50,2,W,5,N
118,409.77,623.94,1,W,5,N
121,445.13,624.84,1,W,5,N
167,418.09,625.44,1,E,5,N
268,549.14,640.94,5,W,5,N
269,551.59,641.24,5,W,5,N
270,554.66,641.54,5,W,5,N
271,557.86,641.84,5,W,5,N
272,586.36,642.14,5,W,5,N
273,617.15,642.44,5,W,5,N
274,619.87,642.74,5,W,5,N
302,575.09,654.94,5,E,5,N
303,611.75,655.24,5,E,5,N
304,630.46,655.54,5,E,5,N
305,641.31,655.84,5,E,5,N
202,465.55,674.70,2,E,5,W
186,455.69,675.00,2,W,5,W
203,518.69,675.30,2,E,5,W
120,442.90,675.60,1,W,5,W
168,487.76,675.90,1,E,5,W
235,590.06,676.20,3,E,5,W
218,590.84,676.50,3,W,5,W
52,499.21,696.84,1,S,5,N
219,612.46,697.14,3,W,5,N
220,615.00,697.44,3,W,5,N
56,653.42,703.10,1,S,1,W
204,542.14,710.87,2,E,5,N
55,648.86,715.90,1,S,1,E
205,624.40,716.11,2,E,5,E
58,657.96,716.50,1,S,1,E
125,512.25,724.34,1,W,5,N
126,558.32,724.64,1,W,5,N
169,517.30,725.24,1,E,5,N
275,648.27,740.84,5,W,5,N
276,651.42,741.14,5,W,5,N
277,652.39,741.44,5,W,5,N
278,655.88,741.74,5,W,5,N
279,672.96,742.04,5,W,5,N
280,677.35,742.34,5,W,5,N
281,683.22,742.64,5,W,5,N
282,725.20,742.94,5,W,5,N
283,728.74,743.24,5,W,5,N
284,731.47,743.54,5,W,5,N
285,731.57,743.84,5,W,5,N
286,735.11,744.14,5,W,5,N
306,695.59,754.84,5,E,5,N
307,713.24,755.14,5,E,5,N
308,720.88,755.44,5,E,5,N
309,721.41,755.74,5,E,5,N
59,716.31,756.56,1,S,2,E
128,598.36,762.07,1,W,3,W
188,544.22,774.60,2,W,5,W
123,470.04,774.90,1,W,5,W
124,509.23,775.20,1,W,5,W
127,565.78,775.50,1,W,5,W
170,538.18,775.80,1,E,5,W
236,694.78,776.10,3,E,5,W
57,655.93,778.39,1,S,3,E
221,728.70,784.34,3,W,5,W
53,579.18,796.74,1,S,5,N
54,579.89,797.04,1,S,5,N
237,732.86,797.34,3,E,5,N
60,723.60,803.50,1,S,1,W
189,715.31,807.02,2,W,5,E
206,689.25,810.67,2,E,5,N
172,697.75,819.81,1,E,5,E
129,617.98,824.14,1,W,5,N
130,624.06,824.44,1,W,5,N
131,626.04,824.74,1,W,5,N
132,645.31,825.04,1,W,5,N
133,652.85,825.34,1,W,5,N
134,674.79,827.30,1,W,2,W
139,741.54,828.80,1,W,2,W
175,786.35,830.90,1,E,2,W
287,759.38,840.74,5,W,5,N
288,763.17,841.04,5,W,5,N
289,766.87,841.34,5,W,5,N
290,770.44,841.64,5,W,5,N
291,804.17,841.94,5,W,5,N
292,819.90,842.24,5,W,5,N
72,763.94,844.22,1,S,2,W
74,767.47,844.82,1,S,2,W
76,771.07,845.42,1,S,2,W
310,864.26,870.39,5,E,5,N
171,621.04,874.50,1,E,5,W
311,868.63,874.76,5,E,5,N
61,724.95,874.80,1,S,5,W
66,741.56,878.49,1,S,3,E
223,839.51,895.15,3,W,5,E
238,749.30,896.64,3,E,5,N
239,752.25,896.94,3,E,5,N
224,840.34,902.11,3,W,5,N
82,854.82,903.90,1,S,1,W
88,864.76,904.20,1,S,1,W
191,765.67,911.07,2,W,5,N
208,813.84,911.68,2,E,5,N
193,816.20,914.04,2,W,5,N
173,709.46,922.01,1,E,5,E
63,734.17,924.24,1,S,5,N
135,701.45,925.44,1,W,5,N
137,735.22,926.04,1,W,5,N
138,738.53,926.34,1,W,5,N
141,746.87,927.24,1,W,5,N
142,750.57,927.54,1,W,5,N
293,852.42,940.64,5,W,5,N
312,874.63,954.64,5,E,5,N
313,874.83,954.94,5,E,5,N
314,886.84,955.24,5,E,5,N
146,828.74,963.17,1,W,3,E
222,833.99,974.40,3,W,5,W
190,737.92,974.70,2,W,5,W
207,788.23,975.00,2,E,5,W
192,786.68,975.30,2,W,5,W
62,731.09,975.60,1,S,5,W
64,734.98,975.90,1,S,5,W
65,738.93,976.20,1,S,5,W
136,704.62,976.50,1,W,5,W
140,745.20,976.80,1,W,5,W
143,753.37,977.10,1,W,5,W
174,716.76,977.40,1,E,5,W
71,757.20,977.70,1,S,5,W
75,769.17,978.00,1,S,5,W
241,866.64,978.30,3,E,5,W
83,856.16,979.79,1,S,3,E
92,874.57,982.19,1,S,3,E
67,744.92,996.54,1,S,5,N
68,747.98,996.84,1,S,5,N
69,749.48,997.14,1,S,5,N
70,753.28,997.44,1,S,5,N
73,765.39,997.74,1,S,5,N
77,773.83,998.04,1,S,5,N
240,863.22,998.34,3,E,5,N
242,885.99,998.64,3,E,5,N
78,839.81,1024.04,1,S,5,N
145,828.66,1024.64,1,W,5,N
147,844.96,1025.24,1,W,5,N
148,847.56,1025.54,1,W,5,N
176,816.77,1026.14,1,E,5,N
194,827.88,1074.30,2,W,5,W
195,854.78,1074.60,2,W,5,W
196,881.59,1074.90,2,W,5,W
144,796.85,1075.20,1,W,5,W
149,861.35,1075.50,1,W,5,W
177,821.17,1075.80,1,E,5,W
178,841.60,1076.10,1,E,5,W
80,844.82,1076.40,1,S,5,W
84,856.54,1076.70,1,S,5,W
85,859.67,1077.00,1,S,5,W
86,862.03,1077.30,1,S,5,W
90,869.56,1077.60,1,S,5,W
79,841.90,1096.44,1,S,5,N
81,846.21,1096.74,1,S,5,N
87,864.34,1097.04,1,S,5,N
89,866.61,1097.34,1,S,5,N
91,873.43,1097.64,1,S,5,N