id,enter_time,exit_time,entrance_intersection,entrance_direction,exit_intersection,exit_direction
252,3.91,41.54,5,W,5,N
253,6.06,41.84,5,W,5,N
254,7.71,42.14,5,W,5,N
255,48.05,54.18,5,W,5,N
319,13.04,55.54,5,E,5,N
320,15.37,55.84,5,E,5,N
321,19.01,56.14,5,E,5,N
322,30.13,56.44,5,E,5,N
323,30.61,56.74,5,E,5,N
221,2.05,75.33,3,W,5,W
233,2.12,97.44,3,E,5,N
234,5.05,97.74,3,E,5,N
4,74.12,100.70,1,S,1,W
9,83.24,101.00,1,S,1,W
12,92.75,106.89,1,S,1,W
256,53.16,141.44,5,W,5,N
8,80.03,141.72,1,S,2,W
257,53.65,141.74,5,W,5,N
258,70.11,142.04,5,W,5,N
259,72.73,142.34,5,W,5,N
260,94.53,142.64,5,W,5,N
235,120.91,176.54,3,E,5,W
222,136.54,198.31,3,W,5,N
15,163.71,201.10,1,S,1,W
17,168.37,201.40,1,S,1,W
18,171.09,201.70,1,S,1,W
236,145.73,207.50,3,E,5,N
209,61.37,211.87,2,E,5,N
170,93.45,218.31,1,E,5,E
108,21.91,223.54,1,W,5,N
109,28.33,223.84,1,W,5,N
169,79.85,224.14,1,E,5,N
171,96.09,224.74,1,E,5,N
172,98.92,225.04,1,E,5,N
110,71.99,225.50,1,W,2,E
261,159.22,241.34,5,W,5,N
262,162.66,241.64,5,W,5,N
263,164.85,241.94,5,W,5,N
264,196.46,242.24,5,W,5,N
265,209.86,242.54,5,W,5,N
266,215.12,242.84,5,W,5,N
267,219.27,243.14,5,W,5,N
268,222.65,243.44,5,W,5,N
269,225.61,243.74,5,W,5,N
270,227.20,244.04,5,W,5,N
324,179.70,255.34,5,E,5,N
325,190.11,255.64,5,E,5,N
326,198.71,255.94,5,E,5,N
113,124.31,262.47,1,W,3,W
173,102.20,263.67,1,E,3,E
193,56.42,275.10,2,W,5,W
210,93.81,275.40,2,E,5,W
107,18.11,275.70,1,W,5,W
5,74.97,276.00,1,S,5,W
7,76.53,276.30,1,S,5,W
20,178.12,276.99,1,S,3,W
0,63.81,297.24,1,S,5,N
1,66.31,297.54,1,S,5,N
2,69.24,297.84,1,S,5,N
3,72.69,298.14,1,S,5,N
6,75.77,298.44,1,S,5,N
223,242.87,298.51,3,W,5,E
10,88.21,298.74,1,S,5,N
11,88.76,299.04,1,S,5,N
13,93.21,299.34,1,S,5,N
237,216.26,299.64,3,E,5,N
26,270.83,301.50,1,S,1,W
212,202.63,311.97,2,E,5,N
112,121.85,323.94,1,W,5,N
114,125.95,324.54,1,W,5,N
116,130.67,325.14,1,W,5,N
174,133.92,325.74,1,E,5,N
175,171.72,326.04,1,E,5,N
271,248.53,341.24,5,W,5,N
272,316.21,341.54,5,W,5,N
273,337.79,343.93,5,W,5,N
274,341.72,347.86,5,W,5,N
275,342.34,348.48,5,W,5,N
276,344.97,351.11,5,W,5,N
327,301.31,355.24,5,E,5,N
123,217.19,363.47,1,W,3,W
211,134.85,375.00,2,E,5,W
111,114.96,375.30,1,W,5,W
115,128.15,375.60,1,W,5,W
14,160.16,375.90,1,S,5,W
16,165.91,376.20,1,S,5,W
23,197.20,376.50,1,S,5,W
238,284.91,376.80,3,E,5,W
21,181.91,391.30,1,S,5,E
240,290.09,392.50,3,E,5,E
19,176.57,397.14,1,S,5,N
22,196.24,397.74,1,S,5,N
24,198.97,398.04,1,S,5,N
239,287.44,398.34,3,E,5,N
241,318.27,398.94,3,E,5,N
195,285.26,412.07,2,W,5,N
119,199.88,424.04,1,W,5,N
120,203.03,424.34,1,W,5,N
124,251.24,425.54,1,W,5,N
125,254.02,425.84,1,W,5,N
277,361.49,441.14,5,W,5,N
278,366.57,441.44,5,W,5,N
279,399.29,441.74,5,W,5,N
280,399.79,442.04,5,W,5,N
281,401.50,442.34,5,W,5,N
282,405.55,442.64,5,W,5,N
283,419.49,442.94,5,W,5,N
328,446.94,455.14,5,E,5,N
329,449.97,456.11,5,E,5,N
178,358.67,463.27,1,E,3,W
194,256.25,474.90,2,W,5,W
213,297.69,475.20,2,E,5,W
117,174.76,475.50,1,W,5,W
118,197.00,475.80,1,W,5,W
121,204.49,476.10,1,W,5,W
122,206.57,476.40,1,W,5,W
176,233.81,476.70,1,E,5,W
225,398.37,477.00,3,W,5,W
243,399.02,477.30,3,E,5,W
244,402.40,477.60,3,E,5,W
25,267.78,497.04,1,S,5,N
224,355.54,497.34,3,W,5,N
242,385.88,497.64,3,E,5,N
226,406.74,497.94,3,W,5,N
32,422.51,498.84,1,S,3,W
214,385.20,511.27,2,E,5,N
197,363.05,511.87,2,W,5,N
42,455.96,517.20,1,S,1,E
43,457.91,517.50,1,S,1,E
127,335.02,517.71,1,W,5,E
126,305.49,523.54,1,W,5,N
129,344.78,524.44,1,W,5,N
177,338.18,524.74,1,E,5,N
179,362.09,525.34,1,E,5,N
180,396.23,525.64,1,E,5,N
284,482.58,541.04,5,W,5,N
285,538.22,544.35,5,W,5,N
286,539.49,545.63,5,W,5,N
287,540.41,546.55,5,W,5,N
288,543.45,549.59,5,W,5,N
289,544.87,551.00,5,W,5,N
330,494.67,555.04,5,E,5,N
331,498.28,555.34,5,E,5,N
332,542.82,555.64,5,E,5,N
333,542.88,555.94,5,E,5,N
33,431.85,561.87,1,S,3,E
137,460.55,564.57,1,W,3,E
196,339.76,574.80,2,W,5,W
198,382.36,575.10,2,W,5,W
128,339.82,575.40,1,W,5,W
27,346.73,575.70,1,S,5,W
28,349.89,596.94,1,S,5,N
29,352.64,597.24,1,S,5,N
30,353.31,597.54,1,S,5,N
31,420.95,597.84,1,S,5,N
245,500.71,598.14,3,E,5,N
49,546.98,602.70,1,S,1,W
53,556.85,603.00,1,S,1,W
57,574.54,603.30,1,S,1,W
58,574.80,603.60,1,S,1,W
199,455.16,611.07,2,W,5,N
201,511.36,611.97,2,W,5,N
34,436.71,623.94,1,S,5,N
130,374.61,624.24,1,W,5,N
131,376.51,624.54,1,W,5,N
136,417.69,626.04,1,W,5,N
181,432.29,626.64,1,E,5,N
182,437.86,626.94,1,E,5,N
183,459.75,627.24,1,E,5,N
290,603.26,640.94,5,W,5,N
142,530.71,663.47,1,W,3,E
215,478.68,674.70,2,E,5,W
200,482.58,675.00,2,W,5,W
132,379.61,675.30,1,W,5,W
133,409.74,675.60,1,W,5,W
134,412.63,675.90,1,W,5,W
135,416.00,676.20,1,W,5,W
37,446.70,676.50,1,S,5,W
38,447.29,676.80,1,S,5,W
39,447.29,677.10,1,S,5,W
40,451.52,677.40,1,S,5,W
229,607.42,677.70,3,W,5,W
50,547.59,677.99,1,S,3,W
35,438.78,696.84,1,S,5,N
36,441.25,697.14,1,S,5,N
41,454.09,697.44,1,S,5,N
44,461.59,697.74,1,S,5,N
45,517.60,698.04,1,S,5,N
46,527.23,698.34,1,S,5,N
246,576.50,698.64,3,E,5,N
227,550.02,698.94,3,W,5,N
228,605.54,699.24,3,W,5,N
64,656.46,703.10,1,S,1,W
70,672.31,703.40,1,S,1,W
72,674.80,703.70,1,S,1,W
76,687.11,704.00,1,S,1,W
77,690.88,705.02,1,S,1,W
78,692.46,706.60,1,S,1,W
216,567.34,710.87,2,E,5,N
47,531.46,723.74,1,S,5,N
138,467.78,724.04,1,W,5,N
139,485.77,724.34,1,W,5,N
140,502.86,724.64,1,W,5,N
184,512.54,726.14,1,E,5,N
291,654.07,740.84,5,W,5,N
292,667.68,741.14,5,W,5,N
293,671.40,741.44,5,W,5,N
294,710.15,741.74,5,W,5,N
295,714.41,742.04,5,W,5,N
62,645.14,742.32,1,S,2,W
296,718.14,742.34,5,W,5,N
297,723.22,742.64,5,W,5,N
298,725.25,742.94,5,W,5,N
299,746.91,753.05,5,W,5,N
334,692.51,754.84,5,E,5,N
335,737.24,755.14,5,E,5,N
336,738.55,755.44,5,E,5,N
148,629.73,763.57,1,W,3,E
337,758.03,764.17,5,E,5,N
338,766.25,772.38,5,E,5,N
141,525.58,774.60,1,W,5,W
143,534.15,774.90,1,W,5,W
144,536.55,775.20,1,W,5,W
56,571.63,775.50,1,S,5,W
248,722.08,777.72,3,E,5,W
80,717.09,793.42,1,S,3,E
48,546.56,796.74,1,S,5,N
51,551.65,797.04,1,S,5,N
52,556.53,797.34,1,S,5,N
54,557.30,797.64,1,S,5,N
55,559.98,797.94,1,S,5,N
247,690.68,798.24,3,E,5,N
230,740.31,802.08,3,W,5,N
81,720.22,803.50,1,S,1,W
249,741.87,803.64,3,E,5,N
83,727.46,803.80,1,S,1,W
84,730.64,804.10,1,S,1,W
86,736.28,804.40,1,S,1,W
217,642.80,810.97,2,E,5,N
203,686.96,811.27,2,W,5,N
204,714.51,812.36,2,W,5,N
59,636.91,823.84,1,S,5,N
145,574.79,824.44,1,W,5,N
146,575.21,824.74,1,W,5,N
147,626.71,825.04,1,W,5,N
187,642.57,826.24,1,E,5,N
300,752.34,840.74,5,W,5,N
301,754.60,841.04,5,W,5,N
302,821.68,841.34,5,W,5,N
303,826.62,841.64,5,W,5,N
304,827.63,841.94,5,W,5,N
305,831.08,842.24,5,W,5,N
306,834.16,842.54,5,W,5,N
307,844.84,850.98,5,W,5,N
339,776.65,854.74,5,E,5,N
340,792.16,855.04,5,E,5,N
341,795.71,855.34,5,E,5,N
342,855.34,861.48,5,E,5,N
202,664.70,874.50,2,W,5,W
60,638.55,874.80,1,S,5,W
185,634.12,875.10,1,E,5,W
186,634.73,875.40,1,E,5,W
65,658.84,875.70,1,S,5,W
69,666.54,876.00,1,S,5,W
71,674.00,876.30,1,S,5,W
75,683.28,876.60,1,S,5,W
74,679.52,892.30,1,S,5,E
61,641.87,896.64,1,S,5,N
63,646.90,896.94,1,S,5,N
66,662.60,897.24,1,S,5,N
67,663.87,897.54,1,S,5,N
68,665.90,897.84,1,S,5,N
73,676.63,898.14,1,S,5,N
79,706.71,898.74,1,S,5,N
82,724.63,899.04,1,S,5,N
250,752.90,899.34,3,E,5,N
231,840.88,902.65,3,W,5,N
91,832.35,903.90,1,S,1,W
95,841.67,904.20,1,S,1,W
104,872.73,904.50,1,S,1,W
205,734.59,910.47,2,W,5,N
218,734.68,910.77,2,E,5,N
219,756.84,911.07,2,E,5,N
206,776.20,911.37,2,W,5,N
98,859.47,917.30,1,S,1,E
155,744.75,919.91,1,W,5,E
149,677.57,924.24,1,W,5,N
151,715.17,924.84,1,W,5,N
153,720.66,925.44,1,W,5,N
154,741.65,925.74,1,W,5,N
189,784.15,926.94,1,E,5,N
308,847.85,940.64,5,W,5,N
309,851.44,940.94,5,W,5,N
310,855.17,941.24,5,W,5,N
311,858.78,941.54,5,W,5,N
312,861.50,941.84,5,W,5,N
313,867.47,942.14,5,W,5,N
314,870.72,942.44,5,W,5,N
315,892.60,942.74,5,W,5,N
316,892.70,943.04,5,W,5,N
317,895.32,943.34,5,W,5,N
318,896.29,943.64,5,W,5,N
101,863.87,944.32,1,S,2,E
92,837.79,962.87,1,S,3,W
162,805.58,965.27,1,W,3,E
85,733.86,974.40,1,S,5,W
150,682.19,974.70,1,W,5,W
152,718.22,975.00,1,W,5,W
156,754.96,975.30,1,W,5,W
188,775.55,975.60,1,E,5,W
100,862.94,980.09,1,S,3,E
87,811.57,996.54,1,S,5,N
88,826.56,996.84,1,S,5,N
251,868.72,997.14,3,E,5,N
232,890.84,997.44,3,W,5,N
207,843.51,1010.27,2,W,5,N
89,830.74,1017.91,1,S,5,E
93,839.37,1018.81,1,S,5,E
90,831.08,1024.34,1,S,5,N
94,840.03,1025.24,1,S,5,N
157,788.64,1025.54,1,W,5,N
158,789.67,1025.84,1,W,5,N
159,793.21,1026.14,1,W,5,N
161,797.78,1026.74,1,W,5,N
163,807.92,1027.34,1,W,5,N
164,809.19,1027.64,1,W,5,N
166,850.36,1028.24,1,W,5,N
190,840.01,1028.54,1,E,5,N
191,842.74,1028.84,1,E,5,N
192,873.56,1029.14,1,E,5,N
220,855.39,1074.30,2,E,5,W
208,864.84,1074.60,2,W,5,W
160,797.10,1074.90,1,W,5,W
165,846.72,1075.20,1,W,5,W
96,852.14,1075.50,1,S,5,W
102,865.52,1075.80,1,S,5,W
106,875.51,1076.10,1,S,5,W
97,854.22,1096.44,1,S,5,N
99,859.49,1096.74,1,S,5,N
103,865.67,1097.04,1,S,5,N
105,873.85,1097.34,1,S,5,N
168,884.09,1124.44,1,W,5,N
167,883.07,1174.20,1,W,5,W