id,enter_time,exit_time,entrance_intersection,entrance_direction,exit_intersection,exit_direction
2,33.30,47.44,1,S,1,E
68,57.67,80.14,5,E,5,N
46,15.79,130.97,3,E,5,N
47,70.95,199.80,3,E,5,W
38,65.89,221.94,2,W,5,N
0,12.97,222.24,1,S,5,N
1,32.63,222.54,1,S,5,N
21,13.76,222.84,1,W,5,N
32,44.92,223.14,1,E,5,N
51,263.20,269.34,5,W,5,N
69,230.85,279.94,5,E,5,N
3,39.26,299.70,1,S,5,W
4,48.32,300.00,1,S,5,W
5,55.37,300.30,1,S,5,W
33,110.60,321.84,1,E,5,N
34,119.16,322.14,1,E,5,N
52,295.12,365.84,5,W,5,N
53,296.95,366.14,5,W,5,N
54,301.89,366.44,5,W,5,N
55,325.31,366.74,5,W,5,N
56,372.92,379.06,5,W,5,N
24,189.02,399.60,1,W,5,W
7,333.60,400.40,1,S,2,W
26,359.38,400.70,1,W,2,W
6,319.92,401.60,1,S,1,W
11,380.05,401.90,1,S,1,W
22,167.62,421.74,1,W,5,N
23,176.10,422.04,1,W,5,N
57,385.49,465.74,5,W,5,N
8,345.13,499.00,1,S,3,E
25,345.99,499.50,1,W,5,W
42,373.75,521.64,2,E,5,N
39,361.90,521.94,2,W,5,N
48,416.91,530.17,3,E,5,N
44,448.71,530.47,3,W,5,N
58,515.79,565.64,5,W,5,N
59,521.03,565.94,5,W,5,N
28,447.56,599.40,1,W,5,W
9,355.38,621.54,1,S,5,N
10,368.94,621.84,1,S,5,N
12,413.84,622.14,1,S,5,N
13,425.58,622.44,1,S,5,N
27,367.74,622.74,1,W,5,N
45,555.24,623.83,3,W,5,E
60,581.90,665.54,5,W,5,N
61,596.24,665.84,5,W,5,N
40,531.13,715.30,2,W,5,E
14,440.65,721.44,1,S,5,N
15,454.64,721.74,1,S,5,N
35,598.14,722.10,1,E,5,N
62,693.42,765.44,5,W,5,N
63,702.16,765.74,5,W,5,N
64,763.94,770.08,5,W,5,N
30,749.26,800.80,1,W,2,W
36,630.60,815.20,1,E,5,E
29,570.83,821.34,1,W,5,N
65,844.21,865.34,5,W,5,N
66,849.29,865.64,5,W,5,N
67,867.21,873.35,5,W,5,N
70,799.25,879.34,5,E,5,N
43,731.33,899.10,2,E,5,W
16,808.69,903.60,1,S,1,W
18,833.50,903.90,1,S,1,W
19,845.12,904.20,1,S,1,W
41,762.30,921.24,2,W,5,N
37,787.55,921.54,1,E,5,N
49,862.26,923.23,3,E,5,E
50,870.26,999.00,3,E,5,W
17,818.69,999.30,1,S,5,W
20,860.80,1098.90,1,S,5,W
31,881.16,1121.04,1,W,5,N