id,enter_time,exit_time,entrance_intersection,entrance_direction,exit_intersection,exit_direction
57,11.27,66.14,5,W,5,N
58,17.91,66.44,5,W,5,N
52,52.13,130.97,3,W,5,N
59,95.63,166.04,5,W,5,N
60,108.07,166.34,5,W,5,N
61,159.73,166.64,5,W,5,N
35,11.10,199.80,1,E,5,W
36,54.22,200.10,1,E,5,W
37,78.60,200.40,1,E,5,W
44,169.21,212.37,2,W,3,E
43,81.15,221.94,2,W,5,N
0,23.52,222.24,1,S,5,N
23,11.65,222.54,1,W,5,N
24,118.93,315.70,1,W,5,E
49,199.90,321.84,2,E,5,N
45,205.71,399.60,2,W,5,W
25,167.30,399.90,1,W,5,W
46,314.89,412.57,2,W,3,E
26,171.86,421.74,1,W,5,N
54,376.46,438.23,3,E,5,N
3,397.22,440.82,1,S,2,W
65,415.07,479.74,5,E,5,N
66,426.68,480.04,5,E,5,N
1,318.67,499.50,1,S,5,W
27,305.50,521.64,1,W,5,N
62,554.60,565.64,5,W,5,N
63,568.89,575.02,5,W,5,N
29,442.78,599.40,1,W,5,W
2,353.39,621.54,1,S,5,N
28,426.21,621.84,1,W,5,N
30,451.31,622.14,1,W,5,N
38,418.03,622.44,1,E,5,N
39,495.23,622.74,1,E,5,N
64,620.56,665.54,5,W,5,N
50,550.22,699.30,2,E,5,W
47,574.97,721.44,2,W,5,N
53,615.79,799.20,3,W,5,W
48,678.86,799.50,2,W,5,W
32,621.30,815.20,1,W,5,E
41,671.89,815.50,1,E,5,E
31,592.29,821.34,1,W,5,N
40,650.15,821.64,1,E,5,N
11,743.13,842.12,1,S,2,W
67,851.15,879.34,5,E,5,N
55,755.44,899.10,3,E,5,W
56,764.43,899.40,3,E,5,W
4,641.89,899.70,1,S,5,W
34,714.66,900.00,1,W,5,W
19,856.14,903.60,1,S,1,W
8,718.26,915.10,1,S,5,E
21,878.88,916.40,1,S,1,E
5,679.65,921.24,1,S,5,N
6,694.56,921.54,1,S,5,N
7,711.82,921.84,1,S,5,N
9,736.77,922.14,1,S,5,N
10,738.26,922.44,1,S,5,N
33,672.19,922.74,1,W,5,N
15,817.23,937.27,1,S,3,E
16,835.90,937.57,1,S,3,E
20,870.17,942.82,1,S,2,W
13,754.47,999.00,1,S,5,W
12,752.41,1021.14,1,S,5,N
51,852.74,1021.44,2,E,5,N
14,816.12,1021.74,1,S,5,N
17,836.80,1022.04,1,S,5,N
42,826.51,1022.34,1,E,5,N
18,854.54,1121.04,1,S,5,N
22,890.49,1121.34,1,S,5,N