id,enter_time,exit_time,entrance_intersection,entrance_direction,exit_intersection,exit_direction
1,24.04,38.18,1,S,1,E
0,12.06,100.40,1,S,1,W
65,13.90,130.97,3,E,5,N
66,22.64,131.27,3,E,5,N
58,9.42,199.80,2,W,5,W
2,35.76,221.94,1,S,5,N
33,14.76,222.24,1,W,5,N
47,41.51,222.54,1,E,5,N
70,221.24,265.94,5,W,5,N
71,237.67,266.24,5,W,5,N
3,43.59,299.70,1,S,5,W
4,56.58,300.00,1,S,5,W
5,62.04,300.30,1,S,5,W
7,68.72,300.60,1,S,5,W
10,261.50,301.20,1,S,1,W
6,67.70,321.84,1,S,5,N
34,91.12,322.14,1,W,5,N
48,186.99,322.44,1,E,5,N
49,197.10,322.74,1,E,5,N
63,238.00,324.43,3,W,5,E
72,324.57,365.84,5,W,5,N
73,338.24,366.14,5,W,5,N
74,347.67,366.44,5,W,5,N
14,308.05,401.60,1,S,1,W
19,347.57,414.40,1,S,1,E
50,227.20,421.74,1,E,5,N
75,385.72,465.74,5,W,5,N
76,402.31,466.04,5,W,5,N
77,426.04,466.34,5,W,5,N
78,436.61,466.64,5,W,5,N
79,457.95,466.94,5,W,5,N
80,471.46,477.59,5,W,5,N
51,367.32,499.50,1,E,5,W
13,293.39,515.50,1,S,5,E
8,244.33,521.64,1,S,5,N
9,251.16,521.94,1,S,5,N
11,277.21,522.24,1,S,5,N
12,280.26,522.54,1,S,5,N
60,394.75,522.84,2,E,5,N
15,322.36,523.14,1,S,5,N
16,322.78,523.44,1,S,5,N
17,330.55,523.74,1,S,5,N
35,280.99,524.04,1,W,5,N
36,354.37,524.34,1,W,5,N
67,487.82,549.59,3,E,5,N
81,484.95,565.64,5,W,5,N
82,492.04,565.94,5,W,5,N
83,500.08,566.24,5,W,5,N
90,555.27,579.64,5,E,5,N
52,402.50,599.40,1,E,5,W
18,347.22,621.54,1,S,5,N
53,418.01,621.84,1,E,5,N
68,568.95,630.72,3,E,5,N
84,609.12,665.54,5,W,5,N
37,482.86,699.30,1,W,5,W
54,530.11,699.60,1,E,5,W
38,495.92,721.44,1,W,5,N
39,505.08,721.74,1,W,5,N
22,711.29,725.42,1,S,1,E
69,678.02,739.79,3,E,5,N
21,703.00,743.25,1,S,2,E
85,683.20,765.44,5,W,5,N
86,691.90,765.74,5,W,5,N
61,683.01,799.20,2,E,5,W
40,591.73,799.50,1,W,5,W
23,715.72,803.20,1,S,1,W
30,779.07,803.50,1,S,1,W
27,759.84,816.00,1,S,1,E
26,747.21,842.12,1,S,2,W
56,785.02,847.21,1,E,3,E
87,775.66,865.34,5,W,5,N
88,794.12,865.64,5,W,5,N
89,862.66,868.79,5,W,5,N
20,679.23,899.10,1,S,5,W
44,710.05,899.40,1,W,5,W
55,706.00,899.70,1,E,5,W
59,798.06,921.24,2,W,5,N
24,718.96,921.54,1,S,5,N
25,719.01,921.84,1,S,5,N
41,672.17,922.14,1,W,5,N
42,686.48,922.44,1,W,5,N
43,694.77,922.74,1,W,5,N
57,790.94,923.04,1,E,5,N
31,840.37,942.52,1,S,2,W
64,835.95,999.00,3,W,5,W
45,833.50,999.30,1,W,5,W
46,845.03,1015.00,1,W,5,E
28,762.66,1021.14,1,S,5,N
29,768.54,1021.44,1,S,5,N
62,831.61,1021.74,2,E,5,N
32,852.64,1098.90,1,S,5,W