id,enter_time,exit_time,entrance_intersection,entrance_direction,exit_intersection,exit_direction
76,12.61,66.14,5,W,5,N
34,15.38,100.10,1,W,2,W
6,45.91,100.40,1,S,1,W
7,86.10,100.70,1,S,1,W
8,95.48,113.20,1,S,1,E
69,10.82,130.97,3,E,5,N
72,43.20,131.87,3,E,5,N
9,118.11,132.25,1,S,1,E
77,96.06,166.04,5,W,5,N
78,105.01,166.34,5,W,5,N
79,113.79,166.64,5,W,5,N
80,127.49,166.94,5,W,5,N
81,138.28,167.24,5,W,5,N
82,147.80,167.54,5,W,5,N
70,24.14,199.80,3,E,5,W
71,35.10,200.10,3,E,5,W
55,0.78,200.40,2,W,5,W
56,7.95,200.70,2,W,5,W
13,151.29,200.80,1,S,1,W
0,10.98,201.00,1,S,5,W
35,17.39,201.30,1,W,5,W
36,41.76,201.60,1,W,5,W
1,13.11,221.94,1,S,5,N
2,13.75,222.24,1,S,5,N
3,25.20,222.54,1,S,5,N
4,28.30,222.84,1,S,5,N
12,146.63,240.02,1,S,2,E
83,200.76,265.94,5,W,5,N
90,209.59,279.94,5,E,5,N
91,253.27,280.24,5,E,5,N
5,43.14,299.70,1,S,5,W
58,185.13,300.00,2,E,5,W
10,126.99,300.30,1,S,5,W
17,278.08,301.20,1,S,1,W
92,309.85,379.84,5,E,5,N
93,348.23,380.14,5,E,5,N
94,364.13,380.44,5,E,5,N
57,280.38,399.60,2,W,5,W
38,186.93,415.60,1,W,5,E
11,144.91,421.74,1,S,5,N
14,191.35,422.04,1,S,5,N
37,174.25,422.34,1,W,5,N
49,284.64,422.64,1,E,5,N
95,453.56,479.74,5,E,5,N
96,463.85,480.04,5,E,5,N
73,379.96,499.50,3,E,5,W
50,308.61,499.80,1,E,5,W
15,254.60,515.50,1,S,5,E
16,267.10,521.64,1,S,5,N
59,311.38,521.94,2,E,5,N
62,409.56,530.17,3,W,5,N
84,494.01,565.64,5,W,5,N
85,508.93,565.94,5,W,5,N
20,591.44,605.57,1,S,1,W
39,384.45,621.54,1,W,5,N
40,394.90,621.84,1,W,5,N
41,458.01,622.14,1,W,5,N
25,628.18,642.32,1,S,1,E
86,588.81,665.54,5,W,5,N
43,484.88,699.30,1,W,5,W
51,540.45,699.60,1,E,5,W
23,622.55,702.80,1,S,1,W
26,635.47,703.10,1,S,1,W
60,596.94,721.44,2,E,5,N
42,473.25,721.74,1,W,5,N
44,487.51,722.04,1,W,5,N
45,501.33,722.34,1,W,5,N
46,510.65,722.64,1,W,5,N
63,627.87,729.77,3,W,5,N
31,703.94,798.40,1,S,3,W
19,585.32,799.20,1,S,5,W
33,730.33,800.80,1,S,2,W
18,570.85,821.34,1,S,5,N
21,602.94,821.64,1,S,5,N
22,604.78,821.94,1,S,5,N
24,624.17,822.24,1,S,5,N
74,700.40,829.57,3,E,5,N
64,731.17,829.87,3,W,5,N
65,739.54,830.17,3,W,5,N
67,787.00,848.77,3,W,5,N
87,839.11,865.34,5,W,5,N
88,842.10,865.64,5,W,5,N
89,856.71,865.94,5,W,5,N
97,803.88,879.34,5,E,5,N
98,818.06,879.64,5,E,5,N
99,836.17,879.94,5,E,5,N
52,693.93,899.10,1,E,5,W
66,750.48,899.40,3,W,5,W
29,687.14,899.70,1,S,5,W
53,724.79,900.00,1,E,5,W
27,670.36,921.24,1,S,5,N
28,674.30,921.54,1,S,5,N
30,692.60,921.84,1,S,5,N
32,718.32,922.14,1,S,5,N
47,669.59,922.44,1,W,5,N
68,880.92,942.69,3,W,5,N
75,845.89,999.00,3,E,5,W
48,866.26,999.30,1,W,5,W
61,863.33,1021.14,2,E,5,N
54,854.89,1021.44,1,E,5,N