id,enter_time,exit_time,entrance_intersection,entrance_direction,exit_intersection,exit_direction
48,15.02,66.14,5,W,5,N
49,26.21,66.44,5,W,5,N
50,34.55,66.74,5,W,5,N
51,44.72,67.04,5,W,5,N
52,64.81,70.94,5,W,5,N
31,22.03,100.10,1,E,2,W
0,12.79,100.40,1,S,1,W
41,33.59,130.97,3,W,5,N
53,76.12,166.04,5,W,5,N
70,161.38,180.04,5,E,5,N
14,14.14,221.94,1,W,5,N
32,38.52,222.24,1,E,5,N
16,159.45,236.57,1,W,3,W
54,173.87,265.94,5,W,5,N
55,187.54,266.24,5,W,5,N
56,202.40,266.54,5,W,5,N
57,269.71,275.85,5,W,5,N
71,208.17,279.94,5,E,5,N
72,210.15,280.24,5,E,5,N
43,124.38,299.70,3,E,5,W
44,190.83,300.00,3,E,5,W
19,250.12,300.30,1,W,2,W
45,199.60,300.30,3,E,5,W
15,148.14,315.70,1,W,5,E
58,274.55,365.84,5,W,5,N
59,280.24,366.14,5,W,5,N
17,231.61,399.60,1,W,5,W
7,394.87,414.40,1,S,1,E
38,282.85,421.74,2,W,5,N
18,244.98,422.04,1,W,5,N
2,317.01,436.47,1,S,3,W
60,385.50,465.74,5,W,5,N
61,403.55,466.04,5,W,5,N
73,417.19,479.74,5,E,5,N
4,328.34,499.50,1,S,5,W
34,361.91,499.80,1,E,5,W
8,408.95,502.00,1,S,1,W
9,410.54,502.30,1,S,1,W
35,371.01,515.50,1,E,5,E
1,301.30,521.64,1,S,5,N
39,372.86,521.94,2,E,5,N
3,319.99,522.24,1,S,5,N
33,320.60,522.54,1,E,5,N
42,476.63,538.40,3,W,5,N
62,521.02,565.64,5,W,5,N
5,374.92,599.40,1,S,5,W
10,418.90,599.70,1,S,5,W
12,435.45,600.00,1,S,5,W
20,380.92,600.30,1,W,5,W
21,394.12,600.60,1,W,5,W
6,388.61,621.54,1,S,5,N
11,431.21,621.84,1,S,5,N
22,398.70,622.14,1,W,5,N
46,592.25,699.30,3,E,5,W
23,523.93,699.60,1,W,5,W
13,681.41,702.80,1,S,1,W
24,553.18,721.44,1,W,5,N
63,735.62,765.44,5,W,5,N
64,745.57,765.74,5,W,5,N
65,759.71,765.85,5,W,5,N
66,760.96,767.09,5,W,5,N
36,679.57,799.20,1,E,5,W
25,567.47,821.34,1,W,5,N
47,707.94,829.57,3,E,5,N
67,831.36,865.34,5,W,5,N
68,839.61,865.64,5,W,5,N
69,852.37,865.94,5,W,5,N
30,843.75,900.90,1,W,2,W
40,735.11,921.24,2,E,5,N
26,699.68,921.54,1,W,5,N
27,824.69,1021.14,1,W,5,N
28,824.71,1021.44,1,W,5,N
29,835.56,1021.74,1,W,5,N
37,897.37,1022.04,1,E,5,N