id,enter_time,exit_time,entrance_intersection,entrance_direction,exit_intersection,exit_direction
78,9.30,66.14,5,W,5,N
79,30.97,66.44,5,W,5,N
80,36.00,66.74,5,W,5,N
81,56.10,67.04,5,W,5,N
82,60.65,67.34,5,W,5,N
1,2.84,99.80,1,S,3,W
5,84.83,100.40,1,S,1,W
6,97.66,113.20,1,S,1,E
71,54.73,125.13,3,W,5,E
83,145.76,166.04,5,W,5,N
84,159.19,166.34,5,W,5,N
85,167.41,173.55,5,W,5,N
3,60.75,199.60,1,S,3,W
2,48.81,199.60,1,S,3,E
70,16.02,199.80,3,W,5,W
44,9.24,200.10,1,W,5,W
0,1.16,221.94,1,S,5,N
64,28.85,222.24,2,W,5,N
8,157.88,240.02,1,S,2,W
86,175.75,265.94,5,W,5,N
87,243.35,266.24,5,W,5,N
4,71.63,299.70,1,S,5,W
52,119.16,321.84,1,E,5,N
66,298.34,334.42,2,W,3,W
88,357.72,365.84,5,W,5,N
7,142.90,399.60,1,S,5,W
9,187.34,399.90,1,S,5,W
65,203.32,400.20,2,W,5,W
53,333.93,400.40,1,E,2,W
45,201.66,400.50,1,W,5,W
10,192.26,421.74,1,S,5,N
11,202.08,422.04,1,S,5,N
67,387.97,424.04,2,E,3,W
54,338.13,437.07,1,E,3,W
89,443.77,465.74,5,W,5,N
90,445.99,466.04,5,W,5,N
91,452.37,466.34,5,W,5,N
92,458.22,466.64,5,W,5,N
93,469.44,475.58,5,W,5,N
47,361.46,499.50,1,W,5,W
46,303.85,521.64,1,W,5,N
73,459.31,530.17,3,E,5,N
94,476.94,565.64,5,W,5,N
95,492.28,565.94,5,W,5,N
99,584.82,590.96,5,E,5,N
56,559.81,600.60,1,E,2,W
14,509.60,602.40,1,S,1,W
18,550.46,602.70,1,S,1,W
72,545.16,629.97,3,W,5,N
24,623.57,637.70,1,S,1,E
19,558.99,641.62,1,S,2,E
74,586.19,647.96,3,E,5,N
96,655.17,665.54,5,W,5,N
97,670.38,676.52,5,W,5,N
13,486.72,699.30,1,S,5,W
15,525.45,699.60,1,S,5,W
16,536.58,699.90,1,S,5,W
48,521.63,700.20,1,W,5,W
49,536.81,700.50,1,W,5,W
57,582.29,700.80,1,E,5,W
23,604.35,702.80,1,S,1,W
31,687.60,703.10,1,S,1,W
32,697.19,711.33,1,S,1,W
55,551.27,715.30,1,E,5,E
12,483.03,721.44,1,S,5,N
27,645.50,741.72,1,S,2,W
98,684.83,765.44,5,W,5,N
30,666.34,798.40,1,S,3,W
75,629.65,799.20,3,E,5,W
20,566.43,799.50,1,S,5,W
21,585.51,799.80,1,S,5,W
33,708.19,803.20,1,S,1,W
36,759.07,803.50,1,S,1,W
37,770.84,816.00,1,S,1,E
17,543.15,821.34,1,S,5,N
22,591.61,821.64,1,S,5,N
25,628.91,821.94,1,S,5,N
26,631.80,822.24,1,S,5,N
58,728.18,837.47,1,E,3,W
40,828.38,842.51,1,S,1,E
77,787.12,848.89,3,E,5,N
76,735.22,899.10,3,E,5,W
29,658.39,899.40,1,S,5,W
34,714.63,899.70,1,S,5,W
50,689.97,900.00,1,W,5,W
28,650.35,921.24,1,S,5,N
68,751.16,921.54,2,E,5,N
51,854.69,937.27,1,W,3,W
35,758.20,999.00,1,S,5,W
38,780.17,999.30,1,S,5,W
69,866.65,999.60,2,E,5,W
60,844.74,999.90,1,E,5,W
62,869.45,1000.20,1,E,5,W
39,781.79,1021.14,1,S,5,N
41,833.08,1021.44,1,S,5,N
59,809.96,1021.74,1,E,5,N
61,861.33,1022.04,1,E,5,N
63,886.95,1022.34,1,E,5,N
42,895.14,1098.90,1,S,5,W
43,897.68,1121.04,1,S,5,N