id,enter_time,exit_time,entrance_intersection,entrance_direction,exit_intersection,exit_direction
58,64.32,70.46,5,W,5,N
54,26.54,131.27,3,E,5,N
55,40.35,131.57,3,E,5,N
59,94.49,166.04,5,W,5,N
53,14.67,199.80,3,E,5,W
36,45.09,221.94,1,E,5,N
49,154.07,230.77,3,W,5,N
60,179.13,265.94,5,W,5,N
61,190.98,266.24,5,W,5,N
62,204.24,266.54,5,W,5,N
63,214.10,266.84,5,W,5,N
64,231.37,267.14,5,W,5,N
65,255.00,267.44,5,W,5,N
66,262.22,268.35,5,W,5,N
1,46.59,299.70,1,S,5,W
20,83.41,300.00,1,W,5,W
22,167.48,300.30,1,W,2,W
0,44.50,321.84,1,S,5,N
2,53.71,322.14,1,S,5,N
21,95.02,322.44,1,W,5,N
37,117.15,322.74,1,E,5,N
38,194.00,323.04,1,E,5,N
40,294.77,356.96,1,E,3,W
72,335.79,379.84,5,E,5,N
50,276.53,399.60,3,W,5,W
51,285.72,399.90,3,W,5,W
24,340.64,400.40,1,W,2,W
5,356.05,401.60,1,S,1,W
39,213.67,415.60,1,E,5,E
23,291.75,436.77,1,W,3,W
56,388.55,444.18,3,E,5,E
67,374.73,465.74,5,W,5,N
47,365.79,499.50,2,E,5,W
3,324.28,521.64,1,S,5,N
25,352.44,521.94,1,W,5,N
41,400.05,524.01,1,E,5,N
6,356.15,599.40,1,S,5,W
7,372.92,599.70,1,S,5,W
11,410.76,600.00,1,S,5,W
12,418.28,600.30,1,S,5,W
14,587.79,602.40,1,S,1,W
9,387.64,615.40,1,S,5,E
4,339.45,621.54,1,S,5,N
8,383.37,621.84,1,S,5,N
10,398.99,622.14,1,S,5,N
13,421.98,622.44,1,S,5,N
42,419.23,622.74,1,E,5,N
27,496.12,636.97,1,W,3,W
73,689.18,695.31,5,E,5,N
43,525.69,699.30,1,E,5,W
44,536.46,699.60,1,E,5,W
48,583.82,721.44,2,E,5,N
26,481.48,721.74,1,W,5,N
68,722.10,765.44,5,W,5,N
69,734.34,765.74,5,W,5,N
46,660.33,799.20,2,W,5,W
15,603.03,821.34,1,S,5,N
28,628.24,821.64,1,W,5,N
29,628.42,821.94,1,W,5,N
45,610.55,822.24,1,E,5,N
52,785.55,847.32,3,W,5,N
70,800.57,865.34,5,W,5,N
71,841.21,865.64,5,W,5,N
16,859.90,903.60,1,S,1,W
30,743.37,921.24,1,W,5,N
32,837.70,937.27,1,W,3,W
57,799.38,999.00,3,E,5,W
31,774.98,999.30,1,W,5,W
33,848.96,1021.14,1,W,5,N
34,859.92,1021.44,1,W,5,N
35,868.58,1037.07,1,W,3,E
17,868.81,1121.04,1,S,5,N
18,881.44,1121.34,1,S,5,N
19,886.24,1121.64,1,S,5,N