id,enter_time,exit_time,entrance_intersection,entrance_direction,exit_intersection,exit_direction
52,1.24,66.14,5,W,5,N
53,16.65,66.44,5,W,5,N
65,8.75,80.14,5,E,5,N
66,52.99,80.44,5,E,5,N
67,71.76,80.74,5,E,5,N
68,84.40,90.54,5,E,5,N
45,67.53,130.97,3,E,5,N
46,78.59,134.23,3,E,5,E
47,86.84,148.61,3,E,5,N
54,97.36,166.04,5,W,5,N
55,110.77,166.34,5,W,5,N
0,10.93,221.94,1,S,5,N
1,22.37,222.24,1,S,5,N
41,164.91,230.77,3,W,5,N
69,261.82,279.94,5,E,5,N
7,114.18,299.70,1,W,5,W
15,258.87,300.30,1,W,2,W
6,104.06,321.84,1,W,5,N
8,124.17,322.14,1,W,5,N
10,198.05,399.60,1,W,5,W
11,199.87,399.90,1,W,5,W
39,236.79,421.74,2,E,5,N
9,187.31,422.04,1,W,5,N
12,202.33,422.34,1,W,5,N
13,216.50,422.64,1,W,5,N
14,247.16,422.94,1,W,5,N
43,315.12,424.53,3,W,5,E
42,308.76,430.37,3,W,5,N
56,423.57,465.74,5,W,5,N
57,424.24,466.04,5,W,5,N
58,436.60,466.34,5,W,5,N
70,438.93,479.74,5,E,5,N
24,349.87,521.64,1,E,5,N
25,356.73,521.94,1,E,5,N
44,474.05,535.82,3,W,5,N
71,555.05,579.64,5,E,5,N
2,347.58,599.40,1,S,5,W
16,422.98,599.70,1,W,5,W
18,443.88,600.00,1,W,5,W
19,453.25,600.30,1,W,5,W
26,512.36,600.60,1,E,2,W
3,391.49,621.54,1,S,5,N
4,401.78,621.84,1,S,5,N
17,431.35,622.14,1,W,5,N
27,557.62,637.27,1,E,3,W
48,505.25,699.30,3,E,5,W
49,520.04,699.60,3,E,5,W
20,467.26,699.90,1,W,5,W
21,483.15,721.44,1,W,5,N
50,673.51,735.28,3,E,5,N
31,671.73,737.97,1,E,3,E
22,613.95,799.20,1,W,5,W
28,606.26,799.50,1,E,5,W
29,616.13,815.20,1,E,5,E
35,632.57,821.34,2,W,5,N
40,617.28,821.64,2,E,5,N
36,676.44,821.94,2,W,5,N
37,699.18,822.24,2,W,5,N
30,626.11,822.54,1,E,5,N
51,731.55,829.57,3,E,5,N
59,774.13,865.34,5,W,5,N
60,804.44,865.64,5,W,5,N
61,818.48,865.94,5,W,5,N
62,832.55,866.24,5,W,5,N
63,837.00,866.54,5,W,5,N
64,851.29,866.84,5,W,5,N
23,748.49,899.10,1,W,5,W
32,748.63,899.40,1,E,5,W
33,769.79,899.70,1,E,5,W
34,776.46,921.24,1,E,5,N
5,761.66,1021.14,1,S,5,N
38,859.37,1021.44,2,W,5,N