id,enter_time,exit_time,entrance_intersection,entrance_direction,exit_intersection,exit_direction
45,15.84,66.14,5,W,5,N
46,29.20,66.44,5,W,5,N
62,9.49,80.14,5,E,5,N
63,61.12,80.44,5,E,5,N
47,110.72,166.04,5,W,5,N
2,21.68,199.80,1,S,5,W
3,36.20,200.10,1,S,5,W
15,8.85,215.80,1,W,5,E
0,2.75,221.94,1,S,5,N
1,9.32,222.24,1,S,5,N
16,17.24,222.54,1,W,5,N
17,26.49,222.84,1,W,5,N
18,159.62,321.84,1,W,5,N
48,318.27,365.84,5,W,5,N
49,332.35,366.14,5,W,5,N
50,354.85,366.44,5,W,5,N
19,225.15,399.60,1,W,5,W
5,297.98,401.60,1,S,1,W
6,302.41,401.90,1,S,1,W
34,230.54,421.74,2,W,5,N
20,229.62,422.04,1,W,5,N
30,239.12,422.34,1,E,5,N
41,370.60,432.37,3,E,5,N
64,461.59,479.74,5,E,5,N
31,391.80,509.62,1,E,5,W
21,297.95,515.50,1,W,5,E
22,307.75,515.80,1,W,5,E
4,292.79,521.64,1,S,5,N
37,399.60,521.94,2,E,5,N
7,312.06,522.24,1,S,5,N
8,316.36,522.54,1,S,5,N
9,319.94,522.84,1,S,5,N
32,412.24,537.47,1,E,3,W
51,568.35,574.48,5,W,5,N
52,568.69,574.83,5,W,5,N
65,506.66,579.64,5,E,5,N
66,542.93,579.94,5,E,5,N
23,385.25,621.54,1,W,5,N
24,416.81,621.84,1,W,5,N
25,419.11,622.14,1,W,5,N
33,435.80,622.44,1,E,5,N
39,511.61,629.97,3,W,5,N
40,531.34,630.27,3,W,5,N
53,577.58,665.54,5,W,5,N
54,588.32,665.84,5,W,5,N
55,601.51,666.14,5,W,5,N
56,615.92,666.44,5,W,5,N
67,679.65,685.78,5,E,5,N
27,544.58,699.30,1,W,5,W
35,506.27,721.44,2,W,5,N
26,535.30,721.74,1,W,5,N
57,702.32,765.44,5,W,5,N
58,703.00,765.74,5,W,5,N
59,755.21,766.04,5,W,5,N
68,742.25,779.44,5,E,5,N
69,759.61,779.74,5,E,5,N
10,638.90,799.20,1,S,5,W
28,656.33,815.20,1,W,5,E
60,838.87,865.34,5,W,5,N
70,830.78,879.34,5,E,5,N
71,839.85,879.64,5,E,5,N
42,733.25,899.10,3,E,5,W
12,656.63,899.40,1,S,5,W
11,642.12,921.24,1,S,5,N
13,670.18,921.54,1,S,5,N
14,674.89,921.84,1,S,5,N
36,732.69,922.14,2,W,5,N
38,781.08,922.44,2,E,5,N
29,833.75,936.97,1,W,3,E
43,889.17,944.81,3,E,5,E
61,899.74,965.24,5,W,5,N
44,898.96,1029.17,3,E,5,N