id,enter_time,exit_time,entrance_intersection,entrance_direction,exit_intersection,exit_direction
61,67.03,73.16,5,W,5,N
41,94.08,156.27,1,E,3,W
62,87.95,166.04,5,W,5,N
63,97.38,166.34,5,W,5,N
64,115.34,166.64,5,W,5,N
65,123.79,166.94,5,W,5,N
66,137.57,167.24,5,W,5,N
0,5.13,221.94,1,S,5,N
1,13.35,222.24,1,S,5,N
2,19.39,222.54,1,S,5,N
3,35.18,222.84,1,S,5,N
40,9.30,223.14,1,E,5,N
67,210.07,265.94,5,W,5,N
68,222.19,266.24,5,W,5,N
4,48.38,299.70,1,S,5,W
7,71.04,300.00,1,S,5,W
5,61.01,321.84,1,S,5,N
6,70.93,322.14,1,S,5,N
26,125.47,322.44,1,W,5,N
57,255.88,330.57,3,E,5,N
58,264.11,330.87,3,E,5,N
69,293.04,365.84,5,W,5,N
70,307.14,366.14,5,W,5,N
71,369.36,375.50,5,W,5,N
27,204.73,399.60,1,W,5,W
52,213.49,415.60,2,E,5,E
28,205.68,421.74,1,W,5,N
29,255.58,422.04,1,W,5,N
59,373.46,435.23,3,E,5,N
72,390.83,465.74,5,W,5,N
83,434.42,479.74,5,E,5,N
30,314.29,499.50,1,W,5,W
44,413.48,500.50,1,E,2,W
8,417.88,502.00,1,S,1,W
42,309.67,521.64,1,E,5,N
43,330.39,521.94,1,E,5,N
54,468.97,524.60,3,W,5,E
60,484.83,546.60,3,E,5,N
9,420.14,599.40,1,S,5,W
31,446.12,599.70,1,W,5,W
45,494.21,621.54,1,E,5,N
73,581.53,665.54,5,W,5,N
74,651.18,665.84,5,W,5,N
75,663.78,669.92,5,W,5,N
84,662.54,679.54,5,E,5,N
55,561.86,699.30,3,W,5,W
32,511.47,699.60,1,W,5,W
33,524.59,721.44,1,W,5,N
34,538.26,721.74,1,W,5,N
46,530.25,722.04,1,E,5,N
56,616.85,723.63,3,W,5,E
35,596.66,736.77,1,W,3,E
76,675.08,765.44,5,W,5,N
77,684.27,765.74,5,W,5,N
78,687.44,766.04,5,W,5,N
79,703.91,766.34,5,W,5,N
80,713.93,766.64,5,W,5,N
81,716.32,766.94,5,W,5,N
82,724.79,767.24,5,W,5,N
50,696.04,799.20,2,W,5,W
16,795.91,810.05,1,S,1,W
53,601.97,815.20,2,E,5,E
15,787.91,816.00,1,S,1,E
36,600.78,821.34,1,W,5,N
47,642.51,821.64,1,E,5,N
37,734.79,899.10,1,W,5,W
23,864.44,903.60,1,S,1,W
10,739.18,921.24,1,S,5,N
25,899.51,943.42,1,S,2,W
19,832.63,999.00,1,S,5,W
38,794.75,999.30,1,W,5,W
48,852.95,999.60,1,E,5,W
49,870.65,999.90,1,E,5,W
11,762.67,1021.14,1,S,5,N
12,771.39,1021.44,1,S,5,N
13,781.70,1021.74,1,S,5,N
14,785.08,1022.04,1,S,5,N
51,805.73,1022.34,2,W,5,N
17,809.59,1022.64,1,S,5,N
18,812.02,1022.94,1,S,5,N
20,838.74,1023.24,1,S,5,N
39,803.95,1023.54,1,W,5,N
21,842.24,1121.04,1,S,5,N
22,843.46,1121.34,1,S,5,N
24,887.85,1121.64,1,S,5,N