id,enter_time,exit_time,entrance_intersection,entrance_direction,exit_intersection,exit_direction
105,54.39,80.14,5,E,5,N
106,59.29,80.44,5,E,5,N
107,62.72,80.74,5,E,5,N
0,0.16,100.40,1,S,1,W
3,20.69,100.70,1,S,1,W
5,39.31,113.20,1,S,1,E
79,73.88,166.04,5,W,5,N
80,137.45,166.34,5,W,5,N
108,110.26,180.04,5,E,5,N
59,3.35,199.80,1,E,5,W
109,194.63,200.77,5,E,5,N
13,154.42,200.80,1,S,1,W
16,189.71,203.85,1,S,1,W
12,140.31,213.60,1,S,1,E
1,10.38,221.94,1,S,5,N
2,20.39,222.24,1,S,5,N
4,25.30,222.54,1,S,5,N
81,191.59,265.94,5,W,5,N
82,193.04,266.24,5,W,5,N
83,211.46,266.54,5,W,5,N
84,222.87,266.84,5,W,5,N
85,229.20,267.14,5,W,5,N
110,258.60,279.94,5,E,5,N
73,165.71,299.70,3,W,5,W
69,103.38,300.00,2,W,5,W
8,106.99,300.30,1,S,5,W
20,258.07,301.20,1,S,1,W
6,42.94,321.84,1,S,5,N
7,100.47,322.14,1,S,5,N
9,115.08,322.44,1,S,5,N
10,126.26,322.74,1,S,5,N
35,79.08,323.04,1,W,5,N
86,361.44,367.58,5,W,5,N
87,367.60,373.74,5,W,5,N
11,140.21,399.60,1,S,5,W
36,203.62,399.90,1,W,5,W
14,160.56,415.60,1,S,5,E
15,183.78,421.74,1,S,5,N
17,202.30,422.04,1,S,5,N
70,289.28,422.34,2,W,5,N
18,230.71,422.64,1,S,5,N
19,234.04,422.94,1,S,5,N
60,249.28,423.24,1,E,5,N
61,269.02,423.54,1,E,5,N
77,309.23,424.23,3,E,5,E
88,385.57,465.74,5,W,5,N
89,396.30,466.04,5,W,5,N
90,404.74,466.34,5,W,5,N
91,413.16,466.64,5,W,5,N
74,376.57,499.50,3,W,5,W
62,329.78,499.80,1,E,5,W
63,344.76,500.10,1,E,5,W
64,381.04,500.40,1,E,5,W
43,450.46,500.50,1,W,2,E
37,316.54,515.50,1,W,5,E
39,348.73,515.80,1,W,5,E
71,362.63,521.64,2,E,5,N
38,340.64,521.94,1,W,5,N
92,477.11,565.64,5,W,5,N
93,560.11,566.25,5,W,5,N
94,572.71,578.85,5,W,5,N
41,411.19,599.40,1,W,5,W
21,535.68,600.60,1,S,2,W
23,546.87,602.40,1,S,1,W
24,573.13,602.70,1,S,1,W
28,600.40,615.20,1,S,1,E
65,401.50,621.54,1,E,5,N
40,399.63,621.84,1,W,5,N
42,420.80,622.14,1,W,5,N
95,580.65,665.54,5,W,5,N
96,593.85,665.84,5,W,5,N
111,637.89,679.54,5,E,5,N
112,644.98,679.84,5,E,5,N
44,503.08,699.30,1,W,5,W
66,549.36,699.60,1,E,5,W
45,558.43,721.44,1,W,5,N
97,709.46,765.44,5,W,5,N
98,717.71,765.74,5,W,5,N
99,730.17,766.04,5,W,5,N
100,744.59,766.34,5,W,5,N
113,709.30,779.44,5,E,5,N
114,779.06,785.20,5,E,5,N
48,654.27,799.20,1,W,5,W
22,546.01,821.34,1,S,5,N
25,593.58,821.64,1,S,5,N
26,593.66,821.94,1,S,5,N
27,593.72,822.24,1,S,5,N
29,603.46,822.54,1,S,5,N
46,634.80,822.84,1,W,5,N
47,645.93,823.14,1,W,5,N
67,627.80,823.44,1,E,5,N
68,662.31,823.74,1,E,5,N
101,796.48,865.34,5,W,5,N
102,872.32,878.45,5,W,5,N
78,752.15,899.10,3,E,5,W
50,677.78,899.40,1,W,5,W
54,761.16,899.70,1,W,5,W
31,826.23,900.90,1,S,2,W
32,832.50,903.60,1,S,1,W
53,750.12,915.10,1,W,5,E
34,851.76,916.40,1,S,1,E
72,731.89,921.24,2,E,5,N
49,668.20,921.54,1,W,5,N
51,686.12,921.84,1,W,5,N
52,739.53,922.14,1,W,5,N
75,887.50,949.27,3,W,5,N
103,886.76,965.24,5,W,5,N
104,891.90,965.54,5,W,5,N
56,794.59,999.00,1,W,5,W
30,823.30,1021.14,1,S,5,N
55,780.62,1021.44,1,W,5,N
57,848.50,1021.74,1,W,5,N
58,848.78,1022.04,1,W,5,N
76,899.12,1098.90,3,W,5,W
33,844.16,1121.04,1,S,5,N