id,enter_time,exit_time,entrance_intersection,entrance_direction,exit_intersection,exit_direction
2,28.18,42.31,1,S,1,E
71,10.05,66.14,5,W,5,N
72,14.72,66.44,5,W,5,N
73,30.39,66.74,5,W,5,N
74,35.86,67.04,5,W,5,N
75,52.21,67.34,5,W,5,N
76,73.09,79.22,5,W,5,N
88,7.42,80.14,5,E,5,N
8,92.82,113.20,1,S,1,E
11,118.96,133.10,1,S,1,E
5,76.70,139.62,1,S,2,E
58,90.54,152.31,3,E,5,N
89,126.88,180.04,5,E,5,N
90,132.76,180.34,5,E,5,N
55,23.79,199.80,3,W,5,W
0,10.92,200.10,1,S,5,W
30,37.44,200.40,1,W,5,W
14,141.22,200.80,1,S,1,W
1,14.28,221.94,1,S,5,N
3,32.11,222.24,1,S,5,N
29,12.86,222.54,1,W,5,N
60,149.43,231.07,3,E,5,N
59,133.75,299.70,3,E,5,W
49,180.38,300.00,2,W,5,W
13,132.95,300.30,1,S,5,W
9,92.83,315.70,1,S,5,E
4,38.20,321.84,1,S,5,N
6,81.94,322.14,1,S,5,N
7,88.24,322.44,1,S,5,N
10,103.97,322.74,1,S,5,N
12,128.05,323.04,1,S,5,N
41,115.56,323.34,1,E,5,N
56,227.24,330.57,3,W,5,N
77,314.24,365.84,5,W,5,N
78,324.41,366.14,5,W,5,N
79,346.67,366.44,5,W,5,N
80,350.21,366.74,5,W,5,N
34,273.91,400.40,1,W,2,E
31,171.50,421.74,1,W,5,N
32,186.80,422.04,1,W,5,N
33,264.34,422.34,1,W,5,N
81,413.64,465.74,5,W,5,N
82,472.42,478.56,5,W,5,N
91,459.41,479.74,5,E,5,N
92,465.33,480.04,5,E,5,N
35,413.53,500.50,1,W,2,W
18,436.25,502.00,1,S,1,W
22,470.54,502.30,1,S,1,W
23,495.25,509.39,1,S,1,W
52,376.80,521.64,2,E,5,N
42,345.81,521.94,1,E,5,N
83,487.24,565.64,5,W,5,N
84,557.67,565.94,5,W,5,N
15,395.27,599.40,1,S,5,W
16,402.09,599.70,1,S,5,W
25,541.87,602.40,1,S,1,W
50,449.21,621.54,2,W,5,N
17,413.13,621.84,1,S,5,N
43,431.65,622.14,1,E,5,N
62,545.98,624.13,3,E,5,E
61,531.33,629.97,3,E,5,N
63,559.16,630.57,3,E,5,N
36,543.04,636.97,1,W,3,W
64,568.08,699.30,3,E,5,W
19,445.18,721.44,1,S,5,N
20,452.49,721.74,1,S,5,N
21,467.04,722.04,1,S,5,N
24,518.94,722.34,1,S,5,N
37,554.53,722.64,1,W,5,N
44,511.91,722.94,1,E,5,N
45,533.75,723.24,1,E,5,N
65,682.73,799.20,3,E,5,W
39,695.23,800.80,1,W,2,W
26,787.48,803.20,1,S,1,W
66,697.90,821.34,3,E,5,N
51,633.02,821.64,2,W,5,N
38,608.82,821.94,1,W,5,N
57,762.30,829.57,3,W,5,N
67,706.77,829.87,3,E,5,N
47,751.98,837.47,1,E,3,E
85,828.46,865.34,5,W,5,N
93,891.13,897.27,5,E,5,N
40,761.90,899.10,1,W,5,W
27,803.61,903.60,1,S,1,W
28,815.24,903.90,1,S,1,W
53,713.19,921.24,2,E,5,N
46,720.32,921.54,1,E,5,N
68,841.59,929.37,3,E,5,N
70,862.76,929.97,3,E,5,N
86,887.55,965.24,5,W,5,N
87,887.57,965.54,5,W,5,N
69,854.17,999.00,3,E,5,W
54,805.44,1015.00,2,E,5,E
48,887.21,1021.14,1,E,5,N