id,enter_time,exit_time,entrance_intersection,entrance_direction,exit_intersection,exit_direction
112,11.74,80.14,5,E,5,N
113,15.09,80.44,5,E,5,N
114,44.57,80.74,5,E,5,N
1,36.17,100.40,1,S,1,W
2,40.52,100.70,1,S,1,W
3,57.16,101.00,1,S,1,W
4,64.75,101.30,1,S,1,W
5,104.92,119.05,1,S,1,E
115,147.41,180.04,5,E,5,N
0,9.95,199.80,1,S,5,W
65,18.33,200.10,1,E,5,W
7,114.94,200.80,1,S,1,W
11,174.22,201.10,1,S,1,W
12,184.55,201.40,1,S,1,W
47,8.79,221.94,1,W,5,N
66,98.46,222.42,1,E,5,N
88,266.36,272.49,5,W,5,N
14,206.90,301.20,1,S,1,W
16,212.02,301.50,1,S,1,W
76,269.66,312.77,2,W,3,W
49,145.80,315.70,1,W,5,E
50,154.29,316.00,1,W,5,E
6,106.88,321.84,1,S,5,N
8,121.58,322.14,1,S,5,N
9,130.03,322.44,1,S,5,N
48,67.20,322.74,1,W,5,N
67,116.32,323.04,1,E,5,N
89,287.91,365.84,5,W,5,N
90,307.83,366.14,5,W,5,N
91,336.79,366.44,5,W,5,N
92,349.29,366.74,5,W,5,N
93,349.87,367.04,5,W,5,N
15,207.44,399.60,1,S,5,W
68,244.70,399.90,1,E,5,W
10,150.96,421.74,1,S,5,N
13,198.05,422.04,1,S,5,N
75,243.60,422.34,2,W,5,N
17,223.05,422.64,1,S,5,N
18,234.19,422.94,1,S,5,N
51,183.28,423.24,1,W,5,N
69,245.53,423.54,1,E,5,N
53,324.45,499.50,1,W,5,W
55,385.55,500.50,1,W,2,W
77,453.21,512.67,2,W,3,E
19,237.85,521.64,1,S,5,N
20,245.86,521.94,1,S,5,N
78,396.41,522.24,2,E,5,N
52,314.59,522.54,1,W,5,N
54,339.55,522.84,1,W,5,N
80,469.03,530.80,3,W,5,N
70,465.26,536.57,1,E,3,W
83,477.02,538.79,3,E,5,N
94,473.45,565.64,5,W,5,N
95,484.38,565.94,5,W,5,N
96,498.90,566.24,5,W,5,N
97,557.94,566.54,5,W,5,N
98,570.56,576.69,5,W,5,N
116,568.78,579.64,5,E,5,N
84,488.99,599.40,3,E,5,W
21,558.07,602.40,1,S,1,W
22,564.72,602.70,1,S,1,W
86,554.74,630.27,3,E,5,N
99,582.00,665.54,5,W,5,N
100,584.46,665.84,5,W,5,N
101,597.33,666.14,5,W,5,N
102,602.27,666.44,5,W,5,N
103,612.18,666.74,5,W,5,N
104,629.61,667.04,5,W,5,N
85,540.67,699.30,3,E,5,W
57,524.48,699.60,1,W,5,W
58,651.94,700.70,1,W,2,E
32,696.05,710.18,1,S,1,W
33,698.29,712.42,1,S,1,W
72,599.62,717.44,1,E,5,E
56,513.65,721.44,1,W,5,N
71,512.08,721.74,1,E,5,N
81,660.52,729.77,3,W,5,N
105,731.98,765.44,5,W,5,N
106,736.55,765.74,5,W,5,N
107,745.78,766.04,5,W,5,N
87,624.38,799.20,3,E,5,W
34,719.98,803.20,1,S,1,W
26,629.81,815.20,1,S,5,E
73,695.53,815.50,1,E,5,E
37,754.78,816.00,1,S,1,E
40,791.06,816.30,1,S,1,E
23,579.03,821.34,1,S,5,N
24,605.18,821.64,1,S,5,N
25,615.04,821.94,1,S,5,N
27,635.34,822.24,1,S,5,N
59,664.02,822.54,1,W,5,N
35,720.02,836.87,1,S,3,W
108,857.62,865.34,5,W,5,N
109,861.21,867.34,5,W,5,N
110,869.64,875.78,5,W,5,N
38,778.13,898.20,1,S,3,W
31,695.97,899.10,1,S,5,W
79,727.62,899.40,2,E,5,W
117,893.67,899.81,5,E,5,N
28,642.22,921.24,1,S,5,N
29,643.35,921.54,1,S,5,N
30,651.32,921.84,1,S,5,N
60,686.15,922.14,1,W,5,N
61,695.05,922.44,1,W,5,N
62,708.07,922.74,1,W,5,N
82,881.21,936.85,3,W,5,E
111,887.40,965.24,5,W,5,N
41,803.46,999.00,1,S,5,W
42,812.10,999.30,1,S,5,W
44,839.35,999.60,1,S,5,W
64,792.25,999.90,1,W,5,W
36,742.20,1021.14,1,S,5,N
39,790.35,1021.44,1,S,5,N
43,823.64,1021.74,1,S,5,N
63,779.19,1022.04,1,W,5,N
74,864.50,1022.34,1,E,5,N
45,841.20,1098.90,1,S,5,W
46,843.95,1121.04,1,S,5,N