id,enter_time,exit_time,entrance_intersection,entrance_direction,exit_intersection,exit_direction
76,19.99,66.14,5,W,5,N
77,32.89,66.44,5,W,5,N
1,33.17,100.10,1,S,2,W
4,70.68,100.40,1,S,1,W
78,141.93,166.04,5,W,5,N
68,47.88,199.80,3,E,5,W
38,148.62,200.20,1,W,2,W
51,156.74,200.50,1,E,2,W
0,18.82,221.94,1,S,5,N
2,33.72,222.24,1,S,5,N
61,149.34,230.77,3,W,5,N
39,160.85,236.87,1,W,3,W
69,187.46,299.70,3,E,5,W
3,62.95,315.70,1,S,5,E
55,118.61,321.84,2,W,5,N
36,128.90,322.14,1,W,5,N
37,139.62,322.44,1,W,5,N
64,271.08,326.71,3,W,5,E
62,248.08,330.57,3,W,5,N
63,252.28,330.87,3,W,5,N
79,285.33,365.84,5,W,5,N
80,306.17,366.14,5,W,5,N
87,359.58,379.84,5,E,5,N
88,384.05,390.19,5,E,5,N
70,273.60,399.60,3,E,5,W
71,284.23,399.90,3,E,5,W
56,201.46,400.20,2,W,5,W
40,233.91,400.50,1,W,5,W
10,362.35,401.60,1,S,1,W
11,365.97,401.90,1,S,1,W
72,326.58,430.37,3,E,5,N
89,463.43,479.74,5,E,5,N
90,475.88,482.02,5,E,5,N
7,339.60,499.00,1,S,3,E
65,299.70,499.50,3,W,5,W
59,331.17,499.80,2,E,5,W
5,315.57,500.10,1,S,5,W
19,449.59,502.00,1,S,1,W
20,464.01,502.30,1,S,1,W
6,325.82,521.64,1,S,5,N
41,309.85,521.94,1,W,5,N
66,410.81,530.17,3,W,5,N
81,507.89,565.64,5,W,5,N
91,571.10,579.64,5,E,5,N
23,475.44,598.80,1,S,3,W
14,396.39,599.40,1,S,5,W
42,382.64,615.40,1,W,5,E
8,342.48,621.54,1,S,5,N
9,351.83,621.84,1,S,5,N
12,376.54,622.14,1,S,5,N
13,381.60,622.44,1,S,5,N
57,434.85,622.74,2,W,5,N
15,410.94,623.04,1,S,5,N
16,424.53,623.34,1,S,5,N
17,430.82,623.64,1,S,5,N
43,397.18,623.94,1,W,5,N
44,404.52,624.24,1,W,5,N
82,590.76,665.54,5,W,5,N
46,544.72,699.30,1,W,5,W
18,440.64,721.44,1,S,5,N
21,470.28,721.74,1,S,5,N
22,471.17,722.04,1,S,5,N
45,517.68,722.34,1,W,5,N
47,553.92,722.64,1,W,5,N
52,621.43,799.20,1,E,5,W
25,795.34,809.48,1,S,1,W
58,629.99,821.34,2,W,5,N
48,624.67,821.64,1,W,5,N
53,699.27,823.23,1,E,5,N
73,752.87,829.57,3,E,5,N
74,764.72,829.87,3,E,5,N
27,823.05,837.19,1,S,1,E
83,839.11,865.34,5,W,5,N
84,862.47,868.60,5,W,5,N
85,863.29,869.43,5,W,5,N
29,850.18,916.40,1,S,1,E
34,888.30,916.70,1,S,1,E
60,711.37,921.24,2,E,5,N
49,749.22,921.54,1,W,5,N
67,852.04,929.37,3,W,5,N
86,872.89,965.24,5,W,5,N
32,867.49,998.00,1,S,3,E
75,810.63,999.00,3,E,5,W
26,807.44,999.30,1,S,5,W
24,782.25,1021.14,1,S,5,N
28,837.60,1021.44,1,S,5,N
54,834.89,1021.74,1,E,5,N
31,864.63,1098.90,1,S,5,W
30,857.99,1114.90,1,S,5,E
33,880.97,1121.04,1,S,5,N
35,889.94,1121.34,1,S,5,N
50,870.15,1121.64,1,W,5,N