id,enter_time,exit_time,entrance_intersection,entrance_direction,exit_intersection,exit_direction
78,47.15,80.14,5,E,5,N
65,14.31,199.80,3,E,5,W
46,20.25,200.10,1,E,5,W
58,138.00,212.37,2,E,3,W
36,104.12,236.27,1,W,3,W
69,259.44,265.94,5,W,5,N
61,130.24,299.70,3,W,5,W
55,119.94,300.00,2,W,5,W
47,231.44,336.67,1,E,3,W
62,281.55,343.32,3,W,5,N
1,265.87,399.20,1,S,3,W
4,291.96,399.50,1,S,3,W
8,320.27,401.60,1,S,1,W
11,352.67,401.90,1,S,1,W
15,372.47,402.20,1,S,1,W
16,389.83,403.97,1,S,1,W
37,178.40,421.74,1,W,5,N
48,298.48,422.44,1,E,5,N
18,396.28,442.02,1,S,2,E
79,408.11,479.74,5,E,5,N
13,354.57,499.00,1,S,3,E
63,382.52,499.50,3,W,5,W
3,290.09,499.80,1,S,5,W
6,309.92,500.10,1,S,5,W
38,308.89,500.40,1,W,5,W
49,315.66,500.70,1,E,5,W
21,422.45,502.00,1,S,1,W
56,428.78,512.67,2,W,3,W
0,241.93,521.64,1,S,5,N
2,278.06,521.94,1,S,5,N
5,306.25,522.24,1,S,5,N
7,316.94,522.54,1,S,5,N
9,334.41,522.84,1,S,5,N
50,392.14,523.14,1,E,5,N
25,493.56,541.22,1,S,2,W
64,492.55,548.19,3,W,5,E
70,477.17,565.64,5,W,5,N
66,487.73,599.40,3,E,5,W
23,437.70,599.70,1,S,5,W
27,515.30,600.60,1,S,2,E
41,549.66,600.60,1,W,2,W
10,345.37,621.54,1,S,5,N
12,353.97,621.84,1,S,5,N
14,361.20,622.14,1,S,5,N
17,392.98,622.44,1,S,5,N
19,398.65,622.74,1,S,5,N
57,495.73,623.04,2,W,5,N
20,409.82,623.34,1,S,5,N
22,430.80,623.64,1,S,5,N
51,534.24,637.87,1,E,3,E
28,522.12,699.30,1,S,5,W
42,566.06,699.60,1,W,5,W
54,688.92,715.03,1,E,2,W
52,575.75,715.30,1,E,5,E
24,447.22,721.44,1,S,5,N
26,503.85,721.74,1,S,5,N
59,505.19,722.04,2,E,5,N
39,483.80,722.34,1,W,5,N
40,535.37,722.64,1,W,5,N
53,673.24,799.20,1,E,5,W
80,799.06,805.20,5,E,5,N
32,798.02,812.16,1,S,1,W
67,755.23,829.57,3,E,5,N
30,787.61,842.42,1,S,2,W
71,800.63,865.34,5,W,5,N
72,810.30,865.64,5,W,5,N
73,843.45,865.94,5,W,5,N
74,844.21,866.24,5,W,5,N
75,852.73,866.54,5,W,5,N
76,871.62,877.76,5,W,5,N
81,800.80,879.34,5,E,5,N
45,842.50,900.90,1,W,2,E
33,813.16,903.60,1,S,1,W
35,875.78,916.40,1,S,1,E
43,674.90,921.24,1,W,5,N
77,885.62,965.24,5,W,5,N
68,854.06,999.00,3,E,5,W
29,787.16,999.30,1,S,5,W
31,796.36,1021.14,1,S,5,N
60,875.21,1021.44,2,E,5,N
44,834.82,1021.74,1,W,5,N
34,857.46,1121.04,1,S,5,N