id,enter_time,exit_time,entrance_intersection,entrance_direction,exit_intersection,exit_direction
90,11.39,66.14,5,W,5,N
91,19.25,66.44,5,W,5,N
79,66.73,131.27,3,W,5,N
92,75.96,166.04,5,W,5,N
93,90.70,166.34,5,W,5,N
94,150.53,166.64,5,W,5,N
78,37.20,199.80,3,W,5,W
80,98.86,221.94,3,W,5,N
63,86.62,222.24,1,E,5,N
95,219.35,265.94,5,W,5,N
96,235.72,266.24,5,W,5,N
97,247.29,266.54,5,W,5,N
3,283.17,314.00,1,S,1,E
46,98.12,321.84,1,W,5,N
47,109.06,322.14,1,W,5,N
81,208.71,330.57,3,W,5,N
64,230.94,337.57,1,E,3,E
0,256.60,340.12,1,S,2,E
98,316.65,365.84,5,W,5,N
99,320.07,366.14,5,W,5,N
100,335.39,366.44,5,W,5,N
101,347.45,366.74,5,W,5,N
102,358.51,367.04,5,W,5,N
103,370.37,376.51,5,W,5,N
84,296.33,399.60,3,E,5,W
50,215.28,399.90,1,W,5,W
4,311.07,401.60,1,S,1,W
10,358.87,414.40,1,S,1,E
48,183.51,421.74,1,W,5,N
49,212.02,422.04,1,W,5,N
51,230.08,422.34,1,W,5,N
65,269.53,422.64,1,E,5,N
86,314.47,430.67,3,E,5,N
52,280.80,437.37,1,W,3,W
104,453.99,465.74,5,W,5,N
105,466.43,472.57,5,W,5,N
116,433.60,479.74,5,E,5,N
85,304.44,499.50,3,E,5,W
5,324.07,499.80,1,S,5,W
53,292.63,500.10,1,W,5,W
1,272.09,521.64,1,S,5,N
2,278.90,521.94,1,S,5,N
75,362.93,522.24,2,E,5,N
6,327.71,522.54,1,S,5,N
7,329.96,522.84,1,S,5,N
66,306.86,523.14,1,E,5,N
67,328.38,523.44,1,E,5,N
106,484.80,565.64,5,W,5,N
107,503.46,565.94,5,W,5,N
15,560.13,615.20,1,S,1,E
8,346.49,621.54,1,S,5,N
9,348.41,621.84,1,S,5,N
11,370.91,622.14,1,S,5,N
12,384.04,622.44,1,S,5,N
13,386.29,622.74,1,S,5,N
68,472.72,623.04,1,E,5,N
20,586.81,642.82,1,S,2,W
108,629.05,665.54,5,W,5,N
109,641.25,665.84,5,W,5,N
110,656.17,666.14,5,W,5,N
117,599.66,679.54,5,E,5,N
118,661.82,679.84,5,E,5,N
54,469.61,699.30,1,W,5,W
55,479.18,699.60,1,W,5,W
69,555.11,699.90,1,E,5,W
21,600.22,702.80,1,S,1,W
22,602.30,703.10,1,S,1,W
23,613.33,703.40,1,S,1,W
28,662.55,703.70,1,S,1,W
30,698.25,712.39,1,S,1,W
87,597.77,721.44,3,E,5,N
76,509.40,721.74,2,E,5,N
25,640.02,741.72,1,S,2,W
111,709.87,765.44,5,W,5,N
112,710.76,765.74,5,W,5,N
119,720.98,779.44,5,E,5,N
120,725.16,779.74,5,E,5,N
56,608.23,799.20,1,W,5,W
32,711.09,803.20,1,S,1,W
37,784.60,803.50,1,S,1,W
57,608.36,815.20,1,W,5,E
38,786.74,816.00,1,S,1,E
14,549.25,821.34,1,S,5,N
16,560.60,821.64,1,S,5,N
17,561.86,821.94,1,S,5,N
18,572.74,822.24,1,S,5,N
19,579.07,822.54,1,S,5,N
74,652.35,822.84,2,W,5,N
24,618.63,823.14,1,S,5,N
58,638.37,823.44,1,W,5,N
70,625.53,823.74,1,E,5,N
88,747.84,829.57,3,E,5,N
34,737.68,837.17,1,S,3,E
113,823.52,865.34,5,W,5,N
114,831.82,865.64,5,W,5,N
115,842.08,865.94,5,W,5,N
82,790.22,899.10,3,W,5,W
26,653.60,899.40,1,S,5,W
27,661.41,899.70,1,S,5,W
40,806.64,900.90,1,S,2,W
41,825.52,903.60,1,S,1,W
29,675.95,915.10,1,S,5,E
31,699.50,921.24,1,S,5,N
33,724.59,921.54,1,S,5,N
59,693.21,921.84,1,W,5,N
89,874.40,936.17,3,E,5,N
60,847.15,937.57,1,W,3,W
61,859.98,937.87,1,W,3,E
83,826.75,999.00,3,W,5,W
35,743.42,999.30,1,S,5,W
39,792.72,999.60,1,S,5,W
43,836.46,999.90,1,S,5,W
73,879.96,1000.20,1,E,5,W
42,828.40,1015.00,1,S,5,E
36,756.29,1021.14,1,S,5,N
77,819.99,1021.44,2,E,5,N
71,837.53,1021.74,1,E,5,N
72,867.86,1022.04,1,E,5,N
44,845.48,1121.04,1,S,5,N
45,846.44,1121.34,1,S,5,N
62,887.85,1121.64,1,W,5,N