id,enter_time,exit_time,entrance_intersection,entrance_direction,exit_intersection,exit_direction
58,13.58,66.14,5,W,5,N
46,99.12,135.19,2,W,3,W
59,76.75,166.04,5,W,5,N
60,137.06,166.34,5,W,5,N
61,139.61,166.64,5,W,5,N
73,171.97,180.04,5,E,5,N
0,35.10,199.80,1,S,5,W
25,29.88,221.94,1,W,5,N
62,199.80,265.94,5,W,5,N
26,158.06,321.84,1,W,5,N
2,313.65,327.79,1,S,1,E
48,293.33,329.41,2,W,3,E
27,167.54,399.60,1,W,5,W
28,179.62,399.90,1,W,5,W
4,358.29,401.60,1,S,1,W
7,386.76,401.90,1,S,1,W
47,202.09,421.74,2,W,5,N
63,398.74,465.74,5,W,5,N
64,410.95,466.04,5,W,5,N
1,303.31,499.50,1,S,5,W
49,354.36,521.64,2,W,5,N
50,370.10,521.94,2,E,5,N
3,320.19,522.24,1,S,5,N
29,356.89,522.54,1,W,5,N
53,416.75,530.17,3,W,5,N
55,455.29,530.47,3,E,5,N
65,523.18,565.64,5,W,5,N
66,523.33,565.94,5,W,5,N
67,531.90,566.24,5,W,5,N
74,513.40,579.64,5,E,5,N
75,518.73,579.94,5,E,5,N
5,372.01,599.40,1,S,5,W
8,394.59,615.40,1,S,5,E
6,379.45,621.54,1,S,5,N
51,453.26,621.84,2,E,5,N
41,425.38,622.14,1,E,5,N
42,469.50,622.44,1,E,5,N
68,590.41,665.54,5,W,5,N
69,593.30,665.84,5,W,5,N
70,608.85,666.14,5,W,5,N
71,610.60,666.44,5,W,5,N
72,659.59,666.74,5,W,5,N
56,557.96,699.30,3,E,5,W
31,499.78,699.60,1,W,5,W
32,512.38,699.90,1,W,5,W
33,540.70,700.20,1,W,5,W
9,636.04,702.80,1,S,1,W
18,690.06,704.20,1,S,1,W
30,485.31,721.44,1,W,5,N
34,550.32,721.74,1,W,5,N
35,557.86,722.04,1,W,5,N
43,529.84,722.34,1,E,5,N
44,573.46,722.64,1,E,5,N
76,725.62,779.44,5,E,5,N
21,719.40,800.80,1,S,2,W
10,638.02,821.34,1,S,5,N
11,639.04,821.64,1,S,5,N
15,659.57,899.10,1,S,5,W
19,701.18,899.40,1,S,5,W
38,698.53,899.70,1,W,5,W
20,713.93,915.10,1,S,5,E
23,732.28,915.40,1,S,5,E
36,680.99,915.70,1,W,5,E
12,641.94,921.24,1,S,5,N
13,646.16,921.54,1,S,5,N
14,653.01,921.84,1,S,5,N
16,669.53,922.14,1,S,5,N
17,680.22,922.44,1,S,5,N
22,729.76,922.74,1,S,5,N
24,736.48,923.04,1,S,5,N
37,693.41,923.34,1,W,5,N
54,857.57,929.37,3,W,5,N
57,883.08,999.00,3,E,5,W
52,816.65,999.30,2,E,5,W
45,809.43,999.60,1,E,5,W
40,886.45,1098.90,1,W,5,W
39,875.52,1121.04,1,W,5,N