id,enter_time,exit_time,entrance_intersection,entrance_direction,exit_intersection,exit_direction
74,43.07,80.14,5,E,5,N
75,50.81,80.44,5,E,5,N
50,27.05,130.97,3,W,5,N
51,93.59,155.36,3,W,5,N
58,121.48,166.04,5,W,5,N
59,143.82,166.34,5,W,5,N
44,96.36,199.80,2,W,5,W
0,8.81,221.94,1,S,5,N
16,58.57,222.24,1,W,5,N
36,1.77,222.54,1,E,5,N
18,80.44,299.70,1,W,5,W
37,246.92,300.30,1,E,2,W
4,304.77,318.91,1,S,1,E
46,132.14,321.84,2,E,5,N
17,68.89,322.14,1,W,5,N
19,157.47,322.44,1,W,5,N
3,295.84,399.20,1,S,3,W
47,270.77,399.60,2,E,5,W
20,187.97,399.90,1,W,5,W
60,377.82,465.74,5,W,5,N
61,387.84,466.04,5,W,5,N
62,395.21,466.34,5,W,5,N
63,395.42,466.64,5,W,5,N
64,406.45,466.94,5,W,5,N
65,416.21,467.24,5,W,5,N
66,431.53,467.54,5,W,5,N
1,279.95,499.50,1,S,5,W
2,289.49,521.64,1,S,5,N
21,342.63,521.94,1,W,5,N
22,356.39,522.24,1,W,5,N
38,371.71,522.54,1,E,5,N
39,396.41,522.84,1,E,5,N
67,488.01,565.64,5,W,5,N
68,497.55,565.94,5,W,5,N
55,448.50,599.40,3,E,5,W
23,379.80,599.70,1,W,5,W
24,452.57,600.00,1,W,5,W
25,463.55,600.30,1,W,5,W
48,442.52,621.54,2,E,5,N
26,465.15,621.84,1,W,5,N
52,504.12,629.97,3,W,5,N
53,548.75,630.27,3,W,5,N
76,611.42,679.54,5,E,5,N
77,678.13,684.26,5,E,5,N
56,524.79,699.30,3,E,5,W
57,537.05,699.60,3,E,5,W
9,685.01,702.80,1,S,1,W
27,490.84,721.44,1,W,5,N
10,693.93,798.40,1,S,3,E
54,677.23,799.20,3,W,5,W
29,659.58,799.50,1,W,5,W
13,736.69,800.80,1,S,2,W
11,712.89,803.20,1,S,1,W
28,643.80,821.34,1,W,5,N
40,692.90,821.64,1,E,5,N
69,778.49,865.34,5,W,5,N
70,794.24,865.64,5,W,5,N
71,798.24,865.94,5,W,5,N
8,684.24,899.10,1,S,5,W
31,699.26,899.40,1,W,5,W
32,707.69,899.70,1,W,5,W
49,817.91,913.07,2,E,3,E
5,644.04,921.24,1,S,5,N
6,653.89,921.54,1,S,5,N
7,669.80,921.84,1,S,5,N
12,728.00,922.14,1,S,5,N
30,670.71,922.44,1,W,5,N
41,723.10,922.74,1,E,5,N
42,779.53,923.04,1,E,5,N
33,837.29,936.97,1,W,3,W
43,860.43,937.57,1,E,3,W
72,881.89,965.24,5,W,5,N
73,896.62,965.54,5,W,5,N
15,742.15,999.00,1,S,5,W
14,741.24,1021.14,1,S,5,N
45,821.69,1021.44,2,W,5,N
34,846.72,1021.74,1,W,5,N
35,896.45,1121.04,1,W,5,N