id,enter_time,exit_time,entrance_intersection,entrance_direction,exit_intersection,exit_direction
0,11.92,100.10,1,S,2,W
1,20.85,100.40,1,S,1,W
3,26.15,100.70,1,S,1,W
8,71.29,101.00,1,S,1,W
9,80.82,101.30,1,S,1,W
5,47.17,113.20,1,S,1,E
63,11.39,124.83,3,E,5,E
59,32.73,130.97,3,W,5,N
31,26.17,136.77,1,W,3,E
77,168.40,180.04,5,E,5,N
30,10.99,215.80,1,W,5,E
46,46.63,216.10,1,E,5,E
55,11.80,221.94,2,W,5,N
2,21.37,222.24,1,S,5,N
32,35.49,222.54,1,W,5,N
33,45.21,222.84,1,W,5,N
4,42.11,299.70,1,S,5,W
6,52.25,321.84,1,S,5,N
7,58.21,322.14,1,S,5,N
10,316.60,330.74,1,S,1,E
69,308.61,365.84,5,W,5,N
70,324.22,366.14,5,W,5,N
71,338.22,366.44,5,W,5,N
72,341.73,366.74,5,W,5,N
78,344.08,379.84,5,E,5,N
79,346.88,380.14,5,E,5,N
34,218.73,421.74,1,W,5,N
47,201.50,422.04,1,E,5,N
73,418.84,465.74,5,W,5,N
74,425.96,466.04,5,W,5,N
36,298.26,499.50,1,W,5,W
49,316.49,499.80,1,E,5,W
50,333.65,500.10,1,E,5,W
57,330.61,515.50,2,E,5,E
56,326.57,521.64,2,W,5,N
35,280.57,521.94,1,W,5,N
48,310.72,522.24,1,E,5,N
60,463.43,530.17,3,W,5,N
65,410.37,530.47,3,E,5,N
66,420.78,530.77,3,E,5,N
75,478.57,565.64,5,W,5,N
64,400.97,599.40,3,E,5,W
67,433.98,599.70,3,E,5,W
51,471.15,600.00,1,E,5,W
37,422.41,621.54,1,W,5,N
52,590.92,653.11,1,E,3,E
12,595.58,698.60,1,S,3,W
20,648.63,702.80,1,S,1,W
21,666.34,703.10,1,S,1,W
17,623.24,737.67,1,S,3,W
24,697.14,742.32,1,S,2,E
76,686.72,765.44,5,W,5,N
22,668.50,798.40,1,S,3,W
61,629.99,799.20,3,W,5,W
19,632.78,799.50,1,S,5,W
53,602.94,799.80,1,E,5,W
38,592.92,815.20,1,W,5,E
11,574.32,821.34,1,S,5,N
13,601.78,821.64,1,S,5,N
14,607.55,821.94,1,S,5,N
15,611.80,822.24,1,S,5,N
16,622.19,822.54,1,S,5,N
18,624.00,822.84,1,S,5,N
68,761.99,829.57,3,E,5,N
54,729.32,838.37,1,E,3,W
58,716.91,899.10,2,E,5,W
42,747.64,899.40,1,W,5,W
23,687.94,921.24,1,S,5,N
25,699.13,921.54,1,S,5,N
26,724.80,921.84,1,S,5,N
39,683.50,922.14,1,W,5,N
40,690.83,922.44,1,W,5,N
41,737.00,922.74,1,W,5,N
62,846.00,929.37,3,W,5,N
27,766.35,1021.14,1,S,5,N
28,769.70,1021.44,1,S,5,N
29,772.80,1021.74,1,S,5,N
43,851.07,1022.04,1,W,5,N
44,859.28,1022.34,1,W,5,N
45,872.49,1121.04,1,W,5,N