id,enter_time,exit_time,entrance_intersection,entrance_direction,exit_intersection,exit_direction
77,18.28,66.14,5,W,5,N
78,29.30,66.44,5,W,5,N
9,86.54,100.67,1,S,1,W
63,84.19,120.26,2,W,3,E
73,12.79,130.97,3,E,5,N
2,29.72,136.77,1,S,3,W
79,152.88,166.04,5,W,5,N
8,81.07,199.60,1,S,3,W
3,41.08,199.60,1,S,3,E
70,74.83,199.80,3,W,5,W
74,79.57,200.10,3,E,5,W
35,25.76,200.40,1,W,5,W
12,106.56,200.80,1,S,1,W
0,9.33,221.94,1,S,5,N
1,19.93,222.24,1,S,5,N
34,15.64,222.54,1,W,5,N
36,101.59,236.27,1,W,3,E
75,125.96,299.70,3,E,5,W
4,55.27,300.00,1,S,5,W
5,60.77,300.30,1,S,5,W
11,102.76,300.60,1,S,5,W
37,115.19,315.70,1,W,5,E
6,70.58,321.84,1,S,5,N
7,77.92,322.14,1,S,5,N
10,87.49,322.44,1,S,5,N
52,215.92,336.67,1,E,3,E
68,287.56,399.60,2,E,5,W
38,247.78,399.90,1,W,5,W
56,318.30,400.40,1,E,2,W
54,284.29,402.11,1,E,5,W
64,291.63,421.74,2,W,5,N
53,239.48,422.04,1,E,5,N
13,419.54,433.68,1,S,1,E
39,332.21,436.47,1,W,3,E
14,422.93,437.06,1,S,1,E
80,405.42,465.74,5,W,5,N
89,423.34,479.74,5,E,5,N
16,427.10,502.00,1,S,1,W
17,444.32,502.30,1,S,1,W
20,497.23,511.36,1,S,1,W
55,302.63,521.64,1,E,5,N
57,352.62,521.94,1,E,5,N
41,453.69,537.17,1,W,3,W
81,483.55,565.64,5,W,5,N
82,505.22,565.94,5,W,5,N
83,507.01,566.24,5,W,5,N
84,513.91,566.54,5,W,5,N
85,526.40,566.84,5,W,5,N
86,538.61,567.14,5,W,5,N
87,539.66,567.44,5,W,5,N
90,533.58,579.64,5,E,5,N
91,575.28,581.41,5,E,5,N
15,422.93,621.54,1,S,5,N
40,451.25,621.84,1,W,5,N
42,465.47,622.14,1,W,5,N
58,422.33,622.44,1,E,5,N
71,519.65,629.97,3,W,5,N
92,615.42,679.54,5,E,5,N
76,534.59,699.30,3,E,5,W
18,459.67,699.60,1,S,5,W
45,502.13,699.90,1,W,5,W
19,484.17,715.30,1,S,5,E
59,582.31,715.60,1,E,5,E
21,497.23,721.44,1,S,5,N
43,476.68,721.74,1,W,5,N
44,501.00,722.04,1,W,5,N
88,688.91,765.44,5,W,5,N
60,601.47,799.20,1,E,5,W
69,614.24,799.50,2,E,5,W
47,623.19,799.80,1,W,5,W
22,772.05,803.20,1,S,1,W
24,785.42,803.50,1,S,1,W
65,610.37,821.34,2,W,5,N
66,694.08,821.64,2,W,5,N
46,610.73,821.94,1,W,5,N
72,752.94,829.57,3,W,5,N
93,805.26,879.34,5,E,5,N
49,714.94,899.10,1,W,5,W
27,811.00,903.60,1,S,1,W
29,829.61,903.90,1,S,1,W
48,699.12,921.24,1,W,5,N
61,788.95,921.54,1,E,5,N
30,843.57,998.00,1,S,3,W
23,778.16,999.00,1,S,5,W
67,811.76,999.30,2,W,5,W
28,825.72,999.60,1,S,5,W
62,812.69,999.90,1,E,5,W
25,789.93,1021.14,1,S,5,N
26,805.12,1021.44,1,S,5,N
50,795.70,1021.74,1,W,5,N
51,804.82,1022.04,1,W,5,N
32,873.69,1098.90,1,S,5,W
31,872.95,1121.04,1,S,5,N
33,880.72,1121.34,1,S,5,N