id,enter_time,exit_time,entrance_intersection,entrance_direction,exit_intersection,exit_direction
58,77.90,84.03,5,E,5,N
2,28.50,100.40,1,S,1,W
3,38.07,113.20,1,S,1,E
0,7.05,136.17,1,S,3,W
17,42.76,137.07,1,W,3,W
51,96.64,166.04,5,W,5,N
52,155.18,166.34,5,W,5,N
1,12.88,215.80,1,S,5,E
16,14.79,221.94,1,W,5,N
35,16.26,222.24,1,E,5,N
53,177.94,265.94,5,W,5,N
7,124.41,299.70,1,S,5,W
9,131.31,300.00,1,S,5,W
19,151.46,300.30,1,W,5,W
36,165.20,300.60,1,E,5,W
4,100.28,321.84,1,S,5,N
42,106.37,322.14,2,W,5,N
5,110.33,322.44,1,S,5,N
6,112.40,322.74,1,S,5,N
8,126.79,323.04,1,S,5,N
18,68.52,323.34,1,W,5,N
44,283.90,399.60,2,E,5,W
10,164.39,421.74,1,S,5,N
20,210.53,422.04,1,W,5,N
21,241.40,422.34,1,W,5,N
22,241.55,422.64,1,W,5,N
49,351.45,499.50,3,E,5,W
23,298.65,521.64,1,W,5,N
37,357.76,521.94,1,E,5,N
54,507.02,565.64,5,W,5,N
55,517.86,565.94,5,W,5,N
56,536.63,566.24,5,W,5,N
59,516.07,579.64,5,E,5,N
60,575.73,581.86,5,E,5,N
45,479.35,599.40,2,E,5,W
13,511.42,602.40,1,S,1,W
47,595.00,699.30,3,W,5,W
24,473.12,699.60,1,W,5,W
38,569.20,699.90,1,E,5,W
27,635.67,700.70,1,W,2,E
11,477.38,721.44,1,S,5,N
12,489.08,721.74,1,S,5,N
14,534.77,722.04,1,S,5,N
25,492.46,722.34,1,W,5,N
39,588.51,722.64,1,E,5,N
40,635.60,737.37,1,E,3,W
57,743.52,765.44,5,W,5,N
50,638.11,799.20,3,E,5,W
48,685.28,799.50,3,W,5,W
15,572.45,799.80,1,S,5,W
26,612.77,800.10,1,W,5,W
41,707.58,800.80,1,E,2,W
46,614.10,815.20,2,E,5,E
28,651.40,821.34,1,W,5,N
29,681.21,836.87,1,W,3,W
33,744.69,899.10,1,W,5,W
34,756.51,899.40,1,W,5,W
30,695.45,921.24,1,W,5,N
31,708.87,921.54,1,W,5,N
32,715.94,921.84,1,W,5,N
43,827.12,999.00,2,W,5,W