id,enter_time,exit_time,entrance_intersection,entrance_direction,exit_intersection,exit_direction
70,6.38,66.14,5,W,5,N
71,8.24,66.44,5,W,5,N
72,56.94,66.74,5,W,5,N
5,101.63,115.76,1,S,1,E
63,21.55,131.27,3,E,5,N
73,85.97,166.04,5,W,5,N
74,101.62,166.34,5,W,5,N
75,154.62,166.64,5,W,5,N
76,167.88,174.01,5,W,5,N
2,66.84,199.60,1,S,3,W
62,8.54,199.80,3,E,5,W
1,23.70,200.10,1,S,5,W
33,30.39,200.40,1,W,5,W
52,95.47,221.94,2,W,5,N
0,9.80,222.24,1,S,5,N
34,32.45,222.54,1,W,5,N
35,59.00,222.84,1,W,5,N
64,171.22,232.99,3,E,5,N
36,129.69,236.27,1,W,3,W
77,180.83,265.94,5,W,5,N
78,197.66,266.24,5,W,5,N
79,201.09,266.54,5,W,5,N
80,249.14,266.84,5,W,5,N
4,95.29,299.70,1,S,5,W
37,141.86,300.00,1,W,5,W
3,77.24,321.84,1,S,5,N
65,226.44,330.57,3,E,5,N
66,235.02,330.87,3,E,5,N
81,350.14,365.84,5,W,5,N
39,284.45,400.40,1,W,2,W
9,298.56,401.60,1,S,1,W
10,310.36,401.90,1,S,1,W
11,312.64,402.20,1,S,1,W
38,220.52,421.74,1,W,5,N
45,296.01,499.50,1,E,5,W
6,269.26,499.80,1,S,5,W
8,277.72,500.10,1,S,5,W
53,302.58,500.40,2,W,5,W
7,277.10,521.64,1,S,5,N
56,365.61,521.94,2,E,5,N
12,327.69,522.24,1,S,5,N
60,443.16,530.47,3,W,5,N
82,532.39,565.64,5,W,5,N
83,546.59,565.94,5,W,5,N
84,558.54,566.24,5,W,5,N
85,570.33,576.47,5,W,5,N
86,571.79,577.93,5,W,5,N
94,529.86,579.64,5,E,5,N
59,424.52,599.40,3,W,5,W
46,413.11,599.70,1,E,5,W
55,555.48,613.07,2,W,3,E
40,416.95,621.54,1,W,5,N
67,567.05,629.97,3,E,5,N
87,582.66,665.54,5,W,5,N
95,616.07,679.54,5,E,5,N
96,624.54,679.84,5,E,5,N
97,649.52,680.14,5,E,5,N
48,556.04,699.30,1,E,5,W
13,646.25,702.80,1,S,1,W
14,658.03,703.10,1,S,1,W
15,664.77,703.40,1,S,1,W
18,682.23,703.70,1,S,1,W
17,680.44,715.60,1,S,1,E
54,507.63,721.44,2,W,5,N
47,531.63,721.74,1,E,5,N
23,708.36,722.50,1,S,1,E
68,658.03,729.77,3,E,5,N
61,615.95,730.07,3,W,5,N
20,688.63,742.32,1,S,2,W
88,689.94,765.44,5,W,5,N
69,670.99,799.20,3,E,5,W
42,625.17,799.50,1,W,5,W
57,674.61,821.34,2,E,5,N
41,620.09,821.64,1,W,5,N
43,636.95,821.94,1,W,5,N
27,749.56,842.42,1,S,2,W
89,821.09,865.34,5,W,5,N
90,836.74,865.64,5,W,5,N
91,849.47,865.94,5,W,5,N
92,862.69,868.83,5,W,5,N
16,666.11,899.10,1,S,5,W
25,726.60,899.40,1,S,5,W
30,812.41,903.60,1,S,1,W
49,786.05,903.87,1,E,5,W
24,714.85,915.10,1,S,5,E
19,687.70,921.24,1,S,5,N
21,694.48,921.54,1,S,5,N
22,701.40,921.84,1,S,5,N
44,742.76,922.14,1,W,5,N
50,797.80,922.44,1,E,5,N
93,878.59,965.24,5,W,5,N
29,796.36,999.00,1,S,5,W
58,859.80,999.30,2,E,5,W
31,816.31,999.60,1,S,5,W
51,821.01,999.90,1,E,5,W
26,740.25,1021.14,1,S,5,N
28,760.98,1021.44,1,S,5,N
32,821.95,1021.74,1,S,5,N