id,enter_time,exit_time,entrance_intersection,entrance_direction,exit_intersection,exit_direction
51,2.05,66.14,5,W,5,N
52,21.69,66.44,5,W,5,N
53,36.09,66.74,5,W,5,N
54,46.96,67.04,5,W,5,N
1,3.76,100.40,1,S,1,W
55,117.21,166.04,5,W,5,N
56,140.99,166.34,5,W,5,N
57,147.93,166.64,5,W,5,N
58,155.23,166.94,5,W,5,N
65,137.13,180.04,5,E,5,N
66,144.34,180.34,5,E,5,N
67,162.07,180.64,5,E,5,N
68,181.02,187.15,5,E,5,N
0,3.75,221.94,1,S,5,N
2,16.45,222.24,1,S,5,N
12,11.30,222.54,1,W,5,N
41,113.96,321.84,2,E,5,N
27,150.48,322.14,1,E,5,N
3,283.31,340.12,1,S,2,W
69,350.84,379.84,5,E,5,N
70,392.86,399.00,5,E,5,N
38,209.93,399.60,2,W,5,W
7,320.67,401.60,1,S,1,W
40,312.80,412.57,2,W,3,E
42,202.61,421.74,2,E,5,N
39,298.90,422.04,2,W,5,N
13,173.82,422.34,1,W,5,N
14,241.92,422.64,1,W,5,N
28,213.54,422.94,1,E,5,N
29,224.40,423.24,1,E,5,N
47,310.01,430.37,3,E,5,N
59,404.91,465.74,5,W,5,N
8,361.58,499.00,1,S,3,W
30,304.44,499.50,1,E,5,W
4,295.96,515.50,1,S,5,E
5,316.71,521.64,1,S,5,N
6,316.81,521.94,1,S,5,N
48,460.22,599.40,3,E,5,W
9,371.12,621.54,1,S,5,N
15,428.62,621.84,1,W,5,N
31,421.72,622.14,1,E,5,N
32,498.27,622.22,1,E,5,N
33,580.96,643.15,1,E,3,W
44,585.19,699.30,3,W,5,W
43,530.53,699.60,2,E,5,W
16,555.01,721.44,1,W,5,N
60,703.62,765.44,5,W,5,N
61,727.49,765.74,5,W,5,N
62,741.14,766.04,5,W,5,N
63,757.61,766.34,5,W,5,N
10,628.80,799.20,1,S,5,W
18,684.55,800.80,1,W,2,E
35,684.25,802.07,1,E,5,W
34,666.62,821.34,1,E,5,N
36,692.14,821.64,1,E,5,N
45,721.69,829.57,3,W,5,N
46,752.53,829.87,3,W,5,N
20,723.57,837.47,1,W,3,W
21,732.86,837.77,1,W,3,W
71,816.12,879.34,5,E,5,N
19,694.78,899.10,1,W,5,W
22,742.93,899.40,1,W,5,W
11,899.28,913.42,1,S,1,W
17,675.75,921.24,1,W,5,N
23,756.09,921.54,1,W,5,N
24,766.91,921.84,1,W,5,N
37,718.42,922.14,1,E,5,N
49,812.43,923.23,3,E,5,E
50,865.34,929.67,3,E,5,N
64,882.37,965.24,5,W,5,N
26,789.66,999.00,1,W,5,W
25,780.28,1021.14,1,W,5,N