id,enter_time,exit_time,entrance_intersection,entrance_direction,exit_intersection,exit_direction
57,15.49,66.14,5,W,5,N
58,30.65,66.44,5,W,5,N
54,8.75,130.97,3,E,5,N
24,10.16,136.47,1,W,3,W
59,106.41,166.04,5,W,5,N
60,118.76,166.34,5,W,5,N
61,133.36,166.64,5,W,5,N
62,154.31,166.94,5,W,5,N
63,169.40,175.53,5,W,5,N
23,8.74,221.94,1,W,5,N
25,59.39,222.24,1,W,5,N
36,15.57,222.54,1,E,5,N
37,75.92,222.84,1,E,5,N
38,86.02,223.14,1,E,5,N
48,178.74,240.51,3,W,5,N
64,177.41,265.94,5,W,5,N
65,191.05,266.24,5,W,5,N
66,210.80,266.54,5,W,5,N
0,309.06,323.20,1,S,1,E
44,290.21,326.28,2,W,3,W
49,235.19,330.57,3,W,5,N
67,369.63,375.76,5,W,5,N
72,385.48,391.62,5,E,5,N
26,262.12,399.60,1,W,5,W
1,322.22,401.60,1,S,1,W
6,348.83,401.90,1,S,1,W
7,353.79,402.20,1,S,1,W
10,395.94,414.40,1,S,1,E
73,430.10,479.74,5,E,5,N
4,333.87,499.50,1,S,5,W
12,412.32,500.50,1,S,2,W
15,439.36,502.00,1,S,1,W
17,497.21,511.34,1,S,1,W
2,333.15,515.50,1,S,5,E
46,311.90,521.64,2,E,5,N
3,333.36,521.94,1,S,5,N
27,277.24,522.24,1,W,5,N
50,462.95,530.17,3,W,5,N
19,520.73,534.87,1,S,1,E
20,522.72,536.86,1,S,1,E
55,456.55,599.40,3,E,5,W
5,338.90,599.70,1,S,5,W
8,368.06,600.00,1,S,5,W
11,398.09,600.30,1,S,5,W
13,426.78,600.60,1,S,5,W
28,453.16,600.90,1,W,5,W
29,465.71,601.20,1,W,5,W
14,433.68,615.40,1,S,5,E
9,381.87,621.54,1,S,5,N
30,466.12,621.84,1,W,5,N
39,565.20,637.57,1,E,3,W
68,605.92,665.54,5,W,5,N
69,616.46,665.84,5,W,5,N
74,666.25,679.54,5,E,5,N
16,451.95,699.30,1,S,5,W
21,535.55,699.60,1,S,5,W
31,489.92,699.90,1,W,5,W
18,507.11,721.44,1,S,5,N
51,667.03,729.77,3,W,5,N
70,719.52,765.44,5,W,5,N
71,733.14,765.74,5,W,5,N
56,697.50,799.20,3,E,5,W
32,644.75,799.50,1,W,5,W
34,710.58,800.80,1,W,2,W
41,789.71,815.83,1,E,2,W
22,566.13,821.34,1,S,5,N
45,603.41,821.64,2,W,5,N
47,639.80,821.94,2,E,5,N
52,703.25,829.57,3,W,5,N
75,800.77,879.34,5,E,5,N
76,835.56,879.64,5,E,5,N
33,702.36,921.24,1,W,5,N
40,715.78,921.54,1,E,5,N
53,806.59,929.37,3,W,5,N
42,804.68,999.00,1,E,5,W
35,853.91,1021.14,1,W,5,N
43,805.26,1021.44,1,E,5,N