id,enter_time,exit_time,entrance_intersection,entrance_direction,exit_intersection,exit_direction
1,28.44,42.57,1,S,1,E
54,9.27,66.14,5,W,5,N
55,20.75,66.44,5,W,5,N
77,2.76,80.14,5,E,5,N
6,111.24,125.38,1,S,1,E
78,102.60,180.04,5,E,5,N
48,31.82,199.80,3,W,5,W
0,15.43,200.10,1,S,5,W
21,28.53,200.40,1,W,5,W
32,78.92,200.70,1,E,5,W
8,115.54,200.80,1,S,1,W
12,188.81,202.95,1,S,1,W
13,190.74,204.87,1,S,1,W
56,267.03,273.17,5,W,5,N
57,270.48,276.62,5,W,5,N
79,258.81,279.94,5,E,5,N
3,55.93,299.70,1,S,5,W
4,56.88,300.00,1,S,5,W
2,43.18,321.84,1,S,5,N
5,63.48,322.14,1,S,5,N
7,112.66,322.44,1,S,5,N
9,116.44,322.74,1,S,5,N
22,229.95,336.37,1,W,3,E
50,295.44,357.21,3,E,5,N
58,334.48,365.84,5,W,5,N
38,284.77,399.60,2,W,5,W
39,285.49,399.90,2,W,5,W
23,245.19,400.20,1,W,5,W
34,228.22,400.50,1,E,5,W
45,375.14,412.57,2,E,3,E
44,245.54,415.60,2,E,5,E
10,180.11,421.74,1,S,5,N
11,184.19,422.04,1,S,5,N
14,198.89,422.34,1,S,5,N
40,285.74,422.64,2,W,5,N
24,252.67,422.94,1,W,5,N
33,219.30,423.24,1,E,5,N
51,303.63,430.37,3,E,5,N
36,364.05,515.50,1,E,5,E
41,374.17,521.64,2,W,5,N
25,332.46,521.94,1,W,5,N
35,342.53,522.24,1,E,5,N
59,485.38,565.64,5,W,5,N
60,495.12,565.94,5,W,5,N
61,505.20,566.24,5,W,5,N
62,535.12,566.54,5,W,5,N
63,550.14,566.84,5,W,5,N
64,558.86,567.14,5,W,5,N
52,408.52,599.40,3,E,5,W
42,441.23,599.70,2,W,5,W
43,496.83,621.54,2,W,5,N
26,401.29,621.84,1,W,5,N
37,466.06,622.14,1,E,5,N
49,582.65,644.42,3,W,5,N
65,620.08,665.54,5,W,5,N
66,630.41,665.84,5,W,5,N
67,639.80,666.14,5,W,5,N
68,651.75,666.44,5,W,5,N
69,661.85,667.98,5,W,5,N
80,685.39,691.53,5,E,5,N
46,540.05,721.44,2,E,5,N
27,560.25,721.74,1,W,5,N
70,715.04,765.44,5,W,5,N
17,580.66,799.20,1,S,5,W
28,614.31,799.50,1,W,5,W
29,614.87,799.80,1,W,5,W
15,548.75,821.34,1,S,5,N
16,564.63,821.64,1,S,5,N
18,592.15,821.94,1,S,5,N
19,633.60,822.24,1,S,5,N
53,751.41,823.43,3,E,5,E
30,679.11,836.87,1,W,3,W
71,798.22,865.34,5,W,5,N
72,799.96,865.64,5,W,5,N
73,816.79,865.94,5,W,5,N
74,841.42,866.24,5,W,5,N
75,843.79,866.54,5,W,5,N
76,854.00,866.84,5,W,5,N
81,852.90,879.34,5,E,5,N
82,892.47,898.61,5,E,5,N
31,797.97,900.90,1,W,2,W
47,742.69,915.10,2,E,5,E
20,652.69,921.24,1,S,5,N