id,enter_time,exit_time,entrance_intersection,entrance_direction,exit_intersection,exit_direction
60,0.21,66.14,5,W,5,N
61,10.24,66.44,5,W,5,N
62,67.02,73.15,5,W,5,N
69,93.39,99.53,5,E,5,N
4,58.42,100.40,1,S,1,W
43,18.32,137.67,1,E,3,E
63,79.91,166.04,5,W,5,N
70,143.44,180.04,5,E,5,N
71,146.38,180.34,5,E,5,N
72,154.46,180.64,5,E,5,N
51,33.21,199.80,2,W,5,W
12,165.77,200.80,1,S,1,W
0,9.25,221.94,1,S,5,N
1,33.36,222.24,1,S,5,N
2,33.41,222.54,1,S,5,N
29,15.40,222.84,1,W,5,N
30,35.87,223.14,1,W,5,N
57,126.58,230.77,3,E,5,N
73,222.04,279.94,5,E,5,N
3,44.05,299.70,1,S,5,W
7,102.99,300.00,1,S,5,W
8,108.89,300.30,1,S,5,W
9,125.54,300.60,1,S,5,W
31,110.12,300.90,1,W,5,W
5,67.01,321.84,1,S,5,N
6,94.55,322.14,1,S,5,N
64,287.35,365.84,5,W,5,N
11,147.93,399.60,1,S,5,W
44,292.25,415.60,1,E,5,E
10,138.35,421.74,1,S,5,N
32,249.06,422.04,1,W,5,N
45,296.28,499.50,1,E,5,W
58,379.14,499.80,3,E,5,W
54,363.62,500.10,2,E,5,W
33,323.73,500.40,1,W,5,W
14,452.14,502.00,1,S,1,W
46,335.59,521.64,1,E,5,N
56,491.54,553.31,3,W,5,N
65,495.41,565.64,5,W,5,N
66,529.08,565.94,5,W,5,N
18,532.69,602.40,1,S,1,W
21,588.13,615.20,1,S,1,E
13,436.53,615.40,1,S,5,E
47,543.84,637.57,1,E,3,W
67,612.72,665.54,5,W,5,N
74,610.94,679.54,5,E,5,N
75,634.17,679.84,5,E,5,N
16,506.41,699.30,1,S,5,W
17,521.82,699.60,1,S,5,W
76,696.60,702.74,5,E,5,N
22,612.01,702.80,1,S,1,W
23,649.25,703.10,1,S,1,W
15,497.86,721.44,1,S,5,N
34,478.10,721.74,1,W,5,N
77,724.74,779.44,5,E,5,N
78,740.55,779.74,5,E,5,N
35,588.23,799.20,1,W,5,W
55,712.94,812.97,2,E,3,W
19,540.92,821.34,1,S,5,N
20,548.28,821.64,1,S,5,N
36,594.91,821.94,1,W,5,N
48,607.83,822.24,1,E,5,N
49,678.34,822.54,1,E,5,N
59,732.54,829.57,3,E,5,N
50,734.29,899.10,1,E,5,W
24,696.99,915.10,1,S,5,E
25,700.80,915.40,1,S,5,E
52,768.60,915.70,2,W,5,E
26,704.03,921.24,1,S,5,N
27,715.06,921.54,1,S,5,N
28,729.08,921.84,1,S,5,N
37,691.30,922.14,1,W,5,N
38,823.79,936.97,1,W,3,E
40,861.19,937.57,1,W,3,E
68,876.88,965.24,5,W,5,N
39,852.46,1015.00,1,W,5,E
53,852.74,1021.14,2,W,5,N
41,875.22,1098.90,1,W,5,W
42,879.21,1121.04,1,W,5,N