id,enter_time,exit_time,entrance_intersection,entrance_direction,exit_intersection,exit_direction
70,7.18,66.14,5,W,5,N
71,13.55,66.44,5,W,5,N
72,30.31,66.74,5,W,5,N
73,38.56,67.04,5,W,5,N
74,60.32,67.34,5,W,5,N
88,0.88,80.14,5,E,5,N
2,64.75,100.40,1,S,1,W
62,9.19,130.97,3,W,5,N
5,69.77,140.22,1,S,2,E
75,73.55,166.04,5,W,5,N
76,73.55,166.34,5,W,5,N
77,132.38,166.64,5,W,5,N
89,171.64,180.04,5,E,5,N
0,27.87,221.94,1,S,5,N
46,17.63,222.24,1,E,5,N
78,266.48,272.61,5,W,5,N
4,66.62,299.70,1,S,5,W
6,83.43,300.00,1,S,5,W
1,54.55,321.84,1,S,5,N
3,65.99,322.14,1,S,5,N
7,87.70,322.44,1,S,5,N
8,96.37,322.74,1,S,5,N
56,117.13,323.04,2,W,5,N
26,115.46,323.34,1,W,5,N
27,125.51,323.64,1,W,5,N
28,137.83,323.94,1,W,5,N
79,299.44,365.84,5,W,5,N
63,235.04,399.60,3,W,5,W
29,182.29,399.90,1,W,5,W
31,206.46,400.20,1,W,5,W
36,268.54,400.40,1,W,2,W
34,247.91,400.50,1,W,5,W
47,230.16,400.80,1,E,5,W
30,192.41,421.74,1,W,5,N
32,216.90,422.04,1,W,5,N
33,232.04,422.34,1,W,5,N
35,260.41,422.64,1,W,5,N
37,289.85,499.50,1,W,5,W
13,455.14,502.00,1,S,1,W
16,494.20,508.34,1,S,1,W
17,500.37,514.80,1,S,1,E
38,294.23,515.50,1,W,5,E
49,336.74,515.80,1,E,5,E
59,346.26,521.64,2,E,5,N
39,325.88,521.94,1,W,5,N
40,340.73,522.24,1,W,5,N
48,310.42,522.54,1,E,5,N
65,473.13,534.90,3,E,5,N
66,484.99,540.62,3,E,5,E
80,538.85,565.64,5,W,5,N
81,546.67,565.94,5,W,5,N
82,563.02,569.15,5,W,5,N
90,592.17,598.31,5,E,5,N
9,416.33,599.40,1,S,5,W
41,370.41,599.70,1,W,5,W
51,444.40,600.00,1,E,5,W
60,470.81,621.54,2,E,5,N
10,424.84,621.84,1,S,5,N
50,408.14,622.14,1,E,5,N
52,491.26,622.44,1,E,5,N
67,546.76,629.97,3,E,5,N
83,574.92,665.54,5,W,5,N
84,587.35,665.84,5,W,5,N
85,598.48,666.14,5,W,5,N
11,440.07,721.44,1,S,5,N
12,440.92,721.74,1,S,5,N
14,456.74,722.04,1,S,5,N
15,468.66,722.34,1,S,5,N
53,643.09,799.20,1,E,5,W
20,796.62,810.75,1,S,1,W
42,574.36,821.34,1,W,5,N
43,657.77,821.64,1,W,5,N
64,793.41,855.18,3,W,5,N
86,826.66,865.34,5,W,5,N
87,848.16,865.64,5,W,5,N
19,781.69,898.20,1,S,3,E
61,793.40,899.10,2,E,5,W
54,717.94,899.40,1,E,5,W
22,817.80,903.60,1,S,1,W
57,778.37,921.24,2,W,5,N
44,672.38,921.54,1,W,5,N
69,875.18,936.95,3,E,5,N
24,846.90,942.52,1,S,2,W
68,800.71,999.00,3,E,5,W
21,805.40,1015.00,1,S,5,E
18,767.34,1021.14,1,S,5,N
58,878.41,1021.44,2,W,5,N
23,831.38,1021.74,1,S,5,N
45,840.85,1022.04,1,W,5,N
55,869.66,1022.34,1,E,5,N
25,892.08,1098.90,1,S,5,W