id,enter_time,exit_time,entrance_intersection,entrance_direction,exit_intersection,exit_direction
68,5.82,66.14,5,W,5,N
69,7.28,66.44,5,W,5,N
70,12.84,66.74,5,W,5,N
1,17.77,100.40,1,S,1,W
11,131.99,146.13,1,S,1,E
62,40.08,199.80,3,E,5,W
26,15.05,200.10,1,W,5,W
28,48.81,200.40,1,W,5,W
54,97.20,221.94,2,E,5,N
0,15.95,222.24,1,S,5,N
2,26.56,222.54,1,S,5,N
27,34.04,222.84,1,W,5,N
43,81.04,223.14,1,E,5,N
71,235.14,265.94,5,W,5,N
72,249.33,266.24,5,W,5,N
73,254.00,266.54,5,W,5,N
57,139.90,299.70,3,W,5,W
3,40.31,300.00,1,S,5,W
8,102.09,300.30,1,S,5,W
48,113.58,300.60,2,W,5,W
9,118.79,300.90,1,S,5,W
5,75.14,315.70,1,S,5,E
4,48.00,321.84,1,S,5,N
6,76.37,322.14,1,S,5,N
7,91.65,322.44,1,S,5,N
10,128.74,322.74,1,S,5,N
29,123.61,323.04,1,W,5,N
30,198.71,336.37,1,W,3,E
74,316.85,365.84,5,W,5,N
75,325.37,366.14,5,W,5,N
12,176.80,399.60,1,S,5,W
44,217.78,399.90,1,E,5,W
13,178.84,421.74,1,S,5,N
49,223.52,422.04,2,W,5,N
31,213.04,422.34,1,W,5,N
58,333.95,430.37,3,W,5,N
80,432.95,479.74,5,E,5,N
81,469.14,480.04,5,E,5,N
82,470.77,480.34,5,E,5,N
50,321.79,499.50,2,W,5,W
45,335.57,499.80,1,E,5,W
64,442.84,530.47,3,E,5,N
63,432.80,599.40,3,E,5,W
32,367.39,599.70,1,W,5,W
51,427.26,621.54,2,W,5,N
55,478.57,621.84,2,E,5,N
65,552.29,629.97,3,E,5,N
59,551.44,630.27,3,W,5,N
76,642.24,665.54,5,W,5,N
77,643.92,665.84,5,W,5,N
78,661.36,667.50,5,W,5,N
83,617.01,679.54,5,E,5,N
84,628.84,679.84,5,E,5,N
85,631.06,680.14,5,E,5,N
86,682.83,688.97,5,E,5,N
52,533.13,699.30,2,W,5,W
34,506.90,699.60,1,W,5,W
36,542.27,699.90,1,W,5,W
37,555.95,700.20,1,W,5,W
35,517.99,715.30,1,W,5,E
14,482.39,721.44,1,S,5,N
15,492.72,721.74,1,S,5,N
33,503.19,722.04,1,W,5,N
17,790.80,804.93,1,S,1,W
60,739.74,829.57,3,W,5,N
66,796.85,858.62,3,E,5,N
79,871.54,877.68,5,W,5,N
61,750.41,899.10,3,W,5,W
38,675.44,921.24,1,W,5,N
39,759.20,921.54,1,W,5,N
67,897.33,999.00,3,E,5,W
56,875.95,999.30,2,E,5,W
20,834.99,999.60,1,S,5,W
42,794.55,999.90,1,W,5,W
46,848.08,1000.20,1,E,5,W
16,764.78,1021.14,1,S,5,N
53,832.51,1021.44,2,W,5,N
18,806.13,1021.74,1,S,5,N
19,820.05,1022.04,1,S,5,N
40,771.98,1022.34,1,W,5,N
41,785.61,1022.64,1,W,5,N
47,882.36,1022.94,1,E,5,N
21,843.98,1098.90,1,S,5,W
22,881.01,1099.20,1,S,5,W
25,898.31,1099.50,1,S,5,W
23,891.89,1121.04,1,S,5,N
24,892.38,1121.34,1,S,5,N