id,enter_time,exit_time,entrance_intersection,entrance_direction,exit_intersection,exit_direction
69,21.93,66.14,5,W,5,N
70,35.23,66.44,5,W,5,N
71,36.52,66.74,5,W,5,N
72,44.76,67.04,5,W,5,N
73,63.18,69.32,5,W,5,N
63,92.53,154.30,3,W,5,N
24,56.55,199.80,1,W,5,W
46,79.97,215.80,1,E,5,E
74,198.63,265.94,5,W,5,N
29,106.12,299.70,1,W,5,W
48,149.78,300.00,1,E,5,W
25,66.25,321.84,1,W,5,N
26,73.45,322.14,1,W,5,N
27,86.64,322.44,1,W,5,N
28,95.66,322.74,1,W,5,N
30,119.82,323.04,1,W,5,N
31,133.96,323.34,1,W,5,N
47,142.44,323.64,1,E,5,N
60,241.10,399.60,2,E,5,W
1,362.97,401.60,1,S,1,W
57,307.06,412.57,2,W,3,E
56,200.83,415.60,2,W,5,E
4,404.38,418.51,1,S,1,E
49,256.92,421.74,1,E,5,N
66,360.30,430.37,3,E,5,N
2,372.54,499.00,1,S,3,E
33,351.59,499.50,1,W,5,W
34,353.63,499.80,1,W,5,W
35,355.52,500.10,1,W,5,W
12,452.65,502.00,1,S,1,W
32,274.00,521.64,1,W,5,N
68,488.72,550.49,3,E,5,N
75,485.93,565.64,5,W,5,N
76,492.59,565.94,5,W,5,N
77,553.48,566.24,5,W,5,N
78,568.67,574.80,5,W,5,N
85,565.57,579.64,5,E,5,N
67,477.20,599.40,3,E,5,W
50,428.70,599.70,1,E,5,W
3,384.71,615.40,1,S,5,E
0,360.93,621.54,1,S,5,N
5,404.71,621.84,1,S,5,N
6,415.96,622.14,1,S,5,N
7,419.54,622.44,1,S,5,N
8,431.87,622.74,1,S,5,N
9,437.35,623.04,1,S,5,N
64,521.67,629.97,3,W,5,N
65,544.18,630.27,3,W,5,N
51,575.14,637.33,1,E,3,W
79,653.97,665.54,5,W,5,N
80,664.89,671.03,5,W,5,N
86,608.29,679.54,5,E,5,N
87,653.00,679.84,5,E,5,N
10,449.83,699.30,1,S,5,W
11,450.33,699.60,1,S,5,W
58,546.97,699.90,2,W,5,W
36,508.00,700.20,1,W,5,W
14,470.95,715.30,1,S,5,E
13,456.87,721.44,1,S,5,N
15,475.06,721.74,1,S,5,N
61,509.25,722.04,2,E,5,N
59,571.90,722.34,2,W,5,N
81,752.77,765.44,5,W,5,N
82,769.57,775.71,5,W,5,N
37,616.05,799.20,1,W,5,W
38,642.76,799.50,1,W,5,W
52,662.59,799.80,1,E,5,W
19,770.14,803.20,1,S,1,W
20,787.74,816.00,1,S,1,E
39,657.63,821.34,1,W,5,N
53,781.88,844.07,1,E,3,W
83,814.87,865.34,5,W,5,N
84,824.28,865.64,5,W,5,N
42,763.79,899.10,1,W,5,W
23,806.08,900.90,1,S,2,E
40,669.99,915.10,1,W,5,E
41,740.59,921.24,1,W,5,N
44,803.92,937.27,1,W,3,E
54,853.02,937.87,1,E,3,W
17,750.91,999.00,1,S,5,W
18,754.20,999.30,1,S,5,W
45,814.51,999.60,1,W,5,W
16,741.17,1021.14,1,S,5,N
21,801.27,1021.44,1,S,5,N
22,805.09,1021.74,1,S,5,N
62,864.53,1022.04,2,E,5,N
43,772.09,1022.34,1,W,5,N
55,889.16,1022.64,1,E,5,N