id,enter_time,exit_time,entrance_intersection,entrance_direction,exit_intersection,exit_direction
1,32.63,46.77,1,S,1,E
67,13.14,124.83,3,E,5,E
64,21.65,199.80,3,W,5,W
52,50.51,200.10,1,E,5,W
9,125.60,200.80,1,S,1,W
13,163.71,201.10,1,S,1,W
14,176.51,201.40,1,S,1,W
12,157.57,213.60,1,S,1,E
0,19.49,221.94,1,S,5,N
53,77.78,222.24,1,E,5,N
70,199.21,265.94,5,W,5,N
71,206.11,266.24,5,W,5,N
11,141.37,299.40,1,S,3,E
2,40.89,299.70,1,S,5,W
5,69.33,300.00,1,S,5,W
16,212.27,301.20,1,S,1,W
58,119.05,315.70,2,W,5,E
3,46.16,321.84,1,S,5,N
4,57.82,322.14,1,S,5,N
6,98.85,322.44,1,S,5,N
7,107.54,322.74,1,S,5,N
8,122.55,323.04,1,S,5,N
34,129.60,323.34,1,W,5,N
37,230.87,337.27,1,W,3,E
10,139.71,399.60,1,S,5,W
15,179.27,399.90,1,S,5,W
35,200.40,400.20,1,W,5,W
36,219.23,400.50,1,W,5,W
38,239.95,400.80,1,W,5,W
62,209.09,421.74,2,E,5,N
59,205.00,422.04,2,W,5,N
17,222.19,422.34,1,S,5,N
55,374.40,499.50,1,E,5,W
39,308.01,521.64,1,W,5,N
54,332.21,521.94,1,E,5,N
68,471.64,533.41,3,E,5,N
72,512.86,565.64,5,W,5,N
73,516.44,565.94,5,W,5,N
74,534.22,566.24,5,W,5,N
75,535.89,566.54,5,W,5,N
76,550.65,566.84,5,W,5,N
85,584.29,590.42,5,E,5,N
18,486.58,598.80,1,S,3,W
65,427.80,599.40,3,W,5,W
56,451.71,599.70,1,E,5,W
20,534.10,600.60,1,S,2,E
24,563.96,602.40,1,S,1,W
60,498.78,621.54,2,W,5,N
40,430.87,621.84,1,W,5,N
66,565.30,629.97,3,W,5,N
77,630.98,665.54,5,W,5,N
27,600.44,698.60,1,S,3,E
19,487.79,699.30,1,S,5,W
63,555.48,699.60,2,E,5,W
78,759.61,765.75,5,W,5,N
79,771.07,777.20,5,W,5,N
86,786.82,792.95,5,E,5,N
69,599.51,799.20,3,E,5,W
23,554.95,799.50,1,S,5,W
25,574.10,799.80,1,S,5,W
26,585.14,800.10,1,S,5,W
30,622.43,800.40,1,S,5,W
32,637.63,800.70,1,S,5,W
43,618.48,801.00,1,W,5,W
29,617.19,815.20,1,S,5,E
21,545.14,821.34,1,S,5,N
22,545.28,821.64,1,S,5,N
61,602.17,821.94,2,W,5,N
28,613.42,822.24,1,S,5,N
31,636.31,822.54,1,S,5,N
41,585.76,822.84,1,W,5,N
42,594.13,823.14,1,W,5,N
44,627.28,823.44,1,W,5,N
57,665.44,823.74,1,E,5,N
80,778.29,865.34,5,W,5,N
81,789.42,865.64,5,W,5,N
82,865.67,871.81,5,W,5,N
45,761.12,915.10,1,W,5,E
47,798.87,937.27,1,W,3,W
83,879.83,965.24,5,W,5,N
84,882.06,965.54,5,W,5,N
50,848.62,999.00,1,W,5,W
46,774.73,1021.14,1,W,5,N
48,813.45,1021.44,1,W,5,N
49,838.68,1021.74,1,W,5,N
33,884.34,1098.90,1,S,5,W
51,873.33,1121.04,1,W,5,N