id,enter_time,exit_time,entrance_intersection,entrance_direction,exit_intersection,exit_direction
71,23.82,66.14,5,W,5,N
72,53.51,66.44,5,W,5,N
73,66.35,72.48,5,W,5,N
0,16.46,100.40,1,S,1,W
65,9.07,130.97,3,E,5,N
66,22.24,131.27,3,E,5,N
51,95.53,131.60,2,W,3,W
59,89.07,150.84,3,W,5,N
60,91.41,153.18,3,W,5,N
1,23.79,199.80,1,S,5,W
43,40.78,200.10,1,E,5,W
2,29.29,221.94,1,S,5,N
74,177.23,265.94,5,W,5,N
75,187.66,266.24,5,W,5,N
44,96.80,299.70,1,E,5,W
56,166.92,300.00,2,E,5,W
4,284.16,314.00,1,S,1,E
52,190.86,321.84,2,W,5,N
29,163.24,322.14,1,W,5,N
45,105.13,322.44,1,E,5,N
46,186.21,322.74,1,E,5,N
76,275.31,365.84,5,W,5,N
77,289.03,366.14,5,W,5,N
78,356.94,366.44,5,W,5,N
79,358.44,366.74,5,W,5,N
53,290.20,399.60,2,W,5,W
47,208.65,399.90,1,E,5,W
7,356.04,401.60,1,S,1,W
11,378.84,414.40,1,S,1,E
31,188.42,415.60,1,W,5,E
33,248.96,415.90,1,W,5,E
34,256.85,416.20,1,W,5,E
30,174.15,421.74,1,W,5,N
32,238.44,422.04,1,W,5,N
85,401.58,479.74,5,E,5,N
6,344.64,499.00,1,S,3,W
15,482.84,502.00,1,S,1,W
3,281.12,521.64,1,S,5,N
5,302.04,521.94,1,S,5,N
86,588.83,594.96,5,E,5,N
14,464.86,598.80,1,S,3,W
67,423.30,599.40,3,E,5,W
68,487.56,599.70,3,E,5,W
10,374.10,600.00,1,S,5,W
12,390.90,600.30,1,S,5,W
54,499.83,600.60,2,W,5,W
13,418.46,600.90,1,S,5,W
35,392.66,601.20,1,W,5,W
16,504.58,602.40,1,S,1,W
20,539.08,615.20,1,S,1,E
8,361.16,621.54,1,S,5,N
9,370.42,621.84,1,S,5,N
48,448.95,622.14,1,E,5,N
49,465.77,622.44,1,E,5,N
61,569.75,631.52,3,W,5,N
69,575.36,637.13,3,E,5,N
62,593.08,654.85,3,W,5,N
80,618.47,665.54,5,W,5,N
81,644.51,665.84,5,W,5,N
82,660.08,666.22,5,W,5,N
19,523.63,699.30,1,S,5,W
37,544.05,699.60,1,W,5,W
39,565.24,699.90,1,W,5,W
57,555.53,721.44,2,E,5,N
17,508.55,721.74,1,S,5,N
18,513.35,722.04,1,S,5,N
36,516.24,722.34,1,W,5,N
38,558.47,722.64,1,W,5,N
83,756.63,765.44,5,W,5,N
84,771.93,778.06,5,W,5,N
58,762.51,812.97,2,E,3,E
21,550.81,821.34,1,S,5,N
50,691.51,821.64,1,E,5,N
63,726.89,829.57,3,W,5,N
40,700.87,899.10,1,W,5,W
22,808.92,903.60,1,S,1,W
24,830.35,903.90,1,S,1,W
55,762.21,921.24,2,W,5,N
70,843.53,929.37,3,E,5,N
27,868.85,943.12,1,S,2,E
64,812.19,999.00,3,W,5,W
42,812.96,999.30,1,W,5,W
23,824.80,1015.00,1,S,5,E
41,799.36,1021.14,1,W,5,N
25,845.01,1098.90,1,S,5,W
26,861.51,1099.20,1,S,5,W
28,893.40,1121.04,1,S,5,N