id,enter_time,exit_time,entrance_intersection,entrance_direction,exit_intersection,exit_direction
3,29.45,43.59,1,S,1,E
75,2.38,66.14,5,W,5,N
76,10.42,66.44,5,W,5,N
2,24.49,100.40,1,S,1,W
70,9.57,130.97,3,E,5,N
71,20.33,131.27,3,E,5,N
0,13.50,221.94,1,S,5,N
1,17.04,222.24,1,S,5,N
48,9.83,222.54,1,W,5,N
68,157.94,230.77,3,W,5,N
49,144.10,236.27,1,W,3,E
77,228.16,265.94,5,W,5,N
78,239.09,266.24,5,W,5,N
79,248.49,266.54,5,W,5,N
72,105.85,299.70,3,E,5,W
57,139.93,300.00,1,E,5,W
58,165.31,321.84,1,E,5,N
80,318.97,365.84,5,W,5,N
9,370.60,401.60,1,S,1,W
61,289.60,407.42,1,E,5,W
59,243.26,421.74,1,E,5,N
60,271.14,422.04,1,E,5,N
73,370.79,432.56,3,E,5,N
12,403.00,443.25,1,S,2,W
66,375.79,499.50,2,E,5,W
16,437.86,502.00,1,S,1,W
20,471.46,502.30,1,S,1,W
23,492.49,506.62,1,S,1,W
22,483.76,514.80,1,S,1,E
50,295.98,521.64,1,W,5,N
51,415.15,537.17,1,W,3,W
81,480.85,565.64,5,W,5,N
82,485.62,565.94,5,W,5,N
83,508.78,566.24,5,W,5,N
84,543.87,566.54,5,W,5,N
85,553.26,566.84,5,W,5,N
89,585.53,591.67,5,E,5,N
5,354.56,599.40,1,S,5,W
10,385.69,599.70,1,S,5,W
52,426.23,600.00,1,W,5,W
26,522.99,602.40,1,S,1,W
62,493.17,611.00,1,E,5,W
31,588.31,615.20,1,S,1,E
14,425.58,615.40,1,S,5,E
4,354.40,621.54,1,S,5,N
6,358.34,621.84,1,S,5,N
7,361.31,622.14,1,S,5,N
8,368.38,622.44,1,S,5,N
11,400.34,622.74,1,S,5,N
13,404.45,623.04,1,S,5,N
15,425.99,623.34,1,S,5,N
34,618.64,632.77,1,S,1,E
90,627.59,679.54,5,E,5,N
30,585.96,698.60,1,S,3,W
21,475.19,699.30,1,S,5,W
91,693.46,699.60,5,E,5,N
25,508.13,699.60,1,S,5,W
27,529.22,699.90,1,S,5,W
38,664.10,702.80,1,S,1,W
44,694.31,708.45,1,S,1,W
17,444.78,721.44,1,S,5,N
18,448.89,721.74,1,S,5,N
19,457.36,722.04,1,S,5,N
24,504.42,722.34,1,S,5,N
69,611.52,729.77,3,W,5,N
92,755.68,779.44,5,E,5,N
28,552.06,799.20,1,S,5,W
32,595.31,799.50,1,S,5,W
54,627.65,799.80,1,W,5,W
55,641.99,800.10,1,W,5,W
46,747.42,803.20,1,S,1,W
47,761.24,803.50,1,S,1,W
29,571.68,821.34,1,S,5,N
67,609.44,821.64,2,E,5,N
33,607.27,821.94,1,S,5,N
53,620.44,822.24,1,W,5,N
63,643.07,822.54,1,E,5,N
86,836.31,865.34,5,W,5,N
87,850.20,865.64,5,W,5,N
88,862.66,868.79,5,W,5,N
35,640.74,899.10,1,S,5,W
39,667.79,899.40,1,S,5,W
42,683.42,899.70,1,S,5,W
43,688.25,900.00,1,S,5,W
45,713.65,900.30,1,S,5,W
36,642.90,921.24,1,S,5,N
37,654.70,921.54,1,S,5,N
40,677.98,921.84,1,S,5,N
41,678.68,922.14,1,S,5,N
64,718.26,922.44,2,W,5,N
74,838.19,929.37,3,E,5,N
65,832.48,1021.14,2,W,5,N
56,842.60,1021.44,1,W,5,N