id,enter_time,exit_time,entrance_intersection,entrance_direction,exit_intersection,exit_direction
40,18.37,66.14,5,W,5,N
1,21.37,100.40,1,S,1,W
0,13.48,136.17,1,S,3,E
41,122.54,166.04,5,W,5,N
42,131.53,166.34,5,W,5,N
34,30.56,199.80,3,W,5,W
35,64.63,200.10,3,W,5,W
30,76.59,221.94,2,W,5,N
43,194.03,265.94,5,W,5,N
44,208.85,266.24,5,W,5,N
45,219.24,266.54,5,W,5,N
46,233.04,266.84,5,W,5,N
5,76.38,299.70,1,S,5,W
6,82.04,300.00,1,S,5,W
2,60.74,321.84,1,S,5,N
3,68.12,322.14,1,S,5,N
4,72.01,322.44,1,S,5,N
7,94.69,322.74,1,S,5,N
36,233.36,330.57,3,W,5,N
38,244.98,330.87,3,E,5,N
50,381.08,387.22,5,E,5,N
14,171.80,399.60,1,W,5,W
31,290.55,415.60,2,W,5,E
15,185.32,421.74,1,W,5,N
51,424.28,479.74,5,E,5,N
52,485.17,491.31,5,E,5,N
32,376.61,521.64,2,E,5,N
16,311.30,521.94,1,W,5,N
17,322.14,522.24,1,W,5,N
47,504.02,565.64,5,W,5,N
53,521.82,579.64,5,E,5,N
54,522.84,579.94,5,E,5,N
18,443.49,599.40,1,W,5,W
19,453.92,599.70,1,W,5,W
25,490.82,608.65,1,E,5,W
39,590.17,651.94,3,E,5,N
26,516.74,699.30,1,E,5,W
20,608.29,700.70,1,W,2,W
8,461.27,721.44,1,S,5,N
27,589.17,721.74,1,E,5,N
28,596.32,722.04,1,E,5,N
37,653.30,729.77,3,W,5,N
55,751.09,779.44,5,E,5,N
13,794.44,808.58,1,S,1,W
33,707.15,812.97,2,E,3,E
48,843.12,865.34,5,W,5,N
12,780.03,898.20,1,S,3,E
9,723.77,899.10,1,S,5,W
56,894.67,900.81,5,E,5,N
10,732.70,921.24,1,S,5,N
49,892.68,965.24,5,W,5,N
22,774.30,999.00,1,W,5,W
23,786.22,999.30,1,W,5,W
11,752.48,1021.14,1,S,5,N
21,773.79,1021.44,1,W,5,N
29,808.12,1021.74,1,E,5,N
24,895.81,1121.04,1,W,5,N