id,enter_time,exit_time,entrance_intersection,entrance_direction,exit_intersection,exit_direction
58,9.29,66.14,5,W,5,N
59,70.55,76.69,5,W,5,N
3,91.65,105.78,1,S,1,W
54,9.72,130.97,3,E,5,N
60,84.53,166.04,5,W,5,N
40,21.83,199.80,1,E,5,W
0,25.72,221.94,1,S,5,N
26,13.34,222.24,1,W,5,N
55,153.90,230.77,3,E,5,N
27,138.57,236.27,1,W,3,E
48,144.43,299.70,2,E,5,W
45,117.43,300.00,2,W,5,W
1,37.46,321.84,1,S,5,N
2,82.34,322.14,1,S,5,N
28,152.89,322.44,1,W,5,N
56,214.37,330.57,3,E,5,N
61,296.05,365.84,5,W,5,N
65,368.25,379.84,5,E,5,N
66,441.10,479.74,5,E,5,N
67,448.73,480.04,5,E,5,N
31,380.72,500.50,1,W,2,W
8,404.66,502.00,1,S,1,W
11,445.42,514.80,1,S,1,E
46,342.98,521.64,2,W,5,N
49,384.79,521.94,2,E,5,N
29,347.83,522.24,1,W,5,N
51,425.78,530.17,3,W,5,N
12,502.79,598.80,1,S,3,E
4,379.32,599.40,1,S,5,W
6,392.95,599.70,1,S,5,W
7,395.49,600.00,1,S,5,W
9,420.32,600.30,1,S,5,W
32,396.59,600.60,1,W,5,W
15,544.48,602.40,1,S,1,W
30,372.43,615.40,1,W,5,E
5,387.50,621.54,1,S,5,N
10,429.60,621.84,1,S,5,N
33,404.38,622.14,1,W,5,N
62,619.52,665.54,5,W,5,N
63,624.90,665.84,5,W,5,N
14,536.14,699.30,1,S,5,W
13,514.82,721.44,1,S,5,N
34,564.11,721.74,1,W,5,N
41,568.89,722.04,1,E,5,N
42,574.03,722.34,1,E,5,N
52,603.99,723.63,3,W,5,E
57,641.28,729.77,3,E,5,N
53,605.36,730.07,3,W,5,N
16,739.18,753.31,1,S,1,E
64,710.90,765.44,5,W,5,N
47,647.14,799.20,2,W,5,W
36,585.46,799.50,1,W,5,W
43,660.60,799.80,1,E,5,W
68,796.86,803.00,5,E,5,N
50,639.67,821.34,2,E,5,N
35,577.15,821.64,1,W,5,N
44,778.28,840.47,1,E,3,W
69,840.92,879.34,5,E,5,N
70,877.43,883.57,5,E,5,N
18,754.03,898.20,1,S,3,E
24,831.53,903.60,1,S,1,W
38,800.14,938.17,1,W,3,W
21,798.54,999.00,1,S,5,W
22,812.68,999.30,1,S,5,W
37,787.66,999.60,1,W,5,W
23,815.31,1015.00,1,S,5,E
17,752.64,1021.14,1,S,5,N
19,763.17,1021.44,1,S,5,N
20,785.31,1021.74,1,S,5,N
25,831.69,1022.04,1,S,5,N
39,887.50,1121.04,1,W,5,N