id,enter_time,exit_time,entrance_intersection,entrance_direction,exit_intersection,exit_direction
59,17.70,66.14,5,W,5,N
3,40.78,100.40,1,S,1,W
8,90.88,105.01,1,S,1,W
51,42.93,131.27,3,W,5,N
60,125.81,166.04,5,W,5,N
61,141.05,166.34,5,W,5,N
62,156.78,166.64,5,W,5,N
86,125.33,180.04,5,E,5,N
4,48.03,199.60,1,S,3,W
50,4.41,199.80,3,W,5,W
0,5.73,200.10,1,S,5,W
12,110.82,200.20,1,S,2,W
35,41.96,200.40,1,E,5,W
11,98.51,200.80,1,S,1,W
13,127.32,201.10,1,S,1,W
1,34.81,221.94,1,S,5,N
28,137.10,237.77,1,W,3,W
63,178.99,265.94,5,W,5,N
64,192.05,266.24,5,W,5,N
65,194.89,266.54,5,W,5,N
66,207.81,266.84,5,W,5,N
67,217.84,267.14,5,W,5,N
68,232.25,267.44,5,W,5,N
69,240.29,267.74,5,W,5,N
87,204.07,279.94,5,E,5,N
16,164.07,299.40,1,S,3,W
2,38.48,299.70,1,S,5,W
9,94.06,300.00,1,S,5,W
10,96.05,300.30,1,S,5,W
23,80.05,300.60,1,W,5,W
25,106.65,300.90,1,W,5,W
26,119.69,301.20,1,W,5,W
27,122.64,301.50,1,W,5,W
46,228.44,312.47,2,E,3,W
5,52.76,321.84,1,S,5,N
6,58.44,322.14,1,S,5,N
7,90.37,322.44,1,S,5,N
24,93.79,322.74,1,W,5,N
36,176.60,323.04,1,E,5,N
54,272.55,334.32,3,E,5,N
70,322.25,365.84,5,W,5,N
71,334.76,366.14,5,W,5,N
88,342.77,379.84,5,E,5,N
14,137.49,421.74,1,S,5,N
15,157.17,422.04,1,S,5,N
45,235.90,422.34,2,W,5,N
37,263.97,422.64,1,E,5,N
38,276.15,422.94,1,E,5,N
55,320.71,430.37,3,E,5,N
29,324.21,436.47,1,W,3,E
30,351.68,436.77,1,W,3,W
72,401.41,465.74,5,W,5,N
18,448.52,502.00,1,S,1,W
73,484.96,565.64,5,W,5,N
74,490.13,565.94,5,W,5,N
40,512.04,600.60,1,E,2,W
39,486.90,621.54,1,E,5,N
31,540.53,636.67,1,W,3,E
75,576.10,665.54,5,W,5,N
76,586.83,665.84,5,W,5,N
77,621.78,666.14,5,W,5,N
78,635.09,666.44,5,W,5,N
17,441.18,699.30,1,S,5,W
19,467.88,721.44,1,S,5,N
41,596.05,721.74,1,E,5,N
79,741.60,765.44,5,W,5,N
80,750.34,765.74,5,W,5,N
52,622.79,799.20,3,W,5,W
32,740.79,800.80,1,W,2,E
47,618.22,821.34,2,E,5,N
56,740.43,829.57,3,E,5,N
81,813.01,865.34,5,W,5,N
82,814.09,865.64,5,W,5,N
83,819.92,865.94,5,W,5,N
84,831.66,866.24,5,W,5,N
89,871.37,879.34,5,E,5,N
33,755.61,899.10,1,W,5,W
43,775.22,899.40,1,E,5,W
48,703.05,921.24,2,E,5,N
20,720.62,921.54,1,S,5,N
21,721.03,921.84,1,S,5,N
22,724.43,922.14,1,S,5,N
34,764.92,922.44,1,W,5,N
42,755.35,922.74,1,E,5,N
53,816.97,929.37,3,W,5,N
57,806.92,929.67,3,E,5,N
85,899.80,965.24,5,W,5,N
49,897.47,999.00,2,E,5,W
58,897.92,1021.14,3,E,5,N
44,887.63,1021.44,1,E,5,N