id,enter_time,exit_time,entrance_intersection,entrance_direction,exit_intersection,exit_direction
1,14.31,28.45,1,S,1,E
0,12.66,100.40,1,S,1,W
60,12.12,130.97,3,E,5,N
53,91.57,153.34,3,W,5,N
63,159.88,166.04,5,W,5,N
2,24.63,199.80,1,S,5,W
3,26.96,200.10,1,S,5,W
22,54.22,200.40,1,W,5,W
20,30.36,221.94,1,W,5,N
21,44.83,222.24,1,W,5,N
55,150.37,231.07,3,W,5,N
56,155.47,231.37,3,W,5,N
57,180.38,242.15,3,W,5,N
64,177.69,265.94,5,W,5,N
65,189.46,266.24,5,W,5,N
54,107.07,299.70,3,W,5,W
48,185.31,321.84,2,W,5,N
41,154.55,322.14,1,E,5,N
42,198.17,322.44,1,E,5,N
58,229.32,330.57,3,W,5,N
25,263.35,336.97,1,W,3,W
66,324.36,365.84,5,W,5,N
67,340.18,366.14,5,W,5,N
72,391.66,397.79,5,E,5,N
73,393.22,399.36,5,E,5,N
26,272.69,400.40,1,W,2,W
50,274.60,421.74,2,E,5,N
23,190.06,422.04,1,W,5,N
24,200.06,422.34,1,W,5,N
68,399.23,465.74,5,W,5,N
69,402.64,466.04,5,W,5,N
74,464.59,479.74,5,E,5,N
61,354.52,499.50,3,E,5,W
59,419.27,530.17,3,W,5,N
43,474.06,538.07,1,E,3,W
49,485.75,599.40,2,W,5,W
5,406.86,599.70,1,S,5,W
27,417.76,600.00,1,W,5,W
28,445.74,600.30,1,W,5,W
4,404.87,621.54,1,S,5,N
29,461.52,621.84,1,W,5,N
33,545.47,699.30,1,W,5,W
44,539.31,699.60,1,E,5,W
6,686.20,702.80,1,S,1,W
7,690.14,704.28,1,S,1,W
51,599.92,721.44,2,E,5,N
30,480.87,721.74,1,W,5,N
31,486.38,722.04,1,W,5,N
32,538.65,722.34,1,W,5,N
34,564.52,722.64,1,W,5,N
37,622.36,799.20,1,W,5,W
15,764.81,803.20,1,S,1,W
35,593.96,815.20,1,W,5,E
36,609.68,821.34,1,W,5,N
38,634.40,821.64,1,W,5,N
62,722.49,823.43,3,E,5,E
45,714.70,837.77,1,E,3,W
70,784.29,865.34,5,W,5,N
71,844.86,865.64,5,W,5,N
75,862.10,879.34,5,E,5,N
13,750.01,898.20,1,S,3,W
8,697.67,899.10,1,S,5,W
9,701.68,899.40,1,S,5,W
10,714.26,921.24,1,S,5,N
11,718.90,921.54,1,S,5,N
12,723.83,921.84,1,S,5,N
40,822.40,999.00,1,W,5,W
46,867.64,999.30,1,E,5,W
14,753.00,1021.14,1,S,5,N
16,775.13,1021.44,1,S,5,N
17,789.71,1021.74,1,S,5,N
18,799.67,1022.04,1,S,5,N
19,802.23,1022.34,1,S,5,N
52,812.00,1022.64,2,E,5,N
39,806.33,1022.94,1,W,5,N
47,897.60,1023.24,1,E,5,N