id,enter_time,exit_time,entrance_intersection,entrance_direction,exit_intersection,exit_direction
90,22.73,66.14,5,W,5,N
110,25.99,80.14,5,E,5,N
0,7.46,100.40,1,S,1,W
3,49.97,100.70,1,S,1,W
79,27.65,130.97,3,W,5,N
91,83.42,166.04,5,W,5,N
92,104.35,166.34,5,W,5,N
93,123.13,166.64,5,W,5,N
76,91.43,199.80,2,E,5,W
2,36.87,200.10,1,S,5,W
1,34.08,215.80,1,S,5,E
40,16.24,221.94,1,W,5,N
94,190.88,265.94,5,W,5,N
95,199.57,266.24,5,W,5,N
42,163.07,299.70,1,W,5,W
4,56.13,321.84,1,S,5,N
41,149.47,322.14,1,W,5,N
43,163.48,322.44,1,W,5,N
44,175.83,399.60,1,W,5,W
46,215.83,399.90,1,W,5,W
49,291.41,400.40,1,W,2,W
51,365.41,400.70,1,W,2,W
45,192.17,421.74,1,W,5,N
47,227.74,422.04,1,W,5,N
48,243.05,422.34,1,W,5,N
82,334.62,430.37,3,E,5,N
96,396.92,465.74,5,W,5,N
97,455.85,466.04,5,W,5,N
98,458.96,466.34,5,W,5,N
99,459.29,466.64,5,W,5,N
100,470.05,476.19,5,W,5,N
83,344.57,499.50,3,E,5,W
6,318.57,499.80,1,S,5,W
50,359.94,500.10,1,W,5,W
5,298.75,521.64,1,S,5,N
7,324.11,521.94,1,S,5,N
84,422.30,530.17,3,E,5,N
101,483.23,565.64,5,W,5,N
102,506.51,565.94,5,W,5,N
103,520.23,566.24,5,W,5,N
63,405.77,599.40,1,E,5,W
11,592.17,606.31,1,S,1,W
77,479.41,621.54,2,E,5,N
64,449.30,621.84,1,E,5,N
65,464.07,622.14,1,E,5,N
66,469.77,622.44,1,E,5,N
85,517.64,629.97,3,E,5,N
54,536.88,637.27,1,W,3,W
104,603.31,665.54,5,W,5,N
111,606.65,679.54,5,E,5,N
112,682.91,689.05,5,E,5,N
80,571.71,699.30,3,W,5,W
53,526.03,699.60,1,W,5,W
12,600.55,702.80,1,S,1,W
52,499.75,721.44,1,W,5,N
55,560.10,721.74,1,W,5,N
67,560.73,722.04,1,E,5,N
68,585.24,722.34,1,E,5,N
81,663.19,729.77,3,W,5,N
105,730.88,765.44,5,W,5,N
8,578.15,799.20,1,S,5,W
14,617.21,799.50,1,S,5,W
56,633.71,799.80,1,W,5,W
58,659.66,800.10,1,W,5,W
70,632.37,800.40,1,E,5,W
24,717.34,800.80,1,S,2,W
23,703.80,803.20,1,S,1,W
32,791.99,806.13,1,S,1,W
17,634.44,815.20,1,S,5,E
30,770.51,816.00,1,S,1,E
9,582.59,821.34,1,S,5,N
10,590.14,821.64,1,S,5,N
13,607.35,821.94,1,S,5,N
15,617.74,822.24,1,S,5,N
16,622.47,822.54,1,S,5,N
57,634.64,822.84,1,W,5,N
69,613.93,823.14,1,E,5,N
106,788.70,865.34,5,W,5,N
107,810.25,865.64,5,W,5,N
33,804.19,898.20,1,S,3,W
22,698.92,899.10,1,S,5,W
26,732.93,899.40,1,S,5,W
35,839.64,903.60,1,S,1,W
78,803.88,913.07,2,E,3,W
18,649.73,921.24,1,S,5,N
19,651.24,921.54,1,S,5,N
20,666.94,921.84,1,S,5,N
21,679.06,922.14,1,S,5,N
75,732.12,922.44,2,W,5,N
25,726.33,922.74,1,S,5,N
71,713.48,923.04,1,E,5,N
88,855.13,929.97,3,E,5,N
89,868.25,930.02,3,E,5,N
108,888.06,965.24,5,W,5,N
109,897.69,965.54,5,W,5,N
86,824.61,999.00,3,E,5,W
87,840.41,999.30,3,E,5,W
27,742.38,999.60,1,S,5,W
28,752.71,999.90,1,S,5,W
31,778.52,1000.20,1,S,5,W
61,850.15,1000.50,1,W,5,W
60,819.00,1015.00,1,W,5,E
74,867.06,1015.30,1,E,5,E
29,766.07,1021.14,1,S,5,N
34,819.10,1021.44,1,S,5,N
59,812.59,1021.74,1,W,5,N
62,862.66,1022.04,1,W,5,N
72,808.48,1022.34,1,E,5,N
73,823.92,1022.64,1,E,5,N
38,882.81,1098.90,1,S,5,W
39,893.71,1099.20,1,S,5,W
36,854.60,1121.04,1,S,5,N
37,870.07,1121.34,1,S,5,N