id,enter_time,exit_time,entrance_intersection,entrance_direction,exit_intersection,exit_direction
4,30.76,44.90,1,S,1,E
25,11.85,100.10,1,W,2,W
0,8.51,100.40,1,S,1,W
5,43.85,100.70,1,S,1,W
8,73.82,101.00,1,S,1,W
9,94.32,108.45,1,S,1,W
1,9.19,199.80,1,S,5,W
2,13.44,200.10,1,S,5,W
3,21.74,200.40,1,S,5,W
26,24.24,200.70,1,W,5,W
12,125.45,200.80,1,S,1,W
28,33.94,201.00,1,W,5,W
13,134.48,201.10,1,S,1,W
39,49.43,201.30,1,E,5,W
53,100.00,215.80,2,W,5,E
27,25.06,216.10,1,W,5,E
29,34.03,221.94,1,W,5,N
38,40.87,222.24,1,E,5,N
40,76.62,222.54,1,E,5,N
41,99.50,299.70,1,E,5,W
63,108.06,300.00,3,E,5,W
10,108.49,315.70,1,S,5,E
6,53.22,321.84,1,S,5,N
7,60.83,322.14,1,S,5,N
54,119.99,322.44,2,W,5,N
11,117.80,322.74,1,S,5,N
30,164.56,323.04,1,W,5,N
69,276.11,365.84,5,W,5,N
70,278.08,366.14,5,W,5,N
71,300.07,366.44,5,W,5,N
32,333.02,400.40,1,W,2,E
55,211.50,421.74,2,W,5,N
31,189.84,422.04,1,W,5,N
42,239.30,422.34,1,E,5,N
43,286.82,422.64,1,E,5,N
44,434.78,500.50,1,E,2,W
58,370.15,521.64,2,E,5,N
33,348.84,521.94,1,W,5,N
77,553.87,579.64,5,E,5,N
78,561.70,579.94,5,E,5,N
60,494.18,599.40,3,W,5,W
14,520.17,602.40,1,S,1,W
15,534.06,602.70,1,S,1,W
19,571.94,603.00,1,S,1,W
64,515.58,629.97,3,E,5,N
66,537.12,630.57,3,E,5,N
67,594.25,656.02,3,E,5,N
79,603.69,679.54,5,E,5,N
18,558.87,698.60,1,S,3,W
65,525.92,699.30,3,E,5,W
56,514.70,699.60,2,W,5,W
34,497.79,721.44,1,W,5,N
45,562.16,721.74,1,E,5,N
46,584.57,722.04,1,E,5,N
72,697.43,765.44,5,W,5,N
73,712.18,765.74,5,W,5,N
74,734.67,766.04,5,W,5,N
61,655.36,799.20,3,W,5,W
16,539.89,821.34,1,S,5,N
17,555.75,821.64,1,S,5,N
20,589.73,821.94,1,S,5,N
59,624.07,822.24,2,E,5,N
35,617.01,822.54,1,W,5,N
75,856.56,865.34,5,W,5,N
76,865.75,871.89,5,W,5,N
22,863.53,916.40,1,S,1,E
47,701.77,921.24,1,E,5,N
36,718.67,921.54,1,W,5,N
48,783.44,921.84,1,E,5,N
62,811.09,929.37,3,W,5,N
37,811.72,936.97,1,W,3,W
68,871.72,999.00,3,E,5,W
49,806.33,999.30,1,E,5,W
52,884.57,1002.40,1,E,5,W
57,803.94,1021.14,2,W,5,N
50,825.71,1021.44,1,E,5,N
51,845.55,1021.74,1,E,5,N
21,858.35,1098.90,1,S,5,W
24,887.89,1099.20,1,S,5,W
23,869.16,1114.90,1,S,5,E