id,enter_time,exit_time,entrance_intersection,entrance_direction,exit_intersection,exit_direction
79,21.43,80.14,5,E,5,N
0,15.53,100.10,1,S,2,W
52,12.59,130.97,3,W,5,N
40,14.24,137.37,1,E,3,E
11,128.46,142.60,1,S,1,E
5,88.02,199.60,1,S,3,W
3,63.21,199.60,1,S,3,E
10,125.21,200.20,1,S,2,W
7,113.12,200.80,1,S,1,W
8,116.04,201.10,1,S,1,W
41,45.11,215.80,1,E,5,E
1,19.21,221.94,1,S,5,N
2,32.19,222.24,1,S,5,N
24,22.57,222.54,1,W,5,N
25,53.55,222.84,1,W,5,N
42,61.31,223.14,1,E,5,N
15,163.56,240.62,1,S,2,E
64,208.97,265.94,5,W,5,N
65,226.39,266.24,5,W,5,N
66,239.46,266.54,5,W,5,N
67,243.73,266.84,5,W,5,N
68,253.93,267.14,5,W,5,N
4,74.28,299.70,1,S,5,W
6,98.28,300.00,1,S,5,W
9,124.55,300.30,1,S,5,W
26,67.58,300.60,1,W,5,W
48,237.92,312.47,2,W,3,W
27,79.16,321.84,1,W,5,N
53,234.04,330.57,3,W,5,N
28,212.31,336.37,1,W,3,E
69,285.86,365.84,5,W,5,N
70,292.68,366.14,5,W,5,N
71,304.70,366.44,5,W,5,N
72,317.08,366.74,5,W,5,N
54,277.94,399.60,3,W,5,W
14,151.66,399.90,1,S,5,W
29,258.08,400.20,1,W,5,W
43,270.02,400.50,1,E,5,W
12,138.38,421.74,1,S,5,N
13,151.55,422.04,1,S,5,N
57,371.73,433.50,3,E,5,N
73,422.80,465.74,5,W,5,N
49,332.27,499.50,2,W,5,W
31,344.72,499.80,1,W,5,W
16,476.91,502.00,1,S,1,W
17,492.76,506.90,1,S,1,W
50,383.99,521.64,2,E,5,N
30,267.70,521.94,1,W,5,N
44,330.86,522.24,1,E,5,N
58,487.43,549.20,3,E,5,N
74,493.11,565.64,5,W,5,N
75,563.20,569.34,5,W,5,N
80,581.12,587.25,5,E,5,N
59,496.59,599.40,3,E,5,W
61,521.07,624.13,3,E,5,E
60,509.90,629.97,3,E,5,N
62,536.82,630.57,3,E,5,N
76,577.45,665.54,5,W,5,N
77,587.33,665.84,5,W,5,N
78,601.99,666.14,5,W,5,N
34,559.72,699.30,1,W,5,W
32,468.66,721.44,1,W,5,N
33,544.71,721.74,1,W,5,N
45,580.14,722.04,1,E,5,N
46,590.40,722.34,1,E,5,N
63,642.63,799.20,3,E,5,W
55,689.42,799.50,3,W,5,W
35,718.91,800.80,1,W,2,W
81,797.61,803.74,5,E,5,N
51,781.07,817.14,2,E,3,W
36,734.42,899.10,1,W,5,W
37,745.16,899.40,1,W,5,W
38,756.17,921.24,1,W,5,N
56,816.55,929.37,3,W,5,N
19,829.78,937.27,1,S,3,W
20,840.13,999.00,1,S,5,W
18,825.82,1021.14,1,S,5,N
47,894.06,1021.44,1,E,5,N
39,868.90,1098.90,1,W,5,W
21,840.57,1121.04,1,S,5,N
22,874.60,1121.34,1,S,5,N
23,896.30,1121.64,1,S,5,N