id,enter_time,exit_time,entrance_intersection,entrance_direction,exit_intersection,exit_direction
0,5.48,19.62,1,S,1,E
69,45.36,80.14,5,E,5,N
1,14.29,100.40,1,S,1,W
3,43.07,100.70,1,S,1,W
4,58.18,101.00,1,S,1,W
5,60.52,101.30,1,S,1,W
47,10.77,130.97,3,E,5,N
54,127.97,166.04,5,W,5,N
27,11.62,199.80,1,E,5,W
2,28.49,221.94,1,S,5,N
48,104.33,230.77,3,E,5,N
49,116.03,231.07,3,E,5,N
55,239.41,265.94,5,W,5,N
70,216.46,279.94,5,E,5,N
71,231.59,280.24,5,E,5,N
72,249.31,280.54,5,E,5,N
73,285.26,291.40,5,E,5,N
41,105.47,321.84,2,E,5,N
51,282.50,344.27,3,E,5,N
56,320.90,365.84,5,W,5,N
57,337.47,366.14,5,W,5,N
74,346.87,379.84,5,E,5,N
75,392.77,398.91,5,E,5,N
50,218.47,399.60,3,E,5,W
52,292.02,399.90,3,E,5,W
28,260.00,400.20,1,E,5,W
37,247.12,421.74,2,W,5,N
15,175.36,422.04,1,W,5,N
16,188.29,422.34,1,W,5,N
17,203.01,422.64,1,W,5,N
31,396.83,459.02,1,E,3,E
58,446.08,465.74,5,W,5,N
30,355.39,499.50,1,E,5,W
42,332.13,521.64,2,E,5,N
18,327.05,521.94,1,W,5,N
19,341.49,522.24,1,W,5,N
20,357.26,522.54,1,W,5,N
29,342.90,522.84,1,E,5,N
44,412.22,530.17,3,W,5,N
45,440.19,530.47,3,W,5,N
21,369.82,536.87,1,W,3,E
59,544.43,565.64,5,W,5,N
60,548.64,565.94,5,W,5,N
6,394.01,621.54,1,S,5,N
7,407.14,621.84,1,S,5,N
32,460.98,622.14,1,E,5,N
33,467.10,622.44,1,E,5,N
61,600.52,665.54,5,W,5,N
62,662.36,668.49,5,W,5,N
43,525.30,699.30,2,E,5,W
40,665.90,713.17,2,W,3,W
38,535.54,721.44,2,W,5,N
22,553.67,721.74,1,W,5,N
23,564.66,722.04,1,W,5,N
8,691.63,741.72,1,S,2,W
63,675.17,765.44,5,W,5,N
64,688.09,765.74,5,W,5,N
76,721.43,779.44,5,E,5,N
77,791.82,797.96,5,E,5,N
39,626.81,799.20,2,W,5,W
12,762.53,803.20,1,S,1,W
78,799.20,805.33,5,E,5,N
53,723.71,829.57,3,E,5,N
11,748.28,842.42,1,S,2,W
65,794.51,865.34,5,W,5,N
66,794.77,865.64,5,W,5,N
67,804.35,865.94,5,W,5,N
79,835.04,879.34,5,E,5,N
14,780.09,898.20,1,S,3,W
13,771.15,898.20,1,S,3,E
9,701.30,899.10,1,S,5,W
34,712.54,899.40,1,E,5,W
35,721.22,899.70,1,E,5,W
25,763.59,915.10,1,W,5,E
24,749.63,921.24,1,W,5,N
68,876.38,965.24,5,W,5,N
46,886.63,999.00,3,W,5,W
10,742.78,999.30,1,S,5,W
26,824.55,1021.14,1,W,5,N
36,841.34,1021.44,1,E,5,N