id,enter_time,exit_time,entrance_intersection,entrance_direction,exit_intersection,exit_direction
58,21.91,66.14,5,W,5,N
1,12.09,100.10,1,S,2,W
55,85.60,147.37,3,E,5,N
59,121.62,166.04,5,W,5,N
60,130.09,166.34,5,W,5,N
61,142.03,166.64,5,W,5,N
62,144.60,166.94,5,W,5,N
63,162.99,169.12,5,W,5,N
64,168.50,174.63,5,W,5,N
0,0.61,199.80,1,S,5,W
33,104.06,200.20,1,E,2,W
50,97.91,221.94,2,E,5,N
24,87.09,236.57,1,W,3,W
46,109.21,321.84,2,W,5,N
23,76.36,322.14,1,W,5,N
26,329.44,400.40,1,W,2,W
25,215.62,421.74,1,W,5,N
65,383.06,465.74,5,W,5,N
66,384.91,466.04,5,W,5,N
67,446.02,466.34,5,W,5,N
68,464.40,470.54,5,W,5,N
2,379.80,499.00,1,S,3,W
47,320.43,499.50,2,W,5,W
27,334.40,499.80,1,W,5,W
34,313.16,500.10,1,E,5,W
35,426.78,500.50,1,E,2,W
28,416.77,500.50,1,W,2,E
53,473.79,535.56,3,W,5,N
69,477.27,565.64,5,W,5,N
12,474.39,598.80,1,S,3,W
8,418.73,599.40,1,S,5,W
72,599.17,605.30,5,E,5,N
37,463.17,615.40,1,E,5,E
3,392.38,621.54,1,S,5,N
4,404.06,621.84,1,S,5,N
48,420.42,622.14,2,W,5,N
51,446.14,622.44,2,E,5,N
5,415.28,622.74,1,S,5,N
6,415.33,623.04,1,S,5,N
7,417.81,623.34,1,S,5,N
9,434.40,623.64,1,S,5,N
36,438.89,623.94,1,E,5,N
38,471.44,624.24,1,E,5,N
39,576.31,638.50,1,E,3,W
73,607.62,679.54,5,E,5,N
74,650.13,679.84,5,E,5,N
75,684.30,690.43,5,E,5,N
19,542.99,698.60,1,S,3,W
56,561.30,699.30,3,E,5,W
15,496.77,699.60,1,S,5,W
18,531.24,699.90,1,S,5,W
10,450.27,721.44,1,S,5,N
11,460.41,721.74,1,S,5,N
13,482.21,722.04,1,S,5,N
14,489.69,722.34,1,S,5,N
16,512.47,722.64,1,S,5,N
17,520.15,722.94,1,S,5,N
29,600.64,736.77,1,W,3,E
76,769.83,779.44,5,E,5,N
57,621.77,799.20,3,E,5,W
20,543.89,821.34,1,S,5,N
21,549.97,821.64,1,S,5,N
22,554.34,821.94,1,S,5,N
40,631.97,822.24,1,E,5,N
41,677.70,822.54,1,E,5,N
54,709.97,829.57,3,W,5,N
70,841.87,865.34,5,W,5,N
71,856.42,865.64,5,W,5,N
31,744.72,899.10,1,W,5,W
30,735.56,915.10,1,W,5,E
49,720.66,921.24,2,W,5,N
42,707.82,921.54,1,E,5,N
52,814.14,1021.14,2,E,5,N
43,857.25,1021.44,1,E,5,N
44,878.05,1021.74,1,E,5,N
45,895.19,1022.04,1,E,5,N
32,882.12,1121.04,1,W,5,N