id,enter_time,exit_time,entrance_intersection,entrance_direction,exit_intersection,exit_direction
1,52.63,100.40,1,S,1,W
2,75.34,100.70,1,S,1,W
50,13.68,130.97,3,E,5,N
17,24.51,136.77,1,W,3,E
57,148.85,166.04,5,W,5,N
58,155.72,166.34,5,W,5,N
3,81.08,199.60,1,S,3,W
51,75.14,199.80,3,E,5,W
0,10.05,215.80,1,S,5,E
16,8.79,221.94,1,W,5,N
52,152.24,230.77,3,E,5,N
59,174.37,265.94,5,W,5,N
60,184.90,266.24,5,W,5,N
61,195.79,266.54,5,W,5,N
62,206.89,266.84,5,W,5,N
18,148.84,321.84,1,W,5,N
32,200.60,324.56,1,E,5,N
53,213.42,399.60,3,E,5,W
4,349.55,401.60,1,S,1,W
70,399.11,405.25,5,E,5,N
33,244.37,421.74,1,E,5,N
34,267.79,422.04,1,E,5,N
35,285.89,422.34,1,E,5,N
36,310.57,499.50,1,E,5,W
19,270.86,515.50,1,W,5,E
45,380.93,521.64,2,E,5,N
20,284.33,521.94,1,W,5,N
21,404.78,536.57,1,W,3,W
63,511.66,565.64,5,W,5,N
64,522.57,565.94,5,W,5,N
65,526.01,566.24,5,W,5,N
54,459.54,599.40,3,E,5,W
5,354.53,599.70,1,S,5,W
6,367.18,621.54,1,S,5,N
7,381.17,621.84,1,S,5,N
22,436.36,622.14,1,W,5,N
37,461.57,622.44,1,E,5,N
55,517.82,629.97,3,E,5,N
56,530.45,630.27,3,E,5,N
23,491.68,636.67,1,W,3,E
47,538.94,699.30,3,W,5,W
48,539.25,699.60,3,W,5,W
24,503.35,699.90,1,W,5,W
8,639.06,702.80,1,S,1,W
9,663.01,703.10,1,S,1,W
12,681.71,703.40,1,S,1,W
25,523.85,721.44,1,W,5,N
66,710.11,765.44,5,W,5,N
67,725.99,765.74,5,W,5,N
68,730.02,766.04,5,W,5,N
26,657.32,821.34,1,W,5,N
38,610.47,821.64,1,E,5,N
39,624.18,821.94,1,E,5,N
49,737.25,829.57,3,W,5,N
69,843.57,865.34,5,W,5,N
71,806.05,879.34,5,E,5,N
72,813.61,879.64,5,E,5,N
10,673.38,899.10,1,S,5,W
11,679.60,899.40,1,S,5,W
40,711.33,899.70,1,E,5,W
13,683.62,921.24,1,S,5,N
46,714.95,921.54,2,E,5,N
43,768.85,921.84,2,W,5,N
14,715.85,922.14,1,S,5,N
15,716.78,922.44,1,S,5,N
41,744.25,922.74,1,E,5,N
28,812.57,999.00,1,W,5,W
42,885.47,1003.30,1,E,5,W
44,887.96,1021.14,2,W,5,N
27,797.27,1021.44,1,W,5,N
29,875.68,1037.07,1,W,3,W
30,895.04,1037.37,1,W,3,E
31,895.66,1121.04,1,W,5,N