id,enter_time,exit_time,entrance_intersection,entrance_direction,exit_intersection,exit_direction
51,22.32,66.14,5,W,5,N
32,85.09,147.28,1,E,3,E
52,82.02,166.04,5,W,5,N
65,120.74,180.04,5,E,5,N
29,14.03,199.80,1,E,5,W
17,19.67,221.94,1,W,5,N
18,32.01,222.24,1,W,5,N
30,16.28,222.54,1,E,5,N
31,37.55,222.84,1,E,5,N
45,169.47,299.70,3,W,5,W
19,164.64,321.84,1,W,5,N
33,132.36,322.14,1,E,5,N
53,289.68,365.84,5,W,5,N
54,296.51,366.14,5,W,5,N
55,297.28,366.44,5,W,5,N
56,308.65,366.74,5,W,5,N
57,322.27,367.04,5,W,5,N
58,339.74,367.34,5,W,5,N
59,354.39,367.64,5,W,5,N
21,185.27,399.60,1,W,5,W
5,394.31,408.44,1,S,1,W
0,341.71,414.40,1,S,1,E
7,407.06,421.19,1,S,1,E
43,252.81,421.74,2,E,5,N
20,173.80,422.04,1,W,5,N
34,256.91,422.34,1,E,5,N
48,381.54,443.31,3,E,5,N
60,383.84,465.74,5,W,5,N
6,400.96,502.00,1,S,1,W
22,312.24,521.64,1,W,5,N
35,395.29,521.94,1,E,5,N
49,436.62,524.03,3,E,5,E
66,552.35,579.64,5,E,5,N
2,352.05,599.40,1,S,5,W
4,380.49,599.70,1,S,5,W
8,416.06,600.00,1,S,5,W
9,417.19,600.30,1,S,5,W
23,470.03,600.60,1,W,2,W
1,344.11,621.54,1,S,5,N
3,370.85,621.84,1,S,5,N
10,430.22,622.14,1,S,5,N
11,436.72,622.44,1,S,5,N
61,639.10,665.54,5,W,5,N
12,450.48,699.30,1,S,5,W
13,490.62,699.60,1,S,5,W
44,569.21,699.90,2,E,5,W
24,484.32,721.44,1,W,5,N
25,496.62,721.74,1,W,5,N
50,689.78,751.55,3,E,5,N
62,743.04,765.44,5,W,5,N
63,747.48,765.74,5,W,5,N
36,633.85,799.20,1,E,5,W
40,756.64,812.97,2,W,3,W
16,763.36,816.00,1,S,1,E
26,629.09,821.34,1,W,5,N
37,642.75,821.64,1,E,5,N
38,688.71,821.94,1,E,5,N
46,737.73,829.57,3,W,5,N
47,741.06,829.87,3,W,5,N
27,764.10,899.10,1,W,5,W
39,713.23,921.24,1,E,5,N
64,897.47,965.24,5,W,5,N
15,749.84,999.00,1,S,5,W
41,870.00,999.30,2,W,5,W
14,749.63,1021.14,1,S,5,N
42,881.35,1021.44,2,W,5,N
28,892.08,1098.90,1,W,5,W