id,enter_time,exit_time,entrance_intersection,entrance_direction,exit_intersection,exit_direction
54,14.47,66.14,5,W,5,N
55,29.28,66.44,5,W,5,N
56,41.16,66.74,5,W,5,N
80,7.87,80.14,5,E,5,N
81,20.91,80.44,5,E,5,N
57,125.71,166.04,5,W,5,N
58,126.32,166.34,5,W,5,N
59,145.95,166.64,5,W,5,N
60,160.51,166.64,5,W,5,N
46,72.68,199.80,3,W,5,W
12,30.97,200.10,1,W,5,W
61,271.42,277.56,5,W,5,N
37,196.34,299.70,2,W,5,W
29,153.30,321.84,1,E,5,N
62,278.92,365.84,5,W,5,N
63,302.90,366.14,5,W,5,N
64,322.90,366.44,5,W,5,N
65,335.30,366.74,5,W,5,N
66,339.88,367.04,5,W,5,N
67,352.86,367.34,5,W,5,N
68,362.66,368.80,5,W,5,N
82,384.80,390.94,5,E,5,N
50,288.52,399.60,3,E,5,W
13,166.77,399.90,1,W,5,W
43,238.17,421.74,2,E,5,N
14,215.64,422.04,1,W,5,N
30,262.74,422.34,1,E,5,N
83,413.33,479.74,5,E,5,N
84,426.24,480.04,5,E,5,N
51,301.10,499.50,3,E,5,W
31,402.30,500.50,1,E,2,W
2,411.20,502.00,1,S,1,W
3,426.66,502.30,1,S,1,W
4,428.57,502.60,1,S,1,W
44,390.05,515.50,2,E,5,E
38,309.21,521.64,2,W,5,N
15,268.76,521.94,1,W,5,N
16,356.79,522.24,1,W,5,N
5,429.84,536.57,1,S,3,W
0,384.55,599.40,1,S,5,W
1,400.29,599.70,1,S,5,W
17,415.51,600.00,1,W,5,W
33,490.51,608.34,1,E,5,W
18,415.52,621.54,1,W,5,N
32,429.30,621.84,1,E,5,N
47,504.32,629.97,3,W,5,N
69,618.65,665.54,5,W,5,N
70,666.94,673.08,5,W,5,N
71,668.72,674.85,5,W,5,N
40,611.11,712.87,2,W,3,W
39,531.10,721.44,2,W,5,N
19,491.47,721.74,1,W,5,N
20,555.40,722.04,1,W,5,N
9,707.94,722.07,1,S,1,E
72,725.67,765.44,5,W,5,N
73,736.92,765.74,5,W,5,N
74,737.25,766.04,5,W,5,N
75,750.00,766.34,5,W,5,N
76,763.63,769.77,5,W,5,N
48,689.97,799.20,3,W,5,W
22,613.95,799.50,1,W,5,W
23,629.79,799.80,1,W,5,W
24,632.40,800.10,1,W,5,W
34,660.60,800.40,1,E,5,W
21,569.39,815.20,1,W,5,E
35,692.39,815.50,1,E,5,E
53,749.57,829.87,3,E,5,N
11,727.39,837.17,1,S,3,W
77,775.34,865.34,5,W,5,N
78,806.91,865.64,5,W,5,N
85,802.81,879.34,5,E,5,N
52,736.00,899.10,3,E,5,W
49,794.53,899.40,3,W,5,W
6,671.39,899.70,1,S,5,W
8,702.18,900.00,1,S,5,W
45,744.16,900.30,2,E,5,W
36,761.41,900.60,1,E,5,W
7,693.12,921.24,1,S,5,N
41,713.92,921.54,2,W,5,N
10,716.70,921.84,1,S,5,N
25,712.36,922.14,1,W,5,N
26,726.35,922.44,1,W,5,N
27,753.04,922.74,1,W,5,N
79,889.43,965.24,5,W,5,N
42,821.57,999.00,2,W,5,W
28,802.16,1021.14,1,W,5,N