id,enter_time,exit_time,entrance_intersection,entrance_direction,exit_intersection,exit_direction
47,13.75,66.14,5,W,5,N
48,25.40,66.44,5,W,5,N
40,43.80,130.97,3,E,5,N
10,10.16,136.17,1,W,3,W
35,147.86,224.93,3,W,5,E
34,108.97,230.77,3,W,5,N
26,115.17,299.70,2,W,5,W
23,138.41,300.00,1,E,5,W
11,141.88,321.84,1,W,5,N
12,144.17,322.14,1,W,5,N
13,149.59,322.44,1,W,5,N
49,280.04,365.84,5,W,5,N
50,287.18,366.14,5,W,5,N
36,245.06,399.60,3,W,5,W
1,393.10,407.24,1,S,1,W
16,192.25,415.60,1,W,5,E
27,290.20,421.74,2,W,5,N
14,177.39,422.04,1,W,5,N
15,183.72,422.34,1,W,5,N
17,220.55,422.64,1,W,5,N
37,314.79,430.37,3,W,5,N
41,392.76,454.53,3,E,5,N
65,426.03,479.74,5,E,5,N
2,401.72,499.00,1,S,3,W
28,310.14,499.50,2,W,5,W
24,347.85,499.80,1,E,5,W
4,425.74,500.50,1,S,2,W
8,492.32,506.46,1,S,1,W
32,366.19,521.64,2,E,5,N
51,490.81,565.64,5,W,5,N
52,514.30,565.94,5,W,5,N
53,524.03,566.24,5,W,5,N
54,539.72,566.54,5,W,5,N
18,403.57,599.40,1,W,5,W
3,413.91,615.40,1,S,5,E
0,381.77,621.54,1,S,5,N
38,546.72,629.97,3,W,5,N
43,559.66,630.27,3,E,5,N
42,508.89,699.30,3,E,5,W
44,573.50,699.60,3,E,5,W
7,487.34,699.90,1,S,5,W
9,503.38,700.20,1,S,5,W
5,455.89,721.44,1,S,5,N
6,487.22,721.74,1,S,5,N
45,686.41,748.18,3,E,5,N
20,660.99,799.20,1,W,5,W
29,623.68,821.34,2,W,5,N
33,693.32,821.64,2,E,5,N
19,583.63,821.94,1,W,5,N
39,784.66,846.43,3,W,5,N
55,779.97,865.34,5,W,5,N
56,795.89,865.64,5,W,5,N
57,859.63,865.76,5,W,5,N
58,869.15,875.29,5,W,5,N
59,870.23,876.36,5,W,5,N
46,787.57,899.10,3,E,5,W
30,743.30,921.24,2,W,5,N
31,792.00,921.54,2,W,5,N
21,675.02,921.84,1,W,5,N
60,879.18,965.24,5,W,5,N
61,880.17,965.54,5,W,5,N
62,883.29,965.84,5,W,5,N
63,883.98,966.14,5,W,5,N
64,895.97,966.44,5,W,5,N
25,879.46,999.00,1,E,5,W
22,858.56,1015.00,1,W,5,E