id,enter_time,exit_time,entrance_intersection,entrance_direction,exit_intersection,exit_direction
67,58.60,66.14,5,W,5,N
86,44.53,80.14,5,E,5,N
87,73.43,80.44,5,E,5,N
3,45.02,100.40,1,S,1,W
68,80.08,166.04,5,W,5,N
69,148.49,166.34,5,W,5,N
70,149.06,166.64,5,W,5,N
71,155.54,166.94,5,W,5,N
0,6.95,199.80,1,S,5,W
30,40.55,200.10,1,W,5,W
32,57.95,200.40,1,W,5,W
5,102.46,200.80,1,S,1,W
1,22.56,221.94,1,S,5,N
2,33.73,222.24,1,S,5,N
28,14.42,222.54,1,W,5,N
29,27.08,222.84,1,W,5,N
31,43.09,223.14,1,W,5,N
47,23.06,223.44,1,E,5,N
72,223.64,265.94,5,W,5,N
73,228.48,266.24,5,W,5,N
74,256.04,266.54,5,W,5,N
75,270.19,276.33,5,W,5,N
62,133.26,299.70,3,E,5,W
6,103.54,300.00,1,S,5,W
34,129.26,315.70,1,W,5,E
4,58.60,321.84,1,S,5,N
55,197.04,322.14,2,W,5,N
7,124.58,322.44,1,S,5,N
33,118.93,322.74,1,W,5,N
60,216.76,330.57,3,W,5,N
76,282.36,365.84,5,W,5,N
77,283.01,366.14,5,W,5,N
78,295.61,366.44,5,W,5,N
79,304.37,366.74,5,W,5,N
80,317.25,367.04,5,W,5,N
57,268.19,421.74,2,E,5,N
35,221.61,422.04,1,W,5,N
48,221.67,422.34,1,E,5,N
49,245.04,422.64,1,E,5,N
37,285.20,499.50,1,W,5,W
10,400.80,502.00,1,S,1,W
12,428.99,502.30,1,S,1,W
17,489.69,503.82,1,S,1,W
50,390.49,508.32,1,E,5,W
14,455.41,514.80,1,S,1,E
58,392.10,521.64,2,E,5,N
36,279.61,521.94,1,W,5,N
38,299.70,522.24,1,W,5,N
63,462.03,530.17,3,E,5,N
9,398.47,599.40,1,S,5,W
11,427.09,599.70,1,S,5,W
39,376.15,600.00,1,W,5,W
40,391.97,600.30,1,W,5,W
42,430.35,600.60,1,W,5,W
18,502.66,602.40,1,S,1,W
19,517.43,602.70,1,S,1,W
8,390.45,615.40,1,S,5,E
13,434.30,621.54,1,S,5,N
41,417.88,621.84,1,W,5,N
81,602.84,665.54,5,W,5,N
88,653.97,679.54,5,E,5,N
89,690.94,697.08,5,E,5,N
16,476.67,699.30,1,S,5,W
43,498.04,699.60,1,W,5,W
15,468.44,721.44,1,S,5,N
51,535.28,721.74,1,E,5,N
61,634.84,729.77,3,W,5,N
82,760.50,766.63,5,W,5,N
90,736.67,779.44,5,E,5,N
91,781.44,787.57,5,E,5,N
20,794.95,809.08,1,S,1,W
44,632.22,815.20,1,W,5,E
65,726.10,829.87,3,E,5,N
83,782.85,865.34,5,W,5,N
84,792.81,865.64,5,W,5,N
85,807.26,865.94,5,W,5,N
64,717.73,899.10,3,E,5,W
45,784.54,900.90,1,W,2,W
26,861.93,903.60,1,S,1,W
59,718.83,921.24,2,E,5,N
52,794.67,921.54,1,E,5,N
66,843.56,999.00,3,E,5,W
56,897.13,999.30,2,W,5,W
21,807.52,999.60,1,S,5,W
23,826.06,999.90,1,S,5,W
53,855.58,1000.20,1,E,5,W
54,881.82,1000.50,1,E,5,W
22,821.10,1021.14,1,S,5,N
24,832.23,1021.44,1,S,5,N
25,843.08,1114.90,1,S,5,E
27,874.98,1121.04,1,S,5,N
46,879.25,1121.34,1,W,5,N