id,enter_time,exit_time,entrance_intersection,entrance_direction,exit_intersection,exit_direction
54,4.43,66.14,5,W,5,N
74,0.82,80.14,5,E,5,N
55,138.48,166.04,5,W,5,N
56,161.52,167.65,5,W,5,N
57,171.55,177.68,5,W,5,N
13,48.12,199.80,1,W,5,W
14,56.24,221.94,1,W,5,N
58,185.16,265.94,5,W,5,N
59,188.40,266.24,5,W,5,N
60,200.25,266.54,5,W,5,N
61,208.50,266.84,5,W,5,N
62,222.91,267.14,5,W,5,N
63,237.33,267.44,5,W,5,N
64,254.02,267.74,5,W,5,N
65,263.98,270.12,5,W,5,N
16,99.04,299.70,1,W,5,W
42,182.07,321.84,2,E,5,N
15,87.70,322.14,1,W,5,N
7,316.53,330.67,1,S,1,E
17,264.05,336.37,1,W,3,W
66,276.94,365.84,5,W,5,N
67,278.01,366.14,5,W,5,N
68,287.11,366.44,5,W,5,N
3,296.28,399.20,1,S,3,E
5,309.24,401.60,1,S,1,W
50,373.36,435.13,3,E,5,N
51,389.18,450.95,3,E,5,N
75,418.83,479.74,5,E,5,N
1,279.05,499.50,1,S,5,W
32,303.45,499.80,1,E,5,W
36,435.10,500.50,1,E,2,W
43,428.36,512.67,2,E,3,W
0,268.90,521.64,1,S,5,N
2,285.64,521.94,1,S,5,N
4,298.55,522.24,1,S,5,N
6,310.31,522.54,1,S,5,N
33,330.88,522.84,1,E,5,N
34,397.29,523.14,1,E,5,N
69,536.42,565.64,5,W,5,N
70,543.16,565.94,5,W,5,N
71,566.90,573.04,5,W,5,N
52,450.01,599.40,3,E,5,W
20,456.61,599.70,1,W,5,W
18,378.81,615.40,1,W,5,E
19,442.35,621.54,1,W,5,N
35,413.97,621.84,1,E,5,N
45,585.58,647.35,3,W,5,N
46,594.57,656.34,3,W,5,N
8,601.13,702.80,1,S,1,W
23,541.92,715.30,1,W,5,E
21,468.56,721.44,1,W,5,N
22,479.98,721.74,1,W,5,N
37,518.82,722.04,1,E,5,N
12,662.30,741.72,1,S,2,W
47,627.83,799.20,3,W,5,W
9,609.52,799.50,1,S,5,W
24,645.98,799.80,1,W,5,W
38,656.45,800.10,1,E,5,W
27,762.68,800.80,1,W,2,E
41,779.46,815.53,2,W,3,W
10,616.63,821.34,1,S,5,N
11,618.35,821.64,1,S,5,N
53,760.34,829.57,3,E,5,N
26,714.17,899.10,1,W,5,W
40,772.88,899.40,1,E,5,W
39,728.45,915.10,1,E,5,E
44,748.67,921.24,2,E,5,N
25,705.45,921.54,1,W,5,N
28,765.97,921.84,1,W,5,N
48,816.52,929.37,3,W,5,N
49,875.06,936.83,3,W,5,N
72,875.99,965.24,5,W,5,N
73,885.95,965.54,5,W,5,N
29,833.13,999.00,1,W,5,W
31,858.45,999.30,1,W,5,W
30,848.32,1021.14,1,W,5,N