id,enter_time,exit_time,entrance_intersection,entrance_direction,exit_intersection,exit_direction
78,2.02,66.14,5,W,5,N
87,48.87,80.14,5,E,5,N
3,42.84,100.40,1,S,1,W
4,49.76,100.70,1,S,1,W
5,67.05,101.00,1,S,1,W
71,11.96,130.97,3,E,5,N
0,10.17,136.17,1,S,3,W
2,20.05,136.77,1,S,3,W
88,111.93,180.04,5,E,5,N
89,127.54,180.34,5,E,5,N
90,128.81,180.64,5,E,5,N
91,129.02,180.94,5,E,5,N
92,146.48,181.24,5,E,5,N
1,12.93,199.80,1,S,5,W
55,46.33,200.10,1,E,5,W
67,174.70,236.47,3,W,5,N
79,247.08,265.94,5,W,5,N
6,102.63,299.70,1,S,5,W
60,113.33,321.84,2,W,5,N
7,121.41,322.14,1,S,5,N
68,209.45,330.57,3,W,5,N
80,328.08,365.84,5,W,5,N
93,374.82,380.95,5,E,5,N
39,243.09,399.60,1,W,5,W
40,256.21,399.90,1,W,5,W
41,334.96,400.40,1,W,2,W
65,290.92,421.74,2,E,5,N
38,174.14,422.04,1,W,5,N
69,389.76,451.53,3,W,5,N
43,351.92,499.50,1,W,5,W
56,312.47,499.80,1,E,5,W
10,462.02,514.80,1,S,1,E
42,350.90,521.64,1,W,5,N
44,363.70,521.94,1,W,5,N
72,408.85,530.17,3,E,5,N
73,418.52,530.47,3,E,5,N
8,432.91,536.57,1,S,3,W
47,447.07,537.77,1,W,3,E
11,483.62,598.80,1,S,3,W
70,450.16,599.40,3,W,5,W
61,424.70,599.70,2,W,5,W
45,378.79,600.00,1,W,5,W
57,437.95,600.30,1,E,5,W
9,435.18,621.54,1,S,5,N
46,427.37,621.84,1,W,5,N
81,573.92,665.54,5,W,5,N
16,545.76,698.60,1,S,3,W
22,688.75,702.89,1,S,1,W
12,500.17,721.44,1,S,5,N
62,528.70,721.74,2,W,5,N
13,512.96,722.04,1,S,5,N
14,532.57,722.34,1,S,5,N
15,537.19,722.64,1,S,5,N
48,510.46,722.94,1,W,5,N
49,520.84,723.24,1,W,5,N
74,688.15,749.92,3,E,5,N
82,737.33,765.44,5,W,5,N
83,747.21,765.74,5,W,5,N
23,702.74,798.40,1,S,3,E
75,698.46,799.20,3,E,5,W
32,769.53,803.20,1,S,1,W
17,559.32,821.34,1,S,5,N
18,568.55,821.64,1,S,5,N
19,568.82,821.94,1,S,5,N
66,656.98,822.24,2,E,5,N
63,644.91,822.54,2,W,5,N
20,631.21,822.84,1,S,5,N
58,651.94,823.14,1,E,5,N
77,715.82,829.87,3,E,5,N
28,725.36,837.77,1,S,3,W
84,862.33,868.46,5,W,5,N
85,868.02,874.15,5,W,5,N
76,707.29,899.10,3,E,5,W
21,677.48,899.40,1,S,5,W
26,707.65,899.70,1,S,5,W
50,691.25,900.00,1,W,5,W
59,708.69,900.30,1,E,5,W
36,836.33,900.90,1,S,2,E
24,703.08,915.10,1,S,5,E
64,745.96,921.24,2,W,5,N
25,706.52,921.54,1,S,5,N
27,711.33,921.84,1,S,5,N
86,881.35,965.24,5,W,5,N
33,775.96,999.00,1,S,5,W
51,784.84,999.30,1,W,5,W
53,799.96,999.60,1,W,5,W
34,807.01,1015.00,1,S,5,E
29,741.11,1021.14,1,S,5,N
30,754.57,1021.44,1,S,5,N
31,759.92,1021.74,1,S,5,N
35,830.00,1022.04,1,S,5,N
52,794.55,1022.34,1,W,5,N
54,801.71,1022.64,1,W,5,N
37,868.09,1098.90,1,S,5,W