id,enter_time,exit_time,entrance_intersection,entrance_direction,exit_intersection,exit_direction
64,3.00,66.14,5,W,5,N
79,2.78,80.14,5,E,5,N
80,70.57,80.44,5,E,5,N
0,2.97,100.40,1,S,1,W
2,31.56,100.70,1,S,1,W
7,87.23,101.36,1,S,1,W
4,61.16,113.20,1,S,1,E
57,10.73,130.97,3,W,5,N
61,76.02,137.79,3,E,5,N
65,114.76,166.04,5,W,5,N
66,138.01,166.34,5,W,5,N
81,112.80,180.04,5,E,5,N
82,118.44,180.34,5,E,5,N
83,132.25,180.64,5,E,5,N
10,117.02,200.80,1,S,1,W
13,186.38,201.10,1,S,1,W
48,32.90,221.94,2,W,5,N
1,28.07,222.24,1,S,5,N
67,225.81,265.94,5,W,5,N
3,47.44,299.70,1,S,5,W
6,84.36,300.00,1,S,5,W
50,165.93,300.30,2,W,5,W
14,197.66,301.20,1,S,1,W
5,75.83,321.84,1,S,5,N
8,87.33,322.14,1,S,5,N
9,101.31,322.44,1,S,5,N
49,143.89,322.74,2,W,5,N
11,125.59,323.04,1,S,5,N
41,116.85,323.34,1,E,5,N
42,160.32,323.64,1,E,5,N
68,282.17,365.84,5,W,5,N
69,342.57,366.14,5,W,5,N
70,346.50,366.44,5,W,5,N
84,317.08,379.84,5,E,5,N
85,322.67,380.14,5,E,5,N
54,222.13,399.60,2,E,5,W
27,202.46,399.90,1,W,5,W
29,238.39,400.20,1,W,5,W
12,173.37,421.74,1,S,5,N
28,227.35,422.04,1,W,5,N
43,216.60,422.34,1,E,5,N
44,252.68,422.64,1,E,5,N
45,300.04,424.00,1,E,5,N
71,465.87,472.01,5,W,5,N
86,410.86,479.74,5,E,5,N
55,323.80,499.50,2,E,5,W
58,456.58,530.17,3,W,5,N
62,475.63,537.40,3,E,5,N
72,503.62,565.64,5,W,5,N
73,514.05,565.94,5,W,5,N
87,558.14,579.64,5,E,5,N
31,381.88,599.40,1,W,5,W
34,461.41,599.70,1,W,5,W
51,465.83,621.54,2,W,5,N
30,367.63,621.84,1,W,5,N
32,424.01,622.14,1,W,5,N
33,455.08,622.44,1,W,5,N
74,639.29,665.54,5,W,5,N
46,516.48,699.30,1,E,5,W
15,475.41,715.30,1,S,5,E
35,473.43,721.44,1,W,5,N
47,582.23,721.74,1,E,5,N
63,618.20,729.77,3,E,5,N
16,716.15,730.28,1,S,1,E
59,668.64,730.41,3,W,5,N
37,659.84,737.07,1,W,3,W
75,701.82,765.44,5,W,5,N
76,710.69,765.74,5,W,5,N
77,720.79,766.04,5,W,5,N
78,734.07,766.34,5,W,5,N
36,644.58,799.20,1,W,5,W
38,663.45,799.50,1,W,5,W
18,735.00,800.80,1,S,2,E
21,745.47,803.20,1,S,1,W
56,698.74,821.34,2,E,5,N
60,776.55,838.32,3,W,5,N
53,735.73,899.10,2,W,5,W
17,723.08,899.40,1,S,5,W
19,735.21,915.10,1,S,5,E
52,727.25,921.24,2,W,5,N
20,736.41,921.54,1,S,5,N
25,815.39,999.00,1,S,5,W
39,816.62,999.30,1,W,5,W
22,771.61,1021.14,1,S,5,N
23,785.47,1021.44,1,S,5,N
24,803.88,1021.74,1,S,5,N
26,820.30,1022.04,1,S,5,N
40,843.10,1022.34,1,W,5,N