id,enter_time,exit_time,entrance_intersection,entrance_direction,exit_intersection,exit_direction
0,0.83,14.97,1,S,1,E
3,47.02,100.40,1,S,1,W
4,52.30,100.70,1,S,1,W
5,65.31,101.00,1,S,1,W
7,84.63,101.30,1,S,1,W
8,96.70,113.20,1,S,1,E
2,12.69,136.47,1,S,3,W
21,15.68,199.80,1,W,5,W
1,6.07,221.94,1,S,5,N
46,247.15,265.94,5,W,5,N
47,271.11,277.25,5,W,5,N
42,143.96,299.70,3,E,5,W
38,170.13,300.00,2,E,5,W
22,69.29,300.30,1,W,5,W
6,72.97,315.70,1,S,5,E
23,130.51,321.84,1,W,5,N
48,285.56,365.84,5,W,5,N
49,293.93,366.14,5,W,5,N
50,302.66,366.44,5,W,5,N
51,322.56,366.74,5,W,5,N
52,331.72,367.04,5,W,5,N
53,341.79,367.34,5,W,5,N
54,350.39,367.64,5,W,5,N
55,358.79,367.94,5,W,5,N
56,359.70,368.24,5,W,5,N
63,328.75,379.84,5,E,5,N
24,249.37,399.60,1,W,5,W
57,441.30,465.74,5,W,5,N
58,468.53,474.67,5,W,5,N
32,363.10,499.50,1,E,5,W
14,437.51,500.50,1,S,2,W
13,434.49,500.50,1,S,2,E
12,402.20,502.00,1,S,1,W
39,335.67,521.64,2,E,5,N
31,352.67,521.94,1,E,5,N
41,465.28,530.17,3,W,5,N
10,385.30,599.40,1,S,5,W
9,373.40,621.54,1,S,5,N
11,386.71,621.84,1,S,5,N
25,398.09,622.14,1,W,5,N
43,506.01,629.97,3,E,5,N
26,528.81,721.44,1,W,5,N
64,704.65,779.44,5,E,5,N
40,696.63,799.20,2,E,5,W
34,669.29,799.50,1,E,5,W
33,659.72,821.34,1,E,5,N
36,797.42,833.49,2,W,3,W
16,724.58,837.17,1,S,3,E
59,854.84,865.34,5,W,5,N
60,865.47,871.61,5,W,5,N
17,739.81,898.20,1,S,3,W
27,698.05,899.10,1,W,5,W
35,779.62,915.10,1,E,5,E
15,715.26,921.24,1,S,5,N
28,716.71,921.54,1,W,5,N
29,734.16,921.84,1,W,5,N
44,838.34,929.37,3,E,5,N
61,888.80,965.24,5,W,5,N
62,899.80,965.54,5,W,5,N
45,846.85,999.00,3,E,5,W
18,742.69,999.30,1,S,5,W
19,746.05,999.60,1,S,5,W
30,860.62,1015.00,1,W,5,E
20,755.87,1021.14,1,S,5,N
37,884.08,1021.44,2,W,5,N