id,enter_time,exit_time,entrance_intersection,entrance_direction,exit_intersection,exit_direction
0,9.73,100.40,1,S,1,W
45,13.75,130.97,3,W,5,N
46,46.56,131.27,3,W,5,N
50,86.26,148.03,3,E,5,N
58,82.46,166.04,5,W,5,N
59,152.49,166.34,5,W,5,N
47,83.85,199.80,3,W,5,W
37,75.78,200.10,2,W,5,W
30,51.09,200.40,1,E,5,W
36,34.87,221.94,2,W,5,N
51,101.98,230.77,3,E,5,N
60,210.73,265.94,5,W,5,N
1,54.83,299.70,1,S,5,W
8,279.69,301.20,1,S,1,W
2,60.34,321.84,1,S,5,N
3,72.83,322.14,1,S,5,N
4,87.06,322.44,1,S,5,N
5,102.16,322.74,1,S,5,N
6,104.82,323.04,1,S,5,N
15,125.57,323.34,1,W,5,N
52,206.10,330.57,3,E,5,N
53,215.53,330.87,3,E,5,N
61,274.52,365.84,5,W,5,N
62,300.13,366.14,5,W,5,N
63,353.90,366.44,5,W,5,N
64,364.00,370.13,5,W,5,N
65,372.66,378.79,5,W,5,N
48,298.89,399.60,3,W,5,W
32,269.63,399.90,1,E,5,W
38,336.51,412.57,2,W,3,W
16,248.02,415.60,1,W,5,E
31,260.23,415.90,1,E,5,E
17,260.11,421.74,1,W,5,N
33,305.34,436.77,1,E,3,W
66,385.28,465.74,5,W,5,N
67,437.38,466.04,5,W,5,N
68,448.00,466.34,5,W,5,N
9,287.63,499.50,1,S,5,W
7,279.43,521.64,1,S,5,N
10,299.71,521.94,1,S,5,N
43,373.49,522.24,2,E,5,N
18,279.46,522.54,1,W,5,N
34,370.86,522.84,1,E,5,N
69,560.38,566.52,5,W,5,N
77,555.16,579.64,5,E,5,N
40,445.40,599.40,2,W,5,W
21,504.78,600.60,1,W,2,W
39,407.26,621.54,2,W,5,N
70,631.15,665.54,5,W,5,N
71,633.71,665.84,5,W,5,N
54,517.01,699.30,3,E,5,W
49,535.91,699.60,3,W,5,W
22,515.85,699.90,1,W,5,W
19,485.43,721.44,1,W,5,N
20,492.64,721.74,1,W,5,N
72,747.21,765.44,5,W,5,N
73,767.47,773.61,5,W,5,N
74,767.72,773.85,5,W,5,N
35,623.32,799.20,1,E,5,W
24,730.31,800.80,1,W,2,W
75,784.90,865.34,5,W,5,N
76,799.86,865.64,5,W,5,N
12,671.26,899.10,1,S,5,W
13,671.70,899.40,1,S,5,W
41,759.54,899.70,2,W,5,W
44,750.85,900.00,2,E,5,W
25,730.54,900.30,1,W,5,W
11,663.69,921.24,1,S,5,N
14,735.12,921.54,1,S,5,N
23,716.55,921.84,1,W,5,N
56,861.38,929.67,3,E,5,N
28,859.28,937.57,1,W,3,E
57,876.56,938.33,3,E,5,N
55,851.07,999.00,3,E,5,W
26,839.75,999.30,1,W,5,W
27,848.96,1015.00,1,W,5,E
42,878.63,1021.14,2,W,5,N
29,871.15,1121.04,1,W,5,N