id,enter_time,exit_time,entrance_intersection,entrance_direction,exit_intersection,exit_direction
242,2.80,66.44,5,W,5,N
243,5.25,66.74,5,W,5,N
244,8.62,67.04,5,W,5,N
245,9.08,67.34,5,W,5,N
246,23.13,67.64,5,W,5,N
247,24.32,67.94,5,W,5,N
248,27.92,68.24,5,W,5,N
249,30.85,68.54,5,W,5,N
250,57.48,68.84,5,W,5,N
251,60.50,69.14,5,W,5,N
315,49.73,80.44,5,E,5,N
0,49.44,100.70,1,S,1,W
224,60.92,131.27,3,E,5,N
3,56.83,140.22,1,S,2,W
252,81.98,166.34,5,W,5,N
253,96.66,166.64,5,W,5,N
254,99.08,166.94,5,W,5,N
255,104.55,167.24,5,W,5,N
256,106.60,167.54,5,W,5,N
257,110.19,167.84,5,W,5,N
258,113.51,168.14,5,W,5,N
259,132.58,168.44,5,W,5,N
260,135.19,168.74,5,W,5,N
261,139.08,169.04,5,W,5,N
262,141.86,169.34,5,W,5,N
263,147.55,169.64,5,W,5,N
316,150.00,180.34,5,E,5,N
213,25.31,200.10,3,W,5,W
181,20.49,200.40,2,W,5,W
96,2.60,200.70,1,W,5,W
151,37.51,201.00,1,E,5,W
5,129.72,201.10,1,S,1,W
6,132.88,201.40,1,S,1,W
7,185.26,201.70,1,S,1,W
11,190.14,204.28,1,S,1,W
183,118.26,212.67,2,W,3,W
184,141.08,212.97,2,W,3,W
9,186.25,214.20,1,S,1,E
200,88.31,222.24,2,E,5,N
182,92.56,222.54,2,W,5,N
97,39.10,222.84,1,W,5,N
214,167.51,231.07,3,W,5,N
225,168.15,231.07,3,E,5,N
226,186.49,242.12,3,E,5,E
264,190.31,266.24,5,W,5,N
265,194.97,266.54,5,W,5,N
266,220.46,266.84,5,W,5,N
267,223.38,267.14,5,W,5,N
268,224.90,267.44,5,W,5,N
269,255.42,267.74,5,W,5,N
270,263.27,269.41,5,W,5,N
271,264.84,270.98,5,W,5,N
317,255.38,280.24,5,E,5,N
318,257.11,280.54,5,E,5,N
319,257.16,280.84,5,E,5,N
320,257.92,281.14,5,E,5,N
10,189.15,300.00,1,S,3,W
152,94.76,300.00,1,E,5,W
2,56.70,300.30,1,S,5,W
101,152.41,300.60,1,W,5,W
321,294.95,301.08,5,E,5,N
14,199.34,301.50,1,S,1,W
26,238.56,301.80,1,S,1,W
1,55.65,322.14,1,S,5,N
201,170.65,322.44,2,E,5,N
4,125.79,322.74,1,S,5,N
98,74.30,323.04,1,W,5,N
99,113.36,323.34,1,W,5,N
100,152.32,323.64,1,W,5,N
153,105.10,323.94,1,E,5,N
154,115.24,324.24,1,E,5,N
155,134.49,324.54,1,E,5,N
227,210.25,330.87,3,E,5,N
215,218.17,330.87,3,W,5,N
228,213.54,331.17,3,E,5,N
229,232.72,331.47,3,E,5,N
20,227.57,337.87,1,S,3,W
103,185.46,339.97,1,W,3,W
272,333.51,366.14,5,W,5,N
273,335.96,366.44,5,W,5,N
274,341.00,366.74,5,W,5,N
275,343.88,367.04,5,W,5,N
322,314.70,380.14,5,E,5,N
323,342.36,380.44,5,E,5,N
12,193.08,399.90,1,S,5,W
185,210.94,400.20,2,W,5,W
186,252.90,400.50,2,W,5,W
16,206.77,400.80,1,S,5,W
18,224.32,401.10,1,S,5,W
25,236.59,401.40,1,S,5,W
106,235.71,401.70,1,W,5,W
41,369.39,401.90,1,S,1,W
42,371.68,402.20,1,S,1,W
45,376.65,402.50,1,S,1,W
50,388.87,403.00,1,S,1,W
51,389.41,403.55,1,S,1,W
161,330.26,404.90,1,E,2,W
21,230.43,418.00,1,S,5,E
8,185.38,422.04,1,S,5,N
13,195.46,422.34,1,S,5,N
15,202.99,422.64,1,S,5,N
202,259.61,422.94,2,E,5,N
187,260.62,423.24,2,W,5,N
17,217.62,423.54,1,S,5,N
19,224.90,423.84,1,S,5,N
22,232.55,424.44,1,S,5,N
23,234.72,424.74,1,S,5,N
24,236.28,425.04,1,S,5,N
102,182.96,425.34,1,W,5,N
104,187.92,425.64,1,W,5,N
105,187.97,425.94,1,W,5,N
156,205.54,426.24,1,E,5,N
157,210.27,426.54,1,E,5,N
158,227.03,426.84,1,E,5,N
159,261.92,427.14,1,E,5,N
230,313.76,430.67,3,E,5,N
216,352.39,430.67,3,W,5,N
231,317.41,430.97,3,E,5,N
109,272.16,438.87,1,W,3,W
160,308.32,440.67,1,E,3,E
68,430.53,444.67,1,S,1,E
276,412.29,466.04,5,W,5,N
277,417.26,466.34,5,W,5,N
278,419.71,466.64,5,W,5,N
279,421.17,466.94,5,W,5,N
280,439.13,467.24,5,W,5,N
281,451.89,467.54,5,W,5,N
282,453.91,467.84,5,W,5,N
283,457.72,468.14,5,W,5,N
284,461.02,468.44,5,W,5,N
324,479.47,485.60,5,E,5,N
232,320.94,499.80,3,E,5,W
29,326.60,500.10,1,S,5,W
31,331.14,500.40,1,S,5,W
110,278.23,500.70,1,W,5,W
111,282.18,501.00,1,W,5,W
112,284.81,501.30,1,W,5,W
163,374.15,501.60,1,E,5,W
55,402.17,501.70,1,S,2,W
57,404.18,502.30,1,S,1,W
66,427.17,502.60,1,S,1,W
47,381.12,503.20,1,S,3,W
49,386.99,503.80,1,S,3,E
167,431.25,508.00,1,E,2,W
189,440.90,513.27,2,W,3,W
107,266.40,517.00,1,W,5,E
203,346.63,521.94,2,E,5,N
27,319.31,522.24,1,S,5,N
28,323.16,522.54,1,S,5,N
30,327.51,522.84,1,S,5,N
108,269.47,523.44,1,W,5,N
113,317.94,523.74,1,W,5,N
114,330.56,524.04,1,W,5,N
162,336.85,524.34,1,E,5,N
164,389.55,524.64,1,E,5,N
233,439.65,530.47,3,E,5,N
60,415.04,538.97,1,S,3,W
70,528.76,542.90,1,S,1,E
235,490.63,552.40,3,E,5,N
285,520.10,565.94,5,W,5,N
286,524.53,566.24,5,W,5,N
287,525.67,566.54,5,W,5,N
288,528.53,566.84,5,W,5,N
289,531.66,567.14,5,W,5,N
290,534.36,567.44,5,W,5,N
291,551.89,567.74,5,W,5,N
292,555.47,568.04,5,W,5,N
293,560.73,568.34,5,W,5,N
294,563.84,569.97,5,W,5,N
325,576.36,582.50,5,E,5,N
217,400.68,599.70,3,W,5,W
218,406.31,600.00,3,W,5,W
234,453.03,600.30,3,E,5,W
165,401.54,600.60,1,E,5,W
32,345.74,600.90,1,S,5,W
36,357.97,601.20,1,S,5,W
37,361.16,601.50,1,S,5,W
40,366.28,601.80,1,S,5,W
191,469.04,602.10,2,W,5,W
67,429.85,602.40,1,S,5,W
115,366.50,602.70,1,W,5,W
73,542.62,602.70,1,S,1,W
117,373.20,603.00,1,W,5,W
166,422.09,603.30,1,E,5,W
194,533.36,613.67,2,W,3,W
38,361.94,616.60,1,S,5,E
33,345.96,621.84,1,S,5,N
64,425.44,622.00,1,S,5,E
34,347.42,622.14,1,S,5,N
35,355.03,622.44,1,S,5,N
39,363.79,623.04,1,S,5,N
43,373.14,623.34,1,S,5,N
44,373.24,623.64,1,S,5,N
46,380.39,623.94,1,S,5,N
48,384.94,624.24,1,S,5,N
188,428.24,624.54,2,W,5,N
204,435.52,624.84,2,E,5,N
190,465.53,625.14,2,W,5,N
52,390.79,625.44,1,S,5,N
53,392.35,625.74,1,S,5,N
54,398.68,626.04,1,S,5,N
56,403.32,626.34,1,S,5,N
58,407.80,626.64,1,S,5,N
59,411.24,626.94,1,S,5,N
61,417.92,627.24,1,S,5,N
62,421.14,627.54,1,S,5,N
63,423.83,627.84,1,S,5,N
65,425.75,628.44,1,S,5,N
116,372.76,628.74,1,W,5,N
118,375.95,629.04,1,W,5,N
119,405.91,629.34,1,W,5,N
120,445.17,629.64,1,W,5,N
121,448.93,629.94,1,W,5,N
122,451.80,630.24,1,W,5,N
123,464.50,630.54,1,W,5,N
219,512.50,630.84,3,W,5,N
237,583.41,645.18,3,E,5,N
295,578.86,665.84,5,W,5,N
296,582.65,666.14,5,W,5,N
297,585.19,666.44,5,W,5,N
298,587.03,666.74,5,W,5,N
299,588.94,667.04,5,W,5,N
300,591.64,667.34,5,W,5,N
301,618.07,667.64,5,W,5,N
302,622.61,667.94,5,W,5,N
303,643.13,668.24,5,W,5,N
304,657.39,668.54,5,W,5,N
236,506.58,699.60,3,E,5,W
205,525.47,699.90,2,E,5,W
193,511.31,700.20,2,W,5,W
207,595.59,700.50,2,E,5,W
125,473.85,700.80,1,W,5,W
126,480.95,701.10,1,W,5,W
127,484.55,701.40,1,W,5,W
75,669.82,703.10,1,S,1,W
77,671.70,703.40,1,S,1,W
82,686.74,703.70,1,S,1,W
206,563.10,715.90,2,E,5,E
192,510.75,721.74,2,W,5,N
69,516.87,722.34,1,S,5,N
71,530.89,722.64,1,S,5,N
124,467.67,722.94,1,W,5,N
128,528.31,723.24,1,W,5,N
129,530.27,723.54,1,W,5,N
130,560.73,723.84,1,W,5,N
168,528.86,724.14,1,E,5,N
238,667.45,730.07,3,E,5,N
170,641.10,738.87,1,E,3,W
221,684.66,746.43,3,W,5,N
305,679.09,765.74,5,W,5,N
306,679.12,766.04,5,W,5,N
307,685.02,766.34,5,W,5,N
308,734.28,766.64,5,W,5,N
309,738.17,766.94,5,W,5,N
310,740.49,767.24,5,W,5,N
326,723.15,779.74,5,E,5,N
327,739.67,780.04,5,E,5,N
328,752.34,780.34,5,E,5,N
329,753.20,780.64,5,E,5,N
220,648.78,799.50,3,W,5,W
74,601.62,799.80,1,S,5,W
208,645.51,800.10,2,E,5,W
209,678.40,800.40,2,E,5,W
131,579.41,800.70,1,W,5,W
133,640.39,801.00,1,W,5,W
169,620.49,801.30,1,E,5,W
84,764.01,803.50,1,S,1,W
86,765.19,816.90,1,S,1,E
87,765.86,817.20,1,S,1,E
89,767.46,817.80,1,S,1,E
72,540.93,821.64,1,S,5,N
132,602.27,821.94,1,W,5,N
134,643.85,822.24,1,W,5,N
135,659.73,822.54,1,W,5,N
171,656.89,822.84,1,E,5,N
172,677.69,823.14,1,E,5,N
222,702.76,829.87,3,W,5,N
239,776.53,838.30,3,E,5,N
85,764.91,842.72,1,S,2,E
91,836.72,850.86,1,S,1,E
311,828.61,865.64,5,W,5,N
312,855.77,865.94,5,W,5,N
313,856.68,866.24,5,W,5,N
330,800.29,879.64,5,E,5,N
331,800.57,879.94,5,E,5,N
332,846.37,880.24,5,E,5,N
76,671.65,899.40,1,S,5,W
80,680.83,899.70,1,S,5,W
141,757.07,900.00,1,W,5,W
142,759.35,900.30,1,W,5,W
173,711.04,900.60,1,E,5,W
92,840.23,903.90,1,S,1,W
95,848.31,904.20,1,S,1,W
197,745.23,917.50,2,W,5,E
240,798.38,921.54,3,E,5,N
78,673.42,921.84,1,S,5,N
79,677.23,922.14,1,S,5,N
81,683.20,922.44,1,S,5,N
195,716.62,922.74,2,W,5,N
210,709.42,923.04,2,E,5,N
196,740.36,923.34,2,W,5,N
241,811.39,923.53,3,E,5,E
211,780.81,923.94,2,E,5,N
136,700.01,924.24,1,W,5,N
137,711.21,924.54,1,W,5,N
138,714.20,924.84,1,W,5,N
139,747.98,925.14,1,W,5,N
140,749.98,925.44,1,W,5,N
174,762.67,925.74,1,E,5,N
175,769.39,926.04,1,E,5,N
176,773.02,926.34,1,E,5,N
223,806.45,929.67,3,W,5,N
147,813.85,938.77,1,W,3,W
93,844.01,942.82,1,S,2,W
180,888.15,950.34,1,E,3,E
314,894.52,965.54,5,W,5,N
198,809.94,999.30,2,W,5,W
199,868.78,999.60,2,W,5,W
144,804.14,999.90,1,W,5,W
145,807.83,1000.20,1,W,5,W
83,760.15,1021.44,1,S,5,N
88,766.84,1021.74,1,S,5,N
212,845.94,1022.04,2,E,5,N
90,834.93,1022.34,1,S,5,N
143,801.35,1022.64,1,W,5,N
146,811.79,1022.94,1,W,5,N
148,855.81,1023.24,1,W,5,N
149,859.11,1023.54,1,W,5,N
177,854.95,1023.84,1,E,5,N
178,865.75,1024.14,1,E,5,N
179,868.89,1024.44,1,E,5,N
94,846.01,1115.20,1,S,5,E
150,899.35,1121.64,1,W,5,N