id,enter_time,exit_time,entrance_intersection,entrance_direction,exit_intersection,exit_direction
252,2.28,66.44,5,W,5,N
253,23.35,66.74,5,W,5,N
254,35.96,67.04,5,W,5,N
255,39.77,67.34,5,W,5,N
256,67.86,74.00,5,W,5,N
1,7.66,100.70,1,S,1,W
2,9.14,101.00,1,S,1,W
3,9.40,101.30,1,S,1,W
4,12.21,101.60,1,S,1,W
5,16.15,101.90,1,S,1,W
193,26.16,112.57,2,W,3,E
6,19.67,136.47,1,S,3,E
231,76.76,138.53,3,E,5,N
232,79.83,141.60,3,E,5,N
257,82.63,166.34,5,W,5,N
258,97.80,166.64,5,W,5,N
259,98.67,166.94,5,W,5,N
260,98.91,167.24,5,W,5,N
261,99.48,167.54,5,W,5,N
262,139.93,167.84,5,W,5,N
263,141.06,168.14,5,W,5,N
264,169.27,175.41,5,W,5,N
265,170.88,177.02,5,W,5,N
321,103.27,180.34,5,E,5,N
322,105.37,180.64,5,E,5,N
323,127.66,180.94,5,E,5,N
233,82.45,200.10,3,E,5,W
0,3.09,200.40,1,S,5,W
204,99.95,200.70,2,E,5,W
105,32.92,201.00,1,W,5,W
7,101.32,201.10,1,S,1,W
106,34.97,201.30,1,W,5,W
11,169.71,201.40,1,S,1,W
171,20.35,201.60,1,E,5,W
114,97.84,202.60,1,W,2,W
174,177.68,205.30,1,E,2,W
16,199.55,216.00,1,S,1,E
104,0.43,216.10,1,W,5,E
17,200.34,216.30,1,S,1,E
170,10.63,222.54,1,E,5,N
217,127.95,231.07,3,W,5,N
110,88.29,237.47,1,W,3,E
220,190.07,251.84,3,W,5,N
266,188.06,266.24,5,W,5,N
267,200.30,266.54,5,W,5,N
268,202.90,266.84,5,W,5,N
269,204.05,267.14,5,W,5,N
270,209.90,267.44,5,W,5,N
271,231.68,267.74,5,W,5,N
272,234.44,268.04,5,W,5,N
273,249.22,268.34,5,W,5,N
274,266.10,272.24,5,W,5,N
275,267.22,273.35,5,W,5,N
276,269.44,275.58,5,W,5,N
277,270.67,276.81,5,W,5,N
324,232.50,280.24,5,E,5,N
325,267.69,280.54,5,E,5,N
326,277.55,283.69,5,E,5,N
327,280.93,287.07,5,E,5,N
218,181.05,300.00,3,W,5,W
219,181.45,300.30,3,W,5,W
12,184.67,300.60,1,S,3,E
234,182.64,300.60,3,E,5,W
205,135.67,300.90,2,E,5,W
107,67.83,301.20,1,W,5,W
21,281.12,301.50,1,S,1,W
116,103.66,301.50,1,W,5,W
119,127.71,301.80,1,W,5,W
120,155.94,302.10,1,W,5,W
172,104.14,302.40,1,E,5,W
24,290.07,304.20,1,S,1,W
22,285.27,314.60,1,S,1,E
108,70.73,316.30,1,W,5,E
28,303.44,317.57,1,S,1,E
194,193.03,322.14,2,W,5,N
32,308.58,322.72,1,S,1,E
109,85.70,322.74,1,W,5,N
111,91.20,323.04,1,W,5,N
112,93.66,323.34,1,W,5,N
113,95.84,323.64,1,W,5,N
115,100.87,323.94,1,W,5,N
117,106.71,324.24,1,W,5,N
118,109.89,324.54,1,W,5,N
173,115.07,324.84,1,E,5,N
207,294.73,330.80,2,E,3,W
235,250.72,330.87,3,E,5,N
236,265.38,331.17,3,E,5,N
278,274.46,366.14,5,W,5,N
279,276.81,366.44,5,W,5,N
280,279.48,366.74,5,W,5,N
281,283.76,367.04,5,W,5,N
282,298.14,367.34,5,W,5,N
283,303.54,367.64,5,W,5,N
284,330.42,367.94,5,W,5,N
285,335.26,368.24,5,W,5,N
286,340.88,368.54,5,W,5,N
287,355.34,368.84,5,W,5,N
288,359.70,369.14,5,W,5,N
289,360.34,369.44,5,W,5,N
290,361.83,369.74,5,W,5,N
23,287.53,399.80,1,S,3,E
175,199.47,399.90,1,E,5,W
221,246.02,400.20,3,W,5,W
8,153.89,400.50,1,S,5,W
14,197.29,400.80,1,S,5,W
18,200.51,401.10,1,S,5,W
206,217.68,401.40,2,E,5,W
123,248.94,401.70,1,W,5,W
126,346.94,402.80,1,W,2,W
9,156.66,422.04,1,S,5,N
10,166.83,422.34,1,S,5,N
13,188.04,422.64,1,S,5,N
15,199.28,422.94,1,S,5,N
19,203.71,423.24,1,S,5,N
121,207.77,423.54,1,W,5,N
122,210.02,423.84,1,W,5,N
176,276.47,424.14,1,E,5,N
237,368.79,430.56,3,E,5,N
222,360.11,430.67,3,W,5,N
238,372.42,434.19,3,E,5,N
38,393.32,441.42,1,S,2,W
40,400.32,442.02,1,S,2,W
239,388.28,450.05,3,E,5,N
291,456.07,466.04,5,W,5,N
328,412.59,480.04,5,E,5,N
329,413.47,480.34,5,E,5,N
25,295.53,499.80,1,S,5,W
33,311.75,500.10,1,S,5,W
35,320.24,500.40,1,S,5,W
124,293.02,500.70,1,W,5,W
177,398.90,518.80,1,E,5,E
20,277.19,521.94,1,S,5,N
26,298.52,522.24,1,S,5,N
27,303.03,522.54,1,S,5,N
29,304.30,522.84,1,S,5,N
195,359.12,523.14,2,W,5,N
208,392.36,523.44,2,E,5,N
30,305.02,523.74,1,S,5,N
31,305.09,524.04,1,S,5,N
34,316.37,524.34,1,S,5,N
125,344.77,524.64,1,W,5,N
223,468.32,530.47,3,W,5,N
240,405.37,530.47,3,E,5,N
241,430.27,530.77,3,E,5,N
127,375.36,536.87,1,W,3,E
179,429.88,540.17,1,E,3,W
292,475.56,565.94,5,W,5,N
293,503.07,566.24,5,W,5,N
294,504.98,566.54,5,W,5,N
295,505.67,566.84,5,W,5,N
296,557.74,567.14,5,W,5,N
297,560.65,567.44,5,W,5,N
298,564.04,570.18,5,W,5,N
299,568.13,574.27,5,W,5,N
330,555.38,579.94,5,E,5,N
36,387.49,599.70,1,S,5,W
37,390.03,600.00,1,S,5,W
128,383.31,600.30,1,W,5,W
129,384.60,600.60,1,W,5,W
131,407.02,600.90,1,W,5,W
135,438.54,601.20,1,W,5,W
136,452.95,601.50,1,W,5,W
178,401.68,601.80,1,E,5,W
143,536.80,602.70,1,W,2,E
54,564.12,602.70,1,S,1,W
49,557.74,616.40,1,S,1,E
209,479.16,616.60,2,E,5,E
52,561.40,617.30,1,S,1,E
39,394.98,621.84,1,S,5,N
196,428.09,622.14,2,W,5,N
197,454.16,622.44,2,W,5,N
130,403.04,623.04,1,W,5,N
132,410.09,623.34,1,W,5,N
133,413.21,623.64,1,W,5,N
134,417.17,623.94,1,W,5,N
180,449.23,624.24,1,E,5,N
242,508.27,630.27,3,E,5,N
142,534.66,638.47,1,W,3,W
300,573.86,665.84,5,W,5,N
301,574.40,666.14,5,W,5,N
302,577.01,666.44,5,W,5,N
303,632.44,666.74,5,W,5,N
304,638.72,667.04,5,W,5,N
305,640.33,667.34,5,W,5,N
306,642.67,667.64,5,W,5,N
307,646.82,667.94,5,W,5,N
308,664.75,670.88,5,W,5,N
309,669.55,675.69,5,W,5,N
331,612.85,679.84,5,E,5,N
224,572.14,699.60,3,W,5,W
225,590.66,699.90,3,W,5,W
41,471.38,700.20,1,S,5,W
42,472.50,700.50,1,S,5,W
45,479.60,700.80,1,S,5,W
198,512.22,701.10,2,W,5,W
199,572.32,701.40,2,W,5,W
58,577.16,701.60,1,S,3,W
211,600.59,701.70,2,E,5,W
62,653.04,703.10,1,S,1,W
64,657.06,703.40,1,S,1,W
65,658.49,703.70,1,S,1,W
72,674.00,704.00,1,S,1,W
73,677.99,704.30,1,S,1,W
74,680.51,704.60,1,S,1,W
78,690.24,704.90,1,S,1,W
80,696.17,710.31,1,S,1,W
81,698.40,712.53,1,S,1,W
75,681.05,718.00,1,S,1,E
43,472.60,721.74,1,S,5,N
44,476.38,722.04,1,S,5,N
210,555.59,722.34,2,E,5,N
200,595.27,722.64,2,W,5,N
137,486.67,722.94,1,W,5,N
138,489.75,723.24,1,W,5,N
139,492.06,723.54,1,W,5,N
140,495.48,723.84,1,W,5,N
141,533.49,724.14,1,W,5,N
181,564.45,724.44,1,E,5,N
182,592.79,724.74,1,E,5,N
183,595.77,725.04,1,E,5,N
243,616.20,730.07,3,E,5,N
244,619.30,730.37,3,E,5,N
66,663.03,742.32,1,S,2,W
228,685.88,747.65,3,W,5,N
310,730.56,765.74,5,W,5,N
311,744.03,766.04,5,W,5,N
312,749.72,766.34,5,W,5,N
313,753.20,766.64,5,W,5,N
332,715.10,779.74,5,E,5,N
333,722.33,780.04,5,E,5,N
226,623.88,799.50,3,W,5,W
227,683.68,799.80,3,W,5,W
46,547.80,800.10,1,S,5,W
51,559.43,800.40,1,S,5,W
53,562.80,800.70,1,S,5,W
57,573.27,801.00,1,S,5,W
61,596.35,801.30,1,S,5,W
145,613.79,801.60,1,W,5,W
146,634.47,801.90,1,W,5,W
147,636.72,802.20,1,W,5,W
148,639.95,802.50,1,W,5,W
149,659.16,802.80,1,W,5,W
82,701.60,803.50,1,S,1,W
83,706.83,803.80,1,S,1,W
56,569.92,816.70,1,S,5,E
47,548.84,821.64,1,S,5,N
48,555.58,821.94,1,S,5,N
50,558.26,822.24,1,S,5,N
55,566.37,822.54,1,S,5,N
59,592.96,823.14,1,S,5,N
212,660.42,823.44,2,E,5,N
201,647.04,823.74,2,W,5,N
60,593.69,824.04,1,S,5,N
144,568.01,824.34,1,W,5,N
150,666.00,824.64,1,W,5,N
184,616.84,824.94,1,E,5,N
185,673.21,825.24,1,E,5,N
245,727.55,829.87,3,E,5,N
246,730.98,830.17,3,E,5,N
91,727.52,839.27,1,S,3,W
314,805.56,865.64,5,W,5,N
315,807.31,865.94,5,W,5,N
316,807.54,866.24,5,W,5,N
317,820.47,866.54,5,W,5,N
318,834.90,866.84,5,W,5,N
319,837.34,867.14,5,W,5,N
320,843.21,867.44,5,W,5,N
334,810.43,879.64,5,E,5,N
335,865.14,879.94,5,E,5,N
247,733.92,899.40,3,E,5,W
63,655.71,899.70,1,S,5,W
77,687.33,900.00,1,S,5,W
213,739.15,900.30,2,E,5,W
84,709.02,900.60,1,S,5,W
88,721.51,900.90,1,S,5,W
90,727.36,901.20,1,S,5,W
154,723.53,901.50,1,W,5,W
187,764.33,901.80,1,E,5,W
162,842.14,902.70,1,W,2,W
164,848.37,903.30,1,W,2,W
191,877.52,904.80,1,E,2,W
101,891.43,905.57,1,S,1,W
71,670.96,916.60,1,S,5,E
152,672.17,920.20,1,W,5,E
67,665.46,921.54,1,S,5,N
68,668.39,921.84,1,S,5,N
69,668.49,922.14,1,S,5,N
70,669.08,922.44,1,S,5,N
76,683.90,923.04,1,S,5,N
79,695.85,923.34,1,S,5,N
202,702.36,923.64,2,W,5,N
214,773.58,923.94,2,E,5,N
85,714.53,924.24,1,S,5,N
86,718.03,924.54,1,S,5,N
87,721.36,924.84,1,S,5,N
89,724.20,925.14,1,S,5,N
92,728.78,925.44,1,S,5,N
93,730.32,925.74,1,S,5,N
151,669.05,926.04,1,W,5,N
153,720.24,926.64,1,W,5,N
155,726.60,926.94,1,W,5,N
156,729.38,927.24,1,W,5,N
186,736.19,927.54,1,E,5,N
188,777.96,927.84,1,E,5,N
250,820.09,930.27,3,E,5,N
157,779.21,937.27,1,W,3,E
229,819.44,999.30,3,W,5,W
248,814.34,999.60,3,E,5,W
249,817.26,999.90,3,E,5,W
230,872.83,1000.20,3,W,5,W
203,873.61,1000.50,2,W,5,W
216,893.53,1000.80,2,E,5,W
159,829.85,1001.10,1,W,5,W
161,834.81,1001.40,1,W,5,W
163,844.47,1001.70,1,W,5,W
94,790.96,1021.44,1,S,5,N
95,791.66,1021.74,1,S,5,N
215,810.49,1022.04,2,E,5,N
158,798.70,1022.34,1,W,5,N
160,831.29,1022.64,1,W,5,N
165,861.78,1022.94,1,W,5,N
166,865.70,1023.24,1,W,5,N
189,851.83,1023.54,1,E,5,N
190,856.35,1023.84,1,E,5,N
192,898.94,1024.14,1,E,5,N
251,898.44,1029.47,3,E,5,N
97,884.91,1099.20,1,S,5,W
96,882.78,1121.34,1,S,5,N
98,885.09,1121.64,1,S,5,N
99,886.91,1121.94,1,S,5,N
100,887.65,1122.24,1,S,5,N
102,894.33,1122.54,1,S,5,N
103,896.19,1122.84,1,S,5,N
167,870.91,1123.14,1,W,5,N
168,872.36,1123.44,1,W,5,N
169,872.91,1123.74,1,W,5,N