id,enter_time,exit_time,entrance_intersection,entrance_direction,exit_intersection,exit_direction
289,2.72,66.44,5,W,5,N
290,19.12,66.74,5,W,5,N
291,19.97,67.04,5,W,5,N
292,24.42,67.34,5,W,5,N
293,40.82,67.64,5,W,5,N
294,55.08,67.94,5,W,5,N
295,60.77,68.24,5,W,5,N
296,64.49,70.62,5,W,5,N
297,67.56,73.70,5,W,5,N
298,70.37,76.51,5,W,5,N
374,17.04,80.44,5,E,5,N
375,30.67,80.74,5,E,5,N
376,75.87,82.01,5,E,5,N
377,80.96,87.10,5,E,5,N
378,81.65,87.79,5,E,5,N
379,87.30,93.43,5,E,5,N
0,0.75,100.70,1,S,1,W
6,13.90,101.00,1,S,1,W
15,37.50,101.30,1,S,1,W
18,47.51,101.60,1,S,1,W
380,98.08,104.21,5,E,5,N
117,44.89,106.10,1,W,2,W
21,63.84,114.70,1,S,1,E
268,20.14,125.43,3,E,5,E
267,3.06,131.27,3,E,5,N
269,22.64,131.87,3,E,5,N
2,7.27,136.47,1,S,3,E
8,19.64,137.97,1,S,3,E
11,26.46,138.87,1,S,3,W
16,39.88,139.62,1,S,2,W
299,91.94,166.34,5,W,5,N
300,122.39,166.64,5,W,5,N
301,126.23,166.94,5,W,5,N
302,128.85,167.24,5,W,5,N
303,131.37,167.54,5,W,5,N
304,135.86,167.84,5,W,5,N
305,136.01,168.14,5,W,5,N
306,151.86,168.44,5,W,5,N
307,157.27,168.74,5,W,5,N
308,158.63,169.04,5,W,5,N
309,171.86,178.00,5,W,5,N
381,100.53,180.34,5,E,5,N
382,132.18,180.64,5,E,5,N
383,132.84,180.94,5,E,5,N
384,138.29,181.24,5,E,5,N
385,138.32,181.54,5,E,5,N
386,142.41,181.84,5,E,5,N
229,29.85,200.10,2,W,5,W
12,27.76,200.40,1,S,5,W
110,6.27,200.70,1,W,5,W
114,23.34,201.00,1,W,5,W
26,129.06,201.10,1,S,1,W
115,41.50,201.30,1,W,5,W
28,136.59,201.40,1,S,1,W
196,21.02,201.60,1,E,5,W
31,145.39,201.70,1,S,1,W
201,51.11,201.90,1,E,5,W
35,152.86,202.00,1,S,1,W
33,149.51,214.80,1,S,1,E
242,179.31,215.38,2,E,3,W
40,160.68,216.60,1,S,1,E
10,25.11,218.20,1,S,5,E
199,45.80,221.20,1,E,5,E
1,4.13,222.24,1,S,5,N
241,84.14,222.54,2,E,5,N
3,8.64,222.84,1,S,5,N
4,8.91,223.14,1,S,5,N
5,10.63,223.44,1,S,5,N
7,16.98,223.74,1,S,5,N
9,23.63,224.04,1,S,5,N
13,29.48,224.64,1,S,5,N
253,109.34,224.93,3,W,5,E
14,33.83,224.94,1,S,5,N
111,9.48,225.24,1,W,5,N
112,16.08,225.54,1,W,5,N
113,19.78,225.84,1,W,5,N
116,42.00,226.14,1,W,5,N
195,2.65,226.44,1,E,5,N
197,35.58,226.74,1,E,5,N
198,40.71,227.04,1,E,5,N
200,48.55,227.64,1,E,5,N
202,86.23,227.94,1,E,5,N
270,140.26,231.07,3,E,5,N
254,166.40,231.37,3,W,5,N
23,120.31,236.57,1,S,3,W
208,191.43,253.62,1,E,3,E
310,175.21,266.24,5,W,5,N
311,179.06,266.54,5,W,5,N
312,181.87,266.84,5,W,5,N
313,183.05,267.14,5,W,5,N
314,183.09,267.44,5,W,5,N
315,184.41,267.74,5,W,5,N
316,244.05,268.04,5,W,5,N
317,265.33,271.47,5,W,5,N
318,267.38,273.52,5,W,5,N
387,229.78,280.24,5,E,5,N
17,45.11,300.00,1,S,5,W
20,60.81,300.30,1,S,5,W
22,64.83,300.60,1,S,5,W
24,123.91,300.90,1,S,5,W
118,77.26,301.20,1,W,5,W
46,263.52,301.50,1,S,1,W
120,83.04,301.50,1,W,5,W
48,273.46,301.80,1,S,1,W
122,87.81,301.80,1,W,5,W
49,274.08,302.10,1,S,1,W
123,89.85,302.10,1,W,5,W
128,149.87,302.40,1,W,5,W
203,106.13,302.70,1,E,5,W
205,123.12,303.00,1,E,5,W
206,180.49,303.30,1,E,5,W
50,285.93,316.10,1,S,1,E
25,126.28,316.30,1,S,5,E
124,122.02,317.50,1,W,5,E
125,124.45,317.80,1,W,5,E
207,189.86,319.00,1,E,5,E
19,58.20,322.14,1,S,5,N
27,131.24,322.74,1,S,5,N
119,80.83,323.04,1,W,5,N
121,84.88,323.34,1,W,5,N
126,140.53,324.24,1,W,5,N
127,146.47,324.54,1,W,5,N
204,116.80,324.84,1,E,5,N
272,266.93,325.03,3,E,5,E
271,247.35,330.87,3,E,5,N
255,275.91,337.68,3,W,5,N
319,283.61,366.14,5,W,5,N
320,361.21,367.35,5,W,5,N
388,322.92,380.14,5,E,5,N
389,333.08,380.44,5,E,5,N
273,278.45,399.90,3,E,5,W
30,141.46,400.20,1,S,5,W
32,145.74,400.50,1,S,5,W
36,154.24,400.80,1,S,5,W
39,157.09,401.10,1,S,5,W
132,204.01,401.40,1,W,5,W
136,232.16,401.70,1,W,5,W
61,323.68,401.90,1,S,1,W
62,324.26,402.20,1,S,1,W
64,327.79,402.50,1,S,1,W
68,346.75,402.80,1,S,1,W
142,323.10,404.00,1,W,2,W
67,342.48,415.00,1,S,1,E
133,223.34,418.60,1,W,5,E
29,137.76,422.04,1,S,5,N
34,150.36,422.34,1,S,5,N
37,154.44,422.64,1,S,5,N
38,155.39,422.94,1,S,5,N
243,262.04,423.24,2,E,5,N
230,210.91,423.54,2,W,5,N
129,197.16,423.84,1,W,5,N
130,200.11,424.14,1,W,5,N
131,201.16,424.44,1,W,5,N
134,226.57,425.04,1,W,5,N
135,229.11,425.34,1,W,5,N
137,247.46,425.64,1,W,5,N
209,209.62,425.94,1,E,5,N
210,258.70,426.24,1,E,5,N
211,265.80,426.54,1,E,5,N
256,323.49,430.67,3,W,5,N
147,350.49,441.57,1,W,3,E
321,376.96,466.04,5,W,5,N
322,379.83,466.34,5,W,5,N
323,382.31,466.64,5,W,5,N
324,384.71,466.94,5,W,5,N
325,388.14,467.24,5,W,5,N
326,393.41,467.54,5,W,5,N
327,396.54,467.84,5,W,5,N
328,409.95,468.14,5,W,5,N
329,428.52,468.44,5,W,5,N
330,431.90,468.74,5,W,5,N
331,435.59,469.04,5,W,5,N
332,438.43,469.34,5,W,5,N
333,438.80,469.64,5,W,5,N
334,442.98,469.94,5,W,5,N
390,417.33,480.04,5,E,5,N
391,428.12,480.34,5,E,5,N
392,479.82,485.96,5,E,5,N
274,367.53,499.80,3,E,5,W
43,246.84,500.10,1,S,5,W
52,293.89,500.40,1,S,5,W
54,296.73,500.70,1,S,5,W
55,297.27,501.00,1,S,5,W
245,374.97,501.30,2,E,5,W
59,317.58,501.60,1,S,5,W
65,328.63,501.90,1,S,5,W
141,319.39,502.20,1,W,5,W
146,349.78,502.50,1,W,5,W
212,373.85,502.80,1,E,5,W
217,473.65,505.60,1,E,2,E
77,480.62,516.30,1,S,1,E
58,316.09,519.40,1,S,5,E
138,277.85,520.30,1,W,5,E
41,242.84,521.94,1,S,5,N
42,243.87,522.24,1,S,5,N
44,258.00,522.54,1,S,5,N
45,258.64,522.84,1,S,5,N
47,265.76,523.14,1,S,5,N
51,289.82,523.44,1,S,5,N
53,294.01,523.74,1,S,5,N
231,362.39,524.04,2,W,5,N
244,344.54,524.34,2,E,5,N
232,369.52,524.64,2,W,5,N
56,308.94,524.94,1,S,5,N
57,312.10,525.24,1,S,5,N
60,323.38,525.84,1,S,5,N
63,325.60,526.14,1,S,5,N
139,280.09,526.74,1,W,5,N
140,318.54,527.04,1,W,5,N
143,327.05,527.34,1,W,5,N
144,344.14,527.64,1,W,5,N
145,346.79,527.94,1,W,5,N
275,432.48,530.47,3,E,5,N
257,449.44,530.47,3,W,5,N
278,453.01,531.37,3,E,5,N
279,456.90,531.67,3,E,5,N
75,477.68,541.82,1,S,2,W
335,522.03,565.94,5,W,5,N
336,554.08,566.24,5,W,5,N
393,522.77,579.94,5,E,5,N
394,525.26,580.24,5,E,5,N
276,435.24,599.70,3,E,5,W
277,449.85,600.00,3,E,5,W
69,408.18,600.30,1,S,5,W
148,381.43,600.60,1,W,5,W
150,431.09,600.90,1,W,5,W
151,434.92,601.20,1,W,5,W
155,444.67,601.50,1,W,5,W
213,412.92,601.80,1,E,5,W
214,440.43,602.10,1,E,5,W
216,465.72,602.40,1,E,5,W
221,538.48,606.60,1,E,2,W
248,537.24,613.37,2,E,3,W
66,339.79,621.84,1,S,5,N
246,407.19,622.14,2,E,5,N
70,409.10,622.44,1,S,5,N
71,410.67,622.74,1,S,5,N
72,412.10,623.04,1,S,5,N
149,392.70,623.34,1,W,5,N
152,437.43,623.64,1,W,5,N
153,439.69,623.94,1,W,5,N
154,442.09,624.24,1,W,5,N
215,444.96,624.54,1,E,5,N
218,480.48,624.84,1,E,5,N
281,571.11,632.88,3,E,5,N
157,484.87,637.27,1,W,3,W
259,585.76,647.53,3,W,5,N
260,590.93,652.70,3,W,5,N
337,609.82,665.84,5,W,5,N
338,612.12,666.14,5,W,5,N
339,630.87,666.44,5,W,5,N
340,634.82,666.74,5,W,5,N
341,646.89,667.04,5,W,5,N
395,661.84,679.84,5,E,5,N
396,675.44,681.58,5,E,5,N
397,680.17,686.31,5,E,5,N
81,563.79,699.20,1,S,3,E
280,556.14,699.60,3,E,5,W
258,577.58,699.90,3,W,5,W
73,474.01,700.20,1,S,5,W
74,475.30,700.50,1,S,5,W
76,478.29,700.80,1,S,5,W
78,483.02,701.10,1,S,5,W
79,486.94,701.40,1,S,5,W
233,539.90,701.70,2,W,5,W
161,496.86,702.00,1,W,5,W
164,501.72,702.30,1,W,5,W
168,530.02,702.60,1,W,5,W
172,565.18,702.90,1,W,5,W
86,656.58,703.10,1,S,1,W
219,508.29,703.20,1,E,5,W
90,663.43,703.40,1,S,1,W
94,674.03,703.70,1,S,1,W
95,677.62,704.00,1,S,1,W
96,683.32,704.30,1,S,1,W
97,685.01,704.60,1,S,1,W
100,688.97,704.90,1,S,1,W
234,608.84,713.17,2,W,3,E
160,495.57,716.80,1,W,5,E
247,505.25,721.74,2,E,5,N
156,482.70,722.04,1,W,5,N
158,488.27,722.34,1,W,5,N
159,491.65,722.64,1,W,5,N
162,497.70,723.24,1,W,5,N
163,497.98,723.54,1,W,5,N
165,502.05,723.84,1,W,5,N
166,502.47,724.14,1,W,5,N
167,505.16,724.44,1,W,5,N
169,552.77,724.74,1,W,5,N
170,559.16,725.04,1,W,5,N
171,562.26,725.34,1,W,5,N
220,508.59,725.64,1,E,5,N
282,601.35,730.07,3,E,5,N
261,614.21,730.07,3,W,5,N
87,659.02,742.32,1,S,2,W
99,688.88,744.42,1,S,2,W
223,687.67,749.86,1,E,3,E
342,697.75,765.74,5,W,5,N
343,702.25,766.04,5,W,5,N
344,706.24,766.34,5,W,5,N
345,709.48,766.64,5,W,5,N
346,711.87,766.94,5,W,5,N
347,712.70,767.24,5,W,5,N
348,716.42,767.54,5,W,5,N
349,734.35,767.84,5,W,5,N
350,739.76,768.14,5,W,5,N
351,742.99,768.44,5,W,5,N
352,748.04,768.74,5,W,5,N
353,751.09,769.04,5,W,5,N
354,751.44,769.34,5,W,5,N
355,754.41,769.64,5,W,5,N
398,785.54,791.67,5,E,5,N
283,690.20,799.50,3,E,5,W
91,664.93,799.60,1,S,3,W
82,570.32,799.80,1,S,5,W
83,572.78,800.10,1,S,5,W
93,673.73,800.20,1,S,3,E
235,628.94,800.40,2,W,5,W
176,604.33,800.70,1,W,5,W
177,606.73,801.00,1,W,5,W
182,695.31,801.70,1,W,2,W
224,756.12,803.80,1,E,2,E
399,799.09,805.23,5,E,5,N
174,597.53,817.00,1,W,5,E
80,560.13,821.64,1,S,5,N
84,573.38,821.94,1,S,5,N
249,634.71,822.24,2,E,5,N
236,657.05,822.54,2,W,5,N
173,595.29,822.84,1,W,5,N
175,601.30,823.44,1,W,5,N
262,727.58,823.73,3,W,5,E
178,656.75,823.74,1,W,5,N
179,658.77,824.04,1,W,5,N
222,677.62,824.34,1,E,5,N
284,701.84,829.87,3,E,5,N
263,750.81,830.17,3,W,5,N
286,762.58,830.47,3,E,5,N
287,790.19,845.83,3,E,5,E
356,779.10,865.64,5,W,5,N
357,783.37,865.94,5,W,5,N
358,786.61,866.24,5,W,5,N
359,787.81,866.54,5,W,5,N
360,791.55,866.84,5,W,5,N
361,794.80,867.14,5,W,5,N
362,797.92,867.44,5,W,5,N
363,811.45,867.74,5,W,5,N
364,814.25,868.04,5,W,5,N
365,814.37,868.34,5,W,5,N
366,818.01,868.64,5,W,5,N
367,821.66,868.94,5,W,5,N
368,824.53,869.24,5,W,5,N
369,826.33,869.54,5,W,5,N
370,829.85,869.84,5,W,5,N
371,859.60,870.14,5,W,5,N
285,737.32,899.40,3,E,5,W
238,728.92,899.70,2,W,5,W
183,699.69,900.00,1,W,5,W
185,705.25,900.30,1,W,5,W
187,757.39,900.60,1,W,5,W
188,765.16,900.90,1,W,5,W
106,845.34,903.90,1,S,1,W
109,852.96,917.30,1,S,1,E
251,799.05,917.50,2,E,5,E
85,655.10,921.54,1,S,5,N
88,659.61,921.84,1,S,5,N
89,662.07,922.14,1,S,5,N
92,670.25,922.44,1,S,5,N
98,688.83,922.74,1,S,5,N
250,702.64,923.04,2,E,5,N
237,704.45,923.34,2,W,5,N
180,675.47,923.94,1,W,5,N
181,678.87,924.24,1,W,5,N
184,702.05,924.54,1,W,5,N
186,753.54,924.84,1,W,5,N
225,793.04,925.14,1,E,5,N
265,825.18,929.97,3,W,5,N
288,896.99,958.76,3,E,5,N
372,872.63,965.54,5,W,5,N
373,874.93,965.84,5,W,5,N
264,806.04,999.30,3,W,5,W
266,863.45,999.60,3,W,5,W
104,768.95,999.90,1,S,5,W
240,884.75,1000.20,2,W,5,W
189,815.32,1000.50,1,W,5,W
192,862.27,1000.80,1,W,5,W
227,888.88,1006.70,1,E,5,W
228,891.53,1009.36,1,E,5,W
101,764.41,1021.44,1,S,5,N
102,764.79,1021.74,1,S,5,N
103,767.88,1022.04,1,S,5,N
252,866.34,1022.34,2,E,5,N
239,883.05,1022.64,2,W,5,N
105,838.65,1022.94,1,S,5,N
190,855.68,1023.24,1,W,5,N
191,859.47,1023.54,1,W,5,N
193,865.39,1023.84,1,W,5,N
194,866.39,1024.14,1,W,5,N
226,808.34,1024.44,1,E,5,N
107,846.01,1121.34,1,S,5,N
108,846.76,1121.64,1,S,5,N