id,enter_time,exit_time,entrance_intersection,entrance_direction,exit_intersection,exit_direction
4,18.36,32.50,1,S,1,E
194,3.51,66.44,5,W,5,N
195,5.83,66.74,5,W,5,N
196,33.72,67.04,5,W,5,N
197,34.63,67.34,5,W,5,N
198,49.24,67.64,5,W,5,N
260,15.05,80.44,5,E,5,N
261,32.88,80.74,5,E,5,N
262,60.27,81.04,5,E,5,N
1,4.95,100.70,1,S,1,W
2,8.14,101.00,1,S,1,W
5,79.80,101.30,1,S,1,W
13,107.94,122.07,1,S,1,E
174,70.22,125.86,3,E,5,E
118,29.83,138.87,1,E,3,E
199,80.91,166.34,5,W,5,N
200,82.28,166.64,5,W,5,N
201,84.42,166.94,5,W,5,N
202,151.19,167.24,5,W,5,N
203,153.97,167.54,5,W,5,N
204,154.63,167.84,5,W,5,N
205,157.83,168.14,5,W,5,N
206,161.40,168.44,5,W,5,N
263,163.02,180.34,5,E,5,N
3,15.13,200.10,1,S,5,W
69,4.98,200.40,1,W,5,W
73,54.45,200.70,1,W,5,W
12,107.12,200.80,1,S,2,W
119,66.79,201.00,1,E,5,W
77,149.50,202.30,1,W,2,W
139,183.79,219.86,2,W,3,W
0,0.12,222.24,1,S,5,N
152,86.63,222.54,2,E,5,N
70,18.25,222.84,1,W,5,N
71,21.51,223.14,1,W,5,N
72,50.51,223.44,1,W,5,N
116,7.26,223.74,1,E,5,N
117,27.75,224.04,1,E,5,N
164,101.14,231.07,3,W,5,N
175,158.66,231.07,3,E,5,N
165,141.44,231.37,3,W,5,N
176,175.07,236.84,3,E,5,N
74,70.66,237.47,1,W,3,E
177,178.12,239.89,3,E,5,N
207,179.23,266.24,5,W,5,N
208,194.62,266.54,5,W,5,N
209,196.88,266.84,5,W,5,N
210,197.63,267.14,5,W,5,N
211,200.91,267.44,5,W,5,N
212,203.30,267.74,5,W,5,N
213,207.48,268.04,5,W,5,N
214,210.13,268.34,5,W,5,N
215,213.13,268.64,5,W,5,N
216,214.46,268.94,5,W,5,N
217,217.65,269.24,5,W,5,N
218,221.17,269.54,5,W,5,N
219,223.56,269.84,5,W,5,N
220,226.50,270.14,5,W,5,N
221,230.01,270.44,5,W,5,N
222,247.22,270.74,5,W,5,N
223,252.59,271.04,5,W,5,N
264,202.74,280.24,5,E,5,N
265,214.10,280.54,5,E,5,N
6,83.21,300.00,1,S,5,W
9,100.04,300.30,1,S,5,W
10,101.96,300.60,1,S,5,W
11,105.64,300.90,1,S,5,W
76,113.83,301.20,1,W,5,W
17,264.36,301.50,1,S,1,W
140,251.79,312.77,2,W,3,E
153,137.95,316.60,2,E,5,E
7,88.81,322.14,1,S,5,N
8,98.01,322.44,1,S,5,N
14,111.63,323.04,1,S,5,N
75,72.11,323.34,1,W,5,N
120,129.80,323.64,1,E,5,N
121,165.46,323.94,1,E,5,N
122,183.77,324.24,1,E,5,N
166,255.72,330.87,3,W,5,N
178,262.25,330.87,3,E,5,N
167,296.12,351.76,3,W,5,E
224,321.35,366.14,5,W,5,N
266,303.07,380.14,5,E,5,N
267,307.79,380.44,5,E,5,N
268,309.22,380.74,5,E,5,N
269,315.77,381.04,5,E,5,N
179,275.92,399.90,3,E,5,W
155,289.05,400.20,2,E,5,W
78,195.28,400.50,1,W,5,W
80,201.33,400.80,1,W,5,W
84,246.93,401.10,1,W,5,W
21,318.57,401.90,1,S,1,W
22,380.12,402.20,1,S,1,W
25,392.41,415.30,1,S,1,E
15,172.75,422.04,1,S,5,N
16,174.53,422.34,1,S,5,N
154,203.41,422.64,2,E,5,N
79,199.22,422.94,1,W,5,N
81,234.74,423.24,1,W,5,N
82,242.41,423.54,1,W,5,N
83,245.53,423.84,1,W,5,N
123,288.23,424.14,1,E,5,N
180,362.88,430.67,3,E,5,N
19,316.80,437.07,1,S,3,W
20,318.02,437.37,1,S,3,E
181,376.67,438.44,3,E,5,N
124,395.19,457.38,1,E,3,E
225,412.42,466.04,5,W,5,N
226,414.87,466.34,5,W,5,N
227,429.11,466.64,5,W,5,N
228,443.60,466.94,5,W,5,N
229,447.50,467.24,5,W,5,N
270,416.07,480.04,5,E,5,N
271,416.53,480.34,5,E,5,N
272,428.38,480.64,5,E,5,N
156,325.13,499.80,2,E,5,W
142,393.83,500.10,2,W,5,W
86,322.61,500.40,1,W,5,W
87,360.91,500.70,1,W,5,W
27,402.47,502.30,1,S,1,W
35,499.14,517.20,1,S,1,E
36,505.23,519.37,1,S,1,E
141,329.19,521.94,2,W,5,N
18,313.47,522.24,1,S,5,N
85,279.72,522.54,1,W,5,N
182,469.16,524.79,3,E,5,E
169,462.63,530.77,3,W,5,N
183,483.63,545.40,3,E,5,N
230,490.01,565.94,5,W,5,N
231,493.17,566.24,5,W,5,N
232,494.31,566.54,5,W,5,N
233,496.62,566.84,5,W,5,N
234,500.31,567.14,5,W,5,N
235,542.25,567.44,5,W,5,N
236,544.91,567.74,5,W,5,N
273,533.42,579.94,5,E,5,N
274,533.70,580.24,5,E,5,N
275,539.44,580.54,5,E,5,N
168,426.23,599.70,3,W,5,W
157,411.88,600.00,2,E,5,W
88,390.58,600.30,1,W,5,W
33,491.08,600.60,1,S,3,W
96,476.32,602.70,1,W,2,W
45,557.08,602.70,1,S,1,W
92,452.93,618.40,1,W,5,E
93,456.43,618.70,1,W,5,E
23,381.90,621.84,1,S,5,N
24,383.92,622.14,1,S,5,N
26,392.41,622.44,1,S,5,N
143,447.37,622.74,2,W,5,N
144,452.93,623.04,2,W,5,N
158,453.86,623.34,2,E,5,N
89,393.64,623.64,1,W,5,N
90,427.27,623.94,1,W,5,N
91,450.18,624.24,1,W,5,N
94,459.25,625.14,1,W,5,N
184,516.78,630.27,3,E,5,N
103,551.69,640.87,1,W,3,W
43,544.37,641.92,1,S,2,W
237,573.47,665.84,5,W,5,N
238,577.25,666.14,5,W,5,N
239,596.23,666.44,5,W,5,N
240,634.57,666.74,5,W,5,N
241,648.39,667.04,5,W,5,N
242,652.26,667.34,5,W,5,N
243,658.25,667.64,5,W,5,N
244,661.85,667.98,5,W,5,N
276,631.17,679.84,5,E,5,N
277,642.36,680.14,5,E,5,N
278,645.60,680.44,5,E,5,N
279,659.58,680.74,5,E,5,N
125,499.66,699.60,1,E,5,W
47,562.43,699.80,1,S,3,E
145,526.02,699.90,2,W,5,W
95,473.88,700.20,1,W,5,W
98,483.00,700.50,1,W,5,W
100,539.39,700.80,1,W,5,W
101,541.75,701.10,1,W,5,W
49,632.94,701.30,1,S,2,W
52,698.64,716.50,1,S,1,E
159,545.83,717.40,2,E,5,E
37,514.46,718.00,1,S,5,E
28,478.07,721.74,1,S,5,N
29,483.40,722.04,1,S,5,N
30,485.74,722.34,1,S,5,N
31,487.93,722.64,1,S,5,N
32,489.46,722.94,1,S,5,N
34,499.08,723.24,1,S,5,N
146,533.29,723.84,2,W,5,N
38,519.46,724.44,1,S,5,N
39,520.00,724.74,1,S,5,N
40,530.28,725.04,1,S,5,N
41,533.30,725.34,1,S,5,N
97,479.05,725.64,1,W,5,N
99,522.43,725.94,1,W,5,N
102,547.76,726.24,1,W,5,N
126,518.60,726.54,1,E,5,N
127,551.93,726.84,1,E,5,N
128,573.61,727.14,1,E,5,N
129,579.48,727.44,1,E,5,N
185,608.16,730.07,3,E,5,N
170,604.82,730.07,3,W,5,N
171,664.08,730.37,3,W,5,N
187,627.88,730.67,3,E,5,N
48,631.17,737.07,1,S,3,E
188,692.48,754.25,3,E,5,N
245,713.01,765.74,5,W,5,N
246,738.69,766.04,5,W,5,N
247,741.76,766.34,5,W,5,N
248,769.71,775.85,5,W,5,N
249,771.89,778.02,5,W,5,N
280,767.76,779.74,5,E,5,N
281,777.56,783.69,5,E,5,N
186,624.20,799.50,3,E,5,W
44,554.02,799.80,1,S,5,W
106,628.64,800.10,1,W,5,W
131,649.02,800.40,1,E,5,W
105,584.66,816.70,1,W,5,E
56,802.87,817.01,1,S,1,E
136,793.66,819.77,1,E,2,E
42,544.04,821.64,1,S,5,N
46,560.85,821.94,1,S,5,N
160,626.14,822.24,2,E,5,N
104,578.36,822.54,1,W,5,N
130,632.87,823.14,1,E,5,N
132,657.78,823.44,1,E,5,N
133,660.55,823.74,1,E,5,N
189,704.76,829.87,3,E,5,N
190,723.65,830.17,3,E,5,N
250,774.83,865.64,5,W,5,N
251,780.18,865.94,5,W,5,N
252,782.18,866.24,5,W,5,N
253,787.02,866.54,5,W,5,N
254,790.81,866.84,5,W,5,N
255,853.04,867.14,5,W,5,N
256,857.78,867.44,5,W,5,N
257,862.97,869.11,5,W,5,N
258,866.73,872.87,5,W,5,N
259,870.52,876.65,5,W,5,N
282,875.27,881.40,5,E,5,N
283,888.87,895.01,5,E,5,N
172,720.65,899.40,3,W,5,W
191,735.73,899.70,3,E,5,W
192,754.71,900.00,3,E,5,W
50,695.38,900.30,1,S,5,W
53,701.72,900.60,1,S,5,W
54,704.04,900.90,1,S,5,W
147,707.95,901.20,2,W,5,W
149,772.97,901.50,2,W,5,W
107,674.24,901.80,1,W,5,W
109,709.32,902.10,1,W,5,W
134,733.73,902.40,1,E,5,W
135,773.44,902.70,1,E,5,W
65,822.13,903.90,1,S,1,W
68,828.30,904.20,1,S,1,W
112,785.59,904.50,1,W,2,W
151,855.57,913.67,2,W,3,W
51,697.69,921.54,1,S,5,N
161,720.51,921.84,2,E,5,N
148,710.55,922.14,2,W,5,N
108,706.87,922.44,1,W,5,N
110,739.72,922.74,1,W,5,N
173,851.63,929.67,3,W,5,N
193,841.38,929.67,3,E,5,N
64,820.06,939.37,1,S,3,E
111,778.67,940.27,1,W,3,W
114,835.42,941.17,1,W,3,W
284,899.32,979.54,5,E,5,N
55,801.78,999.30,1,S,5,W
60,812.66,999.60,1,S,5,W
62,816.81,999.90,1,S,5,W
63,818.64,1000.20,1,S,5,W
137,873.37,1000.50,1,E,5,W
67,824.48,1017.70,1,S,5,E
150,830.85,1021.44,2,W,5,N
162,807.17,1021.74,2,E,5,N
163,890.32,1022.04,2,E,5,N
57,806.05,1022.34,1,S,5,N
58,809.72,1022.64,1,S,5,N
59,811.28,1022.94,1,S,5,N
61,815.53,1023.24,1,S,5,N
66,822.15,1023.54,1,S,5,N
113,835.37,1024.14,1,W,5,N
138,875.77,1024.44,1,E,5,N
115,879.32,1121.34,1,W,5,N