id,enter_time,exit_time,entrance_intersection,entrance_direction,exit_intersection,exit_direction
243,25.20,66.44,5,W,5,N
302,37.65,80.44,5,E,5,N
0,1.22,100.10,1,S,3,W
303,96.71,102.84,5,E,5,N
8,107.81,121.94,1,S,1,E
220,10.59,131.27,3,E,5,N
202,74.16,135.93,3,W,5,N
203,89.01,150.78,3,W,5,N
244,80.14,166.34,5,W,5,N
245,81.59,166.64,5,W,5,N
246,94.68,166.94,5,W,5,N
247,152.70,167.24,5,W,5,N
248,170.69,176.83,5,W,5,N
249,172.22,178.35,5,W,5,N
304,191.38,197.51,5,E,5,N
3,88.31,199.90,1,S,3,W
201,34.99,200.10,3,W,5,W
4,90.79,200.20,1,S,3,W
221,13.98,200.40,3,E,5,W
1,3.54,200.70,1,S,5,W
177,28.05,201.00,2,W,5,W
10,110.45,201.10,1,S,1,W
90,40.51,201.30,1,W,5,W
158,9.35,201.60,1,E,5,W
159,14.79,201.90,1,E,5,W
190,91.75,222.24,2,E,5,N
2,5.10,222.54,1,S,5,N
157,6.24,222.84,1,E,5,N
204,122.07,231.07,3,W,5,N
223,143.99,231.37,3,E,5,N
225,166.62,231.97,3,E,5,N
95,87.33,240.47,1,W,3,W
161,158.05,241.97,1,E,3,W
250,173.48,266.24,5,W,5,N
251,173.90,266.54,5,W,5,N
252,177.49,266.84,5,W,5,N
253,177.69,267.14,5,W,5,N
254,180.74,267.44,5,W,5,N
255,205.23,267.74,5,W,5,N
256,206.48,268.04,5,W,5,N
257,209.86,268.34,5,W,5,N
258,226.80,268.64,5,W,5,N
259,269.88,276.02,5,W,5,N
305,208.82,280.24,5,E,5,N
222,124.00,300.00,3,E,5,W
224,162.66,300.30,3,E,5,W
191,177.34,300.60,2,E,5,W
178,195.43,300.90,2,W,5,W
7,107.07,301.20,1,S,5,W
20,203.46,301.50,1,S,1,W
9,107.97,301.50,1,S,5,W
25,212.32,301.80,1,S,1,W
15,130.18,301.80,1,S,5,W
30,226.04,302.10,1,S,1,W
93,77.14,302.10,1,W,5,W
31,227.27,302.40,1,S,1,W
96,90.60,302.40,1,W,5,W
35,238.36,302.70,1,S,1,W
97,92.67,302.70,1,W,5,W
38,252.72,303.00,1,S,1,W
98,136.13,303.00,1,W,5,W
40,256.62,303.30,1,S,1,W
160,141.80,303.30,1,E,5,W
42,262.35,303.60,1,S,1,W
192,256.45,312.77,2,E,3,E
39,254.55,314.90,1,S,1,E
12,116.88,316.90,1,S,5,E
94,84.61,318.70,1,W,5,E
5,94.08,322.14,1,S,5,N
6,105.52,322.44,1,S,5,N
11,112.77,322.74,1,S,5,N
13,120.70,323.34,1,S,5,N
14,127.04,323.64,1,S,5,N
16,133.22,323.94,1,S,5,N
91,72.79,324.24,1,W,5,N
92,75.28,324.54,1,W,5,N
162,168.03,325.14,1,E,5,N
163,184.72,325.44,1,E,5,N
164,187.64,325.74,1,E,5,N
205,227.41,330.87,3,W,5,N
226,282.42,344.19,3,E,5,N
260,286.90,366.14,5,W,5,N
261,303.88,366.44,5,W,5,N
262,310.63,366.74,5,W,5,N
263,314.76,367.04,5,W,5,N
264,318.22,367.34,5,W,5,N
265,322.86,367.64,5,W,5,N
266,326.76,367.94,5,W,5,N
306,353.33,380.14,5,E,5,N
206,277.44,399.90,3,W,5,W
227,293.69,400.20,3,E,5,W
19,202.07,400.50,1,S,5,W
47,334.64,400.70,1,S,2,W
21,203.66,400.80,1,S,5,W
180,236.50,401.10,2,W,5,W
29,223.30,401.40,1,S,5,W
33,230.67,401.70,1,S,5,W
49,340.26,401.90,1,S,1,W
99,176.70,402.00,1,W,5,W
100,210.07,402.30,1,W,5,W
103,216.73,402.60,1,W,5,W
104,217.61,402.90,1,W,5,W
166,212.18,403.20,1,E,5,W
115,328.37,404.00,1,W,2,W
26,214.38,417.70,1,S,5,E
17,195.91,422.04,1,S,5,N
18,198.95,422.34,1,S,5,N
22,203.97,422.64,1,S,5,N
179,207.96,422.94,2,W,5,N
23,206.41,423.24,1,S,5,N
24,210.15,423.54,1,S,5,N
27,217.77,424.14,1,S,5,N
28,221.45,424.44,1,S,5,N
32,227.54,424.74,1,S,5,N
34,232.03,425.04,1,S,5,N
101,210.66,425.34,1,W,5,N
102,214.60,425.64,1,W,5,N
105,232.45,425.94,1,W,5,N
165,209.03,426.24,1,E,5,N
106,271.55,437.37,1,W,3,W
108,306.82,437.97,1,W,3,E
228,380.28,442.05,3,E,5,N
267,379.16,466.04,5,W,5,N
268,383.16,466.34,5,W,5,N
269,384.84,466.64,5,W,5,N
270,424.40,466.94,5,W,5,N
271,454.17,467.24,5,W,5,N
272,455.87,467.54,5,W,5,N
273,471.76,477.90,5,W,5,N
207,394.65,499.80,3,W,5,W
37,241.69,500.10,1,S,5,W
43,263.81,500.40,1,S,5,W
44,266.79,500.70,1,S,5,W
182,340.79,501.00,2,W,5,W
183,384.87,501.30,2,W,5,W
48,336.20,501.60,1,S,5,W
107,290.23,501.90,1,W,5,W
110,314.35,502.20,1,W,5,W
112,319.72,502.50,1,W,5,W
307,496.44,502.58,5,E,5,N
122,436.00,502.60,1,W,2,W
168,366.87,502.80,1,E,5,W
125,451.45,503.50,1,W,2,E
109,310.68,517.90,1,W,5,E
36,240.87,521.94,1,S,5,N
41,261.83,522.24,1,S,5,N
45,270.69,522.54,1,S,5,N
46,271.56,522.84,1,S,5,N
193,301.00,523.14,2,E,5,N
181,311.05,523.44,2,W,5,N
194,395.74,523.74,2,E,5,N
111,317.11,524.34,1,W,5,N
113,325.59,524.64,1,W,5,N
114,327.66,524.94,1,W,5,N
116,348.05,525.24,1,W,5,N
167,331.37,525.54,1,E,5,N
208,443.85,530.47,3,W,5,N
229,453.26,530.47,3,E,5,N
230,464.99,530.77,3,E,5,N
209,448.82,530.77,3,W,5,N
231,468.38,531.07,3,E,5,N
274,474.18,565.94,5,W,5,N
275,477.07,566.24,5,W,5,N
276,498.26,566.54,5,W,5,N
277,525.98,566.84,5,W,5,N
278,529.42,567.14,5,W,5,N
279,549.59,567.44,5,W,5,N
280,552.29,567.74,5,W,5,N
308,503.25,579.94,5,E,5,N
309,517.79,580.24,5,E,5,N
232,470.64,599.70,3,E,5,W
210,490.27,600.00,3,W,5,W
117,380.20,600.30,1,W,5,W
195,479.74,615.70,2,E,5,E
50,426.82,622.14,1,S,5,N
118,382.39,622.44,1,W,5,N
119,394.55,622.74,1,W,5,N
120,427.73,623.04,1,W,5,N
121,431.17,623.34,1,W,5,N
123,442.30,623.64,1,W,5,N
124,445.43,623.94,1,W,5,N
233,539.73,630.27,3,E,5,N
234,543.31,630.57,3,E,5,N
235,545.34,630.87,3,E,5,N
169,502.22,640.27,1,E,3,W
67,627.12,641.26,1,S,1,E
212,579.83,641.60,3,W,5,N
70,630.20,644.34,1,S,1,E
213,587.32,649.09,3,W,5,N
281,608.46,665.84,5,W,5,N
282,611.30,666.14,5,W,5,N
283,625.30,666.44,5,W,5,N
284,627.44,666.74,5,W,5,N
285,630.94,667.04,5,W,5,N
286,634.00,667.34,5,W,5,N
287,637.59,667.64,5,W,5,N
288,640.65,667.94,5,W,5,N
310,599.68,679.84,5,E,5,N
311,640.94,680.14,5,E,5,N
57,605.00,699.20,1,S,3,E
211,538.13,699.60,3,W,5,W
52,510.77,699.90,1,S,5,W
54,517.60,700.20,1,S,5,W
127,505.12,700.50,1,W,5,W
130,548.95,700.80,1,W,5,W
64,620.39,703.10,1,S,1,W
65,622.52,703.40,1,S,1,W
69,629.28,703.70,1,S,1,W
72,643.54,704.00,1,S,1,W
73,646.94,704.30,1,S,1,W
78,662.70,704.60,1,S,1,W
136,628.39,704.90,1,W,2,W
79,664.88,704.90,1,S,1,W
75,653.68,716.20,1,S,1,E
128,512.34,717.40,1,W,5,E
82,670.97,717.70,1,S,1,E
184,570.80,721.74,2,W,5,N
196,540.74,722.04,2,E,5,N
51,510.34,722.34,1,S,5,N
53,513.89,722.64,1,S,5,N
55,517.95,722.94,1,S,5,N
126,467.39,723.24,1,W,5,N
129,515.35,723.84,1,W,5,N
131,552.61,724.14,1,W,5,N
170,567.66,724.44,1,E,5,N
171,584.60,724.74,1,E,5,N
236,647.70,730.07,3,E,5,N
289,728.30,765.74,5,W,5,N
290,730.55,766.04,5,W,5,N
291,750.81,766.34,5,W,5,N
292,756.07,766.64,5,W,5,N
293,770.16,776.30,5,W,5,N
294,771.31,777.45,5,W,5,N
312,778.49,784.62,5,E,5,N
76,659.46,799.00,1,S,3,W
186,681.39,799.50,2,W,5,W
133,616.87,799.80,1,W,5,W
134,620.17,800.10,1,W,5,W
173,676.08,800.40,1,E,5,W
188,769.96,813.57,2,W,3,W
56,604.75,821.64,1,S,5,N
185,628.11,821.94,2,W,5,N
197,628.03,822.24,2,E,5,N
198,689.72,822.54,2,E,5,N
58,607.08,822.84,1,S,5,N
59,608.68,823.14,1,S,5,N
60,611.89,823.44,1,S,5,N
61,615.43,823.74,1,S,5,N
62,616.29,824.04,1,S,5,N
63,618.19,824.34,1,S,5,N
66,623.44,824.64,1,S,5,N
68,627.88,824.94,1,S,5,N
71,638.79,825.24,1,S,5,N
132,583.63,825.54,1,W,5,N
135,620.87,825.84,1,W,5,N
172,650.91,826.14,1,E,5,N
237,724.08,829.87,3,E,5,N
214,712.14,829.87,3,W,5,N
215,753.17,830.17,3,W,5,N
239,729.93,830.47,3,E,5,N
138,694.59,838.07,1,W,3,E
217,790.14,851.91,3,W,5,N
295,775.49,865.64,5,W,5,N
296,788.72,865.94,5,W,5,N
297,794.47,866.24,5,W,5,N
298,797.35,866.54,5,W,5,N
299,849.39,866.84,5,W,5,N
300,851.26,867.14,5,W,5,N
313,876.54,882.67,5,E,5,N
314,888.03,894.16,5,E,5,N
238,726.11,899.40,3,E,5,W
216,764.66,899.70,3,W,5,W
77,660.97,900.00,1,S,5,W
80,667.35,900.30,1,S,5,W
189,773.70,900.60,2,W,5,W
174,709.79,900.90,1,E,5,W
88,886.09,903.90,1,S,1,W
199,782.53,916.30,2,E,5,E
139,727.66,917.50,1,W,5,E
74,650.66,921.54,1,S,5,N
81,667.99,921.84,1,S,5,N
187,749.81,922.14,2,W,5,N
83,731.01,922.74,1,S,5,N
84,734.73,923.04,1,S,5,N
137,675.49,923.34,1,W,5,N
140,734.73,923.94,1,W,5,N
141,736.93,924.24,1,W,5,N
142,737.72,924.54,1,W,5,N
175,749.55,924.84,1,E,5,N
176,777.98,925.14,1,E,5,N
218,800.68,929.67,3,W,5,N
240,802.62,929.67,3,E,5,N
242,829.96,930.27,3,E,5,N
301,875.40,965.54,5,W,5,N
86,882.37,998.30,1,S,3,E
241,826.67,999.30,3,E,5,W
219,852.21,999.60,3,W,5,W
85,824.79,999.90,1,S,5,W
143,786.27,1000.20,1,W,5,W
144,793.31,1000.50,1,W,5,W
145,795.43,1000.80,1,W,5,W
146,814.74,1001.10,1,W,5,W
149,820.40,1001.40,1,W,5,W
150,822.84,1001.70,1,W,5,W
152,865.89,1002.00,1,W,5,W
200,820.20,1021.44,2,E,5,N
147,816.57,1021.74,1,W,5,N
148,817.52,1022.04,1,W,5,N
151,826.12,1022.34,1,W,5,N
153,868.83,1037.37,1,W,3,W
87,883.64,1099.20,1,S,5,W
154,871.99,1099.50,1,W,5,W
155,891.43,1099.80,1,W,5,W
89,889.68,1121.34,1,S,5,N
156,895.33,1121.64,1,W,5,N