id,enter_time,exit_time,entrance_intersection,entrance_direction,exit_intersection,exit_direction
216,13.90,66.44,5,W,5,N
217,16.63,66.74,5,W,5,N
218,19.52,67.04,5,W,5,N
219,35.51,67.34,5,W,5,N
0,0.58,100.70,1,S,1,W
69,8.95,100.70,1,W,2,W
3,74.21,101.00,1,S,1,W
1,71.26,113.50,1,S,1,E
14,111.79,125.92,1,S,1,E
192,46.81,131.27,3,W,5,N
70,15.04,137.07,1,W,3,E
71,18.22,137.37,1,W,3,E
132,25.51,138.87,1,E,3,W
220,88.82,166.34,5,W,5,N
221,115.71,166.64,5,W,5,N
222,118.42,166.94,5,W,5,N
268,104.01,180.34,5,E,5,N
269,191.01,197.15,5,E,5,N
180,94.65,200.10,2,E,5,W
73,43.46,200.40,1,W,5,W
74,46.01,200.70,1,W,5,W
10,101.06,201.10,1,S,1,W
17,119.51,201.40,1,S,1,W
78,113.53,202.30,1,W,2,E
165,23.70,222.24,2,W,5,N
68,3.51,222.54,1,W,5,N
72,22.18,222.84,1,W,5,N
75,57.75,223.14,1,W,5,N
133,54.90,223.44,1,E,5,N
134,66.32,223.74,1,E,5,N
202,104.68,231.07,3,E,5,N
223,196.05,266.24,5,W,5,N
224,213.54,266.54,5,W,5,N
225,213.96,266.84,5,W,5,N
226,263.13,269.27,5,W,5,N
227,266.09,272.23,5,W,5,N
270,208.98,280.24,5,E,5,N
271,252.75,280.54,5,E,5,N
272,283.75,289.89,5,E,5,N
193,186.14,300.00,3,W,5,W
6,91.07,300.30,1,S,5,W
7,93.99,300.60,1,S,5,W
9,100.25,300.90,1,S,5,W
181,179.07,301.20,2,E,5,W
166,182.93,301.50,2,W,5,W
84,198.30,301.80,1,W,2,E
79,143.95,301.80,1,W,5,W
80,146.67,302.10,1,W,5,W
4,77.54,316.30,1,S,5,E
12,108.47,318.10,1,S,5,E
2,72.15,322.14,1,S,5,N
5,89.42,322.74,1,S,5,N
8,98.22,323.04,1,S,5,N
11,103.79,323.34,1,S,5,N
167,190.49,323.64,2,W,5,N
168,197.16,323.94,2,W,5,N
13,111.61,324.54,1,S,5,N
15,115.25,324.84,1,S,5,N
16,117.95,325.14,1,S,5,N
76,72.75,325.44,1,W,5,N
77,107.53,325.74,1,W,5,N
135,149.59,326.04,1,E,5,N
203,205.95,330.87,3,E,5,N
194,199.93,330.87,3,W,5,N
18,215.87,336.67,1,S,3,W
228,287.36,366.14,5,W,5,N
229,290.37,366.44,5,W,5,N
230,314.53,366.74,5,W,5,N
231,315.24,367.04,5,W,5,N
232,323.12,367.34,5,W,5,N
233,328.82,367.64,5,W,5,N
234,329.03,367.94,5,W,5,N
235,332.56,368.24,5,W,5,N
236,334.64,368.54,5,W,5,N
237,354.98,368.84,5,W,5,N
238,371.04,377.18,5,W,5,N
273,300.23,380.14,5,E,5,N
274,302.41,380.44,5,E,5,N
275,314.31,380.74,5,E,5,N
276,323.30,381.04,5,E,5,N
277,334.76,381.34,5,E,5,N
136,205.43,399.90,1,E,5,W
139,267.59,400.20,1,E,5,W
142,281.32,400.50,1,E,5,W
19,306.56,401.90,1,S,1,W
25,389.66,403.80,1,S,1,W
26,392.81,406.94,1,S,1,W
143,291.34,409.17,1,E,5,W
27,396.43,410.57,1,S,1,W
170,271.94,416.50,2,W,5,E
169,249.99,422.04,2,W,5,N
182,262.68,422.34,2,E,5,N
171,292.24,422.94,2,W,5,N
81,166.23,423.24,1,W,5,N
82,192.64,423.54,1,W,5,N
83,196.03,423.84,1,W,5,N
85,248.92,424.14,1,W,5,N
31,410.02,424.15,1,S,1,E
137,225.90,424.44,1,E,5,N
204,314.07,424.53,3,E,5,E
138,231.91,424.74,1,E,5,N
140,272.81,425.04,1,E,5,N
141,275.35,425.34,1,E,5,N
195,340.52,430.67,3,W,5,N
205,316.57,430.97,3,E,5,N
239,374.69,466.04,5,W,5,N
240,388.83,466.34,5,W,5,N
241,406.27,466.64,5,W,5,N
242,407.94,466.94,5,W,5,N
243,412.61,467.24,5,W,5,N
244,415.92,467.54,5,W,5,N
278,443.15,480.04,5,E,5,N
144,299.27,499.80,1,E,5,W
196,345.71,500.10,3,W,5,W
173,338.60,500.40,2,W,5,W
184,384.51,500.70,2,E,5,W
20,310.40,501.00,1,S,5,W
86,266.17,501.30,1,W,5,W
88,308.12,501.60,1,W,5,W
28,399.79,502.30,1,S,1,W
32,410.32,502.60,1,S,1,W
87,268.17,517.00,1,W,5,E
172,318.20,521.94,2,W,5,N
183,356.10,522.24,2,E,5,N
21,316.47,522.54,1,S,5,N
22,317.83,522.84,1,S,5,N
89,327.95,523.44,1,W,5,N
90,334.65,523.74,1,W,5,N
145,320.13,524.04,1,E,5,N
146,400.33,524.29,1,E,5,N
150,417.18,541.07,1,E,3,W
197,491.66,553.43,3,W,5,N
245,514.58,565.94,5,W,5,N
246,518.67,566.24,5,W,5,N
247,537.84,566.54,5,W,5,N
248,538.42,566.84,5,W,5,N
249,539.08,567.14,5,W,5,N
279,552.34,579.94,5,E,5,N
280,567.46,580.24,5,E,5,N
281,585.61,591.75,5,E,5,N
206,424.78,599.70,3,E,5,W
23,387.65,600.00,1,S,5,W
30,406.24,600.30,1,S,5,W
33,410.88,600.60,1,S,5,W
95,428.02,600.90,1,W,5,W
98,438.65,601.20,1,W,5,W
149,411.84,601.50,1,E,5,W
34,509.12,602.70,1,S,1,W
36,513.08,603.00,1,S,1,W
38,524.93,603.30,1,S,1,W
24,388.48,621.84,1,S,5,N
29,402.43,622.14,1,S,5,N
174,404.59,622.44,2,W,5,N
185,476.37,622.74,2,E,5,N
175,424.75,623.04,2,W,5,N
91,375.50,623.34,1,W,5,N
92,379.06,623.64,1,W,5,N
93,385.76,623.94,1,W,5,N
94,388.86,624.24,1,W,5,N
96,431.23,624.54,1,W,5,N
97,435.14,624.84,1,W,5,N
99,443.89,625.14,1,W,5,N
147,405.06,625.44,1,E,5,N
148,407.98,625.74,1,E,5,N
151,455.23,626.04,1,E,5,N
152,466.54,626.34,1,E,5,N
207,509.83,630.27,3,E,5,N
42,621.65,635.78,1,S,1,E
43,624.78,638.92,1,S,1,E
106,504.34,639.37,1,W,3,W
108,549.05,639.97,1,W,3,W
250,594.04,665.84,5,W,5,N
251,660.78,666.92,5,W,5,N
252,664.39,670.53,5,W,5,N
253,665.82,671.96,5,W,5,N
254,666.80,672.94,5,W,5,N
282,603.08,679.84,5,E,5,N
283,659.64,680.14,5,E,5,N
284,661.20,680.44,5,E,5,N
101,470.01,699.60,1,W,5,W
105,501.84,699.90,1,W,5,W
153,512.84,700.20,1,E,5,W
39,617.12,703.10,1,S,1,W
41,618.77,703.40,1,S,1,W
176,580.41,715.90,2,W,5,E
186,514.17,721.74,2,E,5,N
187,598.11,722.34,2,E,5,N
35,510.26,722.64,1,S,5,N
37,515.73,722.94,1,S,5,N
100,467.98,723.24,1,W,5,N
102,470.98,723.54,1,W,5,N
103,473.01,723.84,1,W,5,N
104,494.55,724.14,1,W,5,N
107,506.64,724.44,1,W,5,N
154,521.70,724.74,1,E,5,N
208,627.56,730.07,3,E,5,N
200,665.25,730.67,3,W,5,N
118,653.27,740.07,1,W,3,E
255,687.25,765.74,5,W,5,N
256,688.75,766.04,5,W,5,N
257,741.48,766.34,5,W,5,N
258,744.70,766.64,5,W,5,N
285,709.39,779.74,5,E,5,N
286,719.41,780.04,5,E,5,N
287,724.62,780.34,5,E,5,N
198,624.86,799.50,3,W,5,W
199,663.87,799.80,3,W,5,W
111,575.34,800.10,1,W,5,W
112,578.99,800.40,1,W,5,W
115,644.35,800.70,1,W,5,W
119,655.51,801.00,1,W,5,W
120,658.01,801.30,1,W,5,W
156,645.01,801.60,1,E,5,W
47,700.25,803.50,1,S,1,W
40,618.69,815.80,1,S,5,E
48,773.35,816.30,1,S,1,E
113,582.36,816.70,1,W,5,E
188,680.03,821.64,2,E,5,N
109,570.57,822.24,1,W,5,N
110,572.60,822.54,1,W,5,N
114,611.95,823.14,1,W,5,N
116,646.50,823.44,1,W,5,N
117,649.26,823.74,1,W,5,N
121,660.90,824.04,1,W,5,N
155,617.02,824.34,1,E,5,N
157,647.60,824.64,1,E,5,N
158,651.81,824.94,1,E,5,N
159,682.89,825.24,1,E,5,N
209,744.19,829.87,3,E,5,N
210,762.24,830.17,3,E,5,N
211,773.61,835.38,3,E,5,N
213,794.49,856.26,3,E,5,N
259,783.37,865.64,5,W,5,N
260,786.55,865.94,5,W,5,N
261,813.15,866.24,5,W,5,N
262,816.90,866.54,5,W,5,N
263,819.26,866.84,5,W,5,N
264,833.31,867.14,5,W,5,N
265,871.44,877.58,5,W,5,N
266,871.57,877.70,5,W,5,N
288,872.71,879.64,5,E,5,N
212,791.61,899.40,3,E,5,W
44,692.47,899.70,1,S,5,W
177,748.33,900.00,2,W,5,W
162,780.47,900.30,1,E,5,W
128,859.14,902.40,1,W,2,W
60,882.58,903.90,1,S,1,W
63,886.96,904.20,1,S,1,W
178,824.48,913.37,2,W,3,E
122,700.04,916.60,1,W,5,E
51,843.43,917.30,1,S,1,E
45,695.81,921.54,1,S,5,N
46,696.36,921.84,1,S,5,N
189,718.08,922.14,2,E,5,N
190,758.52,922.44,2,E,5,N
123,721.41,923.04,1,W,5,N
160,726.93,923.34,1,E,5,N
161,748.70,923.64,1,E,5,N
201,810.77,929.67,3,W,5,N
214,827.83,929.67,3,E,5,N
164,824.54,939.07,1,E,3,W
215,897.10,952.73,3,E,5,E
267,898.94,965.54,5,W,5,N
50,842.22,998.60,1,S,3,W
58,877.44,1000.70,1,S,3,W
62,886.05,1001.90,1,S,2,W
191,853.93,1021.44,2,E,5,N
179,847.98,1021.74,2,W,5,N
124,772.68,1022.04,1,W,5,N
125,775.43,1022.34,1,W,5,N
126,787.75,1022.64,1,W,5,N
127,825.76,1022.94,1,W,5,N
163,819.17,1023.24,1,E,5,N
59,881.44,1037.37,1,S,3,W
52,846.02,1099.20,1,S,5,W
56,867.69,1099.50,1,S,5,W
57,876.13,1099.80,1,S,5,W
66,898.01,1100.10,1,S,5,W
130,895.25,1100.40,1,W,5,W
55,864.18,1116.10,1,S,5,E
131,899.20,1117.90,1,W,5,E
49,842.04,1121.34,1,S,5,N
53,848.85,1121.64,1,S,5,N
54,849.99,1121.94,1,S,5,N
61,883.14,1122.54,1,S,5,N
64,890.65,1122.84,1,S,5,N
65,897.40,1123.14,1,S,5,N
67,898.74,1123.44,1,S,5,N
129,892.39,1123.74,1,W,5,N