id,enter_time,exit_time,entrance_intersection,entrance_direction,exit_intersection,exit_direction
265,2.41,66.44,5,W,5,N
266,29.68,66.74,5,W,5,N
267,30.42,67.04,5,W,5,N
268,35.41,67.34,5,W,5,N
269,54.00,67.64,5,W,5,N
322,14.51,80.44,5,E,5,N
323,28.19,80.74,5,E,5,N
324,80.08,86.22,5,E,5,N
243,49.63,131.27,3,W,5,N
173,11.46,138.27,1,E,3,W
270,84.53,166.34,5,W,5,N
271,88.21,166.64,5,W,5,N
272,97.32,166.94,5,W,5,N
273,102.67,167.24,5,W,5,N
274,102.87,167.54,5,W,5,N
275,106.87,167.84,5,W,5,N
276,109.73,168.14,5,W,5,N
325,171.22,180.34,5,E,5,N
326,173.81,180.64,5,E,5,N
256,63.60,200.10,3,E,5,W
244,50.62,200.40,3,W,5,W
231,25.91,200.70,2,E,5,W
88,6.91,201.00,1,W,5,W
3,101.72,201.10,1,S,1,W
90,39.79,201.30,1,W,5,W
91,41.85,201.60,1,W,5,W
92,43.52,201.90,1,W,5,W
93,46.51,202.20,1,W,5,W
175,35.44,202.50,1,E,5,W
5,166.68,213.90,1,S,1,E
174,31.55,216.70,1,E,5,E
214,68.54,222.24,2,W,5,N
89,13.82,222.54,1,W,5,N
176,40.92,223.14,1,E,5,N
177,72.93,223.44,1,E,5,N
178,86.17,223.74,1,E,5,N
257,159.39,231.07,3,E,5,N
98,134.23,237.77,1,W,3,E
6,169.59,240.32,1,S,2,W
247,190.77,252.54,3,W,5,N
277,187.34,266.24,5,W,5,N
278,205.32,266.54,5,W,5,N
279,210.20,266.84,5,W,5,N
280,270.43,276.56,5,W,5,N
281,272.48,278.61,5,W,5,N
327,257.94,280.24,5,E,5,N
245,161.73,300.00,3,W,5,W
246,181.30,300.30,3,W,5,W
216,172.48,300.60,2,W,5,W
95,118.04,300.90,1,W,5,W
97,131.66,301.20,1,W,5,W
99,138.11,301.50,1,W,5,W
179,108.13,301.80,1,E,5,W
181,163.38,302.10,1,E,5,W
182,174.63,302.40,1,E,5,W
10,266.79,314.60,1,S,1,E
0,93.09,322.14,1,S,5,N
1,96.85,322.44,1,S,5,N
2,98.31,322.74,1,S,5,N
4,104.16,323.04,1,S,5,N
215,143.82,323.34,2,W,5,N
232,122.36,323.64,2,E,5,N
94,74.17,323.94,1,W,5,N
96,130.98,324.24,1,W,5,N
100,141.94,324.54,1,W,5,N
180,146.69,324.84,1,E,5,N
183,193.07,325.14,1,E,5,N
12,314.74,328.88,1,S,1,E
105,214.99,337.87,1,W,3,W
23,330.40,344.54,1,S,1,E
282,276.04,366.14,5,W,5,N
283,294.32,366.44,5,W,5,N
284,347.94,366.74,5,W,5,N
285,368.00,374.14,5,W,5,N
286,370.20,376.34,5,W,5,N
287,372.99,379.13,5,W,5,N
328,317.40,380.14,5,E,5,N
329,333.19,380.44,5,E,5,N
258,243.82,399.90,3,E,5,W
7,173.09,400.20,1,S,5,W
217,214.26,400.50,2,W,5,W
234,291.41,400.80,2,E,5,W
102,174.65,401.10,1,W,5,W
184,216.23,401.40,1,E,5,W
187,265.70,401.70,1,E,5,W
11,312.50,401.90,1,S,1,W
15,322.83,402.20,1,S,1,W
20,327.57,402.50,1,S,1,W
25,342.76,402.80,1,S,1,W
24,331.30,403.10,1,S,2,W
101,173.59,416.50,1,W,5,E
8,174.67,422.04,1,S,5,N
233,218.23,422.34,2,E,5,N
103,178.07,422.94,1,W,5,N
104,188.98,423.24,1,W,5,N
106,217.15,423.54,1,W,5,N
185,237.03,423.84,1,E,5,N
186,258.19,424.14,1,E,5,N
249,360.29,424.83,3,W,5,E
248,328.37,430.67,3,W,5,N
259,332.28,430.67,3,E,5,N
288,404.35,466.04,5,W,5,N
289,408.21,466.34,5,W,5,N
290,410.47,466.64,5,W,5,N
291,416.09,466.94,5,W,5,N
292,421.88,467.24,5,W,5,N
293,422.25,467.54,5,W,5,N
294,424.54,467.84,5,W,5,N
295,445.12,468.14,5,W,5,N
296,448.22,468.44,5,W,5,N
297,451.49,468.74,5,W,5,N
298,453.59,469.04,5,W,5,N
299,454.14,469.34,5,W,5,N
330,429.76,480.04,5,E,5,N
331,430.03,480.34,5,E,5,N
332,442.53,480.64,5,E,5,N
333,464.80,480.94,5,E,5,N
9,265.42,499.80,1,S,5,W
235,391.15,500.10,2,E,5,W
14,316.10,500.40,1,S,5,W
17,325.01,500.70,1,S,5,W
21,328.16,501.00,1,S,5,W
109,280.97,501.30,1,W,5,W
110,301.38,501.60,1,W,5,W
111,303.19,501.90,1,W,5,W
113,351.79,502.20,1,W,5,W
27,434.54,502.30,1,S,1,W
191,377.25,502.50,1,E,5,W
30,445.84,502.60,1,S,1,W
218,381.67,521.94,2,W,5,N
13,314.93,522.24,1,S,5,N
16,323.65,522.54,1,S,5,N
18,325.33,522.84,1,S,5,N
19,326.91,523.14,1,S,5,N
22,329.66,523.44,1,S,5,N
107,267.24,523.74,1,W,5,N
108,274.14,524.04,1,W,5,N
112,319.21,524.34,1,W,5,N
188,344.56,524.64,1,E,5,N
189,360.09,524.94,1,E,5,N
190,374.64,525.24,1,E,5,N
260,448.56,530.47,3,E,5,N
220,495.52,531.60,2,W,3,E
114,375.93,536.87,1,W,3,W
120,434.64,538.67,1,W,3,E
29,445.73,541.52,1,S,2,W
250,490.05,551.82,3,W,5,N
251,496.40,558.17,3,W,5,N
300,533.85,565.94,5,W,5,N
301,534.31,566.24,5,W,5,N
302,536.73,566.54,5,W,5,N
303,539.91,566.84,5,W,5,N
334,544.85,579.94,5,E,5,N
219,440.23,599.70,2,W,5,W
116,380.89,600.00,1,W,5,W
119,428.29,600.30,1,W,5,W
121,453.32,600.60,1,W,5,W
122,455.73,600.90,1,W,5,W
34,520.19,601.50,1,S,2,E
32,518.26,602.70,1,S,1,W
35,521.41,603.00,1,S,1,W
42,606.19,620.33,1,S,1,E
26,345.04,621.84,1,S,5,N
236,471.24,622.14,2,E,5,N
115,378.18,622.44,1,W,5,N
117,413.47,622.74,1,W,5,N
118,424.13,623.04,1,W,5,N
192,457.58,623.34,1,E,5,N
193,462.27,623.64,1,E,5,N
261,524.21,624.13,3,E,5,E
36,525.32,637.87,1,S,3,E
123,488.12,638.17,1,W,3,E
304,594.14,665.84,5,W,5,N
335,679.54,685.68,5,E,5,N
336,682.44,688.58,5,E,5,N
237,567.01,699.60,2,E,5,W
31,515.36,699.90,1,S,5,W
41,602.28,700.10,1,S,3,E
125,524.71,700.20,1,W,5,W
127,529.95,700.50,1,W,5,W
194,577.36,700.80,1,E,5,W
47,621.09,702.20,1,S,2,W
140,637.58,706.10,1,W,2,W
198,608.29,707.00,1,E,2,W
51,697.70,711.84,1,S,1,W
126,525.14,716.50,1,W,5,E
128,532.70,716.80,1,W,5,E
28,440.38,721.74,1,S,5,N
33,519.24,722.04,1,S,5,N
124,521.48,722.34,1,W,5,N
129,560.17,723.24,1,W,5,N
195,583.72,723.54,1,E,5,N
196,588.67,723.84,1,E,5,N
197,597.08,724.14,1,E,5,N
262,622.42,730.07,3,E,5,N
43,610.02,737.07,1,S,3,E
61,729.72,743.85,1,S,1,E
305,673.75,765.74,5,W,5,N
306,676.19,766.04,5,W,5,N
307,732.54,766.34,5,W,5,N
308,736.13,766.64,5,W,5,N
309,741.68,766.94,5,W,5,N
310,742.84,767.24,5,W,5,N
311,764.59,770.72,5,W,5,N
337,716.78,779.74,5,E,5,N
338,729.86,780.04,5,E,5,N
252,614.31,799.50,3,W,5,W
38,599.55,799.80,1,S,5,W
39,601.19,800.10,1,S,5,W
48,622.64,800.40,1,S,5,W
130,574.98,800.70,1,W,5,W
133,582.09,801.00,1,W,5,W
134,584.64,801.30,1,W,5,W
56,711.65,801.40,1,S,2,E
136,621.31,801.60,1,W,5,W
139,634.39,801.90,1,W,5,W
141,651.25,802.20,1,W,5,W
199,618.37,802.50,1,E,5,W
62,734.92,802.60,1,S,2,W
55,710.22,803.50,1,S,1,W
59,722.91,803.80,1,S,1,W
63,736.62,804.10,1,S,1,W
221,678.51,816.70,2,W,5,E
37,595.61,821.64,1,S,5,N
40,601.93,821.94,1,S,5,N
238,629.88,822.24,2,E,5,N
239,665.29,822.54,2,E,5,N
44,612.95,823.14,1,S,5,N
45,618.80,823.44,1,S,5,N
46,620.05,823.74,1,S,5,N
49,623.02,824.04,1,S,5,N
131,578.53,824.34,1,W,5,N
65,810.22,824.36,1,S,1,E
132,578.59,824.64,1,W,5,N
135,600.53,824.94,1,W,5,N
137,624.34,825.24,1,W,5,N
138,627.83,825.54,1,W,5,N
142,653.31,825.84,1,W,5,N
200,677.72,826.14,1,E,5,N
201,686.28,826.44,1,E,5,N
253,741.59,829.87,3,W,5,N
254,749.62,830.17,3,W,5,N
60,728.04,838.37,1,S,3,E
153,724.58,841.97,1,W,3,E
71,839.47,853.60,1,S,1,E
312,780.46,865.64,5,W,5,N
313,783.81,865.94,5,W,5,N
314,784.26,866.24,5,W,5,N
315,817.82,866.54,5,W,5,N
316,821.50,866.84,5,W,5,N
317,823.79,867.14,5,W,5,N
318,854.79,867.44,5,W,5,N
319,856.19,867.74,5,W,5,N
339,834.63,879.64,5,E,5,N
340,844.12,879.94,5,E,5,N
341,845.66,880.24,5,E,5,N
342,862.62,880.54,5,E,5,N
343,877.01,883.14,5,E,5,N
263,739.14,899.40,3,E,5,W
53,702.80,899.70,1,S,5,W
240,735.74,900.00,2,E,5,W
227,780.16,900.30,2,W,5,W
57,718.40,900.60,1,S,5,W
143,685.99,900.90,1,W,5,W
147,711.50,901.20,1,W,5,W
152,723.59,901.50,1,W,5,W
203,711.88,901.80,1,E,5,W
68,817.74,901.80,1,S,2,E
204,713.27,902.10,1,E,5,W
344,895.99,902.12,5,E,5,N
206,777.37,902.40,1,E,5,W
67,814.15,903.90,1,S,1,W
73,843.50,904.20,1,S,1,W
78,855.08,904.50,1,S,1,W
72,841.47,916.70,1,S,1,E
77,852.51,917.90,1,S,1,E
50,691.89,921.54,1,S,5,N
52,701.47,921.84,1,S,5,N
222,704.69,922.14,2,W,5,N
223,724.89,922.44,2,W,5,N
224,747.36,922.74,2,W,5,N
225,752.73,923.04,2,W,5,N
226,755.35,923.34,2,W,5,N
54,710.22,923.64,1,S,5,N
58,719.41,923.94,1,S,5,N
144,686.66,924.24,1,W,5,N
145,701.33,924.54,1,W,5,N
146,707.76,924.84,1,W,5,N
148,713.97,925.14,1,W,5,N
149,717.12,925.44,1,W,5,N
150,719.79,925.74,1,W,5,N
151,723.59,926.04,1,W,5,N
154,727.87,926.34,1,W,5,N
155,763.56,926.64,1,W,5,N
156,766.04,926.94,1,W,5,N
202,709.00,927.24,1,E,5,N
205,713.85,927.54,1,E,5,N
264,816.18,929.67,3,E,5,N
255,875.02,936.79,3,W,5,N
159,785.03,939.37,1,W,3,W
161,803.94,939.97,1,W,3,E
80,859.71,944.62,1,S,2,W
320,891.49,965.54,5,W,5,N
321,896.67,965.84,5,W,5,N
207,797.69,999.30,1,E,5,W
208,802.81,999.60,1,E,5,W
241,828.62,999.90,2,E,5,W
242,851.34,1000.20,2,E,5,W
230,894.79,1000.50,2,W,5,W
160,787.22,1000.80,1,W,5,W
166,864.62,1001.10,1,W,5,W
70,831.82,1016.80,1,S,5,E
157,768.87,1017.10,1,W,5,E
228,806.91,1021.44,2,W,5,N
229,877.63,1021.74,2,W,5,N
64,806.30,1022.04,1,S,5,N
66,811.96,1022.34,1,S,5,N
69,829.64,1022.64,1,S,5,N
158,782.08,1023.54,1,W,5,N
162,837.48,1023.84,1,W,5,N
163,857.39,1024.14,1,W,5,N
164,859.58,1024.44,1,W,5,N
165,861.66,1024.74,1,W,5,N
209,806.17,1025.04,1,E,5,N
210,850.76,1025.34,1,E,5,N
211,856.45,1025.64,1,E,5,N
212,860.98,1025.94,1,E,5,N
213,867.35,1026.24,1,E,5,N
74,846.69,1099.20,1,S,5,W
79,857.15,1099.50,1,S,5,W
82,863.05,1099.80,1,S,5,W
83,864.85,1100.10,1,S,5,W
86,871.29,1100.40,1,S,5,W
167,868.16,1100.70,1,W,5,W
170,877.37,1101.00,1,W,5,W
75,847.35,1121.34,1,S,5,N
76,851.22,1121.64,1,S,5,N
81,862.95,1121.94,1,S,5,N
84,866.71,1122.24,1,S,5,N
85,868.88,1122.54,1,S,5,N
87,874.11,1122.84,1,S,5,N
168,871.66,1123.14,1,W,5,N
169,872.53,1123.44,1,W,5,N
171,879.64,1123.74,1,W,5,N
172,899.49,1124.04,1,W,5,N