id,enter_time,exit_time,entrance_intersection,entrance_direction,exit_intersection,exit_direction
312,11.15,80.44,5,E,5,N
8,39.00,113.50,1,S,1,E
200,81.89,117.97,2,W,3,E
237,62.65,131.27,3,E,5,N
238,66.32,131.57,3,E,5,N
239,69.38,131.87,3,E,5,N
240,71.60,133.37,3,E,5,N
0,15.56,136.47,1,S,3,W
5,28.32,137.97,1,S,3,W
100,4.95,139.17,1,W,3,E
259,77.67,166.34,5,W,5,N
260,79.17,166.64,5,W,5,N
261,113.66,166.94,5,W,5,N
262,140.57,167.24,5,W,5,N
263,165.08,171.21,5,W,5,N
313,148.24,180.34,5,E,5,N
314,150.24,180.64,5,E,5,N
315,176.79,182.93,5,E,5,N
212,96.01,200.10,2,E,5,W
4,26.02,200.40,1,S,5,W
6,30.37,200.70,1,S,5,W
7,34.18,201.00,1,S,5,W
9,98.18,201.10,1,S,1,W
160,13.03,201.30,1,E,5,W
13,160.07,201.40,1,S,1,W
161,31.37,201.60,1,E,5,W
14,162.04,201.70,1,S,1,W
106,106.40,201.70,1,W,2,W
162,34.60,201.90,1,E,5,W
21,183.74,202.00,1,S,1,W
163,36.33,202.20,1,E,5,W
165,80.13,202.50,1,E,5,W
24,194.09,208.22,1,S,1,W
12,159.70,214.50,1,S,1,E
20,180.33,216.30,1,S,1,E
25,202.59,217.20,1,S,1,E
198,23.05,222.24,2,W,5,N
199,72.70,222.54,2,W,5,N
1,19.35,222.84,1,S,5,N
2,22.36,223.14,1,S,5,N
3,25.48,223.44,1,S,5,N
99,2.58,223.74,1,W,5,N
101,56.75,224.04,1,W,5,N
164,65.46,224.34,1,E,5,N
224,130.99,231.07,3,W,5,N
109,149.35,238.67,1,W,3,W
22,187.79,242.72,1,S,2,W
242,190.42,252.19,3,E,5,N
243,193.39,255.16,3,E,5,N
264,180.78,266.24,5,W,5,N
265,181.39,266.54,5,W,5,N
266,186.70,266.84,5,W,5,N
267,206.34,267.14,5,W,5,N
268,210.29,267.44,5,W,5,N
269,215.92,267.74,5,W,5,N
270,249.82,268.04,5,W,5,N
271,266.09,272.22,5,W,5,N
316,284.89,291.02,5,E,5,N
241,187.98,300.00,3,E,5,W
213,195.29,300.30,2,E,5,W
103,80.81,300.60,1,W,5,W
105,104.08,300.90,1,W,5,W
108,146.26,301.20,1,W,5,W
29,212.56,301.50,1,S,2,W
33,230.13,301.50,1,S,1,W
166,151.41,301.50,1,E,5,W
32,227.58,302.40,1,S,2,E
167,186.83,304.66,1,E,5,W
107,107.11,317.20,1,W,5,E
201,161.32,322.14,2,W,5,N
202,168.85,322.44,2,W,5,N
102,77.57,322.74,1,W,5,N
104,101.77,323.04,1,W,5,N
168,189.49,323.64,1,E,5,N
225,255.98,330.87,3,W,5,N
36,236.08,339.37,1,S,3,E
245,280.06,341.83,3,E,5,N
226,280.21,341.98,3,W,5,N
272,303.89,366.14,5,W,5,N
273,362.14,368.27,5,W,5,N
274,364.47,370.60,5,W,5,N
275,365.18,371.31,5,W,5,N
276,369.66,375.80,5,W,5,N
277,372.44,378.58,5,W,5,N
244,266.25,399.90,3,E,5,W
10,154.15,400.20,1,S,5,W
16,166.74,400.50,1,S,5,W
18,171.27,400.80,1,S,5,W
214,291.65,401.10,2,E,5,W
26,205.27,401.40,1,S,5,W
28,208.86,401.70,1,S,5,W
38,314.87,401.90,1,S,1,W
31,219.23,402.00,1,S,5,W
44,338.69,402.20,1,S,1,W
35,234.63,402.30,1,S,5,W
60,384.01,402.50,1,S,1,W
110,191.28,402.60,1,W,5,W
63,386.03,402.80,1,S,1,W
116,208.81,402.90,1,W,5,W
121,333.27,403.10,1,W,2,W
215,357.38,412.87,2,E,3,E
51,362.92,416.50,1,S,1,E
30,216.47,417.70,1,S,5,E
11,157.28,422.04,1,S,5,N
15,163.62,422.34,1,S,5,N
17,168.34,422.64,1,S,5,N
19,176.74,422.94,1,S,5,N
23,190.10,423.24,1,S,5,N
27,208.00,423.54,1,S,5,N
34,231.44,424.14,1,S,5,N
111,194.40,424.44,1,W,5,N
112,197.83,424.74,1,W,5,N
204,388.70,424.77,2,W,3,E
113,200.60,425.04,1,W,5,N
114,201.39,425.34,1,W,5,N
115,204.96,425.64,1,W,5,N
117,214.18,425.94,1,W,5,N
118,233.83,426.24,1,W,5,N
169,257.44,426.54,1,E,5,N
227,305.56,430.67,3,W,5,N
37,310.91,436.77,1,S,3,W
41,333.94,437.67,1,S,3,W
45,343.26,440.82,1,S,2,W
247,388.93,450.70,3,E,5,N
278,378.00,466.04,5,W,5,N
279,381.90,466.34,5,W,5,N
280,394.97,466.64,5,W,5,N
281,413.93,466.94,5,W,5,N
282,415.93,467.24,5,W,5,N
283,436.50,467.54,5,W,5,N
284,439.76,467.84,5,W,5,N
285,442.53,468.14,5,W,5,N
286,464.03,470.17,5,W,5,N
317,433.12,480.04,5,E,5,N
170,298.92,499.80,1,E,5,W
246,313.27,500.10,3,E,5,W
203,359.04,500.40,2,W,5,W
120,291.45,500.70,1,W,5,W
171,305.08,501.00,1,E,5,W
123,367.33,502.00,1,W,2,W
66,440.61,502.30,1,S,1,W
68,445.58,502.60,1,S,1,W
70,451.22,502.90,1,S,1,W
206,408.66,513.27,2,W,3,E
74,499.82,516.60,1,S,1,E
119,284.25,517.00,1,W,5,E
75,503.54,517.68,1,S,1,E
39,319.54,521.94,1,S,5,N
40,319.60,522.24,1,S,5,N
42,335.31,522.54,1,S,5,N
43,337.66,522.84,1,S,5,N
122,364.77,523.44,1,W,5,N
172,366.04,523.74,1,E,5,N
173,376.52,524.04,1,E,5,N
248,474.22,529.86,3,E,5,E
126,434.89,538.97,1,W,3,E
71,453.54,541.82,1,S,2,W
230,484.47,546.24,3,W,5,N
287,478.93,565.94,5,W,5,N
288,552.21,566.24,5,W,5,N
318,523.62,579.94,5,E,5,N
319,583.12,589.25,5,E,5,N
228,439.07,599.70,3,W,5,W
229,446.87,600.00,3,W,5,W
47,351.90,600.30,1,S,5,W
48,355.52,600.60,1,S,5,W
50,360.46,600.90,1,S,5,W
54,374.12,601.20,1,S,5,W
56,378.41,601.50,1,S,5,W
61,385.27,601.80,1,S,5,W
127,438.00,602.10,1,W,5,W
134,525.04,602.10,1,W,2,W
46,348.19,615.70,1,S,5,E
49,358.01,622.14,1,S,5,N
52,365.45,622.44,1,S,5,N
53,366.71,622.74,1,S,5,N
55,377.12,623.04,1,S,5,N
57,379.37,623.34,1,S,5,N
58,379.92,623.64,1,S,5,N
59,381.31,623.94,1,S,5,N
205,407.92,624.24,2,W,5,N
250,539.83,624.43,3,E,5,E
216,452.57,624.54,2,E,5,N
217,476.73,624.84,2,E,5,N
207,455.88,625.14,2,W,5,N
62,385.64,625.44,1,S,5,N
64,388.48,625.74,1,S,5,N
65,389.66,626.04,1,S,5,N
124,395.29,626.34,1,W,5,N
125,421.43,626.64,1,W,5,N
128,442.04,626.94,1,W,5,N
129,455.56,627.24,1,W,5,N
174,489.07,627.54,1,E,5,N
231,518.49,630.27,3,W,5,N
251,568.30,630.87,3,E,5,N
289,620.47,665.84,5,W,5,N
290,621.39,666.14,5,W,5,N
291,624.27,666.44,5,W,5,N
292,627.02,666.74,5,W,5,N
293,655.31,667.04,5,W,5,N
294,659.78,667.34,5,W,5,N
249,537.18,699.60,3,E,5,W
252,587.60,699.90,3,E,5,W
72,455.79,700.20,1,S,5,W
73,455.98,700.50,1,S,5,W
178,562.02,700.80,1,E,5,W
180,571.59,701.10,1,E,5,W
181,581.33,701.40,1,E,5,W
182,583.44,701.70,1,E,5,W
219,626.18,713.17,2,E,3,W
67,442.08,715.60,1,S,5,E
135,566.13,717.70,1,W,5,E
69,447.40,722.04,1,S,5,N
218,545.93,722.34,2,E,5,N
130,488.27,722.64,1,W,5,N
131,492.06,722.94,1,W,5,N
132,519.06,723.24,1,W,5,N
133,521.23,723.54,1,W,5,N
175,528.04,724.14,1,E,5,N
176,537.03,724.44,1,E,5,N
177,557.74,724.74,1,E,5,N
179,566.35,725.04,1,E,5,N
232,637.87,730.07,3,W,5,N
233,667.59,730.37,3,W,5,N
253,673.53,735.30,3,E,5,N
138,632.01,737.67,1,W,3,E
143,648.62,739.17,1,W,3,W
295,681.23,765.74,5,W,5,N
296,684.44,766.04,5,W,5,N
297,697.69,766.34,5,W,5,N
298,746.49,766.64,5,W,5,N
299,751.84,766.94,5,W,5,N
300,754.48,767.24,5,W,5,N
301,760.00,767.54,5,W,5,N
302,763.31,769.44,5,W,5,N
320,729.30,779.74,5,E,5,N
77,597.50,799.50,1,S,5,W
78,597.95,799.80,1,S,5,W
208,655.34,800.10,2,W,5,W
137,599.87,800.40,1,W,5,W
139,635.49,800.70,1,W,5,W
140,639.26,801.00,1,W,5,W
145,700.33,801.40,1,W,2,W
189,684.30,802.12,1,E,5,W
88,775.19,803.50,1,S,1,W
91,790.27,804.41,1,S,1,W
92,791.00,805.14,1,S,1,W
185,628.79,817.90,1,E,5,E
76,596.46,821.64,1,S,5,N
79,601.41,821.94,1,S,5,N
220,653.83,822.24,2,E,5,N
136,567.21,822.54,1,W,5,N
141,642.77,822.84,1,W,5,N
142,645.91,823.14,1,W,5,N
183,603.17,823.44,1,E,5,N
184,625.75,823.74,1,E,5,N
186,644.38,824.34,1,E,5,N
187,652.51,824.64,1,E,5,N
188,663.53,824.94,1,E,5,N
234,701.83,829.87,3,W,5,N
235,754.23,830.17,3,W,5,N
90,779.61,844.22,1,S,2,W
194,792.11,854.29,1,E,3,E
303,784.49,865.64,5,W,5,N
304,788.95,865.94,5,W,5,N
305,790.87,866.24,5,W,5,N
306,808.75,866.54,5,W,5,N
307,809.05,866.84,5,W,5,N
308,812.88,867.14,5,W,5,N
309,814.98,867.44,5,W,5,N
321,820.35,879.64,5,E,5,N
322,830.71,879.94,5,E,5,N
323,843.53,880.24,5,E,5,N
254,788.04,899.40,3,E,5,W
81,667.75,899.70,1,S,5,W
146,704.79,900.00,1,W,5,W
157,864.55,903.60,1,W,2,E
196,849.09,904.20,1,E,2,W
144,681.66,916.30,1,W,5,E
148,760.43,916.90,1,W,5,E
193,786.25,918.10,1,E,5,E
80,664.13,921.54,1,S,5,N
82,682.43,921.84,1,S,5,N
221,746.90,922.14,2,E,5,N
147,727.40,922.74,1,W,5,N
190,704.15,923.34,1,E,5,N
255,801.18,923.53,3,E,5,E
191,721.74,923.64,1,E,5,N
192,760.88,923.94,1,E,5,N
236,856.76,929.67,3,W,5,N
256,804.22,929.97,3,E,5,N
195,838.42,939.97,1,E,3,E
310,876.30,965.54,5,W,5,N
311,891.33,965.84,5,W,5,N
257,888.04,999.30,3,E,5,W
87,773.08,999.60,1,S,5,W
93,792.26,999.90,1,S,5,W
209,818.99,1000.20,2,W,5,W
155,858.25,1000.50,1,W,5,W
197,859.72,1000.80,1,E,5,W
86,770.22,1016.50,1,S,5,E
211,888.14,1018.00,2,W,5,E
258,898.11,1021.44,3,E,5,N
83,762.81,1021.74,1,S,5,N
84,765.58,1022.04,1,S,5,N
85,766.95,1022.34,1,S,5,N
89,775.85,1022.94,1,S,5,N
222,835.08,1023.24,2,E,5,N
223,875.36,1023.54,2,E,5,N
210,869.16,1023.84,2,W,5,N
149,793.92,1024.44,1,W,5,N
150,795.02,1024.74,1,W,5,N
151,811.79,1025.04,1,W,5,N
152,844.30,1025.34,1,W,5,N
153,844.70,1025.64,1,W,5,N
154,854.86,1025.94,1,W,5,N
156,860.84,1026.24,1,W,5,N
94,864.26,1099.20,1,S,5,W
96,873.34,1099.50,1,S,5,W
97,877.22,1099.80,1,S,5,W
159,891.87,1100.10,1,W,5,W
95,866.17,1121.34,1,S,5,N
98,877.27,1121.64,1,S,5,N
158,872.03,1121.94,1,W,5,N