id,enter_time,exit_time,entrance_intersection,entrance_direction,exit_intersection,exit_direction
22,35.14,49.28,1,S,1,E
276,2.53,66.44,5,W,5,N
277,33.18,66.74,5,W,5,N
278,37.17,67.04,5,W,5,N
279,38.82,67.34,5,W,5,N
280,42.26,67.64,5,W,5,N
345,11.34,80.44,5,E,5,N
8,15.37,100.70,1,S,1,W
13,21.00,101.00,1,S,1,W
14,23.59,101.30,1,S,1,W
17,27.61,101.60,1,S,1,W
18,28.76,101.90,1,S,1,W
30,53.00,102.20,1,S,1,W
10,18.57,102.20,1,S,2,W
16,26.12,103.40,1,S,2,W
125,52.28,105.20,1,W,2,W
258,2.59,131.27,3,E,5,N
15,24.49,139.17,1,S,3,E
261,82.81,144.58,3,E,5,N
281,100.11,166.34,5,W,5,N
282,104.39,166.64,5,W,5,N
283,125.91,166.94,5,W,5,N
284,127.62,167.24,5,W,5,N
285,167.40,173.54,5,W,5,N
286,169.92,176.05,5,W,5,N
346,110.78,180.34,5,E,5,N
259,5.98,200.10,3,E,5,W
260,79.29,200.40,3,E,5,W
213,83.65,200.70,2,W,5,W
4,5.81,201.00,1,S,5,W
39,151.86,201.10,1,S,1,W
5,7.00,201.30,1,S,5,W
51,185.27,201.40,1,S,1,W
11,19.48,201.60,1,S,5,W
19,31.77,201.90,1,S,5,W
123,21.75,202.20,1,W,5,W
126,53.29,202.50,1,W,5,W
231,175.25,212.97,2,E,3,E
229,34.32,217.30,2,E,5,E
47,167.42,218.10,1,S,1,E
20,32.42,219.10,1,S,5,E
0,0.49,222.24,1,S,5,N
1,1.81,222.54,1,S,5,N
2,2.08,222.84,1,S,5,N
212,26.18,223.14,2,W,5,N
3,5.74,223.74,1,S,5,N
6,8.84,224.04,1,S,5,N
7,12.71,224.34,1,S,5,N
9,17.52,224.64,1,S,5,N
12,20.23,224.94,1,S,5,N
21,34.90,225.54,1,S,5,N
124,23.49,225.84,1,W,5,N
172,33.18,226.14,1,E,5,N
173,38.96,226.44,1,E,5,N
174,58.81,226.74,1,E,5,N
64,214.56,228.70,1,S,1,E
243,147.75,231.37,3,W,5,N
132,124.27,238.37,1,W,3,E
136,151.91,239.57,1,W,3,E
287,186.34,266.24,5,W,5,N
288,221.80,266.54,5,W,5,N
289,224.08,266.84,5,W,5,N
290,225.66,267.14,5,W,5,N
291,228.94,267.44,5,W,5,N
292,253.61,267.74,5,W,5,N
293,256.97,268.04,5,W,5,N
294,262.74,268.88,5,W,5,N
347,205.39,280.24,5,E,5,N
242,145.29,300.00,3,W,5,W
262,180.32,300.30,3,E,5,W
24,39.16,300.60,1,S,5,W
26,43.15,300.90,1,S,5,W
27,46.19,301.20,1,S,5,W
60,206.23,301.50,1,S,1,W
28,46.52,301.50,1,S,5,W
69,220.99,301.80,1,S,1,W
29,50.81,301.80,1,S,5,W
215,124.21,302.10,2,W,5,W
127,68.04,302.40,1,W,5,W
129,97.94,302.70,1,W,5,W
130,101.10,303.00,1,W,5,W
133,141.38,303.30,1,W,5,W
135,150.76,303.60,1,W,5,W
137,154.26,303.90,1,W,5,W
176,143.61,304.20,1,E,5,W
177,179.67,304.50,1,E,5,W
83,295.27,309.41,1,S,1,W
180,229.00,309.90,1,E,2,E
81,292.80,315.50,1,S,1,E
23,38.07,322.14,1,S,5,N
25,39.71,322.44,1,S,5,N
230,128.26,322.74,2,E,5,N
214,102.97,323.04,2,W,5,N
216,151.59,323.34,2,W,5,N
31,137.25,323.64,1,S,5,N
128,70.32,323.94,1,W,5,N
131,104.72,324.24,1,W,5,N
134,147.55,324.54,1,W,5,N
175,138.40,324.84,1,E,5,N
143,264.52,345.07,1,W,3,W
295,294.13,366.14,5,W,5,N
296,298.09,366.44,5,W,5,N
297,301.23,366.74,5,W,5,N
298,328.05,367.04,5,W,5,N
299,349.83,367.34,5,W,5,N
300,352.24,367.64,5,W,5,N
301,367.01,373.15,5,W,5,N
348,348.28,380.14,5,E,5,N
263,201.15,399.90,3,E,5,W
244,277.38,400.20,3,W,5,W
38,149.82,400.50,1,S,5,W
40,152.20,400.80,1,S,5,W
84,296.32,401.00,1,S,3,W
41,153.75,401.10,1,S,5,W
45,163.31,401.40,1,S,5,W
48,178.63,401.70,1,S,5,W
88,381.80,401.90,1,S,1,W
217,208.47,402.00,2,W,5,W
233,284.73,402.30,2,E,5,W
50,180.29,402.60,1,S,5,W
55,193.49,402.90,1,S,5,W
58,201.91,403.20,1,S,5,W
59,203.33,403.50,1,S,5,W
62,209.30,403.80,1,S,5,W
63,210.69,404.10,1,S,5,W
73,229.88,404.40,1,S,5,W
75,233.75,404.70,1,S,5,W
139,194.80,405.00,1,W,5,W
141,260.72,405.30,1,W,5,W
142,261.50,405.60,1,W,5,W
178,213.61,405.90,1,E,5,W
235,344.26,413.17,2,E,3,W
35,146.77,416.80,1,S,5,E
36,148.18,417.10,1,S,5,E
66,217.05,421.60,1,S,5,E
32,138.18,422.04,1,S,5,N
33,143.23,422.34,1,S,5,N
34,146.04,422.64,1,S,5,N
71,223.98,422.80,1,S,5,E
37,149.79,423.54,1,S,5,N
42,156.31,423.84,1,S,5,N
43,157.94,424.14,1,S,5,N
44,161.53,424.44,1,S,5,N
46,166.39,424.74,1,S,5,N
49,179.01,425.04,1,S,5,N
232,212.12,425.34,2,E,5,N
52,188.06,425.64,1,S,5,N
53,189.58,425.94,1,S,5,N
54,190.58,426.24,1,S,5,N
56,196.47,426.54,1,S,5,N
57,198.44,426.84,1,S,5,N
61,208.76,427.14,1,S,5,N
65,216.28,427.44,1,S,5,N
67,218.39,428.04,1,S,5,N
68,219.07,428.34,1,S,5,N
70,222.50,428.64,1,S,5,N
72,227.41,429.24,1,S,5,N
74,230.60,429.54,1,S,5,N
76,236.06,429.84,1,S,5,N
138,192.67,430.14,1,W,5,N
140,211.07,430.44,1,W,5,N
179,216.17,430.74,1,E,5,N
245,323.09,431.04,3,W,5,N
264,305.58,431.34,3,E,5,N
246,331.12,431.64,3,W,5,N
185,366.17,439.47,1,E,3,E
265,390.85,452.62,3,E,5,N
302,414.75,466.04,5,W,5,N
303,420.15,466.34,5,W,5,N
304,422.92,466.64,5,W,5,N
305,438.23,466.94,5,W,5,N
306,439.92,467.24,5,W,5,N
307,441.46,467.54,5,W,5,N
308,442.10,467.84,5,W,5,N
309,442.75,468.14,5,W,5,N
310,443.77,468.44,5,W,5,N
311,446.89,468.74,5,W,5,N
312,452.37,469.04,5,W,5,N
313,455.86,469.34,5,W,5,N
314,457.23,469.64,5,W,5,N
349,434.35,480.04,5,E,5,N
247,338.81,499.80,3,W,5,W
77,284.22,500.10,1,S,5,W
350,494.14,500.28,5,E,5,N
79,287.97,500.40,1,S,5,W
80,291.47,500.70,1,S,5,W
82,295.13,501.00,1,S,5,W
85,300.13,501.30,1,S,5,W
90,476.85,502.30,1,S,1,W
351,496.65,502.78,5,E,5,N
94,492.63,506.77,1,S,1,W
188,389.94,507.76,1,E,5,W
92,488.61,515.40,1,S,1,E
78,284.92,521.94,1,S,5,N
86,303.30,522.24,1,S,5,N
234,305.81,522.54,2,E,5,N
87,318.68,522.84,1,S,5,N
144,266.55,523.14,1,W,5,N
145,298.35,523.44,1,W,5,N
146,336.98,523.74,1,W,5,N
147,352.80,524.04,1,W,5,N
181,311.02,524.34,1,E,5,N
182,322.00,524.64,1,E,5,N
183,325.08,524.94,1,E,5,N
184,346.61,525.24,1,E,5,N
186,382.55,525.54,1,E,5,N
187,386.03,525.84,1,E,5,N
248,439.26,530.47,3,W,5,N
266,482.76,544.53,3,E,5,N
315,478.26,565.94,5,W,5,N
316,480.77,566.24,5,W,5,N
317,483.95,566.54,5,W,5,N
318,487.42,566.84,5,W,5,N
319,553.32,567.14,5,W,5,N
320,571.07,577.21,5,W,5,N
249,448.92,599.70,3,W,5,W
267,485.09,600.00,3,E,5,W
218,403.78,600.30,2,W,5,W
219,473.10,600.60,2,W,5,W
148,388.19,600.90,1,W,5,W
192,476.17,601.20,1,E,5,W
101,512.67,602.70,1,S,1,W
103,518.70,603.00,1,S,1,W
107,528.53,603.30,1,S,1,W
110,531.17,603.60,1,S,1,W
112,537.20,603.90,1,S,1,W
89,385.96,621.84,1,S,5,N
236,423.83,622.14,2,E,5,N
149,421.80,622.44,1,W,5,N
189,428.31,622.74,1,E,5,N
190,436.49,623.04,1,E,5,N
191,454.95,623.34,1,E,5,N
193,495.74,623.64,1,E,5,N
251,554.96,630.57,3,W,5,N
108,528.68,638.17,1,S,3,E
150,473.58,639.07,1,W,3,E
268,582.11,643.88,3,E,5,N
269,585.08,646.85,3,E,5,N
253,585.11,646.88,3,W,5,N
254,594.76,650.39,3,W,5,E
321,624.77,665.84,5,W,5,N
322,640.07,666.14,5,W,5,N
323,661.77,667.91,5,W,5,N
324,664.75,670.89,5,W,5,N
325,667.96,674.10,5,W,5,N
326,671.03,677.17,5,W,5,N
352,602.80,679.84,5,E,5,N
250,502.18,699.60,3,W,5,W
252,555.47,699.90,3,W,5,W
95,492.86,700.20,1,S,5,W
97,500.03,700.50,1,S,5,W
98,500.85,700.80,1,S,5,W
99,503.25,701.10,1,S,5,W
100,504.37,701.40,1,S,5,W
102,514.75,701.70,1,S,5,W
151,491.09,702.00,1,W,5,W
153,526.89,702.30,1,W,5,W
154,548.38,702.60,1,W,5,W
160,622.20,702.80,1,W,2,W
115,625.92,703.10,1,S,1,W
221,549.64,717.10,2,W,5,E
91,480.10,721.74,1,S,5,N
93,489.17,722.04,1,S,5,N
96,497.62,722.34,1,S,5,N
237,518.97,722.64,2,E,5,N
220,501.34,722.94,2,W,5,N
222,579.38,723.54,2,W,5,N
104,520.09,723.84,1,S,5,N
105,523.69,724.14,1,S,5,N
271,667.40,724.23,3,E,5,E
106,524.66,724.44,1,S,5,N
109,529.14,724.74,1,S,5,N
111,535.16,725.04,1,S,5,N
152,523.29,725.34,1,W,5,N
194,504.05,725.64,1,E,5,N
195,526.34,725.94,1,E,5,N
196,562.27,726.24,1,E,5,N
202,701.14,727.25,1,E,2,W
270,647.59,730.07,3,E,5,N
255,620.80,730.07,3,W,5,N
156,580.87,737.67,1,W,3,E
158,609.52,738.27,1,W,3,W
159,615.97,738.57,1,W,3,W
327,675.50,765.74,5,W,5,N
328,675.52,766.04,5,W,5,N
329,679.20,766.34,5,W,5,N
330,681.42,766.64,5,W,5,N
331,687.25,766.94,5,W,5,N
332,715.30,767.24,5,W,5,N
333,719.23,767.54,5,W,5,N
334,723.92,767.84,5,W,5,N
335,743.46,768.14,5,W,5,N
336,743.89,768.44,5,W,5,N
353,709.24,779.74,5,E,5,N
354,719.82,780.04,5,E,5,N
355,720.22,780.34,5,E,5,N
356,721.90,780.64,5,E,5,N
357,726.42,780.94,5,E,5,N
358,780.50,786.63,5,E,5,N
359,781.71,787.85,5,E,5,N
360,784.27,790.41,5,E,5,N
238,606.24,799.50,2,E,5,W
239,693.01,799.80,2,E,5,W
114,625.80,800.10,1,S,5,W
157,584.70,800.40,1,W,5,W
161,666.54,800.70,1,W,5,W
199,672.17,801.00,1,E,5,W
162,695.24,801.10,1,W,2,W
361,795.90,802.03,5,E,5,N
200,692.15,809.98,1,E,5,W
118,749.87,816.30,1,S,1,E
272,697.83,821.64,3,E,5,N
113,539.47,821.94,1,S,5,N
240,785.98,822.05,2,E,3,E
223,641.11,822.24,2,W,5,N
155,579.64,822.54,1,W,5,N
197,615.49,822.84,1,E,5,N
198,618.67,823.14,1,E,5,N
201,695.94,823.44,1,E,5,N
164,701.20,837.77,1,W,3,E
204,734.23,838.97,1,E,3,W
337,799.61,865.64,5,W,5,N
338,804.52,865.94,5,W,5,N
339,820.28,866.24,5,W,5,N
340,823.94,866.54,5,W,5,N
341,826.59,866.84,5,W,5,N
342,828.27,867.14,5,W,5,N
343,858.42,867.44,5,W,5,N
344,872.44,878.58,5,W,5,N
362,807.76,879.64,5,E,5,N
363,817.70,879.94,5,E,5,N
256,731.58,899.40,3,W,5,W
273,791.71,899.70,3,E,5,W
116,700.61,900.00,1,S,5,W
117,704.75,900.30,1,S,5,W
225,731.78,900.60,2,W,5,W
203,722.01,900.90,1,E,5,W
205,736.64,901.20,1,E,5,W
169,821.52,902.10,1,W,2,W
224,713.92,921.54,2,W,5,N
226,791.77,921.84,2,W,5,N
163,698.61,922.14,1,W,5,N
165,731.24,922.44,1,W,5,N
166,742.69,922.74,1,W,5,N
228,886.88,922.95,2,W,3,E
206,773.97,923.04,1,E,5,N
274,870.84,932.61,3,E,5,N
257,879.83,941.60,3,W,5,N
122,898.54,942.82,1,S,2,W
275,889.29,951.06,3,E,5,N
119,752.52,999.30,1,S,5,W
120,754.67,999.60,1,S,5,W
167,768.52,999.90,1,W,5,W
170,828.68,1000.20,1,W,5,W
171,862.36,1016.50,1,W,5,E
227,863.91,1021.44,2,W,5,N
241,873.18,1021.74,2,E,5,N
121,816.57,1022.04,1,S,5,N
168,809.44,1022.34,1,W,5,N
207,822.70,1022.94,1,E,5,N
208,825.32,1023.24,1,E,5,N
209,841.18,1023.54,1,E,5,N
210,845.37,1023.84,1,E,5,N
211,898.72,1024.14,1,E,5,N