id,enter_time,exit_time,entrance_intersection,entrance_direction,exit_intersection,exit_direction
248,52.60,66.44,5,W,5,N
249,64.94,71.08,5,W,5,N
316,8.66,80.44,5,E,5,N
0,84.74,100.70,1,S,1,W
97,8.39,101.00,1,W,2,W
317,96.30,102.43,5,E,5,N
2,92.40,106.53,1,S,1,W
226,18.79,125.13,3,E,5,E
230,50.56,126.33,3,E,5,E
227,22.61,131.57,3,E,5,N
228,26.57,131.87,3,E,5,N
229,39.14,132.17,3,E,5,N
95,3.25,136.47,1,W,3,W
250,80.54,166.34,5,W,5,N
251,83.01,166.64,5,W,5,N
252,99.70,166.94,5,W,5,N
253,102.23,167.24,5,W,5,N
254,103.09,167.54,5,W,5,N
255,125.00,167.84,5,W,5,N
256,145.05,168.14,5,W,5,N
257,166.36,172.49,5,W,5,N
258,170.01,176.15,5,W,5,N
259,170.85,176.99,5,W,5,N
210,30.87,200.10,3,W,5,W
231,87.07,200.40,3,E,5,W
183,46.02,200.70,2,W,5,W
96,6.25,201.00,1,W,5,W
12,177.23,201.10,1,S,1,W
98,9.94,201.30,1,W,5,W
101,62.54,201.60,1,W,5,W
109,141.12,202.60,1,W,2,W
184,73.38,216.40,2,W,5,E
15,184.77,216.90,1,S,1,E
17,186.49,217.50,1,S,1,E
182,23.97,222.24,2,W,5,N
197,94.91,222.84,2,E,5,N
185,99.20,223.14,2,W,5,N
99,13.56,223.44,1,W,5,N
100,17.04,223.74,1,W,5,N
163,198.63,224.75,1,E,2,W
232,173.49,235.26,3,E,5,N
103,99.18,236.87,1,W,3,W
10,174.40,241.82,1,S,2,W
33,232.48,246.62,1,S,1,E
213,188.67,250.44,3,W,5,N
260,173.90,266.24,5,W,5,N
261,189.46,266.54,5,W,5,N
262,192.91,266.84,5,W,5,N
263,213.58,267.14,5,W,5,N
264,218.80,267.44,5,W,5,N
265,238.18,267.74,5,W,5,N
266,241.05,268.04,5,W,5,N
267,244.84,268.34,5,W,5,N
268,249.13,268.64,5,W,5,N
269,260.73,268.94,5,W,5,N
318,200.10,280.24,5,E,5,N
211,131.65,300.00,3,W,5,W
212,147.92,300.30,3,W,5,W
233,198.46,300.60,3,E,5,W
1,88.56,300.90,1,S,5,W
198,116.91,301.20,2,E,5,W
34,232.69,301.50,1,S,1,W
102,66.29,301.50,1,W,5,W
35,232.73,301.80,1,S,1,W
105,127.84,301.80,1,W,5,W
162,127.54,302.10,1,E,5,W
31,222.94,303.30,1,S,2,W
3,104.18,322.14,1,S,5,N
186,161.22,322.44,2,W,5,N
199,167.60,322.74,2,E,5,N
104,126.40,323.04,1,W,5,N
106,131.61,323.34,1,W,5,N
107,134.22,323.64,1,W,5,N
108,137.69,323.94,1,W,5,N
161,109.43,324.24,1,E,5,N
214,226.18,330.87,3,W,5,N
40,327.93,342.06,1,S,1,E
164,243.89,344.17,1,E,3,W
270,281.44,366.14,5,W,5,N
271,286.94,366.44,5,W,5,N
272,290.66,366.74,5,W,5,N
273,318.19,367.04,5,W,5,N
274,337.32,367.34,5,W,5,N
275,342.67,367.64,5,W,5,N
276,343.79,367.94,5,W,5,N
277,358.06,368.24,5,W,5,N
319,302.54,380.14,5,E,5,N
37,239.35,399.50,1,S,3,E
234,200.79,399.90,3,E,5,W
9,172.78,400.20,1,S,5,W
16,185.72,400.50,1,S,5,W
19,192.37,400.80,1,S,5,W
21,194.37,401.10,1,S,5,W
25,203.56,401.40,1,S,5,W
26,206.34,401.70,1,S,5,W
27,209.97,402.00,1,S,5,W
114,194.22,402.30,1,W,5,W
116,203.24,402.60,1,W,5,W
118,246.80,402.90,1,W,5,W
120,249.16,403.20,1,W,5,W
22,198.02,419.20,1,S,5,E
111,187.65,421.90,1,W,5,E
4,149.27,422.04,1,S,5,N
112,190.23,422.20,1,W,5,E
5,149.48,422.34,1,S,5,N
6,151.55,422.64,1,S,5,N
7,153.73,422.94,1,S,5,N
8,169.22,423.24,1,S,5,N
11,175.07,423.54,1,S,5,N
13,179.78,423.84,1,S,5,N
14,181.81,424.14,1,S,5,N
18,189.88,424.44,1,S,5,N
20,192.71,424.74,1,S,5,N
200,242.62,425.04,2,E,5,N
23,200.72,425.64,1,S,5,N
24,202.31,425.94,1,S,5,N
28,213.74,426.24,1,S,5,N
29,214.02,426.54,1,S,5,N
30,219.23,426.84,1,S,5,N
32,228.45,427.14,1,S,5,N
36,235.33,427.44,1,S,5,N
110,185.56,427.74,1,W,5,N
113,194.05,428.64,1,W,5,N
115,196.33,428.94,1,W,5,N
117,234.83,429.24,1,W,5,N
119,247.09,429.54,1,W,5,N
121,259.64,429.84,1,W,5,N
122,262.91,430.14,1,W,5,N
44,416.04,430.17,1,S,1,E
165,281.47,430.44,1,E,5,N
236,331.17,430.97,3,E,5,N
215,374.70,436.47,3,W,5,N
124,295.13,437.67,1,W,3,W
127,336.25,438.57,1,W,3,W
167,314.02,439.47,1,E,3,W
168,318.10,439.77,1,E,3,W
278,422.95,466.04,5,W,5,N
279,428.17,466.34,5,W,5,N
280,428.49,466.64,5,W,5,N
281,460.00,466.94,5,W,5,N
282,462.92,469.06,5,W,5,N
283,466.89,473.03,5,W,5,N
320,448.25,480.04,5,E,5,N
321,458.67,480.34,5,E,5,N
235,314.75,499.80,3,E,5,W
42,334.84,500.10,1,S,5,W
166,303.07,500.40,1,E,5,W
43,414.66,502.30,1,S,1,W
45,418.00,502.60,1,S,1,W
47,421.51,502.90,1,S,1,W
48,425.21,503.20,1,S,1,W
41,331.17,517.00,1,S,5,E
38,239.85,521.94,1,S,5,N
39,240.91,522.24,1,S,5,N
201,342.04,522.54,2,E,5,N
187,350.76,522.84,2,W,5,N
123,291.16,523.44,1,W,5,N
125,301.91,523.74,1,W,5,N
126,335.16,524.04,1,W,5,N
128,338.06,524.34,1,W,5,N
237,417.54,530.47,3,E,5,N
50,428.88,537.47,1,S,3,W
284,518.98,565.94,5,W,5,N
285,522.43,566.24,5,W,5,N
286,525.83,566.54,5,W,5,N
287,550.38,566.84,5,W,5,N
288,556.17,567.14,5,W,5,N
54,479.18,599.70,1,S,3,E
238,430.50,599.70,3,E,5,W
55,483.44,600.00,1,S,3,W
202,433.39,600.00,2,E,5,W
203,471.22,600.30,2,E,5,W
46,419.82,600.60,1,S,5,W
49,425.90,600.90,1,S,5,W
130,373.84,601.20,1,W,5,W
132,397.45,601.50,1,W,5,W
133,432.53,601.80,1,W,5,W
170,465.02,602.10,1,E,5,W
141,536.05,602.70,1,W,2,E
59,560.18,602.70,1,S,1,W
62,573.70,603.00,1,S,1,W
172,546.88,603.30,1,E,2,W
51,429.71,621.84,1,S,5,N
129,370.64,622.14,1,W,5,N
131,393.69,622.44,1,W,5,N
134,454.23,622.74,1,W,5,N
169,457.40,623.04,1,E,5,N
171,475.93,623.34,1,E,5,N
240,567.88,630.57,3,E,5,N
217,572.24,634.01,3,W,5,N
137,524.33,637.57,1,W,3,W
289,577.80,665.84,5,W,5,N
290,580.10,666.14,5,W,5,N
291,586.80,666.44,5,W,5,N
292,612.04,666.74,5,W,5,N
293,633.49,667.04,5,W,5,N
294,637.28,667.34,5,W,5,N
295,639.51,667.64,5,W,5,N
296,642.82,667.94,5,W,5,N
297,645.44,668.24,5,W,5,N
298,648.29,668.54,5,W,5,N
299,648.90,668.84,5,W,5,N
300,651.82,669.14,5,W,5,N
301,656.78,669.44,5,W,5,N
302,660.46,669.74,5,W,5,N
322,601.97,679.84,5,E,5,N
323,604.94,680.14,5,E,5,N
324,614.14,680.44,5,E,5,N
239,535.24,699.60,3,E,5,W
216,515.13,699.90,3,W,5,W
218,574.65,700.20,3,W,5,W
219,597.78,700.50,3,W,5,W
52,475.95,700.80,1,S,5,W
53,476.46,701.10,1,S,5,W
188,501.01,701.40,2,W,5,W
205,576.79,701.70,2,E,5,W
66,627.40,703.10,1,S,1,W
67,631.46,703.40,1,S,1,W
68,634.53,703.70,1,S,1,W
70,638.74,704.00,1,S,1,W
73,642.40,716.20,1,S,1,E
174,582.63,718.30,1,E,5,E
204,535.57,721.74,2,E,5,N
189,545.67,722.04,2,W,5,N
135,473.06,722.34,1,W,5,N
136,473.26,722.64,1,W,5,N
138,527.24,722.94,1,W,5,N
139,532.67,723.24,1,W,5,N
140,535.00,723.54,1,W,5,N
142,542.97,723.84,1,W,5,N
173,580.29,724.14,1,E,5,N
220,607.46,730.07,3,W,5,N
221,647.10,730.37,3,W,5,N
144,570.22,738.87,1,W,3,W
147,636.29,739.77,1,W,3,E
241,684.66,746.43,3,E,5,N
303,681.63,765.74,5,W,5,N
304,728.87,766.04,5,W,5,N
305,753.60,766.34,5,W,5,N
306,754.87,766.64,5,W,5,N
307,769.55,775.69,5,W,5,N
308,769.77,775.91,5,W,5,N
309,771.43,777.57,5,W,5,N
325,714.11,779.74,5,E,5,N
326,721.75,780.04,5,E,5,N
242,688.35,799.50,3,E,5,W
56,550.46,799.80,1,S,5,W
57,550.68,800.10,1,S,5,W
206,664.34,800.40,2,E,5,W
191,613.69,800.70,2,W,5,W
64,619.61,801.00,1,S,5,W
65,624.53,801.30,1,S,5,W
149,641.23,801.60,1,W,5,W
175,684.74,802.56,1,E,5,W
76,715.00,803.50,1,S,1,W
77,718.14,803.80,1,S,1,W
80,793.82,807.95,1,S,1,W
58,551.11,815.50,1,S,5,E
60,568.35,821.94,1,S,5,N
61,569.91,822.24,1,S,5,N
190,605.16,822.54,2,W,5,N
192,640.94,822.84,2,W,5,N
63,616.52,823.14,1,S,5,N
69,636.46,823.44,1,S,5,N
71,638.74,823.74,1,S,5,N
143,570.13,824.04,1,W,5,N
145,590.05,824.34,1,W,5,N
146,617.55,824.64,1,W,5,N
148,638.38,824.94,1,W,5,N
243,709.39,829.87,3,E,5,N
244,712.88,830.17,3,E,5,N
152,691.55,838.37,1,W,3,W
246,792.19,853.96,3,E,5,N
310,775.24,865.64,5,W,5,N
311,778.59,865.94,5,W,5,N
312,799.29,866.24,5,W,5,N
313,804.26,866.54,5,W,5,N
314,826.06,866.84,5,W,5,N
315,847.24,867.14,5,W,5,N
327,869.71,879.64,5,E,5,N
328,883.48,889.62,5,E,5,N
222,776.42,899.40,3,W,5,W
245,789.62,899.70,3,E,5,W
75,709.76,900.00,1,S,5,W
151,688.94,900.30,1,W,5,W
157,813.08,902.70,1,W,2,E
72,640.30,921.54,1,S,5,N
74,644.50,921.84,1,S,5,N
207,762.03,922.14,2,E,5,N
193,797.93,922.44,2,W,5,N
208,800.72,922.74,2,E,5,N
78,720.79,923.04,1,S,5,N
150,686.14,923.34,1,W,5,N
153,724.90,923.64,1,W,5,N
154,765.98,923.94,1,W,5,N
176,721.83,924.24,1,E,5,N
177,723.26,924.54,1,E,5,N
224,844.73,929.97,3,W,5,N
86,879.36,998.30,1,S,3,E
178,798.68,999.30,1,E,5,W
90,889.45,999.50,1,S,3,E
247,831.02,999.60,3,E,5,W
223,822.54,999.90,3,W,5,W
225,853.14,1000.20,3,W,5,W
79,789.40,1000.50,1,S,5,W
82,803.77,1000.80,1,S,5,W
195,870.42,1001.10,2,W,5,W
85,814.01,1001.40,1,S,5,W
155,806.10,1001.70,1,W,5,W
179,804.89,1002.00,1,E,5,W
158,846.81,1017.40,1,W,5,E
81,794.84,1021.44,1,S,5,N
194,851.56,1021.74,2,W,5,N
209,868.84,1022.04,2,E,5,N
196,873.29,1022.34,2,W,5,N
83,805.92,1022.64,1,S,5,N
84,811.62,1022.94,1,S,5,N
156,807.43,1023.24,1,W,5,N
159,850.41,1023.84,1,W,5,N
180,812.82,1024.14,1,E,5,N
181,877.46,1024.44,1,E,5,N
88,885.69,1099.20,1,S,5,W
87,885.02,1121.34,1,S,5,N
89,886.14,1121.64,1,S,5,N
91,889.78,1121.94,1,S,5,N
92,892.35,1122.24,1,S,5,N
93,894.24,1122.54,1,S,5,N
94,897.05,1122.84,1,S,5,N
160,890.18,1123.14,1,W,5,N