id,enter_time,exit_time,entrance_intersection,entrance_direction,exit_intersection,exit_direction
4,17.03,31.17,1,S,1,E
193,3.71,66.44,5,W,5,N
194,10.65,66.74,5,W,5,N
195,31.90,67.04,5,W,5,N
196,48.84,67.34,5,W,5,N
197,50.37,67.64,5,W,5,N
198,66.57,72.70,5,W,5,N
199,70.72,76.85,5,W,5,N
200,71.67,77.81,5,W,5,N
201,72.41,78.54,5,W,5,N
0,2.14,100.10,1,S,3,E
178,3.87,131.27,3,E,5,N
179,6.21,131.57,3,E,5,N
2,9.28,136.77,1,S,3,E
180,76.19,137.96,3,E,5,N
121,75.22,138.57,1,E,3,W
202,75.03,166.34,5,W,5,N
203,77.37,166.64,5,W,5,N
204,79.09,166.94,5,W,5,N
205,108.59,167.24,5,W,5,N
259,132.40,180.34,5,E,5,N
120,70.03,200.10,1,E,5,W
149,155.65,212.67,2,W,3,E
1,5.36,216.40,1,S,5,E
155,98.94,222.24,2,E,5,N
3,12.65,222.84,1,S,5,N
69,2.46,223.14,1,W,5,N
70,41.02,223.44,1,W,5,N
71,43.51,223.74,1,W,5,N
122,93.74,224.04,1,E,5,N
123,99.15,224.34,1,E,5,N
169,166.82,231.37,3,W,5,N
181,192.47,248.10,3,E,5,E
206,175.87,266.24,5,W,5,N
207,178.49,266.54,5,W,5,N
208,179.00,266.84,5,W,5,N
209,184.98,267.14,5,W,5,N
210,218.30,267.44,5,W,5,N
211,220.57,267.74,5,W,5,N
212,224.91,268.04,5,W,5,N
213,227.63,268.34,5,W,5,N
214,229.65,268.64,5,W,5,N
215,233.24,268.94,5,W,5,N
216,235.44,269.24,5,W,5,N
217,239.30,269.54,5,W,5,N
218,241.32,269.84,5,W,5,N
219,244.38,270.14,5,W,5,N
220,246.32,270.44,5,W,5,N
260,266.41,280.24,5,E,5,N
261,277.28,283.42,5,E,5,N
168,119.67,300.00,3,W,5,W
5,77.15,300.30,1,S,5,W
73,74.41,300.60,1,W,5,W
82,252.75,302.10,1,W,2,W
13,92.96,318.10,1,S,5,E
6,77.20,322.14,1,S,5,N
7,80.41,322.44,1,S,5,N
8,85.87,322.74,1,S,5,N
9,87.80,323.04,1,S,5,N
10,90.62,323.34,1,S,5,N
11,91.29,323.64,1,S,5,N
12,92.59,323.94,1,S,5,N
14,96.51,324.54,1,S,5,N
15,98.47,324.84,1,S,5,N
156,188.71,325.14,2,E,5,N
72,66.71,325.44,1,W,5,N
74,76.57,325.74,1,W,5,N
75,109.24,326.04,1,W,5,N
76,143.13,326.34,1,W,5,N
124,116.61,326.64,1,E,5,N
170,279.81,341.58,3,W,5,N
221,296.71,366.14,5,W,5,N
222,301.17,366.44,5,W,5,N
223,305.52,366.74,5,W,5,N
224,308.47,367.04,5,W,5,N
225,309.05,367.34,5,W,5,N
226,342.43,367.64,5,W,5,N
227,347.26,367.94,5,W,5,N
16,169.21,399.90,1,S,5,W
78,173.39,400.20,1,W,5,W
79,176.19,400.50,1,W,5,W
80,176.57,400.80,1,W,5,W
81,207.69,401.10,1,W,5,W
131,394.15,420.27,1,E,2,E
22,406.93,421.07,1,S,1,E
17,172.91,422.04,1,S,5,N
157,281.27,422.34,2,E,5,N
77,167.31,422.64,1,W,5,N
125,214.98,422.94,1,E,5,N
126,221.78,423.24,1,E,5,N
127,261.68,423.54,1,E,5,N
183,323.23,430.97,3,E,5,N
184,396.59,458.36,3,E,5,N
228,408.81,466.04,5,W,5,N
229,440.89,466.34,5,W,5,N
230,442.94,466.64,5,W,5,N
231,446.51,466.94,5,W,5,N
262,416.43,480.04,5,E,5,N
182,304.87,499.80,3,E,5,W
158,323.90,500.10,2,E,5,W
20,327.12,500.40,1,S,5,W
83,266.43,500.70,1,W,5,W
86,327.17,501.00,1,W,5,W
87,329.77,501.30,1,W,5,W
150,338.82,516.10,2,W,5,E
18,238.19,521.94,1,S,5,N
19,325.48,522.54,1,S,5,N
84,270.34,522.84,1,W,5,N
85,321.96,523.14,1,W,5,N
88,355.78,523.44,1,W,5,N
89,358.17,523.74,1,W,5,N
128,324.17,524.04,1,E,5,N
129,333.73,524.34,1,E,5,N
130,338.67,524.64,1,E,5,N
185,429.95,530.47,3,E,5,N
171,416.52,530.47,3,W,5,N
232,475.45,565.94,5,W,5,N
233,478.57,566.24,5,W,5,N
234,510.51,566.54,5,W,5,N
235,532.22,566.84,5,W,5,N
236,534.41,567.14,5,W,5,N
237,539.07,567.44,5,W,5,N
238,542.43,567.74,5,W,5,N
239,562.50,568.63,5,W,5,N
263,522.78,579.94,5,E,5,N
264,533.81,580.24,5,E,5,N
265,547.21,580.54,5,E,5,N
266,555.10,580.84,5,E,5,N
160,446.38,599.70,2,E,5,W
132,440.87,600.00,1,E,5,W
27,501.26,602.70,1,S,1,W
28,501.32,603.00,1,S,1,W
21,403.31,621.84,1,S,5,N
159,423.59,622.14,2,E,5,N
161,485.01,622.44,2,E,5,N
23,409.10,622.74,1,S,5,N
90,409.12,623.04,1,W,5,N
91,411.24,623.34,1,W,5,N
92,413.50,623.64,1,W,5,N
93,458.89,623.94,1,W,5,N
94,460.51,624.24,1,W,5,N
133,468.88,624.54,1,E,5,N
134,487.81,624.84,1,E,5,N
135,492.81,625.14,1,E,5,N
172,552.58,630.27,3,W,5,N
174,560.25,630.87,3,W,5,N
100,563.45,638.77,1,W,3,W
50,627.05,641.18,1,S,1,E
34,586.50,642.82,1,S,2,W
37,590.52,643.72,1,S,2,W
240,586.88,665.84,5,W,5,N
241,589.04,666.14,5,W,5,N
242,610.32,666.44,5,W,5,N
243,614.12,666.74,5,W,5,N
244,617.00,667.04,5,W,5,N
245,622.35,667.34,5,W,5,N
246,654.62,667.64,5,W,5,N
247,656.81,667.94,5,W,5,N
248,658.89,668.24,5,W,5,N
249,664.60,670.73,5,W,5,N
250,665.74,671.88,5,W,5,N
251,667.94,674.08,5,W,5,N
267,644.12,679.84,5,E,5,N
268,647.38,680.14,5,E,5,N
269,654.62,680.44,5,E,5,N
270,655.50,680.74,5,E,5,N
271,692.55,698.69,5,E,5,N
186,529.96,699.60,3,E,5,W
173,553.06,699.90,3,W,5,W
162,577.90,700.20,2,E,5,W
98,513.44,700.50,1,W,5,W
41,601.81,703.10,1,S,1,W
51,630.47,703.40,1,S,1,W
141,686.36,712.47,1,E,2,W
142,689.05,715.17,1,E,2,W
29,505.12,717.40,1,S,5,E
95,501.68,717.70,1,W,5,E
96,503.46,718.00,1,W,5,E
24,490.49,721.74,1,S,5,N
25,494.43,722.04,1,S,5,N
26,496.98,722.34,1,S,5,N
151,517.43,722.64,2,W,5,N
152,588.79,722.94,2,W,5,N
163,600.26,723.24,2,E,5,N
97,507.10,724.44,1,W,5,N
99,524.18,724.74,1,W,5,N
136,517.21,725.04,1,E,5,N
102,575.36,739.77,1,W,3,E
252,767.54,773.67,5,W,5,N
253,770.32,776.46,5,W,5,N
254,772.67,778.80,5,W,5,N
272,714.93,779.74,5,E,5,N
273,731.40,780.04,5,E,5,N
274,750.18,780.34,5,E,5,N
187,616.82,799.50,3,E,5,W
40,598.21,799.80,1,S,5,W
44,609.17,800.10,1,S,5,W
45,612.15,800.40,1,S,5,W
46,612.73,800.70,1,S,5,W
48,621.74,801.00,1,S,5,W
49,624.38,801.30,1,S,5,W
104,663.11,801.60,1,W,5,W
138,619.48,801.90,1,E,5,W
107,701.38,804.40,1,W,2,W
108,720.88,804.70,1,W,2,W
139,630.21,820.90,1,E,5,E
140,683.31,821.20,1,E,5,E
137,601.78,821.64,1,E,5,N
30,582.08,821.94,1,S,5,N
31,582.73,822.24,1,S,5,N
32,584.39,822.54,1,S,5,N
33,584.95,822.84,1,S,5,N
35,589.71,823.14,1,S,5,N
36,589.91,823.44,1,S,5,N
38,591.79,823.74,1,S,5,N
39,596.46,824.04,1,S,5,N
42,603.59,824.34,1,S,5,N
153,610.09,824.64,2,W,5,N
164,660.25,824.94,2,E,5,N
43,605.58,825.24,1,S,5,N
47,616.10,825.54,1,S,5,N
52,634.16,825.84,1,S,5,N
101,568.92,826.14,1,W,5,N
103,615.56,826.44,1,W,5,N
105,665.28,826.74,1,W,5,N
143,695.62,827.64,1,E,5,N
255,773.51,865.64,5,W,5,N
256,809.32,865.94,5,W,5,N
257,811.97,866.24,5,W,5,N
258,843.42,866.54,5,W,5,N
275,808.52,879.64,5,E,5,N
276,811.08,879.94,5,E,5,N
277,850.99,880.24,5,E,5,N
188,719.11,899.40,3,E,5,W
175,699.39,899.70,3,W,5,W
189,752.15,900.00,3,E,5,W
53,698.74,900.30,1,S,5,W
165,743.36,900.60,2,E,5,W
166,800.37,900.90,2,E,5,W
62,727.08,901.20,1,S,5,W
109,749.73,901.50,1,W,5,W
146,766.49,901.80,1,E,5,W
113,839.26,902.10,1,W,2,W
57,714.57,916.60,1,S,5,E
54,701.41,921.54,1,S,5,N
55,703.28,921.84,1,S,5,N
154,781.58,922.14,2,W,5,N
56,707.19,922.44,1,S,5,N
58,718.22,923.04,1,S,5,N
59,719.63,923.34,1,S,5,N
60,720.06,923.64,1,S,5,N
61,726.46,923.94,1,S,5,N
63,730.22,924.24,1,S,5,N
64,732.71,924.54,1,S,5,N
65,736.72,924.84,1,S,5,N
106,684.50,925.14,1,W,5,N
110,753.01,925.44,1,W,5,N
111,756.05,925.74,1,W,5,N
144,752.86,926.04,1,E,5,N
145,753.37,926.34,1,E,5,N
190,842.79,929.67,3,E,5,N
191,865.58,929.97,3,E,5,N
177,836.71,929.97,3,W,5,N
66,814.12,937.27,1,S,3,W
192,880.46,942.23,3,E,5,N
176,799.78,999.30,3,W,5,W
167,894.43,999.60,2,E,5,W
119,887.68,1002.20,1,W,2,E
67,816.24,1021.44,1,S,5,N
112,787.97,1021.74,1,W,5,N
114,841.50,1022.04,1,W,5,N
115,844.82,1022.34,1,W,5,N
147,805.27,1022.64,1,E,5,N
148,838.37,1022.94,1,E,5,N
68,885.93,1121.34,1,S,5,N
116,878.08,1121.64,1,W,5,N
117,880.14,1121.94,1,W,5,N
118,884.09,1122.24,1,W,5,N