id,enter_time,exit_time,entrance_intersection,entrance_direction,exit_intersection,exit_direction
258,3.95,66.44,5,W,5,N
259,24.90,66.74,5,W,5,N
309,56.77,80.44,5,E,5,N
310,68.54,80.74,5,E,5,N
311,74.06,81.04,5,E,5,N
0,1.84,100.70,1,S,1,W
207,85.32,121.39,2,W,3,W
240,87.66,149.43,3,E,5,N
260,102.96,166.34,5,W,5,N
261,119.96,166.64,5,W,5,N
262,146.02,166.94,5,W,5,N
263,149.00,167.24,5,W,5,N
264,151.56,167.54,5,W,5,N
265,155.45,167.84,5,W,5,N
266,157.10,168.14,5,W,5,N
312,118.98,180.34,5,E,5,N
1,2.21,200.10,1,S,5,W
208,86.36,200.40,2,W,5,W
8,118.16,200.50,1,S,2,E
5,10.30,200.70,1,S,5,W
111,0.20,201.00,1,W,5,W
9,119.40,201.10,1,S,1,W
209,112.32,212.67,2,W,3,W
2,3.10,222.24,1,S,5,N
214,61.47,222.54,2,E,5,N
205,23.28,222.84,2,W,5,N
206,82.31,223.14,2,W,5,N
215,87.10,223.44,2,E,5,N
3,6.31,223.74,1,S,5,N
4,6.74,224.04,1,S,5,N
112,50.55,224.34,1,W,5,N
113,61.66,224.64,1,W,5,N
175,56.77,224.94,1,E,5,N
227,135.43,225.23,3,W,5,E
241,113.57,231.07,3,E,5,N
116,69.81,238.67,1,W,3,W
119,91.91,239.57,1,W,3,W
120,106.41,239.87,1,W,3,W
14,144.03,240.02,1,S,2,W
176,121.39,240.77,1,E,3,E
267,229.23,266.24,5,W,5,N
268,232.73,266.54,5,W,5,N
269,234.17,266.84,5,W,5,N
270,237.07,267.14,5,W,5,N
313,264.00,280.24,5,E,5,N
226,131.51,300.00,3,W,5,W
10,125.03,300.30,1,S,5,W
117,75.20,300.60,1,W,5,W
177,128.11,300.90,1,E,5,W
17,239.16,301.50,1,S,1,W
19,244.36,301.80,1,S,1,W
6,53.28,322.14,1,S,5,N
7,53.35,322.44,1,S,5,N
216,182.40,322.74,2,E,5,N
11,125.26,323.04,1,S,5,N
12,129.07,323.34,1,S,5,N
13,129.50,323.64,1,S,5,N
114,65.11,323.94,1,W,5,N
115,66.54,324.24,1,W,5,N
118,88.09,324.54,1,W,5,N
121,109.04,324.84,1,W,5,N
122,150.01,325.14,1,W,5,N
178,134.21,325.44,1,E,5,N
179,138.75,325.74,1,E,5,N
180,170.14,326.04,1,E,5,N
242,205.10,330.87,3,E,5,N
243,227.65,331.17,3,E,5,N
34,293.44,344.92,1,S,2,W
271,299.10,366.14,5,W,5,N
272,302.35,366.44,5,W,5,N
273,304.72,366.74,5,W,5,N
274,333.22,367.04,5,W,5,N
275,335.86,367.34,5,W,5,N
276,339.53,367.64,5,W,5,N
277,342.62,367.94,5,W,5,N
278,345.16,368.24,5,W,5,N
279,371.70,377.84,5,W,5,N
280,372.26,378.40,5,W,5,N
314,350.49,380.14,5,E,5,N
18,241.64,399.50,1,S,3,W
244,247.45,399.90,3,E,5,W
228,278.91,400.20,3,W,5,W
217,273.10,400.50,2,E,5,W
126,202.18,400.80,1,W,5,W
183,266.36,401.10,1,E,5,W
184,276.94,401.40,1,E,5,W
38,390.88,405.01,1,S,1,W
15,227.80,422.04,1,S,5,N
16,235.10,422.34,1,S,5,N
123,188.79,422.64,1,W,5,N
124,196.48,422.94,1,W,5,N
125,198.57,423.24,1,W,5,N
127,208.27,423.54,1,W,5,N
128,211.32,423.84,1,W,5,N
129,213.58,424.14,1,W,5,N
130,245.47,424.44,1,W,5,N
131,252.52,424.74,1,W,5,N
132,259.02,425.04,1,W,5,N
181,248.87,425.34,1,E,5,N
182,256.16,425.64,1,E,5,N
245,325.23,430.67,3,E,5,N
246,328.99,430.97,3,E,5,N
136,321.30,437.97,1,W,3,W
185,330.06,438.57,1,E,3,W
39,393.81,441.42,1,S,2,W
229,391.59,453.36,3,W,5,N
247,395.21,456.98,3,E,5,N
281,373.98,466.04,5,W,5,N
282,376.70,466.34,5,W,5,N
283,444.48,466.64,5,W,5,N
284,447.38,466.94,5,W,5,N
285,454.78,467.24,5,W,5,N
286,457.54,467.54,5,W,5,N
287,460.89,467.84,5,W,5,N
315,447.34,480.04,5,E,5,N
248,397.55,499.80,3,E,5,W
21,249.66,500.10,1,S,5,W
22,257.47,500.40,1,S,5,W
24,265.70,500.70,1,S,5,W
28,273.99,501.00,1,S,5,W
30,279.47,501.30,1,S,5,W
31,281.20,501.60,1,S,5,W
32,288.82,501.90,1,S,5,W
33,290.47,502.20,1,S,5,W
49,414.63,502.30,1,S,1,W
211,360.55,502.50,2,W,5,W
186,334.95,502.80,1,E,5,W
140,382.01,504.10,1,W,2,W
20,246.19,521.94,1,S,5,N
23,265.26,522.24,1,S,5,N
25,273.29,522.54,1,S,5,N
26,273.34,522.84,1,S,5,N
27,273.67,523.14,1,S,5,N
29,276.42,523.44,1,S,5,N
218,357.49,523.74,2,E,5,N
210,307.19,524.04,2,W,5,N
35,293.60,524.34,1,S,5,N
133,292.70,524.64,1,W,5,N
134,295.80,524.94,1,W,5,N
135,296.99,525.24,1,W,5,N
137,360.77,525.54,1,W,5,N
231,453.07,530.77,3,W,5,N
232,459.89,531.07,3,W,5,N
251,449.12,531.07,3,E,5,N
252,452.11,531.37,3,E,5,N
253,468.94,531.67,3,E,5,N
56,442.22,541.22,1,S,2,E
288,514.33,565.94,5,W,5,N
289,516.90,566.24,5,W,5,N
290,519.16,566.54,5,W,5,N
291,533.83,566.84,5,W,5,N
292,539.74,567.14,5,W,5,N
293,542.10,567.44,5,W,5,N
316,548.54,579.94,5,E,5,N
317,561.34,580.24,5,E,5,N
318,561.96,580.54,5,E,5,N
319,588.73,594.87,5,E,5,N
230,440.53,599.70,3,W,5,W
249,415.77,600.00,3,E,5,W
250,430.88,600.30,3,E,5,W
41,397.36,600.60,1,S,5,W
43,400.07,600.90,1,S,5,W
48,411.26,601.20,1,S,5,W
55,430.42,601.50,1,S,5,W
138,366.06,601.80,1,W,5,W
58,537.23,602.70,1,S,1,W
59,539.87,603.00,1,S,1,W
61,542.58,603.30,1,S,1,W
37,387.38,616.00,1,S,5,E
141,385.01,620.50,1,W,5,E
36,384.84,621.84,1,S,5,N
40,396.15,622.44,1,S,5,N
42,398.71,622.74,1,S,5,N
44,402.32,623.04,1,S,5,N
45,402.85,623.34,1,S,5,N
219,423.69,623.64,2,E,5,N
220,496.60,623.94,2,E,5,N
46,406.33,624.24,1,S,5,N
47,409.77,624.54,1,S,5,N
50,416.65,624.84,1,S,5,N
51,420.53,625.14,1,S,5,N
221,589.20,625.28,2,E,3,W
52,423.64,625.44,1,S,5,N
53,427.57,625.74,1,S,5,N
54,428.95,626.04,1,S,5,N
139,377.49,626.34,1,W,5,N
142,404.79,626.94,1,W,5,N
143,444.62,627.24,1,W,5,N
187,426.89,627.54,1,E,5,N
188,429.25,627.84,1,E,5,N
254,562.96,630.27,3,E,5,N
233,570.06,631.83,3,W,5,N
234,574.32,636.09,3,W,5,N
294,612.29,665.84,5,W,5,N
295,612.83,666.14,5,W,5,N
296,651.95,666.44,5,W,5,N
297,657.86,666.74,5,W,5,N
298,658.95,667.04,5,W,5,N
299,662.44,668.58,5,W,5,N
300,667.89,674.03,5,W,5,N
320,609.24,679.84,5,E,5,N
212,551.80,699.60,2,W,5,W
144,485.90,699.90,1,W,5,W
146,500.30,700.20,1,W,5,W
65,610.24,701.30,1,S,2,W
70,622.22,703.10,1,S,1,W
73,627.03,703.40,1,S,1,W
77,636.38,703.70,1,S,1,W
150,591.72,705.20,1,W,2,E
152,620.20,705.80,1,W,2,E
158,663.65,707.60,1,W,2,E
57,452.65,721.74,1,S,5,N
145,488.61,722.04,1,W,5,N
147,531.88,722.34,1,W,5,N
81,708.28,722.41,1,S,1,E
189,549.26,722.64,1,E,5,N
255,660.42,730.07,3,E,5,N
154,626.49,742.47,1,W,3,W
155,642.06,742.77,1,W,3,W
157,647.78,743.37,1,W,3,E
193,642.29,744.87,1,E,3,E
301,696.79,765.74,5,W,5,N
302,699.00,766.04,5,W,5,N
303,747.59,766.34,5,W,5,N
321,710.34,779.74,5,E,5,N
322,727.98,780.04,5,E,5,N
323,738.72,780.34,5,E,5,N
60,541.43,799.50,1,S,5,W
72,625.64,799.80,1,S,5,W
74,632.22,800.10,1,S,5,W
76,633.94,800.40,1,S,5,W
156,644.72,800.70,1,W,5,W
191,622.49,801.00,1,E,5,W
194,653.13,801.30,1,E,5,W
83,712.34,802.00,1,S,2,E
84,719.88,802.30,1,S,2,E
87,726.41,803.20,1,S,2,W
90,733.41,803.50,1,S,1,W
161,697.67,805.60,1,W,2,E
64,610.18,816.40,1,S,5,E
69,619.18,817.60,1,S,5,E
62,544.21,821.64,1,S,5,N
63,546.25,821.94,1,S,5,N
222,685.56,822.24,2,E,5,N
66,610.45,822.84,1,S,5,N
67,612.37,823.14,1,S,5,N
68,616.24,823.44,1,S,5,N
71,622.63,824.04,1,S,5,N
75,633.32,824.34,1,S,5,N
78,638.51,824.64,1,S,5,N
148,582.62,824.94,1,W,5,N
149,589.25,825.24,1,W,5,N
151,608.43,825.54,1,W,5,N
153,623.53,825.84,1,W,5,N
190,603.56,826.14,1,E,5,N
192,626.76,826.44,1,E,5,N
195,673.76,826.74,1,E,5,N
196,681.55,827.04,1,E,5,N
256,760.98,829.87,3,E,5,N
235,703.23,829.87,3,W,5,N
237,778.21,839.98,3,W,5,N
91,734.43,840.17,1,S,3,W
94,740.73,842.42,1,S,2,W
304,815.95,865.64,5,W,5,N
305,820.75,865.94,5,W,5,N
306,824.25,866.24,5,W,5,N
307,838.89,866.54,5,W,5,N
324,839.58,879.64,5,E,5,N
325,844.11,879.94,5,E,5,N
326,849.07,880.24,5,E,5,N
327,867.77,880.54,5,E,5,N
328,880.92,887.06,5,E,5,N
236,746.95,899.40,3,W,5,W
80,708.01,899.70,1,S,5,W
85,720.67,900.00,1,S,5,W
88,728.98,900.30,1,S,5,W
201,760.16,900.60,1,E,5,W
202,767.74,900.90,1,E,5,W
203,772.89,901.20,1,E,5,W
96,806.76,903.90,1,S,1,W
104,843.49,904.20,1,S,1,W
110,857.39,904.50,1,S,1,W
89,729.44,916.90,1,S,5,E
223,747.56,921.54,2,E,5,N
213,735.29,921.84,2,W,5,N
79,705.18,922.14,1,S,5,N
82,711.78,922.44,1,S,5,N
86,723.43,922.74,1,S,5,N
92,736.66,923.34,1,S,5,N
93,737.90,923.64,1,S,5,N
159,696.09,923.94,1,W,5,N
160,696.70,924.24,1,W,5,N
162,729.53,924.54,1,W,5,N
197,709.82,924.84,1,E,5,N
198,715.01,925.14,1,E,5,N
199,748.49,925.44,1,E,5,N
200,750.46,925.74,1,E,5,N
238,831.21,929.67,3,W,5,N
257,849.82,929.67,3,E,5,N
239,871.34,933.11,3,W,5,N
170,833.55,941.47,1,W,3,W
308,897.11,965.54,5,W,5,N
224,832.40,999.30,2,E,5,W
98,811.00,999.60,1,S,5,W
100,827.88,999.90,1,S,5,W
101,834.70,1000.20,1,S,5,W
164,771.68,1000.50,1,W,5,W
165,774.45,1000.80,1,W,5,W
168,786.73,1001.10,1,W,5,W
167,783.10,1017.70,1,W,5,E
95,741.53,1021.44,1,S,5,N
225,891.01,1021.74,2,E,5,N
97,810.67,1022.04,1,S,5,N
99,816.11,1022.34,1,S,5,N
102,837.87,1022.64,1,S,5,N
103,839.96,1022.94,1,S,5,N
163,769.33,1023.24,1,W,5,N
166,782.38,1023.54,1,W,5,N
169,830.48,1024.14,1,W,5,N
171,849.15,1024.44,1,W,5,N
172,856.05,1024.74,1,W,5,N
204,837.92,1025.04,1,E,5,N
105,846.60,1099.20,1,S,5,W
173,873.73,1099.50,1,W,5,W
106,848.71,1121.34,1,S,5,N
107,850.88,1121.64,1,S,5,N
108,853.16,1121.94,1,S,5,N
109,853.73,1122.24,1,S,5,N
174,899.28,1122.54,1,W,5,N