id,enter_time,exit_time,entrance_intersection,entrance_direction,exit_intersection,exit_direction
4,13.93,28.07,1,S,1,E
5,15.07,29.21,1,S,1,E
277,0.96,66.44,5,W,5,N
278,20.11,66.74,5,W,5,N
279,22.09,67.04,5,W,5,N
334,17.89,80.44,5,E,5,N
335,27.09,80.74,5,E,5,N
336,38.43,81.04,5,E,5,N
11,32.23,100.70,1,S,1,W
13,39.25,101.00,1,S,1,W
10,28.26,102.50,1,S,2,W
116,13.46,104.30,1,W,2,E
17,48.90,114.40,1,S,1,E
252,64.76,132.17,3,E,5,N
1,7.05,136.47,1,S,3,W
14,40.84,139.62,1,S,2,E
253,81.30,143.07,3,E,5,N
254,83.91,145.68,3,E,5,N
280,120.40,166.34,5,W,5,N
281,131.72,166.64,5,W,5,N
282,135.70,166.94,5,W,5,N
283,153.52,167.24,5,W,5,N
284,156.66,167.54,5,W,5,N
285,161.34,167.84,5,W,5,N
286,165.26,171.40,5,W,5,N
337,184.81,190.94,5,E,5,N
249,16.43,200.10,3,E,5,W
250,19.95,200.40,3,E,5,W
251,44.83,200.70,3,E,5,W
213,20.17,201.00,2,W,5,W
23,129.18,201.10,1,S,1,W
25,130.69,201.10,1,S,2,W
20,57.13,201.10,1,S,3,W
228,85.89,201.30,2,E,5,W
27,146.14,201.40,1,S,1,W
3,11.97,201.60,1,S,5,W
28,146.61,201.70,1,S,1,W
8,18.23,201.90,1,S,5,W
30,150.86,202.00,1,S,1,W
114,5.57,202.20,1,W,5,W
36,163.80,202.30,1,S,1,W
115,6.27,202.50,1,W,5,W
338,196.61,202.74,5,E,5,N
180,50.97,202.80,1,E,5,W
31,153.50,214.20,1,S,1,E
33,161.90,214.80,1,S,1,E
0,3.67,216.10,1,S,5,E
214,45.19,216.40,2,W,5,E
40,173.26,216.60,1,S,1,E
9,27.99,217.90,1,S,5,E
45,185.01,218.10,1,S,1,E
47,190.53,218.70,1,S,1,E
50,200.58,219.60,1,S,1,E
215,67.38,222.84,2,W,5,N
2,8.16,223.14,1,S,5,N
6,16.95,223.44,1,S,5,N
7,17.60,223.74,1,S,5,N
12,35.89,224.34,1,S,5,N
112,2.91,224.64,1,W,5,N
240,140.45,224.93,3,W,5,E
113,3.65,224.94,1,W,5,N
117,16.99,225.24,1,W,5,N
118,29.73,225.54,1,W,5,N
179,5.70,225.84,1,E,5,N
256,116.95,231.37,3,E,5,N
35,163.58,241.52,1,S,2,W
39,171.66,242.42,1,S,2,W
43,179.44,243.62,1,S,2,W
287,202.64,266.24,5,W,5,N
288,206.53,266.54,5,W,5,N
289,210.83,266.84,5,W,5,N
290,214.60,267.14,5,W,5,N
291,216.76,267.44,5,W,5,N
292,220.20,267.74,5,W,5,N
293,224.35,268.04,5,W,5,N
294,250.27,268.34,5,W,5,N
295,268.11,274.25,5,W,5,N
296,271.81,277.95,5,W,5,N
339,233.74,280.24,5,E,5,N
340,273.76,280.54,5,E,5,N
341,284.65,290.78,5,E,5,N
29,148.41,299.70,1,S,3,W
255,114.63,300.00,3,E,5,W
119,65.75,300.30,1,W,5,W
122,121.15,300.60,1,W,5,W
181,171.75,300.90,1,E,5,W
182,178.55,301.20,1,E,5,W
54,222.25,301.50,1,S,1,W
55,225.00,301.80,1,S,1,W
230,222.60,312.77,2,E,3,W
57,297.70,314.30,1,S,1,E
15,44.17,322.14,1,S,5,N
16,44.76,322.44,1,S,5,N
18,54.41,322.74,1,S,5,N
19,54.46,323.04,1,S,5,N
21,60.09,323.34,1,S,5,N
229,174.05,323.64,2,E,5,N
216,141.14,323.94,2,W,5,N
22,128.34,324.24,1,S,5,N
24,130.45,324.54,1,S,5,N
257,232.20,324.73,3,E,5,E
26,131.04,324.84,1,S,5,N
120,71.78,325.14,1,W,5,N
121,117.24,325.44,1,W,5,N
123,153.57,325.74,1,W,5,N
183,181.00,326.04,1,E,5,N
62,312.52,326.65,1,S,1,E
241,273.44,329.07,3,W,5,E
259,237.15,331.47,3,E,5,N
260,250.81,331.77,3,E,5,N
261,252.90,332.07,3,E,5,N
56,228.94,338.17,1,S,3,W
129,264.29,339.97,1,W,3,W
297,287.25,366.14,5,W,5,N
298,291.24,366.44,5,W,5,N
299,291.40,366.74,5,W,5,N
300,295.59,367.04,5,W,5,N
301,311.33,367.34,5,W,5,N
302,313.78,367.64,5,W,5,N
303,317.24,367.94,5,W,5,N
304,341.55,368.24,5,W,5,N
342,318.56,380.14,5,E,5,N
59,302.09,399.80,1,S,3,W
258,234.50,399.90,3,E,5,W
60,302.89,400.10,1,S,3,W
37,165.76,400.20,1,S,5,W
231,280.98,400.50,2,E,5,W
48,190.73,400.80,1,S,5,W
52,205.07,401.10,1,S,5,W
125,199.04,401.40,1,W,5,W
132,272.18,401.60,1,W,2,W
126,217.02,401.70,1,W,5,W
128,232.19,402.00,1,W,5,W
185,237.93,402.30,1,E,5,W
187,278.72,402.60,1,E,5,W
188,279.48,402.90,1,E,5,W
32,159.04,422.04,1,S,5,N
34,162.18,422.34,1,S,5,N
38,168.63,422.64,1,S,5,N
41,176.12,422.94,1,S,5,N
42,176.57,423.24,1,S,5,N
44,181.77,423.54,1,S,5,N
46,187.40,423.84,1,S,5,N
49,200.05,424.14,1,S,5,N
51,203.48,424.44,1,S,5,N
53,219.23,424.74,1,S,5,N
124,195.22,425.04,1,W,5,N
127,220.82,425.34,1,W,5,N
184,233.73,425.64,1,E,5,N
186,242.30,425.94,1,E,5,N
262,361.11,430.67,3,E,5,N
242,392.49,454.26,3,W,5,N
305,387.70,466.04,5,W,5,N
306,394.28,466.34,5,W,5,N
307,394.31,466.64,5,W,5,N
308,395.59,466.94,5,W,5,N
309,399.50,467.24,5,W,5,N
310,431.09,467.54,5,W,5,N
311,434.68,467.84,5,W,5,N
312,437.25,468.14,5,W,5,N
313,465.33,471.47,5,W,5,N
314,469.11,475.24,5,W,5,N
315,472.40,478.54,5,W,5,N
343,459.23,480.04,5,E,5,N
263,363.90,499.80,3,E,5,W
232,359.62,500.10,2,E,5,W
218,343.23,500.40,2,W,5,W
61,306.57,500.70,1,S,5,W
131,271.05,501.00,1,W,5,W
133,276.06,501.30,1,W,5,W
135,324.92,501.60,1,W,5,W
136,331.95,501.90,1,W,5,W
190,384.20,502.03,1,E,5,W
63,403.88,502.30,1,S,1,W
64,407.35,502.60,1,S,1,W
70,437.09,502.90,1,S,1,W
73,449.80,503.20,1,S,1,W
74,452.72,515.70,1,S,1,E
58,301.57,515.80,1,S,5,E
217,317.99,522.24,2,W,5,N
130,267.49,522.54,1,W,5,N
134,306.20,522.84,1,W,5,N
189,362.42,523.14,1,E,5,N
264,402.79,530.47,3,E,5,N
265,431.82,530.77,3,E,5,N
66,422.78,537.17,1,S,3,W
138,384.92,538.67,1,W,3,E
316,474.80,565.94,5,W,5,N
317,507.28,566.24,5,W,5,N
318,511.05,566.54,5,W,5,N
319,511.82,566.84,5,W,5,N
320,539.95,567.14,5,W,5,N
321,555.09,567.44,5,W,5,N
322,556.94,567.74,5,W,5,N
344,565.53,579.94,5,E,5,N
345,577.51,583.64,5,E,5,N
266,496.30,599.70,3,E,5,W
267,498.96,600.00,3,E,5,W
234,474.22,600.30,2,E,5,W
139,398.78,600.60,1,W,5,W
191,404.23,600.90,1,E,5,W
192,415.34,601.20,1,E,5,W
75,526.37,602.70,1,S,1,W
76,529.94,603.00,1,S,1,W
85,550.28,603.30,1,S,1,W
86,550.94,603.60,1,S,1,W
92,562.41,603.90,1,S,1,W
98,586.67,604.20,1,S,1,W
197,572.42,604.80,1,E,2,W
194,481.94,618.70,1,E,5,E
96,576.78,619.10,1,S,1,E
233,439.61,621.84,2,E,5,N
65,410.85,622.14,1,S,5,N
67,428.76,622.44,1,S,5,N
68,432.65,622.74,1,S,5,N
69,433.19,623.04,1,S,5,N
137,381.86,623.34,1,W,5,N
140,425.62,623.64,1,W,5,N
141,427.98,623.94,1,W,5,N
243,524.50,624.13,3,W,5,E
142,447.55,624.24,1,W,5,N
193,435.54,624.54,1,E,5,N
268,502.27,630.27,3,E,5,N
83,548.46,642.22,1,S,2,W
323,574.67,665.84,5,W,5,N
324,595.83,666.14,5,W,5,N
325,608.48,666.44,5,W,5,N
326,610.47,666.74,5,W,5,N
327,624.38,667.04,5,W,5,N
328,655.47,667.34,5,W,5,N
346,658.38,679.84,5,E,5,N
77,531.11,699.60,1,S,5,W
87,552.92,699.80,1,S,3,W
79,532.79,699.90,1,S,5,W
88,556.79,700.10,1,S,3,W
80,538.22,700.20,1,S,5,W
143,487.19,700.50,1,W,5,W
144,538.30,700.80,1,W,5,W
145,539.95,701.10,1,W,5,W
147,544.50,701.40,1,W,5,W
195,506.76,701.70,1,E,5,W
198,580.14,702.00,1,E,5,W
103,672.36,703.10,1,S,1,W
104,675.34,716.20,1,S,1,E
221,592.65,717.10,2,W,5,E
71,442.75,721.74,1,S,5,N
72,446.52,722.04,1,S,5,N
219,503.12,722.34,2,W,5,N
235,555.59,722.64,2,E,5,N
220,565.60,722.94,2,W,5,N
78,531.52,723.54,1,S,5,N
146,541.80,723.84,1,W,5,N
148,547.99,724.14,1,W,5,N
270,617.93,724.23,3,E,5,E
149,560.59,724.44,1,W,5,N
196,536.56,724.74,1,E,5,N
269,615.13,730.07,3,E,5,N
244,632.37,730.07,3,W,5,N
245,641.31,730.37,3,W,5,N
97,584.43,737.07,1,S,3,E
99,591.31,737.37,1,S,3,E
155,600.27,739.77,1,W,3,E
159,633.59,740.97,1,W,3,W
329,673.29,765.74,5,W,5,N
330,743.59,766.04,5,W,5,N
347,766.95,779.74,5,E,5,N
271,621.03,799.50,3,E,5,W
246,691.37,799.80,3,W,5,W
84,548.94,800.10,1,S,5,W
94,571.99,800.40,1,S,5,W
95,573.08,800.70,1,S,5,W
101,601.70,801.00,1,S,5,W
150,567.63,801.30,1,W,5,W
151,569.46,801.60,1,W,5,W
152,573.00,801.90,1,W,5,W
199,603.08,802.20,1,E,5,W
200,642.39,802.50,1,E,5,W
91,561.62,817.00,1,S,5,E
247,698.11,821.64,3,W,5,N
81,540.00,821.94,1,S,5,N
82,541.74,822.24,1,S,5,N
89,559.30,822.54,1,S,5,N
90,559.45,822.84,1,S,5,N
93,568.77,823.44,1,S,5,N
222,661.95,823.74,2,W,5,N
273,709.19,824.03,3,E,5,E
236,610.98,824.04,2,E,5,N
223,690.60,824.34,2,W,5,N
100,592.75,824.64,1,S,5,N
153,576.44,824.94,1,W,5,N
154,596.13,825.24,1,W,5,N
156,611.04,825.54,1,W,5,N
157,613.94,825.84,1,W,5,N
158,627.39,826.14,1,W,5,N
201,652.82,826.44,1,E,5,N
202,672.67,826.74,1,E,5,N
203,692.46,827.04,1,E,5,N
272,705.86,829.87,3,E,5,N
274,740.19,830.47,3,E,5,N
167,733.55,839.87,1,W,3,E
168,735.97,840.17,1,W,3,W
276,793.08,854.85,3,E,5,N
331,811.35,865.64,5,W,5,N
348,868.29,879.64,5,E,5,N
349,884.42,890.56,5,E,5,N
350,885.99,892.12,5,E,5,N
107,798.77,898.50,1,S,3,E
275,756.76,899.40,3,E,5,W
224,740.09,899.70,2,W,5,W
238,798.38,900.00,2,E,5,W
161,675.38,900.30,1,W,5,W
169,739.69,900.60,1,W,5,W
204,706.98,900.90,1,E,5,W
208,807.65,902.40,1,E,2,W
108,800.54,903.90,1,S,1,W
111,860.13,917.00,1,S,1,E
165,722.36,917.80,1,W,5,E
206,749.83,919.00,1,E,5,E
102,668.97,921.54,1,S,5,N
237,707.52,921.84,2,E,5,N
105,736.11,922.14,1,S,5,N
106,736.19,922.44,1,S,5,N
160,672.67,922.74,1,W,5,N
162,680.12,923.04,1,W,5,N
163,684.92,923.34,1,W,5,N
164,686.30,923.64,1,W,5,N
166,729.79,924.24,1,W,5,N
170,767.30,924.54,1,W,5,N
205,728.40,924.84,1,E,5,N
207,770.78,925.44,1,E,5,N
248,841.98,929.67,3,W,5,N
332,874.88,965.54,5,W,5,N
333,889.20,965.84,5,W,5,N
226,835.05,999.30,2,W,5,W
239,886.29,999.60,2,E,5,W
174,840.75,999.90,1,W,5,W
171,789.89,1016.20,1,W,5,E
173,802.00,1016.80,1,W,5,E
109,802.23,1021.44,1,S,5,N
225,812.24,1021.74,2,W,5,N
227,863.43,1022.04,2,W,5,N
172,790.55,1022.64,1,W,5,N
209,813.51,1023.24,1,E,5,N
210,815.81,1023.54,1,E,5,N
211,823.31,1023.84,1,E,5,N
212,881.58,1024.14,1,E,5,N
177,887.57,1099.20,1,W,5,W
110,859.92,1121.34,1,S,5,N
175,882.55,1121.64,1,W,5,N
176,884.96,1121.94,1,W,5,N
178,891.04,1122.24,1,W,5,N