id,enter_time,exit_time,entrance_intersection,entrance_direction,exit_intersection,exit_direction
256,3.62,66.44,5,W,5,N
257,4.82,66.74,5,W,5,N
258,11.03,67.04,5,W,5,N
259,13.89,67.34,5,W,5,N
260,16.49,67.64,5,W,5,N
315,1.00,80.44,5,E,5,N
316,11.69,80.74,5,E,5,N
2,75.44,100.70,1,S,1,W
218,37.50,125.43,3,W,5,E
162,81.58,143.77,1,E,3,E
261,99.26,166.34,5,W,5,N
262,102.58,166.64,5,W,5,N
263,117.79,166.94,5,W,5,N
264,123.32,167.24,5,W,5,N
265,126.01,167.54,5,W,5,N
266,148.00,167.84,5,W,5,N
267,150.51,168.14,5,W,5,N
268,154.37,168.44,5,W,5,N
317,147.62,180.34,5,E,5,N
318,148.60,180.64,5,E,5,N
319,151.58,180.94,5,E,5,N
320,163.08,181.24,5,E,5,N
217,33.58,200.10,3,W,5,W
0,2.38,200.40,1,S,5,W
192,24.54,200.70,2,W,5,W
96,102.12,200.80,1,W,2,W
91,5.79,201.00,1,W,5,W
8,160.77,201.10,1,S,1,W
94,54.17,201.30,1,W,5,W
11,165.47,201.40,1,S,1,W
12,168.79,201.70,1,S,1,W
17,185.65,202.00,1,S,1,W
18,189.47,203.60,1,S,1,W
21,198.05,217.50,1,S,1,E
22,201.21,217.80,1,S,1,E
206,52.19,222.24,2,E,5,N
193,98.31,222.54,2,W,5,N
90,2.74,222.84,1,W,5,N
92,36.04,223.14,1,W,5,N
93,47.46,223.44,1,W,5,N
95,61.82,223.74,1,W,5,N
163,90.01,224.04,1,E,5,N
234,112.64,231.37,3,E,5,N
236,125.85,231.97,3,E,5,N
237,128.92,232.27,3,E,5,N
219,172.57,234.34,3,W,5,N
165,104.74,238.97,1,E,3,E
9,161.26,241.22,1,S,2,W
220,196.92,258.69,3,W,5,N
269,214.68,266.24,5,W,5,N
270,217.06,266.54,5,W,5,N
271,219.77,266.84,5,W,5,N
272,251.51,267.14,5,W,5,N
273,261.47,267.61,5,W,5,N
321,270.45,280.24,5,E,5,N
322,292.68,298.82,5,E,5,N
164,97.56,300.00,1,E,5,W
233,110.15,300.30,3,E,5,W
235,115.12,300.60,3,E,5,W
221,198.26,300.90,3,W,5,W
27,222.19,301.20,1,S,2,W
1,70.42,301.20,1,S,5,W
23,202.35,301.50,1,S,1,W
14,178.12,301.50,1,S,3,W
3,136.85,301.50,1,S,5,W
29,224.77,301.80,1,S,2,W
25,211.34,301.80,1,S,1,W
98,138.14,301.80,1,W,5,W
16,180.68,302.10,1,S,3,W
166,116.40,302.10,1,E,5,W
34,300.63,314.77,1,S,1,E
99,141.31,316.60,1,W,5,E
102,155.38,317.50,1,W,5,E
207,125.53,322.14,2,E,5,N
97,105.44,322.44,1,W,5,N
36,308.87,323.00,1,S,1,E
100,144.03,323.04,1,W,5,N
101,147.57,323.34,1,W,5,N
167,145.19,323.94,1,E,5,N
168,153.17,324.24,1,E,5,N
169,155.83,324.54,1,E,5,N
240,245.33,325.33,3,E,5,E
222,202.70,330.87,3,W,5,N
239,230.21,331.17,3,E,5,N
223,259.43,331.17,3,W,5,N
274,286.28,366.14,5,W,5,N
275,287.55,366.44,5,W,5,N
276,288.51,366.74,5,W,5,N
277,289.42,367.04,5,W,5,N
278,293.40,367.34,5,W,5,N
279,297.65,367.64,5,W,5,N
280,326.47,367.94,5,W,5,N
281,330.12,368.24,5,W,5,N
282,333.31,368.54,5,W,5,N
283,346.03,368.84,5,W,5,N
284,351.62,369.14,5,W,5,N
285,354.11,369.44,5,W,5,N
286,354.59,369.74,5,W,5,N
287,372.32,378.46,5,W,5,N
323,303.05,380.14,5,E,5,N
324,304.67,380.44,5,E,5,N
325,306.38,380.74,5,E,5,N
326,388.12,394.26,5,E,5,N
238,216.47,399.90,3,E,5,W
241,267.62,400.20,3,E,5,W
242,282.46,400.50,3,E,5,W
13,174.15,400.80,1,S,5,W
194,258.31,401.10,2,W,5,W
30,228.69,401.40,1,S,5,W
32,235.13,401.70,1,S,5,W
35,301.35,401.90,1,S,1,W
37,312.30,402.20,1,S,1,W
38,314.01,402.50,1,S,1,W
172,317.92,402.50,1,E,2,W
4,137.67,415.90,1,S,5,E
170,277.45,421.00,1,E,5,E
5,139.33,422.34,1,S,5,N
6,153.93,422.64,1,S,5,N
7,158.62,422.94,1,S,5,N
10,164.13,423.24,1,S,5,N
15,179.88,423.54,1,S,5,N
19,192.49,423.84,1,S,5,N
20,194.11,424.14,1,S,5,N
208,215.25,424.44,2,E,5,N
24,206.83,424.74,1,S,5,N
26,211.37,425.04,1,S,5,N
28,224.32,425.34,1,S,5,N
31,232.57,425.64,1,S,5,N
103,191.42,425.94,1,W,5,N
104,225.70,426.24,1,W,5,N
105,225.79,426.54,1,W,5,N
106,250.42,426.84,1,W,5,N
224,372.82,434.59,3,W,5,N
244,378.19,439.96,3,E,5,N
288,389.20,466.04,5,W,5,N
289,404.91,466.34,5,W,5,N
290,449.41,466.64,5,W,5,N
327,406.02,480.04,5,E,5,N
328,411.17,480.34,5,E,5,N
243,375.69,499.80,3,E,5,W
33,297.96,500.10,1,S,5,W
42,398.26,500.20,1,S,3,W
209,312.53,500.40,2,E,5,W
198,385.52,500.70,2,W,5,W
108,301.66,501.00,1,W,5,W
111,364.54,501.30,1,W,5,W
47,407.70,502.30,1,S,1,W
51,415.86,502.60,1,S,1,W
114,395.51,502.60,1,W,2,W
54,483.48,502.90,1,S,1,W
329,498.72,504.86,5,E,5,N
177,451.64,505.00,1,E,2,W
211,481.50,517.57,2,E,3,W
195,313.11,521.94,2,W,5,N
196,335.07,522.24,2,W,5,N
197,376.14,522.54,2,W,5,N
210,387.48,522.84,2,E,5,N
107,298.11,523.14,1,W,5,N
109,304.09,523.44,1,W,5,N
110,333.11,523.74,1,W,5,N
171,311.94,524.04,1,E,5,N
173,357.08,524.34,1,E,5,N
246,452.51,530.77,3,E,5,N
48,410.27,537.17,1,S,3,E
291,479.60,565.94,5,W,5,N
292,481.76,566.24,5,W,5,N
293,515.50,566.54,5,W,5,N
294,519.46,566.84,5,W,5,N
330,514.62,579.94,5,E,5,N
245,450.15,599.70,3,E,5,W
225,485.92,600.00,3,W,5,W
43,402.58,600.30,1,S,5,W
58,499.84,600.60,1,S,3,W
117,414.59,600.60,1,W,5,W
120,495.39,601.20,1,W,2,W
121,529.35,601.50,1,W,2,W
64,581.21,602.70,1,S,1,W
179,556.79,603.60,1,E,2,W
199,407.52,617.20,2,W,5,E
69,595.78,618.20,1,S,1,E
39,384.07,621.84,1,S,5,N
40,384.94,622.14,1,S,5,N
41,388.92,622.44,1,S,5,N
44,402.67,622.74,1,S,5,N
45,403.27,623.04,1,S,5,N
46,406.12,623.64,1,S,5,N
49,410.50,623.94,1,S,5,N
50,412.69,624.24,1,S,5,N
112,367.38,624.54,1,W,5,N
113,369.91,624.84,1,W,5,N
115,408.16,625.14,1,W,5,N
116,411.94,625.44,1,W,5,N
118,463.63,625.74,1,W,5,N
174,410.39,626.04,1,E,5,N
175,416.18,626.34,1,E,5,N
176,440.52,626.64,1,E,5,N
178,487.59,626.94,1,E,5,N
247,528.07,630.27,3,E,5,N
248,551.11,630.57,3,E,5,N
125,557.85,638.77,1,W,3,W
295,588.34,665.84,5,W,5,N
296,590.22,666.14,5,W,5,N
297,593.89,666.44,5,W,5,N
298,611.35,666.74,5,W,5,N
299,615.43,667.04,5,W,5,N
300,618.95,667.34,5,W,5,N
301,624.33,667.64,5,W,5,N
302,629.94,667.94,5,W,5,N
303,668.06,674.20,5,W,5,N
304,671.86,677.99,5,W,5,N
331,661.70,679.84,5,E,5,N
332,663.23,680.14,5,E,5,N
333,682.80,688.93,5,E,5,N
61,569.38,699.50,1,S,3,E
249,567.81,699.60,3,E,5,W
226,590.17,699.90,3,W,5,W
63,575.90,700.10,1,S,3,W
122,544.63,700.20,1,W,5,W
66,585.22,700.70,1,S,3,W
77,621.41,702.20,1,S,2,W
78,623.73,702.50,1,S,2,W
70,599.24,703.10,1,S,1,W
72,604.08,703.40,1,S,1,W
182,682.33,708.45,1,E,2,E
183,687.27,713.39,1,E,2,W
119,466.49,717.70,1,W,5,E
126,560.82,718.60,1,W,5,E
52,481.54,721.74,1,S,5,N
53,482.65,722.04,1,S,5,N
55,487.07,722.34,1,S,5,N
56,492.28,722.64,1,S,5,N
57,494.11,722.94,1,S,5,N
212,544.70,723.24,2,E,5,N
200,583.05,723.54,2,W,5,N
123,548.49,724.14,1,W,5,N
124,551.58,724.44,1,W,5,N
127,564.54,725.04,1,W,5,N
180,593.57,725.34,1,E,5,N
250,687.02,748.79,3,E,5,N
229,688.89,750.66,3,W,5,N
305,675.78,765.74,5,W,5,N
306,679.57,766.04,5,W,5,N
307,682.52,766.34,5,W,5,N
308,683.27,766.64,5,W,5,N
309,740.56,766.94,5,W,5,N
310,743.36,767.24,5,W,5,N
311,758.96,767.54,5,W,5,N
334,788.10,794.24,5,E,5,N
227,633.21,799.50,3,W,5,W
228,686.33,799.80,3,W,5,W
65,581.91,800.10,1,S,5,W
68,595.08,800.40,1,S,5,W
71,600.72,800.70,1,S,5,W
76,618.81,801.00,1,S,5,W
79,714.86,801.10,1,S,2,W
128,567.57,801.30,1,W,5,W
131,595.59,801.60,1,W,5,W
132,598.06,801.90,1,W,5,W
133,601.95,802.20,1,W,5,W
138,656.72,802.50,1,W,5,W
84,734.43,803.50,1,S,1,W
88,754.18,803.80,1,S,1,W
86,747.36,816.60,1,S,1,E
130,592.44,818.20,1,W,5,E
59,567.00,821.64,1,S,5,N
60,568.16,821.94,1,S,5,N
62,570.24,822.24,1,S,5,N
67,589.07,822.54,1,S,5,N
213,626.05,822.84,2,E,5,N
73,607.78,823.14,1,S,5,N
74,610.92,823.44,1,S,5,N
75,614.85,823.74,1,S,5,N
129,573.59,824.04,1,W,5,N
134,605.15,824.64,1,W,5,N
135,644.27,824.94,1,W,5,N
136,648.05,825.24,1,W,5,N
137,654.13,825.54,1,W,5,N
181,661.02,825.84,1,E,5,N
215,791.65,827.72,2,E,3,E
82,730.21,838.07,1,S,3,E
312,788.44,865.64,5,W,5,N
313,814.97,865.94,5,W,5,N
314,818.86,866.24,5,W,5,N
335,843.61,879.64,5,E,5,N
336,887.42,893.56,5,E,5,N
337,887.82,893.95,5,E,5,N
87,750.34,899.10,1,S,3,W
230,745.07,899.40,3,W,5,W
251,722.59,899.70,3,E,5,W
252,759.89,900.00,3,E,5,W
214,711.23,900.30,2,E,5,W
80,717.06,900.60,1,S,5,W
81,719.04,900.90,1,S,5,W
83,731.77,901.20,1,S,5,W
89,822.27,901.20,1,S,2,W
140,680.69,901.50,1,W,5,W
142,685.31,901.80,1,W,5,W
145,698.56,902.10,1,W,5,W
146,701.46,902.40,1,W,5,W
147,752.45,902.70,1,W,5,W
148,766.78,903.00,1,W,5,W
187,830.46,903.00,1,E,2,W
184,709.05,903.30,1,E,5,W
185,762.10,903.60,1,E,5,W
141,684.40,916.60,1,W,5,E
216,883.63,919.70,2,E,3,E
201,744.54,921.54,2,W,5,N
202,769.21,921.84,2,W,5,N
203,794.91,922.14,2,W,5,N
139,678.37,922.44,1,W,5,N
143,687.86,923.04,1,W,5,N
144,691.24,923.34,1,W,5,N
232,861.69,923.83,3,W,5,E
205,890.50,926.58,2,W,3,E
231,850.37,929.67,3,W,5,N
253,859.74,929.67,3,E,5,N
254,872.03,933.80,3,E,5,N
255,875.17,999.30,3,E,5,W
85,746.10,999.60,1,S,5,W
204,862.33,999.90,2,W,5,W
149,772.68,1000.20,1,W,5,W
153,836.15,1000.50,1,W,5,W
186,801.37,1021.44,1,E,5,N
150,790.54,1021.74,1,W,5,N
151,820.60,1022.04,1,W,5,N
152,823.11,1022.34,1,W,5,N
188,841.29,1022.64,1,E,5,N
189,861.10,1022.94,1,E,5,N
190,877.71,1023.24,1,E,5,N
191,897.93,1023.54,1,E,5,N
160,897.14,1039.17,1,W,3,W
159,895.93,1116.70,1,W,5,E
154,869.07,1121.34,1,W,5,N
155,881.16,1121.64,1,W,5,N
156,887.04,1121.94,1,W,5,N
157,890.02,1122.24,1,W,5,N
158,894.20,1122.54,1,W,5,N
161,897.60,1123.14,1,W,5,N