id,enter_time,exit_time,entrance_intersection,entrance_direction,exit_intersection,exit_direction
265,2.35,66.44,5,W,5,N
266,4.58,66.74,5,W,5,N
267,32.02,67.04,5,W,5,N
268,36.97,67.34,5,W,5,N
269,40.96,67.64,5,W,5,N
270,41.32,67.94,5,W,5,N
271,46.95,68.24,5,W,5,N
272,50.60,68.54,5,W,5,N
332,6.07,80.44,5,E,5,N
333,17.50,80.74,5,E,5,N
9,39.17,100.70,1,S,1,W
242,2.93,131.27,3,E,5,N
243,25.03,131.57,3,E,5,N
95,42.77,139.17,1,W,3,E
167,44.60,140.37,1,E,3,W
273,118.87,166.34,5,W,5,N
274,119.09,166.64,5,W,5,N
275,151.88,166.94,5,W,5,N
276,169.92,176.06,5,W,5,N
334,108.77,180.34,5,E,5,N
335,120.09,180.64,5,E,5,N
0,1.17,200.10,1,S,5,W
193,58.68,200.40,2,W,5,W
209,48.41,200.70,2,E,5,W
194,81.23,201.00,2,W,5,W
2,5.29,201.30,1,S,5,W
4,12.01,201.60,1,S,5,W
8,35.57,201.90,1,S,5,W
93,15.66,202.20,1,W,5,W
101,159.04,202.30,1,W,2,W
165,39.62,202.50,1,E,5,W
15,190.83,214.50,1,S,1,E
1,2.71,222.24,1,S,5,N
3,8.17,222.54,1,S,5,N
5,26.75,222.84,1,S,5,N
6,30.52,223.14,1,S,5,N
7,33.53,223.44,1,S,5,N
94,23.37,223.74,1,W,5,N
164,36.37,224.04,1,E,5,N
166,44.11,224.34,1,E,5,N
168,89.10,224.64,1,E,5,N
169,91.48,224.94,1,E,5,N
223,109.44,231.07,3,W,5,N
245,150.89,231.37,3,E,5,N
224,150.76,231.37,3,W,5,N
225,196.42,258.19,3,W,5,N
277,229.96,266.24,5,W,5,N
278,242.49,266.54,5,W,5,N
279,244.25,266.84,5,W,5,N
280,248.72,267.14,5,W,5,N
281,262.87,269.00,5,W,5,N
336,227.69,280.24,5,E,5,N
170,94.46,300.00,1,E,5,W
16,191.64,300.30,1,S,3,W
244,137.21,300.30,3,E,5,W
246,188.89,300.60,3,E,5,W
10,39.94,300.90,1,S,5,W
11,44.28,301.20,1,S,5,W
195,108.46,301.50,2,W,5,W
210,143.39,301.80,2,E,5,W
196,136.61,302.10,2,W,5,W
197,146.69,302.40,2,W,5,W
211,190.08,302.70,2,E,5,W
97,81.84,303.00,1,W,5,W
100,122.33,303.30,1,W,5,W
171,151.44,303.60,1,E,5,W
18,264.39,314.60,1,S,1,E
198,152.33,322.14,2,W,5,N
199,180.59,322.44,2,W,5,N
12,109.95,322.74,1,S,5,N
96,76.34,323.04,1,W,5,N
98,85.00,323.34,1,W,5,N
99,117.32,323.64,1,W,5,N
226,242.48,330.87,3,W,5,N
248,286.98,348.75,3,E,5,N
227,290.06,351.83,3,W,5,N
249,290.30,352.07,3,E,5,N
173,297.90,360.09,1,E,3,E
282,294.23,366.14,5,W,5,N
283,351.32,366.44,5,W,5,N
284,366.10,372.24,5,W,5,N
285,368.53,374.66,5,W,5,N
337,331.58,380.14,5,E,5,N
247,206.73,399.90,3,E,5,W
228,296.65,400.20,3,W,5,W
13,182.13,400.50,1,S,5,W
212,280.01,400.80,2,E,5,W
23,272.43,401.00,1,S,3,W
103,182.22,401.10,1,W,5,W
108,261.16,401.40,1,W,5,W
172,204.37,401.70,1,E,5,W
27,358.99,401.90,1,S,1,W
200,372.64,412.87,2,W,3,E
34,380.78,416.80,1,S,1,E
14,187.25,422.04,1,S,5,N
102,165.55,422.34,1,W,5,N
104,190.19,422.64,1,W,5,N
105,193.23,422.94,1,W,5,N
106,196.02,423.24,1,W,5,N
107,229.60,423.54,1,W,5,N
115,343.33,438.57,1,W,3,E
118,355.25,439.47,1,W,3,W
175,312.98,440.07,1,E,3,E
29,361.99,441.42,1,S,2,W
30,362.59,441.72,1,S,2,W
286,374.34,466.04,5,W,5,N
287,377.78,466.34,5,W,5,N
288,380.12,466.64,5,W,5,N
289,381.71,466.94,5,W,5,N
290,384.94,467.24,5,W,5,N
291,388.42,467.54,5,W,5,N
292,392.06,467.84,5,W,5,N
293,395.20,468.14,5,W,5,N
294,468.42,474.56,5,W,5,N
338,439.13,480.04,5,E,5,N
250,370.59,499.80,3,E,5,W
21,271.30,500.10,1,S,5,W
213,304.68,500.40,2,E,5,W
214,343.84,500.70,2,E,5,W
109,267.75,501.00,1,W,5,W
114,336.51,501.30,1,W,5,W
37,391.34,501.40,1,S,3,E
24,272.77,517.00,1,S,5,E
17,258.54,521.94,1,S,5,N
19,266.57,522.24,1,S,5,N
20,270.49,522.54,1,S,5,N
22,272.10,522.84,1,S,5,N
25,276.15,523.44,1,S,5,N
201,375.86,523.74,2,W,5,N
110,275.28,524.04,1,W,5,N
251,468.47,524.11,3,E,5,E
111,289.70,524.34,1,W,5,N
230,459.71,524.63,3,W,5,E
112,296.50,524.64,1,W,5,N
113,334.87,524.94,1,W,5,N
116,346.22,525.24,1,W,5,N
117,349.13,525.54,1,W,5,N
174,307.86,525.84,1,E,5,N
176,366.11,526.14,1,E,5,N
229,408.22,530.47,3,W,5,N
252,472.26,534.03,3,E,5,N
231,474.53,536.30,3,W,5,N
125,442.68,538.67,1,W,3,W
42,483.68,542.42,1,S,2,E
295,483.61,565.94,5,W,5,N
296,484.88,566.24,5,W,5,N
297,487.47,566.54,5,W,5,N
298,502.87,566.84,5,W,5,N
299,506.41,567.14,5,W,5,N
300,511.12,567.44,5,W,5,N
301,526.38,567.74,5,W,5,N
302,527.13,568.04,5,W,5,N
339,546.75,579.94,5,E,5,N
340,552.58,580.24,5,E,5,N
253,475.37,599.70,3,E,5,W
41,482.41,600.00,1,S,3,W
35,384.16,600.00,1,S,5,W
216,496.97,600.30,2,E,5,W
119,397.71,600.60,1,W,5,W
122,435.21,600.90,1,W,5,W
126,444.43,601.20,1,W,5,W
127,447.04,601.50,1,W,5,W
177,441.92,601.80,1,E,5,W
44,558.96,615.50,1,S,1,E
52,573.02,617.90,1,S,1,E
121,431.47,618.40,1,W,5,E
26,347.35,621.84,1,S,5,N
28,361.73,622.14,1,S,5,N
31,364.95,622.44,1,S,5,N
32,366.53,622.74,1,S,5,N
33,375.44,623.04,1,S,5,N
36,385.71,623.34,1,S,5,N
202,430.46,623.64,2,W,5,N
215,431.42,623.94,2,E,5,N
120,431.26,624.24,1,W,5,N
123,437.73,624.84,1,W,5,N
124,439.90,625.14,1,W,5,N
128,449.60,625.44,1,W,5,N
178,453.58,625.74,1,E,5,N
254,501.16,630.27,3,E,5,N
232,500.01,630.27,3,W,5,N
255,527.90,630.57,3,E,5,N
130,496.45,637.27,1,W,3,W
45,561.65,641.92,1,S,2,E
303,581.73,665.84,5,W,5,N
304,585.40,666.14,5,W,5,N
305,588.86,666.44,5,W,5,N
306,601.25,666.74,5,W,5,N
307,604.75,667.04,5,W,5,N
308,608.20,667.34,5,W,5,N
309,610.01,667.64,5,W,5,N
310,624.48,667.94,5,W,5,N
311,624.84,668.24,5,W,5,N
312,624.87,668.54,5,W,5,N
313,639.04,668.84,5,W,5,N
341,686.05,692.18,5,E,5,N
342,687.67,693.80,5,E,5,N
256,530.41,699.60,3,E,5,W
38,471.27,699.90,1,S,5,W
39,475.32,700.20,1,S,5,W
129,480.77,700.50,1,W,5,W
134,553.73,700.80,1,W,5,W
56,694.42,708.55,1,S,1,W
57,694.48,716.20,1,S,1,E
132,520.34,717.10,1,W,5,E
180,600.09,717.91,1,E,5,E
40,481.12,721.74,1,S,5,N
43,494.60,722.04,1,S,5,N
203,502.39,722.34,2,W,5,N
217,586.65,722.64,2,E,5,N
131,499.00,722.94,1,W,5,N
133,553.51,723.54,1,W,5,N
179,523.93,723.84,1,E,5,N
258,648.77,730.37,3,E,5,N
235,647.92,730.67,3,W,5,N
64,718.36,732.50,1,S,1,E
145,656.33,740.67,1,W,3,E
314,723.79,765.74,5,W,5,N
315,741.62,766.04,5,W,5,N
316,745.06,766.34,5,W,5,N
317,745.32,766.64,5,W,5,N
318,749.53,766.94,5,W,5,N
319,751.99,767.24,5,W,5,N
320,756.01,767.54,5,W,5,N
321,758.45,767.84,5,W,5,N
322,759.71,768.14,5,W,5,N
323,766.01,772.15,5,W,5,N
324,769.19,775.32,5,W,5,N
343,746.69,779.74,5,E,5,N
344,756.92,780.04,5,E,5,N
345,762.24,780.34,5,E,5,N
346,776.13,782.27,5,E,5,N
55,693.90,798.70,1,S,3,W
233,606.78,799.50,3,W,5,W
257,635.11,799.80,3,E,5,W
234,616.78,800.10,3,W,5,W
259,684.35,800.40,3,E,5,W
51,572.39,800.70,1,S,5,W
219,695.59,801.00,2,E,5,W
53,621.32,801.30,1,S,5,W
135,586.81,801.60,1,W,5,W
137,590.91,801.90,1,W,5,W
139,618.83,802.20,1,W,5,W
146,659.15,802.50,1,W,5,W
148,664.39,802.80,1,W,5,W
181,637.96,803.10,1,E,5,W
183,683.30,803.40,1,E,5,W
59,699.40,803.50,1,S,1,W
63,716.78,803.80,1,S,1,W
68,724.36,804.10,1,S,1,W
48,567.49,816.10,1,S,5,E
218,669.58,817.30,2,E,5,E
46,564.03,821.64,1,S,5,N
47,567.48,821.94,1,S,5,N
49,568.21,822.54,1,S,5,N
50,571.35,822.84,1,S,5,N
204,676.26,823.14,2,W,5,N
54,623.81,823.74,1,S,5,N
136,590.42,824.04,1,W,5,N
138,615.44,824.34,1,W,5,N
140,625.76,824.64,1,W,5,N
141,626.72,824.94,1,W,5,N
142,647.13,825.24,1,W,5,N
143,650.74,825.54,1,W,5,N
144,653.08,825.84,1,W,5,N
147,662.07,826.14,1,W,5,N
182,655.60,826.44,1,E,5,N
237,771.21,826.85,3,W,5,E
236,768.37,830.14,3,W,5,N
261,709.34,830.17,3,E,5,N
149,667.50,838.97,1,W,3,W
186,713.10,841.07,1,E,3,W
263,789.31,851.08,3,E,5,N
325,790.69,865.64,5,W,5,N
326,801.44,865.94,5,W,5,N
327,822.10,866.24,5,W,5,N
328,846.33,866.54,5,W,5,N
329,847.43,866.84,5,W,5,N
330,866.42,872.56,5,W,5,N
260,706.31,899.40,3,E,5,W
262,727.13,899.70,3,E,5,W
238,774.38,900.00,3,W,5,W
239,795.69,900.30,3,W,5,W
60,703.11,900.60,1,S,5,W
220,783.10,900.90,2,E,5,W
61,706.19,901.20,1,S,5,W
66,722.88,901.50,1,S,5,W
69,726.79,901.80,1,S,5,W
185,706.69,902.10,1,E,5,W
188,755.35,902.40,1,E,5,W
75,811.07,903.90,1,S,1,W
77,816.06,904.20,1,S,1,W
82,821.69,904.50,1,S,1,W
83,824.80,904.80,1,S,1,W
84,826.58,905.10,1,S,1,W
87,836.79,905.40,1,S,1,W
160,858.29,905.70,1,W,2,E
58,697.13,921.54,1,S,5,N
205,750.54,921.84,2,W,5,N
62,713.75,922.14,1,S,5,N
65,720.77,922.44,1,S,5,N
67,723.30,922.74,1,S,5,N
150,670.08,923.04,1,W,5,N
151,695.84,923.34,1,W,5,N
264,863.13,923.53,3,E,5,E
152,735.37,923.64,1,W,5,N
153,740.32,923.94,1,W,5,N
184,703.39,924.24,1,E,5,N
187,748.38,924.54,1,E,5,N
241,839.06,929.97,3,W,5,N
331,895.57,965.54,5,W,5,N
90,852.23,998.60,1,S,3,W
240,805.21,999.30,3,W,5,W
70,793.91,999.60,1,S,5,W
79,819.10,999.90,1,S,5,W
86,835.57,1000.20,1,S,5,W
156,823.11,1000.50,1,W,5,W
190,813.71,1000.80,1,E,5,W
80,820.15,1018.60,1,S,5,E
158,853.24,1020.70,1,W,5,E
71,797.37,1021.44,1,S,5,N
72,797.76,1021.74,1,S,5,N
73,803.08,1022.04,1,S,5,N
206,828.60,1022.34,2,W,5,N
221,855.72,1022.64,2,E,5,N
207,858.40,1022.94,2,W,5,N
222,880.55,1023.24,2,E,5,N
208,886.27,1023.54,2,W,5,N
74,811.04,1023.84,1,S,5,N
76,812.70,1024.14,1,S,5,N
78,818.66,1024.44,1,S,5,N
81,821.13,1025.04,1,S,5,N
85,832.37,1025.34,1,S,5,N
88,837.58,1025.64,1,S,5,N
154,780.05,1025.94,1,W,5,N
155,819.91,1026.24,1,W,5,N
157,850.06,1026.54,1,W,5,N
159,856.28,1027.14,1,W,5,N
189,810.18,1027.44,1,E,5,N
191,866.47,1027.74,1,E,5,N
192,884.15,1028.04,1,E,5,N
89,844.68,1099.20,1,S,5,W
162,892.38,1099.50,1,W,5,W
91,857.84,1121.34,1,S,5,N
92,861.36,1121.64,1,S,5,N
161,888.81,1121.94,1,W,5,N
163,895.40,1122.24,1,W,5,N