id,enter_time,exit_time,entrance_intersection,entrance_direction,exit_intersection,exit_direction
256,6.72,66.44,5,W,5,N
257,11.31,66.74,5,W,5,N
258,16.13,67.04,5,W,5,N
259,18.22,67.34,5,W,5,N
260,19.54,67.64,5,W,5,N
261,21.34,67.94,5,W,5,N
262,51.62,68.24,5,W,5,N
263,65.69,71.82,5,W,5,N
264,70.30,76.44,5,W,5,N
319,58.82,80.44,5,E,5,N
0,3.63,100.70,1,S,1,W
5,78.41,101.00,1,S,1,W
7,88.26,102.40,1,S,1,W
8,91.17,105.31,1,S,1,W
13,105.89,120.02,1,S,1,E
239,68.41,131.27,3,E,5,N
3,67.50,140.22,1,S,2,E
240,81.85,143.62,3,E,5,N
265,74.25,166.34,5,W,5,N
266,143.09,166.64,5,W,5,N
267,159.92,166.94,5,W,5,N
268,162.82,168.96,5,W,5,N
320,158.66,180.34,5,E,5,N
213,84.27,200.10,2,E,5,W
103,57.72,200.40,1,W,5,W
165,80.90,200.70,1,E,5,W
12,99.94,201.10,1,S,1,W
20,127.41,201.40,1,S,1,W
23,133.39,201.70,1,S,1,W
24,136.00,202.00,1,S,1,W
27,141.24,202.30,1,S,1,W
31,154.20,202.60,1,S,1,W
41,186.89,202.90,1,S,1,W
42,189.19,203.32,1,S,1,W
111,121.21,204.70,1,W,2,W
43,193.09,207.23,1,S,1,W
166,90.38,217.90,1,E,5,E
199,28.27,222.24,2,W,5,N
101,20.29,222.54,1,W,5,N
102,50.48,222.84,1,W,5,N
104,59.71,223.14,1,W,5,N
163,16.31,223.44,1,E,5,N
164,59.49,223.74,1,E,5,N
241,110.33,231.07,3,E,5,N
227,111.25,231.07,3,W,5,N
169,198.77,260.96,1,E,3,W
269,206.38,266.24,5,W,5,N
270,209.19,266.54,5,W,5,N
271,222.75,266.84,5,W,5,N
272,269.82,275.95,5,W,5,N
242,113.77,300.00,3,E,5,W
1,64.53,300.30,1,S,5,W
2,67.15,300.60,1,S,5,W
9,95.13,300.90,1,S,5,W
32,156.90,301.20,1,S,3,E
200,196.49,301.20,2,W,5,W
48,268.97,301.50,1,S,1,W
17,115.03,301.50,1,S,5,W
21,130.62,301.80,1,S,5,W
22,132.56,302.10,1,S,5,W
106,98.52,302.40,1,W,5,W
114,161.82,302.70,1,W,5,W
168,153.97,303.00,1,E,5,W
49,269.56,315.20,1,S,1,E
4,74.15,322.14,1,S,5,N
6,82.95,322.44,1,S,5,N
10,98.49,322.74,1,S,5,N
11,98.53,323.04,1,S,5,N
214,123.37,323.34,2,E,5,N
215,164.89,323.64,2,E,5,N
14,105.92,323.94,1,S,5,N
15,109.91,324.24,1,S,5,N
16,111.81,324.54,1,S,5,N
18,118.56,324.84,1,S,5,N
19,120.28,325.14,1,S,5,N
105,79.11,325.44,1,W,5,N
107,102.13,325.74,1,W,5,N
108,108.57,326.04,1,W,5,N
109,111.12,326.34,1,W,5,N
110,117.66,326.64,1,W,5,N
112,154.06,326.94,1,W,5,N
113,155.23,327.24,1,W,5,N
167,119.16,327.54,1,E,5,N
228,234.03,330.87,3,W,5,N
243,205.74,330.87,3,E,5,N
229,238.15,331.17,3,W,5,N
230,242.08,331.47,3,W,5,N
231,295.58,357.35,3,W,5,N
273,291.28,366.14,5,W,5,N
274,293.29,366.44,5,W,5,N
275,297.80,366.74,5,W,5,N
276,297.93,367.04,5,W,5,N
277,300.46,367.34,5,W,5,N
278,302.71,367.64,5,W,5,N
279,366.15,372.28,5,W,5,N
321,299.78,380.14,5,E,5,N
322,303.86,380.44,5,E,5,N
323,307.13,380.74,5,E,5,N
26,140.28,399.90,1,S,5,W
29,146.06,400.20,1,S,5,W
33,163.70,400.50,1,S,5,W
35,173.26,400.80,1,S,5,W
36,174.53,401.10,1,S,5,W
44,196.45,401.40,1,S,5,W
217,261.01,401.70,2,E,5,W
56,362.75,401.90,1,S,1,W
62,381.24,402.20,1,S,1,W
25,138.66,415.90,1,S,5,E
63,390.74,416.80,1,S,1,E
216,202.88,418.30,2,E,5,E
28,142.23,422.34,1,S,5,N
30,153.80,422.64,1,S,5,N
34,165.90,422.94,1,S,5,N
37,175.64,423.24,1,S,5,N
38,178.94,423.54,1,S,5,N
39,180.48,423.84,1,S,5,N
40,184.17,424.14,1,S,5,N
244,314.55,424.53,3,E,5,E
201,220.64,424.74,2,W,5,N
202,245.47,425.04,2,W,5,N
203,268.76,425.34,2,W,5,N
115,207.88,425.64,1,W,5,N
116,258.70,425.94,1,W,5,N
170,239.06,426.24,1,E,5,N
245,345.91,430.97,3,E,5,N
246,349.51,431.27,3,E,5,N
122,342.94,438.27,1,W,3,W
58,375.32,441.72,1,S,2,W
280,391.73,466.04,5,W,5,N
281,438.13,466.34,5,W,5,N
282,438.59,466.64,5,W,5,N
283,460.00,466.94,5,W,5,N
284,463.99,470.12,5,W,5,N
324,456.36,480.04,5,E,5,N
325,456.77,480.34,5,E,5,N
54,359.56,499.30,1,S,3,W
50,271.17,499.80,1,S,5,W
53,277.13,500.10,1,S,5,W
59,376.42,500.20,1,S,3,W
124,347.97,500.40,1,W,5,W
125,353.61,500.70,1,W,5,W
61,380.72,500.80,1,S,3,W
173,349.95,501.00,1,E,5,W
72,436.35,502.00,1,S,2,W
69,416.24,502.30,1,S,1,W
71,434.39,502.60,1,S,1,W
45,258.48,521.94,1,S,5,N
46,262.47,522.24,1,S,5,N
47,265.99,522.54,1,S,5,N
51,271.41,522.84,1,S,5,N
52,275.29,523.14,1,S,5,N
218,321.39,523.44,2,E,5,N
204,331.04,523.74,2,W,5,N
205,379.77,524.04,2,W,5,N
219,380.97,524.34,2,E,5,N
117,265.69,524.64,1,W,5,N
118,298.74,524.94,1,W,5,N
119,301.92,525.24,1,W,5,N
120,319.90,525.54,1,W,5,N
121,326.09,525.84,1,W,5,N
123,345.37,526.14,1,W,5,N
171,302.40,526.44,1,E,5,N
172,344.66,526.74,1,E,5,N
174,351.97,527.04,1,E,5,N
232,405.90,530.47,3,W,5,N
247,420.59,530.47,3,E,5,N
233,463.66,530.77,3,W,5,N
248,423.75,530.77,3,E,5,N
249,427.31,531.07,3,E,5,N
179,440.68,541.37,1,E,3,W
180,442.93,541.67,1,E,3,W
74,532.97,547.11,1,S,1,E
285,477.19,565.94,5,W,5,N
286,480.53,566.24,5,W,5,N
287,480.66,566.54,5,W,5,N
288,483.59,566.84,5,W,5,N
289,486.37,567.14,5,W,5,N
290,489.10,567.44,5,W,5,N
291,502.70,567.74,5,W,5,N
292,522.75,568.04,5,W,5,N
293,525.95,568.34,5,W,5,N
294,527.05,568.64,5,W,5,N
326,561.51,579.94,5,E,5,N
234,492.21,599.70,3,W,5,W
55,360.42,600.00,1,S,5,W
208,492.88,600.30,2,W,5,W
68,410.19,600.60,1,S,5,W
129,427.13,600.90,1,W,5,W
175,404.97,601.20,1,E,5,W
177,421.22,601.50,1,E,5,W
82,553.34,602.70,1,S,1,W
84,562.38,603.00,1,S,1,W
136,532.55,603.60,1,W,2,W
79,543.00,615.50,1,S,1,E
57,363.63,621.84,1,S,5,N
60,380.35,622.14,1,S,5,N
64,400.82,622.44,1,S,5,N
65,402.26,622.74,1,S,5,N
206,441.88,623.04,2,W,5,N
207,471.80,623.34,2,W,5,N
220,478.82,623.64,2,E,5,N
66,405.09,623.94,1,S,5,N
67,407.80,624.24,1,S,5,N
70,430.81,624.54,1,S,5,N
126,392.39,624.84,1,W,5,N
127,400.11,625.14,1,W,5,N
128,407.99,625.44,1,W,5,N
130,459.26,625.74,1,W,5,N
131,463.24,626.04,1,W,5,N
176,416.23,626.34,1,E,5,N
178,429.05,626.64,1,E,5,N
250,547.04,630.27,3,E,5,N
251,550.94,630.57,3,E,5,N
75,533.03,637.27,1,S,3,E
87,627.51,641.64,1,S,1,E
252,583.70,645.47,3,E,5,N
295,605.21,665.84,5,W,5,N
296,606.21,666.14,5,W,5,N
297,606.96,666.44,5,W,5,N
298,612.80,666.74,5,W,5,N
299,618.35,667.04,5,W,5,N
300,622.32,667.34,5,W,5,N
301,624.26,667.64,5,W,5,N
302,628.07,667.94,5,W,5,N
303,631.84,668.24,5,W,5,N
304,633.94,668.54,5,W,5,N
327,650.48,679.84,5,E,5,N
328,668.40,680.14,5,E,5,N
210,578.42,699.60,2,W,5,W
85,564.29,699.80,1,S,3,W
211,590.84,699.90,2,W,5,W
76,533.59,700.20,1,S,5,W
77,537.13,700.50,1,S,5,W
78,537.34,700.80,1,S,5,W
133,484.90,701.10,1,W,5,W
135,528.89,701.40,1,W,5,W
137,534.84,701.70,1,W,5,W
186,615.40,704.00,1,E,2,W
182,586.54,704.36,1,E,5,W
209,559.50,721.74,2,W,5,N
221,577.13,722.04,2,E,5,N
73,528.93,722.34,1,S,5,N
132,482.67,722.64,1,W,5,N
134,527.46,722.94,1,W,5,N
181,582.81,723.24,1,E,5,N
183,591.20,723.54,1,E,5,N
184,595.39,723.84,1,E,5,N
235,601.20,730.07,3,W,5,N
253,676.70,738.47,3,E,5,N
305,685.02,765.74,5,W,5,N
306,743.87,766.04,5,W,5,N
185,599.92,799.50,1,E,5,W
222,616.83,799.80,2,E,5,W
139,621.42,800.10,1,W,5,W
141,628.46,800.40,1,W,5,W
80,546.56,815.50,1,S,5,E
91,760.82,816.90,1,S,1,E
143,634.14,817.60,1,W,5,E
97,775.67,818.70,1,S,1,E
81,552.55,821.94,1,S,5,N
83,553.68,822.24,1,S,5,N
86,625.94,822.54,1,S,5,N
138,573.30,822.84,1,W,5,N
140,624.64,823.14,1,W,5,N
142,631.30,823.44,1,W,5,N
144,636.89,824.04,1,W,5,N
145,639.12,824.34,1,W,5,N
146,640.60,824.64,1,W,5,N
187,668.09,824.94,1,E,5,N
236,719.63,829.87,3,W,5,N
192,777.40,839.59,1,E,3,W
307,777.24,865.64,5,W,5,N
308,779.42,865.94,5,W,5,N
309,804.68,866.24,5,W,5,N
310,809.98,866.54,5,W,5,N
311,811.14,866.84,5,W,5,N
312,812.94,867.14,5,W,5,N
313,813.77,867.44,5,W,5,N
314,840.48,867.74,5,W,5,N
329,812.97,879.64,5,E,5,N
330,855.59,879.94,5,E,5,N
331,857.76,880.24,5,E,5,N
332,871.05,880.54,5,E,5,N
90,759.42,898.80,1,S,3,E
254,778.92,899.40,3,E,5,W
88,694.41,899.70,1,S,5,W
212,777.25,900.00,2,W,5,W
149,702.50,900.30,1,W,5,W
151,760.06,900.60,1,W,5,W
189,728.29,900.90,1,E,5,W
190,734.04,901.20,1,E,5,W
157,801.74,902.70,1,W,2,W
197,856.21,905.40,1,E,2,E
223,714.23,921.54,2,E,5,N
147,667.57,921.84,1,W,5,N
148,671.40,922.14,1,W,5,N
150,727.23,922.44,1,W,5,N
188,708.68,922.74,1,E,5,N
191,758.58,923.04,1,E,5,N
237,830.54,929.67,3,W,5,N
158,815.12,939.07,1,W,3,W
99,858.62,942.82,1,S,2,W
315,881.21,965.54,5,W,5,N
316,893.68,965.84,5,W,5,N
317,896.71,966.14,5,W,5,N
318,898.21,966.44,5,W,5,N
255,873.42,999.30,3,E,5,W
238,879.34,999.60,3,W,5,W
95,772.34,999.90,1,S,5,W
96,773.89,1000.20,1,S,5,W
152,784.42,1000.50,1,W,5,W
155,795.64,1000.80,1,W,5,W
195,827.68,1001.10,1,E,5,W
98,778.41,1016.50,1,S,5,E
159,856.12,1018.60,1,W,5,E
194,822.46,1019.80,1,E,5,E
89,755.80,1021.44,1,S,5,N
92,764.64,1021.74,1,S,5,N
93,768.39,1022.04,1,S,5,N
94,769.78,1022.34,1,S,5,N
224,805.94,1022.94,2,E,5,N
225,860.38,1023.24,2,E,5,N
226,888.91,1023.54,2,E,5,N
153,790.05,1023.84,1,W,5,N
154,792.87,1024.14,1,W,5,N
156,797.98,1024.44,1,W,5,N
160,861.84,1025.04,1,W,5,N
161,862.71,1025.34,1,W,5,N
193,816.61,1025.64,1,E,5,N
196,830.01,1026.24,1,E,5,N
198,860.05,1026.54,1,E,5,N
162,889.27,1099.20,1,W,5,W
100,862.27,1121.34,1,S,5,N