id,enter_time,exit_time,entrance_intersection,entrance_direction,exit_intersection,exit_direction
6,17.79,31.92,1,S,1,E
10,27.06,41.20,1,S,1,E
225,2.91,66.44,5,W,5,N
226,32.46,66.74,5,W,5,N
227,35.75,67.04,5,W,5,N
228,40.93,67.34,5,W,5,N
229,42.84,67.64,5,W,5,N
299,29.53,80.44,5,E,5,N
300,31.16,80.74,5,E,5,N
4,6.29,100.70,1,S,1,W
142,40.96,104.00,1,E,2,W
206,3.99,131.27,3,E,5,N
9,23.28,137.97,1,S,3,W
13,95.17,139.62,1,S,2,W
207,78.64,140.41,3,E,5,N
230,74.65,166.34,5,W,5,N
231,157.81,166.64,5,W,5,N
232,165.04,171.18,5,W,5,N
301,165.62,180.34,5,E,5,N
302,173.02,180.64,5,E,5,N
303,186.62,192.76,5,E,5,N
194,6.27,200.10,3,W,5,W
87,49.36,200.40,1,W,5,W
88,59.70,200.70,1,W,5,W
143,43.94,201.00,1,E,5,W
3,5.37,217.30,1,S,5,E
0,2.79,222.24,1,S,5,N
1,3.67,222.54,1,S,5,N
181,83.28,222.84,2,E,5,N
2,4.87,223.14,1,S,5,N
5,13.95,223.74,1,S,5,N
7,19.46,224.04,1,S,5,N
8,21.42,224.34,1,S,5,N
11,30.60,224.64,1,S,5,N
12,33.76,224.94,1,S,5,N
86,14.67,225.24,1,W,5,N
89,63.69,225.54,1,W,5,N
144,57.62,225.84,1,E,5,N
145,62.59,226.14,1,E,5,N
195,111.95,231.07,3,W,5,N
146,133.39,239.27,1,E,3,W
17,227.58,241.72,1,S,1,E
233,181.32,266.24,5,W,5,N
234,200.66,266.54,5,W,5,N
235,203.48,266.84,5,W,5,N
236,204.01,267.14,5,W,5,N
237,264.30,270.43,5,W,5,N
238,265.16,271.29,5,W,5,N
239,268.40,274.53,5,W,5,N
240,271.47,277.60,5,W,5,N
241,272.25,278.39,5,W,5,N
304,239.25,280.24,5,E,5,N
208,189.82,300.00,3,E,5,W
182,171.43,300.30,2,E,5,W
96,129.57,300.60,1,W,5,W
19,230.37,301.50,1,S,1,W
22,233.99,301.80,1,S,1,W
104,254.90,303.60,1,W,2,W
91,68.82,316.60,1,W,5,E
171,192.49,322.14,2,W,5,N
90,66.30,322.44,1,W,5,N
92,75.23,323.04,1,W,5,N
93,94.02,323.34,1,W,5,N
94,120.61,323.64,1,W,5,N
95,123.14,323.94,1,W,5,N
97,132.48,324.24,1,W,5,N
98,134.68,324.54,1,W,5,N
196,218.56,324.73,3,W,5,E
147,142.98,324.84,1,E,5,N
148,163.10,325.14,1,E,5,N
197,219.00,331.17,3,W,5,N
198,259.38,331.47,3,W,5,N
21,233.46,337.57,1,S,3,E
26,245.15,341.02,1,S,2,E
199,290.29,352.06,3,W,5,N
200,297.24,359.01,3,W,5,N
242,276.11,366.14,5,W,5,N
243,279.66,366.44,5,W,5,N
244,282.46,366.74,5,W,5,N
245,300.57,367.04,5,W,5,N
246,300.92,367.34,5,W,5,N
247,304.52,367.64,5,W,5,N
248,319.02,367.94,5,W,5,N
249,321.18,368.24,5,W,5,N
250,326.04,368.54,5,W,5,N
251,329.08,368.84,5,W,5,N
252,329.52,369.14,5,W,5,N
253,331.35,369.44,5,W,5,N
254,362.80,369.74,5,W,5,N
255,368.45,374.59,5,W,5,N
256,370.48,376.61,5,W,5,N
257,372.16,378.30,5,W,5,N
305,343.11,380.14,5,E,5,N
306,350.83,380.44,5,E,5,N
25,242.83,399.80,1,S,3,E
14,158.96,399.90,1,S,5,W
16,222.68,400.20,1,S,5,W
23,234.67,400.50,1,S,5,W
29,351.58,401.90,1,S,1,W
30,355.33,402.20,1,S,1,W
172,264.23,416.80,2,W,5,E
20,232.97,417.70,1,S,5,E
103,239.04,419.20,1,W,5,E
149,202.39,419.50,1,E,5,E
209,298.15,422.04,3,E,5,N
15,162.33,422.34,1,S,5,N
183,201.80,422.64,2,E,5,N
184,279.63,423.24,2,E,5,N
18,229.35,423.54,1,S,5,N
99,184.78,424.14,1,W,5,N
100,187.77,424.44,1,W,5,N
210,316.46,424.53,3,E,5,E
101,191.53,424.74,1,W,5,N
102,222.69,425.04,1,W,5,N
150,208.79,425.94,1,E,5,N
201,313.82,430.67,3,W,5,N
211,331.25,430.97,3,E,5,N
107,330.43,437.37,1,W,3,E
109,339.68,437.97,1,W,3,W
152,336.71,439.17,1,E,3,W
258,374.31,466.04,5,W,5,N
259,374.95,466.34,5,W,5,N
260,377.74,466.64,5,W,5,N
261,406.46,466.94,5,W,5,N
262,409.02,467.24,5,W,5,N
263,441.79,467.54,5,W,5,N
264,460.88,467.84,5,W,5,N
265,461.50,468.14,5,W,5,N
266,467.46,473.60,5,W,5,N
267,468.25,474.38,5,W,5,N
307,435.31,480.04,5,E,5,N
308,441.11,480.34,5,E,5,N
24,239.72,499.80,1,S,5,W
27,251.85,500.10,1,S,5,W
105,267.21,500.40,1,W,5,W
108,334.39,500.70,1,W,5,W
153,420.07,503.20,1,E,2,W
39,497.24,511.38,1,S,1,W
28,253.02,515.80,1,S,5,E
185,352.35,522.24,2,E,5,N
173,339.88,522.54,2,W,5,N
106,290.50,522.84,1,W,5,N
110,342.77,523.14,1,W,5,N
111,345.72,523.44,1,W,5,N
151,306.25,523.74,1,E,5,N
212,417.46,530.47,3,E,5,N
155,464.24,539.87,1,E,3,W
214,489.98,551.75,3,E,5,N
216,496.92,558.69,3,E,5,N
268,474.01,565.94,5,W,5,N
269,475.75,566.24,5,W,5,N
270,550.02,566.54,5,W,5,N
271,571.11,577.25,5,W,5,N
309,542.69,579.94,5,E,5,N
202,447.58,599.70,3,W,5,W
213,487.07,600.00,3,E,5,W
38,495.59,600.30,1,S,3,W
215,493.59,600.30,3,E,5,W
32,423.93,600.60,1,S,5,W
154,425.15,600.90,1,E,5,W
42,567.86,602.70,1,S,1,W
45,573.43,616.40,1,S,1,E
31,363.28,621.84,1,S,5,N
186,417.20,622.14,2,E,5,N
187,437.88,622.44,2,E,5,N
188,487.37,622.74,2,E,5,N
33,426.54,623.04,1,S,5,N
112,395.12,623.34,1,W,5,N
113,413.68,623.64,1,W,5,N
114,417.55,623.94,1,W,5,N
115,424.28,624.24,1,W,5,N
116,439.42,624.54,1,W,5,N
117,441.96,624.84,1,W,5,N
156,467.54,625.14,1,E,5,N
157,488.31,625.44,1,E,5,N
158,495.47,625.74,1,E,5,N
203,572.28,634.05,3,W,5,N
120,477.10,637.57,1,W,3,E
122,511.97,638.17,1,W,3,E
43,568.67,641.92,1,S,2,W
272,573.22,665.84,5,W,5,N
273,576.67,666.14,5,W,5,N
274,626.73,666.44,5,W,5,N
275,629.90,666.74,5,W,5,N
276,630.42,667.04,5,W,5,N
277,632.55,667.34,5,W,5,N
278,633.73,667.64,5,W,5,N
279,654.25,667.94,5,W,5,N
280,656.31,668.24,5,W,5,N
281,658.80,668.54,5,W,5,N
310,676.58,682.71,5,E,5,N
311,680.46,686.59,5,E,5,N
312,691.93,698.07,5,E,5,N
159,500.22,699.60,1,E,5,W
36,488.97,699.90,1,S,5,W
48,587.11,700.10,1,S,3,W
40,498.28,700.20,1,S,5,W
175,539.48,700.50,2,W,5,W
189,579.29,700.80,2,E,5,W
58,680.51,703.10,1,S,1,W
59,684.41,703.40,1,S,1,W
34,479.78,721.74,1,S,5,N
35,483.65,722.04,1,S,5,N
37,490.22,722.34,1,S,5,N
174,517.91,722.64,2,W,5,N
118,474.69,722.94,1,W,5,N
119,474.90,723.24,1,W,5,N
121,479.15,723.54,1,W,5,N
123,532.17,723.84,1,W,5,N
160,557.20,724.14,1,E,5,N
219,654.64,724.53,3,E,5,E
218,643.22,730.37,3,E,5,N
220,673.13,734.90,3,E,5,N
282,689.20,765.74,5,W,5,N
283,706.06,766.04,5,W,5,N
284,708.28,766.34,5,W,5,N
285,710.61,766.64,5,W,5,N
286,756.25,766.94,5,W,5,N
313,718.29,779.74,5,E,5,N
51,661.98,799.00,1,S,3,W
217,607.37,799.50,3,E,5,W
204,678.54,799.80,3,W,5,W
46,574.74,800.10,1,S,5,W
190,660.72,800.40,2,E,5,W
176,606.32,800.70,2,W,5,W
177,627.26,801.00,2,W,5,W
124,575.75,801.30,1,W,5,W
125,576.66,801.60,1,W,5,W
126,588.81,801.90,1,W,5,W
127,595.73,802.20,1,W,5,W
161,610.89,802.50,1,E,5,W
62,746.96,816.60,1,S,1,E
162,640.14,817.90,1,E,5,E
41,567.77,821.64,1,S,5,N
44,572.53,821.94,1,S,5,N
47,582.35,822.24,1,S,5,N
49,590.01,822.54,1,S,5,N
178,656.27,822.84,2,W,5,N
128,622.95,823.14,1,W,5,N
129,629.03,823.44,1,W,5,N
130,666.81,823.74,1,W,5,N
163,689.03,824.34,1,E,5,N
166,719.98,838.67,1,E,3,W
221,788.68,850.45,3,E,5,N
287,816.99,865.64,5,W,5,N
288,821.49,865.94,5,W,5,N
289,824.95,866.24,5,W,5,N
290,830.10,866.54,5,W,5,N
291,833.37,866.84,5,W,5,N
292,867.00,873.14,5,W,5,N
293,871.13,877.26,5,W,5,N
314,800.35,879.64,5,E,5,N
315,817.21,879.94,5,E,5,N
316,827.27,880.24,5,E,5,N
222,790.80,899.40,3,E,5,W
205,795.95,899.70,3,W,5,W
52,665.90,900.00,1,S,5,W
57,678.80,900.30,1,S,5,W
132,750.47,900.60,1,W,5,W
164,713.64,900.90,1,E,5,W
72,867.29,903.90,1,S,1,W
74,876.51,904.20,1,S,1,W
84,895.42,909.56,1,S,1,W
50,659.71,915.40,1,S,5,E
192,787.11,917.50,2,E,5,E
168,760.47,919.00,1,E,5,E
75,877.30,919.40,1,S,1,E
79,885.10,920.60,1,S,1,E
53,668.67,921.84,1,S,5,N
54,669.99,922.14,1,S,5,N
55,674.91,922.44,1,S,5,N
56,677.91,922.74,1,S,5,N
60,684.50,923.04,1,S,5,N
191,753.32,923.34,2,E,5,N
131,700.27,923.94,1,W,5,N
133,754.31,924.24,1,W,5,N
165,719.66,924.54,1,E,5,N
167,756.58,924.84,1,E,5,N
223,869.66,931.43,3,E,5,N
224,894.31,956.08,3,E,5,N
294,886.53,965.54,5,W,5,N
295,889.51,965.84,5,W,5,N
296,892.76,966.14,5,W,5,N
297,895.13,966.44,5,W,5,N
298,898.80,966.74,5,W,5,N
61,745.72,999.30,1,S,5,W
68,858.75,999.50,1,S,3,E
193,871.47,999.60,2,E,5,W
170,852.56,999.90,1,E,5,W
71,865.37,1000.40,1,S,3,W
78,881.41,1001.90,1,S,2,E
141,899.87,1004.90,1,W,2,W
169,817.26,1017.10,1,E,5,E
179,835.22,1021.44,2,W,5,N
180,896.46,1021.74,2,W,5,N
63,840.01,1022.04,1,S,5,N
134,801.73,1022.34,1,W,5,N
135,838.63,1022.64,1,W,5,N
136,864.93,1022.94,1,W,5,N
76,880.07,1037.37,1,S,3,E
66,852.39,1099.20,1,S,5,W
81,888.57,1099.50,1,S,5,W
82,891.68,1099.80,1,S,5,W
137,891.84,1100.10,1,W,5,W
140,896.01,1100.40,1,W,5,W
80,886.05,1117.30,1,S,5,E
138,894.42,1118.20,1,W,5,E
64,851.12,1121.34,1,S,5,N
65,851.28,1121.64,1,S,5,N
67,855.14,1121.94,1,S,5,N
69,862.69,1122.24,1,S,5,N
70,864.47,1122.54,1,S,5,N
73,871.61,1122.84,1,S,5,N
77,880.96,1123.14,1,S,5,N
83,892.02,1123.74,1,S,5,N
85,899.36,1124.04,1,S,5,N
139,894.80,1124.64,1,W,5,N