id,enter_time,exit_time,entrance_intersection,entrance_direction,exit_intersection,exit_direction
245,2.38,66.44,5,W,5,N
8,27.67,100.70,1,S,1,W
208,43.00,125.13,3,W,5,E
229,54.11,126.03,3,E,5,E
226,29.54,131.27,3,E,5,N
209,47.83,131.57,3,W,5,N
227,33.03,131.57,3,E,5,N
228,51.46,131.87,3,E,5,N
230,73.28,135.05,3,E,5,N
231,88.42,150.19,3,E,5,N
246,76.33,166.34,5,W,5,N
247,91.91,166.64,5,W,5,N
248,98.20,166.94,5,W,5,N
249,99.27,167.24,5,W,5,N
250,102.90,167.54,5,W,5,N
251,104.80,167.84,5,W,5,N
252,107.87,168.14,5,W,5,N
253,110.50,168.44,5,W,5,N
254,112.64,168.74,5,W,5,N
255,116.23,169.04,5,W,5,N
256,120.62,169.34,5,W,5,N
257,125.90,169.64,5,W,5,N
258,128.70,169.94,5,W,5,N
315,107.82,180.34,5,E,5,N
316,113.74,180.64,5,E,5,N
182,28.36,200.10,2,W,5,W
2,18.96,200.40,1,S,5,W
4,21.92,200.70,1,S,5,W
5,23.73,201.00,1,S,5,W
13,170.93,201.10,1,S,1,W
6,27.12,201.30,1,S,5,W
7,27.33,201.60,1,S,5,W
93,35.90,201.90,1,W,5,W
94,48.31,202.20,1,W,5,W
96,55.34,202.50,1,W,5,W
97,56.11,202.80,1,W,5,W
150,12.37,203.10,1,E,5,W
158,186.17,212.28,1,E,2,W
0,0.73,222.24,1,S,5,N
196,65.39,222.54,2,E,5,N
1,8.73,222.84,1,S,5,N
3,20.34,223.14,1,S,5,N
92,32.66,223.44,1,W,5,N
95,52.20,223.74,1,W,5,N
98,59.89,224.04,1,W,5,N
99,62.97,224.34,1,W,5,N
149,7.97,224.64,1,E,5,N
151,30.21,224.94,1,E,5,N
152,35.60,225.24,1,E,5,N
153,50.99,225.54,1,E,5,N
154,82.21,225.84,1,E,5,N
100,101.91,236.57,1,W,3,W
103,122.33,237.47,1,W,3,E
233,177.02,238.79,3,E,5,N
211,185.33,247.10,3,W,5,N
259,179.78,266.24,5,W,5,N
260,201.07,266.54,5,W,5,N
261,204.40,266.84,5,W,5,N
262,238.39,267.14,5,W,5,N
263,255.58,267.44,5,W,5,N
317,205.45,280.24,5,E,5,N
155,100.12,300.00,1,E,5,W
210,164.02,300.30,3,W,5,W
104,173.50,300.60,1,W,2,W
232,102.86,300.60,3,E,5,W
102,118.66,300.90,1,W,5,W
19,243.49,301.50,1,S,1,W
159,187.91,305.73,1,E,5,W
9,96.63,322.14,1,S,5,N
10,98.21,322.44,1,S,5,N
11,101.06,322.74,1,S,5,N
197,117.94,323.04,2,E,5,N
101,114.74,323.34,1,W,5,N
156,153.02,323.64,1,E,5,N
157,173.63,323.94,1,E,5,N
213,257.27,325.03,3,W,5,E
212,213.75,330.87,3,W,5,N
109,214.71,338.17,1,W,3,W
161,243.14,339.97,1,E,3,W
234,278.66,340.43,3,E,5,N
28,330.78,344.91,1,S,1,E
264,316.75,366.14,5,W,5,N
265,332.74,366.44,5,W,5,N
266,334.31,366.74,5,W,5,N
267,338.66,367.04,5,W,5,N
268,342.42,367.34,5,W,5,N
269,344.43,367.64,5,W,5,N
270,347.36,367.94,5,W,5,N
271,351.22,368.24,5,W,5,N
272,369.17,375.31,5,W,5,N
273,371.53,377.66,5,W,5,N
318,346.01,380.14,5,E,5,N
319,362.03,380.44,5,E,5,N
320,365.36,380.74,5,E,5,N
12,170.84,399.90,1,S,5,W
14,173.52,400.20,1,S,5,W
106,204.07,400.50,1,W,5,W
107,207.54,400.80,1,W,5,W
160,240.87,401.10,1,E,5,W
26,325.19,401.90,1,S,1,W
32,341.92,402.20,1,S,1,W
39,358.01,402.50,1,S,1,W
40,360.72,402.80,1,S,1,W
117,339.68,404.30,1,W,2,E
183,220.67,416.50,2,W,5,E
38,353.50,416.50,1,S,1,E
113,265.14,418.90,1,W,5,E
15,177.19,422.04,1,S,5,N
198,216.91,422.34,2,E,5,N
184,277.20,422.94,2,W,5,N
199,297.25,423.24,2,E,5,N
105,200.14,423.54,1,W,5,N
108,214.28,423.84,1,W,5,N
110,218.45,424.14,1,W,5,N
111,220.71,424.44,1,W,5,N
112,224.07,424.74,1,W,5,N
162,246.18,425.34,1,E,5,N
274,375.06,466.04,5,W,5,N
275,390.50,466.34,5,W,5,N
276,395.72,466.64,5,W,5,N
277,449.78,466.94,5,W,5,N
278,452.27,467.24,5,W,5,N
279,468.08,474.22,5,W,5,N
280,470.87,477.01,5,W,5,N
235,357.59,499.80,3,E,5,W
34,342.78,499.90,1,S,3,E
214,316.73,500.10,3,W,5,W
186,331.66,500.40,2,W,5,W
20,311.22,500.70,1,S,5,W
43,424.08,500.80,1,S,2,W
22,314.25,501.00,1,S,5,W
114,268.32,501.30,1,W,5,W
115,270.46,501.60,1,W,5,W
116,289.06,501.90,1,W,5,W
164,383.56,502.20,1,E,5,W
47,435.65,502.30,1,S,1,W
321,498.72,504.85,5,E,5,N
48,438.93,515.10,1,S,1,E
24,321.35,517.90,1,S,5,E
16,238.96,521.94,1,S,5,N
17,239.47,522.24,1,S,5,N
18,241.43,522.54,1,S,5,N
185,305.37,522.84,2,W,5,N
200,336.12,523.14,2,E,5,N
21,313.18,523.44,1,S,5,N
23,315.23,523.74,1,S,5,N
25,323.09,524.34,1,S,5,N
27,325.37,524.64,1,S,5,N
29,334.20,524.94,1,S,5,N
30,336.79,525.24,1,S,5,N
163,372.51,525.54,1,E,5,N
165,388.31,525.84,1,E,5,N
215,425.26,530.47,3,W,5,N
281,474.75,565.94,5,W,5,N
282,488.80,566.24,5,W,5,N
283,490.02,566.54,5,W,5,N
284,492.72,566.84,5,W,5,N
285,493.68,567.14,5,W,5,N
286,510.35,567.44,5,W,5,N
287,513.26,567.74,5,W,5,N
288,515.66,568.04,5,W,5,N
289,518.71,568.34,5,W,5,N
290,522.26,568.64,5,W,5,N
291,537.74,568.94,5,W,5,N
322,544.96,579.94,5,E,5,N
236,434.47,599.70,3,E,5,W
216,445.68,600.00,3,W,5,W
237,437.30,600.30,3,E,5,W
217,471.21,600.60,3,W,5,W
218,498.37,600.90,3,W,5,W
35,346.22,601.20,1,S,5,W
201,424.44,601.50,2,E,5,W
202,478.24,601.80,2,E,5,W
45,428.86,602.10,1,S,5,W
124,511.52,602.40,1,W,2,W
51,521.41,602.70,1,S,1,W
52,526.45,603.00,1,S,1,W
44,425.28,617.50,1,S,5,E
31,339.73,621.84,1,S,5,N
33,342.11,622.14,1,S,5,N
36,351.62,622.44,1,S,5,N
37,352.77,622.74,1,S,5,N
41,361.46,623.04,1,S,5,N
42,362.87,623.34,1,S,5,N
46,431.70,623.94,1,S,5,N
118,383.62,624.24,1,W,5,N
119,385.79,624.54,1,W,5,N
120,431.07,624.84,1,W,5,N
121,433.80,625.14,1,W,5,N
219,524.57,630.27,3,W,5,N
220,579.64,641.41,3,W,5,N
292,602.00,665.84,5,W,5,N
293,671.90,678.04,5,W,5,N
323,631.93,679.84,5,E,5,N
324,664.02,680.14,5,E,5,N
325,669.00,680.44,5,E,5,N
238,508.96,699.60,3,E,5,W
221,586.82,699.90,3,W,5,W
239,587.24,700.20,3,E,5,W
54,609.01,701.00,1,S,2,W
58,627.46,702.20,1,S,2,W
64,644.83,703.10,1,S,1,W
75,674.75,703.40,1,S,1,W
76,678.88,703.70,1,S,1,W
134,634.25,705.80,1,W,2,W
167,592.07,709.89,1,E,5,W
191,600.84,713.17,2,W,3,E
189,561.18,716.50,2,W,5,E
125,528.83,718.60,1,W,5,E
126,560.84,718.90,1,W,5,E
187,510.29,721.74,2,W,5,N
203,565.47,722.04,2,E,5,N
188,531.68,722.34,2,W,5,N
190,580.04,722.94,2,W,5,N
49,518.55,723.24,1,S,5,N
50,520.52,723.54,1,S,5,N
53,529.52,723.84,1,S,5,N
122,468.68,724.14,1,W,5,N
123,496.76,724.44,1,W,5,N
166,510.99,725.34,1,E,5,N
222,632.92,730.07,3,W,5,N
241,606.57,730.37,3,E,5,N
242,688.01,749.78,3,E,5,N
294,675.16,765.74,5,W,5,N
295,696.02,766.04,5,W,5,N
296,698.43,766.34,5,W,5,N
297,699.84,766.64,5,W,5,N
298,703.14,766.94,5,W,5,N
299,728.20,767.24,5,W,5,N
300,732.19,767.54,5,W,5,N
301,734.91,767.84,5,W,5,N
302,737.19,768.14,5,W,5,N
303,740.44,768.44,5,W,5,N
304,743.64,768.74,5,W,5,N
305,747.49,769.04,5,W,5,N
306,750.08,769.34,5,W,5,N
307,753.47,769.64,5,W,5,N
326,727.93,779.74,5,E,5,N
327,731.46,780.04,5,E,5,N
240,603.86,799.50,3,E,5,W
56,621.43,799.80,1,S,5,W
57,624.33,800.10,1,S,5,W
62,637.35,800.40,1,S,5,W
127,600.42,800.70,1,W,5,W
128,608.15,801.00,1,W,5,W
132,615.66,801.30,1,W,5,W
133,630.46,801.60,1,W,5,W
74,674.30,801.70,1,S,3,W
168,607.90,801.90,1,E,5,W
170,643.21,802.20,1,E,5,W
204,646.10,821.64,2,E,5,N
55,620.46,821.94,1,S,5,N
59,630.55,822.24,1,S,5,N
60,631.96,822.54,1,S,5,N
61,635.87,822.84,1,S,5,N
129,609.38,823.14,1,W,5,N
130,609.83,823.44,1,W,5,N
131,612.82,823.74,1,W,5,N
135,634.93,824.04,1,W,5,N
136,637.95,824.34,1,W,5,N
137,657.78,824.64,1,W,5,N
138,660.98,824.94,1,W,5,N
139,663.13,825.24,1,W,5,N
169,637.84,825.54,1,E,5,N
223,748.83,829.87,3,W,5,N
140,681.21,837.17,1,W,3,W
224,793.20,854.97,3,W,5,N
308,822.24,865.64,5,W,5,N
309,868.65,874.79,5,W,5,N
328,873.22,879.35,5,E,5,N
329,874.20,880.34,5,E,5,N
330,877.52,883.66,5,E,5,N
331,879.72,885.86,5,E,5,N
243,771.92,899.40,3,E,5,W
65,645.67,899.70,1,S,5,W
66,647.43,900.00,1,S,5,W
67,647.49,900.30,1,S,5,W
77,681.33,900.60,1,S,5,W
192,774.03,900.90,2,W,5,W
142,697.20,901.20,1,W,5,W
174,779.55,901.50,1,E,5,W
175,783.27,901.80,1,E,5,W
69,651.26,916.00,1,S,5,E
70,662.09,916.30,1,S,5,E
73,672.03,917.20,1,S,5,E
63,641.10,921.54,1,S,5,N
68,647.92,921.84,1,S,5,N
71,664.12,922.74,1,S,5,N
72,666.28,923.04,1,S,5,N
205,702.17,923.64,2,E,5,N
193,787.91,923.94,2,W,5,N
206,790.66,924.24,2,E,5,N
141,682.39,924.54,1,W,5,N
143,748.41,924.84,1,W,5,N
171,709.79,925.14,1,E,5,N
172,744.07,925.44,1,E,5,N
173,775.00,925.74,1,E,5,N
225,836.56,929.67,3,W,5,N
310,872.84,965.54,5,W,5,N
311,885.73,965.84,5,W,5,N
312,888.52,966.14,5,W,5,N
313,890.82,966.44,5,W,5,N
314,895.18,966.74,5,W,5,N
176,794.47,999.30,1,E,5,W
244,832.25,999.60,3,E,5,W
207,879.20,999.90,2,E,5,W
144,782.31,1000.20,1,W,5,W
145,821.96,1000.50,1,W,5,W
147,841.05,1000.80,1,W,5,W
178,807.76,1001.10,1,E,5,W
179,865.44,1001.40,1,E,5,W
79,750.41,1015.60,1,S,5,E
86,836.20,1018.30,1,S,5,E
78,746.43,1021.44,1,S,5,N
80,750.92,1022.04,1,S,5,N
81,752.70,1022.34,1,S,5,N
82,756.31,1022.64,1,S,5,N
194,838.93,1022.94,2,W,5,N
195,879.05,1023.24,2,W,5,N
83,820.49,1023.54,1,S,5,N
84,829.05,1023.84,1,S,5,N
85,829.14,1024.14,1,S,5,N
146,822.06,1024.74,1,W,5,N
177,806.11,1025.04,1,E,5,N
180,868.13,1025.34,1,E,5,N
181,870.27,1025.64,1,E,5,N
87,851.32,1099.20,1,S,5,W
88,851.40,1099.50,1,S,5,W
91,860.23,1099.80,1,S,5,W
89,853.30,1121.34,1,S,5,N
90,856.26,1121.64,1,S,5,N
148,872.11,1121.94,1,W,5,N