id,enter_time,exit_time,entrance_intersection,entrance_direction,exit_intersection,exit_direction
218,0.91,66.44,5,W,5,N
219,1.49,66.74,5,W,5,N
220,1.99,67.04,5,W,5,N
221,58.28,67.34,5,W,5,N
222,59.49,67.64,5,W,5,N
223,60.79,67.94,5,W,5,N
283,4.38,80.44,5,E,5,N
284,64.35,80.74,5,E,5,N
0,3.59,100.70,1,S,1,W
204,35.80,131.27,3,E,5,N
193,36.20,131.27,3,W,5,N
132,18.24,137.67,1,E,3,W
133,35.32,137.97,1,E,3,E
134,38.10,138.27,1,E,3,E
1,92.52,139.62,1,S,2,W
224,107.38,166.34,5,W,5,N
225,128.89,166.64,5,W,5,N
226,130.45,166.94,5,W,5,N
227,172.02,178.15,5,W,5,N
285,150.45,180.34,5,E,5,N
286,185.37,191.50,5,E,5,N
287,192.28,198.42,5,E,5,N
158,29.77,200.10,2,W,5,W
80,1.87,200.40,1,W,5,W
7,102.75,201.10,1,S,1,W
159,82.58,222.24,2,W,5,N
180,84.51,222.54,2,E,5,N
160,99.75,222.84,2,W,5,N
81,42.19,223.14,1,W,5,N
82,46.11,223.44,1,W,5,N
131,10.40,223.74,1,E,5,N
205,150.80,231.07,3,E,5,N
206,165.74,231.37,3,E,5,N
194,173.88,235.65,3,W,5,N
228,175.52,266.24,5,W,5,N
229,176.74,266.54,5,W,5,N
230,190.15,266.84,5,W,5,N
231,205.16,267.14,5,W,5,N
232,238.44,267.44,5,W,5,N
233,240.35,267.74,5,W,5,N
234,255.80,268.04,5,W,5,N
288,209.46,280.24,5,E,5,N
289,212.64,280.54,5,E,5,N
290,227.85,280.84,5,E,5,N
291,231.61,281.14,5,E,5,N
292,270.53,281.44,5,E,5,N
9,167.13,299.70,1,S,3,E
4,97.60,300.00,1,S,5,W
8,104.26,300.30,1,S,5,W
161,124.32,300.60,2,W,5,W
181,137.00,300.90,2,E,5,W
18,268.46,314.30,1,S,1,E
6,99.76,316.90,1,S,5,E
2,92.96,322.14,1,S,5,N
3,96.96,322.44,1,S,5,N
5,98.66,322.74,1,S,5,N
162,172.27,323.34,2,W,5,N
163,198.59,323.64,2,W,5,N
182,198.62,323.94,2,E,5,N
83,90.84,324.24,1,W,5,N
84,94.10,324.54,1,W,5,N
85,97.14,324.84,1,W,5,N
86,97.50,325.14,1,W,5,N
87,131.70,325.44,1,W,5,N
135,120.15,325.74,1,E,5,N
136,136.11,326.04,1,E,5,N
137,162.77,326.34,1,E,5,N
138,174.43,326.64,1,E,5,N
207,240.56,330.87,3,E,5,N
235,301.67,366.14,5,W,5,N
236,309.20,366.44,5,W,5,N
237,334.09,366.74,5,W,5,N
238,341.26,367.04,5,W,5,N
239,342.42,367.34,5,W,5,N
293,376.44,382.57,5,E,5,N
294,378.25,384.38,5,E,5,N
195,281.02,399.90,3,W,5,W
10,178.20,400.20,1,S,5,W
11,179.52,400.50,1,S,5,W
15,188.65,400.80,1,S,5,W
17,195.09,401.10,1,S,5,W
164,266.08,401.40,2,W,5,W
88,177.63,401.70,1,W,5,W
22,342.73,401.90,1,S,1,W
89,218.79,402.00,1,W,5,W
295,396.12,402.25,5,E,5,N
12,179.59,415.90,1,S,5,E
13,182.53,422.34,1,S,5,N
14,185.73,422.64,1,S,5,N
16,192.29,422.94,1,S,5,N
183,295.84,423.24,2,E,5,N
90,236.84,423.54,1,W,5,N
139,271.50,423.84,1,E,5,N
208,326.78,430.67,3,E,5,N
93,317.27,437.37,1,W,3,W
240,373.34,466.04,5,W,5,N
241,376.76,466.34,5,W,5,N
242,408.93,466.64,5,W,5,N
243,446.30,466.94,5,W,5,N
244,450.10,467.24,5,W,5,N
245,450.80,467.54,5,W,5,N
246,453.30,467.84,5,W,5,N
247,453.57,468.14,5,W,5,N
248,455.72,468.44,5,W,5,N
184,376.81,499.80,2,E,5,W
169,381.51,500.10,2,W,5,W
92,270.50,500.40,1,W,5,W
28,444.65,502.30,1,S,1,W
30,448.15,502.60,1,S,1,W
31,451.44,502.90,1,S,1,W
37,476.47,503.20,1,S,1,W
41,485.80,503.50,1,S,1,W
186,455.16,513.27,2,E,3,E
35,470.78,517.20,1,S,1,E
36,473.61,517.50,1,S,1,E
38,478.16,517.80,1,S,1,E
39,481.03,518.10,1,S,1,E
19,272.24,521.94,1,S,5,N
20,273.49,522.24,1,S,5,N
165,307.82,522.54,2,W,5,N
166,308.50,522.84,2,W,5,N
167,332.87,523.14,2,W,5,N
168,360.64,523.44,2,W,5,N
91,267.77,523.74,1,W,5,N
94,324.08,524.04,1,W,5,N
196,405.63,530.47,3,W,5,N
210,447.03,530.77,3,E,5,N
212,453.23,531.37,3,E,5,N
249,487.07,565.94,5,W,5,N
250,490.27,566.24,5,W,5,N
251,494.10,566.54,5,W,5,N
252,497.52,566.84,5,W,5,N
253,501.42,567.14,5,W,5,N
254,504.82,567.44,5,W,5,N
255,510.73,567.74,5,W,5,N
256,513.12,568.04,5,W,5,N
257,516.17,568.34,5,W,5,N
258,528.41,568.64,5,W,5,N
259,555.13,568.94,5,W,5,N
260,557.01,569.24,5,W,5,N
261,559.40,569.54,5,W,5,N
262,562.02,569.84,5,W,5,N
296,504.50,579.94,5,E,5,N
140,395.42,599.70,1,E,5,W
209,433.80,600.00,3,E,5,W
197,462.32,600.30,3,W,5,W
211,450.44,600.60,3,E,5,W
213,467.57,600.90,3,E,5,W
99,491.31,600.90,1,W,2,W
170,402.39,601.20,2,W,5,W
171,427.28,601.50,2,W,5,W
172,455.24,601.80,2,W,5,W
23,436.16,602.10,1,S,5,W
96,409.52,602.40,1,W,5,W
46,568.75,602.70,1,S,1,W
24,437.60,616.30,1,S,5,E
21,340.53,621.84,1,S,5,N
185,419.03,622.14,2,E,5,N
95,371.77,622.74,1,W,5,N
97,416.69,623.04,1,W,5,N
98,462.75,623.34,1,W,5,N
214,574.34,636.11,3,E,5,N
102,518.12,637.87,1,W,3,E
103,518.87,638.17,1,W,3,W
145,585.88,648.07,1,E,3,W
263,589.60,665.84,5,W,5,N
264,605.18,666.14,5,W,5,N
297,612.75,679.84,5,E,5,N
298,649.30,680.14,5,E,5,N
299,669.10,680.44,5,E,5,N
300,682.76,688.90,5,E,5,N
198,595.32,699.60,3,W,5,W
26,441.83,699.90,1,S,5,W
33,467.80,700.20,1,S,5,W
34,469.84,700.50,1,S,5,W
40,482.90,700.80,1,S,5,W
105,540.58,701.10,1,W,5,W
143,563.09,701.40,1,E,5,W
49,636.83,703.10,1,S,1,W
112,631.85,703.40,1,W,2,W
57,676.75,703.40,1,S,1,W
115,640.63,704.30,1,W,2,W
32,466.94,716.50,1,S,5,E
56,676.18,717.70,1,S,1,E
25,441.12,721.74,1,S,5,N
27,444.00,722.04,1,S,5,N
29,445.41,722.34,1,S,5,N
42,488.87,722.94,1,S,5,N
173,532.06,723.24,2,W,5,N
187,528.46,723.54,2,E,5,N
174,572.31,723.84,2,W,5,N
175,585.16,724.14,2,W,5,N
176,593.64,724.44,2,W,5,N
100,514.35,724.74,1,W,5,N
101,515.71,725.04,1,W,5,N
104,537.68,725.34,1,W,5,N
141,504.13,725.64,1,E,5,N
142,508.76,725.94,1,E,5,N
144,581.88,726.24,1,E,5,N
146,596.05,726.54,1,E,5,N
199,640.62,730.07,3,W,5,N
200,640.77,730.37,3,W,5,N
111,628.62,739.17,1,W,3,W
215,677.56,739.33,3,E,5,N
116,646.20,740.67,1,W,3,E
51,653.49,742.32,1,S,2,W
265,679.55,765.74,5,W,5,N
266,732.20,766.04,5,W,5,N
267,735.23,766.34,5,W,5,N
268,744.60,766.64,5,W,5,N
269,749.75,766.94,5,W,5,N
270,765.42,771.56,5,W,5,N
271,767.75,773.89,5,W,5,N
272,770.51,776.65,5,W,5,N
301,789.65,795.78,5,E,5,N
201,647.14,799.50,3,W,5,W
202,697.99,799.80,3,W,5,W
188,616.52,800.10,2,E,5,W
189,687.50,800.40,2,E,5,W
106,575.00,800.70,1,W,5,W
302,794.78,800.92,5,E,5,N
110,591.28,801.00,1,W,5,W
114,638.34,801.30,1,W,5,W
148,656.59,801.60,1,E,5,W
149,659.43,801.90,1,E,5,W
150,670.47,802.20,1,E,5,W
154,772.56,802.90,1,E,2,W
62,778.60,803.50,1,S,1,W
66,784.34,803.80,1,S,1,W
67,788.73,804.10,1,S,1,W
68,792.51,806.64,1,S,1,W
152,690.50,808.32,1,E,5,W
190,709.36,813.27,2,E,3,E
43,564.75,815.50,1,S,5,E
58,767.44,816.30,1,S,1,E
44,566.26,821.94,1,S,5,N
45,567.53,822.24,1,S,5,N
177,616.17,822.54,2,W,5,N
47,632.24,822.84,1,S,5,N
48,634.22,823.14,1,S,5,N
107,577.07,823.44,1,W,5,N
108,584.64,823.74,1,W,5,N
109,588.04,824.04,1,W,5,N
113,635.84,824.34,1,W,5,N
117,649.81,824.64,1,W,5,N
118,653.34,824.94,1,W,5,N
147,652.97,825.24,1,E,5,N
151,687.26,825.54,1,E,5,N
216,769.33,831.10,3,E,5,N
120,704.71,837.47,1,W,3,W
273,802.49,865.64,5,W,5,N
274,804.55,865.94,5,W,5,N
275,807.59,866.24,5,W,5,N
276,836.89,866.54,5,W,5,N
277,840.55,866.84,5,W,5,N
278,842.10,867.14,5,W,5,N
279,843.80,867.44,5,W,5,N
280,847.33,867.74,5,W,5,N
281,853.27,868.04,5,W,5,N
282,855.04,868.34,5,W,5,N
303,815.69,879.64,5,E,5,N
60,772.50,898.80,1,S,3,W
50,652.64,899.40,1,S,5,W
119,699.31,899.70,1,W,5,W
121,708.31,900.00,1,W,5,W
122,710.67,900.30,1,W,5,W
70,862.08,903.90,1,S,1,W
71,863.27,904.20,1,S,1,W
52,654.29,915.40,1,S,5,E
69,860.59,916.70,1,S,1,E
123,756.32,916.90,1,W,5,E
74,881.84,917.60,1,S,1,E
179,884.63,920.71,2,W,3,W
53,669.30,921.84,1,S,5,N
54,669.51,922.14,1,S,5,N
55,672.68,922.44,1,S,5,N
191,769.83,922.74,2,E,5,N
153,765.40,923.34,1,E,5,N
73,870.41,943.42,1,S,2,W
203,821.15,999.30,3,W,5,W
217,873.60,999.60,3,E,5,W
61,775.09,999.90,1,S,5,W
63,778.88,1000.20,1,S,5,W
124,788.94,1000.50,1,W,5,W
126,810.61,1000.80,1,W,5,W
156,824.82,1001.10,1,E,5,W
59,768.66,1021.44,1,S,5,N
64,781.91,1021.74,1,S,5,N
65,782.53,1022.04,1,S,5,N
192,843.77,1022.34,2,E,5,N
178,809.46,1022.64,2,W,5,N
125,807.37,1022.94,1,W,5,N
127,814.33,1023.24,1,W,5,N
128,858.89,1023.54,1,W,5,N
129,862.60,1023.84,1,W,5,N
155,806.88,1024.14,1,E,5,N
157,837.24,1024.44,1,E,5,N
78,893.13,1099.20,1,S,5,W
130,870.56,1099.50,1,W,5,W
72,864.82,1121.34,1,S,5,N
75,882.98,1121.64,1,S,5,N
76,886.98,1121.94,1,S,5,N
77,889.75,1122.24,1,S,5,N
79,895.66,1122.54,1,S,5,N