id,enter_time,exit_time,entrance_intersection,entrance_direction,exit_intersection,exit_direction
225,50.73,66.44,5,W,5,N
226,55.26,66.74,5,W,5,N
227,57.77,67.04,5,W,5,N
228,71.82,77.96,5,W,5,N
269,30.47,80.44,5,E,5,N
0,7.81,100.70,1,S,1,W
2,13.23,101.00,1,S,1,W
8,25.31,101.30,1,S,1,W
13,37.66,113.50,1,S,1,E
205,29.68,131.27,3,E,5,N
206,47.91,131.57,3,E,5,N
207,50.28,131.87,3,E,5,N
132,66.13,140.37,1,E,3,W
229,103.15,166.34,5,W,5,N
230,106.46,166.64,5,W,5,N
231,139.97,166.94,5,W,5,N
232,172.74,178.88,5,W,5,N
270,132.30,180.34,5,E,5,N
271,133.94,180.64,5,E,5,N
272,142.89,180.94,5,E,5,N
273,151.37,181.24,5,E,5,N
176,61.57,200.10,2,E,5,W
1,9.64,200.40,1,S,5,W
7,23.73,200.70,1,S,5,W
12,35.56,201.00,1,S,5,W
19,155.86,201.10,1,S,1,W
86,87.69,201.10,1,W,2,W
81,3.46,201.30,1,W,5,W
20,156.19,201.40,1,S,1,W
83,36.51,201.60,1,W,5,W
163,20.55,222.24,2,W,5,N
164,38.81,222.54,2,W,5,N
3,15.27,222.84,1,S,5,N
4,18.01,223.14,1,S,5,N
5,19.84,223.44,1,S,5,N
6,20.65,223.74,1,S,5,N
9,29.14,224.04,1,S,5,N
10,30.08,224.34,1,S,5,N
11,31.73,224.64,1,S,5,N
82,11.26,224.94,1,W,5,N
133,70.50,225.24,1,E,5,N
208,136.92,231.07,3,E,5,N
209,140.91,231.37,3,E,5,N
191,148.26,231.37,3,W,5,N
210,160.92,231.67,3,E,5,N
26,175.33,242.72,1,S,2,E
233,216.51,266.24,5,W,5,N
234,221.28,266.54,5,W,5,N
235,222.34,266.84,5,W,5,N
236,224.84,267.14,5,W,5,N
274,248.78,280.24,5,E,5,N
275,262.40,280.54,5,E,5,N
190,142.72,300.00,3,W,5,W
85,85.16,300.30,1,W,5,W
138,125.46,300.60,1,E,5,W
165,200.64,312.77,2,W,3,W
14,39.72,322.14,1,S,5,N
177,138.94,322.44,2,E,5,N
84,83.14,322.74,1,W,5,N
87,89.95,323.04,1,W,5,N
88,109.09,323.34,1,W,5,N
89,127.56,323.64,1,W,5,N
134,104.73,323.94,1,E,5,N
135,108.40,324.24,1,E,5,N
136,112.01,324.54,1,E,5,N
137,118.87,324.84,1,E,5,N
211,233.44,330.87,3,E,5,N
91,167.46,336.97,1,W,3,W
192,284.00,345.77,3,W,5,N
237,293.11,366.14,5,W,5,N
238,295.89,366.44,5,W,5,N
239,329.54,366.74,5,W,5,N
240,333.45,367.04,5,W,5,N
276,303.74,380.14,5,E,5,N
277,315.22,380.44,5,E,5,N
212,247.36,399.90,3,E,5,W
16,147.08,400.20,1,S,5,W
17,154.69,400.50,1,S,5,W
24,166.22,400.80,1,S,5,W
166,261.00,401.10,2,W,5,W
179,299.08,401.40,2,E,5,W
100,323.94,401.60,1,W,2,E
92,191.78,401.70,1,W,5,W
95,231.89,419.50,1,W,5,E
15,139.14,422.04,1,S,5,N
18,155.12,422.34,1,S,5,N
21,157.04,422.64,1,S,5,N
22,161.93,422.94,1,S,5,N
23,164.72,423.24,1,S,5,N
25,169.52,423.54,1,S,5,N
178,202.72,423.84,2,E,5,N
167,287.12,424.14,2,W,5,N
168,292.14,424.44,2,W,5,N
90,167.08,424.74,1,W,5,N
93,224.67,425.04,1,W,5,N
94,228.52,425.34,1,W,5,N
96,247.10,425.94,1,W,5,N
139,213.90,426.24,1,E,5,N
213,324.58,430.67,3,E,5,N
140,305.94,439.17,1,E,3,W
214,390.93,452.70,3,E,5,N
241,386.40,466.04,5,W,5,N
242,391.69,466.34,5,W,5,N
243,394.12,466.64,5,W,5,N
244,397.03,466.94,5,W,5,N
245,398.29,467.24,5,W,5,N
278,410.71,480.04,5,E,5,N
279,413.55,480.34,5,E,5,N
280,417.20,480.64,5,E,5,N
281,432.96,480.94,5,E,5,N
282,437.01,481.24,5,E,5,N
283,445.94,481.54,5,E,5,N
284,456.75,481.84,5,E,5,N
285,458.11,482.14,5,E,5,N
193,390.00,499.80,3,W,5,W
32,372.27,499.90,1,S,3,W
28,276.60,500.10,1,S,5,W
29,281.44,500.40,1,S,5,W
98,283.61,500.70,1,W,5,W
104,351.13,501.00,1,W,5,W
141,340.44,501.30,1,E,5,W
33,461.93,502.30,1,S,1,W
36,472.50,515.70,1,S,1,E
101,339.44,517.30,1,W,5,E
27,272.69,521.94,1,S,5,N
180,321.78,522.24,2,E,5,N
181,347.49,522.54,2,E,5,N
97,280.65,522.84,1,W,5,N
99,321.23,523.14,1,W,5,N
102,346.18,523.74,1,W,5,N
103,348.64,524.04,1,W,5,N
142,391.12,524.34,1,E,5,N
143,395.04,524.64,1,E,5,N
216,470.02,525.66,3,E,5,E
215,467.46,530.47,3,E,5,N
195,444.16,530.77,3,W,5,N
196,448.22,531.07,3,W,5,N
197,456.20,531.37,3,W,5,N
198,463.49,531.67,3,W,5,N
37,532.80,546.94,1,S,1,E
246,491.83,565.94,5,W,5,N
247,501.24,566.24,5,W,5,N
248,503.97,566.54,5,W,5,N
249,506.40,566.84,5,W,5,N
250,506.47,567.14,5,W,5,N
251,540.19,567.44,5,W,5,N
252,543.54,567.74,5,W,5,N
253,549.23,568.04,5,W,5,N
254,553.02,568.34,5,W,5,N
255,554.46,568.64,5,W,5,N
286,555.40,579.94,5,E,5,N
287,565.85,580.24,5,E,5,N
194,443.90,599.70,3,W,5,W
217,480.88,600.00,3,E,5,W
30,368.40,600.30,1,S,5,W
183,463.28,600.60,2,E,5,W
144,431.49,600.90,1,E,5,W
42,542.37,602.70,1,S,1,W
44,546.70,603.00,1,S,1,W
31,369.41,621.84,1,S,5,N
182,407.31,622.14,2,E,5,N
169,485.13,622.44,2,W,5,N
105,369.81,622.74,1,W,5,N
106,372.62,623.04,1,W,5,N
107,411.96,623.34,1,W,5,N
108,414.26,623.64,1,W,5,N
109,416.29,623.94,1,W,5,N
110,419.95,624.24,1,W,5,N
111,452.05,624.54,1,W,5,N
112,454.85,624.84,1,W,5,N
113,457.76,625.14,1,W,5,N
145,468.61,625.44,1,E,5,N
146,489.52,625.74,1,E,5,N
40,535.44,637.57,1,S,3,W
45,548.32,641.92,1,S,2,W
46,551.44,642.22,1,S,2,W
256,576.09,665.84,5,W,5,N
257,581.23,666.14,5,W,5,N
258,664.44,670.57,5,W,5,N
259,670.25,676.39,5,W,5,N
288,614.08,679.84,5,E,5,N
289,625.35,680.14,5,E,5,N
218,499.35,699.60,3,E,5,W
199,584.75,699.90,3,W,5,W
170,548.27,700.20,2,W,5,W
38,534.12,700.50,1,S,5,W
41,538.89,700.80,1,S,5,W
114,508.51,701.10,1,W,5,W
48,631.71,701.30,1,S,2,W
147,523.71,701.40,1,E,5,W
148,523.73,701.70,1,E,5,W
49,634.04,703.10,1,S,1,W
152,586.08,703.90,1,E,5,W
171,602.01,713.17,2,W,3,E
34,462.70,721.74,1,S,5,N
35,466.58,722.04,1,S,5,N
184,556.33,722.34,2,E,5,N
185,577.83,722.64,2,E,5,N
39,534.27,722.94,1,S,5,N
115,511.67,723.24,1,W,5,N
116,550.58,723.54,1,W,5,N
149,540.81,723.84,1,E,5,N
150,544.11,724.14,1,E,5,N
151,583.30,724.44,1,E,5,N
219,614.26,730.07,3,E,5,N
220,616.55,730.37,3,E,5,N
53,646.61,742.62,1,S,2,E
260,684.73,765.74,5,W,5,N
261,763.34,769.47,5,W,5,N
290,733.82,779.74,5,E,5,N
291,734.09,780.04,5,E,5,N
292,748.06,780.34,5,E,5,N
200,686.38,799.50,3,W,5,W
43,545.78,799.80,1,S,5,W
186,648.30,800.10,2,E,5,W
118,630.14,800.40,1,W,5,W
153,627.58,800.70,1,E,5,W
64,746.90,803.50,1,S,1,W
117,594.41,816.10,1,W,5,E
119,632.17,816.40,1,W,5,E
47,629.77,821.64,1,S,5,N
50,637.52,821.94,1,S,5,N
154,627.67,822.84,1,E,5,N
201,727.50,823.73,3,W,5,E
221,731.99,829.87,3,E,5,N
202,746.49,830.17,3,W,5,N
59,735.22,837.77,1,S,3,W
125,754.36,839.87,1,W,3,E
204,797.16,858.93,3,W,5,N
262,776.81,865.64,5,W,5,N
263,777.30,865.94,5,W,5,N
264,778.48,866.24,5,W,5,N
265,779.85,866.54,5,W,5,N
266,848.28,866.84,5,W,5,N
293,882.34,888.48,5,E,5,N
203,749.91,899.40,3,W,5,W
52,643.64,899.70,1,S,5,W
56,653.41,900.00,1,S,5,W
187,716.17,900.30,2,E,5,W
57,732.42,900.60,1,S,5,W
70,870.11,903.90,1,S,1,W
74,881.61,904.20,1,S,1,W
80,898.48,912.62,1,S,1,W
55,652.09,916.00,1,S,5,E
68,866.08,917.30,1,S,1,E
121,676.48,918.10,1,W,5,E
51,639.54,921.54,1,S,5,N
54,648.79,921.84,1,S,5,N
172,755.96,922.44,2,W,5,N
173,780.43,922.74,2,W,5,N
188,797.57,923.04,2,E,5,N
58,734.76,923.34,1,S,5,N
60,736.85,923.64,1,S,5,N
120,672.71,923.94,1,W,5,N
122,679.48,924.54,1,W,5,N
123,712.78,924.84,1,W,5,N
124,719.46,925.14,1,W,5,N
155,740.65,925.44,1,E,5,N
156,770.23,925.74,1,E,5,N
157,777.05,926.04,1,E,5,N
223,874.39,936.16,3,E,5,N
224,876.78,938.55,3,E,5,N
161,879.51,941.70,1,E,3,E
267,877.55,965.54,5,W,5,N
268,893.91,965.84,5,W,5,N
69,866.57,998.90,1,S,3,W
222,837.05,999.30,3,E,5,W
77,889.49,1000.70,1,S,3,E
162,883.23,1001.05,1,E,5,W
65,758.38,1016.20,1,S,5,E
174,848.97,1016.50,2,W,5,E
61,740.49,1021.44,1,S,5,N
62,742.01,1021.74,1,S,5,N
63,743.25,1022.04,1,S,5,N
175,873.94,1022.94,2,W,5,N
189,878.00,1023.24,2,E,5,N
126,792.67,1023.54,1,W,5,N
127,835.70,1023.84,1,W,5,N
128,837.83,1024.14,1,W,5,N
129,841.11,1024.44,1,W,5,N
158,836.42,1024.74,1,E,5,N
159,840.10,1025.04,1,E,5,N
160,873.11,1025.34,1,E,5,N
72,874.52,1099.20,1,S,5,W
75,883.44,1099.50,1,S,5,W
130,887.01,1099.80,1,W,5,W
66,846.89,1121.34,1,S,5,N
67,851.35,1121.64,1,S,5,N
71,873.08,1121.94,1,S,5,N
73,877.80,1122.24,1,S,5,N
76,886.11,1122.54,1,S,5,N
78,891.98,1122.84,1,S,5,N
79,895.84,1123.14,1,S,5,N
131,893.63,1123.44,1,W,5,N