id,enter_time,exit_time,entrance_intersection,entrance_direction,exit_intersection,exit_direction
276,13.22,66.44,5,W,5,N
277,13.47,66.74,5,W,5,N
278,27.97,67.04,5,W,5,N
335,54.93,80.44,5,E,5,N
336,74.97,81.10,5,E,5,N
7,22.26,100.70,1,S,1,W
12,93.10,107.24,1,S,1,W
9,87.08,113.80,1,S,1,E
10,89.22,114.10,1,S,1,E
14,97.79,115.00,1,S,1,E
245,3.88,131.27,3,W,5,N
6,21.55,137.97,1,S,3,W
279,107.60,166.34,5,W,5,N
280,139.80,166.64,5,W,5,N
281,154.13,166.94,5,W,5,N
282,155.05,167.24,5,W,5,N
283,170.61,176.75,5,W,5,N
233,70.58,200.10,2,E,5,W
4,14.33,200.40,1,S,5,W
17,104.55,200.50,1,S,2,W
117,56.97,200.70,1,W,5,W
192,35.65,201.00,1,E,5,W
15,101.04,201.10,1,S,1,W
16,104.01,201.40,1,S,1,W
19,111.12,201.70,1,S,1,W
22,120.06,202.00,1,S,1,W
25,123.08,202.30,1,S,1,W
118,99.06,202.90,1,W,2,W
5,18.23,217.60,1,S,5,E
0,3.34,222.24,1,S,5,N
217,61.32,222.54,2,W,5,N
1,6.08,222.84,1,S,5,N
2,8.32,223.14,1,S,5,N
3,13.39,223.44,1,S,5,N
114,48.77,224.04,1,W,5,N
115,53.14,224.34,1,W,5,N
116,53.94,224.64,1,W,5,N
188,8.36,224.94,1,E,5,N
189,11.49,225.24,1,E,5,N
190,13.63,225.54,1,E,5,N
191,16.54,225.84,1,E,5,N
263,190.24,252.01,3,E,5,N
264,192.39,254.16,3,E,5,N
284,199.96,266.24,5,W,5,N
285,205.71,266.54,5,W,5,N
286,209.99,266.84,5,W,5,N
287,212.48,267.14,5,W,5,N
288,233.49,267.44,5,W,5,N
289,254.61,267.74,5,W,5,N
337,224.21,280.24,5,E,5,N
262,101.64,300.00,3,E,5,W
246,141.35,300.30,3,W,5,W
8,83.51,300.60,1,S,5,W
11,91.29,300.90,1,S,5,W
218,138.45,301.20,2,W,5,W
29,199.15,301.50,1,S,1,W
234,157.98,301.50,2,E,5,W
33,218.60,301.80,1,S,1,W
18,107.87,301.80,1,S,5,W
39,233.67,302.10,1,S,1,W
20,114.31,302.10,1,S,5,W
40,247.84,302.40,1,S,1,W
21,117.29,302.40,1,S,5,W
46,257.74,302.70,1,S,1,W
23,120.98,302.70,1,S,5,W
122,157.58,303.00,1,W,5,W
193,137.70,303.30,1,E,5,W
194,144.05,303.60,1,E,5,W
195,173.84,303.90,1,E,5,W
197,183.70,304.20,1,E,5,W
41,251.33,314.30,1,S,1,E
196,178.97,318.40,1,E,5,E
13,94.16,322.14,1,S,5,N
235,189.02,322.44,2,E,5,N
24,122.77,322.74,1,S,5,N
26,127.66,323.04,1,S,5,N
27,128.26,323.34,1,S,5,N
119,138.54,323.64,1,W,5,N
120,150.87,323.94,1,W,5,N
121,153.88,324.24,1,W,5,N
198,188.48,324.84,1,E,5,N
223,296.27,332.34,2,W,3,E
128,225.57,340.57,1,W,3,W
248,279.73,341.50,3,W,5,N
290,331.35,366.14,5,W,5,N
291,348.95,366.44,5,W,5,N
292,352.07,366.74,5,W,5,N
293,353.83,367.04,5,W,5,N
338,320.46,380.14,5,E,5,N
43,251.86,399.80,1,S,3,W
247,276.79,399.90,3,W,5,W
220,227.98,400.20,2,W,5,W
221,274.91,400.50,2,W,5,W
222,288.81,400.80,2,W,5,W
36,222.01,401.10,1,S,5,W
123,170.10,401.40,1,W,5,W
127,218.82,401.70,1,W,5,W
59,358.97,401.90,1,S,1,W
129,228.87,402.00,1,W,5,W
130,236.20,402.30,1,W,5,W
199,219.56,402.60,1,E,5,W
201,285.48,403.30,1,E,5,W
141,362.52,403.40,1,W,2,W
31,211.75,417.10,1,S,5,E
38,226.43,418.60,1,S,5,E
28,198.63,422.04,1,S,5,N
219,210.49,422.34,2,W,5,N
236,282.74,422.64,2,E,5,N
30,209.39,422.94,1,S,5,N
32,214.00,423.54,1,S,5,N
34,218.94,423.84,1,S,5,N
35,220.03,424.14,1,S,5,N
37,225.01,424.44,1,S,5,N
124,172.79,425.04,1,W,5,N
125,175.09,425.34,1,W,5,N
126,214.93,425.64,1,W,5,N
131,258.42,425.94,1,W,5,N
132,265.43,426.24,1,W,5,N
200,276.91,426.54,1,E,5,N
265,303.14,430.67,3,E,5,N
251,336.68,431.27,3,W,5,N
133,268.53,437.07,1,W,3,W
204,358.40,440.37,1,E,3,E
65,374.16,444.42,1,S,2,W
254,390.87,452.64,3,W,5,N
294,423.80,466.04,5,W,5,N
295,424.23,466.34,5,W,5,N
296,445.51,466.64,5,W,5,N
339,408.25,480.04,5,E,5,N
340,441.09,480.34,5,E,5,N
341,452.06,480.64,5,E,5,N
249,323.49,499.80,3,W,5,W
250,329.19,500.10,3,W,5,W
252,348.72,500.40,3,W,5,W
253,380.52,500.70,3,W,5,W
45,254.61,501.00,1,S,5,W
48,265.41,501.30,1,S,5,W
135,316.80,501.60,1,W,5,W
137,351.27,501.90,1,W,5,W
47,260.04,516.40,1,S,5,E
42,251.34,521.94,1,S,5,N
44,253.51,522.24,1,S,5,N
49,268.47,522.84,1,S,5,N
50,271.38,523.14,1,S,5,N
237,370.73,523.44,2,E,5,N
224,347.13,523.74,2,W,5,N
51,336.49,524.04,1,S,5,N
134,296.99,524.34,1,W,5,N
136,348.32,524.64,1,W,5,N
138,354.06,524.94,1,W,5,N
139,356.68,525.24,1,W,5,N
140,360.55,525.54,1,W,5,N
202,302.06,525.84,1,E,5,N
203,355.45,526.14,1,E,5,N
205,386.46,526.44,1,E,5,N
148,440.78,538.67,1,W,3,W
267,487.99,549.76,3,E,5,N
297,538.30,565.94,5,W,5,N
298,553.46,566.24,5,W,5,N
299,555.79,566.54,5,W,5,N
300,558.25,566.84,5,W,5,N
301,562.10,568.23,5,W,5,N
302,566.02,572.16,5,W,5,N
303,568.41,574.55,5,W,5,N
304,571.34,577.48,5,W,5,N
342,506.36,579.94,5,E,5,N
343,509.07,580.24,5,E,5,N
344,510.19,580.54,5,E,5,N
345,522.18,580.84,5,E,5,N
346,533.19,581.14,5,E,5,N
66,467.35,599.10,1,S,3,W
266,419.25,599.70,3,E,5,W
268,490.11,600.00,3,E,5,W
53,339.83,600.30,1,S,5,W
55,348.67,600.60,1,S,5,W
56,349.55,600.90,1,S,5,W
61,362.36,601.20,1,S,5,W
225,414.85,601.50,2,W,5,W
238,439.96,601.80,2,E,5,W
226,438.58,602.10,2,W,5,W
227,457.40,602.40,2,W,5,W
145,422.33,602.70,1,W,5,W
73,561.12,602.70,1,S,1,W
146,425.49,603.00,1,W,5,W
147,436.93,603.30,1,W,5,W
149,443.60,603.60,1,W,5,W
160,554.43,603.60,1,W,2,W
86,594.16,608.30,1,S,1,W
52,339.42,621.84,1,S,5,N
54,345.24,622.14,1,S,5,N
57,355.71,622.44,1,S,5,N
58,358.05,622.74,1,S,5,N
60,359.64,623.04,1,S,5,N
62,369.26,623.34,1,S,5,N
63,369.93,623.64,1,S,5,N
64,372.71,623.94,1,S,5,N
228,478.14,624.24,2,W,5,N
142,382.29,624.54,1,W,5,N
143,386.07,624.84,1,W,5,N
144,389.26,625.14,1,W,5,N
150,445.97,625.44,1,W,5,N
206,451.33,625.74,1,E,5,N
207,464.99,626.04,1,E,5,N
255,539.73,630.27,3,W,5,N
269,572.31,634.08,3,E,5,N
209,592.52,654.70,1,E,3,E
305,574.28,665.84,5,W,5,N
306,595.89,666.14,5,W,5,N
307,598.72,666.44,5,W,5,N
308,604.55,666.74,5,W,5,N
309,610.64,667.04,5,W,5,N
310,614.37,667.34,5,W,5,N
311,615.23,667.64,5,W,5,N
312,617.28,667.94,5,W,5,N
313,621.67,668.24,5,W,5,N
347,674.76,680.89,5,E,5,N
348,692.48,698.61,5,E,5,N
239,521.48,699.60,2,E,5,W
151,477.51,699.90,1,W,5,W
152,484.13,700.20,1,W,5,W
157,545.36,700.50,1,W,5,W
208,517.59,700.80,1,E,5,W
92,669.77,703.10,1,S,1,W
97,679.83,703.40,1,S,1,W
91,660.47,716.20,1,S,1,E
240,595.48,721.74,2,E,5,N
153,486.54,722.04,1,W,5,N
154,488.20,722.34,1,W,5,N
155,522.96,722.64,1,W,5,N
156,524.94,722.94,1,W,5,N
158,548.64,723.24,1,W,5,N
159,551.82,723.54,1,W,5,N
256,599.73,730.07,3,W,5,N
257,601.28,730.37,3,W,5,N
89,604.62,739.17,1,S,3,W
161,593.82,739.47,1,W,3,W
314,694.25,765.74,5,W,5,N
315,697.12,766.04,5,W,5,N
316,726.00,766.34,5,W,5,N
317,729.37,766.64,5,W,5,N
318,735.11,766.94,5,W,5,N
319,738.12,767.24,5,W,5,N
320,741.18,767.54,5,W,5,N
321,746.06,767.84,5,W,5,N
322,771.91,778.05,5,W,5,N
270,682.73,799.50,3,E,5,W
68,552.16,799.80,1,S,5,W
71,555.71,800.10,1,S,5,W
74,566.34,800.40,1,S,5,W
76,570.50,800.70,1,S,5,W
80,582.58,801.00,1,S,5,W
167,683.32,801.10,1,W,2,W
230,663.73,801.30,2,W,5,W
83,587.46,801.60,1,S,5,W
87,598.07,801.90,1,S,5,W
88,602.04,802.20,1,S,5,W
67,548.41,815.50,1,S,5,E
75,568.25,816.70,1,S,5,E
162,600.53,819.70,1,W,5,E
69,552.22,821.94,1,S,5,N
70,552.55,822.24,1,S,5,N
72,559.43,822.54,1,S,5,N
77,572.95,823.14,1,S,5,N
78,576.48,823.44,1,S,5,N
79,579.63,823.74,1,S,5,N
241,631.25,824.04,2,E,5,N
229,634.96,824.34,2,W,5,N
81,584.78,824.64,1,S,5,N
82,585.06,824.94,1,S,5,N
84,591.14,825.24,1,S,5,N
85,593.50,825.54,1,S,5,N
163,632.17,826.14,1,W,5,N
164,634.66,826.44,1,W,5,N
165,636.85,826.74,1,W,5,N
166,643.55,827.04,1,W,5,N
210,619.42,827.34,1,E,5,N
258,736.10,829.87,3,W,5,N
272,773.55,835.32,3,E,5,N
175,725.77,839.57,1,W,3,E
323,825.78,865.64,5,W,5,N
324,829.33,865.94,5,W,5,N
325,845.11,866.24,5,W,5,N
326,849.02,866.54,5,W,5,N
327,851.94,866.84,5,W,5,N
328,853.90,867.14,5,W,5,N
329,859.77,867.44,5,W,5,N
330,861.21,867.74,5,W,5,N
331,862.39,868.52,5,W,5,N
332,869.01,875.14,5,W,5,N
333,871.08,877.21,5,W,5,N
349,834.75,879.64,5,E,5,N
350,887.88,894.02,5,E,5,N
271,698.62,899.40,3,E,5,W
273,776.27,899.70,3,E,5,W
274,796.12,900.00,3,E,5,W
90,654.26,900.30,1,S,5,W
94,673.63,900.60,1,S,5,W
96,677.15,900.90,1,S,5,W
169,691.08,901.20,1,W,5,W
172,700.11,901.50,1,W,5,W
109,884.49,903.90,1,S,1,W
112,892.49,906.62,1,S,1,W
106,870.19,917.90,1,S,1,E
178,767.43,919.00,1,W,5,E
111,891.68,919.10,1,S,1,E
93,670.71,921.54,1,S,5,N
95,676.31,921.84,1,S,5,N
242,728.05,922.14,2,E,5,N
231,705.62,922.44,2,W,5,N
232,785.21,922.74,2,W,5,N
168,688.18,923.04,1,W,5,N
170,696.67,923.34,1,W,5,N
259,841.70,923.53,3,W,5,E
171,696.82,923.64,1,W,5,N
173,711.47,923.94,1,W,5,N
174,719.09,924.24,1,W,5,N
176,728.98,924.54,1,W,5,N
177,740.03,924.84,1,W,5,N
211,743.30,925.44,1,E,5,N
212,746.21,925.74,1,E,5,N
260,872.56,934.33,3,W,5,N
261,876.54,938.31,3,W,5,N
183,845.71,938.47,1,W,3,E
334,892.67,965.54,5,W,5,N
103,852.42,998.60,1,S,3,W
275,885.91,999.30,3,E,5,W
100,752.77,999.60,1,S,5,W
101,755.70,999.90,1,S,5,W
180,818.84,1000.20,1,W,5,W
181,819.33,1000.50,1,W,5,W
214,858.55,1000.80,1,E,5,W
182,822.88,1016.80,1,W,5,E
98,745.40,1021.44,1,S,5,N
99,749.19,1021.74,1,S,5,N
243,815.87,1022.04,2,E,5,N
244,889.51,1022.34,2,E,5,N
179,770.52,1022.64,1,W,5,N
184,847.74,1023.24,1,W,5,N
213,823.11,1023.54,1,E,5,N
215,860.80,1023.84,1,E,5,N
216,880.40,1024.14,1,E,5,N
186,891.87,1099.20,1,W,5,W
102,850.92,1121.34,1,S,5,N
104,866.44,1121.64,1,S,5,N
105,870.15,1121.94,1,S,5,N
107,873.41,1122.24,1,S,5,N
108,881.15,1122.54,1,S,5,N
110,888.50,1122.84,1,S,5,N
113,894.21,1123.14,1,S,5,N
185,889.25,1123.44,1,W,5,N
187,899.24,1123.74,1,W,5,N