id,enter_time,exit_time,entrance_intersection,entrance_direction,exit_intersection,exit_direction
238,17.56,66.44,5,W,5,N
310,29.50,80.44,5,E,5,N
311,40.84,80.74,5,E,5,N
312,57.08,81.04,5,E,5,N
313,66.10,81.34,5,E,5,N
5,22.50,100.70,1,S,1,W
152,9.88,103.70,1,E,2,W
154,59.58,104.30,1,E,2,W
223,73.44,135.21,3,E,5,N
82,11.65,137.97,1,W,3,W
83,19.30,138.27,1,W,3,E
153,29.88,140.07,1,E,3,W
239,75.46,166.34,5,W,5,N
240,95.10,166.64,5,W,5,N
241,110.03,166.94,5,W,5,N
242,136.84,167.24,5,W,5,N
243,138.58,167.54,5,W,5,N
244,143.70,167.84,5,W,5,N
184,28.88,200.10,2,W,5,W
3,15.49,200.40,1,S,5,W
6,24.19,200.70,1,S,5,W
84,22.31,201.00,1,W,5,W
9,123.82,201.10,1,S,1,W
13,140.34,201.40,1,S,1,W
11,131.57,201.40,1,S,2,W
15,143.08,201.70,1,S,1,W
0,2.96,222.24,1,S,5,N
198,37.67,222.54,2,E,5,N
183,20.03,222.84,2,W,5,N
199,62.99,223.14,2,E,5,N
1,4.76,223.44,1,S,5,N
2,11.67,223.74,1,S,5,N
4,19.10,224.04,1,S,5,N
85,24.42,224.34,1,W,5,N
86,26.87,224.64,1,W,5,N
151,7.70,224.94,1,E,5,N
210,144.23,231.07,3,W,5,N
225,142.83,231.37,3,E,5,N
7,120.18,236.57,1,S,3,E
94,157.29,240.17,1,W,3,W
155,103.38,240.77,1,E,3,E
245,211.59,266.24,5,W,5,N
246,212.10,266.54,5,W,5,N
247,226.19,266.84,5,W,5,N
248,240.92,267.14,5,W,5,N
249,243.57,267.44,5,W,5,N
250,259.21,267.74,5,W,5,N
251,260.17,268.04,5,W,5,N
314,205.04,280.24,5,E,5,N
315,208.67,280.54,5,E,5,N
316,209.66,280.84,5,E,5,N
224,140.42,300.00,3,E,5,W
8,122.64,300.30,1,S,5,W
88,90.26,300.60,1,W,5,W
93,153.36,300.90,1,W,5,W
106,246.84,304.20,1,W,2,W
317,299.05,305.19,5,E,5,N
160,270.64,306.60,1,E,2,W
200,120.10,322.14,2,E,5,N
162,296.25,322.37,1,E,2,W
10,127.57,322.44,1,S,5,N
12,136.74,322.74,1,S,5,N
87,70.54,323.04,1,W,5,N
89,91.41,323.34,1,W,5,N
90,97.89,323.64,1,W,5,N
91,100.03,323.94,1,W,5,N
92,134.49,324.24,1,W,5,N
95,157.49,324.54,1,W,5,N
156,178.05,324.84,1,E,5,N
157,188.69,325.14,1,E,5,N
226,221.36,330.87,3,E,5,N
159,231.23,342.37,1,E,3,W
252,285.43,366.14,5,W,5,N
253,289.35,366.44,5,W,5,N
254,296.95,366.74,5,W,5,N
255,299.56,367.04,5,W,5,N
318,332.01,380.14,5,E,5,N
211,252.47,399.90,3,W,5,W
103,235.12,400.20,1,W,5,W
104,241.61,400.50,1,W,5,W
19,320.90,400.70,1,S,2,E
105,243.64,400.80,1,W,5,W
20,321.03,401.00,1,S,2,W
107,251.89,401.10,1,W,5,W
110,257.96,401.40,1,W,5,W
111,259.96,401.70,1,W,5,W
21,381.95,401.90,1,S,1,W
24,388.17,402.31,1,S,1,W
165,384.97,411.09,1,E,2,W
98,195.95,418.30,1,W,5,E
14,142.93,422.04,1,S,5,N
16,147.00,422.34,1,S,5,N
185,203.43,422.64,2,W,5,N
201,216.89,422.94,2,E,5,N
17,213.49,423.24,1,S,5,N
18,224.77,423.54,1,S,5,N
96,189.76,423.84,1,W,5,N
97,192.38,424.14,1,W,5,N
99,199.69,424.74,1,W,5,N
100,203.61,425.04,1,W,5,N
101,223.60,425.34,1,W,5,N
215,356.42,425.43,3,W,5,E
102,227.42,425.64,1,W,5,N
108,251.94,425.94,1,W,5,N
109,255.66,426.24,1,W,5,N
158,210.55,426.54,1,E,5,N
161,279.18,426.84,1,E,5,N
227,307.94,430.67,3,E,5,N
228,344.50,430.97,3,E,5,N
213,313.12,430.97,3,W,5,N
214,330.77,431.27,3,W,5,N
25,388.71,441.42,1,S,2,W
166,388.19,450.38,1,E,3,W
256,376.12,466.04,5,W,5,N
257,393.47,466.34,5,W,5,N
258,395.10,466.64,5,W,5,N
259,400.67,466.94,5,W,5,N
260,404.23,467.24,5,W,5,N
261,406.91,467.54,5,W,5,N
262,409.36,467.84,5,W,5,N
263,412.07,468.14,5,W,5,N
264,438.20,468.44,5,W,5,N
319,413.37,480.04,5,E,5,N
320,433.34,480.34,5,E,5,N
321,435.18,480.64,5,E,5,N
322,435.64,480.94,5,E,5,N
23,387.19,499.60,1,S,3,E
212,309.71,499.80,3,W,5,W
202,306.09,500.10,2,E,5,W
114,329.35,500.40,1,W,5,W
115,365.48,500.70,1,W,5,W
163,315.78,501.00,1,E,5,W
164,350.85,501.30,1,E,5,W
190,481.24,517.32,2,W,3,E
186,374.42,521.94,2,W,5,N
203,391.91,522.24,2,E,5,N
187,395.53,522.54,2,W,5,N
188,397.19,522.84,2,W,5,N
112,281.04,523.14,1,W,5,N
113,288.85,523.44,1,W,5,N
229,419.85,530.47,3,E,5,N
230,489.68,551.45,3,E,5,N
265,498.69,565.94,5,W,5,N
266,504.31,566.24,5,W,5,N
267,517.56,566.54,5,W,5,N
268,523.55,566.84,5,W,5,N
269,526.78,567.14,5,W,5,N
270,531.49,567.44,5,W,5,N
271,536.82,567.74,5,W,5,N
272,556.39,568.04,5,W,5,N
323,517.54,579.94,5,E,5,N
324,524.80,580.24,5,E,5,N
29,452.58,599.70,1,S,3,W
216,403.66,599.70,3,W,5,W
204,453.67,600.00,2,E,5,W
119,455.91,600.30,1,W,5,W
172,567.06,606.30,1,E,2,E
192,553.49,613.37,2,W,3,E
22,383.43,615.70,1,S,5,E
117,440.55,616.90,1,W,5,E
167,441.39,617.50,1,E,5,E
26,390.30,622.14,1,S,5,N
189,459.67,622.44,2,W,5,N
116,395.94,622.74,1,W,5,N
118,454.03,623.34,1,W,5,N
231,509.09,630.27,3,E,5,N
122,480.71,637.57,1,W,3,E
273,580.89,665.84,5,W,5,N
274,601.75,666.14,5,W,5,N
275,606.05,666.44,5,W,5,N
276,608.39,666.74,5,W,5,N
277,611.74,667.04,5,W,5,N
278,627.31,667.34,5,W,5,N
279,629.70,667.64,5,W,5,N
280,645.61,667.94,5,W,5,N
281,649.51,668.24,5,W,5,N
282,650.05,668.54,5,W,5,N
325,620.22,679.84,5,E,5,N
217,537.32,699.60,3,W,5,W
218,556.26,699.90,3,W,5,W
232,542.73,700.20,3,E,5,W
27,447.57,700.50,1,S,5,W
28,449.71,700.80,1,S,5,W
205,513.66,701.10,2,E,5,W
126,499.23,701.40,1,W,5,W
128,507.77,701.70,1,W,5,W
132,546.83,702.00,1,W,5,W
168,514.05,702.30,1,E,5,W
40,629.97,702.50,1,S,2,W
169,517.52,702.60,1,E,5,W
46,644.98,703.10,1,S,1,W
176,665.72,705.80,1,E,2,E
177,683.93,710.05,1,E,2,W
125,488.79,718.30,1,W,5,E
170,526.27,720.10,1,E,5,E
30,454.49,721.74,1,S,5,N
31,457.60,722.04,1,S,5,N
32,461.38,722.34,1,S,5,N
33,461.64,722.64,1,S,5,N
191,525.94,722.94,2,W,5,N
120,476.05,723.24,1,W,5,N
121,477.04,723.54,1,W,5,N
123,480.96,723.84,1,W,5,N
124,488.68,724.14,1,W,5,N
127,505.56,724.74,1,W,5,N
129,520.53,725.04,1,W,5,N
130,536.28,725.34,1,W,5,N
131,543.46,725.64,1,W,5,N
133,562.42,725.94,1,W,5,N
171,545.47,726.54,1,E,5,N
173,575.11,726.84,1,E,5,N
53,714.03,728.17,1,S,1,E
219,667.42,730.07,3,W,5,N
233,623.32,730.07,3,E,5,N
234,640.63,730.37,3,E,5,N
134,608.34,739.77,1,W,3,W
135,612.30,740.07,1,W,3,W
138,663.54,740.97,1,W,3,W
283,676.04,765.74,5,W,5,N
284,677.10,766.04,5,W,5,N
285,681.04,766.34,5,W,5,N
286,681.45,766.64,5,W,5,N
287,684.53,766.94,5,W,5,N
288,686.77,767.24,5,W,5,N
289,699.49,767.54,5,W,5,N
290,702.43,767.84,5,W,5,N
291,704.57,768.14,5,W,5,N
292,709.88,768.44,5,W,5,N
293,722.11,768.74,5,W,5,N
294,727.93,769.04,5,W,5,N
295,727.97,769.34,5,W,5,N
296,732.63,769.64,5,W,5,N
297,753.51,769.94,5,W,5,N
326,700.85,779.74,5,E,5,N
327,702.90,780.04,5,E,5,N
328,729.95,780.34,5,E,5,N
329,734.04,780.64,5,E,5,N
47,648.67,799.30,1,S,3,E
36,621.54,799.50,1,S,5,W
175,627.71,799.80,1,E,5,W
48,701.01,803.50,1,S,1,W
52,710.45,803.80,1,S,1,W
55,719.38,804.10,1,S,1,W
140,717.37,804.40,1,W,2,W
76,777.32,804.40,1,S,1,W
194,610.00,816.40,2,W,5,E
207,664.70,816.70,2,E,5,E
136,615.15,819.10,1,W,5,E
34,548.45,821.64,1,S,5,N
206,607.18,821.94,2,E,5,N
193,607.15,822.24,2,W,5,N
35,620.51,823.14,1,S,5,N
37,622.62,823.44,1,S,5,N
38,624.67,823.74,1,S,5,N
39,626.93,824.04,1,S,5,N
41,632.74,824.34,1,S,5,N
42,635.52,824.64,1,S,5,N
43,638.93,824.94,1,S,5,N
137,646.44,825.54,1,W,5,N
174,622.99,825.84,1,E,5,N
235,740.45,829.87,3,E,5,N
236,755.07,830.17,3,E,5,N
220,774.34,836.11,3,W,5,N
298,782.91,865.64,5,W,5,N
299,786.08,865.94,5,W,5,N
300,788.83,866.24,5,W,5,N
301,789.53,866.54,5,W,5,N
302,793.24,866.84,5,W,5,N
303,793.70,867.14,5,W,5,N
304,848.99,867.44,5,W,5,N
305,853.41,867.74,5,W,5,N
306,857.35,868.04,5,W,5,N
307,868.20,874.34,5,W,5,N
308,868.68,874.82,5,W,5,N
330,816.01,879.64,5,E,5,N
331,817.79,879.94,5,E,5,N
332,820.41,880.24,5,E,5,N
333,832.68,880.54,5,E,5,N
334,848.91,880.84,5,E,5,N
65,744.03,898.80,1,S,3,W
66,747.62,899.10,1,S,3,E
59,727.82,899.40,1,S,5,W
61,734.31,899.70,1,S,5,W
63,738.19,900.00,1,S,5,W
139,679.05,900.30,1,W,5,W
178,772.81,900.60,1,E,5,W
80,786.76,902.40,1,S,2,W
45,641.40,916.00,1,S,5,E
221,798.10,921.54,3,W,5,N
44,639.79,921.84,1,S,5,N
49,703.04,922.44,1,S,5,N
50,704.17,922.74,1,S,5,N
208,747.74,923.04,2,E,5,N
195,788.87,923.34,2,W,5,N
51,708.93,923.64,1,S,5,N
54,715.53,923.94,1,S,5,N
56,723.27,924.24,1,S,5,N
57,723.28,924.54,1,S,5,N
58,725.37,924.84,1,S,5,N
60,730.77,925.14,1,S,5,N
62,738.12,925.44,1,S,5,N
141,764.49,925.74,1,W,5,N
78,781.94,937.87,1,S,3,W
309,875.16,965.54,5,W,5,N
222,840.90,999.30,3,W,5,W
237,834.90,999.60,3,E,5,W
73,769.73,999.90,1,S,5,W
144,777.64,1000.20,1,W,5,W
180,840.23,1000.50,1,E,5,W
146,832.29,1020.40,1,W,5,E
64,740.19,1021.44,1,S,5,N
67,751.60,1021.74,1,S,5,N
68,762.59,1022.04,1,S,5,N
69,764.44,1022.34,1,S,5,N
70,766.41,1022.64,1,S,5,N
71,766.51,1022.94,1,S,5,N
72,767.00,1023.24,1,S,5,N
74,772.62,1023.54,1,S,5,N
196,831.68,1023.84,2,W,5,N
209,839.12,1024.14,2,E,5,N
197,836.03,1024.44,2,W,5,N
75,775.58,1024.74,1,S,5,N
77,780.65,1025.04,1,S,5,N
79,782.90,1025.34,1,S,5,N
142,768.17,1025.64,1,W,5,N
143,771.52,1025.94,1,W,5,N
145,812.49,1026.24,1,W,5,N
147,834.33,1026.84,1,W,5,N
179,821.75,1027.14,1,E,5,N
181,844.08,1027.44,1,E,5,N
182,897.46,1027.74,1,E,5,N
150,875.33,1099.20,1,W,5,W
149,871.93,1115.80,1,W,5,E
81,881.24,1121.34,1,S,5,N
148,869.28,1121.64,1,W,5,N