id,enter_time,exit_time,entrance_intersection,entrance_direction,exit_intersection,exit_direction
213,3.77,66.44,5,W,5,N
214,6.97,66.74,5,W,5,N
215,11.98,67.04,5,W,5,N
216,12.33,67.34,5,W,5,N
217,15.40,67.64,5,W,5,N
218,39.89,67.94,5,W,5,N
219,52.32,68.24,5,W,5,N
282,1.08,80.44,5,E,5,N
283,51.15,80.74,5,E,5,N
197,35.66,131.87,3,E,5,N
220,79.05,166.34,5,W,5,N
221,79.37,166.64,5,W,5,N
222,83.37,166.94,5,W,5,N
223,86.00,167.24,5,W,5,N
224,92.79,167.54,5,W,5,N
225,95.35,167.84,5,W,5,N
226,99.16,168.14,5,W,5,N
227,131.36,168.44,5,W,5,N
228,132.88,168.74,5,W,5,N
284,150.20,180.34,5,E,5,N
195,15.37,200.10,3,E,5,W
196,19.29,200.40,3,E,5,W
167,86.69,200.70,2,E,5,W
0,5.23,201.00,1,S,5,W
3,146.83,201.10,1,S,1,W
1,5.61,201.30,1,S,5,W
127,76.96,201.60,1,E,5,W
69,117.60,202.60,1,W,2,E
4,149.91,213.90,1,S,1,E
153,27.80,222.24,2,W,5,N
154,84.71,222.54,2,W,5,N
59,21.06,222.84,1,W,5,N
60,28.29,223.14,1,W,5,N
61,30.74,223.44,1,W,5,N
125,53.05,223.74,1,E,5,N
126,56.73,224.04,1,E,5,N
198,129.87,231.07,3,E,5,N
180,151.08,231.37,3,W,5,N
10,225.97,240.10,1,S,1,E
11,229.11,243.25,1,S,1,E
229,183.38,266.24,5,W,5,N
230,186.40,266.54,5,W,5,N
231,190.06,266.84,5,W,5,N
232,218.52,267.14,5,W,5,N
233,220.52,267.44,5,W,5,N
234,223.28,267.74,5,W,5,N
235,225.29,268.04,5,W,5,N
236,227.87,268.34,5,W,5,N
237,252.76,268.64,5,W,5,N
238,255.76,268.94,5,W,5,N
285,293.51,299.65,5,E,5,N
179,105.32,300.00,3,W,5,W
168,174.81,300.30,2,E,5,W
63,70.54,300.60,1,W,5,W
64,78.40,300.90,1,W,5,W
71,161.85,301.20,1,W,5,W
129,173.54,301.50,1,E,5,W
131,203.70,304.80,1,E,2,W
62,67.38,316.30,1,W,5,E
68,117.00,317.50,1,W,5,E
2,76.78,322.14,1,S,5,N
65,110.82,322.74,1,W,5,N
66,111.87,323.04,1,W,5,N
67,114.42,323.34,1,W,5,N
70,159.45,323.94,1,W,5,N
128,137.92,324.24,1,E,5,N
130,185.37,324.54,1,E,5,N
17,312.04,326.17,1,S,1,E
199,218.58,330.87,3,E,5,N
7,221.64,336.67,1,S,3,W
9,225.21,337.27,1,S,3,E
181,291.24,353.01,3,W,5,N
239,275.10,366.14,5,W,5,N
240,277.54,366.44,5,W,5,N
241,284.83,366.74,5,W,5,N
242,287.57,367.04,5,W,5,N
243,302.65,367.34,5,W,5,N
244,305.08,367.64,5,W,5,N
245,305.17,367.94,5,W,5,N
246,308.99,368.24,5,W,5,N
247,338.44,368.54,5,W,5,N
248,355.31,368.84,5,W,5,N
249,359.52,369.14,5,W,5,N
250,360.72,369.44,5,W,5,N
251,363.40,369.53,5,W,5,N
252,367.08,373.22,5,W,5,N
286,304.03,380.14,5,E,5,N
287,315.60,380.44,5,E,5,N
8,222.52,399.90,1,S,5,W
12,233.09,400.20,1,S,5,W
73,183.19,400.50,1,W,5,W
75,188.80,400.80,1,W,5,W
76,238.84,401.10,1,W,5,W
82,314.57,401.30,1,W,2,W
134,291.38,409.21,1,E,5,W
19,380.51,415.00,1,S,1,E
14,237.28,417.40,1,S,5,E
132,215.82,419.20,1,E,5,E
5,151.76,422.04,1,S,5,N
6,153.68,422.34,1,S,5,N
169,267.22,422.64,2,E,5,N
155,281.89,422.94,2,W,5,N
13,236.94,423.24,1,S,5,N
72,179.98,423.84,1,W,5,N
74,185.40,424.14,1,W,5,N
77,257.04,424.44,1,W,5,N
78,261.72,424.74,1,W,5,N
79,264.04,425.04,1,W,5,N
133,221.16,425.64,1,E,5,N
200,300.20,430.67,3,E,5,N
182,337.68,430.67,3,W,5,N
183,347.07,430.97,3,W,5,N
136,372.39,439.77,1,E,3,W
184,379.06,440.83,3,W,5,N
185,392.14,453.91,3,W,5,N
253,382.08,466.04,5,W,5,N
254,412.81,466.34,5,W,5,N
255,433.54,466.64,5,W,5,N
256,435.86,466.94,5,W,5,N
257,441.52,467.24,5,W,5,N
258,441.83,467.54,5,W,5,N
288,458.99,480.04,5,E,5,N
201,313.13,499.80,3,E,5,W
170,336.43,500.10,2,E,5,W
83,318.55,500.40,1,W,5,W
85,338.34,500.70,1,W,5,W
87,347.36,501.00,1,W,5,W
26,402.45,502.30,1,S,1,W
28,452.97,502.60,1,S,1,W
31,461.90,502.90,1,S,1,W
84,331.52,517.60,1,W,5,E
15,238.64,521.94,1,S,5,N
16,240.72,522.24,1,S,5,N
156,344.08,522.54,2,W,5,N
171,375.32,522.84,2,E,5,N
80,307.62,523.14,1,W,5,N
81,310.04,523.44,1,W,5,N
86,344.76,524.04,1,W,5,N
88,350.35,524.34,1,W,5,N
135,344.67,524.64,1,E,5,N
188,457.14,524.93,3,W,5,E
186,445.74,530.47,3,W,5,N
203,407.03,530.77,3,E,5,N
91,412.63,537.47,1,W,3,W
32,529.73,543.86,1,S,1,E
259,516.72,565.94,5,W,5,N
260,519.37,566.24,5,W,5,N
261,533.52,566.54,5,W,5,N
262,534.11,566.84,5,W,5,N
263,537.71,567.14,5,W,5,N
289,505.76,579.94,5,E,5,N
29,457.15,599.40,1,S,3,E
202,403.97,599.70,3,E,5,W
187,453.63,600.00,3,W,5,W
21,390.07,600.30,1,S,5,W
172,443.07,600.60,2,E,5,W
157,402.99,600.90,2,W,5,W
159,483.31,601.20,2,W,5,W
290,595.29,601.43,5,E,5,N
89,369.51,601.50,1,W,5,W
93,467.17,601.50,1,W,2,E
137,429.02,601.80,1,E,5,W
95,496.48,602.10,1,W,2,W
36,553.28,602.70,1,S,1,W
101,565.88,603.90,1,W,2,W
161,539.83,613.37,2,W,3,E
18,377.17,615.70,1,S,5,E
39,559.62,616.40,1,S,1,E
23,395.12,616.60,1,S,5,E
90,370.16,618.10,1,W,5,E
20,382.45,622.14,1,S,5,N
22,392.13,622.44,1,S,5,N
24,396.96,623.04,1,S,5,N
25,400.93,623.34,1,S,5,N
158,424.53,623.64,2,W,5,N
173,479.02,623.94,2,E,5,N
92,415.21,624.54,1,W,5,N
138,467.44,624.84,1,E,5,N
205,505.85,630.57,3,E,5,N
206,570.19,631.96,3,E,5,N
264,610.78,665.84,5,W,5,N
265,613.43,666.14,5,W,5,N
266,617.35,666.44,5,W,5,N
267,620.41,666.74,5,W,5,N
268,622.80,667.04,5,W,5,N
269,630.04,667.34,5,W,5,N
270,632.94,667.64,5,W,5,N
271,637.53,667.94,5,W,5,N
272,653.13,668.24,5,W,5,N
291,606.88,679.84,5,E,5,N
292,617.06,680.14,5,E,5,N
293,618.02,680.44,5,E,5,N
294,656.64,680.74,5,E,5,N
204,502.14,699.60,3,E,5,W
40,561.81,699.80,1,S,3,E
189,590.20,699.90,3,W,5,W
27,450.46,700.20,1,S,5,W
34,534.22,700.50,1,S,5,W
94,494.15,700.80,1,W,5,W
42,631.60,701.00,1,S,2,W
96,499.46,701.10,1,W,5,W
98,504.63,701.40,1,W,5,W
140,569.84,701.70,1,E,5,W
102,578.60,701.90,1,W,2,E
41,630.68,703.10,1,S,1,W
142,587.90,705.73,1,E,5,W
30,457.18,715.60,1,S,5,E
99,523.70,717.40,1,W,5,E
160,511.69,722.04,2,W,5,N
174,515.30,722.34,2,E,5,N
162,569.11,722.64,2,W,5,N
33,529.90,722.94,1,S,5,N
97,501.48,723.24,1,W,5,N
100,565.31,723.84,1,W,5,N
139,530.54,724.14,1,E,5,N
141,576.25,724.44,1,E,5,N
207,607.09,730.07,3,E,5,N
190,622.20,730.07,3,W,5,N
208,610.52,730.37,3,E,5,N
46,733.70,747.84,1,S,1,E
209,686.87,748.64,3,E,5,N
273,733.60,765.74,5,W,5,N
274,745.62,766.04,5,W,5,N
275,762.55,768.68,5,W,5,N
276,765.14,771.27,5,W,5,N
277,767.20,773.34,5,W,5,N
278,770.09,776.22,5,W,5,N
295,791.43,797.57,5,E,5,N
191,625.52,799.50,3,W,5,W
192,685.31,799.80,3,W,5,W
35,542.23,800.10,1,S,5,W
37,555.32,800.40,1,S,5,W
43,632.26,800.70,1,S,5,W
103,627.55,801.00,1,W,5,W
45,732.97,801.10,1,S,2,W
143,653.97,801.30,1,E,5,W
144,664.89,801.60,1,E,5,W
145,674.26,801.90,1,E,5,W
108,681.35,802.30,1,W,2,E
110,703.64,802.90,1,W,2,W
47,740.26,803.50,1,S,1,W
48,741.34,803.80,1,S,1,W
104,665.99,816.40,1,W,5,E
38,559.04,821.64,1,S,5,N
175,609.18,821.94,2,E,5,N
44,634.34,822.24,1,S,5,N
109,684.48,838.67,1,W,3,W
210,777.85,839.62,3,E,5,N
193,789.38,851.15,3,W,5,N
194,792.08,853.85,3,W,5,N
279,773.32,865.64,5,W,5,N
280,865.31,871.45,5,W,5,N
281,869.53,875.67,5,W,5,N
176,707.32,899.40,2,E,5,W
107,678.06,899.70,1,W,5,W
147,740.56,900.00,1,E,5,W
54,836.75,901.80,1,S,2,W
149,784.68,902.50,1,E,5,W
53,836.57,903.90,1,S,1,W
56,845.33,904.20,1,S,1,W
164,842.38,913.37,2,W,3,W
163,763.06,915.40,2,W,5,E
106,671.99,916.30,1,W,5,E
177,766.68,921.84,2,E,5,N
105,669.13,922.14,1,W,5,N
111,733.68,922.74,1,W,5,N
112,759.91,923.04,1,W,5,N
146,719.40,923.34,1,E,5,N
148,757.54,923.64,1,E,5,N
166,894.80,930.87,2,W,3,W
116,794.34,939.37,1,W,3,E
119,829.85,940.27,1,W,3,E
212,893.92,955.69,3,E,5,N
211,881.40,999.30,3,E,5,W
178,840.99,999.60,2,E,5,W
55,839.62,999.90,1,S,5,W
114,777.53,1000.20,1,W,5,W
118,827.72,1000.50,1,W,5,W
122,865.31,1000.80,1,W,5,W
123,867.83,1001.10,1,W,5,W
150,819.75,1001.40,1,E,5,W
113,774.92,1016.80,1,W,5,E
117,827.57,1017.40,1,W,5,E
49,744.90,1021.44,1,S,5,N
50,746.11,1021.74,1,S,5,N
165,865.21,1022.04,2,W,5,N
51,827.73,1022.34,1,S,5,N
52,834.73,1022.64,1,S,5,N
115,781.03,1023.24,1,W,5,N
120,861.34,1023.84,1,W,5,N
121,863.45,1024.14,1,W,5,N
151,853.02,1024.44,1,E,5,N
152,891.58,1024.74,1,E,5,N
57,860.40,1121.34,1,S,5,N
58,860.67,1121.64,1,S,5,N
124,881.36,1121.94,1,W,5,N