id,enter_time,exit_time,entrance_intersection,entrance_direction,exit_intersection,exit_direction
226,3.26,66.44,5,W,5,N
227,3.30,66.74,5,W,5,N
228,8.33,67.04,5,W,5,N
307,54.07,80.44,5,E,5,N
308,70.91,80.74,5,E,5,N
309,89.84,95.97,5,E,5,N
0,1.07,100.70,1,S,1,W
142,89.24,115.36,1,E,2,E
191,16.13,125.13,3,W,5,E
9,117.66,131.79,1,S,1,E
4,91.23,140.52,1,S,2,W
229,80.60,166.34,5,W,5,N
230,85.86,166.64,5,W,5,N
231,91.03,166.94,5,W,5,N
232,108.98,167.24,5,W,5,N
233,114.73,167.54,5,W,5,N
310,106.30,180.34,5,E,5,N
78,32.22,200.10,1,W,5,W
141,61.65,200.40,1,E,5,W
6,103.99,201.10,1,S,1,W
7,112.45,201.40,1,S,1,W
311,197.06,203.20,5,E,5,N
179,47.17,222.24,2,E,5,N
76,26.16,222.54,1,W,5,N
77,28.44,222.84,1,W,5,N
143,99.14,223.10,1,E,5,N
234,191.69,266.24,5,W,5,N
235,194.64,266.54,5,W,5,N
236,210.33,266.84,5,W,5,N
237,213.74,267.14,5,W,5,N
238,214.18,267.44,5,W,5,N
239,218.72,267.74,5,W,5,N
240,219.28,268.04,5,W,5,N
241,222.50,268.34,5,W,5,N
242,222.51,268.64,5,W,5,N
243,222.66,268.94,5,W,5,N
244,224.76,269.24,5,W,5,N
245,246.25,269.54,5,W,5,N
246,248.02,269.84,5,W,5,N
247,249.26,270.14,5,W,5,N
248,269.30,275.44,5,W,5,N
249,269.58,275.72,5,W,5,N
312,208.97,280.24,5,E,5,N
313,212.79,280.54,5,E,5,N
192,164.72,300.00,3,W,5,W
207,101.47,300.30,3,E,5,W
208,112.74,300.60,3,E,5,W
83,184.71,300.90,1,W,2,W
209,141.80,300.90,3,E,5,W
8,114.72,301.20,1,S,5,W
16,271.48,301.50,1,S,1,W
81,137.73,301.50,1,W,5,W
20,279.31,301.80,1,S,1,W
144,181.20,301.80,1,E,5,W
21,281.25,302.10,1,S,1,W
29,294.52,308.66,1,S,1,W
1,84.42,322.14,1,S,5,N
2,86.10,322.44,1,S,5,N
3,89.99,322.74,1,S,5,N
5,101.80,323.04,1,S,5,N
180,111.69,323.34,2,E,5,N
170,185.49,323.64,2,W,5,N
181,190.22,323.94,2,E,5,N
79,83.54,324.24,1,W,5,N
80,87.51,324.54,1,W,5,N
196,272.69,328.32,3,W,5,E
210,241.15,330.87,3,E,5,N
194,209.54,331.17,3,W,5,N
195,267.68,331.47,3,W,5,N
15,265.28,340.72,1,S,2,W
250,274.86,366.14,5,W,5,N
251,278.44,366.44,5,W,5,N
252,312.21,366.74,5,W,5,N
253,315.85,367.04,5,W,5,N
254,331.40,367.34,5,W,5,N
255,333.84,367.64,5,W,5,N
256,336.00,367.94,5,W,5,N
257,338.16,368.24,5,W,5,N
258,340.65,368.54,5,W,5,N
259,342.42,368.84,5,W,5,N
260,345.88,369.14,5,W,5,N
261,348.27,369.44,5,W,5,N
262,372.34,378.47,5,W,5,N
314,311.46,380.14,5,E,5,N
193,202.22,399.90,3,W,5,W
211,268.73,400.20,3,E,5,W
197,274.48,400.50,3,W,5,W
22,282.88,400.70,1,S,3,W
13,194.63,400.80,1,S,5,W
182,271.49,401.10,2,E,5,W
171,233.38,401.40,2,W,5,W
172,257.59,401.70,2,W,5,W
31,300.57,401.90,1,S,1,W
89,262.16,402.00,1,W,5,W
38,382.01,402.20,1,S,1,W
146,238.13,402.30,1,E,5,W
32,300.65,403.10,1,S,3,W
36,373.58,415.60,1,S,1,E
39,392.32,416.20,1,S,1,E
82,183.42,416.80,1,W,5,E
10,183.03,422.04,1,S,5,N
11,187.52,422.34,1,S,5,N
12,191.88,422.64,1,S,5,N
84,184.84,423.24,1,W,5,N
85,188.59,423.54,1,W,5,N
86,221.95,423.84,1,W,5,N
87,222.23,424.14,1,W,5,N
88,242.00,424.44,1,W,5,N
90,265.57,424.74,1,W,5,N
145,216.78,425.04,1,E,5,N
147,267.54,425.34,1,E,5,N
148,269.77,425.64,1,E,5,N
149,276.09,425.94,1,E,5,N
150,281.47,426.24,1,E,5,N
214,370.09,431.86,3,E,5,N
215,373.14,434.91,3,E,5,N
94,324.35,437.67,1,W,3,E
151,306.14,437.97,1,E,3,W
263,376.11,466.04,5,W,5,N
264,396.12,466.34,5,W,5,N
265,423.53,466.64,5,W,5,N
266,449.69,466.94,5,W,5,N
267,451.61,467.24,5,W,5,N
268,464.18,470.32,5,W,5,N
315,409.70,480.04,5,E,5,N
316,448.69,480.34,5,E,5,N
317,451.20,480.64,5,E,5,N
318,462.48,480.94,5,E,5,N
319,476.86,483.00,5,E,5,N
320,484.84,490.97,5,E,5,N
321,486.24,492.37,5,E,5,N
34,369.75,499.60,1,S,3,E
198,310.19,499.80,3,W,5,W
35,371.43,499.90,1,S,3,E
212,308.15,500.10,3,E,5,W
199,350.44,500.40,3,W,5,W
213,340.13,500.70,3,E,5,W
200,365.39,501.00,3,W,5,W
17,273.31,501.30,1,S,5,W
24,287.73,501.60,1,S,5,W
25,290.92,501.90,1,S,5,W
30,299.62,502.20,1,S,5,W
183,309.85,502.50,2,E,5,W
93,321.17,502.80,1,W,5,W
155,378.82,503.10,1,E,5,W
27,293.52,517.30,1,S,5,E
14,263.79,521.94,1,S,5,N
18,273.81,522.24,1,S,5,N
19,274.67,522.54,1,S,5,N
23,283.74,522.84,1,S,5,N
26,291.32,523.14,1,S,5,N
28,294.51,523.74,1,S,5,N
184,394.95,524.04,2,E,5,N
91,285.28,524.34,1,W,5,N
92,288.52,524.64,1,W,5,N
152,308.66,524.94,1,E,5,N
153,364.71,525.24,1,E,5,N
154,371.05,525.54,1,E,5,N
201,470.61,532.38,3,W,5,N
98,434.22,537.77,1,W,3,W
104,448.41,539.57,1,W,3,W
269,482.04,565.94,5,W,5,N
270,498.39,566.24,5,W,5,N
271,498.82,566.54,5,W,5,N
322,589.15,595.28,5,E,5,N
323,590.85,596.99,5,E,5,N
42,457.57,599.10,1,S,3,E
216,478.85,599.70,3,E,5,W
41,397.31,600.00,1,S,5,W
173,441.39,600.30,2,W,5,W
174,467.87,600.60,2,W,5,W
100,436.65,600.90,1,W,5,W
108,524.02,601.80,1,W,2,W
44,551.26,602.70,1,S,1,W
113,548.83,603.30,1,W,2,W
97,433.31,617.50,1,W,5,E
33,366.76,621.84,1,S,5,N
37,377.17,622.14,1,S,5,N
40,394.71,622.44,1,S,5,N
185,450.69,622.74,2,E,5,N
95,375.70,623.04,1,W,5,N
96,425.84,623.34,1,W,5,N
99,435.68,623.94,1,W,5,N
101,440.46,624.24,1,W,5,N
102,442.27,624.54,1,W,5,N
103,446.24,624.84,1,W,5,N
156,415.61,625.14,1,E,5,N
157,468.46,625.44,1,E,5,N
202,522.93,630.27,3,W,5,N
203,527.02,630.57,3,W,5,N
106,484.91,637.27,1,W,3,W
217,586.14,647.91,3,E,5,N
272,578.63,665.84,5,W,5,N
273,581.74,666.14,5,W,5,N
274,599.10,666.44,5,W,5,N
275,603.53,666.74,5,W,5,N
276,607.42,667.04,5,W,5,N
277,619.86,667.34,5,W,5,N
278,624.29,667.64,5,W,5,N
279,627.39,667.94,5,W,5,N
280,642.91,668.24,5,W,5,N
281,648.17,668.54,5,W,5,N
282,658.79,668.84,5,W,5,N
283,661.32,669.14,5,W,5,N
284,662.14,669.44,5,W,5,N
285,665.21,671.35,5,W,5,N
286,667.53,673.67,5,W,5,N
110,532.65,699.60,1,W,5,W
43,458.43,721.74,1,S,5,N
186,545.02,722.04,2,E,5,N
105,480.94,722.34,1,W,5,N
107,521.42,722.64,1,W,5,N
109,527.86,722.94,1,W,5,N
111,539.22,723.24,1,W,5,N
112,545.73,723.54,1,W,5,N
158,547.82,723.84,1,E,5,N
159,600.23,724.19,1,E,5,N
221,637.46,724.83,3,E,5,E
204,661.82,730.07,3,W,5,N
219,631.23,730.37,3,E,5,N
220,634.53,730.67,3,E,5,N
287,673.39,765.74,5,W,5,N
288,673.54,766.04,5,W,5,N
289,676.70,766.34,5,W,5,N
290,678.71,766.64,5,W,5,N
291,681.15,766.94,5,W,5,N
292,699.25,767.24,5,W,5,N
293,701.24,767.54,5,W,5,N
294,704.00,767.84,5,W,5,N
295,767.18,773.31,5,W,5,N
296,769.29,775.43,5,W,5,N
297,770.15,776.29,5,W,5,N
324,733.57,779.74,5,E,5,N
325,747.78,780.04,5,E,5,N
218,618.26,799.50,3,E,5,W
175,624.80,799.80,2,W,5,W
188,697.80,800.10,2,E,5,W
49,618.93,800.40,1,S,5,W
52,621.66,800.70,1,S,5,W
53,622.80,801.00,1,S,5,W
55,637.74,801.30,1,S,5,W
115,597.40,801.60,1,W,5,W
116,601.38,801.90,1,W,5,W
118,650.68,802.20,1,W,5,W
123,714.97,802.30,1,W,2,W
178,780.26,816.33,2,W,3,W
45,551.82,821.64,1,S,5,N
187,643.71,821.94,2,E,5,N
176,650.25,822.24,2,W,5,N
46,616.00,822.54,1,S,5,N
47,616.24,822.84,1,S,5,N
48,617.79,823.14,1,S,5,N
50,619.03,823.44,1,S,5,N
51,619.63,823.74,1,S,5,N
54,623.52,824.04,1,S,5,N
114,593.50,824.34,1,W,5,N
117,607.26,824.64,1,W,5,N
160,639.78,824.94,1,E,5,N
222,703.76,829.87,3,E,5,N
298,785.37,865.64,5,W,5,N
299,858.96,865.94,5,W,5,N
300,861.86,868.00,5,W,5,N
301,865.03,871.17,5,W,5,N
302,865.59,871.72,5,W,5,N
303,871.34,877.48,5,W,5,N
326,891.53,897.67,5,E,5,N
223,765.54,899.40,3,E,5,W
224,768.56,899.70,3,E,5,W
205,775.55,900.00,3,W,5,W
119,669.03,900.30,1,W,5,W
121,692.18,900.60,1,W,5,W
162,713.60,900.90,1,E,5,W
163,767.40,901.20,1,E,5,W
61,845.55,903.90,1,S,1,W
74,870.00,904.20,1,S,1,W
60,842.74,917.00,1,S,1,E
62,848.22,917.30,1,S,1,E
65,850.94,918.20,1,S,1,E
56,698.53,921.54,1,S,5,N
177,722.60,921.84,2,W,5,N
189,773.39,922.14,2,E,5,N
120,671.83,922.44,1,W,5,N
122,695.48,922.74,1,W,5,N
124,718.89,923.04,1,W,5,N
125,746.08,923.34,1,W,5,N
126,749.22,923.64,1,W,5,N
127,751.47,923.94,1,W,5,N
161,706.94,924.24,1,E,5,N
164,770.82,924.54,1,E,5,N
130,798.88,938.17,1,W,3,E
206,890.13,951.90,3,W,5,N
304,873.47,965.54,5,W,5,N
305,886.17,965.84,5,W,5,N
306,888.75,966.14,5,W,5,N
225,835.88,999.30,3,E,5,W
57,767.02,999.60,1,S,5,W
134,813.52,999.90,1,W,5,W
166,809.55,1000.20,1,E,5,W
169,850.87,1000.50,1,E,5,W
168,846.65,1019.50,1,E,5,E
190,838.82,1021.44,2,E,5,N
58,836.12,1021.74,1,S,5,N
128,794.03,1022.04,1,W,5,N
129,796.20,1022.34,1,W,5,N
131,801.19,1022.64,1,W,5,N
132,808.47,1022.94,1,W,5,N
133,810.94,1023.24,1,W,5,N
135,821.46,1023.54,1,W,5,N
136,825.07,1023.84,1,W,5,N
137,827.96,1024.14,1,W,5,N
138,831.92,1024.44,1,W,5,N
139,834.07,1024.74,1,W,5,N
165,809.14,1025.04,1,E,5,N
167,841.35,1025.34,1,E,5,N
66,853.79,1099.20,1,S,5,W
70,861.16,1099.50,1,S,5,W
59,841.49,1121.34,1,S,5,N
63,849.58,1121.64,1,S,5,N
64,850.73,1121.94,1,S,5,N
67,857.79,1122.24,1,S,5,N
68,859.10,1122.54,1,S,5,N
69,860.85,1122.84,1,S,5,N
71,861.91,1123.14,1,S,5,N
72,864.12,1123.44,1,S,5,N
73,867.07,1123.74,1,S,5,N
75,873.88,1124.04,1,S,5,N
140,885.83,1124.34,1,W,5,N