id,enter_time,exit_time,entrance_intersection,entrance_direction,exit_intersection,exit_direction
292,8.39,66.44,5,W,5,N
356,11.77,80.44,5,E,5,N
357,12.42,80.74,5,E,5,N
358,36.96,81.04,5,E,5,N
359,53.63,81.34,5,E,5,N
360,59.55,81.64,5,E,5,N
361,62.65,81.94,5,E,5,N
1,6.40,100.70,1,S,1,W
2,6.94,101.00,1,S,1,W
19,81.28,101.30,1,S,1,W
22,92.35,106.49,1,S,1,W
10,67.17,115.60,1,S,1,E
32,115.23,129.37,1,S,1,E
269,11.88,131.27,3,E,5,N
271,48.63,131.87,3,E,5,N
133,8.13,136.77,1,W,3,W
134,59.79,137.07,1,W,3,E
195,57.45,138.87,1,E,3,W
20,88.37,144.42,1,S,2,E
293,77.96,166.34,5,W,5,N
294,78.43,166.64,5,W,5,N
295,93.71,166.94,5,W,5,N
296,106.89,167.24,5,W,5,N
297,112.27,167.54,5,W,5,N
298,112.52,167.84,5,W,5,N
299,131.02,168.14,5,W,5,N
300,132.34,168.44,5,W,5,N
362,110.90,180.34,5,E,5,N
270,25.99,200.10,3,E,5,W
194,49.97,200.40,1,E,5,W
28,108.82,201.10,1,S,1,W
0,1.42,222.24,1,S,5,N
229,70.13,222.54,2,W,5,N
243,97.33,222.84,2,E,5,N
132,5.81,223.14,1,W,5,N
190,2.44,223.44,1,E,5,N
191,7.12,223.74,1,E,5,N
192,38.21,224.04,1,E,5,N
193,40.08,224.34,1,E,5,N
196,91.57,224.64,1,E,5,N
272,152.69,224.93,3,E,5,E
255,114.22,231.07,3,W,5,N
257,138.23,231.67,3,W,5,N
273,177.16,238.93,3,E,5,N
258,186.52,248.29,3,W,5,N
301,191.14,266.24,5,W,5,N
302,194.90,266.54,5,W,5,N
303,197.34,266.84,5,W,5,N
304,230.32,267.14,5,W,5,N
305,244.06,267.44,5,W,5,N
306,248.08,267.74,5,W,5,N
307,250.17,268.04,5,W,5,N
308,266.06,272.20,5,W,5,N
363,256.90,280.24,5,E,5,N
364,287.44,293.57,5,E,5,N
256,120.25,300.00,3,W,5,W
274,190.81,300.30,3,E,5,W
5,61.34,300.60,1,S,5,W
8,66.10,300.90,1,S,5,W
11,68.52,301.20,1,S,5,W
43,280.99,301.50,1,S,1,W
12,69.06,301.50,1,S,5,W
46,286.62,301.80,1,S,1,W
21,89.69,301.80,1,S,5,W
23,92.42,302.10,1,S,5,W
25,93.48,302.40,1,S,5,W
150,250.53,302.70,1,W,2,W
26,104.79,302.70,1,S,5,W
31,113.42,303.00,1,S,5,W
135,93.76,303.30,1,W,5,W
198,113.58,303.60,1,E,5,W
204,243.42,303.90,1,E,2,W
35,259.20,314.60,1,S,1,E
138,133.36,321.40,1,W,5,E
3,57.81,322.14,1,S,5,N
4,58.22,322.44,1,S,5,N
6,61.36,322.74,1,S,5,N
7,63.18,323.04,1,S,5,N
9,67.08,323.34,1,S,5,N
13,70.60,323.64,1,S,5,N
14,74.05,323.94,1,S,5,N
15,75.92,324.24,1,S,5,N
16,76.07,324.54,1,S,5,N
275,214.47,324.73,3,E,5,E
17,76.46,324.84,1,S,5,N
18,77.34,325.14,1,S,5,N
244,162.30,325.44,2,E,5,N
24,92.56,325.74,1,S,5,N
27,108.16,326.04,1,S,5,N
29,109.31,326.34,1,S,5,N
30,111.81,326.64,1,S,5,N
136,96.68,326.94,1,W,5,N
137,101.03,327.24,1,W,5,N
139,134.85,327.84,1,W,5,N
140,139.11,328.14,1,W,5,N
141,139.68,328.44,1,W,5,N
142,143.63,328.74,1,W,5,N
197,107.91,329.04,1,E,5,N
199,153.06,329.34,1,E,5,N
200,189.56,329.64,1,E,5,N
277,219.65,331.47,3,E,5,N
149,217.03,338.47,1,W,3,W
203,231.69,339.67,1,E,3,E
38,266.88,341.62,1,S,2,E
40,270.53,342.22,1,S,2,E
41,273.66,342.52,1,S,2,W
309,297.14,366.14,5,W,5,N
310,297.64,366.44,5,W,5,N
311,300.09,366.74,5,W,5,N
312,300.32,367.04,5,W,5,N
313,305.29,367.34,5,W,5,N
314,353.58,367.64,5,W,5,N
315,369.53,375.67,5,W,5,N
365,309.74,380.14,5,E,5,N
366,393.24,399.38,5,E,5,N
276,216.62,399.90,3,E,5,W
278,221.86,400.20,3,E,5,W
231,262.54,400.50,2,W,5,W
246,233.74,400.80,2,E,5,W
143,177.27,401.10,1,W,5,W
146,210.12,401.40,1,W,5,W
201,226.05,401.70,1,E,5,W
367,395.66,401.80,5,E,5,N
51,298.75,401.90,1,S,1,W
205,246.83,402.00,1,E,5,W
57,373.30,402.20,1,S,1,W
144,179.21,417.10,1,W,5,E
145,197.69,417.40,1,W,5,E
148,213.70,418.00,1,W,5,E
33,178.15,422.04,1,S,5,N
245,202.64,422.34,2,E,5,N
230,260.92,422.64,2,W,5,N
232,287.12,422.94,2,W,5,N
147,212.95,423.84,1,W,5,N
202,229.43,424.44,1,E,5,N
206,246.94,424.74,1,E,5,N
207,268.36,425.04,1,E,5,N
259,313.76,430.67,3,W,5,N
316,409.53,466.04,5,W,5,N
317,413.03,466.34,5,W,5,N
318,415.30,466.64,5,W,5,N
319,421.06,466.94,5,W,5,N
320,436.48,467.24,5,W,5,N
321,440.08,467.54,5,W,5,N
322,441.72,467.84,5,W,5,N
323,459.57,468.14,5,W,5,N
324,463.16,469.30,5,W,5,N
325,466.50,472.64,5,W,5,N
326,469.76,475.90,5,W,5,N
368,408.10,480.04,5,E,5,N
369,425.80,480.34,5,E,5,N
208,300.00,499.80,1,E,5,W
279,327.42,500.10,3,E,5,W
280,339.09,500.40,3,E,5,W
39,268.08,500.70,1,S,5,W
42,277.47,501.00,1,S,5,W
49,293.36,501.30,1,S,5,W
233,340.54,501.60,2,W,5,W
158,456.40,501.70,1,W,2,W
235,391.87,501.90,2,W,5,W
153,297.68,502.20,1,W,5,W
61,436.02,502.30,1,S,1,W
62,437.19,502.60,1,S,1,W
68,458.45,502.90,1,S,1,W
69,458.88,503.20,1,S,1,W
66,455.46,516.00,1,S,1,E
67,457.78,516.30,1,S,1,E
211,326.90,520.60,1,E,5,E
34,258.72,521.94,1,S,5,N
36,260.46,522.24,1,S,5,N
37,263.82,522.54,1,S,5,N
44,283.47,522.84,1,S,5,N
45,284.89,523.14,1,S,5,N
47,286.72,523.44,1,S,5,N
48,289.71,523.74,1,S,5,N
50,296.27,524.04,1,S,5,N
260,415.90,524.33,3,W,5,E
247,333.62,524.34,2,E,5,N
234,365.61,524.64,2,W,5,N
151,291.35,524.94,1,W,5,N
152,297.06,525.24,1,W,5,N
154,324.94,525.54,1,W,5,N
155,357.09,525.84,1,W,5,N
209,318.60,526.14,1,E,5,N
210,322.00,526.44,1,E,5,N
72,466.89,543.32,1,S,2,W
214,484.44,546.63,1,E,3,W
327,533.35,565.94,5,W,5,N
370,533.13,579.94,5,E,5,N
371,534.08,580.24,5,E,5,N
281,400.55,599.70,3,E,5,W
282,404.24,600.00,3,E,5,W
248,417.05,600.30,2,E,5,W
236,432.25,600.60,2,W,5,W
249,496.01,600.90,2,E,5,W
60,433.57,601.20,1,S,5,W
75,534.85,602.70,1,S,1,W
217,546.94,603.30,1,E,2,W
215,488.35,606.17,1,E,5,W
156,401.41,618.40,1,W,5,E
157,445.51,618.70,1,W,5,E
52,363.39,621.84,1,S,5,N
53,366.36,622.14,1,S,5,N
54,367.93,622.44,1,S,5,N
55,369.19,622.74,1,S,5,N
56,371.91,623.04,1,S,5,N
58,375.11,623.34,1,S,5,N
59,377.23,623.64,1,S,5,N
237,441.88,623.94,2,W,5,N
238,462.17,624.24,2,W,5,N
284,506.04,624.43,3,E,5,E
159,459.65,625.14,1,W,5,N
212,462.73,625.44,1,E,5,N
213,482.32,625.74,1,E,5,N
261,531.06,630.27,3,W,5,N
283,503.34,630.27,3,E,5,N
263,534.00,630.87,3,W,5,N
285,567.89,630.87,3,E,5,N
328,599.70,665.84,5,W,5,N
329,600.86,666.14,5,W,5,N
330,605.63,666.44,5,W,5,N
331,626.29,666.74,5,W,5,N
332,628.37,667.04,5,W,5,N
372,669.54,679.84,5,E,5,N
262,531.39,699.60,3,W,5,W
264,580.15,699.90,3,W,5,W
265,596.06,700.20,3,W,5,W
70,461.58,700.50,1,S,5,W
71,463.93,700.80,1,S,5,W
73,473.04,701.10,1,S,5,W
240,542.70,701.40,2,W,5,W
161,531.14,701.70,1,W,5,W
162,545.28,702.00,1,W,5,W
82,627.21,702.50,1,S,2,W
90,664.60,703.10,1,S,1,W
91,668.58,703.40,1,S,1,W
98,681.31,703.70,1,S,1,W
63,440.43,721.74,1,S,5,N
64,441.19,722.04,1,S,5,N
65,452.06,722.34,1,S,5,N
250,542.44,722.64,2,E,5,N
239,521.37,722.94,2,W,5,N
74,533.86,723.24,1,S,5,N
76,538.62,723.54,1,S,5,N
160,498.08,723.84,1,W,5,N
266,630.10,723.93,3,W,5,E
163,561.10,724.14,1,W,5,N
164,564.60,724.44,1,W,5,N
216,541.66,724.74,1,E,5,N
218,550.05,725.04,1,E,5,N
219,571.38,725.34,1,E,5,N
286,654.84,730.07,3,E,5,N
86,649.84,742.62,1,S,2,W
333,681.63,765.74,5,W,5,N
334,681.69,766.04,5,W,5,N
335,684.32,766.34,5,W,5,N
336,713.19,766.64,5,W,5,N
337,717.85,766.94,5,W,5,N
338,723.07,767.24,5,W,5,N
339,726.49,767.54,5,W,5,N
340,730.97,767.84,5,W,5,N
341,745.27,768.14,5,W,5,N
342,762.42,768.56,5,W,5,N
343,764.65,770.78,5,W,5,N
344,765.57,771.70,5,W,5,N
345,769.14,775.28,5,W,5,N
373,720.56,779.74,5,E,5,N
374,731.34,780.04,5,E,5,N
375,732.58,780.34,5,E,5,N
84,643.74,798.70,1,S,3,W
251,629.38,799.50,2,E,5,W
80,624.62,799.80,1,S,5,W
168,610.96,800.10,1,W,5,W
221,648.58,800.40,1,E,5,W
106,759.95,803.50,1,S,1,W
110,765.15,803.80,1,S,1,W
77,616.01,821.64,1,S,5,N
78,619.43,821.94,1,S,5,N
79,621.05,822.24,1,S,5,N
81,625.94,822.54,1,S,5,N
83,629.58,822.84,1,S,5,N
165,567.55,823.14,1,W,5,N
166,603.16,823.44,1,W,5,N
167,603.91,823.74,1,W,5,N
169,657.33,824.04,1,W,5,N
170,660.33,824.34,1,W,5,N
171,662.52,824.64,1,W,5,N
220,639.59,824.94,1,E,5,N
287,761.11,829.87,3,E,5,N
267,737.16,829.87,3,W,5,N
105,759.10,843.62,1,S,2,W
109,763.95,844.52,1,S,2,E
346,790.85,865.64,5,W,5,N
347,793.25,865.94,5,W,5,N
348,796.15,866.24,5,W,5,N
349,796.39,866.54,5,W,5,N
350,813.43,866.84,5,W,5,N
351,827.86,867.14,5,W,5,N
376,832.13,879.64,5,E,5,N
377,845.82,879.94,5,E,5,N
85,646.36,899.40,1,S,5,W
88,653.94,899.70,1,S,5,W
89,654.26,900.00,1,S,5,W
93,672.52,900.30,1,S,5,W
94,675.67,900.60,1,S,5,W
97,680.01,900.90,1,S,5,W
241,705.46,901.20,2,W,5,W
252,706.15,901.50,2,E,5,W
99,684.11,901.80,1,S,5,W
116,797.10,901.80,1,S,2,W
174,740.27,902.10,1,W,5,W
224,739.66,902.40,1,E,5,W
118,859.79,903.90,1,S,1,W
120,866.80,904.20,1,S,1,W
124,877.30,904.50,1,S,1,W
125,878.40,904.80,1,S,1,W
128,887.85,905.10,1,S,1,W
226,856.25,905.70,1,E,2,E
130,892.71,906.84,1,S,1,W
254,861.88,913.37,2,E,3,E
253,764.47,916.60,2,E,5,E
117,859.73,916.70,1,S,1,E
123,875.46,917.90,1,S,1,E
87,653.54,921.54,1,S,5,N
92,670.95,921.84,1,S,5,N
95,678.55,922.14,1,S,5,N
96,679.17,922.44,1,S,5,N
100,685.34,923.04,1,S,5,N
172,707.44,923.34,1,W,5,N
173,737.52,923.64,1,W,5,N
222,728.68,923.94,1,E,5,N
223,731.13,924.24,1,E,5,N
268,862.81,929.67,3,W,5,N
289,800.68,929.97,3,E,5,N
183,831.04,940.57,1,W,3,W
352,892.29,965.54,5,W,5,N
353,894.84,965.84,5,W,5,N
354,896.84,966.14,5,W,5,N
355,899.72,966.44,5,W,5,N
288,798.47,999.30,3,E,5,W
290,895.82,999.60,3,E,5,W
129,889.99,999.80,1,S,3,W
104,757.53,999.90,1,S,5,W
108,763.05,1000.20,1,S,5,W
242,892.23,1000.50,2,W,5,W
176,784.62,1000.80,1,W,5,W
177,788.37,1001.10,1,W,5,W
178,790.66,1001.40,1,W,5,W
179,794.35,1001.70,1,W,5,W
180,796.73,1002.00,1,W,5,W
182,828.46,1002.30,1,W,5,W
184,863.26,1002.60,1,W,5,W
225,838.90,1002.90,1,E,5,W
101,754.08,1021.44,1,S,5,N
102,754.34,1021.74,1,S,5,N
103,755.36,1022.04,1,S,5,N
107,760.11,1022.34,1,S,5,N
111,767.54,1022.64,1,S,5,N
112,769.29,1022.94,1,S,5,N
113,772.88,1023.24,1,S,5,N
114,783.87,1023.54,1,S,5,N
115,787.81,1023.84,1,S,5,N
175,778.10,1024.14,1,W,5,N
181,826.73,1024.44,1,W,5,N
185,866.25,1024.74,1,W,5,N
227,871.00,1025.04,1,E,5,N
228,876.75,1025.34,1,E,5,N
291,898.32,1099.20,3,E,5,W
121,871.89,1099.50,1,S,5,W
126,881.61,1099.80,1,S,5,W
127,884.02,1100.10,1,S,5,W
131,899.87,1100.40,1,S,5,W
187,871.63,1100.70,1,W,5,W
122,874.10,1115.50,1,S,5,E
119,860.38,1121.34,1,S,5,N
186,868.81,1121.94,1,W,5,N
188,875.55,1122.24,1,W,5,N
189,878.37,1122.54,1,W,5,N