id,enter_time,exit_time,entrance_intersection,entrance_direction,exit_intersection,exit_direction
1,3.98,18.11,1,S,1,E
6,10.35,24.49,1,S,1,E
237,4.06,66.44,5,W,5,N
238,9.90,66.74,5,W,5,N
239,13.37,67.04,5,W,5,N
240,39.36,67.34,5,W,5,N
241,40.13,67.64,5,W,5,N
242,60.18,67.94,5,W,5,N
243,62.87,69.01,5,W,5,N
244,63.81,69.94,5,W,5,N
245,66.69,72.82,5,W,5,N
246,69.38,75.51,5,W,5,N
296,29.20,80.44,5,E,5,N
297,63.96,80.74,5,E,5,N
0,2.96,100.70,1,S,1,W
9,18.89,101.00,1,S,1,W
14,104.61,118.74,1,S,1,E
2,5.15,136.47,1,S,3,W
223,93.83,155.60,3,E,5,N
224,96.98,158.75,3,E,5,N
247,85.19,166.34,5,W,5,N
248,88.85,166.64,5,W,5,N
249,121.73,166.94,5,W,5,N
250,127.01,167.24,5,W,5,N
251,128.25,167.54,5,W,5,N
252,131.15,167.84,5,W,5,N
298,110.81,180.34,5,E,5,N
299,140.34,180.64,5,E,5,N
300,158.04,180.94,5,E,5,N
198,33.30,200.10,2,E,5,W
188,23.04,200.40,2,W,5,W
16,111.81,200.50,1,S,2,W
12,98.81,200.50,1,S,3,W
4,6.58,200.70,1,S,5,W
102,6.78,201.00,1,W,5,W
15,110.40,201.10,1,S,1,W
103,9.32,201.30,1,W,5,W
21,177.29,201.40,1,S,1,W
104,17.17,201.60,1,W,5,W
105,20.40,201.90,1,W,5,W
167,55.85,202.20,1,E,5,W
301,197.28,203.42,5,E,5,N
25,196.80,210.94,1,S,1,W
3,5.57,222.24,1,S,5,N
5,10.02,222.54,1,S,5,N
7,11.83,222.84,1,S,5,N
8,15.57,223.14,1,S,5,N
106,45.91,223.44,1,W,5,N
166,45.01,223.74,1,E,5,N
168,98.13,224.04,1,E,5,N
211,118.58,231.37,3,W,5,N
212,169.90,231.67,3,W,5,N
17,122.88,236.87,1,S,3,E
253,229.96,266.24,5,W,5,N
254,247.55,266.54,5,W,5,N
255,250.65,266.84,5,W,5,N
256,254.20,267.14,5,W,5,N
257,257.85,267.44,5,W,5,N
302,285.05,291.19,5,E,5,N
210,116.20,300.00,3,W,5,W
225,182.73,300.30,3,E,5,W
13,103.20,300.60,1,S,5,W
189,190.45,300.90,2,W,5,W
30,215.32,301.50,1,S,1,W
32,217.20,301.80,1,S,1,W
118,258.34,303.00,1,W,2,E
33,290.18,304.32,1,S,1,W
34,293.45,307.58,1,S,1,W
10,93.44,316.00,1,S,5,E
109,147.13,318.10,1,W,5,E
11,96.39,322.44,1,S,5,N
199,116.43,322.74,2,E,5,N
18,125.99,323.04,1,S,5,N
19,126.00,323.34,1,S,5,N
107,97.49,323.64,1,W,5,N
108,136.11,323.94,1,W,5,N
110,149.27,324.54,1,W,5,N
111,151.80,324.84,1,W,5,N
112,153.98,325.14,1,W,5,N
169,187.59,325.44,1,E,5,N
213,216.62,330.87,3,W,5,N
46,317.80,331.94,1,S,1,E
227,274.06,335.83,3,E,5,N
29,214.63,336.97,1,S,3,W
117,245.38,338.77,1,W,3,W
258,276.40,366.14,5,W,5,N
259,280.27,366.44,5,W,5,N
260,292.74,366.74,5,W,5,N
261,293.82,367.04,5,W,5,N
262,344.31,367.34,5,W,5,N
303,310.22,380.14,5,E,5,N
304,311.69,380.44,5,E,5,N
214,230.50,399.90,3,W,5,W
226,270.34,400.20,3,E,5,W
20,176.60,400.50,1,S,5,W
23,187.18,400.80,1,S,5,W
24,190.00,401.10,1,S,5,W
201,299.22,401.40,2,E,5,W
31,215.81,401.70,1,S,5,W
39,304.58,401.90,1,S,1,W
114,201.44,402.00,1,W,5,W
40,306.34,402.20,1,S,1,W
170,226.36,402.30,1,E,5,W
41,306.78,402.50,1,S,1,W
171,230.84,402.60,1,E,5,W
43,310.24,402.80,1,S,1,W
47,321.35,403.10,1,S,1,W
22,183.00,422.04,1,S,5,N
26,197.21,422.34,1,S,5,N
27,198.75,422.64,1,S,5,N
200,214.80,422.94,2,E,5,N
28,213.18,423.24,1,S,5,N
113,167.63,423.54,1,W,5,N
115,207.04,423.84,1,W,5,N
116,240.24,424.14,1,W,5,N
119,262.38,424.44,1,W,5,N
50,327.15,438.27,1,S,3,E
228,377.94,439.71,3,E,5,N
173,381.95,444.14,1,E,3,E
263,393.50,466.04,5,W,5,N
264,399.48,466.34,5,W,5,N
265,400.97,466.64,5,W,5,N
305,406.86,480.04,5,E,5,N
215,378.66,499.80,3,W,5,W
36,297.27,500.10,1,S,5,W
190,363.41,500.40,2,W,5,W
191,389.65,500.70,2,W,5,W
202,390.50,501.00,2,E,5,W
44,311.43,501.30,1,S,5,W
45,316.02,501.60,1,S,5,W
120,295.86,501.90,1,W,5,W
126,344.94,502.20,1,W,5,W
52,419.86,502.30,1,S,1,W
130,416.78,502.90,1,W,2,W
57,438.65,515.10,1,S,1,E
38,303.25,516.40,1,S,5,E
35,293.76,521.94,1,S,5,N
37,301.26,522.24,1,S,5,N
192,397.37,522.84,2,W,5,N
42,309.34,523.14,1,S,5,N
48,323.55,523.44,1,S,5,N
49,325.15,523.74,1,S,5,N
51,331.04,524.04,1,S,5,N
121,299.18,524.34,1,W,5,N
122,301.04,524.64,1,W,5,N
123,332.68,524.94,1,W,5,N
124,340.08,525.24,1,W,5,N
125,343.37,525.54,1,W,5,N
172,349.44,525.84,1,E,5,N
175,501.37,527.49,1,E,2,W
229,467.86,530.47,3,E,5,N
53,420.34,536.87,1,S,3,W
54,426.01,537.17,1,S,3,W
56,430.99,537.77,1,S,3,E
266,484.81,565.94,5,W,5,N
267,487.15,566.24,5,W,5,N
268,554.07,566.54,5,W,5,N
269,559.45,566.84,5,W,5,N
306,509.23,579.94,5,E,5,N
307,520.14,580.24,5,E,5,N
203,473.88,599.70,2,E,5,W
127,377.73,600.00,1,W,5,W
129,413.31,600.30,1,W,5,W
174,458.31,600.60,1,E,5,W
64,521.03,600.90,1,S,2,W
204,520.72,613.07,2,E,3,W
68,592.33,615.80,1,S,1,E
55,429.28,621.84,1,S,5,N
128,381.76,622.14,1,W,5,N
131,450.50,622.44,1,W,5,N
132,450.88,622.74,1,W,5,N
133,453.42,623.04,1,W,5,N
216,514.90,630.27,3,W,5,N
217,561.26,630.57,3,W,5,N
218,566.11,630.87,3,W,5,N
230,569.43,631.20,3,E,5,N
80,637.51,651.64,1,S,1,E
270,588.46,665.84,5,W,5,N
271,613.94,666.14,5,W,5,N
308,600.95,679.84,5,E,5,N
309,682.74,688.88,5,E,5,N
310,686.86,693.00,5,E,5,N
58,440.24,699.60,1,S,5,W
60,448.64,699.90,1,S,5,W
65,523.56,700.20,1,S,5,W
134,472.89,700.50,1,W,5,W
137,530.38,700.80,1,W,5,W
70,601.25,703.10,1,S,1,W
66,530.50,717.10,1,S,5,E
59,440.33,721.74,1,S,5,N
61,451.00,722.04,1,S,5,N
62,453.86,722.34,1,S,5,N
63,457.41,722.64,1,S,5,N
193,597.30,722.94,2,W,5,N
135,475.16,723.54,1,W,5,N
136,482.89,723.84,1,W,5,N
138,556.91,724.14,1,W,5,N
176,537.96,724.44,1,E,5,N
177,539.35,724.74,1,E,5,N
179,655.87,743.07,1,E,3,E
231,686.43,748.20,3,E,5,N
232,689.68,751.45,3,E,5,N
272,713.05,765.74,5,W,5,N
273,731.11,766.04,5,W,5,N
274,737.04,766.34,5,W,5,N
275,751.01,766.64,5,W,5,N
276,753.48,766.94,5,W,5,N
277,769.23,775.37,5,W,5,N
311,704.20,779.74,5,E,5,N
312,730.78,780.04,5,E,5,N
313,742.66,780.34,5,E,5,N
71,604.81,799.50,1,S,5,W
194,613.80,799.80,2,W,5,W
205,603.62,800.10,2,E,5,W
73,607.65,800.40,1,S,5,W
77,626.06,800.70,1,S,5,W
81,638.62,801.00,1,S,5,W
140,575.09,801.30,1,W,5,W
141,594.79,801.60,1,W,5,W
143,596.11,801.90,1,W,5,W
67,588.78,821.64,1,S,5,N
69,598.32,821.94,1,S,5,N
195,643.64,822.24,2,W,5,N
206,646.92,822.54,2,E,5,N
196,693.00,822.84,2,W,5,N
72,607.50,823.14,1,S,5,N
74,615.22,823.44,1,S,5,N
75,617.56,823.74,1,S,5,N
76,623.69,824.04,1,S,5,N
78,627.97,824.34,1,S,5,N
79,630.38,824.64,1,S,5,N
139,572.79,824.94,1,W,5,N
142,595.68,825.24,1,W,5,N
144,647.33,825.54,1,W,5,N
145,649.64,825.84,1,W,5,N
146,651.91,826.14,1,W,5,N
147,655.38,826.44,1,W,5,N
148,661.62,826.74,1,W,5,N
178,602.52,827.04,1,E,5,N
180,657.63,827.34,1,E,5,N
181,674.54,827.64,1,E,5,N
182,691.11,827.94,1,E,5,N
233,787.80,849.57,3,E,5,N
278,774.98,865.64,5,W,5,N
279,788.13,865.94,5,W,5,N
280,790.71,866.24,5,W,5,N
281,793.24,866.54,5,W,5,N
282,801.04,866.84,5,W,5,N
283,816.53,867.14,5,W,5,N
284,821.41,867.44,5,W,5,N
285,831.02,867.74,5,W,5,N
286,832.03,868.04,5,W,5,N
287,832.89,868.34,5,W,5,N
288,835.50,868.64,5,W,5,N
289,852.08,868.94,5,W,5,N
290,854.87,869.24,5,W,5,N
314,839.24,879.64,5,E,5,N
315,850.02,879.94,5,E,5,N
316,859.66,880.24,5,E,5,N
317,874.97,881.11,5,E,5,N
318,890.60,896.73,5,E,5,N
219,715.79,899.40,3,W,5,W
220,752.54,899.70,3,W,5,W
82,641.80,900.00,1,S,5,W
83,643.95,900.30,1,S,5,W
84,646.49,900.60,1,S,5,W
149,679.08,900.90,1,W,5,W
152,684.17,901.20,1,W,5,W
155,757.75,901.50,1,W,5,W
183,748.23,901.80,1,E,5,W
161,851.21,903.30,1,W,2,W
99,847.76,903.90,1,S,1,W
87,652.86,916.00,1,S,5,E
97,843.04,917.30,1,S,1,E
85,649.48,921.54,1,S,5,N
86,652.42,921.84,1,S,5,N
207,713.29,922.44,2,E,5,N
208,760.08,922.74,2,E,5,N
88,730.73,923.04,1,S,5,N
89,731.69,923.34,1,S,5,N
150,682.17,923.64,1,W,5,N
151,683.33,923.94,1,W,5,N
153,686.74,924.24,1,W,5,N
154,725.08,924.54,1,W,5,N
156,760.22,924.84,1,W,5,N
184,750.01,925.14,1,E,5,N
234,824.42,929.67,3,E,5,N
221,810.74,929.67,3,W,5,N
222,812.89,929.97,3,W,5,N
236,894.67,956.44,3,E,5,N
291,880.67,965.54,5,W,5,N
292,886.09,965.84,5,W,5,N
293,891.47,966.14,5,W,5,N
294,897.32,966.44,5,W,5,N
295,897.39,966.74,5,W,5,N
98,847.20,998.90,1,S,3,E
100,858.67,999.20,1,S,3,E
235,892.50,999.30,3,E,5,W
90,740.55,999.60,1,S,5,W
91,744.18,999.90,1,S,5,W
162,854.13,1000.20,1,W,5,W
186,888.24,1006.06,1,E,5,W
197,849.92,1015.60,2,W,5,E
93,832.96,1016.20,1,S,5,E
209,859.81,1021.44,2,E,5,N
92,831.42,1022.04,1,S,5,N
94,835.27,1022.64,1,S,5,N
157,780.18,1022.94,1,W,5,N
158,796.53,1023.24,1,W,5,N
159,839.28,1023.54,1,W,5,N
160,839.69,1023.84,1,W,5,N
163,855.56,1024.14,1,W,5,N
164,867.59,1024.44,1,W,5,N
185,836.16,1024.74,1,E,5,N
187,899.64,1025.04,1,E,5,N
95,840.44,1099.20,1,S,5,W
96,841.53,1115.20,1,S,5,E
101,859.61,1121.64,1,S,5,N
165,896.47,1121.94,1,W,5,N