id,enter_time,exit_time,entrance_intersection,entrance_direction,exit_intersection,exit_direction
1,7.83,21.96,1,S,1,E
268,63.70,69.84,5,W,5,N
269,63.93,70.07,5,W,5,N
270,67.46,73.60,5,W,5,N
324,80.50,86.63,5,E,5,N
325,84.89,91.03,5,E,5,N
2,10.91,100.70,1,S,1,W
6,20.36,101.00,1,S,1,W
13,32.34,101.30,1,S,1,W
164,9.47,104.30,1,E,2,W
16,40.33,113.80,1,S,1,E
246,15.24,131.27,3,E,5,N
3,13.70,136.47,1,S,3,E
271,146.33,166.34,5,W,5,N
272,148.59,166.64,5,W,5,N
273,152.22,166.94,5,W,5,N
274,154.41,167.24,5,W,5,N
275,168.66,174.80,5,W,5,N
326,170.70,180.34,5,E,5,N
225,56.17,200.10,3,W,5,W
4,17.62,200.40,1,S,5,W
8,25.72,200.70,1,S,5,W
11,30.91,201.00,1,S,5,W
22,156.52,201.10,1,S,1,W
12,31.66,201.30,1,S,5,W
25,160.07,201.40,1,S,1,W
14,35.87,201.60,1,S,5,W
92,64.42,201.90,1,W,5,W
90,35.51,218.50,1,W,5,E
0,3.94,222.24,1,S,5,N
191,44.55,222.54,2,W,5,N
192,88.00,222.84,2,W,5,N
213,90.78,223.14,2,E,5,N
5,18.60,223.44,1,S,5,N
7,23.92,223.74,1,S,5,N
9,25.83,224.04,1,S,5,N
10,28.60,224.34,1,S,5,N
91,56.56,224.94,1,W,5,N
165,50.80,225.24,1,E,5,N
166,72.29,225.54,1,E,5,N
247,122.23,231.07,3,E,5,N
20,109.75,237.17,1,S,3,E
248,184.61,240.24,3,E,5,E
228,192.49,254.26,3,W,5,N
276,184.50,266.24,5,W,5,N
277,187.27,266.54,5,W,5,N
278,202.60,266.84,5,W,5,N
279,207.91,267.14,5,W,5,N
280,254.67,267.44,5,W,5,N
281,260.49,267.74,5,W,5,N
282,263.24,269.37,5,W,5,N
283,266.71,272.85,5,W,5,N
226,167.74,300.00,3,W,5,W
227,168.54,300.30,3,W,5,W
249,198.22,300.60,3,E,5,W
27,167.30,300.90,1,S,3,W
15,37.52,300.90,1,S,5,W
214,158.21,301.20,2,E,5,W
35,281.67,301.50,1,S,1,W
193,150.99,301.50,2,W,5,W
37,286.67,301.80,1,S,1,W
94,114.83,301.80,1,W,5,W
95,119.61,302.10,1,W,5,W
97,156.63,302.40,1,W,5,W
39,291.24,305.37,1,S,1,W
215,187.58,316.60,2,E,5,E
93,66.11,317.80,1,W,5,E
17,103.29,322.14,1,S,5,N
194,170.62,322.44,2,W,5,N
195,188.99,323.04,2,W,5,N
18,106.44,323.34,1,S,5,N
19,109.38,323.64,1,S,5,N
96,138.05,324.24,1,W,5,N
167,140.17,324.54,1,E,5,N
231,244.78,331.47,3,W,5,N
232,247.57,331.77,3,W,5,N
233,250.06,332.07,3,W,5,N
234,269.49,332.37,3,W,5,N
284,284.86,366.14,5,W,5,N
285,287.85,366.44,5,W,5,N
286,290.61,366.74,5,W,5,N
287,292.42,367.04,5,W,5,N
288,297.87,367.34,5,W,5,N
289,299.05,367.64,5,W,5,N
290,301.13,367.94,5,W,5,N
291,316.48,368.24,5,W,5,N
292,317.23,368.54,5,W,5,N
293,320.22,368.84,5,W,5,N
294,326.10,369.14,5,W,5,N
295,351.60,369.44,5,W,5,N
296,352.68,369.74,5,W,5,N
327,311.31,380.14,5,E,5,N
328,330.92,380.44,5,E,5,N
329,360.19,380.74,5,E,5,N
330,378.32,384.46,5,E,5,N
229,203.08,399.90,3,W,5,W
250,201.74,400.20,3,E,5,W
230,210.72,400.50,3,W,5,W
235,279.17,400.80,3,W,5,W
21,154.98,401.10,1,S,5,W
26,163.56,401.40,1,S,5,W
29,190.32,401.70,1,S,5,W
197,290.59,402.00,2,W,5,W
33,209.48,402.30,1,S,5,W
99,197.02,402.60,1,W,5,W
175,370.83,405.80,1,E,2,E
23,156.79,422.04,1,S,5,N
24,159.78,422.34,1,S,5,N
28,182.59,422.64,1,S,5,N
30,197.92,422.94,1,S,5,N
31,200.74,423.24,1,S,5,N
32,204.22,423.54,1,S,5,N
196,212.99,423.84,2,W,5,N
216,219.60,424.14,2,E,5,N
198,293.52,424.44,2,W,5,N
98,196.26,424.74,1,W,5,N
100,200.05,425.04,1,W,5,N
101,218.55,425.34,1,W,5,N
102,218.70,425.64,1,W,5,N
103,248.41,425.94,1,W,5,N
168,229.39,426.24,1,E,5,N
169,257.49,426.54,1,E,5,N
170,263.24,426.84,1,E,5,N
236,306.60,430.67,3,W,5,N
172,360.45,440.97,1,E,3,E
240,386.82,448.59,3,W,5,N
297,411.10,466.04,5,W,5,N
298,424.63,466.34,5,W,5,N
331,477.72,483.86,5,E,5,N
251,300.28,499.80,3,E,5,W
237,317.63,500.10,3,W,5,W
238,325.17,500.40,3,W,5,W
239,348.88,500.70,3,W,5,W
36,283.01,501.00,1,S,5,W
38,289.86,501.30,1,S,5,W
42,298.66,501.60,1,S,5,W
199,347.63,501.90,2,W,5,W
121,432.59,502.00,1,W,2,W
104,267.76,502.20,1,W,5,W
110,348.02,502.50,1,W,5,W
113,357.64,502.80,1,W,5,W
115,362.70,503.10,1,W,5,W
178,483.27,509.39,1,E,2,W
116,365.66,519.40,1,W,5,E
34,280.75,521.94,1,S,5,N
40,293.53,522.24,1,S,5,N
41,296.66,522.54,1,S,5,N
217,309.96,522.84,2,E,5,N
105,283.82,523.14,1,W,5,N
106,287.81,523.44,1,W,5,N
107,301.94,523.74,1,W,5,N
108,334.36,524.04,1,W,5,N
109,340.73,524.34,1,W,5,N
111,350.83,524.64,1,W,5,N
112,353.71,524.94,1,W,5,N
202,488.96,525.03,2,W,3,W
114,360.25,525.24,1,W,5,N
171,305.66,525.84,1,E,5,N
173,362.27,526.14,1,E,5,N
174,368.36,526.44,1,E,5,N
179,500.37,526.48,1,E,2,E
252,409.78,530.47,3,E,5,N
253,430.90,530.77,3,E,5,N
299,483.89,565.94,5,W,5,N
300,486.21,566.24,5,W,5,N
301,491.09,566.54,5,W,5,N
302,522.19,566.84,5,W,5,N
303,540.01,567.14,5,W,5,N
304,556.59,567.44,5,W,5,N
305,560.20,567.74,5,W,5,N
306,563.30,569.44,5,W,5,N
307,566.87,573.00,5,W,5,N
332,566.30,579.94,5,E,5,N
333,570.08,580.24,5,E,5,N
254,434.49,599.70,3,E,5,W
43,346.75,600.00,1,S,5,W
44,349.99,600.30,1,S,5,W
45,352.17,600.60,1,S,5,W
46,367.42,600.90,1,S,5,W
218,408.86,601.20,2,E,5,W
201,462.18,601.50,2,W,5,W
117,385.61,601.80,1,W,5,W
118,388.62,602.10,1,W,5,W
176,451.83,602.40,1,E,5,W
57,555.25,602.70,1,S,1,W
63,572.46,603.00,1,S,1,W
203,512.68,613.07,2,W,3,E
206,571.72,613.97,2,W,3,E
200,407.60,616.00,2,W,5,E
65,576.63,618.20,1,S,1,E
47,382.24,621.84,1,S,5,N
119,428.98,622.44,1,W,5,N
120,430.97,622.74,1,W,5,N
177,464.20,623.04,1,E,5,N
255,539.28,630.27,3,E,5,N
256,556.07,630.57,3,E,5,N
257,574.64,636.41,3,E,5,N
58,563.07,642.52,1,S,2,W
60,564.44,643.12,1,S,2,E
258,590.46,652.23,3,E,5,N
308,626.40,665.84,5,W,5,N
309,656.79,666.14,5,W,5,N
310,660.58,666.72,5,W,5,N
241,528.55,699.60,3,W,5,W
50,455.72,699.90,1,S,5,W
51,459.09,700.20,1,S,5,W
53,460.00,700.50,1,S,5,W
219,504.57,700.80,2,E,5,W
122,468.19,701.10,1,W,5,W
123,471.78,701.40,1,W,5,W
125,477.01,701.70,1,W,5,W
128,501.85,702.00,1,W,5,W
132,523.95,702.30,1,W,5,W
182,554.65,702.60,1,E,5,W
69,642.95,703.10,1,S,1,W
79,670.91,703.40,1,S,1,W
80,673.13,703.70,1,S,1,W
73,658.83,717.40,1,S,1,E
127,499.14,718.00,1,W,5,E
129,504.46,718.30,1,W,5,E
48,451.89,721.74,1,S,5,N
49,453.42,722.04,1,S,5,N
52,459.57,722.34,1,S,5,N
204,534.23,722.64,2,W,5,N
205,549.74,722.94,2,W,5,N
220,598.90,723.24,2,E,5,N
124,474.14,723.54,1,W,5,N
126,479.26,723.84,1,W,5,N
130,509.75,724.74,1,W,5,N
131,521.95,725.04,1,W,5,N
133,557.58,725.34,1,W,5,N
134,559.59,725.64,1,W,5,N
180,534.70,725.94,1,E,5,N
181,537.34,726.24,1,E,5,N
242,665.87,730.07,3,W,5,N
259,651.81,730.07,3,E,5,N
135,594.06,737.07,1,W,3,W
311,674.29,765.74,5,W,5,N
312,689.23,766.04,5,W,5,N
313,705.43,766.34,5,W,5,N
314,708.62,766.64,5,W,5,N
315,710.74,766.94,5,W,5,N
316,712.93,767.24,5,W,5,N
317,743.69,767.54,5,W,5,N
334,704.73,779.74,5,E,5,N
335,706.00,780.04,5,E,5,N
55,547.82,799.50,1,S,5,W
56,551.64,799.80,1,S,5,W
66,579.29,800.10,1,S,5,W
138,636.07,800.40,1,W,5,W
139,664.76,800.70,1,W,5,W
54,546.16,821.64,1,S,5,N
59,563.80,821.94,1,S,5,N
61,565.72,822.24,1,S,5,N
62,567.73,822.54,1,S,5,N
64,573.16,822.84,1,S,5,N
221,692.14,823.14,2,E,5,N
136,596.75,823.44,1,W,5,N
260,729.50,823.73,3,E,5,E
137,635.58,823.74,1,W,5,N
183,677.51,824.04,1,E,5,N
261,766.43,830.17,3,E,5,N
244,780.77,836.40,3,W,5,E
243,778.72,840.49,3,W,5,N
82,752.32,842.42,1,S,2,E
318,820.80,865.64,5,W,5,N
319,823.30,865.94,5,W,5,N
320,826.74,866.24,5,W,5,N
321,829.88,866.54,5,W,5,N
336,836.71,879.64,5,E,5,N
337,852.73,879.94,5,E,5,N
84,756.03,898.80,1,S,3,W
71,654.29,899.40,1,S,5,W
72,656.14,899.70,1,S,5,W
76,666.19,900.00,1,S,5,W
78,668.44,900.30,1,S,5,W
81,673.91,900.60,1,S,5,W
207,760.61,900.90,2,W,5,W
222,717.32,901.20,2,E,5,W
208,783.67,901.50,2,W,5,W
209,787.74,901.80,2,W,5,W
142,689.53,902.10,1,W,5,W
146,741.58,902.40,1,W,5,W
148,747.99,902.70,1,W,5,W
87,841.25,903.90,1,S,1,W
262,798.39,921.54,3,E,5,N
67,639.85,921.84,1,S,5,N
68,642.88,922.14,1,S,5,N
70,643.74,922.44,1,S,5,N
74,660.43,922.74,1,S,5,N
75,664.40,923.04,1,S,5,N
77,667.25,923.34,1,S,5,N
223,799.07,923.64,2,E,5,N
140,668.08,923.94,1,W,5,N
141,670.97,924.24,1,W,5,N
143,691.57,924.54,1,W,5,N
144,695.37,924.84,1,W,5,N
145,702.64,925.14,1,W,5,N
147,745.17,925.44,1,W,5,N
149,755.48,925.74,1,W,5,N
184,747.61,926.04,1,E,5,N
263,800.99,929.67,3,E,5,N
264,804.51,929.97,3,E,5,N
265,815.73,930.27,3,E,5,N
150,804.47,937.87,1,W,3,W
152,809.68,938.47,1,W,3,E
153,817.32,938.77,1,W,3,E
186,814.44,940.57,1,E,3,W
245,886.97,948.74,3,W,5,N
322,876.55,965.54,5,W,5,N
323,888.25,965.84,5,W,5,N
266,818.01,999.30,3,E,5,W
85,827.36,999.60,1,S,5,W
157,865.88,999.90,1,W,5,W
187,830.48,1000.20,1,E,5,W
190,890.68,1008.50,1,E,5,W
151,806.07,1017.10,1,W,5,E
83,754.72,1021.44,1,S,5,N
224,829.98,1021.74,2,E,5,N
210,842.91,1022.04,2,W,5,N
211,843.14,1022.34,2,W,5,N
212,890.14,1022.64,2,W,5,N
86,830.67,1022.94,1,S,5,N
154,820.36,1023.54,1,W,5,N
155,826.91,1023.84,1,W,5,N
156,839.79,1024.14,1,W,5,N
185,810.42,1024.44,1,E,5,N
188,875.31,1024.74,1,E,5,N
189,888.61,1025.04,1,E,5,N
267,898.42,1029.47,3,E,5,N
158,869.25,1037.37,1,W,3,W
159,870.95,1099.20,1,W,5,W
160,875.99,1099.50,1,W,5,W
161,882.25,1099.80,1,W,5,W
163,888.24,1100.10,1,W,5,W
162,885.24,1115.80,1,W,5,E
88,841.72,1121.34,1,S,5,N
89,844.43,1121.64,1,S,5,N