id,enter_time,exit_time,entrance_intersection,entrance_direction,exit_intersection,exit_direction
249,28.78,66.44,5,W,5,N
1,6.49,100.70,1,S,1,W
5,23.73,101.00,1,S,1,W
7,86.05,101.30,1,S,1,W
185,77.48,113.55,2,W,3,E
229,19.67,131.27,3,E,5,N
4,20.84,137.07,1,S,3,W
8,86.88,139.62,1,S,2,W
9,88.62,139.92,1,S,2,W
24,133.06,147.19,1,S,1,E
250,121.54,166.34,5,W,5,N
251,160.60,166.74,5,W,5,N
252,162.75,168.89,5,W,5,N
253,165.75,171.89,5,W,5,N
301,138.99,180.34,5,E,5,N
302,141.42,180.64,5,E,5,N
10,91.24,199.90,1,S,3,W
3,16.86,200.10,1,S,5,W
6,24.09,200.40,1,S,5,W
97,2.13,200.70,1,W,5,W
98,32.16,201.00,1,W,5,W
13,107.26,201.10,1,S,1,W
99,35.00,201.30,1,W,5,W
21,123.93,201.40,1,S,1,W
17,114.28,201.40,1,S,2,W
101,39.19,201.60,1,W,5,W
22,127.08,201.70,1,S,1,W
153,3.99,201.90,1,E,5,W
156,78.49,202.20,1,E,5,W
186,135.54,212.67,2,W,3,E
187,183.53,219.60,2,W,3,E
0,3.17,222.24,1,S,5,N
184,61.95,222.54,2,W,5,N
201,81.79,222.84,2,E,5,N
2,14.99,223.14,1,S,5,N
100,38.83,223.44,1,W,5,N
154,40.55,223.74,1,E,5,N
155,48.21,224.04,1,E,5,N
216,155.30,225.83,3,W,5,E
28,213.84,227.98,1,S,1,E
213,100.67,231.07,3,W,5,N
214,126.34,231.37,3,W,5,N
215,138.18,231.67,3,W,5,N
105,111.84,240.17,1,W,3,E
231,194.55,256.32,3,E,5,N
254,182.49,266.24,5,W,5,N
255,184.91,266.54,5,W,5,N
256,189.43,266.84,5,W,5,N
257,192.76,267.14,5,W,5,N
258,193.94,267.44,5,W,5,N
259,200.12,267.74,5,W,5,N
260,219.29,268.04,5,W,5,N
261,222.35,268.34,5,W,5,N
262,237.03,268.64,5,W,5,N
263,238.53,268.94,5,W,5,N
264,240.87,269.24,5,W,5,N
265,252.19,269.54,5,W,5,N
303,228.06,280.24,5,E,5,N
230,119.24,300.00,3,E,5,W
12,103.54,300.30,1,S,5,W
202,103.07,300.60,2,E,5,W
15,111.68,300.90,1,S,5,W
16,112.65,301.20,1,S,5,W
29,214.79,301.50,1,S,1,W
18,114.57,301.50,1,S,5,W
32,236.19,301.80,1,S,1,W
19,117.61,301.80,1,S,5,W
41,264.55,302.10,1,S,1,W
23,129.20,302.10,1,S,5,W
106,115.57,302.40,1,W,5,W
108,148.20,302.70,1,W,5,W
157,134.32,303.00,1,E,5,W
159,180.40,303.30,1,E,5,W
42,266.61,316.70,1,S,1,E
232,198.05,322.14,3,E,5,N
11,100.13,322.44,1,S,5,N
203,195.22,322.74,2,E,5,N
14,109.48,323.04,1,S,5,N
20,121.23,323.34,1,S,5,N
25,135.34,323.64,1,S,5,N
102,69.47,323.94,1,W,5,N
103,76.53,324.24,1,W,5,N
104,79.81,324.54,1,W,5,N
107,144.63,324.84,1,W,5,N
109,159.24,325.14,1,W,5,N
110,160.58,325.44,1,W,5,N
158,140.53,325.74,1,E,5,N
217,293.93,349.57,3,W,5,E
266,292.03,366.14,5,W,5,N
267,295.04,366.44,5,W,5,N
268,298.68,366.74,5,W,5,N
269,352.05,367.04,5,W,5,N
270,357.67,367.34,5,W,5,N
304,370.53,380.14,5,E,5,N
305,385.66,391.80,5,E,5,N
306,386.54,392.68,5,E,5,N
307,386.95,393.09,5,E,5,N
33,239.40,399.50,1,S,3,E
233,211.37,399.90,3,E,5,W
234,281.07,400.20,3,E,5,W
204,243.66,400.50,2,E,5,W
31,222.18,400.80,1,S,5,W
113,249.19,401.10,1,W,5,W
162,264.66,401.40,1,E,5,W
47,336.31,401.90,1,S,1,W
49,340.87,402.20,1,S,1,W
119,362.84,403.40,1,W,2,W
308,399.12,405.26,5,E,5,N
52,402.38,416.51,1,S,1,E
189,232.81,416.80,2,W,5,E
26,138.89,422.04,1,S,5,N
27,146.50,422.34,1,S,5,N
166,396.26,422.37,1,E,2,W
188,211.92,422.64,2,W,5,N
206,386.97,423.05,2,E,3,W
30,218.67,423.24,1,S,5,N
111,212.13,423.54,1,W,5,N
112,246.08,423.84,1,W,5,N
160,235.83,424.14,1,E,5,N
161,242.83,424.44,1,E,5,N
163,272.72,424.74,1,E,5,N
236,365.60,424.83,3,E,5,E
237,368.35,431.27,3,E,5,N
271,378.84,466.04,5,W,5,N
272,381.01,466.34,5,W,5,N
273,381.29,466.64,5,W,5,N
274,385.29,466.94,5,W,5,N
309,410.73,480.04,5,E,5,N
235,300.81,499.80,3,E,5,W
35,250.17,500.10,1,S,5,W
36,257.12,500.40,1,S,5,W
37,259.50,500.70,1,S,5,W
205,316.36,501.00,2,E,5,W
44,329.98,501.30,1,S,5,W
45,332.82,501.60,1,S,5,W
48,337.88,501.90,1,S,5,W
118,355.88,502.20,1,W,5,W
59,418.16,502.30,1,S,1,W
164,305.69,502.50,1,E,5,W
165,322.86,502.80,1,E,5,W
62,494.34,508.48,1,S,1,W
63,496.17,510.31,1,S,1,W
34,248.78,521.94,1,S,5,N
38,261.50,522.24,1,S,5,N
39,261.54,522.54,1,S,5,N
40,264.04,522.84,1,S,5,N
43,267.10,523.14,1,S,5,N
190,384.42,523.44,2,W,5,N
46,336.22,523.74,1,S,5,N
114,293.46,524.04,1,W,5,N
115,326.41,524.34,1,W,5,N
116,332.71,524.64,1,W,5,N
117,336.57,524.94,1,W,5,N
238,399.68,530.47,3,E,5,N
218,439.67,530.47,3,W,5,N
239,412.78,530.77,3,E,5,N
240,415.58,531.07,3,E,5,N
241,433.07,531.37,3,E,5,N
242,447.37,531.67,3,E,5,N
125,432.05,540.77,1,W,3,E
127,463.75,541.37,1,W,3,E
219,480.59,542.36,3,W,5,N
275,474.11,565.94,5,W,5,N
276,476.46,566.24,5,W,5,N
277,482.30,566.54,5,W,5,N
278,485.25,566.84,5,W,5,N
279,537.76,567.14,5,W,5,N
280,539.09,567.44,5,W,5,N
281,541.46,567.74,5,W,5,N
282,545.27,568.04,5,W,5,N
283,560.63,568.34,5,W,5,N
284,560.69,568.64,5,W,5,N
285,563.95,570.08,5,W,5,N
286,567.86,573.99,5,W,5,N
287,570.34,576.47,5,W,5,N
310,552.63,579.94,5,E,5,N
311,554.96,580.24,5,E,5,N
191,404.83,599.70,2,W,5,W
192,465.83,600.00,2,W,5,W
56,412.47,600.30,1,S,5,W
57,414.95,600.60,1,S,5,W
58,414.97,600.90,1,S,5,W
60,421.84,601.20,1,S,5,W
120,395.43,601.50,1,W,5,W
124,428.42,601.80,1,W,5,W
167,475.88,602.10,1,E,5,W
75,523.12,602.70,1,S,1,W
77,530.78,603.00,1,S,1,W
172,572.29,606.30,1,E,2,E
50,342.84,621.84,1,S,5,N
51,400.83,622.14,1,S,5,N
207,453.61,622.44,2,E,5,N
53,405.52,622.74,1,S,5,N
54,408.30,623.04,1,S,5,N
55,409.89,623.34,1,S,5,N
61,422.96,623.64,1,S,5,N
121,423.76,623.94,1,W,5,N
243,522.39,624.13,3,E,5,E
122,427.46,624.24,1,W,5,N
123,428.34,624.54,1,W,5,N
126,435.12,624.84,1,W,5,N
168,489.79,625.14,1,E,5,N
169,493.17,625.44,1,E,5,N
170,496.01,625.74,1,E,5,N
220,527.71,630.27,3,W,5,N
288,575.34,665.84,5,W,5,N
289,577.59,666.14,5,W,5,N
290,582.28,666.44,5,W,5,N
291,585.79,666.74,5,W,5,N
292,589.34,667.04,5,W,5,N
312,638.61,679.84,5,E,5,N
313,638.62,680.14,5,E,5,N
314,672.31,680.44,5,E,5,N
244,590.76,699.60,3,E,5,W
245,593.17,699.90,3,E,5,W
69,508.09,700.20,1,S,5,W
73,517.92,700.50,1,S,5,W
74,522.48,700.80,1,S,5,W
76,527.61,701.10,1,S,5,W
128,495.94,701.40,1,W,5,W
129,496.61,701.70,1,W,5,W
132,515.67,702.00,1,W,5,W
134,566.54,702.30,1,W,5,W
64,498.41,721.74,1,S,5,N
65,500.19,722.04,1,S,5,N
66,502.89,722.34,1,S,5,N
67,504.29,722.64,1,S,5,N
208,539.85,722.94,2,E,5,N
193,508.28,723.24,2,W,5,N
194,556.62,723.54,2,W,5,N
195,574.73,723.84,2,W,5,N
196,598.66,724.14,2,W,5,N
68,506.53,724.44,1,S,5,N
70,509.15,724.74,1,S,5,N
71,514.78,725.04,1,S,5,N
72,517.01,725.34,1,S,5,N
78,533.89,725.64,1,S,5,N
79,536.52,725.94,1,S,5,N
130,497.68,726.24,1,W,5,N
131,500.19,726.54,1,W,5,N
133,533.66,726.84,1,W,5,N
171,565.70,727.14,1,E,5,N
173,576.40,727.44,1,E,5,N
246,667.14,730.07,3,E,5,N
221,649.26,730.07,3,W,5,N
138,619.90,738.27,1,W,3,W
293,688.00,765.74,5,W,5,N
294,720.91,766.04,5,W,5,N
295,726.63,766.34,5,W,5,N
296,729.62,766.64,5,W,5,N
297,731.95,766.94,5,W,5,N
298,732.93,767.24,5,W,5,N
315,704.59,779.74,5,E,5,N
316,750.06,780.04,5,E,5,N
317,759.38,780.34,5,E,5,N
318,761.35,780.64,5,E,5,N
80,626.96,799.50,1,S,5,W
137,617.35,799.80,1,W,5,W
82,708.79,801.10,1,S,2,W
83,719.64,801.40,1,S,2,W
319,798.70,804.84,5,E,5,N
89,795.37,809.51,1,S,1,W
210,704.07,813.27,2,E,3,W
91,798.94,816.90,1,S,1,E
209,630.06,821.64,2,E,5,N
197,620.38,821.94,2,W,5,N
198,629.21,822.24,2,W,5,N
199,657.78,822.54,2,W,5,N
135,585.61,822.84,1,W,5,N
136,589.08,823.14,1,W,5,N
139,657.90,823.44,1,W,5,N
222,704.07,829.87,3,W,5,N
224,748.01,830.47,3,W,5,N
175,718.13,841.97,1,E,3,W
90,798.29,842.72,1,S,2,W
299,797.55,865.64,5,W,5,N
300,864.27,870.41,5,W,5,N
223,745.70,899.40,3,W,5,W
247,784.72,899.70,3,E,5,W
84,720.84,900.00,1,S,5,W
86,728.19,900.30,1,S,5,W
145,694.22,900.60,1,W,5,W
147,697.47,900.90,1,W,5,W
320,895.01,901.15,5,E,5,N
148,747.86,901.20,1,W,5,W
176,727.81,901.50,1,E,5,W
178,774.41,901.80,1,E,5,W
152,860.96,902.10,1,W,2,W
180,851.90,902.70,1,E,2,W
174,708.89,918.40,1,E,5,E
81,641.89,921.54,1,S,5,N
211,760.48,921.84,2,E,5,N
85,724.24,922.14,1,S,5,N
87,728.97,922.44,1,S,5,N
140,682.48,922.74,1,W,5,N
141,686.21,923.04,1,W,5,N
142,687.47,923.34,1,W,5,N
143,689.79,923.64,1,W,5,N
144,692.12,923.94,1,W,5,N
146,695.52,924.24,1,W,5,N
177,754.21,924.84,1,E,5,N
225,802.39,929.67,3,W,5,N
248,800.70,929.67,3,E,5,N
227,824.68,930.27,3,W,5,N
228,830.07,930.57,3,W,5,N
150,832.16,937.57,1,W,3,W
95,879.93,998.60,1,S,3,E
226,817.69,999.30,3,W,5,W
88,795.28,999.60,1,S,5,W
93,801.01,999.90,1,S,5,W
200,833.57,1000.20,2,W,5,W
212,847.47,1000.50,2,E,5,W
182,876.14,1000.80,1,E,5,W
92,800.83,1021.44,1,S,5,N
149,797.92,1021.74,1,W,5,N
151,835.91,1022.04,1,W,5,N
179,813.34,1022.34,1,E,5,N
181,862.40,1022.64,1,E,5,N
183,893.68,1022.94,1,E,5,N
94,878.88,1121.34,1,S,5,N
96,882.98,1121.64,1,S,5,N