id,enter_time,exit_time,entrance_intersection,entrance_direction,exit_intersection,exit_direction
0,2.75,16.88,1,S,1,E
3,21.80,35.94,1,S,1,E
5,29.55,100.70,1,S,1,W
90,61.76,102.80,1,W,2,W
205,22.97,131.27,3,W,5,N
86,33.32,137.67,1,W,3,E
218,79.00,140.77,3,E,5,N
242,80.91,166.34,5,W,5,N
243,101.21,166.64,5,W,5,N
244,105.11,166.94,5,W,5,N
245,133.73,167.24,5,W,5,N
246,148.98,167.54,5,W,5,N
247,151.23,167.84,5,W,5,N
248,172.39,178.52,5,W,5,N
314,100.15,180.34,5,E,5,N
315,160.05,180.64,5,E,5,N
316,167.02,180.94,5,E,5,N
317,171.82,181.24,5,E,5,N
183,76.69,200.10,2,W,5,W
4,27.68,200.40,1,S,5,W
146,2.32,200.70,1,E,5,W
148,77.23,201.00,1,E,5,W
7,107.86,201.10,1,S,1,W
8,108.20,201.40,1,S,1,W
11,122.67,201.70,1,S,1,W
15,132.75,202.00,1,S,1,W
6,32.58,217.00,1,S,5,E
87,34.37,217.30,1,W,5,E
194,87.24,222.24,2,E,5,N
1,5.75,222.54,1,S,5,N
2,16.24,222.84,1,S,5,N
88,36.84,223.74,1,W,5,N
89,55.39,224.04,1,W,5,N
147,54.74,224.34,1,E,5,N
149,94.97,224.64,1,E,5,N
219,116.40,231.07,3,E,5,N
207,173.39,235.16,3,W,5,N
249,175.66,266.24,5,W,5,N
250,188.74,266.54,5,W,5,N
251,221.15,266.84,5,W,5,N
252,221.83,267.14,5,W,5,N
253,225.44,267.44,5,W,5,N
254,228.87,267.74,5,W,5,N
255,242.96,268.04,5,W,5,N
318,263.29,280.24,5,E,5,N
319,293.26,299.39,5,E,5,N
206,124.01,300.00,3,W,5,W
195,172.47,300.30,2,E,5,W
10,114.37,300.60,1,S,5,W
13,130.32,300.90,1,S,5,W
14,131.14,301.20,1,S,5,W
20,235.77,301.50,1,S,1,W
16,134.28,301.50,1,S,5,W
95,105.91,301.80,1,W,5,W
96,108.58,302.10,1,W,5,W
97,159.15,302.40,1,W,5,W
98,162.32,302.70,1,W,5,W
150,115.25,303.00,1,E,5,W
320,297.25,303.38,5,E,5,N
196,245.87,312.77,2,E,3,E
220,198.52,322.14,3,E,5,N
9,110.82,322.44,1,S,5,N
12,128.08,322.74,1,S,5,N
91,69.25,323.04,1,W,5,N
92,74.17,323.34,1,W,5,N
93,100.18,323.64,1,W,5,N
94,102.95,323.94,1,W,5,N
151,163.95,324.24,1,E,5,N
152,166.14,324.54,1,E,5,N
221,200.83,330.87,3,E,5,N
222,204.29,331.17,3,E,5,N
223,214.68,331.47,3,E,5,N
158,286.34,348.53,1,E,3,W
208,289.73,351.50,3,W,5,N
256,280.58,366.14,5,W,5,N
257,301.79,366.44,5,W,5,N
258,320.51,366.74,5,W,5,N
259,348.64,367.04,5,W,5,N
260,351.98,367.34,5,W,5,N
321,386.61,392.75,5,E,5,N
105,252.83,399.90,1,W,5,W
108,263.67,400.20,1,W,5,W
154,256.49,400.50,1,E,5,W
155,276.78,400.80,1,E,5,W
156,280.29,401.10,1,E,5,W
22,314.39,401.90,1,S,1,W
23,315.12,402.20,1,S,1,W
28,320.61,402.20,1,S,2,E
29,321.35,402.50,1,S,1,W
30,325.03,402.80,1,S,1,W
109,267.49,402.80,1,W,2,W
197,345.09,412.87,2,E,3,W
185,325.44,412.87,2,W,3,W
17,138.02,422.04,1,S,5,N
184,251.53,422.34,2,W,5,N
18,227.57,422.64,1,S,5,N
19,232.53,422.94,1,S,5,N
99,166.28,423.24,1,W,5,N
100,194.39,423.54,1,W,5,N
101,197.45,423.84,1,W,5,N
102,237.40,424.14,1,W,5,N
103,243.96,424.44,1,W,5,N
104,250.70,424.74,1,W,5,N
106,256.30,425.04,1,W,5,N
107,260.86,425.34,1,W,5,N
153,246.59,425.64,1,E,5,N
157,283.64,425.94,1,E,5,N
224,302.19,430.67,3,E,5,N
209,338.01,430.67,3,W,5,N
211,351.91,431.27,3,W,5,N
25,315.85,437.37,1,S,3,E
35,402.53,442.78,1,S,2,W
226,389.96,451.73,3,E,5,N
261,376.73,466.04,5,W,5,N
262,379.54,466.34,5,W,5,N
263,381.96,466.64,5,W,5,N
264,386.26,466.94,5,W,5,N
265,401.84,467.24,5,W,5,N
266,415.65,467.54,5,W,5,N
267,417.89,467.84,5,W,5,N
268,461.40,468.14,5,W,5,N
269,463.90,470.04,5,W,5,N
270,468.24,474.38,5,W,5,N
322,414.06,480.04,5,E,5,N
32,388.58,499.30,1,S,3,W
225,315.54,499.80,3,E,5,W
210,342.29,500.10,3,W,5,W
21,310.65,500.40,1,S,5,W
114,353.38,500.70,1,W,5,W
115,360.76,501.00,1,W,5,W
159,334.86,501.30,1,E,5,W
161,374.04,501.60,1,E,5,W
41,420.99,502.30,1,S,1,W
43,426.25,502.60,1,S,1,W
116,403.34,503.50,1,W,2,W
162,391.13,508.95,1,E,5,W
27,320.01,516.40,1,S,5,E
24,315.39,521.94,1,S,5,N
26,318.24,522.24,1,S,5,N
31,327.85,522.84,1,S,5,N
110,269.77,523.14,1,W,5,N
111,306.85,523.44,1,W,5,N
112,310.04,523.74,1,W,5,N
113,313.69,524.04,1,W,5,N
160,336.91,524.34,1,E,5,N
227,404.43,530.47,3,E,5,N
228,473.89,535.66,3,E,5,N
38,413.12,537.47,1,S,3,W
229,476.37,538.14,3,E,5,N
45,431.52,538.97,1,S,3,W
165,476.19,540.77,1,E,3,W
271,507.62,565.94,5,W,5,N
272,511.49,566.24,5,W,5,N
273,512.68,566.54,5,W,5,N
274,530.05,566.84,5,W,5,N
275,531.56,567.14,5,W,5,N
276,534.79,567.44,5,W,5,N
277,538.93,567.74,5,W,5,N
278,540.99,568.04,5,W,5,N
279,543.29,568.34,5,W,5,N
323,517.78,579.94,5,E,5,N
33,398.91,599.70,1,S,5,W
186,489.65,600.00,2,W,5,W
36,408.20,600.30,1,S,5,W
39,416.14,600.60,1,S,5,W
42,423.98,600.90,1,S,5,W
44,429.72,601.20,1,S,5,W
117,436.50,601.50,1,W,5,W
49,502.68,602.70,1,S,1,W
58,590.23,604.37,1,S,1,W
61,597.56,611.70,1,S,1,W
34,399.16,621.84,1,S,5,N
198,438.70,622.14,2,E,5,N
37,412.06,622.44,1,S,5,N
40,418.73,622.74,1,S,5,N
46,433.87,623.04,1,S,5,N
163,411.00,623.34,1,E,5,N
164,466.20,623.64,1,E,5,N
212,501.80,630.27,3,W,5,N
230,574.15,635.92,3,E,5,N
119,529.97,638.47,1,W,3,E
63,598.73,643.72,1,S,2,W
280,576.68,665.84,5,W,5,N
281,578.33,666.14,5,W,5,N
282,581.01,666.44,5,W,5,N
283,581.40,666.74,5,W,5,N
284,602.73,667.04,5,W,5,N
285,605.37,667.34,5,W,5,N
286,605.53,667.64,5,W,5,N
287,608.58,667.94,5,W,5,N
288,628.92,668.24,5,W,5,N
289,633.69,668.54,5,W,5,N
290,636.09,668.84,5,W,5,N
291,639.67,669.14,5,W,5,N
292,651.85,669.44,5,W,5,N
324,652.14,679.84,5,E,5,N
47,498.36,699.60,1,S,5,W
199,525.86,699.90,2,E,5,W
200,557.74,700.20,2,E,5,W
50,507.00,700.50,1,S,5,W
52,509.62,700.80,1,S,5,W
121,564.29,701.10,1,W,5,W
168,551.62,701.40,1,E,5,W
65,664.19,703.10,1,S,1,W
67,684.04,703.40,1,S,1,W
66,668.05,716.20,1,S,1,E
69,689.11,716.80,1,S,1,E
48,501.96,721.74,1,S,5,N
187,562.84,722.04,2,W,5,N
188,584.04,722.34,2,W,5,N
189,596.24,722.64,2,W,5,N
51,508.90,722.94,1,S,5,N
53,510.93,723.24,1,S,5,N
118,481.94,723.54,1,W,5,N
120,548.82,723.84,1,W,5,N
122,566.05,724.14,1,W,5,N
166,510.98,724.44,1,E,5,N
167,532.49,724.74,1,E,5,N
169,562.42,725.04,1,E,5,N
213,630.45,730.07,3,W,5,N
231,643.08,730.07,3,E,5,N
233,650.83,730.67,3,E,5,N
234,654.11,730.97,3,E,5,N
235,671.45,733.22,3,E,5,N
236,674.49,736.26,3,E,5,N
215,692.91,754.68,3,W,5,N
293,710.91,765.74,5,W,5,N
294,738.51,766.04,5,W,5,N
295,741.62,766.34,5,W,5,N
296,744.69,766.64,5,W,5,N
297,747.26,766.94,5,W,5,N
298,767.32,773.45,5,W,5,N
299,767.80,773.94,5,W,5,N
300,771.75,777.88,5,W,5,N
325,758.82,779.74,5,E,5,N
326,759.37,780.04,5,E,5,N
232,646.84,799.50,3,E,5,W
214,687.52,799.80,3,W,5,W
59,592.30,800.10,1,S,5,W
190,617.31,800.40,2,W,5,W
191,637.53,800.70,2,W,5,W
125,581.33,801.00,1,W,5,W
130,656.12,801.30,1,W,5,W
172,638.78,801.60,1,E,5,W
173,657.98,801.90,1,E,5,W
60,597.22,816.70,1,S,5,E
74,780.24,816.90,1,S,1,E
123,580.32,817.60,1,W,5,E
126,606.76,818.20,1,W,5,E
128,612.33,818.80,1,W,5,E
54,571.75,821.64,1,S,5,N
55,577.78,821.94,1,S,5,N
56,577.85,822.24,1,S,5,N
57,579.01,822.54,1,S,5,N
62,598.08,823.14,1,S,5,N
201,613.74,823.44,2,E,5,N
237,764.62,823.73,3,E,5,E
124,580.56,824.04,1,W,5,N
127,610.00,824.64,1,W,5,N
129,624.25,825.24,1,W,5,N
131,658.25,825.54,1,W,5,N
170,615.16,825.84,1,E,5,N
171,632.36,826.14,1,E,5,N
174,665.33,826.44,1,E,5,N
216,746.89,829.87,3,W,5,N
178,775.00,840.17,1,E,3,W
72,764.50,842.42,1,S,2,W
238,786.22,847.99,3,E,5,N
301,774.20,865.64,5,W,5,N
302,779.74,865.94,5,W,5,N
303,800.46,866.24,5,W,5,N
304,816.15,866.54,5,W,5,N
305,821.01,866.84,5,W,5,N
306,823.69,867.14,5,W,5,N
307,826.16,867.44,5,W,5,N
308,828.74,867.74,5,W,5,N
309,831.35,868.04,5,W,5,N
310,833.87,868.34,5,W,5,N
311,839.71,868.64,5,W,5,N
312,853.65,868.94,5,W,5,N
327,842.35,879.64,5,E,5,N
328,843.00,879.94,5,E,5,N
329,850.55,880.24,5,E,5,N
330,861.69,880.54,5,E,5,N
331,866.47,880.84,5,E,5,N
71,689.87,899.40,1,S,5,W
202,708.51,899.70,2,E,5,W
193,741.28,900.00,2,W,5,W
134,699.53,900.30,1,W,5,W
137,717.42,900.60,1,W,5,W
138,719.14,900.90,1,W,5,W
76,841.61,903.90,1,S,1,W
77,841.71,904.20,1,S,1,W
82,853.30,904.50,1,S,1,W
239,797.64,915.40,3,E,5,E
192,713.21,916.60,2,W,5,E
81,852.29,917.60,1,S,1,E
179,786.08,919.30,1,E,5,E
64,662.62,921.84,1,S,5,N
68,688.47,922.14,1,S,5,N
70,689.66,922.44,1,S,5,N
203,779.44,923.04,2,E,5,N
132,691.55,923.34,1,W,5,N
133,693.12,923.64,1,W,5,N
135,706.54,923.94,1,W,5,N
136,707.26,924.24,1,W,5,N
175,705.58,924.54,1,E,5,N
176,716.29,924.84,1,E,5,N
177,722.90,925.14,1,E,5,N
217,806.57,929.67,3,W,5,N
240,824.69,929.67,3,E,5,N
241,852.80,929.97,3,E,5,N
313,879.10,965.54,5,W,5,N
73,779.97,999.30,1,S,5,W
75,836.86,999.60,1,S,5,W
140,770.89,999.90,1,W,5,W
142,847.02,1000.20,1,W,5,W
181,840.54,1017.10,1,E,5,E
204,877.71,1021.44,2,E,5,N
139,767.74,1021.74,1,W,5,N
141,804.47,1022.04,1,W,5,N
143,854.59,1022.34,1,W,5,N
144,857.06,1022.64,1,W,5,N
180,807.67,1022.94,1,E,5,N
182,862.41,1023.54,1,E,5,N
78,845.24,1099.20,1,S,5,W
83,856.13,1099.50,1,S,5,W
85,861.77,1099.80,1,S,5,W
145,887.33,1100.10,1,W,5,W
79,846.16,1121.34,1,S,5,N
80,847.47,1121.64,1,S,5,N
84,857.96,1121.94,1,S,5,N