id,enter_time,exit_time,entrance_intersection,entrance_direction,exit_intersection,exit_direction
0,5.00,19.14,1,S,1,E
232,67.76,73.90,5,W,5,N
233,69.35,75.48,5,W,5,N
234,70.61,76.74,5,W,5,N
235,72.35,78.48,5,W,5,N
284,0.56,80.44,5,E,5,N
285,85.36,91.49,5,E,5,N
11,46.91,100.70,1,S,1,W
193,91.30,127.38,2,E,3,W
206,33.11,131.27,3,W,5,N
216,77.07,138.84,3,E,5,N
8,39.14,139.62,1,S,2,E
10,44.29,140.22,1,S,2,W
12,47.75,140.52,1,S,2,W
13,48.74,140.82,1,S,2,W
207,80.30,142.07,3,W,5,N
236,75.81,166.34,5,W,5,N
237,135.68,166.64,5,W,5,N
286,138.01,180.34,5,E,5,N
287,138.15,180.64,5,E,5,N
217,80.88,200.10,3,E,5,W
14,51.17,200.20,1,S,3,W
2,17.71,200.40,1,S,5,W
4,21.73,200.70,1,S,5,W
82,3.44,201.00,1,W,5,W
86,40.26,201.30,1,W,5,W
87,60.25,201.60,1,W,5,W
1,16.13,216.40,1,S,5,E
181,5.48,222.24,2,W,5,N
3,20.88,222.84,1,S,5,N
5,22.45,223.14,1,S,5,N
6,32.51,223.44,1,S,5,N
7,34.73,223.74,1,S,5,N
83,21.50,224.04,1,W,5,N
84,23.85,224.34,1,W,5,N
85,24.70,224.64,1,W,5,N
146,2.34,224.94,1,E,5,N
147,79.05,225.24,1,E,5,N
218,160.03,231.07,3,E,5,N
25,218.50,232.63,1,S,1,E
26,219.28,233.41,1,S,1,E
238,194.22,266.24,5,W,5,N
239,247.19,266.54,5,W,5,N
240,247.90,266.84,5,W,5,N
241,250.03,267.14,5,W,5,N
242,265.48,271.61,5,W,5,N
243,268.66,274.79,5,W,5,N
288,245.84,280.24,5,E,5,N
289,248.82,280.54,5,E,5,N
290,248.94,280.84,5,E,5,N
194,146.49,300.00,2,E,5,W
183,193.22,300.30,2,W,5,W
16,115.64,300.60,1,S,5,W
21,132.20,300.90,1,S,5,W
93,138.67,301.20,1,W,5,W
27,222.23,301.50,1,S,1,W
94,139.17,301.50,1,W,5,W
29,239.84,301.80,1,S,1,W
95,145.06,301.80,1,W,5,W
39,282.35,302.10,1,S,1,W
148,110.92,302.10,1,E,5,W
151,146.18,302.40,1,E,5,W
152,153.17,302.70,1,E,5,W
9,43.01,316.00,1,S,5,E
38,280.50,316.70,1,S,1,E
42,289.82,317.60,1,S,1,E
155,171.35,321.40,1,E,5,E
182,167.76,322.44,2,W,5,N
15,113.15,322.74,1,S,5,N
17,119.60,323.04,1,S,5,N
18,122.50,323.34,1,S,5,N
19,125.23,323.64,1,S,5,N
20,126.66,323.94,1,S,5,N
88,81.62,324.24,1,W,5,N
89,82.40,324.54,1,W,5,N
90,88.83,324.84,1,W,5,N
91,118.32,325.14,1,W,5,N
92,124.68,325.44,1,W,5,N
96,148.00,325.74,1,W,5,N
97,151.57,326.04,1,W,5,N
149,134.76,326.34,1,E,5,N
150,143.29,326.64,1,E,5,N
153,167.48,326.94,1,E,5,N
154,169.15,327.24,1,E,5,N
156,182.64,327.84,1,E,5,N
157,191.76,328.14,1,E,5,N
208,228.95,330.87,3,W,5,N
209,244.12,331.17,3,W,5,N
33,262.77,341.32,1,S,2,W
40,285.03,343.12,1,S,2,E
244,279.01,366.14,5,W,5,N
245,282.00,366.44,5,W,5,N
246,308.85,366.74,5,W,5,N
247,311.04,367.04,5,W,5,N
248,311.29,367.34,5,W,5,N
249,314.37,367.64,5,W,5,N
250,315.68,367.94,5,W,5,N
291,338.47,380.14,5,E,5,N
292,355.40,380.44,5,E,5,N
219,232.76,399.90,3,E,5,W
210,290.27,400.20,3,W,5,W
185,232.58,400.50,2,W,5,W
102,243.59,400.80,1,W,5,W
104,264.93,401.10,1,W,5,W
45,300.65,401.90,1,S,1,W
23,212.95,417.10,1,S,5,E
24,216.32,417.40,1,S,5,E
98,182.55,418.00,1,W,5,E
22,143.16,422.04,1,S,5,N
195,235.32,422.34,2,E,5,N
184,222.34,422.64,2,W,5,N
196,296.60,422.94,2,E,5,N
28,236.48,423.84,1,S,5,N
99,215.70,424.44,1,W,5,N
100,219.01,424.74,1,W,5,N
101,240.85,425.04,1,W,5,N
103,258.54,425.34,1,W,5,N
158,217.70,425.64,1,E,5,N
220,309.50,430.67,3,E,5,N
221,372.47,434.24,3,E,5,N
160,324.71,439.17,1,E,3,E
162,381.16,443.35,1,E,3,W
222,388.90,450.67,3,E,5,N
251,373.69,466.04,5,W,5,N
252,403.95,466.34,5,W,5,N
253,458.54,466.64,5,W,5,N
254,461.99,468.12,5,W,5,N
255,465.93,472.07,5,W,5,N
256,469.70,475.83,5,W,5,N
293,443.10,480.04,5,E,5,N
223,391.02,499.80,3,E,5,W
224,394.36,500.10,3,E,5,W
225,396.51,500.40,3,E,5,W
30,245.18,500.70,1,S,5,W
37,280.12,501.00,1,S,5,W
106,331.82,501.30,1,W,5,W
111,350.09,501.60,1,W,5,W
115,451.10,501.70,1,W,2,E
31,246.58,521.94,1,S,5,N
32,247.44,522.24,1,S,5,N
34,269.80,522.54,1,S,5,N
35,270.78,522.84,1,S,5,N
36,276.83,523.14,1,S,5,N
41,288.10,523.44,1,S,5,N
43,295.54,523.74,1,S,5,N
44,299.38,524.04,1,S,5,N
197,330.05,524.34,2,E,5,N
198,388.35,524.64,2,E,5,N
105,286.84,524.94,1,W,5,N
107,339.28,525.24,1,W,5,N
108,341.86,525.54,1,W,5,N
109,344.38,525.84,1,W,5,N
110,346.24,526.14,1,W,5,N
159,304.57,526.44,1,E,5,N
161,328.75,526.74,1,E,5,N
163,391.56,527.04,1,E,5,N
211,408.23,530.47,3,W,5,N
226,461.39,530.47,3,E,5,N
54,483.57,541.82,1,S,2,W
56,486.97,542.42,1,S,2,W
227,491.18,552.95,3,E,5,N
257,473.40,565.94,5,W,5,N
258,478.67,566.24,5,W,5,N
259,480.53,566.54,5,W,5,N
260,484.22,566.84,5,W,5,N
261,552.87,567.14,5,W,5,N
262,558.03,567.44,5,W,5,N
294,526.04,579.94,5,E,5,N
295,527.11,580.24,5,E,5,N
296,561.06,580.54,5,E,5,N
297,571.23,580.84,5,E,5,N
298,591.01,597.15,5,E,5,N
53,479.96,599.40,1,S,3,W
49,400.52,599.70,1,S,5,W
50,401.93,600.00,1,S,5,W
199,447.77,600.30,2,E,5,W
116,456.86,600.60,1,W,5,W
165,429.45,600.90,1,E,5,W
166,440.26,601.20,1,E,5,W
119,532.64,601.20,1,W,2,W
48,398.70,616.30,1,S,5,E
187,460.32,617.20,2,W,5,E
46,393.33,621.84,1,S,5,N
47,393.94,622.14,1,S,5,N
51,403.64,622.74,1,S,5,N
186,431.51,623.04,2,W,5,N
112,389.14,623.64,1,W,5,N
113,440.61,623.94,1,W,5,N
114,447.60,624.24,1,W,5,N
117,459.48,624.54,1,W,5,N
164,413.10,624.84,1,E,5,N
167,479.17,625.14,1,E,5,N
263,625.86,665.84,5,W,5,N
264,631.68,666.14,5,W,5,N
265,635.52,666.44,5,W,5,N
266,639.34,666.74,5,W,5,N
267,643.32,667.04,5,W,5,N
268,644.92,667.34,5,W,5,N
269,647.17,667.64,5,W,5,N
270,652.34,667.94,5,W,5,N
271,656.21,668.24,5,W,5,N
272,670.12,676.25,5,W,5,N
299,647.62,679.84,5,E,5,N
212,547.32,699.60,3,W,5,W
228,592.32,699.90,3,E,5,W
201,591.40,700.20,2,E,5,W
125,566.18,700.50,1,W,5,W
128,633.78,704.00,1,W,2,W
118,500.89,716.80,1,W,5,E
52,476.77,721.74,1,S,5,N
55,486.18,722.04,1,S,5,N
57,489.83,722.34,1,S,5,N
200,543.02,722.64,2,E,5,N
120,535.70,723.24,1,W,5,N
121,542.28,723.54,1,W,5,N
122,544.96,723.84,1,W,5,N
123,555.79,724.14,1,W,5,N
124,563.64,724.44,1,W,5,N
168,514.03,724.74,1,E,5,N
169,529.24,725.04,1,E,5,N
170,598.71,725.34,1,E,5,N
213,674.08,735.85,3,W,5,N
229,676.72,738.49,3,E,5,N
69,633.30,738.57,1,S,3,W
177,659.71,742.17,1,E,3,E
273,701.44,765.74,5,W,5,N
274,702.54,766.04,5,W,5,N
275,704.55,766.34,5,W,5,N
276,725.10,766.64,5,W,5,N
300,779.74,785.88,5,E,5,N
60,586.00,799.50,1,S,5,W
62,601.85,799.80,1,S,5,W
66,627.68,800.10,1,S,5,W
68,631.69,800.40,1,S,5,W
173,635.64,800.70,1,E,5,W
175,643.48,801.00,1,E,5,W
79,788.96,803.50,1,S,1,W
76,779.53,816.30,1,S,1,E
67,631.62,818.20,1,S,5,E
171,601.52,821.64,1,E,5,N
58,579.28,821.94,1,S,5,N
59,583.18,822.24,1,S,5,N
61,600.52,822.54,1,S,5,N
63,604.71,822.84,1,S,5,N
188,653.07,823.14,2,W,5,N
202,645.16,823.44,2,E,5,N
64,616.32,823.74,1,S,5,N
65,619.96,824.04,1,S,5,N
70,636.64,824.64,1,S,5,N
71,637.46,824.94,1,S,5,N
126,597.89,825.24,1,W,5,N
127,601.36,825.54,1,W,5,N
129,638.62,825.84,1,W,5,N
172,612.05,826.14,1,E,5,N
174,637.82,826.44,1,E,5,N
176,650.16,826.74,1,E,5,N
230,767.06,829.87,3,E,5,N
277,819.42,865.64,5,W,5,N
278,840.67,865.94,5,W,5,N
279,854.30,866.24,5,W,5,N
77,785.17,898.50,1,S,3,E
214,785.63,899.40,3,W,5,W
203,703.09,899.70,2,E,5,W
72,706.36,900.00,1,S,5,W
73,707.72,900.30,1,S,5,W
131,683.33,900.60,1,W,5,W
134,750.97,900.90,1,W,5,W
81,885.53,903.90,1,S,1,W
75,715.67,916.00,1,S,5,E
204,777.59,921.54,2,E,5,N
74,708.77,921.84,1,S,5,N
130,677.25,922.44,1,W,5,N
132,729.39,922.74,1,W,5,N
133,748.25,923.04,1,W,5,N
135,753.09,923.34,1,W,5,N
136,757.03,923.64,1,W,5,N
178,795.15,923.94,1,E,5,N
179,796.09,924.24,1,E,5,N
191,890.33,926.40,2,W,3,W
215,827.92,929.67,3,W,5,N
143,863.78,939.07,1,W,3,W
231,881.87,943.64,3,E,5,N
280,887.63,965.54,5,W,5,N
281,889.09,965.84,5,W,5,N
282,894.75,966.14,5,W,5,N
283,897.87,966.44,5,W,5,N
78,785.24,999.30,1,S,5,W
141,839.15,999.60,1,W,5,W
145,869.93,1001.30,1,W,2,W
80,789.19,1021.44,1,S,5,N
205,874.97,1021.74,2,E,5,N
189,843.59,1022.04,2,W,5,N
190,867.50,1022.34,2,W,5,N
192,890.76,1022.64,2,W,5,N
137,776.28,1022.94,1,W,5,N
138,799.64,1023.24,1,W,5,N
139,804.47,1023.54,1,W,5,N
140,831.78,1023.84,1,W,5,N
142,861.05,1024.14,1,W,5,N
144,867.36,1024.44,1,W,5,N
180,848.13,1024.74,1,E,5,N