id,enter_time,exit_time,entrance_intersection,entrance_direction,exit_intersection,exit_direction
210,2.80,66.44,5,W,5,N
211,69.12,75.26,5,W,5,N
269,5.92,80.44,5,E,5,N
270,22.51,80.74,5,E,5,N
271,26.32,81.04,5,E,5,N
272,59.24,81.34,5,E,5,N
1,12.27,100.70,1,S,1,W
4,22.95,101.00,1,S,1,W
5,25.04,101.30,1,S,1,W
175,41.03,131.27,3,W,5,N
187,37.29,131.27,3,E,5,N
188,52.20,131.57,3,E,5,N
189,71.12,132.89,3,E,5,N
7,95.73,139.62,1,S,2,W
212,98.14,166.34,5,W,5,N
213,100.57,166.64,5,W,5,N
214,104.25,166.94,5,W,5,N
215,131.67,167.24,5,W,5,N
216,134.41,167.54,5,W,5,N
217,136.72,167.84,5,W,5,N
218,140.71,168.14,5,W,5,N
219,144.69,168.44,5,W,5,N
220,147.99,168.74,5,W,5,N
221,152.03,169.04,5,W,5,N
222,154.10,169.34,5,W,5,N
223,158.87,169.64,5,W,5,N
0,6.84,200.10,1,S,5,W
2,15.92,200.40,1,S,5,W
3,19.08,200.70,1,S,5,W
58,2.61,201.00,1,W,5,W
10,104.93,201.10,1,S,1,W
59,5.34,201.30,1,W,5,W
12,111.47,201.40,1,S,1,W
62,43.03,201.60,1,W,5,W
29,155.17,201.70,1,S,1,W
63,50.98,201.90,1,W,5,W
122,5.54,218.20,1,E,5,E
123,57.73,218.50,1,E,5,E
153,3.95,222.24,2,W,5,N
154,19.55,222.54,2,W,5,N
161,98.41,222.84,2,E,5,N
6,28.28,223.14,1,S,5,N
60,8.78,223.44,1,W,5,N
61,11.24,223.74,1,W,5,N
64,53.44,224.04,1,W,5,N
124,97.25,224.94,1,E,5,N
191,151.40,225.23,3,E,5,E
193,157.89,231.97,3,E,5,N
33,232.28,246.42,1,S,1,E
194,186.06,247.83,3,E,5,N
224,195.00,266.24,5,W,5,N
225,197.33,266.54,5,W,5,N
226,199.35,266.84,5,W,5,N
227,214.14,267.14,5,W,5,N
228,216.20,267.44,5,W,5,N
229,219.02,267.74,5,W,5,N
230,271.44,277.57,5,W,5,N
273,202.22,280.24,5,E,5,N
274,220.37,280.54,5,E,5,N
275,255.57,280.84,5,E,5,N
276,255.79,281.14,5,E,5,N
277,256.48,281.44,5,E,5,N
278,293.47,299.60,5,E,5,N
190,148.17,300.00,3,E,5,W
24,141.98,300.30,1,S,3,W
176,143.91,300.30,3,W,5,W
25,144.89,300.60,1,S,3,W
177,146.80,300.60,3,W,5,W
192,154.55,300.90,3,E,5,W
14,115.12,301.20,1,S,5,W
30,225.08,301.50,1,S,1,W
16,118.10,301.50,1,S,5,W
279,295.49,301.63,5,E,5,N
18,121.29,301.80,1,S,5,W
21,135.76,302.10,1,S,5,W
65,100.36,302.40,1,W,5,W
66,130.62,302.70,1,W,5,W
67,133.36,303.00,1,W,5,W
126,191.33,309.16,1,E,5,W
155,207.35,312.77,2,W,3,E
15,116.47,317.50,1,S,5,E
8,97.11,322.14,1,S,5,N
9,104.55,322.44,1,S,5,N
162,139.66,322.74,2,E,5,N
11,108.04,323.04,1,S,5,N
13,112.19,323.34,1,S,5,N
17,119.16,323.94,1,S,5,N
19,123.96,324.24,1,S,5,N
20,135.41,324.54,1,S,5,N
178,262.12,324.73,3,W,5,E
68,136.82,324.84,1,W,5,N
125,171.27,325.14,1,E,5,N
231,317.17,366.14,5,W,5,N
232,322.98,366.44,5,W,5,N
233,324.11,366.74,5,W,5,N
234,327.05,367.04,5,W,5,N
235,348.95,367.34,5,W,5,N
236,350.60,367.64,5,W,5,N
237,354.52,367.94,5,W,5,N
238,356.56,368.24,5,W,5,N
179,268.13,399.90,3,W,5,W
195,283.43,400.20,3,E,5,W
23,141.52,400.50,1,S,5,W
70,169.82,400.80,1,W,5,W
72,243.70,401.10,1,W,5,W
128,214.85,401.40,1,E,5,W
34,324.09,401.90,1,S,1,W
22,138.91,422.04,1,S,5,N
26,145.94,422.34,1,S,5,N
27,148.97,422.64,1,S,5,N
28,153.61,422.94,1,S,5,N
163,228.91,423.24,2,E,5,N
156,281.21,423.54,2,W,5,N
31,228.67,423.84,1,S,5,N
32,229.92,424.14,1,S,5,N
69,169.44,424.44,1,W,5,N
71,212.44,424.74,1,W,5,N
127,208.78,425.04,1,E,5,N
129,253.47,425.34,1,E,5,N
130,274.38,425.64,1,E,5,N
75,313.95,438.27,1,W,3,W
196,388.51,444.15,3,E,5,E
239,395.48,466.04,5,W,5,N
240,399.30,466.34,5,W,5,N
241,426.80,466.64,5,W,5,N
242,430.35,466.94,5,W,5,N
243,446.66,467.24,5,W,5,N
244,465.01,471.15,5,W,5,N
280,437.20,480.04,5,E,5,N
281,441.18,480.34,5,E,5,N
282,488.96,495.09,5,E,5,N
164,309.86,499.80,2,E,5,W
165,351.86,500.10,2,E,5,W
35,327.07,500.40,1,S,5,W
131,316.70,500.70,1,E,5,W
133,327.32,501.00,1,E,5,W
39,416.75,501.10,1,S,2,W
78,339.79,517.60,1,W,5,E
79,342.10,517.90,1,W,5,E
36,332.61,521.94,1,S,5,N
37,333.42,522.24,1,S,5,N
73,269.66,522.54,1,W,5,N
74,294.04,522.84,1,W,5,N
76,316.29,523.14,1,W,5,N
77,320.76,523.44,1,W,5,N
132,321.71,524.34,1,E,5,N
134,362.22,524.64,1,E,5,N
199,452.74,524.93,3,E,5,E
197,416.71,530.47,3,E,5,N
198,449.65,530.77,3,E,5,N
181,434.03,530.77,3,W,5,N
200,455.09,531.37,3,E,5,N
245,479.25,565.94,5,W,5,N
246,482.47,566.24,5,W,5,N
247,570.16,576.29,5,W,5,N
180,403.11,599.70,3,W,5,W
82,414.06,600.00,1,W,5,W
85,433.93,600.30,1,W,5,W
86,435.11,600.60,1,W,5,W
87,438.40,600.90,1,W,5,W
135,411.89,601.20,1,E,5,W
137,455.94,601.50,1,E,5,W
40,503.91,602.70,1,S,1,W
93,522.14,603.60,1,W,2,W
84,420.72,617.80,1,W,5,E
157,463.58,621.84,2,W,5,N
166,420.76,622.14,2,E,5,N
167,453.83,622.44,2,E,5,N
38,414.92,622.74,1,S,5,N
80,373.58,623.04,1,W,5,N
81,407.32,623.34,1,W,5,N
83,417.27,623.64,1,W,5,N
136,437.49,624.24,1,E,5,N
182,548.15,630.27,3,W,5,N
201,526.86,630.27,3,E,5,N
183,564.02,630.57,3,W,5,N
202,546.57,630.57,3,E,5,N
203,549.76,630.87,3,E,5,N
47,635.23,649.36,1,S,1,E
205,589.28,651.05,3,E,5,N
248,583.53,665.84,5,W,5,N
249,598.77,666.14,5,W,5,N
250,609.24,666.44,5,W,5,N
251,614.13,666.74,5,W,5,N
252,672.45,678.59,5,W,5,N
283,630.11,679.84,5,E,5,N
204,564.13,699.60,3,E,5,W
42,518.52,699.90,1,S,5,W
43,520.34,700.20,1,S,5,W
44,521.72,700.50,1,S,5,W
89,482.75,700.80,1,W,5,W
90,484.46,701.10,1,W,5,W
96,553.92,701.40,1,W,5,W
138,521.95,701.70,1,E,5,W
139,526.25,702.00,1,E,5,W
52,650.50,703.10,1,S,1,W
54,654.52,703.40,1,S,1,W
170,638.09,713.17,2,E,3,W
168,502.54,721.74,2,E,5,N
158,531.20,722.04,2,W,5,N
169,539.07,722.34,2,E,5,N
41,506.53,722.64,1,S,5,N
88,467.43,722.94,1,W,5,N
91,488.36,723.24,1,W,5,N
92,515.52,723.54,1,W,5,N
94,542.68,723.84,1,W,5,N
95,546.57,724.14,1,W,5,N
97,556.06,724.44,1,W,5,N
206,651.21,730.07,3,E,5,N
55,720.78,734.91,1,S,1,E
46,631.26,737.07,1,S,3,W
253,672.96,765.74,5,W,5,N
254,675.51,766.04,5,W,5,N
255,682.15,766.34,5,W,5,N
256,713.91,766.64,5,W,5,N
257,715.99,766.94,5,W,5,N
258,722.70,767.24,5,W,5,N
259,755.55,767.54,5,W,5,N
260,759.37,767.84,5,W,5,N
284,718.72,779.74,5,E,5,N
285,731.79,780.04,5,E,5,N
50,644.36,799.00,1,S,3,E
184,692.67,799.50,3,W,5,W
185,692.79,799.80,3,W,5,W
45,570.78,800.10,1,S,5,W
98,584.46,800.40,1,W,5,W
100,597.64,800.70,1,W,5,W
102,611.72,801.00,1,W,5,W
104,631.71,801.30,1,W,5,W
105,643.56,801.60,1,W,5,W
106,662.41,801.90,1,W,5,W
111,749.59,802.30,1,W,2,W
144,693.26,811.09,1,E,5,W
140,601.31,821.64,1,E,5,N
171,685.87,821.94,2,E,5,N
48,638.26,822.24,1,S,5,N
99,596.48,822.54,1,W,5,N
101,600.11,822.84,1,W,5,N
103,613.81,823.14,1,W,5,N
141,632.44,823.44,1,E,5,N
142,634.83,823.74,1,E,5,N
143,656.86,824.04,1,E,5,N
145,697.06,824.34,1,E,5,N
146,700.38,824.64,1,E,5,N
207,743.90,829.87,3,E,5,N
208,768.01,830.17,3,E,5,N
112,750.17,838.67,1,W,3,E
261,777.69,865.64,5,W,5,N
262,782.31,865.94,5,W,5,N
263,848.08,866.24,5,W,5,N
264,851.47,866.54,5,W,5,N
265,855.39,866.84,5,W,5,N
266,860.03,867.14,5,W,5,N
286,865.83,879.64,5,E,5,N
287,867.63,879.94,5,E,5,N
51,647.82,899.40,1,S,5,W
53,654.41,899.70,1,S,5,W
159,709.34,900.00,2,W,5,W
109,746.04,900.30,1,W,5,W
110,748.90,900.60,1,W,5,W
115,825.17,902.10,1,W,2,E
117,860.82,902.70,1,W,2,W
151,875.74,903.60,1,E,2,W
288,898.19,904.33,5,E,5,N
108,714.16,916.60,1,W,5,E
49,642.13,921.54,1,S,5,N
172,768.98,921.84,2,E,5,N
160,776.21,922.14,2,W,5,N
107,707.82,922.44,1,W,5,N
147,707.47,923.04,1,E,5,N
148,785.86,923.34,1,E,5,N
186,805.09,929.67,3,W,5,N
113,784.11,937.57,1,W,3,E
209,876.47,938.24,3,E,5,N
267,878.87,965.54,5,W,5,N
268,881.34,965.84,5,W,5,N
173,838.61,999.30,2,E,5,W
174,883.68,999.60,2,E,5,W
114,822.34,999.90,1,W,5,W
116,858.10,1000.20,1,W,5,W
56,763.19,1021.44,1,S,5,N
57,839.06,1021.74,1,S,5,N
149,812.91,1022.04,1,E,5,N
150,819.27,1022.34,1,E,5,N
152,896.75,1022.64,1,E,5,N
120,881.40,1099.20,1,W,5,W
118,868.41,1121.34,1,W,5,N
119,878.47,1121.64,1,W,5,N
121,883.33,1121.94,1,W,5,N