id,enter_time,exit_time,entrance_intersection,entrance_direction,exit_intersection,exit_direction
0,3.40,43.65,1,S,2,W
215,2.67,66.44,5,W,5,N
216,33.74,66.74,5,W,5,N
217,36.18,67.04,5,W,5,N
218,62.16,68.29,5,W,5,N
219,64.44,70.57,5,W,5,N
220,68.28,74.41,5,W,5,N
285,85.85,91.98,5,E,5,N
8,19.94,100.70,1,S,1,W
14,45.02,101.00,1,S,1,W
286,97.06,103.20,5,E,5,N
27,89.47,103.61,1,S,1,W
145,33.49,104.00,1,E,2,W
25,83.62,117.10,1,S,1,E
194,3.81,131.27,3,E,5,N
195,20.45,131.57,3,E,5,N
221,80.79,166.34,5,W,5,N
222,85.11,166.64,5,W,5,N
223,89.53,166.94,5,W,5,N
224,95.12,167.24,5,W,5,N
225,98.44,167.54,5,W,5,N
226,127.55,167.84,5,W,5,N
227,128.01,168.14,5,W,5,N
228,129.23,168.44,5,W,5,N
287,121.72,180.34,5,E,5,N
288,136.29,180.64,5,E,5,N
289,145.10,180.94,5,E,5,N
290,179.15,185.29,5,E,5,N
291,182.37,188.51,5,E,5,N
196,43.26,200.10,3,E,5,W
197,57.95,200.40,3,E,5,W
164,19.96,200.70,2,W,5,W
2,7.39,201.00,1,S,5,W
32,158.55,201.10,1,S,1,W
11,36.96,201.30,1,S,5,W
42,187.61,201.75,1,S,1,W
22,77.07,202.60,1,S,3,E
24,83.56,203.20,1,S,3,E
36,172.69,215.70,1,S,1,E
173,51.65,216.10,2,E,5,E
165,79.66,222.54,2,W,5,N
1,4.49,222.84,1,S,5,N
3,8.90,223.14,1,S,5,N
4,8.92,223.44,1,S,5,N
5,10.40,223.74,1,S,5,N
6,12.40,224.04,1,S,5,N
7,14.23,224.34,1,S,5,N
9,21.15,224.64,1,S,5,N
10,22.84,224.94,1,S,5,N
86,44.71,225.24,1,W,5,N
87,63.91,225.54,1,W,5,N
146,34.30,225.84,1,E,5,N
198,142.03,231.07,3,E,5,N
199,159.12,231.37,3,E,5,N
200,178.02,239.79,3,E,5,N
41,186.55,243.32,1,S,2,W
186,195.48,257.25,3,W,5,N
229,182.11,266.24,5,W,5,N
230,198.73,266.54,5,W,5,N
231,202.92,266.84,5,W,5,N
232,260.19,267.14,5,W,5,N
233,261.22,267.36,5,W,5,N
234,266.40,272.54,5,W,5,N
235,268.57,274.71,5,W,5,N
184,135.25,300.00,3,W,5,W
185,149.65,300.30,3,W,5,W
33,161.50,300.60,1,S,3,W
201,197.15,300.60,3,E,5,W
13,42.47,300.90,1,S,5,W
16,49.90,301.20,1,S,5,W
46,275.27,301.50,1,S,1,W
37,175.50,301.50,1,S,3,E
17,58.58,301.50,1,S,5,W
20,67.60,301.80,1,S,5,W
21,73.43,302.10,1,S,5,W
28,89.71,302.40,1,S,5,W
43,193.00,302.70,1,S,3,E
91,133.50,302.70,1,W,5,W
93,147.08,303.00,1,W,5,W
49,279.90,314.90,1,S,1,E
175,178.60,318.10,2,E,5,E
89,97.56,318.70,1,W,5,E
92,140.23,319.30,1,W,5,E
12,40.45,322.14,1,S,5,N
15,47.29,322.44,1,S,5,N
18,60.45,322.74,1,S,5,N
19,60.62,323.04,1,S,5,N
23,79.85,323.34,1,S,5,N
26,86.44,323.64,1,S,5,N
174,144.72,323.94,2,E,5,N
88,70.01,324.54,1,W,5,N
90,131.32,325.14,1,W,5,N
147,120.36,325.74,1,E,5,N
102,226.64,339.07,1,W,3,W
104,247.05,339.67,1,W,3,W
236,275.21,366.14,5,W,5,N
237,292.04,366.44,5,W,5,N
238,296.42,366.74,5,W,5,N
239,324.59,367.04,5,W,5,N
240,336.71,367.34,5,W,5,N
241,338.75,367.64,5,W,5,N
242,351.28,367.94,5,W,5,N
243,355.13,368.24,5,W,5,N
244,355.58,368.54,5,W,5,N
245,363.25,369.39,5,W,5,N
246,366.82,372.95,5,W,5,N
292,325.31,380.14,5,E,5,N
293,332.10,380.44,5,E,5,N
294,332.66,380.74,5,E,5,N
295,340.22,381.04,5,E,5,N
296,384.18,390.32,5,E,5,N
29,152.94,399.90,1,S,5,W
31,153.84,400.20,1,S,5,W
35,171.61,400.50,1,S,5,W
40,185.56,400.80,1,S,5,W
106,329.80,401.00,1,W,2,W
166,265.02,401.10,2,W,5,W
98,209.98,401.40,1,W,5,W
99,213.73,401.70,1,W,5,W
51,360.11,401.90,1,S,1,W
103,243.25,402.00,1,W,5,W
52,362.43,402.20,1,S,1,W
150,280.47,402.30,1,E,5,W
94,166.45,418.00,1,W,5,E
100,216.10,419.20,1,W,5,E
101,219.68,419.50,1,W,5,E
30,153.42,422.04,1,S,5,N
34,170.32,422.34,1,S,5,N
38,179.27,422.64,1,S,5,N
39,182.87,422.94,1,S,5,N
44,199.56,423.24,1,S,5,N
45,202.63,423.54,1,S,5,N
176,263.53,423.84,2,E,5,N
95,171.07,424.44,1,W,5,N
96,174.16,424.74,1,W,5,N
97,204.64,425.04,1,W,5,N
148,233.24,425.94,1,E,5,N
149,244.17,426.24,1,E,5,N
202,307.39,430.67,3,E,5,N
187,333.47,430.67,3,W,5,N
203,333.57,430.97,3,E,5,N
247,427.87,466.04,5,W,5,N
248,432.06,466.34,5,W,5,N
249,453.89,466.64,5,W,5,N
250,455.54,466.94,5,W,5,N
251,458.51,467.24,5,W,5,N
252,459.82,467.54,5,W,5,N
253,464.49,470.62,5,W,5,N
254,468.16,474.30,5,W,5,N
151,377.82,499.80,1,E,5,W
56,374.12,500.50,1,S,3,W
109,396.14,501.40,1,W,2,W
59,479.04,515.10,1,S,1,E
47,275.84,521.94,1,S,5,N
48,279.20,522.24,1,S,5,N
177,343.69,522.54,2,E,5,N
105,291.12,522.84,1,W,5,N
204,441.84,530.47,3,E,5,N
205,444.51,530.77,3,E,5,N
206,472.00,533.77,3,E,5,N
107,371.14,536.87,1,W,3,W
255,473.49,565.94,5,W,5,N
256,475.59,566.24,5,W,5,N
257,495.08,566.54,5,W,5,N
258,497.87,566.84,5,W,5,N
259,500.13,567.14,5,W,5,N
260,500.71,567.44,5,W,5,N
261,501.55,567.74,5,W,5,N
262,501.81,568.04,5,W,5,N
263,522.65,568.34,5,W,5,N
264,523.00,568.64,5,W,5,N
265,536.99,568.94,5,W,5,N
266,562.63,569.24,5,W,5,N
297,516.62,579.94,5,E,5,N
188,462.79,599.70,3,W,5,W
50,357.79,600.00,1,S,5,W
55,371.28,600.30,1,S,5,W
167,430.13,600.60,2,W,5,W
178,411.27,600.90,2,E,5,W
111,428.66,601.20,1,W,5,W
114,450.69,601.50,1,W,5,W
115,452.94,601.80,1,W,5,W
116,455.80,602.10,1,W,5,W
117,457.80,602.40,1,W,5,W
124,538.04,602.70,1,W,2,E
53,365.18,615.70,1,S,5,E
54,368.62,622.14,1,S,5,N
57,377.34,622.44,1,S,5,N
58,383.62,622.74,1,S,5,N
108,389.45,623.04,1,W,5,N
110,414.46,623.34,1,W,5,N
112,431.38,623.64,1,W,5,N
113,438.84,623.94,1,W,5,N
118,461.39,624.24,1,W,5,N
152,417.58,624.54,1,E,5,N
207,506.66,630.27,3,E,5,N
209,528.15,630.87,3,E,5,N
120,506.94,637.57,1,W,3,W
122,531.83,638.17,1,W,3,W
154,542.11,639.67,1,E,3,E
189,588.38,650.15,3,W,5,N
267,584.46,665.84,5,W,5,N
268,658.21,666.14,5,W,5,N
269,661.54,667.68,5,W,5,N
298,623.28,679.84,5,E,5,N
208,509.98,699.60,3,E,5,W
179,509.92,699.90,2,E,5,W
121,524.75,700.20,1,W,5,W
123,537.34,700.50,1,W,5,W
153,512.37,700.80,1,E,5,W
126,579.17,702.80,1,W,2,W
156,566.05,717.40,1,E,5,E
168,502.78,721.74,2,W,5,N
180,593.29,722.04,2,E,5,N
60,531.61,722.34,1,S,5,N
119,488.24,722.64,1,W,5,N
125,541.15,722.94,1,W,5,N
155,563.76,723.24,1,E,5,N
211,621.68,730.37,3,E,5,N
270,695.35,765.74,5,W,5,N
271,699.22,766.04,5,W,5,N
272,699.62,766.34,5,W,5,N
273,705.06,766.64,5,W,5,N
274,708.74,766.94,5,W,5,N
275,741.22,767.24,5,W,5,N
299,723.78,779.74,5,E,5,N
210,618.97,799.50,3,E,5,W
169,659.68,799.80,2,W,5,W
61,608.33,800.10,1,S,5,W
62,610.05,800.40,1,S,5,W
66,622.34,800.70,1,S,5,W
129,626.65,801.00,1,W,5,W
133,689.32,801.70,1,W,2,W
70,740.80,803.50,1,S,1,W
72,752.80,803.80,1,S,1,W
73,755.86,804.10,1,S,1,W
77,766.00,804.40,1,S,1,W
171,756.53,813.57,2,W,3,E
181,684.83,815.50,2,E,5,E
63,615.10,821.94,1,S,5,N
64,616.49,822.24,1,S,5,N
65,620.44,822.54,1,S,5,N
127,580.38,822.84,1,W,5,N
128,584.01,823.14,1,W,5,N
130,646.54,823.44,1,W,5,N
131,646.65,823.74,1,W,5,N
157,671.78,824.04,1,E,5,N
212,711.99,829.87,3,E,5,N
191,773.96,835.73,3,W,5,N
135,720.92,838.37,1,W,3,W
75,761.94,843.02,1,S,2,W
276,778.22,865.64,5,W,5,N
277,799.44,865.94,5,W,5,N
278,801.50,866.24,5,W,5,N
279,801.96,866.54,5,W,5,N
280,835.20,866.84,5,W,5,N
281,839.01,867.14,5,W,5,N
282,859.64,867.44,5,W,5,N
283,862.41,868.55,5,W,5,N
284,865.39,871.53,5,W,5,N
300,871.80,879.64,5,E,5,N
190,732.94,899.40,3,W,5,W
170,710.21,899.70,2,W,5,W
182,777.78,900.00,2,E,5,W
69,738.29,900.30,1,S,5,W
132,686.58,900.60,1,W,5,W
136,764.92,900.90,1,W,5,W
159,757.95,901.20,1,E,5,W
82,830.65,903.90,1,S,1,W
158,708.08,916.30,1,E,5,E
85,840.25,916.70,1,S,1,E
67,671.89,921.54,1,S,5,N
68,676.31,921.84,1,S,5,N
134,702.35,922.14,1,W,5,N
213,805.48,929.67,3,E,5,N
214,807.77,929.97,3,E,5,N
137,798.30,939.07,1,W,3,E
192,888.55,950.32,3,W,5,N
193,895.92,957.69,3,W,5,N
76,763.11,999.30,1,S,5,W
183,857.79,999.60,2,E,5,W
78,823.14,999.90,1,S,5,W
83,837.75,1000.20,1,S,5,W
138,799.50,1000.50,1,W,5,W
143,862.61,1000.80,1,W,5,W
160,829.03,1001.10,1,E,5,W
163,889.32,1007.14,1,E,5,W
81,829.49,1016.80,1,S,5,E
140,802.51,1017.70,1,W,5,E
71,741.06,1021.44,1,S,5,N
74,755.91,1021.74,1,S,5,N
172,805.66,1022.04,2,W,5,N
79,824.29,1022.34,1,S,5,N
80,825.63,1022.64,1,S,5,N
84,839.35,1023.24,1,S,5,N
139,800.09,1023.54,1,W,5,N
141,822.29,1024.14,1,W,5,N
142,862.02,1024.44,1,W,5,N
161,832.23,1024.74,1,E,5,N
162,837.67,1025.04,1,E,5,N
144,888.99,1099.20,1,W,5,W