id,enter_time,exit_time,entrance_intersection,entrance_direction,exit_intersection,exit_direction
284,1.57,66.44,5,W,5,N
285,20.32,66.74,5,W,5,N
286,41.08,67.04,5,W,5,N
287,61.17,67.31,5,W,5,N
351,88.84,94.98,5,E,5,N
7,21.32,100.70,1,S,1,W
231,84.76,120.83,2,W,3,W
255,43.58,131.27,3,W,5,N
2,5.36,136.77,1,S,3,W
267,81.03,142.80,3,E,5,N
288,131.55,166.34,5,W,5,N
289,133.92,166.64,5,W,5,N
290,148.54,166.94,5,W,5,N
352,100.48,180.34,5,E,5,N
353,103.41,180.64,5,E,5,N
354,107.05,180.94,5,E,5,N
355,107.74,181.24,5,E,5,N
356,124.14,181.54,5,E,5,N
0,1.67,200.10,1,S,5,W
229,17.21,200.40,2,W,5,W
5,13.85,200.70,1,S,5,W
8,28.98,201.00,1,S,5,W
13,107.04,201.10,1,S,1,W
9,30.80,201.30,1,S,5,W
18,180.08,201.40,1,S,1,W
196,36.86,201.60,1,E,5,W
20,180.84,201.70,1,S,1,W
198,168.98,203.50,1,E,2,W
200,185.65,211.76,1,E,2,W
4,10.29,217.30,1,S,5,E
131,56.15,218.80,1,W,5,E
230,36.40,222.24,2,W,5,N
244,96.08,222.54,2,E,5,N
1,4.49,222.84,1,S,5,N
3,7.37,223.14,1,S,5,N
6,17.02,223.74,1,S,5,N
10,34.22,224.04,1,S,5,N
129,1.89,224.34,1,W,5,N
130,7.83,224.64,1,W,5,N
194,20.40,225.24,1,E,5,N
195,30.92,225.54,1,E,5,N
197,94.29,225.84,1,E,5,N
291,178.58,266.24,5,W,5,N
292,193.13,266.54,5,W,5,N
293,199.10,266.84,5,W,5,N
294,227.67,267.14,5,W,5,N
295,228.99,267.44,5,W,5,N
296,232.10,267.74,5,W,5,N
297,234.22,268.04,5,W,5,N
298,237.63,268.34,5,W,5,N
299,240.97,268.64,5,W,5,N
300,242.17,268.94,5,W,5,N
301,242.55,269.24,5,W,5,N
302,245.89,269.54,5,W,5,N
303,249.67,269.84,5,W,5,N
304,252.43,270.14,5,W,5,N
305,255.68,270.44,5,W,5,N
306,258.19,270.74,5,W,5,N
307,264.01,271.04,5,W,5,N
357,267.56,280.24,5,E,5,N
358,279.45,285.59,5,E,5,N
256,159.65,300.00,3,W,5,W
268,187.43,300.30,3,E,5,W
232,112.00,300.60,2,W,5,W
14,109.21,300.90,1,S,5,W
17,113.63,301.20,1,S,5,W
26,202.18,301.50,1,S,1,W
133,93.40,301.50,1,W,5,W
29,208.96,301.80,1,S,1,W
135,128.64,301.80,1,W,5,W
30,211.09,302.10,1,S,1,W
137,150.73,302.10,1,W,5,W
35,293.13,307.27,1,S,1,W
36,295.62,309.76,1,S,1,W
132,89.77,317.80,1,W,5,E
11,101.12,322.14,1,S,5,N
12,103.50,322.44,1,S,5,N
245,159.18,322.74,2,E,5,N
233,156.78,323.04,2,W,5,N
15,110.27,323.34,1,S,5,N
16,110.49,323.64,1,S,5,N
134,121.96,324.24,1,W,5,N
136,130.86,324.54,1,W,5,N
199,180.95,324.84,1,E,5,N
269,223.15,330.87,3,E,5,N
258,215.75,331.17,3,W,5,N
27,205.27,336.67,1,S,3,W
140,218.74,338.47,1,W,3,W
49,329.48,343.61,1,S,1,E
308,295.37,366.14,5,W,5,N
309,296.11,366.44,5,W,5,N
310,298.15,366.74,5,W,5,N
311,331.31,367.04,5,W,5,N
312,333.71,367.34,5,W,5,N
313,355.61,367.64,5,W,5,N
314,358.42,367.94,5,W,5,N
315,361.55,368.24,5,W,5,N
316,363.59,369.72,5,W,5,N
359,320.90,380.14,5,E,5,N
360,324.65,380.44,5,E,5,N
361,366.41,380.74,5,E,5,N
362,369.02,381.04,5,E,5,N
363,376.05,382.19,5,E,5,N
364,379.70,385.83,5,E,5,N
257,200.30,399.90,3,W,5,W
37,295.95,400.10,1,S,3,W
143,239.73,400.20,1,W,5,W
144,261.07,400.50,1,W,5,W
201,211.24,400.80,1,E,5,W
39,304.93,401.90,1,S,1,W
47,325.77,401.90,1,S,2,W
40,308.04,402.20,1,S,1,W
41,308.64,402.50,1,S,1,W
44,320.37,402.80,1,S,1,W
50,331.75,403.10,1,S,1,W
57,353.51,403.40,1,S,1,W
150,363.96,404.60,1,W,2,W
58,354.23,415.90,1,S,1,E
24,188.88,417.10,1,S,5,E
19,180.42,422.04,1,S,5,N
21,181.20,422.34,1,S,5,N
22,185.70,422.64,1,S,5,N
23,188.21,422.94,1,S,5,N
25,190.63,423.54,1,S,5,N
246,249.06,423.84,2,E,5,N
28,205.48,424.14,1,S,5,N
31,212.96,424.44,1,S,5,N
32,216.62,424.74,1,S,5,N
138,183.09,425.04,1,W,5,N
139,185.36,425.34,1,W,5,N
141,234.79,425.64,1,W,5,N
142,236.60,425.94,1,W,5,N
202,253.54,426.24,1,E,5,N
203,255.69,426.54,1,E,5,N
204,275.42,426.84,1,E,5,N
270,300.00,430.67,3,E,5,N
273,339.35,431.57,3,E,5,N
45,321.45,437.37,1,S,3,W
46,325.25,437.67,1,S,3,W
208,357.55,441.87,1,E,3,E
210,366.03,442.47,1,E,3,W
317,379.45,466.04,5,W,5,N
318,448.77,466.34,5,W,5,N
319,463.88,470.01,5,W,5,N
54,339.46,499.60,1,S,3,E
205,296.01,499.80,1,E,5,W
259,355.08,500.10,3,W,5,W
271,333.05,500.40,3,E,5,W
272,336.25,500.70,3,E,5,W
33,290.79,501.00,1,S,5,W
234,318.59,501.30,2,W,5,W
248,384.06,501.60,2,E,5,W
52,336.17,501.90,1,S,5,W
145,302.71,502.20,1,W,5,W
61,430.76,502.30,1,S,1,W
148,316.36,502.50,1,W,5,W
62,431.87,502.60,1,S,1,W
63,434.68,502.90,1,S,1,W
68,450.49,516.00,1,S,1,E
151,365.24,518.80,1,W,5,E
34,292.72,521.94,1,S,5,N
38,303.66,522.24,1,S,5,N
247,313.94,522.54,2,E,5,N
42,313.57,522.84,1,S,5,N
43,314.90,523.14,1,S,5,N
48,327.96,523.44,1,S,5,N
51,335.00,523.74,1,S,5,N
146,309.63,524.04,1,W,5,N
147,312.48,524.34,1,W,5,N
149,361.32,524.64,1,W,5,N
206,302.87,525.24,1,E,5,N
207,357.23,525.54,1,E,5,N
209,362.88,525.84,1,E,5,N
211,400.99,526.14,1,E,5,N
274,452.72,530.47,3,E,5,N
65,444.55,541.22,1,S,2,W
320,482.45,565.94,5,W,5,N
321,486.24,566.24,5,W,5,N
322,488.95,566.54,5,W,5,N
323,522.26,566.84,5,W,5,N
324,527.66,567.14,5,W,5,N
325,530.85,567.44,5,W,5,N
365,510.00,579.94,5,E,5,N
366,512.80,580.24,5,E,5,N
367,539.22,580.54,5,E,5,N
260,465.35,599.70,3,W,5,W
55,350.33,600.00,1,S,5,W
249,474.27,600.30,2,E,5,W
64,435.98,600.60,1,S,5,W
212,426.51,600.90,1,E,5,W
69,527.23,600.90,1,S,2,W
70,528.68,602.70,1,S,1,W
76,541.12,603.00,1,S,1,W
86,575.54,603.30,1,S,1,W
88,579.76,603.60,1,S,1,W
91,584.57,603.90,1,S,1,W
92,586.35,604.20,1,S,1,W
85,559.84,618.20,1,S,1,E
94,595.07,619.70,1,S,1,E
53,338.61,621.84,1,S,5,N
56,350.83,622.14,1,S,5,N
235,480.57,622.44,2,W,5,N
59,422.12,622.74,1,S,5,N
60,425.79,623.04,1,S,5,N
152,407.78,623.34,1,W,5,N
153,409.86,623.64,1,W,5,N
154,413.34,623.94,1,W,5,N
155,424.56,624.24,1,W,5,N
156,427.44,624.54,1,W,5,N
157,464.24,624.84,1,W,5,N
158,464.66,625.14,1,W,5,N
213,446.69,625.44,1,E,5,N
214,500.08,625.74,1,E,5,N
276,518.04,630.57,3,E,5,N
261,573.96,635.73,3,W,5,N
72,535.47,637.57,1,S,3,E
159,466.92,638.47,1,W,3,W
160,469.61,638.77,1,W,3,W
262,578.60,640.37,3,W,5,N
277,590.72,652.49,3,E,5,N
326,602.70,665.84,5,W,5,N
327,606.94,666.14,5,W,5,N
328,608.96,666.44,5,W,5,N
329,611.98,666.74,5,W,5,N
330,614.52,667.04,5,W,5,N
331,619.56,667.34,5,W,5,N
332,622.73,667.64,5,W,5,N
333,634.79,667.94,5,W,5,N
334,637.29,668.24,5,W,5,N
335,641.12,668.54,5,W,5,N
336,644.89,668.84,5,W,5,N
337,660.86,669.14,5,W,5,N
338,663.21,669.35,5,W,5,N
339,668.49,674.63,5,W,5,N
368,642.68,679.84,5,E,5,N
275,515.33,699.60,3,E,5,W
263,587.76,699.90,3,W,5,W
162,507.96,700.20,1,W,5,W
169,539.77,700.50,1,W,5,W
172,557.69,700.80,1,W,5,W
215,528.41,701.10,1,E,5,W
174,629.92,704.30,1,W,2,W
236,504.12,716.50,2,W,5,E
66,444.89,721.74,1,S,5,N
67,448.79,722.04,1,S,5,N
250,555.64,722.34,2,E,5,N
71,531.48,722.94,1,S,5,N
73,538.39,723.24,1,S,5,N
74,538.44,723.54,1,S,5,N
161,502.43,723.84,1,W,5,N
163,510.37,724.14,1,W,5,N
164,527.99,724.44,1,W,5,N
165,529.34,724.74,1,W,5,N
166,531.88,725.04,1,W,5,N
167,534.54,725.34,1,W,5,N
168,537.51,725.64,1,W,5,N
170,547.67,725.94,1,W,5,N
171,553.88,726.24,1,W,5,N
216,534.02,726.54,1,E,5,N
217,536.25,726.84,1,E,5,N
278,660.63,730.07,3,E,5,N
279,663.35,730.37,3,E,5,N
280,666.71,730.67,3,E,5,N
98,599.42,738.27,1,S,3,W
173,596.66,740.07,1,W,3,E
177,656.25,741.27,1,W,3,W
178,657.37,741.57,1,W,3,W
105,688.83,742.32,1,S,2,W
221,638.48,743.07,1,E,3,E
340,673.03,765.74,5,W,5,N
341,745.74,766.04,5,W,5,N
342,764.96,771.10,5,W,5,N
343,770.57,776.71,5,W,5,N
369,701.77,779.74,5,E,5,N
370,712.35,780.04,5,E,5,N
79,547.52,799.50,1,S,5,W
80,550.16,799.80,1,S,5,W
82,552.80,800.10,1,S,5,W
89,582.58,800.40,1,S,5,W
90,583.88,800.70,1,S,5,W
251,647.80,801.00,2,E,5,W
100,601.63,801.30,1,S,5,W
103,607.20,801.60,1,S,5,W
175,634.60,801.90,1,W,5,W
219,627.74,802.20,1,E,5,W
222,671.39,802.50,1,E,5,W
109,709.48,803.50,1,S,1,W
225,730.76,803.80,1,E,2,W
110,710.57,803.80,1,S,1,W
112,715.98,804.10,1,S,1,W
116,792.88,807.02,1,S,1,W
227,786.34,812.45,1,E,2,W
238,714.67,813.27,2,W,3,E
101,601.97,819.40,1,S,5,E
75,540.08,821.64,1,S,5,N
77,543.42,821.94,1,S,5,N
78,547.42,822.24,1,S,5,N
81,551.11,822.54,1,S,5,N
83,553.00,822.84,1,S,5,N
84,556.56,823.14,1,S,5,N
87,576.10,823.44,1,S,5,N
237,664.30,823.74,2,W,5,N
93,589.28,824.04,1,S,5,N
95,595.50,824.34,1,S,5,N
96,597.10,824.64,1,S,5,N
97,598.44,824.94,1,S,5,N
99,599.49,825.24,1,S,5,N
102,604.02,825.84,1,S,5,N
176,654.09,826.14,1,W,5,N
179,663.06,826.44,1,W,5,N
218,607.34,826.74,1,E,5,N
220,633.38,827.04,1,E,5,N
223,682.62,827.34,1,E,5,N
224,700.24,827.64,1,E,5,N
264,703.62,829.87,3,W,5,N
282,733.87,830.17,3,E,5,N
182,734.91,838.37,1,W,3,W
344,775.72,865.64,5,W,5,N
345,797.13,865.94,5,W,5,N
346,800.94,866.24,5,W,5,N
347,804.19,866.54,5,W,5,N
371,813.07,879.64,5,E,5,N
372,823.69,879.94,5,E,5,N
373,826.98,880.24,5,E,5,N
374,838.64,880.54,5,E,5,N
281,731.14,899.40,3,E,5,W
104,677.86,899.70,1,S,5,W
106,692.73,900.00,1,S,5,W
107,701.58,900.30,1,S,5,W
108,705.50,900.60,1,S,5,W
181,701.30,900.90,1,W,5,W
183,736.33,901.20,1,W,5,W
186,762.56,901.50,1,W,5,W
190,851.40,902.10,1,W,2,W
118,861.50,903.90,1,S,1,W
121,867.45,904.20,1,S,1,W
123,879.16,917.90,1,S,1,E
125,883.80,918.50,1,S,1,E
252,745.49,921.54,2,E,5,N
239,762.31,921.84,2,W,5,N
240,791.72,922.14,2,W,5,N
111,712.85,922.44,1,S,5,N
180,670.50,922.74,1,W,5,N
184,748.57,923.04,1,W,5,N
185,751.48,923.34,1,W,5,N
226,735.83,923.64,1,E,5,N
265,805.60,929.67,3,W,5,N
266,831.35,929.97,3,W,5,N
188,804.34,937.57,1,W,3,W
189,824.07,937.87,1,W,3,E
119,864.59,943.12,1,S,2,W
127,888.68,945.22,1,S,2,W
348,877.25,965.54,5,W,5,N
349,878.23,965.84,5,W,5,N
350,881.31,966.14,5,W,5,N
283,820.14,999.30,3,E,5,W
113,780.90,999.60,1,S,5,W
114,786.83,999.90,1,S,5,W
253,836.01,1000.20,2,E,5,W
242,832.36,1000.50,2,W,5,W
243,856.09,1000.80,2,W,5,W
191,853.69,1001.10,1,W,5,W
187,801.99,1016.20,1,W,5,E
115,788.15,1021.44,1,S,5,N
241,810.24,1021.74,2,W,5,N
254,873.21,1022.04,2,E,5,N
192,855.76,1022.64,1,W,5,N
228,824.65,1022.94,1,E,5,N
117,860.12,1099.20,1,S,5,W
126,886.03,1099.50,1,S,5,W
193,883.54,1099.80,1,W,5,W
124,880.84,1115.80,1,S,5,E
120,867.42,1121.34,1,S,5,N
122,869.96,1121.64,1,S,5,N
128,890.95,1122.24,1,S,5,N