id,enter_time,exit_time,entrance_intersection,entrance_direction,exit_intersection,exit_direction
224,5.61,66.44,5,W,5,N
225,7.82,66.74,5,W,5,N
226,12.26,67.04,5,W,5,N
227,16.10,67.34,5,W,5,N
228,19.93,67.64,5,W,5,N
229,24.09,67.94,5,W,5,N
291,13.68,80.44,5,E,5,N
292,29.01,80.74,5,E,5,N
293,32.10,81.04,5,E,5,N
74,31.62,138.57,1,W,3,E
230,86.02,166.34,5,W,5,N
231,87.34,166.64,5,W,5,N
232,100.44,166.94,5,W,5,N
233,100.77,167.24,5,W,5,N
234,102.08,167.54,5,W,5,N
235,103.65,167.84,5,W,5,N
236,105.78,168.14,5,W,5,N
237,107.08,168.44,5,W,5,N
238,110.97,168.74,5,W,5,N
294,166.95,180.34,5,E,5,N
204,11.19,200.10,3,E,5,W
205,93.07,200.40,3,E,5,W
1,13.20,200.70,1,S,5,W
10,105.42,200.80,1,S,2,W
5,24.39,201.00,1,S,5,W
12,108.38,201.10,1,S,1,W
6,27.10,201.30,1,S,5,W
13,110.52,201.40,1,S,2,W
7,27.75,201.60,1,S,5,W
135,21.30,201.90,1,E,5,W
80,144.20,202.90,1,W,2,W
16,175.88,214.50,1,S,1,E
4,22.98,217.60,1,S,5,E
0,3.10,222.24,1,S,5,N
163,9.10,222.54,2,W,5,N
176,89.78,222.84,2,E,5,N
2,13.97,223.14,1,S,5,N
3,16.33,223.44,1,S,5,N
75,64.53,224.04,1,W,5,N
206,119.19,224.93,3,E,5,E
192,156.03,225.23,3,W,5,E
193,163.57,225.53,3,W,5,E
191,124.52,231.07,3,W,5,N
78,107.89,238.37,1,W,3,W
239,186.22,266.24,5,W,5,N
240,189.12,266.54,5,W,5,N
241,192.43,266.84,5,W,5,N
242,194.45,267.14,5,W,5,N
243,197.45,267.44,5,W,5,N
244,199.92,267.74,5,W,5,N
245,214.62,268.04,5,W,5,N
246,216.19,268.34,5,W,5,N
247,222.14,268.64,5,W,5,N
248,224.43,268.94,5,W,5,N
249,227.95,269.24,5,W,5,N
250,233.52,269.54,5,W,5,N
251,233.58,269.84,5,W,5,N
252,249.59,270.14,5,W,5,N
295,258.66,280.24,5,E,5,N
77,104.05,300.00,1,W,5,W
137,167.34,300.30,1,E,5,W
27,258.02,301.50,1,S,1,W
28,260.78,301.80,1,S,1,W
30,261.85,302.10,1,S,1,W
138,187.60,305.43,1,E,5,W
29,261.59,316.70,1,S,1,E
8,103.34,322.14,1,S,5,N
177,184.08,322.44,2,E,5,N
164,184.72,322.74,2,W,5,N
9,104.58,323.04,1,S,5,N
11,105.45,323.34,1,S,5,N
76,74.90,323.64,1,W,5,N
79,110.38,323.94,1,W,5,N
136,143.27,324.24,1,E,5,N
84,257.35,338.17,1,W,3,E
26,256.11,342.52,1,S,2,W
253,324.76,366.14,5,W,5,N
296,360.87,380.14,5,E,5,N
207,225.21,399.90,3,E,5,W
179,274.20,400.20,2,E,5,W
18,236.92,400.50,1,S,5,W
81,173.83,400.80,1,W,5,W
82,215.98,401.10,1,W,5,W
139,227.14,401.40,1,E,5,W
180,317.77,412.87,2,E,3,W
165,208.94,416.80,2,W,5,E
140,235.94,417.70,1,E,5,E
14,173.67,422.04,1,S,5,N
15,175.32,422.34,1,S,5,N
178,235.34,422.64,2,E,5,N
17,233.65,423.24,1,S,5,N
83,254.57,423.54,1,W,5,N
141,249.85,424.14,1,E,5,N
208,317.00,430.67,3,E,5,N
195,324.92,430.97,3,W,5,N
210,351.28,431.27,3,E,5,N
211,368.74,431.57,3,E,5,N
212,372.15,433.92,3,E,5,N
196,379.65,435.29,3,W,5,E
87,330.88,439.47,1,W,3,W
254,412.21,466.04,5,W,5,N
194,311.03,499.80,3,W,5,W
209,334.91,500.10,3,E,5,W
19,238.30,500.40,1,S,5,W
23,248.34,500.70,1,S,5,W
167,370.26,501.00,2,W,5,W
168,398.75,501.30,2,W,5,W
34,331.12,501.60,1,S,5,W
85,279.78,501.90,1,W,5,W
37,337.62,519.40,1,S,5,E
86,282.10,519.70,1,W,5,E
20,242.00,521.94,1,S,5,N
21,245.07,522.24,1,S,5,N
22,246.74,522.54,1,S,5,N
24,252.30,522.84,1,S,5,N
25,255.93,523.14,1,S,5,N
166,364.35,523.44,2,W,5,N
181,400.24,523.74,2,E,5,N
31,326.98,524.04,1,S,5,N
32,327.85,524.34,1,S,5,N
33,330.43,524.64,1,S,5,N
35,333.63,524.94,1,S,5,N
36,334.19,525.24,1,S,5,N
88,337.02,526.14,1,W,5,N
89,358.71,526.44,1,W,5,N
90,364.78,526.74,1,W,5,N
142,302.61,527.04,1,E,5,N
143,356.99,527.34,1,E,5,N
144,372.83,527.64,1,E,5,N
145,382.81,527.94,1,E,5,N
146,386.68,528.24,1,E,5,N
99,449.38,539.27,1,W,3,W
45,462.97,542.72,1,S,2,W
255,475.88,565.94,5,W,5,N
256,480.56,566.24,5,W,5,N
257,483.25,566.54,5,W,5,N
258,488.29,566.84,5,W,5,N
259,509.11,567.14,5,W,5,N
260,516.60,567.44,5,W,5,N
261,518.83,567.74,5,W,5,N
262,568.80,574.94,5,W,5,N
297,503.60,579.94,5,E,5,N
298,523.35,580.24,5,E,5,N
41,453.61,599.40,1,S,3,E
213,462.89,599.70,3,E,5,W
170,488.27,600.00,2,W,5,W
182,489.02,600.30,2,E,5,W
92,383.88,600.60,1,W,5,W
94,393.68,600.90,1,W,5,W
97,441.62,601.20,1,W,5,W
100,453.24,601.50,1,W,5,W
147,441.34,601.80,1,E,5,W
38,347.07,615.70,1,S,5,E
39,350.76,622.14,1,S,5,N
169,467.50,622.44,2,W,5,N
91,379.94,622.74,1,W,5,N
93,386.16,623.04,1,W,5,N
95,438.38,623.34,1,W,5,N
96,441.08,623.64,1,W,5,N
98,445.46,623.94,1,W,5,N
101,455.34,624.24,1,W,5,N
148,475.93,624.54,1,E,5,N
197,506.63,630.27,3,W,5,N
214,545.19,630.27,3,E,5,N
215,548.40,630.57,3,E,5,N
200,550.43,631.17,3,W,5,N
263,608.19,665.84,5,W,5,N
264,620.19,666.14,5,W,5,N
299,621.01,679.84,5,E,5,N
198,514.64,699.60,3,W,5,W
199,541.63,699.90,3,W,5,W
201,598.03,700.20,3,W,5,W
43,457.98,700.50,1,S,5,W
46,463.25,700.80,1,S,5,W
183,528.69,701.10,2,E,5,W
50,620.23,701.30,1,S,2,W
185,585.39,701.40,2,E,5,W
150,524.61,701.70,1,E,5,W
48,616.21,703.10,1,S,1,W
54,692.61,706.75,1,S,1,W
51,683.69,715.90,1,S,1,E
104,535.89,717.40,1,W,5,E
40,446.83,721.74,1,S,5,N
42,456.48,722.04,1,S,5,N
44,461.15,722.34,1,S,5,N
184,564.29,722.64,2,E,5,N
102,500.02,722.94,1,W,5,N
103,505.04,723.24,1,W,5,N
105,539.66,723.84,1,W,5,N
149,514.82,724.14,1,E,5,N
151,546.39,724.44,1,E,5,N
152,549.43,724.74,1,E,5,N
202,627.25,730.07,3,W,5,N
216,625.67,730.07,3,E,5,N
109,598.41,738.57,1,W,3,W
115,653.34,740.37,1,W,3,E
53,690.01,742.62,1,S,2,W
265,697.61,765.74,5,W,5,N
266,700.21,766.04,5,W,5,N
267,700.62,766.34,5,W,5,N
268,703.44,766.64,5,W,5,N
269,736.18,766.94,5,W,5,N
270,751.72,767.24,5,W,5,N
271,753.70,767.54,5,W,5,N
272,757.54,767.84,5,W,5,N
273,770.40,776.54,5,W,5,N
274,771.82,777.96,5,W,5,N
300,719.78,779.74,5,E,5,N
56,699.55,799.30,1,S,3,E
217,691.47,799.50,3,E,5,W
218,694.67,799.80,3,E,5,W
47,557.91,800.10,1,S,5,W
171,647.07,800.40,2,W,5,W
172,675.73,800.70,2,W,5,W
108,595.16,801.00,1,W,5,W
110,606.09,801.30,1,W,5,W
154,636.81,801.60,1,E,5,W
61,713.52,803.50,1,S,1,W
156,689.50,807.33,1,E,5,W
187,686.62,816.10,2,E,5,E
63,802.22,816.35,1,S,1,E
219,698.16,821.64,3,E,5,N
186,638.53,821.94,2,E,5,N
49,619.56,822.54,1,S,5,N
106,589.16,822.84,1,W,5,N
107,592.44,823.14,1,W,5,N
111,624.66,823.44,1,W,5,N
112,627.64,823.74,1,W,5,N
113,634.66,824.04,1,W,5,N
114,637.62,824.34,1,W,5,N
116,655.74,824.64,1,W,5,N
153,622.06,824.94,1,E,5,N
155,650.20,825.24,1,E,5,N
157,699.60,825.54,1,E,5,N
220,700.33,829.87,3,E,5,N
222,716.76,830.47,3,E,5,N
59,707.04,837.17,1,S,3,W
119,715.11,838.37,1,W,3,E
275,775.81,865.64,5,W,5,N
276,779.74,865.94,5,W,5,N
277,785.04,866.24,5,W,5,N
278,788.01,866.54,5,W,5,N
279,808.04,866.84,5,W,5,N
280,810.23,867.14,5,W,5,N
281,822.50,867.44,5,W,5,N
282,826.07,867.74,5,W,5,N
283,828.92,868.04,5,W,5,N
284,850.66,868.34,5,W,5,N
285,852.50,868.64,5,W,5,N
286,855.98,868.94,5,W,5,N
301,824.89,879.64,5,E,5,N
302,868.48,879.94,5,E,5,N
303,870.03,880.24,5,E,5,N
221,712.97,899.40,3,E,5,W
203,777.13,899.70,3,W,5,W
55,696.57,900.00,1,S,5,W
57,701.32,900.30,1,S,5,W
188,775.14,900.60,2,E,5,W
120,746.71,900.90,1,W,5,W
66,826.46,903.90,1,S,1,W
71,850.16,904.20,1,S,1,W
72,852.02,904.50,1,S,1,W
160,811.25,904.80,1,E,2,E
52,686.38,921.54,1,S,5,N
58,702.23,921.84,1,S,5,N
173,740.69,922.14,2,W,5,N
60,710.99,922.44,1,S,5,N
117,692.82,922.74,1,W,5,N
118,695.00,923.04,1,W,5,N
121,750.20,923.34,1,W,5,N
223,828.18,923.53,3,E,5,E
158,720.54,923.64,1,E,5,N
159,793.32,923.94,1,E,5,N
126,854.05,939.67,1,W,3,E
69,841.92,942.82,1,S,2,W
287,877.52,965.54,5,W,5,N
288,880.49,965.84,5,W,5,N
289,882.17,966.14,5,W,5,N
290,884.95,966.44,5,W,5,N
189,819.33,999.30,2,E,5,W
175,892.31,999.60,2,W,5,W
124,804.49,999.90,1,W,5,W
125,835.50,1000.20,1,W,5,W
128,859.08,1000.50,1,W,5,W
161,829.03,1018.60,1,E,5,E
62,798.36,1021.44,1,S,5,N
174,814.87,1021.74,2,W,5,N
190,884.60,1022.04,2,E,5,N
64,809.72,1022.34,1,S,5,N
65,825.02,1022.64,1,S,5,N
67,827.47,1022.94,1,S,5,N
68,829.95,1023.24,1,S,5,N
122,783.56,1023.54,1,W,5,N
123,801.28,1023.84,1,W,5,N
127,856.88,1024.14,1,W,5,N
129,861.79,1024.44,1,W,5,N
162,832.99,1025.04,1,E,5,N
133,888.57,1038.27,1,W,3,W
70,843.20,1099.20,1,S,5,W
131,881.72,1115.80,1,W,5,E
73,855.40,1121.34,1,S,5,N
130,878.43,1121.64,1,W,5,N
132,885.06,1122.24,1,W,5,N
134,889.98,1122.54,1,W,5,N