id,enter_time,exit_time,entrance_intersection,entrance_direction,exit_intersection,exit_direction
227,4.07,66.44,5,W,5,N
228,7.83,66.74,5,W,5,N
229,11.76,67.04,5,W,5,N
230,47.34,67.34,5,W,5,N
231,50.77,67.64,5,W,5,N
0,93.54,107.68,1,S,1,W
203,11.12,131.27,3,E,5,N
190,2.87,131.27,3,W,5,N
139,61.99,137.67,1,E,3,W
232,87.54,166.34,5,W,5,N
233,102.35,166.64,5,W,5,N
234,129.76,166.94,5,W,5,N
235,144.33,167.24,5,W,5,N
236,146.53,167.54,5,W,5,N
237,150.53,167.84,5,W,5,N
238,154.18,168.14,5,W,5,N
239,156.95,168.44,5,W,5,N
287,101.60,180.34,5,E,5,N
164,62.13,200.10,2,W,5,W
87,4.12,200.40,1,W,5,W
2,96.87,201.10,1,S,1,W
12,196.43,210.57,1,S,1,W
6,171.87,214.80,1,S,1,E
144,190.57,216.69,1,E,2,W
178,89.31,222.24,2,E,5,N
88,11.56,222.54,1,W,5,N
89,14.93,222.84,1,W,5,N
90,58.70,223.14,1,W,5,N
140,63.45,223.44,1,E,5,N
141,68.55,223.74,1,E,5,N
142,89.43,224.04,1,E,5,N
204,106.47,231.07,3,E,5,N
205,171.44,233.21,3,E,5,N
91,76.99,236.57,1,W,3,E
240,208.07,266.24,5,W,5,N
241,215.28,266.54,5,W,5,N
242,216.13,266.84,5,W,5,N
243,237.03,267.14,5,W,5,N
288,207.05,280.24,5,E,5,N
191,109.97,300.00,3,W,5,W
179,120.53,300.30,2,E,5,W
180,153.75,300.60,2,E,5,W
92,96.14,300.90,1,W,5,W
93,135.42,301.20,1,W,5,W
14,200.41,301.50,1,S,1,W
143,111.00,301.50,1,E,5,W
1,93.91,322.14,1,S,5,N
94,141.69,322.44,1,W,5,N
95,161.71,322.74,1,W,5,N
206,253.71,324.73,3,E,5,E
207,274.52,330.16,3,E,5,E
208,278.07,333.71,3,E,5,E
17,273.73,341.02,1,S,2,W
244,290.14,366.14,5,W,5,N
245,304.59,366.44,5,W,5,N
246,308.11,366.74,5,W,5,N
247,324.40,367.04,5,W,5,N
289,303.11,380.14,5,E,5,N
290,350.34,380.44,5,E,5,N
291,351.02,380.74,5,E,5,N
292,355.49,381.04,5,E,5,N
293,356.20,381.34,5,E,5,N
145,195.76,399.90,1,E,5,W
192,226.84,400.20,3,W,5,W
4,164.73,400.50,1,S,5,W
7,173.72,400.80,1,S,5,W
8,177.02,401.10,1,S,5,W
106,347.51,401.30,1,W,2,E
22,287.93,401.30,1,S,3,W
11,195.01,401.40,1,S,5,W
181,252.84,401.70,2,E,5,W
24,367.16,401.90,1,S,1,W
182,281.99,402.00,2,E,5,W
26,369.29,402.20,1,S,1,W
97,171.37,402.30,1,W,5,W
28,371.70,402.50,1,S,1,W
99,215.25,402.60,1,W,5,W
100,220.38,402.90,1,W,5,W
102,253.83,403.20,1,W,5,W
103,264.80,403.50,1,W,5,W
147,221.31,403.80,1,E,5,W
3,161.69,415.90,1,S,5,E
5,170.60,422.34,1,S,5,N
9,178.77,422.64,1,S,5,N
10,193.02,422.94,1,S,5,N
13,197.26,423.24,1,S,5,N
165,256.52,423.54,2,W,5,N
166,277.22,423.84,2,W,5,N
96,169.20,424.14,1,W,5,N
98,175.29,424.44,1,W,5,N
101,252.43,424.74,1,W,5,N
146,211.47,425.04,1,E,5,N
193,357.90,430.67,3,W,5,N
210,326.47,430.97,3,E,5,N
211,328.83,431.27,3,E,5,N
215,363.14,432.47,3,E,5,N
23,366.03,440.82,1,S,2,E
30,377.39,442.02,1,S,2,E
248,388.67,466.04,5,W,5,N
249,391.64,466.34,5,W,5,N
250,408.02,466.64,5,W,5,N
251,410.96,466.94,5,W,5,N
252,413.26,467.24,5,W,5,N
253,419.85,467.54,5,W,5,N
254,422.94,467.84,5,W,5,N
255,423.34,468.14,5,W,5,N
256,428.28,468.44,5,W,5,N
257,431.23,468.74,5,W,5,N
258,449.07,469.04,5,W,5,N
259,451.82,469.34,5,W,5,N
260,454.13,469.64,5,W,5,N
294,487.05,493.19,5,E,5,N
209,303.31,499.80,3,E,5,W
212,330.85,500.10,3,E,5,W
213,357.29,500.40,3,E,5,W
214,359.54,500.70,3,E,5,W
15,267.74,501.00,1,S,5,W
18,274.97,501.30,1,S,5,W
21,286.88,501.60,1,S,5,W
167,342.66,501.90,2,W,5,W
105,344.36,502.20,1,W,5,W
40,453.96,502.30,1,S,1,W
150,383.23,502.50,1,E,5,W
42,460.75,502.60,1,S,1,W
184,393.82,517.30,2,E,5,E
16,272.46,521.94,1,S,5,N
19,282.90,522.24,1,S,5,N
20,286.25,522.54,1,S,5,N
183,311.59,522.84,2,E,5,N
168,371.31,523.14,2,W,5,N
104,304.59,523.74,1,W,5,N
148,306.39,524.04,1,E,5,N
149,373.34,524.34,1,E,5,N
194,460.58,530.47,3,W,5,N
216,435.77,530.47,3,E,5,N
217,439.09,530.77,3,E,5,N
218,441.45,531.07,3,E,5,N
111,403.36,538.07,1,W,3,E
261,538.33,565.94,5,W,5,N
295,588.30,594.44,5,E,5,N
35,446.02,599.40,1,S,3,W
195,465.05,599.70,3,W,5,W
185,493.10,600.00,2,E,5,W
109,383.84,600.30,1,W,5,W
110,384.79,600.60,1,W,5,W
41,457.39,600.90,1,S,3,W
151,459.04,600.90,1,E,5,W
32,384.86,616.90,1,S,5,E
25,368.58,621.84,1,S,5,N
27,371.54,622.14,1,S,5,N
29,375.60,622.44,1,S,5,N
31,381.47,622.74,1,S,5,N
33,391.89,623.34,1,S,5,N
169,436.12,623.64,2,W,5,N
107,378.48,623.94,1,W,5,N
108,381.63,624.24,1,W,5,N
112,406.37,624.54,1,W,5,N
113,445.48,624.84,1,W,5,N
114,447.83,625.14,1,W,5,N
152,469.77,625.44,1,E,5,N
196,511.54,630.27,3,W,5,N
219,508.96,630.27,3,E,5,N
197,535.25,630.57,3,W,5,N
220,520.54,630.57,3,E,5,N
198,549.77,630.87,3,W,5,N
262,607.28,665.84,5,W,5,N
263,623.34,666.14,5,W,5,N
264,626.49,666.44,5,W,5,N
265,629.60,666.74,5,W,5,N
266,630.55,667.04,5,W,5,N
267,645.26,667.34,5,W,5,N
268,669.51,675.65,5,W,5,N
269,672.39,678.53,5,W,5,N
296,674.67,680.81,5,E,5,N
297,689.21,695.34,5,E,5,N
221,593.38,699.60,3,E,5,W
34,442.18,699.90,1,S,5,W
36,446.40,700.20,1,S,5,W
37,446.60,700.50,1,S,5,W
38,451.91,700.80,1,S,5,W
115,486.30,701.10,1,W,5,W
48,621.35,703.10,1,S,1,W
53,637.79,703.40,1,S,1,W
43,462.94,715.90,1,S,5,E
116,489.65,717.70,1,W,5,E
39,452.60,721.74,1,S,5,N
186,566.09,722.34,2,E,5,N
44,530.87,722.64,1,S,5,N
45,532.96,722.94,1,S,5,N
46,535.30,723.24,1,S,5,N
47,537.66,723.54,1,S,5,N
117,510.44,724.14,1,W,5,N
118,515.80,724.44,1,W,5,N
119,549.61,724.74,1,W,5,N
153,578.02,725.04,1,E,5,N
199,605.58,730.07,3,W,5,N
223,624.05,730.37,3,E,5,N
58,722.81,736.95,1,S,1,E
157,675.85,739.77,1,E,3,W
270,707.80,765.74,5,W,5,N
271,713.71,766.04,5,W,5,N
272,717.69,766.34,5,W,5,N
273,721.40,766.64,5,W,5,N
298,771.79,779.74,5,E,5,N
299,788.05,794.19,5,E,5,N
154,599.06,799.50,1,E,5,W
222,620.87,799.80,3,E,5,W
187,663.25,800.10,2,E,5,W
51,628.49,800.40,1,S,5,W
52,630.14,800.70,1,S,5,W
122,636.67,801.00,1,W,5,W
54,715.73,801.10,1,S,2,E
155,613.77,801.30,1,E,5,W
159,683.35,801.60,1,E,5,W
160,686.85,804.67,1,E,5,W
161,698.40,817.60,1,E,5,E
170,626.13,821.64,2,W,5,N
49,621.89,821.94,1,S,5,N
50,623.91,822.24,1,S,5,N
120,581.72,822.54,1,W,5,N
121,622.08,822.84,1,W,5,N
156,667.75,823.14,1,E,5,N
158,679.08,823.44,1,E,5,N
200,706.84,823.73,3,W,5,E
62,731.53,839.27,1,S,3,W
124,702.72,840.47,1,W,3,W
127,712.76,841.37,1,W,3,E
70,831.00,845.14,1,S,1,E
274,795.34,865.64,5,W,5,N
275,797.26,865.94,5,W,5,N
276,797.43,866.24,5,W,5,N
277,799.75,866.54,5,W,5,N
278,817.53,866.84,5,W,5,N
279,819.65,867.14,5,W,5,N
280,828.77,867.44,5,W,5,N
281,834.17,867.74,5,W,5,N
282,837.44,868.04,5,W,5,N
283,841.07,868.34,5,W,5,N
284,843.76,868.64,5,W,5,N
285,858.15,868.94,5,W,5,N
224,732.16,899.40,3,E,5,W
201,716.42,899.70,3,W,5,W
174,781.48,900.00,2,W,5,W
57,720.01,900.30,1,S,5,W
59,725.41,900.60,1,S,5,W
123,670.13,900.90,1,W,5,W
125,706.22,901.20,1,W,5,W
129,719.71,901.50,1,W,5,W
131,735.03,901.80,1,W,5,W
300,896.24,902.38,5,E,5,N
65,816.78,903.90,1,S,1,W
67,827.97,904.20,1,S,1,W
71,831.73,904.50,1,S,1,W
77,849.24,904.80,1,S,1,W
84,870.92,905.10,1,S,1,W
80,854.03,917.60,1,S,1,E
63,733.68,917.80,1,S,5,E
126,710.02,918.40,1,W,5,E
171,703.21,921.54,2,W,5,N
188,760.74,921.84,2,E,5,N
172,750.35,922.14,2,W,5,N
173,756.52,922.44,2,W,5,N
55,716.57,922.74,1,S,5,N
56,718.03,923.04,1,S,5,N
60,727.71,923.34,1,S,5,N
61,727.98,923.64,1,S,5,N
64,736.21,924.24,1,S,5,N
128,717.62,924.84,1,W,5,N
130,722.69,925.14,1,W,5,N
132,765.44,925.44,1,W,5,N
225,841.09,929.67,3,E,5,N
72,832.85,938.17,1,S,3,W
74,836.90,938.77,1,S,3,W
286,879.16,965.54,5,W,5,N
202,859.08,999.30,3,W,5,W
226,866.81,999.60,3,E,5,W
177,895.93,999.90,2,W,5,W
66,827.27,1000.20,1,S,5,W
68,827.97,1000.50,1,S,5,W
133,812.66,1000.80,1,W,5,W
134,816.55,1001.10,1,W,5,W
162,807.93,1001.40,1,E,5,W
163,818.12,1001.70,1,E,5,W
73,834.59,1016.50,1,S,5,E
175,839.30,1021.44,2,W,5,N
189,855.05,1021.74,2,E,5,N
176,886.06,1022.04,2,W,5,N
69,829.12,1022.34,1,S,5,N
75,839.11,1022.94,1,S,5,N
135,856.50,1023.24,1,W,5,N
76,846.25,1099.20,1,S,5,W
86,874.35,1099.50,1,S,5,W
138,896.01,1099.80,1,W,5,W
78,850.53,1121.34,1,S,5,N
79,851.73,1121.64,1,S,5,N
81,860.60,1121.94,1,S,5,N
82,861.18,1122.24,1,S,5,N
83,864.39,1122.54,1,S,5,N
85,871.24,1122.84,1,S,5,N
136,889.87,1123.14,1,W,5,N
137,893.01,1123.44,1,W,5,N