id,enter_time,exit_time,entrance_intersection,entrance_direction,exit_intersection,exit_direction
222,4.86,66.44,5,W,5,N
223,6.47,66.74,5,W,5,N
224,6.82,67.04,5,W,5,N
225,8.88,67.34,5,W,5,N
226,12.87,67.64,5,W,5,N
227,18.45,67.94,5,W,5,N
228,44.44,68.24,5,W,5,N
285,93.71,99.84,5,E,5,N
195,32.86,125.73,3,E,5,E
179,19.69,131.27,3,W,5,N
197,39.79,132.47,3,E,5,N
229,117.62,166.34,5,W,5,N
230,147.86,166.64,5,W,5,N
286,103.08,180.34,5,E,5,N
287,153.26,180.64,5,E,5,N
288,163.99,180.94,5,E,5,N
289,164.76,181.24,5,E,5,N
193,2.94,200.10,3,E,5,W
194,5.86,200.40,3,E,5,W
196,36.23,200.70,3,E,5,W
121,5.58,201.00,1,E,5,W
3,150.24,201.10,1,S,1,W
167,169.62,212.67,2,E,3,W
166,77.67,222.24,2,E,5,N
66,1.29,222.54,1,W,5,N
67,4.54,222.84,1,W,5,N
68,32.31,223.14,1,W,5,N
122,10.26,223.44,1,E,5,N
123,14.59,223.74,1,E,5,N
124,20.55,224.04,1,E,5,N
125,42.22,224.34,1,E,5,N
198,121.21,231.07,3,E,5,N
180,169.44,231.21,3,W,5,N
199,124.60,231.37,3,E,5,N
127,131.61,239.27,1,E,3,E
231,212.40,266.24,5,W,5,N
232,228.55,266.54,5,W,5,N
233,233.63,266.84,5,W,5,N
234,235.87,267.14,5,W,5,N
235,238.03,267.44,5,W,5,N
236,242.77,267.74,5,W,5,N
237,251.79,268.04,5,W,5,N
238,257.70,268.34,5,W,5,N
126,94.46,300.00,1,E,5,W
1,69.86,300.30,1,S,5,W
74,140.40,300.60,1,W,5,W
75,157.40,300.90,1,W,5,W
77,163.95,301.20,1,W,5,W
5,211.03,301.50,1,S,1,W
72,117.29,317.80,1,W,5,E
0,68.24,322.14,1,S,5,N
156,164.32,322.44,2,W,5,N
157,193.55,322.74,2,W,5,N
69,72.06,323.04,1,W,5,N
70,112.44,323.34,1,W,5,N
71,114.49,323.64,1,W,5,N
73,137.37,324.24,1,W,5,N
76,160.65,324.54,1,W,5,N
128,191.86,324.84,1,E,5,N
129,193.46,325.14,1,E,5,N
200,233.67,330.87,3,E,5,N
201,267.01,331.17,3,E,5,N
202,269.22,331.47,3,E,5,N
204,275.29,337.06,3,E,5,N
83,199.65,338.77,1,W,3,W
84,221.18,339.07,1,W,3,W
181,285.20,346.97,3,W,5,N
182,289.73,351.50,3,W,5,N
239,318.51,366.14,5,W,5,N
240,322.81,366.44,5,W,5,N
241,323.99,366.74,5,W,5,N
242,325.68,367.04,5,W,5,N
243,329.48,367.34,5,W,5,N
244,368.45,374.59,5,W,5,N
245,372.79,378.92,5,W,5,N
290,301.74,380.14,5,E,5,N
291,312.85,380.44,5,E,5,N
292,316.00,380.74,5,E,5,N
293,330.07,381.04,5,E,5,N
294,331.84,381.34,5,E,5,N
295,333.62,381.64,5,E,5,N
296,334.18,381.94,5,E,5,N
203,273.03,399.90,3,E,5,W
205,277.87,400.20,3,E,5,W
2,148.11,400.50,1,S,5,W
8,312.30,400.70,1,S,2,W
169,229.24,400.80,2,E,5,W
13,324.93,401.90,1,S,1,W
14,325.91,402.20,1,S,1,W
16,343.47,402.50,1,S,1,W
21,354.26,402.80,1,S,1,W
25,372.41,417.10,1,S,1,E
80,188.32,418.00,1,W,5,E
130,242.91,419.20,1,E,5,E
4,151.74,422.04,1,S,5,N
158,263.05,422.34,2,W,5,N
168,202.46,422.64,2,E,5,N
6,213.91,422.94,1,S,5,N
7,215.86,423.24,1,S,5,N
78,165.88,423.54,1,W,5,N
79,185.60,423.84,1,W,5,N
81,194.25,424.44,1,W,5,N
82,197.11,424.74,1,W,5,N
85,222.21,425.04,1,W,5,N
183,328.29,430.67,3,W,5,N
12,321.13,437.97,1,S,3,W
96,362.55,441.27,1,W,3,E
137,384.45,446.64,1,E,3,E
246,375.84,466.04,5,W,5,N
247,378.43,466.34,5,W,5,N
248,383.00,466.64,5,W,5,N
249,385.35,466.94,5,W,5,N
250,389.28,467.24,5,W,5,N
251,445.05,467.54,5,W,5,N
252,446.74,467.84,5,W,5,N
253,449.20,468.14,5,W,5,N
254,454.96,468.44,5,W,5,N
255,458.19,468.74,5,W,5,N
256,470.62,476.76,5,W,5,N
297,470.23,480.04,5,E,5,N
206,382.09,499.80,3,E,5,W
207,385.32,500.10,3,E,5,W
87,276.46,500.40,1,W,5,W
88,280.16,500.70,1,W,5,W
93,319.00,501.00,1,W,5,W
95,351.85,501.30,1,W,5,W
133,312.03,501.60,1,E,5,W
134,346.42,501.90,1,E,5,W
31,480.97,502.30,1,S,1,W
35,485.93,502.60,1,S,1,W
38,489.15,503.29,1,S,1,W
11,317.09,516.70,1,S,5,E
170,305.34,521.94,2,E,5,N
9,313.18,522.24,1,S,5,N
10,313.67,522.54,1,S,5,N
86,274.12,523.14,1,W,5,N
89,282.62,523.44,1,W,5,N
90,285.75,523.74,1,W,5,N
91,312.73,524.04,1,W,5,N
92,315.77,524.34,1,W,5,N
94,322.60,524.64,1,W,5,N
97,365.41,524.94,1,W,5,N
131,303.40,525.24,1,E,5,N
132,311.11,525.54,1,E,5,N
135,358.26,525.84,1,E,5,N
136,379.54,526.14,1,E,5,N
40,494.24,544.22,1,S,2,W
43,499.70,545.12,1,S,2,E
185,488.42,550.19,3,W,5,N
186,497.48,559.25,3,W,5,N
257,500.58,565.94,5,W,5,N
258,505.61,566.24,5,W,5,N
259,508.73,566.54,5,W,5,N
298,521.77,579.94,5,E,5,N
299,578.34,584.48,5,E,5,N
184,437.31,599.70,3,W,5,W
17,345.65,600.00,1,S,5,W
19,350.86,600.30,1,S,5,W
22,364.66,600.60,1,S,5,W
159,456.35,600.90,2,W,5,W
171,404.60,601.20,2,E,5,W
100,453.73,601.50,1,W,5,W
138,456.04,601.80,1,E,5,W
46,510.30,602.70,1,S,1,W
52,535.48,603.00,1,S,1,W
140,510.09,604.20,1,E,2,W
24,368.97,616.90,1,S,5,E
99,406.97,618.10,1,W,5,E
15,340.54,621.84,1,S,5,N
54,607.85,621.99,1,S,1,E
18,347.80,622.14,1,S,5,N
20,353.18,622.44,1,S,5,N
23,366.39,622.74,1,S,5,N
26,372.73,623.34,1,S,5,N
160,458.19,623.64,2,W,5,N
98,373.39,623.94,1,W,5,N
139,494.40,624.54,1,E,5,N
187,506.86,630.27,3,W,5,N
209,528.40,630.57,3,E,5,N
188,535.84,630.57,3,W,5,N
189,583.23,645.00,3,W,5,N
260,578.59,665.84,5,W,5,N
261,591.76,666.14,5,W,5,N
262,596.40,666.44,5,W,5,N
263,615.77,666.74,5,W,5,N
264,616.81,667.04,5,W,5,N
265,621.79,667.34,5,W,5,N
266,627.02,667.64,5,W,5,N
267,638.02,667.94,5,W,5,N
268,640.90,668.24,5,W,5,N
269,653.14,668.54,5,W,5,N
208,503.43,699.60,3,E,5,W
27,471.17,699.90,1,S,5,W
33,483.88,700.20,1,S,5,W
37,488.81,700.50,1,S,5,W
39,492.69,700.80,1,S,5,W
172,501.77,701.10,2,E,5,W
173,536.11,701.40,2,E,5,W
174,600.47,701.70,2,E,5,W
45,503.81,702.00,1,S,5,W
49,529.52,702.30,1,S,5,W
108,626.16,702.50,1,W,2,W
101,487.18,702.60,1,W,5,W
103,545.68,702.90,1,W,5,W
175,635.49,713.17,2,E,3,W
28,475.83,715.60,1,S,5,E
141,541.77,720.40,1,E,5,E
142,578.09,720.70,1,E,5,E
29,478.31,722.04,1,S,5,N
30,479.46,722.34,1,S,5,N
32,483.64,722.64,1,S,5,N
34,485.19,722.94,1,S,5,N
36,488.02,723.24,1,S,5,N
41,497.13,723.54,1,S,5,N
42,499.62,723.84,1,S,5,N
161,529.55,724.14,2,W,5,N
44,500.10,724.44,1,S,5,N
47,525.20,724.74,1,S,5,N
48,528.08,725.04,1,S,5,N
50,532.07,725.34,1,S,5,N
51,533.10,725.64,1,S,5,N
102,538.22,725.94,1,W,5,N
104,545.82,726.24,1,W,5,N
210,608.22,730.07,3,E,5,N
211,622.13,730.37,3,E,5,N
57,680.02,742.02,1,S,2,E
270,697.20,765.74,5,W,5,N
271,735.90,766.04,5,W,5,N
272,739.61,766.34,5,W,5,N
273,740.60,766.64,5,W,5,N
274,744.16,766.94,5,W,5,N
275,746.71,767.24,5,W,5,N
276,749.02,767.54,5,W,5,N
277,752.65,767.84,5,W,5,N
300,723.35,779.74,5,E,5,N
301,740.37,780.04,5,E,5,N
302,758.91,780.34,5,E,5,N
190,638.27,799.50,3,W,5,W
162,605.58,799.80,2,W,5,W
56,612.23,800.10,1,S,5,W
105,590.30,800.40,1,W,5,W
61,770.72,803.50,1,S,1,W
55,608.88,815.80,1,S,5,E
111,653.77,817.30,1,W,5,E
144,685.11,817.90,1,E,5,E
53,601.63,821.64,1,S,5,N
106,592.03,822.24,1,W,5,N
107,623.77,822.54,1,W,5,N
109,633.00,822.84,1,W,5,N
110,635.03,823.14,1,W,5,N
191,749.84,823.73,3,W,5,E
143,621.94,823.74,1,E,5,N
213,740.55,824.03,3,E,5,E
145,691.88,824.34,1,E,5,N
212,723.41,829.87,3,E,5,N
214,755.37,830.47,3,E,5,N
215,758.53,830.77,3,E,5,N
216,762.42,831.07,3,E,5,N
278,819.76,865.64,5,W,5,N
279,819.82,865.94,5,W,5,N
280,821.92,866.24,5,W,5,N
281,836.88,866.54,5,W,5,N
282,841.19,866.84,5,W,5,N
283,845.79,867.14,5,W,5,N
303,862.77,879.64,5,E,5,N
304,866.38,879.94,5,E,5,N
305,878.17,884.31,5,E,5,N
146,699.14,899.40,1,E,5,W
163,761.59,899.70,2,W,5,W
114,686.27,900.00,1,W,5,W
115,729.10,900.30,1,W,5,W
62,856.58,903.90,1,S,1,W
63,858.68,904.20,1,S,1,W
65,861.32,904.50,1,S,1,W
176,730.72,921.54,2,E,5,N
177,772.20,921.84,2,E,5,N
112,681.71,922.14,1,W,5,N
113,685.02,922.44,1,W,5,N
116,761.57,922.74,1,W,5,N
147,708.06,923.04,1,E,5,N
148,773.82,923.34,1,E,5,N
150,798.35,923.64,1,E,5,N
218,831.65,923.83,3,E,5,E
192,850.22,929.67,3,W,5,N
217,828.63,929.67,3,E,5,N
219,851.34,930.27,3,E,5,N
117,803.42,937.27,1,W,3,W
220,883.00,944.77,3,E,5,N
221,886.68,948.45,3,E,5,N
284,895.89,965.54,5,W,5,N
149,793.83,999.30,1,E,5,W
151,798.74,999.60,1,E,5,W
59,757.04,999.90,1,S,5,W
152,810.32,1000.20,1,E,5,W
153,820.50,1000.50,1,E,5,W
120,871.95,1001.30,1,W,2,E
58,745.06,1015.30,1,S,5,E
60,760.46,1021.74,1,S,5,N
164,810.60,1022.04,2,W,5,N
178,866.10,1022.34,2,E,5,N
165,813.47,1022.64,2,W,5,N
118,803.45,1022.94,1,W,5,N
119,830.92,1023.24,1,W,5,N
154,830.84,1023.54,1,E,5,N
155,836.07,1023.84,1,E,5,N
64,861.01,1121.34,1,S,5,N