id,enter_time,exit_time,entrance_intersection,entrance_direction,exit_intersection,exit_direction
222,2.67,66.44,5,W,5,N
223,35.98,66.74,5,W,5,N
224,47.83,67.04,5,W,5,N
225,63.41,69.54,5,W,5,N
226,68.17,74.31,5,W,5,N
227,72.83,78.97,5,W,5,N
275,19.74,80.44,5,E,5,N
276,74.97,81.10,5,E,5,N
277,78.91,85.05,5,E,5,N
278,87.84,93.97,5,E,5,N
6,73.79,100.70,1,S,1,W
10,83.89,101.00,1,S,1,W
129,19.87,101.90,1,E,2,W
279,98.31,104.45,5,E,5,N
7,77.99,114.10,1,S,1,E
191,12.31,131.27,3,W,5,N
9,83.11,140.82,1,S,2,W
228,94.49,166.34,5,W,5,N
229,94.94,166.64,5,W,5,N
230,97.09,166.94,5,W,5,N
231,128.79,167.24,5,W,5,N
232,132.43,167.54,5,W,5,N
233,153.98,167.84,5,W,5,N
234,157.12,168.14,5,W,5,N
280,139.19,180.34,5,E,5,N
205,17.62,200.10,3,E,5,W
192,17.12,200.40,3,W,5,W
1,2.90,200.70,1,S,5,W
3,3.91,201.00,1,S,5,W
14,148.05,201.10,1,S,1,W
73,45.58,201.30,1,W,5,W
15,151.23,201.40,1,S,1,W
128,7.43,201.60,1,E,5,W
22,167.35,201.70,1,S,1,W
0,2.81,222.24,1,S,5,N
2,3.42,222.54,1,S,5,N
166,70.97,222.84,2,W,5,N
177,80.18,223.14,2,E,5,N
167,91.59,223.44,2,W,5,N
72,45.50,223.74,1,W,5,N
74,51.93,224.04,1,W,5,N
127,5.41,224.34,1,E,5,N
130,78.22,224.64,1,E,5,N
131,88.45,224.94,1,E,5,N
132,93.73,225.24,1,E,5,N
193,125.12,231.07,3,W,5,N
194,158.75,231.37,3,W,5,N
207,120.87,231.37,3,E,5,N
23,169.10,242.12,1,S,2,E
235,217.66,266.24,5,W,5,N
236,231.77,266.54,5,W,5,N
237,267.84,273.97,5,W,5,N
238,270.48,276.61,5,W,5,N
239,270.60,276.73,5,W,5,N
281,239.64,280.24,5,E,5,N
282,255.33,280.54,5,E,5,N
206,107.39,300.00,3,E,5,W
8,81.62,300.30,1,S,5,W
76,136.77,300.60,1,W,5,W
79,170.12,300.90,1,W,2,W
83,226.81,302.10,1,W,2,W
4,68.69,322.14,1,S,5,N
5,70.53,322.44,1,S,5,N
11,86.37,322.74,1,S,5,N
12,89.48,323.04,1,S,5,N
168,168.84,323.34,2,W,5,N
178,148.19,323.64,2,E,5,N
179,168.44,323.94,2,E,5,N
75,102.51,324.24,1,W,5,N
77,165.07,324.54,1,W,5,N
208,233.67,324.73,3,E,5,E
133,133.13,324.84,1,E,5,N
209,262.22,331.17,3,E,5,N
85,229.88,338.77,1,W,3,E
240,296.66,366.14,5,W,5,N
241,356.62,366.44,5,W,5,N
283,363.94,380.14,5,E,5,N
284,373.50,380.44,5,E,5,N
195,212.15,399.90,3,W,5,W
13,145.44,400.20,1,S,5,W
17,155.91,400.50,1,S,5,W
18,157.33,400.80,1,S,5,W
170,244.57,401.10,2,W,5,W
78,168.49,401.40,1,W,5,W
84,229.13,401.70,1,W,5,W
86,248.24,402.00,1,W,5,W
180,257.94,417.40,2,E,5,E
16,153.79,422.04,1,S,5,N
19,161.02,422.34,1,S,5,N
20,161.81,422.64,1,S,5,N
21,164.80,422.94,1,S,5,N
169,215.52,423.24,2,W,5,N
80,216.96,423.84,1,W,5,N
81,224.43,424.14,1,W,5,N
82,225.51,424.44,1,W,5,N
87,250.43,424.74,1,W,5,N
88,261.63,425.04,1,W,5,N
134,249.31,425.34,1,E,5,N
135,283.01,425.64,1,E,5,N
136,299.15,425.94,1,E,5,N
210,322.33,430.67,3,E,5,N
196,354.69,430.67,3,W,5,N
242,389.34,466.04,5,W,5,N
243,404.57,466.34,5,W,5,N
244,408.54,466.64,5,W,5,N
285,420.07,480.04,5,E,5,N
286,430.57,480.34,5,E,5,N
287,483.50,489.64,5,E,5,N
28,359.88,499.60,1,S,3,E
181,321.52,499.80,2,E,5,W
89,299.98,500.10,1,W,5,W
93,363.55,500.40,1,W,5,W
138,307.63,500.70,1,E,5,W
140,349.54,501.00,1,E,5,W
30,436.43,502.30,1,S,1,W
34,453.69,502.60,1,S,1,W
24,261.54,515.80,1,S,5,E
25,264.70,522.24,1,S,5,N
26,267.29,522.54,1,S,5,N
182,342.45,522.84,2,E,5,N
90,339.75,523.14,1,W,5,N
91,347.73,523.44,1,W,5,N
92,350.07,523.74,1,W,5,N
137,304.89,524.04,1,E,5,N
139,311.06,524.34,1,E,5,N
141,387.77,524.64,1,E,5,N
142,390.54,524.94,1,E,5,N
143,393.58,525.24,1,E,5,N
197,411.68,530.47,3,W,5,N
198,439.58,530.77,3,W,5,N
212,406.05,530.77,3,E,5,N
213,416.20,531.07,3,E,5,N
199,479.75,535.38,3,W,5,E
97,466.30,538.37,1,W,3,W
245,490.93,565.94,5,W,5,N
246,506.16,566.24,5,W,5,N
247,508.16,566.54,5,W,5,N
248,508.43,566.84,5,W,5,N
249,511.66,567.14,5,W,5,N
250,512.29,567.44,5,W,5,N
251,515.48,567.74,5,W,5,N
252,516.71,568.04,5,W,5,N
253,519.96,568.34,5,W,5,N
254,525.90,568.64,5,W,5,N
288,514.87,579.94,5,E,5,N
211,403.67,599.70,3,E,5,W
31,437.71,600.00,1,S,5,W
95,428.66,600.30,1,W,5,W
96,432.34,600.60,1,W,5,W
148,469.44,600.90,1,E,5,W
27,358.27,621.84,1,S,5,N
29,363.59,622.14,1,S,5,N
183,431.15,622.44,2,E,5,N
171,416.40,622.74,2,W,5,N
32,438.32,623.04,1,S,5,N
94,401.67,623.34,1,W,5,N
144,410.97,623.64,1,E,5,N
145,415.60,623.94,1,E,5,N
146,430.44,624.24,1,E,5,N
147,446.82,624.54,1,E,5,N
214,503.75,630.27,3,E,5,N
104,555.50,639.37,1,W,3,W
150,508.19,639.97,1,E,3,E
255,578.40,665.84,5,W,5,N
256,580.75,666.14,5,W,5,N
257,606.21,666.44,5,W,5,N
258,609.28,666.74,5,W,5,N
259,611.48,667.04,5,W,5,N
289,603.50,679.84,5,E,5,N
290,612.86,680.14,5,E,5,N
291,639.02,680.44,5,E,5,N
292,640.92,680.74,5,E,5,N
200,534.75,699.60,3,W,5,W
215,591.07,699.90,3,E,5,W
37,538.11,700.20,1,S,5,W
101,518.10,700.50,1,W,5,W
103,522.79,700.80,1,W,5,W
44,672.19,703.10,1,S,1,W
45,672.81,703.40,1,S,1,W
47,686.73,703.70,1,S,1,W
33,441.94,721.74,1,S,5,N
35,456.76,722.04,1,S,5,N
184,501.52,722.34,2,E,5,N
172,579.14,722.64,2,W,5,N
185,587.50,722.94,2,E,5,N
36,523.10,723.24,1,S,5,N
98,467.07,723.54,1,W,5,N
99,510.95,723.84,1,W,5,N
100,514.46,724.14,1,W,5,N
102,519.35,724.44,1,W,5,N
149,507.35,724.74,1,E,5,N
151,517.40,725.04,1,E,5,N
216,612.84,730.07,3,E,5,N
217,616.48,730.37,3,E,5,N
153,636.54,740.67,1,E,3,E
201,679.54,741.31,3,W,5,N
50,698.79,743.52,1,S,2,W
260,679.84,765.74,5,W,5,N
261,685.25,766.04,5,W,5,N
262,700.84,766.34,5,W,5,N
263,705.54,766.64,5,W,5,N
264,708.01,766.94,5,W,5,N
265,720.36,767.24,5,W,5,N
266,740.49,767.54,5,W,5,N
293,737.99,779.74,5,E,5,N
42,668.82,798.70,1,S,3,W
186,616.75,799.50,2,E,5,W
39,623.19,799.80,1,S,5,W
40,623.61,800.10,1,S,5,W
110,612.87,800.40,1,W,5,W
154,639.35,800.70,1,E,5,W
156,644.13,801.00,1,E,5,W
52,702.28,803.50,1,S,1,W
158,685.78,803.60,1,E,5,W
58,716.48,803.80,1,S,1,W
116,724.74,804.10,1,W,2,W
41,626.69,816.40,1,S,5,E
109,609.20,817.90,1,W,5,E
38,544.44,821.64,1,S,5,N
173,603.96,821.94,2,W,5,N
187,663.90,822.24,2,E,5,N
105,594.09,822.84,1,W,5,N
106,597.00,823.14,1,W,5,N
107,600.56,823.44,1,W,5,N
108,605.65,823.74,1,W,5,N
111,653.32,824.34,1,W,5,N
112,653.75,824.64,1,W,5,N
152,615.36,824.94,1,E,5,N
155,640.41,825.24,1,E,5,N
157,680.74,825.54,1,E,5,N
159,686.80,825.84,1,E,5,N
202,722.70,829.87,3,W,5,N
203,774.87,836.64,3,W,5,N
267,792.28,865.64,5,W,5,N
268,794.86,865.94,5,W,5,N
269,816.49,866.24,5,W,5,N
270,819.71,866.54,5,W,5,N
271,823.69,866.84,5,W,5,N
272,859.69,867.14,5,W,5,N
294,886.67,892.81,5,E,5,N
295,887.89,894.03,5,E,5,N
218,722.09,899.40,3,E,5,W
219,796.55,899.70,3,E,5,W
43,671.54,900.00,1,S,5,W
174,767.00,900.30,2,W,5,W
175,774.51,900.60,2,W,5,W
54,705.70,900.90,1,S,5,W
56,714.19,901.20,1,S,5,W
59,719.26,901.50,1,S,5,W
114,696.24,901.80,1,W,5,W
115,717.81,902.10,1,W,5,W
119,744.66,902.40,1,W,5,W
122,819.53,902.40,1,W,2,W
161,714.64,902.70,1,E,5,W
67,861.55,903.90,1,S,1,W
68,864.67,904.20,1,S,1,W
46,684.10,921.54,1,S,5,N
48,690.00,921.84,1,S,5,N
49,691.69,922.14,1,S,5,N
51,700.40,922.44,1,S,5,N
188,763.37,922.74,2,E,5,N
53,705.19,923.04,1,S,5,N
55,710.34,923.34,1,S,5,N
57,714.30,923.64,1,S,5,N
60,723.52,923.94,1,S,5,N
113,692.72,924.24,1,W,5,N
117,727.12,924.54,1,W,5,N
118,740.66,924.84,1,W,5,N
120,751.16,925.14,1,W,5,N
160,712.32,925.44,1,E,5,N
220,800.39,929.67,3,E,5,N
163,837.74,939.67,1,E,3,W
221,889.09,950.86,3,E,5,N
273,881.65,965.54,5,W,5,N
274,894.68,965.84,5,W,5,N
296,899.12,979.54,5,E,5,N
204,814.66,999.30,3,W,5,W
189,850.61,999.60,2,E,5,W
64,812.43,999.90,1,S,5,W
162,807.73,1000.20,1,E,5,W
164,868.11,1000.50,1,E,5,W
61,802.79,1015.30,1,S,5,E
176,835.61,1021.74,2,W,5,N
190,896.06,1022.04,2,E,5,N
62,806.38,1022.34,1,S,5,N
63,809.62,1022.64,1,S,5,N
121,785.75,1022.94,1,W,5,N
123,845.85,1023.24,1,W,5,N
124,856.49,1023.54,1,W,5,N
165,887.35,1023.84,1,E,5,N
69,868.00,1099.20,1,S,5,W
71,874.73,1099.50,1,S,5,W
65,857.34,1121.34,1,S,5,N
66,857.56,1121.64,1,S,5,N
70,869.78,1121.94,1,S,5,N
125,894.61,1122.24,1,W,5,N
126,897.78,1122.54,1,W,5,N