id,enter_time,exit_time,entrance_intersection,entrance_direction,exit_intersection,exit_direction
242,3.19,66.44,5,W,5,N
243,11.11,66.74,5,W,5,N
244,29.51,67.04,5,W,5,N
316,2.69,80.44,5,E,5,N
317,38.00,80.74,5,E,5,N
318,40.94,81.04,5,E,5,N
319,73.61,81.34,5,E,5,N
3,8.63,100.70,1,S,1,W
5,26.07,101.00,1,S,1,W
15,67.72,115.60,1,S,1,E
18,71.90,116.50,1,S,1,E
213,2.87,131.27,3,W,5,N
245,76.94,166.34,5,W,5,N
246,80.02,166.64,5,W,5,N
247,83.76,166.94,5,W,5,N
248,85.88,167.24,5,W,5,N
249,85.88,167.54,5,W,5,N
250,95.63,167.84,5,W,5,N
251,110.39,168.14,5,W,5,N
252,114.23,168.44,5,W,5,N
253,156.86,168.74,5,W,5,N
254,157.01,169.04,5,W,5,N
255,172.86,179.00,5,W,5,N
320,176.28,182.42,5,E,5,N
321,178.10,184.23,5,E,5,N
0,2.49,200.10,1,S,5,W
180,4.11,200.40,2,W,5,W
201,75.96,200.70,2,E,5,W
182,76.91,201.00,2,W,5,W
21,155.77,201.10,1,S,1,W
6,33.14,201.30,1,S,5,W
26,174.86,201.40,1,S,1,W
89,9.07,201.60,1,W,5,W
92,38.59,201.90,1,W,5,W
16,68.11,202.00,1,S,3,E
154,61.86,202.20,1,E,5,W
157,166.82,202.90,1,E,2,W
30,192.36,206.50,1,S,1,W
28,187.78,215.40,1,S,1,E
181,58.20,216.70,2,W,5,E
88,5.96,218.20,1,W,5,E
95,48.21,219.70,1,W,5,E
1,3.90,222.24,1,S,5,N
200,45.43,222.54,2,E,5,N
2,5.97,223.14,1,S,5,N
4,24.02,223.44,1,S,5,N
7,34.19,223.74,1,S,5,N
87,3.95,224.04,1,W,5,N
90,16.49,224.64,1,W,5,N
91,35.60,224.94,1,W,5,N
93,40.62,225.24,1,W,5,N
94,44.77,225.54,1,W,5,N
150,40.01,226.14,1,E,5,N
151,44.81,226.44,1,E,5,N
152,48.07,226.74,1,E,5,N
153,57.49,227.04,1,E,5,N
214,136.90,231.07,3,W,5,N
215,140.67,231.37,3,W,5,N
99,125.04,237.47,1,W,3,E
256,188.73,266.24,5,W,5,N
257,191.61,266.54,5,W,5,N
258,194.66,266.84,5,W,5,N
259,198.55,267.14,5,W,5,N
260,200.64,267.44,5,W,5,N
261,200.82,267.74,5,W,5,N
262,202.15,268.04,5,W,5,N
263,220.34,268.34,5,W,5,N
264,221.01,268.64,5,W,5,N
265,221.21,268.94,5,W,5,N
322,258.58,280.24,5,E,5,N
323,274.71,280.84,5,E,5,N
324,283.03,289.16,5,E,5,N
22,155.96,299.70,1,S,3,W
155,94.48,300.00,1,E,5,W
226,110.38,300.30,3,E,5,W
9,48.61,300.60,1,S,5,W
14,67.71,300.90,1,S,5,W
19,75.89,301.20,1,S,5,W
35,269.40,301.50,1,S,1,W
96,87.26,301.50,1,W,5,W
37,281.08,301.80,1,S,1,W
98,97.34,301.80,1,W,5,W
43,292.45,306.59,1,S,1,W
45,293.07,307.21,1,S,1,W
47,296.85,310.98,1,S,1,W
39,286.32,315.50,1,S,1,E
44,292.63,316.70,1,S,1,E
48,297.01,317.30,1,S,1,E
202,168.69,318.10,2,E,5,E
183,133.65,318.40,2,W,5,E
97,95.09,319.00,1,W,5,E
156,166.29,320.20,1,E,5,E
8,46.17,322.14,1,S,5,N
10,51.10,322.44,1,S,5,N
11,51.79,322.74,1,S,5,N
12,55.23,323.04,1,S,5,N
13,67.17,323.34,1,S,5,N
17,71.35,323.64,1,S,5,N
20,76.97,323.94,1,S,5,N
184,158.87,324.84,2,W,5,N
100,131.15,325.44,1,W,5,N
101,134.28,325.74,1,W,5,N
102,147.24,326.04,1,W,5,N
158,168.89,326.64,1,E,5,N
227,227.90,330.87,3,E,5,N
216,273.71,335.48,3,W,5,N
41,289.10,342.22,1,S,2,W
42,290.40,342.52,1,S,2,W
266,321.04,366.14,5,W,5,N
267,324.49,366.44,5,W,5,N
268,329.41,366.74,5,W,5,N
269,333.59,367.04,5,W,5,N
270,334.27,367.34,5,W,5,N
271,336.89,367.64,5,W,5,N
272,340.17,367.94,5,W,5,N
273,344.11,368.24,5,W,5,N
274,358.77,368.54,5,W,5,N
275,359.05,368.84,5,W,5,N
276,361.74,369.14,5,W,5,N
277,364.86,370.99,5,W,5,N
278,366.15,372.28,5,W,5,N
279,369.30,375.44,5,W,5,N
280,372.63,378.76,5,W,5,N
24,160.37,399.90,1,S,5,W
27,185.70,400.20,1,S,5,W
185,235.01,400.50,2,W,5,W
49,358.70,401.90,1,S,1,W
50,370.33,402.20,1,S,1,W
111,364.25,402.20,1,W,2,E
55,378.85,402.50,1,S,1,W
23,158.65,415.90,1,S,5,E
204,284.20,417.70,2,E,5,E
103,188.35,418.00,1,W,5,E
25,168.21,422.34,1,S,5,N
29,190.02,422.64,1,S,5,N
31,192.61,422.94,1,S,5,N
32,197.38,423.24,1,S,5,N
203,203.94,423.54,2,E,5,N
104,190.94,424.44,1,W,5,N
105,242.73,424.74,1,W,5,N
159,205.27,425.04,1,E,5,N
160,240.59,425.34,1,E,5,N
161,264.60,425.64,1,E,5,N
162,296.52,425.94,1,E,5,N
228,346.84,430.67,3,E,5,N
229,373.80,435.57,3,E,5,N
230,376.58,438.35,3,E,5,N
231,389.16,450.93,3,E,5,N
281,374.98,466.04,5,W,5,N
282,375.83,466.34,5,W,5,N
283,376.87,466.64,5,W,5,N
284,379.26,466.94,5,W,5,N
285,394.20,467.24,5,W,5,N
286,397.00,467.54,5,W,5,N
287,399.13,467.84,5,W,5,N
288,445.27,468.14,5,W,5,N
289,459.54,468.44,5,W,5,N
325,432.15,480.04,5,E,5,N
326,435.91,480.34,5,E,5,N
327,455.88,480.64,5,E,5,N
33,264.05,499.80,1,S,5,W
34,264.74,500.10,1,S,5,W
36,279.82,500.40,1,S,5,W
107,300.81,500.70,1,W,5,W
109,324.41,501.00,1,W,5,W
110,356.37,501.30,1,W,5,W
114,394.27,501.40,1,W,2,W
163,333.61,501.60,1,E,5,W
328,495.46,501.60,5,E,5,N
164,336.62,501.90,1,E,5,W
329,499.24,505.37,5,E,5,N
206,447.60,512.97,2,E,3,E
38,282.74,521.94,1,S,5,N
40,288.40,522.24,1,S,5,N
46,295.18,522.54,1,S,5,N
205,372.81,522.84,2,E,5,N
186,392.70,523.14,2,W,5,N
106,281.83,523.44,1,W,5,N
108,320.43,523.74,1,W,5,N
217,410.87,530.47,3,W,5,N
166,416.34,540.77,1,E,3,E
64,499.00,542.72,1,S,2,W
290,474.69,565.94,5,W,5,N
291,538.22,566.24,5,W,5,N
292,541.20,566.54,5,W,5,N
293,541.36,566.84,5,W,5,N
294,546.47,567.14,5,W,5,N
295,548.83,567.44,5,W,5,N
296,552.77,567.74,5,W,5,N
297,561.85,567.98,5,W,5,N
298,565.58,571.72,5,W,5,N
299,569.24,575.37,5,W,5,N
330,547.28,579.94,5,E,5,N
331,550.34,580.24,5,E,5,N
332,552.57,580.54,5,E,5,N
333,572.06,580.84,5,E,5,N
60,484.70,599.40,1,S,3,W
54,378.25,599.70,1,S,5,W
56,386.76,600.00,1,S,5,W
58,392.92,600.30,1,S,5,W
113,391.79,600.60,1,W,5,W
115,395.80,600.90,1,W,5,W
118,413.77,601.20,1,W,5,W
122,428.40,601.50,1,W,5,W
167,455.56,601.80,1,E,5,W
170,512.47,603.60,1,E,2,W
207,539.13,613.07,2,E,3,E
191,558.09,613.37,2,W,3,W
192,570.54,613.67,2,W,3,E
52,376.46,616.00,1,S,5,E
51,375.15,621.84,1,S,5,N
53,377.44,622.44,1,S,5,N
57,392.25,622.74,1,S,5,N
187,402.81,623.04,2,W,5,N
188,451.67,623.34,2,W,5,N
189,479.87,623.64,2,W,5,N
112,381.77,623.94,1,W,5,N
116,403.21,624.24,1,W,5,N
117,409.93,624.54,1,W,5,N
119,417.73,624.84,1,W,5,N
120,421.42,625.14,1,W,5,N
121,422.05,625.44,1,W,5,N
123,465.73,625.74,1,W,5,N
165,413.02,626.04,1,E,5,N
168,457.72,626.34,1,E,5,N
169,458.93,626.64,1,E,5,N
232,508.24,630.27,3,E,5,N
218,528.13,630.27,3,W,5,N
233,525.82,630.57,3,E,5,N
234,528.46,630.87,3,E,5,N
124,469.45,636.97,1,W,3,W
128,516.98,638.17,1,W,3,W
300,622.46,665.84,5,W,5,N
334,628.96,679.84,5,E,5,N
335,647.12,680.14,5,E,5,N
336,657.64,680.44,5,E,5,N
61,490.61,699.60,1,S,5,W
190,531.36,699.90,2,W,5,W
130,557.59,700.20,1,W,5,W
67,662.98,703.10,1,S,1,W
70,679.08,703.40,1,S,1,W
68,669.83,715.90,1,S,1,E
126,487.18,717.40,1,W,5,E
59,484.68,721.74,1,S,5,N
62,498.54,722.04,1,S,5,N
63,498.75,722.34,1,S,5,N
193,586.61,722.64,2,W,5,N
194,592.73,722.94,2,W,5,N
125,472.20,723.24,1,W,5,N
127,515.97,723.84,1,W,5,N
129,519.35,724.14,1,W,5,N
131,560.95,724.44,1,W,5,N
132,562.49,724.74,1,W,5,N
171,591.44,725.04,1,E,5,N
235,619.55,730.07,3,E,5,N
220,680.54,742.31,3,W,5,N
221,684.84,746.61,3,W,5,N
301,686.27,765.74,5,W,5,N
302,689.83,766.04,5,W,5,N
303,731.52,766.34,5,W,5,N
304,738.66,766.64,5,W,5,N
305,742.32,766.94,5,W,5,N
306,745.45,767.24,5,W,5,N
307,747.63,767.54,5,W,5,N
337,749.33,779.74,5,E,5,N
338,757.29,780.04,5,E,5,N
339,777.28,783.41,5,E,5,N
69,675.53,799.00,1,S,3,W
219,645.93,799.50,3,W,5,W
65,571.76,799.80,1,S,5,W
209,647.77,800.10,2,E,5,W
133,587.20,800.40,1,W,5,W
134,589.74,800.70,1,W,5,W
173,647.44,801.00,1,E,5,W
73,741.83,803.50,1,S,1,W
74,745.48,803.80,1,S,1,W
77,751.60,817.20,1,S,1,E
66,572.68,821.64,1,S,5,N
208,623.87,821.94,2,E,5,N
135,641.20,822.24,1,W,5,N
136,641.60,822.54,1,W,5,N
172,631.43,822.84,1,E,5,N
174,684.94,823.14,1,E,5,N
236,732.80,829.87,3,E,5,N
222,725.33,829.87,3,W,5,N
238,762.69,830.47,3,E,5,N
137,684.88,837.17,1,W,3,W
308,803.71,865.64,5,W,5,N
309,809.63,865.94,5,W,5,N
310,871.52,877.66,5,W,5,N
340,861.06,879.64,5,E,5,N
223,761.78,899.40,3,W,5,W
237,745.57,899.70,3,E,5,W
175,700.78,900.00,1,E,5,W
140,735.65,900.30,1,W,5,W
141,748.34,900.60,1,W,5,W
198,807.35,913.37,2,W,3,W
71,680.31,921.54,1,S,5,N
195,744.46,921.84,2,W,5,N
210,711.45,922.14,2,E,5,N
196,758.90,922.44,2,W,5,N
197,781.94,922.74,2,W,5,N
211,789.97,923.04,2,E,5,N
138,715.31,923.34,1,W,5,N
139,732.30,923.64,1,W,5,N
176,710.37,923.94,1,E,5,N
224,805.96,929.67,3,W,5,N
225,830.13,929.97,3,W,5,N
239,873.94,935.71,3,E,5,N
83,833.52,938.47,1,S,3,W
147,823.47,940.27,1,W,3,E
86,897.84,943.42,1,S,2,W
241,896.66,958.43,3,E,5,N
311,872.85,965.54,5,W,5,N
312,887.99,965.84,5,W,5,N
313,890.71,966.14,5,W,5,N
314,894.38,966.44,5,W,5,N
315,897.84,966.74,5,W,5,N
240,876.80,999.30,3,E,5,W
72,740.64,999.60,1,S,5,W
75,745.81,999.90,1,S,5,W
76,751.47,1000.20,1,S,5,W
212,813.37,1000.50,2,E,5,W
82,827.93,1000.80,1,S,5,W
142,768.79,1001.10,1,W,5,W
144,814.56,1001.40,1,W,5,W
146,821.83,1001.70,1,W,5,W
148,854.71,1002.00,1,W,5,W
79,822.79,1015.90,1,S,5,E
143,810.96,1016.80,1,W,5,E
78,752.07,1021.44,1,S,5,N
199,853.40,1021.74,2,W,5,N
80,826.01,1022.34,1,S,5,N
81,827.34,1022.64,1,S,5,N
145,814.59,1023.24,1,W,5,N
177,805.46,1023.54,1,E,5,N
178,833.21,1023.84,1,E,5,N
179,870.97,1024.14,1,E,5,N
85,895.77,1099.20,1,S,5,W
84,894.12,1121.34,1,S,5,N
149,874.44,1121.64,1,W,5,N