id,enter_time,exit_time,entrance_intersection,entrance_direction,exit_intersection,exit_direction
243,3.50,66.44,5,W,5,N
244,6.86,66.74,5,W,5,N
245,8.57,67.04,5,W,5,N
246,10.81,67.34,5,W,5,N
247,13.49,67.64,5,W,5,N
248,19.49,67.94,5,W,5,N
249,35.99,68.24,5,W,5,N
250,41.31,68.54,5,W,5,N
251,45.12,68.84,5,W,5,N
252,52.92,69.14,5,W,5,N
0,65.57,100.70,1,S,1,W
6,81.21,101.00,1,S,1,W
95,62.53,102.50,1,W,2,W
3,72.07,114.10,1,S,1,E
7,95.80,115.00,1,S,1,E
198,86.30,122.38,2,E,3,W
222,2.32,131.27,3,E,5,N
212,41.86,131.27,3,W,5,N
223,74.57,136.34,3,E,5,N
224,77.45,139.22,3,E,5,N
4,72.51,140.52,1,S,2,W
253,92.60,166.34,5,W,5,N
254,114.04,166.64,5,W,5,N
255,119.12,166.94,5,W,5,N
256,121.50,167.24,5,W,5,N
257,122.23,167.54,5,W,5,N
258,122.27,167.84,5,W,5,N
259,126.60,168.14,5,W,5,N
260,128.26,168.44,5,W,5,N
261,128.97,168.74,5,W,5,N
262,130.88,169.04,5,W,5,N
263,132.35,169.34,5,W,5,N
264,135.35,169.64,5,W,5,N
265,137.92,169.94,5,W,5,N
266,138.82,170.24,5,W,5,N
267,145.11,170.54,5,W,5,N
268,148.52,170.84,5,W,5,N
269,166.03,172.16,5,W,5,N
270,167.22,173.35,5,W,5,N
347,102.02,180.34,5,E,5,N
348,102.60,180.64,5,E,5,N
349,102.73,180.94,5,E,5,N
225,96.60,200.10,3,E,5,W
88,2.18,200.40,1,W,5,W
94,59.20,200.70,1,W,5,W
152,37.08,201.00,1,E,5,W
10,104.19,201.10,1,S,1,W
153,44.35,201.30,1,E,5,W
92,27.73,217.00,1,W,5,E
89,5.24,222.24,1,W,5,N
90,24.99,222.54,1,W,5,N
91,25.41,222.84,1,W,5,N
93,31.03,223.44,1,W,5,N
151,16.53,223.74,1,E,5,N
213,152.39,231.07,3,W,5,N
226,176.75,238.52,3,E,5,N
25,229.27,243.40,1,S,1,E
271,188.73,266.24,5,W,5,N
272,201.85,266.54,5,W,5,N
273,217.13,266.84,5,W,5,N
274,222.59,267.14,5,W,5,N
275,237.81,267.44,5,W,5,N
276,239.29,267.74,5,W,5,N
277,263.65,269.78,5,W,5,N
278,266.02,272.16,5,W,5,N
279,269.67,275.80,5,W,5,N
280,270.32,276.46,5,W,5,N
350,202.87,280.24,5,E,5,N
351,248.81,280.54,5,E,5,N
352,268.00,280.84,5,E,5,N
11,177.03,299.70,1,S,3,E
2,71.33,300.00,1,S,5,W
199,107.00,300.30,2,E,5,W
14,193.58,300.60,1,S,3,W
96,69.86,300.60,1,W,5,W
100,163.83,300.90,1,W,5,W
154,136.46,301.20,1,E,5,W
17,201.62,301.50,1,S,1,W
22,224.77,301.80,1,S,2,W
23,226.26,301.80,1,S,1,W
31,261.28,302.10,1,S,1,W
32,263.96,302.40,1,S,1,W
36,280.28,302.70,1,S,1,W
33,266.07,315.20,1,S,1,E
9,101.54,316.90,1,S,5,E
187,188.58,317.50,2,W,5,E
1,68.25,322.14,1,S,5,N
5,77.40,322.44,1,S,5,N
8,97.83,322.74,1,S,5,N
186,161.96,323.34,2,W,5,N
200,197.69,323.94,2,E,5,N
97,73.31,324.24,1,W,5,N
98,101.24,324.54,1,W,5,N
99,124.05,324.84,1,W,5,N
155,147.11,325.14,1,E,5,N
227,215.98,330.87,3,E,5,N
229,266.58,331.47,3,E,5,N
24,227.60,338.17,1,S,3,W
156,224.81,339.97,1,E,3,E
35,277.58,341.92,1,S,2,W
161,282.02,344.21,1,E,3,W
281,288.44,366.14,5,W,5,N
282,292.28,366.44,5,W,5,N
283,295.84,366.74,5,W,5,N
284,300.68,367.04,5,W,5,N
285,359.46,367.34,5,W,5,N
286,362.89,369.02,5,W,5,N
287,366.77,372.90,5,W,5,N
288,368.47,374.61,5,W,5,N
353,312.35,380.14,5,E,5,N
354,322.39,380.44,5,E,5,N
355,339.99,380.74,5,E,5,N
356,341.80,381.04,5,E,5,N
228,250.36,399.90,3,E,5,W
30,258.14,400.10,1,S,3,W
13,191.19,400.20,1,S,5,W
34,270.06,400.40,1,S,3,E
15,197.17,400.50,1,S,5,W
189,215.06,400.80,2,W,5,W
18,215.83,401.10,1,S,5,W
19,218.57,401.40,1,S,5,W
21,221.88,401.70,1,S,5,W
37,361.24,401.90,1,S,1,W
27,236.15,402.00,1,S,5,W
41,371.37,402.20,1,S,1,W
101,212.44,402.30,1,W,5,W
42,372.76,402.50,1,S,1,W
158,257.11,402.60,1,E,5,W
44,375.04,402.80,1,S,1,W
159,268.94,402.90,1,E,5,W
160,279.53,403.20,1,E,5,W
39,369.14,415.00,1,S,1,E
50,389.10,417.40,1,S,1,E
12,191.17,422.04,1,S,5,N
16,199.62,422.34,1,S,5,N
188,209.36,422.64,2,W,5,N
201,226.37,422.94,2,E,5,N
20,219.57,423.24,1,S,5,N
26,234.41,423.54,1,S,5,N
102,214.63,423.84,1,W,5,N
103,248.14,424.14,1,W,5,N
157,246.48,424.44,1,E,5,N
214,301.53,424.53,3,W,5,E
215,350.55,430.97,3,W,5,N
108,335.93,437.97,1,W,3,E
52,403.06,444.12,1,S,2,E
289,385.28,466.04,5,W,5,N
290,386.74,466.34,5,W,5,N
291,389.78,466.64,5,W,5,N
292,392.41,466.94,5,W,5,N
293,393.39,467.24,5,W,5,N
294,396.31,467.54,5,W,5,N
295,399.02,467.84,5,W,5,N
296,402.56,468.14,5,W,5,N
297,407.69,468.44,5,W,5,N
298,410.64,468.74,5,W,5,N
299,415.93,469.04,5,W,5,N
300,419.81,469.34,5,W,5,N
301,432.00,469.64,5,W,5,N
302,463.04,469.94,5,W,5,N
303,465.94,472.08,5,W,5,N
357,434.22,480.04,5,E,5,N
358,485.58,491.72,5,E,5,N
230,354.24,499.80,3,E,5,W
231,388.86,500.10,3,E,5,W
29,254.53,500.40,1,S,5,W
202,322.12,500.70,2,E,5,W
47,381.78,500.80,1,S,3,W
104,267.08,501.00,1,W,5,W
166,358.33,501.30,1,E,5,W
117,447.70,503.20,1,W,2,W
204,433.30,512.97,2,E,3,W
28,247.35,515.80,1,S,5,E
203,374.11,522.24,2,E,5,N
190,394.74,522.54,2,W,5,N
105,300.35,522.84,1,W,5,N
106,303.80,523.14,1,W,5,N
107,332.01,523.44,1,W,5,N
162,303.23,523.74,1,E,5,N
163,313.43,524.04,1,E,5,N
164,328.40,524.34,1,E,5,N
165,329.64,524.64,1,E,5,N
232,406.26,530.47,3,E,5,N
233,433.21,530.77,3,E,5,N
167,437.61,539.57,1,E,3,E
304,494.29,565.94,5,W,5,N
305,495.09,566.24,5,W,5,N
306,510.68,566.54,5,W,5,N
307,512.78,566.84,5,W,5,N
308,515.17,567.14,5,W,5,N
309,520.50,567.44,5,W,5,N
310,523.51,567.74,5,W,5,N
311,524.82,568.04,5,W,5,N
312,527.29,568.34,5,W,5,N
313,553.77,568.64,5,W,5,N
359,512.94,579.94,5,E,5,N
360,554.46,580.24,5,E,5,N
361,555.08,580.54,5,E,5,N
362,564.67,580.84,5,E,5,N
363,586.08,592.21,5,E,5,N
216,481.01,599.70,3,W,5,W
40,369.70,600.00,1,S,5,W
49,385.53,600.30,1,S,5,W
110,377.99,600.60,1,W,5,W
111,380.31,600.90,1,W,5,W
58,551.38,602.70,1,S,1,W
59,555.56,603.00,1,S,1,W
61,559.62,603.30,1,S,1,W
62,562.20,603.60,1,S,1,W
56,545.08,615.80,1,S,1,E
116,444.95,619.30,1,W,5,E
38,362.22,621.84,1,S,5,N
43,374.76,622.14,1,S,5,N
45,378.10,622.44,1,S,5,N
46,379.25,622.74,1,S,5,N
48,383.41,623.04,1,S,5,N
51,400.56,623.34,1,S,5,N
53,403.44,623.64,1,S,5,N
109,375.47,623.94,1,W,5,N
234,537.69,624.13,3,E,5,E
112,382.80,624.24,1,W,5,N
113,401.98,624.54,1,W,5,N
114,403.87,624.84,1,W,5,N
115,406.28,625.14,1,W,5,N
168,477.73,625.74,1,E,5,N
169,485.52,626.04,1,E,5,N
170,491.97,626.34,1,E,5,N
217,588.43,650.20,3,W,5,N
314,587.71,665.84,5,W,5,N
315,589.71,666.14,5,W,5,N
316,648.03,666.44,5,W,5,N
317,650.63,666.74,5,W,5,N
364,609.54,679.84,5,E,5,N
171,496.55,699.60,1,E,5,W
54,466.35,699.90,1,S,5,W
205,517.31,700.20,2,E,5,W
191,582.99,700.50,2,W,5,W
119,508.96,700.80,1,W,5,W
121,540.75,701.10,1,W,5,W
175,562.89,701.40,1,E,5,W
118,491.70,715.90,1,W,5,E
206,543.67,721.74,2,E,5,N
120,537.75,722.34,1,W,5,N
122,551.99,722.64,1,W,5,N
172,502.65,722.94,1,E,5,N
173,540.65,723.24,1,E,5,N
174,558.14,723.54,1,E,5,N
176,568.76,723.84,1,E,5,N
235,645.24,730.07,3,E,5,N
236,666.18,730.37,3,E,5,N
178,615.62,740.67,1,E,3,E
67,653.93,742.92,1,S,2,W
318,676.52,765.74,5,W,5,N
319,678.16,766.04,5,W,5,N
320,678.44,766.34,5,W,5,N
321,681.61,766.64,5,W,5,N
322,685.58,766.94,5,W,5,N
323,688.06,767.24,5,W,5,N
324,743.06,767.54,5,W,5,N
325,744.85,767.84,5,W,5,N
326,748.48,768.14,5,W,5,N
327,769.69,775.83,5,W,5,N
365,719.47,779.74,5,E,5,N
366,769.68,780.04,5,E,5,N
367,770.42,780.34,5,E,5,N
368,777.41,783.54,5,E,5,N
60,556.79,799.50,1,S,5,W
192,611.11,799.80,2,W,5,W
207,640.65,800.10,2,E,5,W
126,619.05,800.40,1,W,5,W
179,620.89,800.70,1,E,5,W
71,723.99,801.70,1,S,2,E
73,798.31,812.44,1,S,1,W
193,765.73,813.27,2,W,3,W
123,601.53,816.40,1,W,5,E
132,666.13,818.80,1,W,5,E
55,543.43,821.64,1,S,5,N
57,546.09,821.94,1,S,5,N
63,636.30,822.24,1,S,5,N
124,601.86,822.84,1,W,5,N
125,601.92,823.14,1,W,5,N
127,622.57,823.44,1,W,5,N
128,654.48,823.74,1,W,5,N
129,655.40,824.04,1,W,5,N
130,657.91,824.34,1,W,5,N
131,660.23,824.64,1,W,5,N
177,610.49,825.24,1,E,5,N
180,636.53,825.54,1,E,5,N
218,704.43,829.87,3,W,5,N
237,740.34,829.87,3,E,5,N
80,815.99,830.12,1,S,1,E
83,823.31,837.44,1,S,1,E
238,776.71,838.48,3,E,5,N
328,773.34,865.64,5,W,5,N
329,782.68,865.94,5,W,5,N
330,787.06,866.24,5,W,5,N
331,789.61,866.54,5,W,5,N
332,793.19,866.84,5,W,5,N
333,796.52,867.14,5,W,5,N
334,800.03,867.44,5,W,5,N
335,820.73,867.74,5,W,5,N
336,824.81,868.04,5,W,5,N
337,827.16,868.34,5,W,5,N
338,828.63,868.64,5,W,5,N
339,835.53,868.94,5,W,5,N
340,839.28,869.24,5,W,5,N
341,843.24,869.54,5,W,5,N
342,846.29,869.84,5,W,5,N
343,850.12,870.14,5,W,5,N
344,852.41,870.44,5,W,5,N
369,886.74,892.88,5,E,5,N
219,741.05,899.40,3,W,5,W
65,644.55,899.70,1,S,5,W
66,649.75,900.00,1,S,5,W
69,722.77,900.30,1,S,5,W
70,723.62,900.60,1,S,5,W
181,771.04,900.90,1,E,5,W
136,801.98,903.90,1,W,2,W
74,801.15,903.90,1,S,1,W
75,805.08,904.20,1,S,1,W
87,839.99,904.50,1,S,1,W
182,807.26,906.60,1,E,2,W
196,868.92,913.67,2,W,3,W
64,639.63,915.40,1,S,5,E
68,656.87,921.84,1,S,5,N
208,735.43,922.14,2,E,5,N
194,787.36,922.44,2,W,5,N
133,692.49,922.74,1,W,5,N
134,731.91,923.04,1,W,5,N
135,753.81,923.34,1,W,5,N
184,870.45,943.27,1,E,3,E
185,876.94,943.57,1,E,3,W
221,882.68,944.45,3,W,5,N
240,894.09,955.86,3,E,5,N
241,896.50,958.27,3,E,5,N
345,873.57,965.54,5,W,5,N
346,876.70,965.84,5,W,5,N
239,859.61,999.30,3,E,5,W
220,881.64,999.60,3,W,5,W
210,873.43,999.90,2,E,5,W
76,807.90,1000.20,1,S,5,W
77,811.91,1000.50,1,S,5,W
81,820.07,1000.80,1,S,5,W
82,821.95,1001.10,1,S,5,W
142,859.86,1001.40,1,W,5,W
183,833.51,1001.70,1,E,5,W
148,888.98,1002.20,1,W,2,E
72,795.89,1015.30,1,S,5,E
138,807.46,1018.60,1,W,5,E
140,851.73,1019.20,1,W,5,E
209,815.97,1021.74,2,E,5,N
195,856.32,1022.04,2,W,5,N
197,884.49,1022.34,2,W,5,N
211,897.47,1022.64,2,E,5,N
78,814.88,1022.94,1,S,5,N
79,815.19,1023.24,1,S,5,N
84,829.76,1023.54,1,S,5,N
85,832.75,1023.84,1,S,5,N
86,839.60,1024.14,1,S,5,N
137,804.25,1024.44,1,W,5,N
139,844.02,1025.04,1,W,5,N
141,859.33,1025.64,1,W,5,N
143,863.70,1025.94,1,W,5,N
144,867.13,1026.24,1,W,5,N
242,899.04,1029.47,3,E,5,N
145,869.77,1099.20,1,W,5,W
147,885.51,1099.50,1,W,5,W
146,874.93,1121.34,1,W,5,N
149,890.08,1121.64,1,W,5,N
150,893.91,1121.94,1,W,5,N