id,enter_time,exit_time,entrance_intersection,entrance_direction,exit_intersection,exit_direction
211,0.49,66.44,5,W,5,N
212,2.87,66.74,5,W,5,N
213,5.26,67.04,5,W,5,N
214,7.59,67.34,5,W,5,N
215,10.04,67.64,5,W,5,N
216,41.51,67.94,5,W,5,N
217,44.70,68.24,5,W,5,N
218,46.36,68.54,5,W,5,N
219,47.87,68.84,5,W,5,N
220,50.95,69.14,5,W,5,N
221,65.88,72.02,5,W,5,N
5,87.57,101.71,1,S,1,W
8,94.51,108.65,1,S,1,W
10,97.49,115.60,1,S,1,E
127,94.88,121.00,1,E,2,W
0,5.43,136.47,1,S,3,W
222,80.41,166.34,5,W,5,N
223,84.34,166.64,5,W,5,N
224,87.17,166.94,5,W,5,N
225,108.41,167.24,5,W,5,N
226,138.07,167.54,5,W,5,N
279,100.45,180.34,5,E,5,N
280,181.75,187.89,5,E,5,N
169,43.48,200.10,2,E,5,W
60,0.91,200.40,1,W,5,W
61,6.19,200.70,1,W,5,W
124,20.44,201.00,1,E,5,W
126,44.24,201.30,1,E,5,W
72,163.52,203.20,1,W,2,E
158,121.05,212.67,2,W,3,W
157,58.05,222.24,2,W,5,N
62,37.63,222.54,1,W,5,N
125,24.40,222.84,1,E,5,N
182,117.06,231.07,3,W,5,N
183,121.03,231.37,3,W,5,N
184,138.53,231.67,3,W,5,N
185,157.87,231.97,3,W,5,N
186,175.62,237.39,3,W,5,N
196,187.88,249.65,3,E,5,N
227,214.65,266.24,5,W,5,N
228,218.27,266.54,5,W,5,N
229,220.97,266.84,5,W,5,N
230,224.64,267.14,5,W,5,N
231,225.99,267.44,5,W,5,N
232,228.85,267.74,5,W,5,N
233,234.84,268.04,5,W,5,N
234,235.46,268.34,5,W,5,N
235,239.81,268.64,5,W,5,N
236,255.47,268.94,5,W,5,N
281,288.30,294.43,5,E,5,N
194,116.20,300.00,3,E,5,W
195,185.10,300.30,3,E,5,W
9,95.40,300.60,1,S,5,W
64,78.60,300.90,1,W,5,W
69,116.14,301.20,1,W,5,W
17,276.95,301.50,1,S,1,W
128,124.22,301.50,1,E,5,W
131,160.28,301.80,1,E,5,W
1,71.38,322.14,1,S,5,N
2,75.42,322.44,1,S,5,N
3,76.09,322.74,1,S,5,N
4,78.08,323.04,1,S,5,N
6,90.25,323.34,1,S,5,N
7,93.83,323.64,1,S,5,N
170,126.14,323.94,2,E,5,N
159,146.30,324.24,2,W,5,N
63,75.33,324.54,1,W,5,N
65,81.04,324.84,1,W,5,N
66,103.84,325.14,1,W,5,N
67,107.75,325.44,1,W,5,N
68,112.85,325.74,1,W,5,N
70,160.18,326.04,1,W,5,N
71,161.16,326.34,1,W,5,N
129,134.53,326.64,1,E,5,N
130,139.02,326.94,1,E,5,N
197,266.70,330.87,3,E,5,N
78,232.45,338.17,1,W,3,W
80,236.81,338.77,1,W,3,E
14,271.09,340.72,1,S,2,W
237,281.41,366.14,5,W,5,N
238,283.66,366.44,5,W,5,N
239,287.36,366.74,5,W,5,N
240,344.13,367.04,5,W,5,N
241,346.61,367.34,5,W,5,N
282,310.36,380.14,5,E,5,N
283,311.94,380.44,5,E,5,N
284,351.04,380.74,5,E,5,N
285,361.90,381.04,5,E,5,N
172,266.64,399.90,2,E,5,W
73,166.14,400.20,1,W,5,W
75,173.50,400.50,1,W,5,W
77,213.46,400.80,1,W,5,W
82,264.99,401.10,1,W,5,W
132,216.93,401.40,1,E,5,W
138,352.15,403.10,1,E,2,W
135,292.49,410.31,1,E,5,W
23,371.98,415.60,1,S,1,E
79,235.97,417.40,1,W,5,E
11,176.53,422.04,1,S,5,N
12,178.54,422.34,1,S,5,N
171,206.66,422.64,2,E,5,N
74,168.66,422.94,1,W,5,N
76,181.08,423.24,1,W,5,N
81,243.64,423.84,1,W,5,N
133,223.47,424.14,1,E,5,N
134,273.28,424.44,1,E,5,N
136,295.31,424.74,1,E,5,N
187,303.19,430.67,3,W,5,N
188,344.28,430.97,3,W,5,N
189,346.49,431.27,3,W,5,N
83,267.36,436.77,1,W,3,E
87,284.34,437.97,1,W,3,W
201,376.51,438.28,3,E,5,N
242,397.00,466.04,5,W,5,N
243,401.62,466.34,5,W,5,N
244,404.28,466.64,5,W,5,N
245,405.65,466.94,5,W,5,N
246,432.86,467.24,5,W,5,N
247,437.05,467.54,5,W,5,N
248,450.74,467.84,5,W,5,N
249,452.67,468.14,5,W,5,N
250,472.86,479.00,5,W,5,N
286,411.09,480.04,5,E,5,N
287,451.31,480.34,5,E,5,N
288,463.02,480.64,5,E,5,N
137,299.50,499.80,1,E,5,W
198,359.81,500.10,3,E,5,W
199,363.66,500.40,3,E,5,W
200,373.69,500.70,3,E,5,W
16,275.33,501.00,1,S,5,W
160,333.71,501.30,2,W,5,W
173,341.26,501.60,2,E,5,W
94,454.78,501.70,1,W,2,W
174,362.00,501.90,2,E,5,W
88,317.75,502.20,1,W,5,W
24,440.48,502.30,1,S,1,W
89,351.54,502.50,1,W,5,W
26,454.33,502.60,1,S,1,W
30,472.98,502.90,1,S,1,W
289,498.13,504.27,5,E,5,N
29,469.59,516.00,1,S,1,E
13,267.88,521.94,1,S,5,N
15,273.04,522.24,1,S,5,N
18,279.76,522.54,1,S,5,N
19,281.62,522.84,1,S,5,N
84,267.94,523.14,1,W,5,N
85,271.61,523.44,1,W,5,N
86,281.89,523.74,1,W,5,N
90,352.87,524.04,1,W,5,N
139,354.96,524.34,1,E,5,N
202,476.87,538.64,3,E,5,N
251,474.92,565.94,5,W,5,N
252,480.32,566.24,5,W,5,N
253,483.54,566.54,5,W,5,N
254,485.29,566.84,5,W,5,N
255,489.07,567.14,5,W,5,N
256,494.50,567.44,5,W,5,N
257,497.67,567.74,5,W,5,N
258,515.35,568.04,5,W,5,N
259,520.69,568.34,5,W,5,N
260,536.69,568.64,5,W,5,N
261,541.81,568.94,5,W,5,N
262,547.58,569.24,5,W,5,N
290,503.47,579.94,5,E,5,N
25,450.64,599.10,1,S,3,E
190,464.67,599.70,3,W,5,W
20,361.16,600.00,1,S,5,W
175,449.51,600.30,2,E,5,W
91,400.42,600.60,1,W,5,W
140,401.66,600.90,1,E,5,W
141,430.64,601.20,1,E,5,W
143,448.86,601.50,1,E,5,W
97,480.20,601.50,1,W,2,W
144,452.61,601.80,1,E,5,W
36,579.13,602.70,1,S,1,W
21,363.38,621.84,1,S,5,N
22,368.66,622.14,1,S,5,N
92,419.26,622.44,1,W,5,N
93,453.79,622.74,1,W,5,N
142,434.69,623.04,1,E,5,N
145,481.44,623.34,1,E,5,N
203,573.83,635.60,3,E,5,N
102,532.16,639.07,1,W,3,W
103,560.65,639.37,1,W,3,W
39,625.48,639.61,1,S,1,E
147,520.36,639.97,1,E,3,W
43,636.93,651.06,1,S,1,E
151,593.53,655.72,1,E,3,W
263,625.44,665.84,5,W,5,N
264,629.35,666.14,5,W,5,N
265,644.48,666.44,5,W,5,N
266,647.52,666.74,5,W,5,N
267,665.67,671.80,5,W,5,N
268,668.94,675.07,5,W,5,N
291,645.35,679.84,5,E,5,N
191,593.47,699.60,3,W,5,W
28,465.98,699.90,1,S,5,W
31,474.44,700.20,1,S,5,W
34,480.10,700.50,1,S,5,W
162,585.17,700.80,2,W,5,W
42,636.44,703.10,1,S,1,W
27,459.87,721.74,1,S,5,N
32,474.77,722.04,1,S,5,N
33,476.98,722.34,1,S,5,N
161,512.51,722.64,2,W,5,N
176,532.37,722.94,2,E,5,N
95,476.41,723.24,1,W,5,N
96,479.70,723.54,1,W,5,N
98,511.44,723.84,1,W,5,N
99,514.20,724.14,1,W,5,N
100,516.31,724.44,1,W,5,N
101,530.31,724.74,1,W,5,N
146,502.99,725.04,1,E,5,N
148,525.53,725.34,1,E,5,N
149,546.94,725.64,1,E,5,N
150,575.23,725.94,1,E,5,N
269,694.50,765.74,5,W,5,N
270,696.67,766.04,5,W,5,N
271,729.65,766.34,5,W,5,N
272,733.52,766.64,5,W,5,N
273,760.94,767.08,5,W,5,N
274,761.18,767.32,5,W,5,N
275,766.74,772.88,5,W,5,N
292,781.40,787.54,5,E,5,N
293,783.55,789.69,5,E,5,N
294,785.02,791.15,5,E,5,N
295,787.85,793.98,5,E,5,N
204,636.64,799.50,3,E,5,W
205,640.41,799.80,3,E,5,W
206,677.03,800.10,3,E,5,W
37,579.92,800.40,1,S,5,W
164,669.03,800.70,2,W,5,W
178,654.10,801.00,2,E,5,W
105,625.14,801.30,1,W,5,W
152,660.95,801.60,1,E,5,W
46,735.09,803.50,1,S,1,W
35,576.07,821.64,1,S,5,N
38,581.90,821.94,1,S,5,N
177,614.95,822.24,2,E,5,N
163,609.74,822.54,2,W,5,N
165,669.33,822.84,2,W,5,N
166,689.02,823.14,2,W,5,N
40,632.73,823.44,1,S,5,N
41,635.93,823.74,1,S,5,N
104,605.67,824.04,1,W,5,N
106,645.07,824.34,1,W,5,N
107,647.63,824.64,1,W,5,N
192,738.83,829.87,3,W,5,N
52,745.66,843.02,1,S,2,W
276,799.64,865.64,5,W,5,N
277,805.48,865.94,5,W,5,N
278,811.43,866.24,5,W,5,N
296,799.94,879.64,5,E,5,N
297,808.73,879.94,5,E,5,N
298,830.37,880.24,5,E,5,N
299,830.65,880.54,5,E,5,N
207,787.43,899.40,3,E,5,W
208,790.02,899.70,3,E,5,W
179,746.50,900.00,2,E,5,W
44,729.89,900.30,1,S,5,W
48,736.75,900.60,1,S,5,W
109,689.47,900.90,1,W,5,W
114,743.84,901.20,1,W,5,W
115,794.62,901.20,1,W,2,W
112,713.13,917.20,1,W,5,E
153,748.15,917.80,1,E,5,E
45,730.17,921.54,1,S,5,N
47,736.73,921.84,1,S,5,N
49,737.02,922.14,1,S,5,N
108,686.25,922.44,1,W,5,N
110,692.09,922.74,1,W,5,N
111,699.98,923.04,1,W,5,N
113,718.28,923.64,1,W,5,N
154,786.41,924.24,1,E,5,N
209,869.45,925.08,3,E,5,E
121,823.74,939.07,1,W,3,W
156,879.02,941.21,1,E,3,W
193,879.72,941.49,3,W,5,N
210,888.60,999.30,3,E,5,W
51,744.50,999.60,1,S,5,W
53,789.09,999.90,1,S,5,W
180,826.69,1000.20,2,E,5,W
181,859.48,1000.50,2,E,5,W
117,811.41,1000.80,1,W,5,W
168,898.82,1017.10,2,W,5,E
50,740.80,1021.44,1,S,5,N
54,790.31,1021.74,1,S,5,N
55,794.27,1022.04,1,S,5,N
56,797.73,1022.34,1,S,5,N
57,798.41,1022.64,1,S,5,N
167,880.68,1022.94,2,W,5,N
116,796.67,1023.54,1,W,5,N
118,814.98,1023.84,1,W,5,N
119,817.07,1024.14,1,W,5,N
120,820.82,1024.44,1,W,5,N
155,850.86,1024.74,1,E,5,N
123,890.39,1099.20,1,W,5,W
58,889.96,1121.34,1,S,5,N
59,893.51,1121.64,1,S,5,N
122,870.66,1121.94,1,W,5,N