id,enter_time,exit_time,entrance_intersection,entrance_direction,exit_intersection,exit_direction
228,28.33,66.44,5,W,5,N
229,31.54,66.74,5,W,5,N
230,34.74,67.04,5,W,5,N
231,37.05,67.34,5,W,5,N
232,39.36,67.64,5,W,5,N
233,43.57,67.94,5,W,5,N
234,44.32,68.24,5,W,5,N
235,44.40,68.54,5,W,5,N
279,3.12,80.44,5,E,5,N
280,3.33,80.74,5,E,5,N
281,13.91,81.04,5,E,5,N
282,22.44,81.34,5,E,5,N
0,87.63,101.76,1,S,1,W
169,69.33,113.17,2,W,3,W
236,73.98,166.34,5,W,5,N
237,94.25,166.64,5,W,5,N
238,108.65,166.94,5,W,5,N
239,169.97,176.10,5,W,5,N
283,172.24,180.34,5,E,5,N
194,44.74,200.10,3,W,5,W
208,38.34,200.40,3,E,5,W
168,21.18,200.70,2,W,5,W
120,2.90,201.00,1,E,5,W
122,47.12,201.30,1,E,5,W
65,161.95,202.30,1,W,2,W
183,134.26,212.67,2,E,3,E
55,46.04,217.30,1,W,5,E
127,86.94,220.00,1,E,5,E
182,69.23,222.24,2,E,5,N
167,16.91,222.54,2,W,5,N
170,98.24,222.84,2,W,5,N
54,40.62,223.14,1,W,5,N
56,48.93,223.74,1,W,5,N
57,50.09,224.04,1,W,5,N
58,53.19,224.34,1,W,5,N
121,40.96,224.64,1,E,5,N
123,58.44,224.94,1,E,5,N
124,61.96,225.24,1,E,5,N
125,66.13,225.54,1,E,5,N
126,80.57,225.84,1,E,5,N
128,89.06,226.44,1,E,5,N
129,90.79,226.74,1,E,5,N
130,95.12,227.04,1,E,5,N
131,98.55,227.34,1,E,5,N
210,167.06,231.37,3,E,5,N
195,179.88,241.65,3,W,5,N
240,199.46,266.24,5,W,5,N
284,206.40,280.24,5,E,5,N
285,230.78,280.54,5,E,5,N
286,283.96,290.10,5,E,5,N
287,285.28,291.42,5,E,5,N
209,147.44,300.00,3,E,5,W
1,89.50,300.30,1,S,5,W
66,164.12,300.60,1,W,5,W
67,164.68,300.90,1,W,5,W
132,104.48,301.20,1,E,5,W
8,206.89,301.50,1,S,1,W
12,210.83,301.80,1,S,1,W
13,211.28,302.10,1,S,1,W
184,225.04,312.77,2,E,3,W
2,93.16,322.14,1,S,5,N
171,112.77,322.44,2,W,5,N
172,134.24,322.74,2,W,5,N
59,85.16,323.04,1,W,5,N
60,118.37,323.34,1,W,5,N
61,135.67,323.64,1,W,5,N
62,141.14,323.94,1,W,5,N
63,144.78,324.24,1,W,5,N
64,148.41,324.54,1,W,5,N
133,125.35,324.84,1,E,5,N
134,153.69,325.14,1,E,5,N
212,249.06,331.17,3,E,5,N
9,207.07,336.67,1,S,3,W
241,279.85,366.14,5,W,5,N
242,282.16,366.44,5,W,5,N
243,283.72,366.74,5,W,5,N
244,287.62,367.04,5,W,5,N
245,305.08,367.34,5,W,5,N
246,308.45,367.64,5,W,5,N
247,328.98,367.94,5,W,5,N
248,355.53,368.24,5,W,5,N
288,304.69,380.14,5,E,5,N
211,238.70,399.90,3,E,5,W
6,198.80,400.20,1,S,5,W
7,202.65,400.50,1,S,5,W
175,245.55,400.80,2,W,5,W
185,286.30,401.10,2,E,5,W
68,168.41,401.40,1,W,5,W
70,193.32,401.70,1,W,5,W
15,298.61,401.90,1,S,1,W
71,200.62,402.00,1,W,5,W
72,203.32,402.30,1,W,5,W
135,203.22,402.60,1,E,5,W
138,254.03,402.90,1,E,5,W
140,286.70,404.52,1,E,5,W
85,343.17,404.60,1,W,2,E
176,303.95,412.87,2,W,3,W
73,205.30,418.60,1,W,5,E
137,251.63,419.50,1,E,5,E
145,395.90,422.01,1,E,2,W
3,180.58,422.04,1,S,5,N
4,195.33,422.34,1,S,5,N
5,197.65,422.64,1,S,5,N
173,202.78,422.94,2,W,5,N
174,224.84,423.24,2,W,5,N
10,208.91,423.54,1,S,5,N
11,209.02,423.84,1,S,5,N
14,213.43,424.14,1,S,5,N
69,178.85,424.44,1,W,5,N
74,230.33,425.04,1,W,5,N
136,212.74,425.34,1,E,5,N
139,257.57,425.94,1,E,5,N
141,292.32,426.24,1,E,5,N
142,297.29,426.54,1,E,5,N
143,300.05,426.84,1,E,5,N
213,362.50,430.67,3,E,5,N
196,301.53,430.67,3,W,5,N
18,313.75,437.07,1,S,3,W
19,314.82,437.37,1,S,3,E
24,397.46,442.02,1,S,2,W
25,404.58,444.83,1,S,2,W
214,386.86,448.63,3,E,5,N
249,385.37,466.04,5,W,5,N
250,389.31,466.34,5,W,5,N
251,402.55,466.64,5,W,5,N
252,406.12,466.94,5,W,5,N
253,408.48,467.24,5,W,5,N
289,399.84,480.04,5,E,5,N
16,300.11,499.80,1,S,5,W
186,344.56,500.10,2,E,5,W
81,296.73,500.40,1,W,5,W
26,405.12,500.80,1,S,2,W
79,286.30,518.20,1,W,5,E
82,304.03,518.80,1,W,5,E
177,366.17,521.94,2,W,5,N
187,391.34,522.24,2,E,5,N
178,392.25,522.54,2,W,5,N
17,309.82,522.84,1,S,5,N
75,272.68,523.14,1,W,5,N
76,275.34,523.44,1,W,5,N
77,277.78,523.74,1,W,5,N
78,285.08,524.04,1,W,5,N
80,294.23,524.64,1,W,5,N
83,307.42,525.24,1,W,5,N
84,339.95,525.54,1,W,5,N
86,364.53,525.84,1,W,5,N
144,356.34,526.14,1,E,5,N
254,492.36,565.94,5,W,5,N
255,517.12,566.24,5,W,5,N
256,521.45,566.54,5,W,5,N
257,524.83,566.84,5,W,5,N
258,539.22,567.14,5,W,5,N
259,545.05,567.44,5,W,5,N
260,545.97,567.74,5,W,5,N
290,549.35,579.94,5,E,5,N
197,404.44,599.70,3,W,5,W
215,450.52,600.00,3,E,5,W
146,401.59,600.30,1,E,5,W
21,395.18,600.60,1,S,5,W
22,395.43,600.90,1,S,5,W
23,397.12,601.20,1,S,5,W
31,523.11,601.20,1,S,2,E
88,449.62,601.50,1,W,5,W
92,478.31,601.50,1,W,2,E
90,455.32,601.80,1,W,5,W
93,491.83,601.80,1,W,2,W
149,453.54,602.10,1,E,5,W
150,476.45,617.80,1,E,5,E
151,479.11,618.10,1,E,5,E
20,392.19,621.84,1,S,5,N
188,471.78,622.14,2,E,5,N
87,404.96,622.44,1,W,5,N
89,452.32,622.74,1,W,5,N
91,458.89,623.04,1,W,5,N
147,421.13,623.34,1,E,5,N
33,609.24,623.37,1,S,1,E
148,425.08,623.64,1,E,5,N
216,561.55,624.13,3,E,5,E
217,564.39,624.43,3,E,5,E
198,517.41,630.27,3,W,5,N
218,567.97,630.87,3,E,5,N
180,594.99,631.06,2,W,3,E
261,578.92,665.84,5,W,5,N
262,619.85,666.14,5,W,5,N
263,624.38,666.44,5,W,5,N
264,627.12,666.74,5,W,5,N
291,651.12,679.84,5,E,5,N
219,570.21,699.60,3,E,5,W
220,572.52,699.90,3,E,5,W
179,568.34,700.20,2,W,5,W
94,494.14,700.50,1,W,5,W
99,555.77,700.80,1,W,5,W
46,677.74,703.10,1,S,1,W
95,499.80,717.10,1,W,5,E
152,533.33,718.30,1,E,5,E
27,466.15,721.74,1,S,5,N
28,468.19,722.04,1,S,5,N
29,471.77,722.34,1,S,5,N
189,556.65,722.64,2,E,5,N
30,520.90,722.94,1,S,5,N
96,503.47,723.54,1,W,5,N
97,505.20,723.84,1,W,5,N
98,551.78,724.14,1,W,5,N
201,669.57,725.20,3,W,5,E
199,650.05,730.07,3,W,5,N
200,654.79,730.37,3,W,5,N
202,679.71,741.48,3,W,5,N
39,665.51,742.92,1,S,2,W
265,706.19,765.74,5,W,5,N
266,707.89,766.04,5,W,5,N
267,711.45,766.34,5,W,5,N
268,714.57,766.64,5,W,5,N
269,733.17,766.94,5,W,5,N
270,738.82,767.24,5,W,5,N
271,742.69,767.54,5,W,5,N
272,746.37,767.84,5,W,5,N
292,708.54,779.74,5,E,5,N
293,709.13,780.04,5,E,5,N
294,715.97,780.34,5,E,5,N
37,659.29,799.00,1,S,3,W
153,595.92,799.50,1,E,5,W
221,684.88,799.80,3,E,5,W
222,695.86,800.10,3,E,5,W
32,606.22,800.40,1,S,5,W
34,609.51,800.70,1,S,5,W
105,722.40,801.70,1,W,2,W
160,716.20,804.10,1,E,2,W
52,755.13,817.50,1,S,1,E
190,607.04,821.64,2,E,5,N
35,611.09,821.94,1,S,5,N
100,594.97,822.24,1,W,5,N
101,595.51,822.54,1,W,5,N
102,633.57,822.84,1,W,5,N
154,617.21,823.14,1,E,5,N
155,625.13,823.44,1,E,5,N
156,654.36,823.74,1,E,5,N
157,656.21,824.04,1,E,5,N
158,693.12,824.34,1,E,5,N
223,773.06,834.83,3,E,5,N
49,744.56,842.72,1,S,2,W
203,786.09,847.86,3,W,5,N
273,792.93,865.64,5,W,5,N
274,808.50,865.94,5,W,5,N
275,808.65,866.24,5,W,5,N
276,836.97,866.54,5,W,5,N
277,838.71,866.84,5,W,5,N
278,842.71,867.14,5,W,5,N
295,847.11,879.64,5,E,5,N
43,670.13,899.40,1,S,5,W
44,671.81,899.70,1,S,5,W
45,673.02,900.00,1,S,5,W
47,678.41,900.30,1,S,5,W
192,730.33,900.60,2,E,5,W
103,671.98,900.90,1,W,5,W
106,723.53,901.20,1,W,5,W
109,731.56,901.50,1,W,5,W
111,758.94,901.80,1,W,5,W
42,669.07,916.60,1,S,5,E
104,717.01,917.50,1,W,5,E
36,656.06,921.54,1,S,5,N
38,662.14,921.84,1,S,5,N
40,666.31,922.14,1,S,5,N
41,668.26,922.44,1,S,5,N
181,751.64,923.04,2,W,5,N
191,702.34,923.34,2,E,5,N
205,828.24,923.83,3,W,5,E
107,726.38,923.94,1,W,5,N
108,728.61,924.24,1,W,5,N
110,734.68,924.54,1,W,5,N
159,710.56,924.84,1,E,5,N
161,791.51,925.14,1,E,5,N
162,797.45,925.44,1,E,5,N
224,846.73,929.67,3,E,5,N
225,849.92,929.97,3,E,5,N
206,873.06,934.83,3,W,5,N
207,873.52,935.29,3,W,5,N
226,876.00,937.77,3,E,5,N
163,819.32,938.77,1,E,3,W
204,826.56,999.30,3,W,5,W
227,879.45,999.60,3,E,5,W
193,820.65,999.90,2,E,5,W
112,789.79,1000.20,1,W,5,W
113,830.78,1000.50,1,W,5,W
114,830.89,1000.80,1,W,5,W
115,833.01,1001.10,1,W,5,W
51,747.78,1015.90,1,S,5,E
48,741.12,1021.44,1,S,5,N
50,744.96,1021.74,1,S,5,N
53,832.20,1022.34,1,S,5,N
164,823.25,1022.64,1,E,5,N
165,865.71,1022.94,1,E,5,N
166,872.85,1023.24,1,E,5,N
118,884.92,1099.20,1,W,5,W
116,870.02,1121.34,1,W,5,N
117,873.91,1121.64,1,W,5,N
119,887.82,1121.94,1,W,5,N