id,enter_time,exit_time,entrance_intersection,entrance_direction,exit_intersection,exit_direction
1,5.10,19.24,1,S,1,E
266,2.62,66.44,5,W,5,N
267,16.68,66.74,5,W,5,N
268,20.04,67.04,5,W,5,N
269,40.29,67.34,5,W,5,N
270,60.48,67.64,5,W,5,N
342,52.67,80.44,5,E,5,N
14,49.45,100.70,1,S,1,W
3,21.30,100.70,1,S,2,E
15,52.04,114.40,1,S,1,E
243,77.27,139.04,3,E,5,N
116,61.37,139.77,1,W,3,W
12,42.32,139.92,1,S,2,E
173,94.69,156.88,1,E,3,E
271,76.89,166.34,5,W,5,N
272,84.21,166.64,5,W,5,N
273,89.88,166.94,5,W,5,N
274,91.73,167.24,5,W,5,N
275,94.08,167.54,5,W,5,N
276,96.51,167.84,5,W,5,N
277,108.60,168.14,5,W,5,N
278,135.16,168.44,5,W,5,N
279,150.44,168.74,5,W,5,N
343,101.56,180.34,5,E,5,N
344,108.07,180.64,5,E,5,N
345,141.88,180.94,5,E,5,N
346,158.82,181.24,5,E,5,N
200,2.21,200.10,2,W,5,W
6,25.39,200.40,1,S,5,W
171,57.41,200.70,1,E,5,W
17,143.73,201.10,1,S,1,W
175,187.83,213.94,1,E,2,W
20,151.72,214.50,1,S,1,E
0,3.54,216.10,1,S,5,E
8,29.80,217.90,1,S,5,E
216,79.61,222.54,2,E,5,N
2,5.35,222.84,1,S,5,N
4,22.38,223.14,1,S,5,N
5,25.04,223.44,1,S,5,N
7,28.44,223.74,1,S,5,N
9,32.95,224.34,1,S,5,N
10,36.56,224.64,1,S,5,N
114,7.71,224.94,1,W,5,N
115,58.42,225.24,1,W,5,N
172,91.65,225.54,1,E,5,N
244,110.39,231.07,3,E,5,N
229,109.35,231.37,3,W,5,N
245,171.04,232.81,3,E,5,N
21,151.77,240.92,1,S,2,W
246,190.47,252.24,3,E,5,N
176,193.87,256.06,1,E,3,E
280,177.68,266.24,5,W,5,N
281,193.58,266.54,5,W,5,N
282,197.00,266.84,5,W,5,N
283,227.87,267.14,5,W,5,N
284,228.92,267.44,5,W,5,N
285,241.24,267.74,5,W,5,N
286,243.32,268.04,5,W,5,N
287,246.34,268.34,5,W,5,N
288,267.28,273.41,5,W,5,N
289,270.84,276.98,5,W,5,N
290,271.95,278.09,5,W,5,N
347,207.99,280.24,5,E,5,N
348,255.80,280.54,5,E,5,N
228,101.67,300.00,3,W,5,W
11,39.27,300.30,1,S,5,W
13,45.61,300.60,1,S,5,W
217,117.95,300.90,2,E,5,W
133,173.80,301.20,1,W,2,E
201,182.99,301.20,2,W,5,W
34,249.19,301.50,1,S,1,W
26,172.06,301.50,1,S,3,E
119,107.98,301.50,1,W,5,W
37,254.21,301.80,1,S,1,W
125,135.66,301.80,1,W,5,W
38,257.07,302.10,1,S,1,W
126,138.63,302.10,1,W,5,W
43,274.18,302.40,1,S,1,W
44,274.50,302.70,1,S,1,W
177,194.26,312.08,1,E,5,W
40,263.73,315.80,1,S,1,E
16,59.62,316.00,1,S,5,E
117,77.28,322.44,1,W,5,N
118,81.70,322.74,1,W,5,N
120,111.98,323.04,1,W,5,N
121,124.09,323.34,1,W,5,N
122,127.06,323.64,1,W,5,N
123,130.76,323.94,1,W,5,N
124,132.67,324.24,1,W,5,N
127,145.68,324.54,1,W,5,N
128,147.85,324.84,1,W,5,N
129,161.59,325.14,1,W,5,N
130,164.42,325.44,1,W,5,N
174,131.28,325.74,1,E,5,N
247,209.48,330.87,3,E,5,N
248,237.77,331.17,3,E,5,N
232,220.46,331.47,3,W,5,N
233,261.15,331.77,3,W,5,N
291,275.41,366.14,5,W,5,N
292,281.20,366.44,5,W,5,N
293,326.46,366.74,5,W,5,N
294,329.56,367.04,5,W,5,N
295,341.77,367.34,5,W,5,N
296,354.27,367.64,5,W,5,N
297,360.02,367.94,5,W,5,N
298,363.10,369.23,5,W,5,N
349,338.95,380.14,5,E,5,N
230,210.27,399.90,3,W,5,W
231,217.72,400.20,3,W,5,W
18,145.87,400.50,1,S,5,W
19,148.39,400.80,1,S,5,W
25,169.27,401.10,1,S,5,W
30,178.11,401.40,1,S,5,W
31,181.14,401.70,1,S,5,W
47,338.53,401.90,1,S,1,W
202,233.86,402.00,2,W,5,W
50,352.80,402.20,1,S,1,W
132,170.38,402.30,1,W,5,W
54,363.37,402.50,1,S,1,W
136,223.11,402.60,1,W,5,W
60,377.09,402.80,1,S,1,W
180,276.67,402.90,1,E,5,W
62,380.65,403.10,1,S,1,W
63,381.90,403.40,1,S,1,W
22,155.59,422.04,1,S,5,N
23,165.41,422.34,1,S,5,N
24,167.27,422.64,1,S,5,N
27,173.72,422.94,1,S,5,N
28,175.19,423.24,1,S,5,N
29,176.82,423.54,1,S,5,N
218,206.18,423.84,2,E,5,N
219,259.03,424.14,2,E,5,N
203,289.53,424.44,2,W,5,N
131,167.15,424.74,1,W,5,N
134,217.24,425.04,1,W,5,N
135,219.33,425.34,1,W,5,N
137,250.24,425.64,1,W,5,N
178,254.18,425.94,1,E,5,N
179,273.28,426.24,1,E,5,N
249,339.90,430.67,3,E,5,N
250,342.40,430.97,3,E,5,N
75,420.17,434.31,1,S,1,E
45,335.69,436.77,1,S,3,W
49,350.42,441.12,1,S,2,W
58,374.38,443.22,1,S,2,W
234,388.03,449.80,3,W,5,N
299,384.35,466.04,5,W,5,N
300,389.50,466.34,5,W,5,N
301,390.20,466.64,5,W,5,N
302,392.27,466.94,5,W,5,N
303,395.90,467.24,5,W,5,N
304,411.16,467.54,5,W,5,N
305,413.81,467.84,5,W,5,N
306,419.25,468.14,5,W,5,N
307,424.73,468.44,5,W,5,N
308,427.66,468.74,5,W,5,N
309,429.85,469.04,5,W,5,N
310,450.41,469.34,5,W,5,N
311,452.64,469.64,5,W,5,N
312,468.44,474.58,5,W,5,N
350,441.06,480.04,5,E,5,N
351,451.25,480.34,5,E,5,N
251,344.86,499.80,3,E,5,W
33,248.41,500.10,1,S,5,W
41,267.57,500.40,1,S,5,W
220,335.75,500.70,2,E,5,W
140,277.44,501.00,1,W,5,W
72,410.96,502.30,1,S,1,W
36,254.00,516.40,1,S,5,E
42,268.53,517.00,1,S,5,E
204,335.34,517.30,2,W,5,E
142,337.07,519.40,1,W,5,E
32,240.96,521.94,1,S,5,N
35,252.91,522.24,1,S,5,N
39,258.82,522.84,1,S,5,N
205,336.20,523.74,2,W,5,N
206,390.57,524.04,2,W,5,N
46,336.33,524.34,1,S,5,N
138,269.35,524.64,1,W,5,N
139,274.84,524.94,1,W,5,N
141,318.73,525.24,1,W,5,N
181,342.70,525.84,1,E,5,N
182,353.08,526.14,1,E,5,N
183,390.81,526.44,1,E,5,N
252,447.44,530.47,3,E,5,N
253,451.29,530.77,3,E,5,N
144,400.78,540.17,1,W,3,W
147,452.18,541.07,1,W,3,E
313,529.01,565.94,5,W,5,N
314,533.84,566.24,5,W,5,N
315,537.00,566.54,5,W,5,N
316,537.95,566.84,5,W,5,N
317,540.27,567.14,5,W,5,N
318,551.14,567.44,5,W,5,N
319,556.02,567.74,5,W,5,N
352,507.79,579.94,5,E,5,N
254,454.46,599.70,3,E,5,W
51,355.60,600.00,1,S,5,W
52,357.00,600.30,1,S,5,W
53,359.78,600.60,1,S,5,W
59,374.52,600.90,1,S,5,W
65,385.83,601.20,1,S,5,W
66,387.64,601.50,1,S,5,W
67,388.37,601.80,1,S,5,W
221,418.65,602.10,2,E,5,W
209,476.35,602.40,2,W,5,W
68,391.59,602.70,1,S,5,W
86,572.39,602.70,1,S,1,W
69,391.82,603.00,1,S,5,W
87,574.90,603.00,1,S,1,W
71,400.59,603.30,1,S,5,W
189,544.10,603.30,1,E,2,W
76,423.42,603.60,1,S,5,W
77,425.79,603.90,1,S,5,W
78,429.77,604.20,1,S,5,W
186,449.08,604.50,1,E,5,W
93,592.41,606.54,1,S,1,W
96,594.88,609.01,1,S,1,W
97,595.08,609.21,1,S,1,W
64,384.83,617.20,1,S,5,E
222,474.96,618.10,2,E,5,E
48,339.21,621.84,1,S,5,N
55,363.63,622.14,1,S,5,N
56,369.70,622.44,1,S,5,N
57,371.64,622.74,1,S,5,N
61,379.30,623.04,1,S,5,N
207,419.93,623.64,2,W,5,N
208,449.48,623.94,2,W,5,N
210,481.47,624.54,2,W,5,N
70,397.42,624.84,1,S,5,N
73,413.03,625.14,1,S,5,N
74,414.06,625.44,1,S,5,N
79,430.40,625.74,1,S,5,N
143,370.55,626.04,1,W,5,N
145,417.10,626.34,1,W,5,N
146,448.73,626.64,1,W,5,N
148,463.90,626.94,1,W,5,N
184,425.96,627.24,1,E,5,N
185,430.35,627.54,1,E,5,N
236,530.23,630.57,3,W,5,N
320,577.49,665.84,5,W,5,N
321,609.64,666.14,5,W,5,N
322,626.34,666.44,5,W,5,N
323,627.18,666.74,5,W,5,N
324,630.95,667.04,5,W,5,N
325,634.37,667.34,5,W,5,N
326,636.05,667.64,5,W,5,N
327,638.40,667.94,5,W,5,N
328,668.98,675.12,5,W,5,N
329,669.00,675.14,5,W,5,N
353,653.38,679.84,5,E,5,N
354,664.02,680.14,5,E,5,N
83,563.44,699.50,1,S,3,W
255,537.53,699.60,3,E,5,W
235,526.83,699.90,3,W,5,W
237,536.93,700.20,3,W,5,W
238,577.98,700.50,3,W,5,W
239,585.21,700.80,3,W,5,W
150,510.73,701.10,1,W,5,W
151,521.39,701.40,1,W,5,W
92,589.13,701.60,1,S,3,E
157,620.33,701.60,1,W,2,E
152,523.83,701.70,1,W,5,W
188,541.08,702.00,1,E,5,W
191,584.21,702.04,1,E,5,W
161,647.09,702.80,1,W,2,W
102,670.94,703.10,1,S,1,W
80,498.71,721.74,1,S,5,N
223,521.79,722.04,2,E,5,N
149,508.59,722.34,1,W,5,N
153,526.69,722.64,1,W,5,N
154,565.82,722.94,1,W,5,N
187,533.91,723.24,1,E,5,N
190,578.45,723.54,1,E,5,N
256,631.45,730.07,3,E,5,N
99,665.24,742.32,1,S,2,E
330,701.66,765.74,5,W,5,N
331,704.99,766.04,5,W,5,N
332,707.53,766.34,5,W,5,N
355,767.93,779.74,5,E,5,N
240,599.32,799.50,3,W,5,W
257,634.34,799.80,3,E,5,W
90,580.89,800.10,1,S,5,W
156,618.14,800.40,1,W,5,W
159,639.66,800.70,1,W,5,W
160,643.33,801.00,1,W,5,W
107,777.58,803.50,1,S,1,W
82,563.43,815.80,1,S,5,E
94,592.41,817.60,1,S,5,E
81,561.52,821.64,1,S,5,N
84,565.26,822.24,1,S,5,N
85,568.99,822.54,1,S,5,N
88,577.79,822.84,1,S,5,N
89,578.26,823.14,1,S,5,N
91,586.98,823.44,1,S,5,N
95,592.51,824.04,1,S,5,N
211,673.23,824.34,2,W,5,N
224,617.83,824.64,2,E,5,N
155,572.61,824.94,1,W,5,N
158,627.64,825.24,1,W,5,N
192,612.22,825.54,1,E,5,N
193,646.39,825.84,1,E,5,N
258,703.95,829.87,3,E,5,N
241,729.05,829.87,3,W,5,N
259,706.55,830.17,3,E,5,N
260,734.57,830.47,3,E,5,N
261,772.16,833.93,3,E,5,N
165,748.69,838.07,1,W,3,E
194,717.41,838.67,1,E,3,W
104,774.41,842.42,1,S,2,W
108,828.67,842.81,1,S,1,E
333,778.92,865.64,5,W,5,N
334,783.29,865.94,5,W,5,N
335,788.39,866.24,5,W,5,N
336,849.69,866.54,5,W,5,N
337,852.84,866.84,5,W,5,N
338,856.35,867.14,5,W,5,N
339,860.92,867.44,5,W,5,N
340,861.98,868.11,5,W,5,N
341,867.23,873.37,5,W,5,N
262,775.36,899.40,3,E,5,W
98,662.41,899.70,1,S,5,W
162,689.29,900.00,1,W,5,W
163,708.01,900.30,1,W,5,W
166,752.54,900.60,1,W,5,W
167,782.55,902.10,1,W,2,W
168,820.82,902.40,1,W,2,E
169,823.01,902.70,1,W,2,E
109,830.43,903.90,1,S,1,W
213,867.22,913.67,2,W,3,E
100,669.06,921.54,1,S,5,N
101,670.43,921.84,1,S,5,N
103,675.86,922.14,1,S,5,N
225,708.42,922.44,2,E,5,N
226,772.47,922.74,2,E,5,N
164,740.92,923.04,1,W,5,N
195,732.59,923.34,1,E,5,N
196,770.65,923.64,1,E,5,N
263,837.46,929.67,3,E,5,N
264,839.79,929.97,3,E,5,N
265,842.90,930.27,3,E,5,N
197,821.11,939.37,1,E,3,W
198,873.42,939.67,1,E,3,E
242,857.03,999.30,3,W,5,W
212,840.59,999.60,2,W,5,W
227,858.53,999.90,2,E,5,W
215,897.69,1000.20,2,W,5,W
112,832.30,1000.50,1,S,5,W
111,831.86,1016.50,1,S,5,E
105,776.59,1021.44,1,S,5,N
106,777.01,1021.74,1,S,5,N
214,877.01,1022.04,2,W,5,N
110,830.54,1022.34,1,S,5,N
170,866.99,1022.94,1,W,5,N
199,899.87,1023.83,1,E,5,N
113,899.52,1115.20,1,S,5,E