id,enter_time,exit_time,entrance_intersection,entrance_direction,exit_intersection,exit_direction
218,3.63,66.44,5,W,5,N
219,6.61,66.74,5,W,5,N
220,62.32,68.46,5,W,5,N
2,5.82,100.70,1,S,1,W
80,23.38,101.90,1,W,2,W
144,28.09,103.40,1,E,2,W
146,70.40,104.00,1,E,2,W
189,29.98,131.27,3,W,5,N
79,2.73,137.67,1,W,3,W
82,61.29,138.57,1,W,3,E
203,92.24,154.01,3,E,5,N
221,104.69,166.34,5,W,5,N
222,108.45,166.64,5,W,5,N
223,140.74,166.94,5,W,5,N
224,144.20,167.24,5,W,5,N
225,147.72,167.54,5,W,5,N
226,150.89,167.84,5,W,5,N
227,152.65,168.14,5,W,5,N
228,153.94,168.44,5,W,5,N
229,156.05,168.74,5,W,5,N
230,159.64,169.04,5,W,5,N
294,104.01,180.34,5,E,5,N
295,136.34,180.64,5,E,5,N
202,3.83,200.10,3,E,5,W
296,194.25,200.38,5,E,5,N
166,55.89,200.40,2,W,5,W
176,44.52,200.70,2,E,5,W
1,5.69,201.00,1,S,5,W
3,16.01,201.30,1,S,5,W
5,22.12,201.60,1,S,5,W
81,56.77,201.90,1,W,5,W
84,63.72,202.20,1,W,5,W
145,33.86,202.50,1,E,5,W
7,169.56,213.90,1,S,1,E
0,2.72,222.24,1,S,5,N
177,92.87,222.54,2,E,5,N
4,19.13,222.84,1,S,5,N
83,61.47,223.14,1,W,5,N
88,122.86,237.47,1,W,3,E
231,181.45,266.24,5,W,5,N
232,183.43,266.54,5,W,5,N
233,188.11,266.84,5,W,5,N
234,267.01,273.15,5,W,5,N
190,141.08,300.00,3,W,5,W
6,91.89,300.30,1,S,5,W
85,114.80,300.60,1,W,5,W
90,128.11,300.90,1,W,5,W
13,246.78,301.50,1,S,1,W
20,268.34,301.80,1,S,1,W
94,241.34,302.10,1,W,2,E
21,271.58,302.10,1,S,1,W
24,276.86,302.40,1,S,1,W
30,293.92,308.05,1,S,1,W
14,251.61,315.20,1,S,1,E
89,125.34,317.20,1,W,5,E
204,198.62,322.14,3,E,5,N
178,116.56,322.44,2,E,5,N
86,118.09,322.74,1,W,5,N
87,120.57,323.04,1,W,5,N
191,265.21,330.87,3,W,5,N
147,204.32,338.47,1,E,3,W
22,273.35,343.12,1,S,2,W
23,276.37,343.42,1,S,2,W
235,323.49,366.14,5,W,5,N
236,326.87,366.44,5,W,5,N
237,332.06,366.74,5,W,5,N
238,356.92,367.04,5,W,5,N
297,325.52,380.14,5,E,5,N
298,326.00,380.44,5,E,5,N
299,341.25,380.74,5,E,5,N
300,341.31,381.04,5,E,5,N
301,343.84,381.34,5,E,5,N
302,344.89,381.64,5,E,5,N
303,345.88,381.94,5,E,5,N
304,352.13,382.24,5,E,5,N
305,354.44,382.54,5,E,5,N
306,358.28,382.84,5,E,5,N
307,362.49,383.14,5,E,5,N
179,210.77,399.90,2,E,5,W
180,275.79,400.20,2,E,5,W
93,226.59,400.50,1,W,5,W
18,260.51,401.30,1,S,3,E
19,265.39,401.60,1,S,3,W
32,339.41,401.90,1,S,1,W
33,339.91,402.20,1,S,1,W
37,362.01,402.50,1,S,1,W
43,385.24,402.80,1,S,1,W
47,393.35,407.48,1,S,1,W
36,350.68,415.30,1,S,1,E
167,241.05,422.04,2,W,5,N
8,235.41,422.34,1,S,5,N
9,237.57,422.64,1,S,5,N
91,172.62,422.94,1,W,5,N
92,196.53,423.24,1,W,5,N
148,215.89,423.54,1,E,5,N
149,234.47,423.84,1,E,5,N
150,293.13,424.14,1,E,5,N
192,367.53,430.67,3,W,5,N
205,317.17,430.67,3,E,5,N
151,307.79,438.87,1,E,3,W
239,374.47,466.04,5,W,5,N
240,377.50,466.34,5,W,5,N
241,379.80,466.64,5,W,5,N
242,397.34,466.94,5,W,5,N
243,403.25,467.24,5,W,5,N
244,403.72,467.54,5,W,5,N
245,404.08,467.84,5,W,5,N
246,405.32,468.14,5,W,5,N
247,422.31,468.44,5,W,5,N
248,437.95,468.74,5,W,5,N
249,441.47,469.04,5,W,5,N
250,466.59,472.73,5,W,5,N
251,466.90,473.04,5,W,5,N
252,467.63,473.77,5,W,5,N
253,471.00,477.14,5,W,5,N
308,450.07,480.04,5,E,5,N
309,452.69,480.34,5,E,5,N
10,239.05,499.80,1,S,5,W
15,255.13,500.10,1,S,5,W
16,257.21,500.40,1,S,5,W
40,380.50,500.50,1,S,3,E
27,286.59,500.70,1,S,5,W
168,308.79,501.00,2,W,5,W
102,370.72,501.10,1,W,2,W
31,336.09,501.30,1,S,5,W
95,281.02,501.60,1,W,5,W
96,283.81,501.90,1,W,5,W
98,323.00,502.20,1,W,5,W
48,408.99,502.30,1,S,1,W
100,364.37,502.50,1,W,5,W
53,494.38,508.51,1,S,1,W
11,241.49,521.94,1,S,5,N
12,243.84,522.24,1,S,5,N
17,257.99,522.54,1,S,5,N
25,278.76,522.84,1,S,5,N
26,280.77,523.14,1,S,5,N
28,287.04,523.44,1,S,5,N
29,289.99,523.74,1,S,5,N
181,354.02,524.04,2,E,5,N
169,335.29,524.34,2,W,5,N
97,298.65,524.64,1,W,5,N
99,326.03,524.94,1,W,5,N
152,345.35,525.24,1,E,5,N
206,427.11,530.47,3,E,5,N
101,367.29,536.87,1,W,3,E
103,373.16,537.47,1,W,3,W
207,495.27,557.04,3,E,5,N
254,476.68,565.94,5,W,5,N
255,526.10,566.24,5,W,5,N
256,527.44,566.54,5,W,5,N
257,529.70,566.84,5,W,5,N
258,531.82,567.14,5,W,5,N
259,535.04,567.44,5,W,5,N
260,548.53,567.74,5,W,5,N
261,554.20,568.04,5,W,5,N
262,557.43,568.34,5,W,5,N
310,557.28,579.94,5,E,5,N
311,573.86,579.99,5,E,5,N
312,584.60,590.73,5,E,5,N
153,394.33,599.70,1,E,5,W
34,340.64,600.00,1,S,5,W
39,368.52,600.30,1,S,5,W
44,386.78,600.60,1,S,5,W
46,392.16,600.90,1,S,5,W
182,437.65,601.20,2,E,5,W
110,497.44,601.20,1,W,2,W
183,483.18,601.50,2,E,5,W
104,374.19,601.80,1,W,5,W
105,389.13,602.10,1,W,5,W
154,422.68,602.40,1,E,5,W
57,509.70,602.70,1,S,1,W
157,539.79,603.60,1,E,2,W
107,429.75,618.10,1,W,5,E
35,346.91,621.84,1,S,5,N
38,365.14,622.14,1,S,5,N
41,382.58,622.44,1,S,5,N
42,384.20,622.74,1,S,5,N
45,389.69,623.04,1,S,5,N
170,407.28,623.34,2,W,5,N
171,424.67,623.64,2,W,5,N
106,422.25,623.94,1,W,5,N
108,448.50,624.54,1,W,5,N
155,424.16,624.84,1,E,5,N
156,482.95,625.14,1,E,5,N
193,513.20,630.27,3,W,5,N
208,563.17,630.27,3,E,5,N
109,489.63,636.97,1,W,3,W
58,576.15,641.62,1,S,2,E
60,597.57,642.22,1,S,2,W
210,589.30,651.07,3,E,5,N
263,573.68,665.84,5,W,5,N
264,576.95,666.14,5,W,5,N
265,613.64,666.44,5,W,5,N
266,617.35,666.74,5,W,5,N
267,620.29,667.04,5,W,5,N
268,620.99,667.34,5,W,5,N
269,621.29,667.64,5,W,5,N
270,622.18,667.94,5,W,5,N
271,624.93,668.24,5,W,5,N
272,630.40,668.54,5,W,5,N
273,645.93,668.84,5,W,5,N
274,650.68,669.14,5,W,5,N
275,652.61,669.44,5,W,5,N
276,667.80,673.94,5,W,5,N
194,518.24,699.60,3,W,5,W
209,586.87,699.90,3,E,5,W
211,591.99,700.20,3,E,5,W
49,485.82,700.50,1,S,5,W
50,485.94,700.80,1,S,5,W
52,490.98,701.10,1,S,5,W
54,499.79,701.40,1,S,5,W
184,582.14,701.70,2,E,5,W
117,535.14,702.00,1,W,5,W
62,599.30,703.10,1,S,1,W
51,489.37,715.60,1,S,5,E
113,520.37,717.10,1,W,5,E
55,502.91,722.04,1,S,5,N
56,503.10,722.34,1,S,5,N
111,514.37,722.64,1,W,5,N
112,519.00,722.94,1,W,5,N
114,522.26,723.54,1,W,5,N
115,525.42,723.84,1,W,5,N
116,532.88,724.14,1,W,5,N
196,644.60,730.37,3,W,5,N
123,600.11,738.87,1,W,3,W
127,625.53,740.07,1,W,3,W
198,686.36,748.13,3,W,5,N
212,696.07,757.84,3,E,5,N
277,673.69,765.74,5,W,5,N
278,729.28,766.04,5,W,5,N
279,731.97,766.34,5,W,5,N
280,733.07,766.64,5,W,5,N
281,735.21,766.94,5,W,5,N
282,749.30,767.24,5,W,5,N
283,759.93,767.54,5,W,5,N
313,718.36,779.74,5,E,5,N
314,720.71,780.04,5,E,5,N
67,670.05,798.70,1,S,3,W
195,630.62,799.50,3,W,5,W
197,679.94,799.80,3,W,5,W
65,604.30,800.10,1,S,5,W
66,607.36,800.40,1,S,5,W
126,621.62,800.70,1,W,5,W
159,665.59,801.00,1,E,5,W
70,743.67,803.50,1,S,1,W
71,745.88,816.60,1,S,1,E
59,586.78,821.64,1,S,5,N
61,598.94,821.94,1,S,5,N
63,600.22,822.24,1,S,5,N
64,602.23,822.54,1,S,5,N
185,620.74,822.84,2,E,5,N
172,615.76,823.14,2,W,5,N
186,657.28,823.44,2,E,5,N
173,640.38,823.74,2,W,5,N
174,684.71,824.04,2,W,5,N
118,567.55,824.34,1,W,5,N
119,585.79,824.64,1,W,5,N
120,588.68,824.94,1,W,5,N
121,591.10,825.24,1,W,5,N
122,597.83,825.54,1,W,5,N
124,614.66,825.84,1,W,5,N
125,618.64,826.14,1,W,5,N
158,645.42,826.44,1,E,5,N
199,706.97,829.87,3,W,5,N
200,727.56,830.17,3,W,5,N
201,768.83,830.60,3,W,5,N
213,773.29,835.06,3,E,5,N
284,774.27,865.64,5,W,5,N
285,788.37,865.94,5,W,5,N
286,792.67,866.24,5,W,5,N
287,810.98,866.54,5,W,5,N
288,814.01,866.84,5,W,5,N
289,816.32,867.14,5,W,5,N
290,816.70,867.44,5,W,5,N
291,821.12,867.74,5,W,5,N
315,823.59,879.64,5,E,5,N
316,856.42,879.94,5,E,5,N
317,892.92,899.06,5,E,5,N
128,671.79,899.40,1,W,5,W
130,715.27,899.70,1,W,5,W
162,756.48,900.00,1,E,5,W
318,894.46,900.60,5,E,5,N
140,861.14,903.30,1,W,2,W
73,841.70,903.90,1,S,1,W
160,718.90,917.20,1,E,5,E
163,776.70,917.80,1,E,5,E
78,850.49,917.90,1,S,1,E
187,747.31,921.54,2,E,5,N
68,739.00,921.84,1,S,5,N
129,714.62,922.14,1,W,5,N
131,718.17,922.44,1,W,5,N
132,722.10,922.74,1,W,5,N
133,753.42,923.04,1,W,5,N
161,740.89,923.64,1,E,5,N
214,835.94,929.67,3,E,5,N
215,839.89,929.97,3,E,5,N
217,872.48,934.25,3,E,5,N
292,873.45,965.54,5,W,5,N
293,888.47,965.84,5,W,5,N
74,842.09,998.30,1,S,3,E
216,843.16,999.30,3,E,5,W
138,823.95,999.60,1,W,5,W
139,849.80,999.90,1,W,5,W
164,860.60,1000.20,1,E,5,W
175,881.18,1015.90,2,W,5,E
69,741.94,1021.44,1,S,5,N
188,844.00,1021.74,2,E,5,N
72,839.75,1022.34,1,S,5,N
134,786.90,1022.64,1,W,5,N
135,798.12,1022.94,1,W,5,N
136,816.58,1023.24,1,W,5,N
137,821.29,1023.54,1,W,5,N
165,898.78,1023.84,1,E,5,N
75,845.41,1121.34,1,S,5,N
76,847.87,1121.64,1,S,5,N
77,848.01,1121.94,1,S,5,N
141,876.65,1122.24,1,W,5,N
142,880.31,1122.54,1,W,5,N
143,899.44,1122.84,1,W,5,N