id,enter_time,exit_time,entrance_intersection,entrance_direction,exit_intersection,exit_direction
225,2.46,66.44,5,W,5,N
226,19.09,66.74,5,W,5,N
227,24.79,67.04,5,W,5,N
228,27.88,67.34,5,W,5,N
229,42.50,67.64,5,W,5,N
230,56.51,67.94,5,W,5,N
231,58.59,68.24,5,W,5,N
232,60.34,68.54,5,W,5,N
296,2.43,80.44,5,E,5,N
297,14.17,80.74,5,E,5,N
298,57.51,81.04,5,E,5,N
299,76.84,82.98,5,E,5,N
300,77.93,84.06,5,E,5,N
1,3.25,100.10,1,S,3,E
0,0.97,100.70,1,S,1,W
3,13.64,101.00,1,S,1,W
198,3.71,131.27,3,W,5,N
233,74.40,166.34,5,W,5,N
234,77.91,166.64,5,W,5,N
235,94.25,166.94,5,W,5,N
301,118.62,180.34,5,E,5,N
302,122.58,180.64,5,E,5,N
208,22.29,200.10,3,E,5,W
167,41.82,200.40,2,W,5,W
2,6.23,200.70,1,S,5,W
4,13.91,201.00,1,S,5,W
5,111.47,201.10,1,S,1,W
71,7.50,201.30,1,W,5,W
15,137.42,201.40,1,S,1,W
17,138.17,201.70,1,S,1,W
183,92.75,222.24,2,E,5,N
70,3.95,222.54,1,W,5,N
72,37.82,222.84,1,W,5,N
199,130.43,231.07,3,W,5,N
75,81.43,239.87,1,W,3,W
236,188.25,266.24,5,W,5,N
237,192.30,266.54,5,W,5,N
238,192.40,266.84,5,W,5,N
239,220.24,267.14,5,W,5,N
240,222.37,267.44,5,W,5,N
241,227.51,267.74,5,W,5,N
242,230.04,268.04,5,W,5,N
303,215.97,280.24,5,E,5,N
209,141.16,300.00,3,E,5,W
168,103.52,300.30,2,W,5,W
10,123.80,300.60,1,S,5,W
74,79.02,300.90,1,W,5,W
77,114.29,301.20,1,W,5,W
18,233.50,301.50,1,S,1,W
140,174.90,301.50,1,E,5,W
21,248.76,301.80,1,S,1,W
24,258.42,315.50,1,S,1,E
169,175.56,316.30,2,W,5,E
184,119.47,322.14,2,E,5,N
185,181.68,322.74,2,E,5,N
6,112.15,323.04,1,S,5,N
7,114.43,323.34,1,S,5,N
8,122.40,323.64,1,S,5,N
9,122.66,323.94,1,S,5,N
11,125.60,324.24,1,S,5,N
12,128.29,324.54,1,S,5,N
210,205.02,324.73,3,E,5,E
13,128.39,324.84,1,S,5,N
14,130.64,325.14,1,S,5,N
73,76.11,325.44,1,W,5,N
76,82.60,325.74,1,W,5,N
78,139.83,326.04,1,W,5,N
139,139.87,326.34,1,E,5,N
200,263.69,330.87,3,W,5,N
211,233.47,331.17,3,E,5,N
143,218.27,340.57,1,E,3,E
22,250.24,341.02,1,S,2,W
212,296.98,358.75,3,E,5,N
243,300.30,366.14,5,W,5,N
244,301.14,366.44,5,W,5,N
245,306.66,366.74,5,W,5,N
246,309.96,367.04,5,W,5,N
247,311.39,367.34,5,W,5,N
248,314.94,367.64,5,W,5,N
249,363.67,369.81,5,W,5,N
250,367.71,373.84,5,W,5,N
251,372.28,378.41,5,W,5,N
304,364.38,380.14,5,E,5,N
305,374.99,381.12,5,E,5,N
186,263.49,399.90,2,E,5,W
80,185.27,400.20,1,W,5,W
82,189.71,400.50,1,W,5,W
83,192.58,400.80,1,W,5,W
87,203.54,401.10,1,W,5,W
89,238.48,401.40,1,W,5,W
141,201.91,401.70,1,E,5,W
25,352.14,401.90,1,S,1,W
26,353.08,402.20,1,S,1,W
27,353.46,402.50,1,S,1,W
96,353.45,402.50,1,W,2,W
16,137.64,422.04,1,S,5,N
79,168.21,422.34,1,W,5,N
81,187.46,422.64,1,W,5,N
84,194.64,422.94,1,W,5,N
85,197.65,423.24,1,W,5,N
86,203.25,423.54,1,W,5,N
88,204.66,423.84,1,W,5,N
142,212.12,424.14,1,E,5,N
144,221.83,424.44,1,E,5,N
145,234.28,424.74,1,E,5,N
146,241.50,425.04,1,E,5,N
147,249.39,425.34,1,E,5,N
148,253.74,425.64,1,E,5,N
149,256.19,425.94,1,E,5,N
213,318.22,430.67,3,E,5,N
214,388.07,449.84,3,E,5,N
252,426.45,466.04,5,W,5,N
253,430.41,466.34,5,W,5,N
254,434.30,466.64,5,W,5,N
255,454.39,466.94,5,W,5,N
256,454.39,467.24,5,W,5,N
257,454.64,467.54,5,W,5,N
258,457.16,467.84,5,W,5,N
259,459.49,468.14,5,W,5,N
260,459.54,468.44,5,W,5,N
261,472.96,479.10,5,W,5,N
306,465.33,480.04,5,E,5,N
201,375.31,499.80,3,W,5,W
215,390.66,500.10,3,E,5,W
23,254.19,500.40,1,S,5,W
187,355.52,500.70,2,E,5,W
92,292.49,501.00,1,W,5,W
94,299.38,501.30,1,W,5,W
97,356.02,501.60,1,W,5,W
33,427.10,502.30,1,S,1,W
35,430.63,502.60,1,S,1,W
36,490.80,504.94,1,S,1,W
37,492.53,506.66,1,S,1,W
39,494.55,508.69,1,S,1,W
45,502.35,516.90,1,S,1,E
19,245.36,521.94,1,S,5,N
20,248.01,522.24,1,S,5,N
170,345.38,522.54,2,W,5,N
171,373.63,522.84,2,W,5,N
188,378.19,523.14,2,E,5,N
172,387.44,523.44,2,W,5,N
90,281.27,523.74,1,W,5,N
91,281.90,524.04,1,W,5,N
93,295.86,524.34,1,W,5,N
95,349.91,524.64,1,W,5,N
150,322.39,524.94,1,E,5,N
216,401.19,530.47,3,E,5,N
202,428.08,530.47,3,W,5,N
203,435.88,530.77,3,W,5,N
262,493.15,565.94,5,W,5,N
263,495.29,566.24,5,W,5,N
264,497.29,566.54,5,W,5,N
265,503.16,566.84,5,W,5,N
266,534.69,567.14,5,W,5,N
267,559.54,567.44,5,W,5,N
307,519.93,579.94,5,E,5,N
308,534.78,580.24,5,E,5,N
309,545.54,580.54,5,E,5,N
310,548.22,580.84,5,E,5,N
28,354.08,599.70,1,S,5,W
189,451.32,600.00,2,E,5,W
30,419.63,600.30,1,S,5,W
34,428.99,600.60,1,S,5,W
99,369.64,600.90,1,W,5,W
47,505.69,600.90,1,S,2,W
103,388.24,601.20,1,W,5,W
106,439.25,601.50,1,W,5,W
151,444.49,601.80,1,E,5,W
48,506.93,602.70,1,S,1,W
52,512.42,603.00,1,S,1,W
173,415.39,615.70,2,W,5,E
154,456.86,619.60,1,E,5,E
155,468.69,619.90,1,E,5,E
174,494.16,622.14,2,W,5,N
29,417.69,622.44,1,S,5,N
31,422.62,622.74,1,S,5,N
32,426.37,623.04,1,S,5,N
98,366.58,623.34,1,W,5,N
100,380.67,623.64,1,W,5,N
101,383.31,623.94,1,W,5,N
102,385.33,624.24,1,W,5,N
104,391.59,624.54,1,W,5,N
105,394.64,624.84,1,W,5,N
152,449.05,625.14,1,E,5,N
153,452.11,625.44,1,E,5,N
156,477.03,626.34,1,E,5,N
218,557.22,630.57,3,E,5,N
204,569.18,630.95,3,W,5,N
268,575.14,665.84,5,W,5,N
269,589.86,666.14,5,W,5,N
270,592.56,666.44,5,W,5,N
271,608.23,666.74,5,W,5,N
272,659.02,667.04,5,W,5,N
273,662.91,669.04,5,W,5,N
274,666.16,672.29,5,W,5,N
311,644.10,679.84,5,E,5,N
312,657.79,680.14,5,E,5,N
313,673.22,680.44,5,E,5,N
314,685.24,691.38,5,E,5,N
217,520.08,699.60,3,E,5,W
43,498.40,699.90,1,S,5,W
176,538.51,700.20,2,W,5,W
50,510.77,700.50,1,S,5,W
107,469.31,700.80,1,W,5,W
109,475.66,701.10,1,W,5,W
110,523.60,701.40,1,W,5,W
113,548.36,701.70,1,W,5,W
315,695.72,701.86,5,E,5,N
115,553.59,702.00,1,W,5,W
58,649.40,703.10,1,S,1,W
164,666.17,704.00,1,E,2,W
191,569.33,718.30,2,E,5,E
114,550.47,720.40,1,W,5,E
157,501.72,721.74,1,E,5,N
38,494.19,722.04,1,S,5,N
40,497.51,722.34,1,S,5,N
41,497.61,722.64,1,S,5,N
42,498.02,722.94,1,S,5,N
44,501.50,723.24,1,S,5,N
46,503.03,723.54,1,S,5,N
175,538.34,723.84,2,W,5,N
190,544.27,724.14,2,E,5,N
177,561.06,724.74,2,W,5,N
49,509.14,725.04,1,S,5,N
51,511.57,725.34,1,S,5,N
108,472.74,725.64,1,W,5,N
111,541.38,725.94,1,W,5,N
112,544.64,726.24,1,W,5,N
158,557.38,726.84,1,E,5,N
159,558.31,727.14,1,E,5,N
219,643.23,730.07,3,E,5,N
119,607.27,737.97,1,W,3,W
205,678.70,740.47,3,W,5,N
56,645.69,742.02,1,S,2,E
275,684.02,765.74,5,W,5,N
276,730.38,766.04,5,W,5,N
277,744.75,766.34,5,W,5,N
278,750.26,766.64,5,W,5,N
279,754.78,766.94,5,W,5,N
160,596.67,799.50,1,E,5,W
120,611.37,799.80,1,W,5,W
121,611.95,800.10,1,W,5,W
122,651.28,800.40,1,W,5,W
162,636.35,800.70,1,E,5,W
64,727.12,803.50,1,S,1,W
53,579.45,821.64,1,S,5,N
54,582.40,821.94,1,S,5,N
55,582.45,822.24,1,S,5,N
192,610.83,822.54,2,E,5,N
193,655.45,822.84,2,E,5,N
116,598.21,823.14,1,W,5,N
117,601.82,823.44,1,W,5,N
118,604.79,823.74,1,W,5,N
161,624.86,824.04,1,E,5,N
163,658.23,824.34,1,E,5,N
221,762.31,830.17,3,E,5,N
127,724.81,838.37,1,W,3,E
222,781.02,842.79,3,E,5,N
280,806.54,865.64,5,W,5,N
281,820.90,865.94,5,W,5,N
282,822.81,866.24,5,W,5,N
283,825.36,866.54,5,W,5,N
284,829.12,866.84,5,W,5,N
285,832.58,867.14,5,W,5,N
286,834.46,867.44,5,W,5,N
287,837.23,867.74,5,W,5,N
288,838.49,868.04,5,W,5,N
289,842.08,868.34,5,W,5,N
290,844.00,868.64,5,W,5,N
291,847.44,868.94,5,W,5,N
292,853.31,869.24,5,W,5,N
293,855.20,869.54,5,W,5,N
294,865.60,871.74,5,W,5,N
295,870.09,876.22,5,W,5,N
316,803.71,879.64,5,E,5,N
317,807.47,879.94,5,E,5,N
220,749.74,899.40,3,E,5,W
57,649.11,899.70,1,S,5,W
62,661.08,900.00,1,S,5,W
194,721.88,900.30,2,E,5,W
180,767.33,900.60,2,W,5,W
124,715.25,900.90,1,W,5,W
165,734.07,901.20,1,E,5,W
182,869.52,913.67,2,W,3,W
59,651.93,921.54,1,S,5,N
60,658.20,921.84,1,S,5,N
61,659.36,922.14,1,S,5,N
63,662.12,922.44,1,S,5,N
178,738.90,922.74,2,W,5,N
179,749.23,923.04,2,W,5,N
195,791.05,923.34,2,E,5,N
123,696.84,923.64,1,W,5,N
207,818.23,923.83,3,W,5,E
125,718.96,923.94,1,W,5,N
126,721.35,924.24,1,W,5,N
128,757.95,924.54,1,W,5,N
206,798.90,929.67,3,W,5,N
67,892.61,998.60,1,S,3,E
223,871.00,999.30,3,E,5,W
224,874.68,999.60,3,E,5,W
65,796.33,999.90,1,S,5,W
181,842.07,1000.20,2,W,5,W
130,802.85,1000.50,1,W,5,W
131,805.68,1000.80,1,W,5,W
133,838.40,1001.10,1,W,5,W
134,841.14,1001.40,1,W,5,W
138,875.17,1001.60,1,W,2,W
166,832.89,1001.70,1,E,5,W
132,835.73,1016.20,1,W,5,E
196,836.94,1021.44,2,E,5,N
197,872.80,1021.74,2,E,5,N
129,776.44,1022.04,1,W,5,N
135,844.28,1022.64,1,W,5,N
136,851.19,1022.94,1,W,5,N
69,898.86,1115.80,1,S,5,E
66,887.91,1121.34,1,S,5,N
68,898.14,1121.64,1,S,5,N
137,872.81,1122.24,1,W,5,N