id,enter_time,exit_time,entrance_intersection,entrance_direction,exit_intersection,exit_direction
259,26.74,66.44,5,W,5,N
260,30.06,66.74,5,W,5,N
337,57.38,80.44,5,E,5,N
338,58.95,80.74,5,E,5,N
119,42.89,100.40,1,W,2,W
2,59.39,100.70,1,S,1,W
4,65.51,101.00,1,S,1,W
339,96.84,102.98,5,E,5,N
226,0.71,131.27,3,W,5,N
261,87.23,166.34,5,W,5,N
262,90.37,166.64,5,W,5,N
263,104.28,166.94,5,W,5,N
264,121.97,167.24,5,W,5,N
265,123.64,167.54,5,W,5,N
266,124.31,167.84,5,W,5,N
267,149.76,168.14,5,W,5,N
268,152.43,168.44,5,W,5,N
269,160.24,168.74,5,W,5,N
270,163.64,169.77,5,W,5,N
271,167.87,174.01,5,W,5,N
272,171.64,177.77,5,W,5,N
227,38.02,200.10,3,W,5,W
121,53.87,200.40,1,W,5,W
122,92.31,200.50,1,W,2,W
177,11.51,200.70,1,E,5,W
178,47.37,201.00,1,E,5,W
8,147.80,201.10,1,S,1,W
10,151.45,201.40,1,S,1,W
20,184.37,201.70,1,S,1,W
180,92.07,209.89,1,E,5,W
202,61.81,216.40,2,W,5,E
23,189.02,217.50,1,S,1,E
0,2.14,222.24,1,S,5,N
213,78.80,222.84,2,E,5,N
203,83.63,223.14,2,W,5,N
204,94.84,223.44,2,W,5,N
120,50.85,223.74,1,W,5,N
176,7.19,224.04,1,E,5,N
179,54.72,224.34,1,E,5,N
32,211.69,225.82,1,S,1,E
228,140.79,231.07,3,W,5,N
125,128.81,237.47,1,W,3,W
181,144.95,238.07,1,E,3,E
22,185.73,243.32,1,S,2,W
229,183.50,245.27,3,W,5,N
230,190.59,252.36,3,W,5,N
273,175.57,266.24,5,W,5,N
274,180.92,266.54,5,W,5,N
275,182.75,266.84,5,W,5,N
276,185.98,267.14,5,W,5,N
277,189.74,267.44,5,W,5,N
278,193.14,267.74,5,W,5,N
279,193.38,268.04,5,W,5,N
280,262.88,269.02,5,W,5,N
281,266.68,272.82,5,W,5,N
282,269.48,275.61,5,W,5,N
340,202.48,280.24,5,E,5,N
341,214.16,280.54,5,E,5,N
342,220.06,280.84,5,E,5,N
343,223.42,281.14,5,E,5,N
344,225.76,281.44,5,E,5,N
240,111.70,300.00,3,E,5,W
241,188.63,300.30,3,E,5,W
5,68.90,300.60,1,S,5,W
123,93.16,300.90,1,W,5,W
124,127.45,301.20,1,W,5,W
41,230.71,301.50,1,S,1,W
183,160.57,301.50,1,E,5,W
33,215.57,301.80,1,S,2,W
18,174.92,302.10,1,S,3,E
36,217.36,302.70,1,S,2,W
1,56.25,322.14,1,S,5,N
3,59.55,322.44,1,S,5,N
6,72.95,322.74,1,S,5,N
7,77.98,323.04,1,S,5,N
214,159.63,323.34,2,E,5,N
126,132.71,323.64,1,W,5,N
182,148.84,323.94,1,E,5,N
184,189.46,324.24,1,E,5,N
185,194.81,324.54,1,E,5,N
186,200.06,324.84,1,E,5,N
242,223.89,330.87,3,E,5,N
243,256.86,331.17,3,E,5,N
34,215.61,338.17,1,S,3,W
37,219.91,339.07,1,S,3,W
42,291.28,340.42,1,S,2,W
187,205.93,342.07,1,E,3,W
283,285.05,366.14,5,W,5,N
284,295.67,366.44,5,W,5,N
285,296.64,366.74,5,W,5,N
286,302.45,367.04,5,W,5,N
287,305.37,367.34,5,W,5,N
288,309.36,367.64,5,W,5,N
289,313.18,367.94,5,W,5,N
290,319.07,368.24,5,W,5,N
291,322.36,368.54,5,W,5,N
292,324.91,368.84,5,W,5,N
293,339.68,369.14,5,W,5,N
294,343.53,369.44,5,W,5,N
295,346.28,369.74,5,W,5,N
296,348.59,370.04,5,W,5,N
297,350.31,370.34,5,W,5,N
298,367.63,373.77,5,W,5,N
345,315.78,380.14,5,E,5,N
346,327.47,380.44,5,E,5,N
347,345.48,380.74,5,E,5,N
11,152.65,399.90,1,S,5,W
14,164.47,400.20,1,S,5,W
19,181.13,400.50,1,S,5,W
21,185.40,400.80,1,S,5,W
24,191.72,401.10,1,S,5,W
205,280.03,401.40,2,W,5,W
28,198.45,401.70,1,S,5,W
43,301.97,401.90,1,S,1,W
137,327.25,401.90,1,W,2,W
35,216.85,402.00,1,S,5,W
44,365.54,402.20,1,S,1,W
38,222.54,402.30,1,S,5,W
129,198.88,402.60,1,W,5,W
188,281.05,402.90,1,E,5,W
27,194.92,418.30,1,S,5,E
9,149.74,422.04,1,S,5,N
12,158.30,422.34,1,S,5,N
13,160.84,422.64,1,S,5,N
15,168.09,422.94,1,S,5,N
16,170.46,423.24,1,S,5,N
17,171.66,423.54,1,S,5,N
25,191.87,423.84,1,S,5,N
26,194.58,424.14,1,S,5,N
215,215.24,424.74,2,E,5,N
29,203.62,425.04,1,S,5,N
30,207.18,425.34,1,S,5,N
31,208.42,425.64,1,S,5,N
39,224.18,425.94,1,S,5,N
40,226.59,426.24,1,S,5,N
127,183.37,426.54,1,W,5,N
128,196.36,426.84,1,W,5,N
130,236.99,427.14,1,W,5,N
131,238.41,427.44,1,W,5,N
132,242.27,427.74,1,W,5,N
231,299.54,430.67,3,W,5,N
136,326.34,437.67,1,W,3,W
138,346.33,438.27,1,W,3,E
299,389.61,466.04,5,W,5,N
300,392.62,466.34,5,W,5,N
301,458.97,466.64,5,W,5,N
302,462.22,468.36,5,W,5,N
303,463.26,469.40,5,W,5,N
304,464.90,471.04,5,W,5,N
348,451.68,480.04,5,E,5,N
244,370.42,499.80,3,E,5,W
208,386.53,500.10,2,W,5,W
141,350.67,500.40,1,W,5,W
49,441.30,502.30,1,S,1,W
55,458.82,502.60,1,S,1,W
58,465.38,502.90,1,S,1,W
349,496.78,502.92,5,E,5,N
65,488.79,502.93,1,S,1,W
206,336.21,515.80,2,W,5,E
51,446.59,516.00,1,S,1,E
207,358.45,516.40,2,W,5,E
135,322.35,517.60,1,W,5,E
59,469.22,517.80,1,S,1,E
140,350.36,518.20,1,W,5,E
189,301.99,518.50,1,E,5,E
64,485.21,519.30,1,S,1,E
69,497.47,520.50,1,S,1,E
216,314.98,522.24,2,E,5,N
217,399.02,522.84,2,E,5,N
133,272.75,523.14,1,W,5,N
134,319.52,523.44,1,W,5,N
139,348.17,524.04,1,W,5,N
232,408.99,524.33,3,W,5,E
190,333.46,524.94,1,E,5,N
246,479.91,541.68,3,E,5,N
305,493.70,565.94,5,W,5,N
306,521.26,566.24,5,W,5,N
307,523.97,566.54,5,W,5,N
308,556.59,566.84,5,W,5,N
350,506.16,579.94,5,E,5,N
351,513.58,580.24,5,E,5,N
352,514.57,580.54,5,E,5,N
353,526.16,580.84,5,E,5,N
245,445.38,599.70,3,E,5,W
52,448.80,600.00,1,S,3,W
233,467.87,600.00,3,W,5,W
144,399.70,600.30,1,W,5,W
54,453.57,600.60,1,S,3,W
148,460.07,600.60,1,W,5,W
150,465.07,600.90,1,W,5,W
77,526.52,602.70,1,S,1,W
79,529.91,603.00,1,S,1,W
153,496.77,605.10,1,W,2,W
156,546.47,606.00,1,W,2,W
194,576.02,606.60,1,E,2,W
209,574.71,613.07,2,W,3,W
142,394.93,616.60,1,W,5,E
45,369.58,621.84,1,S,5,N
46,371.77,622.14,1,S,5,N
218,438.94,622.44,2,E,5,N
143,396.17,623.04,1,W,5,N
145,412.92,623.34,1,W,5,N
146,414.76,623.64,1,W,5,N
147,459.86,623.94,1,W,5,N
149,462.33,624.24,1,W,5,N
191,415.98,624.54,1,E,5,N
192,444.09,624.84,1,E,5,N
247,555.91,630.27,3,E,5,N
248,565.96,630.57,3,E,5,N
75,520.89,639.37,1,S,3,W
86,550.57,643.12,1,S,2,E
309,589.64,665.84,5,W,5,N
310,592.31,666.14,5,W,5,N
311,620.52,666.44,5,W,5,N
312,624.94,666.74,5,W,5,N
313,632.03,667.04,5,W,5,N
314,632.12,667.34,5,W,5,N
315,635.71,667.64,5,W,5,N
354,607.98,679.84,5,E,5,N
355,619.63,680.14,5,E,5,N
356,622.44,680.44,5,E,5,N
357,628.08,680.74,5,E,5,N
358,647.27,681.04,5,E,5,N
359,648.34,681.34,5,E,5,N
81,544.76,698.90,1,S,3,W
82,546.03,699.20,1,S,3,E
48,440.43,699.60,1,S,5,W
84,547.86,699.80,1,S,3,W
219,524.74,699.90,2,E,5,W
220,585.33,700.20,2,E,5,W
66,490.68,700.50,1,S,5,W
70,500.83,700.80,1,S,5,W
71,505.62,701.10,1,S,5,W
74,516.32,701.40,1,S,5,W
193,526.14,701.70,1,E,5,W
90,616.94,703.10,1,S,1,W
101,647.09,703.40,1,S,1,W
97,639.73,715.90,1,S,1,E
56,462.81,716.50,1,S,5,E
60,473.19,717.10,1,S,5,E
154,522.33,721.00,1,W,5,E
155,526.07,721.30,1,W,5,E
47,439.93,721.74,1,S,5,N
50,443.29,722.04,1,S,5,N
53,450.18,722.34,1,S,5,N
57,463.11,722.94,1,S,5,N
61,478.66,723.54,1,S,5,N
62,482.50,723.84,1,S,5,N
63,484.75,724.14,1,S,5,N
67,492.52,724.44,1,S,5,N
68,495.33,724.74,1,S,5,N
72,509.32,725.04,1,S,5,N
73,513.31,725.34,1,S,5,N
76,525.72,725.64,1,S,5,N
78,526.92,725.94,1,S,5,N
80,533.62,726.24,1,S,5,N
151,467.39,726.54,1,W,5,N
152,469.67,726.84,1,W,5,N
249,637.92,730.07,3,E,5,N
235,621.02,730.37,3,W,5,N
251,643.56,730.67,3,E,5,N
252,646.31,730.97,3,E,5,N
106,717.99,732.13,1,S,1,E
91,621.85,737.97,1,S,3,W
316,716.85,765.74,5,W,5,N
317,717.19,766.04,5,W,5,N
318,719.02,766.34,5,W,5,N
319,724.73,766.64,5,W,5,N
320,740.34,766.94,5,W,5,N
321,743.10,767.24,5,W,5,N
322,745.80,767.54,5,W,5,N
323,748.76,767.84,5,W,5,N
324,751.00,768.14,5,W,5,N
325,753.70,768.44,5,W,5,N
326,756.02,768.74,5,W,5,N
327,758.75,769.04,5,W,5,N
360,758.29,779.74,5,E,5,N
98,641.06,798.70,1,S,3,E
234,616.48,799.50,3,W,5,W
250,641.14,799.80,3,E,5,W
221,644.55,800.10,2,E,5,W
89,616.67,800.40,1,S,5,W
92,625.23,800.70,1,S,5,W
93,629.73,801.00,1,S,5,W
158,633.67,801.30,1,W,5,W
108,727.20,803.50,1,S,1,W
95,632.20,817.30,1,S,5,E
160,638.50,818.50,1,W,5,E
83,547.50,821.64,1,S,5,N
85,548.30,821.94,1,S,5,N
222,686.71,822.24,2,E,5,N
87,612.56,822.54,1,S,5,N
88,615.40,822.84,1,S,5,N
94,631.88,823.14,1,S,5,N
96,637.05,823.74,1,S,5,N
157,585.20,824.04,1,W,5,N
159,636.54,824.34,1,W,5,N
161,641.29,824.94,1,W,5,N
236,737.40,829.87,3,W,5,N
253,730.54,829.87,3,E,5,N
254,745.23,830.17,3,E,5,N
255,757.08,830.47,3,E,5,N
256,761.07,830.77,3,E,5,N
257,764.94,831.07,3,E,5,N
164,702.56,838.97,1,W,3,E
197,723.96,840.47,1,E,3,W
328,791.26,865.64,5,W,5,N
329,793.69,865.94,5,W,5,N
330,807.65,866.24,5,W,5,N
331,827.50,866.54,5,W,5,N
332,829.94,866.84,5,W,5,N
333,846.13,867.14,5,W,5,N
334,848.05,867.44,5,W,5,N
335,860.79,867.74,5,W,5,N
361,810.75,879.64,5,E,5,N
362,826.94,879.94,5,E,5,N
363,844.26,880.24,5,E,5,N
364,846.01,880.54,5,E,5,N
365,846.02,880.84,5,E,5,N
99,643.37,899.40,1,S,5,W
102,648.94,899.70,1,S,5,W
210,754.76,900.00,2,W,5,W
223,760.53,900.30,2,E,5,W
103,709.18,900.60,1,S,5,W
162,669.60,900.90,1,W,5,W
163,670.51,901.20,1,W,5,W
117,833.61,902.10,1,S,2,W
110,816.95,903.90,1,S,1,W
172,841.77,904.20,1,W,2,W
111,820.89,904.20,1,S,1,W
112,821.88,904.50,1,S,1,W
114,826.35,904.80,1,S,1,W
116,830.12,905.10,1,S,1,W
104,713.13,915.70,1,S,5,E
166,745.22,916.90,1,W,5,E
100,643.89,921.54,1,S,5,N
105,714.55,922.14,1,S,5,N
107,724.67,922.44,1,S,5,N
165,706.50,922.74,1,W,5,N
195,714.66,923.34,1,E,5,N
196,719.49,923.64,1,E,5,N
198,728.16,923.94,1,E,5,N
239,874.64,936.41,3,W,5,N
113,823.81,937.57,1,S,3,W
118,839.14,938.47,1,S,3,W
258,879.10,940.87,3,E,5,N
336,875.31,965.54,5,W,5,N
237,843.42,999.30,3,W,5,W
238,845.06,999.60,3,W,5,W
211,820.85,999.90,2,W,5,W
212,847.30,1000.20,2,W,5,W
115,826.94,1000.50,1,S,5,W
168,813.00,1000.80,1,W,5,W
170,834.53,1001.10,1,W,5,W
199,847.41,1001.40,1,E,5,W
224,812.36,1021.44,2,E,5,N
225,897.92,1021.74,2,E,5,N
109,813.73,1022.04,1,S,5,N
167,793.41,1022.34,1,W,5,N
169,815.96,1022.64,1,W,5,N
171,838.37,1022.94,1,W,5,N
200,850.07,1023.24,1,E,5,N
201,886.76,1023.54,1,E,5,N
174,877.08,1099.20,1,W,5,W
175,897.96,1099.50,1,W,5,W
173,875.26,1121.34,1,W,5,N