id,enter_time,exit_time,entrance_intersection,entrance_direction,exit_intersection,exit_direction
0,3.76,17.90,1,S,1,E
246,2.05,66.44,5,W,5,N
247,4.63,66.74,5,W,5,N
248,22.49,67.04,5,W,5,N
249,25.99,67.34,5,W,5,N
250,59.06,67.64,5,W,5,N
251,63.10,69.24,5,W,5,N
310,39.40,80.44,5,E,5,N
311,69.66,80.74,5,E,5,N
5,18.99,100.70,1,S,1,W
206,36.48,131.57,3,W,5,N
207,44.81,131.87,3,W,5,N
9,31.40,138.57,1,S,3,W
222,77.11,138.88,3,E,5,N
23,127.60,141.74,1,S,1,E
208,92.85,154.62,3,W,5,N
252,160.17,166.31,5,W,5,N
253,164.55,170.68,5,W,5,N
254,167.87,174.00,5,W,5,N
312,173.53,180.34,5,E,5,N
313,185.35,191.48,5,E,5,N
205,29.78,200.10,3,W,5,W
181,10.44,200.40,2,W,5,W
8,28.46,200.70,1,S,5,W
12,109.55,201.10,1,S,1,W
14,111.08,201.40,1,S,1,W
24,139.23,201.70,1,S,1,W
26,144.20,202.00,1,S,1,W
32,154.68,202.30,1,S,1,W
20,121.66,202.30,1,S,2,W
37,165.21,202.60,1,S,1,W
38,169.98,202.90,1,S,1,W
22,125.58,202.90,1,S,2,W
28,146.57,214.50,1,S,1,E
39,175.34,216.90,1,S,1,E
40,176.01,217.20,1,S,1,E
98,42.83,219.40,1,W,5,E
191,47.17,222.24,2,E,5,N
182,61.62,222.54,2,W,5,N
1,8.86,222.84,1,S,5,N
2,10.88,223.14,1,S,5,N
3,15.57,223.44,1,S,5,N
4,16.39,223.74,1,S,5,N
6,19.54,224.04,1,S,5,N
7,23.14,224.34,1,S,5,N
10,34.91,224.64,1,S,5,N
11,35.44,224.94,1,S,5,N
97,3.55,225.24,1,W,5,N
99,64.23,225.84,1,W,5,N
152,46.63,226.14,1,E,5,N
153,49.03,226.44,1,E,5,N
223,110.52,231.07,3,E,5,N
210,161.00,231.37,3,W,5,N
13,110.61,236.57,1,S,3,W
102,73.98,239.87,1,W,3,W
41,181.68,243.62,1,S,2,W
255,260.93,267.07,5,W,5,N
256,263.96,270.10,5,W,5,N
257,268.38,274.52,5,W,5,N
209,105.63,300.00,3,W,5,W
17,116.33,300.30,1,S,5,W
46,193.26,300.60,1,S,2,W
19,117.69,300.60,1,S,5,W
100,71.39,300.90,1,W,5,W
105,85.82,301.20,1,W,5,W
106,114.10,301.50,1,W,5,W
35,157.49,301.80,1,S,3,W
108,152.07,301.80,1,W,5,W
156,152.15,302.10,1,E,5,W
44,186.95,303.00,1,S,3,W
160,287.17,313.29,1,E,2,W
21,122.09,317.20,1,S,5,E
192,119.13,322.14,2,E,5,N
15,112.76,322.44,1,S,5,N
16,114.12,322.74,1,S,5,N
18,116.71,323.04,1,S,5,N
101,73.33,323.64,1,W,5,N
103,75.25,323.94,1,W,5,N
104,83.08,324.24,1,W,5,N
107,131.75,324.54,1,W,5,N
109,157.13,324.84,1,W,5,N
154,108.65,325.14,1,E,5,N
155,113.62,325.44,1,E,5,N
157,185.25,325.74,1,E,5,N
224,204.91,330.87,3,E,5,N
225,266.45,331.17,3,E,5,N
212,244.21,331.17,3,W,5,N
226,268.94,331.47,3,E,5,N
213,290.27,352.04,3,W,5,N
258,288.83,366.14,5,W,5,N
259,305.69,366.44,5,W,5,N
260,323.99,366.74,5,W,5,N
261,327.11,367.04,5,W,5,N
314,316.00,380.14,5,E,5,N
315,332.29,380.44,5,E,5,N
316,339.96,380.74,5,E,5,N
211,200.24,399.90,3,W,5,W
227,271.39,400.20,3,E,5,W
228,275.07,400.50,3,E,5,W
25,140.26,400.80,1,S,5,W
29,147.18,401.10,1,S,5,W
34,157.23,401.40,1,S,5,W
45,189.86,401.70,1,S,5,W
115,276.91,401.90,1,W,2,W
195,252.55,402.00,2,E,5,W
110,176.71,402.30,1,W,5,W
158,242.37,402.60,1,E,5,W
159,263.86,402.90,1,E,5,W
27,144.71,415.90,1,S,5,E
42,184.60,417.40,1,S,5,E
194,232.34,418.60,2,E,5,E
30,149.32,422.34,1,S,5,N
31,151.06,422.64,1,S,5,N
33,154.99,422.94,1,S,5,N
36,162.43,423.24,1,S,5,N
43,184.96,423.84,1,S,5,N
183,230.07,424.14,2,W,5,N
193,205.66,424.44,2,E,5,N
184,297.73,425.04,2,W,5,N
47,193.71,425.34,1,S,5,N
111,219.31,425.64,1,W,5,N
112,262.49,425.94,1,W,5,N
113,264.57,426.24,1,W,5,N
229,305.90,430.67,3,E,5,N
230,308.20,430.97,3,E,5,N
231,312.05,431.27,3,E,5,N
232,373.86,435.63,3,E,5,N
55,434.46,448.59,1,S,1,E
262,373.27,466.04,5,W,5,N
263,373.48,466.34,5,W,5,N
264,375.32,466.64,5,W,5,N
265,381.19,466.94,5,W,5,N
266,385.19,467.24,5,W,5,N
267,388.66,467.54,5,W,5,N
268,390.67,467.84,5,W,5,N
269,394.48,468.14,5,W,5,N
270,448.52,468.44,5,W,5,N
271,452.29,468.74,5,W,5,N
272,456.42,469.04,5,W,5,N
317,475.76,481.90,5,E,5,N
318,487.51,493.65,5,E,5,N
319,493.38,499.52,5,E,5,N
196,317.16,499.80,2,E,5,W
186,372.42,500.10,2,W,5,W
49,322.92,500.40,1,S,5,W
117,312.26,500.70,1,W,5,W
119,328.02,501.00,1,W,5,W
161,303.52,501.30,1,E,5,W
162,350.30,501.60,1,E,5,W
123,463.28,501.70,1,W,2,W
59,454.08,502.30,1,S,1,W
57,438.84,515.10,1,S,1,E
48,253.70,521.94,1,S,5,N
185,368.18,522.24,2,W,5,N
187,398.08,522.54,2,W,5,N
50,334.24,522.84,1,S,5,N
51,336.31,523.14,1,S,5,N
114,270.20,523.44,1,W,5,N
116,308.61,523.74,1,W,5,N
118,325.26,524.04,1,W,5,N
120,330.44,524.34,1,W,5,N
163,382.82,524.64,1,E,5,N
214,401.16,530.47,3,W,5,N
64,471.05,543.02,1,S,2,W
273,507.80,565.94,5,W,5,N
274,512.10,566.24,5,W,5,N
275,514.81,566.54,5,W,5,N
276,517.28,566.84,5,W,5,N
277,538.99,567.14,5,W,5,N
278,543.40,567.44,5,W,5,N
279,545.60,567.74,5,W,5,N
280,547.40,568.04,5,W,5,N
281,548.51,568.34,5,W,5,N
58,443.48,599.10,1,S,3,W
233,484.58,599.70,3,E,5,W
121,375.51,600.00,1,W,5,W
198,490.56,616.90,2,E,5,E
52,338.29,621.84,1,S,5,N
53,338.59,622.14,1,S,5,N
54,339.83,622.44,1,S,5,N
197,409.93,622.74,2,E,5,N
56,436.16,623.34,1,S,5,N
122,424.52,623.64,1,W,5,N
164,460.94,623.94,1,E,5,N
215,543.26,624.13,3,W,5,E
165,476.65,624.24,1,E,5,N
166,491.29,624.54,1,E,5,N
235,517.60,630.57,3,E,5,N
216,548.68,630.57,3,W,5,N
236,521.37,630.87,3,E,5,N
72,633.26,647.40,1,S,1,E
217,593.73,655.50,3,W,5,N
218,594.74,656.51,3,W,5,N
282,623.45,665.84,5,W,5,N
283,627.23,666.14,5,W,5,N
284,628.78,666.44,5,W,5,N
285,631.70,666.74,5,W,5,N
286,646.21,667.04,5,W,5,N
287,657.77,667.34,5,W,5,N
288,660.12,667.64,5,W,5,N
289,662.45,668.59,5,W,5,N
290,664.32,670.46,5,W,5,N
291,668.73,674.86,5,W,5,N
292,671.62,677.75,5,W,5,N
320,634.24,679.84,5,E,5,N
321,671.86,680.14,5,E,5,N
322,672.70,680.44,5,E,5,N
323,689.07,695.21,5,E,5,N
234,505.14,699.60,3,E,5,W
63,469.49,699.90,1,S,5,W
65,472.74,700.20,1,S,5,W
189,576.12,700.50,2,W,5,W
67,527.84,700.80,1,S,5,W
68,529.62,701.10,1,S,5,W
125,469.93,701.40,1,W,5,W
126,508.90,701.70,1,W,5,W
127,528.92,702.00,1,W,5,W
69,627.58,703.10,1,S,1,W
74,693.95,716.20,1,S,1,E
237,598.18,721.74,3,E,5,N
60,457.45,722.04,1,S,5,N
61,459.72,722.34,1,S,5,N
62,462.61,722.64,1,S,5,N
199,564.30,722.94,2,E,5,N
188,551.73,723.24,2,W,5,N
66,525.96,723.54,1,S,5,N
124,467.04,723.84,1,W,5,N
128,563.40,724.14,1,W,5,N
238,600.61,730.07,3,E,5,N
239,602.66,730.37,3,E,5,N
76,699.06,742.92,1,S,2,W
78,702.58,743.52,1,S,2,W
219,694.93,756.70,3,W,5,N
220,696.74,758.51,3,W,5,N
293,700.70,765.74,5,W,5,N
294,705.17,766.04,5,W,5,N
295,707.22,766.34,5,W,5,N
296,712.96,766.64,5,W,5,N
297,714.55,766.94,5,W,5,N
298,717.18,767.24,5,W,5,N
299,745.31,767.54,5,W,5,N
300,748.62,767.84,5,W,5,N
301,751.12,768.14,5,W,5,N
302,751.53,768.44,5,W,5,N
303,754.01,768.74,5,W,5,N
324,699.37,779.74,5,E,5,N
325,718.48,780.04,5,E,5,N
326,721.42,780.34,5,E,5,N
327,772.60,780.64,5,E,5,N
240,667.13,799.50,3,E,5,W
200,662.95,799.80,2,E,5,W
71,630.38,800.10,1,S,5,W
129,566.82,800.40,1,W,5,W
130,573.45,800.70,1,W,5,W
167,611.36,801.00,1,E,5,W
328,794.90,801.04,5,E,5,N
168,615.03,801.30,1,E,5,W
80,711.90,801.40,1,S,2,W
170,680.64,801.60,1,E,5,W
86,799.14,813.28,1,S,1,W
70,627.68,821.64,1,S,5,N
131,603.12,821.94,1,W,5,N
132,651.70,822.24,1,W,5,N
169,668.95,822.54,1,E,5,N
241,699.95,823.73,3,E,5,E
244,732.02,824.63,3,E,5,E
242,703.24,830.17,3,E,5,N
243,705.93,830.47,3,E,5,N
172,732.61,840.77,1,E,3,W
304,773.47,865.64,5,W,5,N
305,858.73,865.94,5,W,5,N
306,870.78,876.91,5,W,5,N
307,872.55,878.69,5,W,5,N
329,832.71,879.64,5,E,5,N
330,834.51,879.94,5,E,5,N
331,836.06,880.24,5,E,5,N
332,869.07,880.54,5,E,5,N
333,872.69,880.84,5,E,5,N
83,794.20,898.50,1,S,3,E
134,699.58,899.40,1,W,5,W
135,705.68,899.70,1,W,5,W
139,751.56,900.00,1,W,5,W
173,738.50,900.30,1,E,5,W
334,895.13,901.27,5,E,5,N
90,807.97,901.50,1,S,2,E
87,803.01,903.90,1,S,1,W
88,806.61,904.20,1,S,1,W
92,810.43,904.50,1,S,1,W
148,844.36,905.70,1,W,2,E
203,798.39,917.20,2,E,5,E
136,738.22,918.70,1,W,5,E
73,693.32,921.54,1,S,5,N
75,697.92,921.84,1,S,5,N
77,702.25,922.14,1,S,5,N
190,742.75,922.44,2,W,5,N
201,737.98,922.74,2,E,5,N
202,768.89,923.04,2,E,5,N
79,711.76,923.64,1,S,5,N
81,715.03,923.94,1,S,5,N
82,722.32,924.24,1,S,5,N
133,681.44,924.54,1,W,5,N
137,742.06,925.14,1,W,5,N
138,748.14,925.44,1,W,5,N
171,709.21,925.74,1,E,5,N
245,812.75,929.67,3,E,5,N
221,816.98,929.67,3,W,5,N
308,873.47,965.54,5,W,5,N
309,894.14,965.84,5,W,5,N
85,798.28,999.30,1,S,5,W
91,808.03,999.60,1,S,5,W
95,828.23,999.90,1,S,5,W
141,793.77,1000.20,1,W,5,W
146,827.50,1000.50,1,W,5,W
147,830.38,1000.80,1,W,5,W
149,845.76,1001.10,1,W,5,W
150,853.20,1001.40,1,W,5,W
151,858.13,1001.70,1,W,5,W
174,805.48,1002.00,1,E,5,W
178,877.74,1002.30,1,E,5,W
84,797.39,1021.44,1,S,5,N
204,837.58,1021.74,2,E,5,N
89,807.54,1022.04,1,S,5,N
93,810.64,1022.34,1,S,5,N
94,822.33,1022.64,1,S,5,N
96,832.09,1022.94,1,S,5,N
140,791.05,1023.24,1,W,5,N
142,801.50,1023.54,1,W,5,N
143,805.16,1023.84,1,W,5,N
144,812.43,1024.14,1,W,5,N
145,824.59,1024.44,1,W,5,N
175,834.08,1024.74,1,E,5,N
176,837.21,1025.04,1,E,5,N
177,839.61,1025.34,1,E,5,N
179,881.34,1025.64,1,E,5,N
180,898.54,1099.20,1,E,5,W