id,enter_time,exit_time,entrance_intersection,entrance_direction,exit_intersection,exit_direction
264,17.39,66.44,5,W,5,N
265,21.80,66.74,5,W,5,N
266,25.01,67.04,5,W,5,N
267,27.65,67.34,5,W,5,N
268,29.73,67.64,5,W,5,N
269,32.93,67.94,5,W,5,N
270,36.13,68.24,5,W,5,N
271,57.09,68.54,5,W,5,N
272,61.00,68.84,5,W,5,N
335,16.48,80.44,5,E,5,N
336,28.17,80.74,5,E,5,N
337,64.94,81.04,5,E,5,N
338,78.43,84.57,5,E,5,N
1,3.86,100.70,1,S,1,W
5,54.32,101.00,1,S,1,W
339,96.59,102.73,5,E,5,N
105,63.10,103.10,1,W,2,W
102,33.20,138.27,1,W,3,W
273,76.96,166.34,5,W,5,N
274,98.05,166.64,5,W,5,N
275,126.30,166.94,5,W,5,N
276,128.55,167.24,5,W,5,N
277,131.76,167.54,5,W,5,N
340,100.66,180.34,5,E,5,N
341,104.05,180.64,5,E,5,N
342,108.03,180.94,5,E,5,N
343,109.48,181.24,5,E,5,N
344,148.31,181.54,5,E,5,N
0,3.11,200.10,1,S,5,W
206,7.23,200.40,2,W,5,W
208,90.17,200.70,2,W,5,W
8,130.78,201.10,1,S,1,W
11,136.68,201.40,1,S,1,W
13,143.13,201.70,1,S,1,W
19,171.83,215.70,1,S,1,E
207,64.69,216.40,2,W,5,E
2,4.08,222.24,1,S,5,N
222,98.95,222.84,2,E,5,N
3,7.82,223.14,1,S,5,N
4,10.54,223.44,1,S,5,N
98,3.57,223.74,1,W,5,N
99,31.42,224.04,1,W,5,N
100,32.89,224.34,1,W,5,N
101,33.17,224.64,1,W,5,N
103,40.94,224.94,1,W,5,N
104,44.72,225.24,1,W,5,N
234,133.70,231.07,3,W,5,N
247,106.25,231.07,3,E,5,N
109,109.19,238.37,1,W,3,E
12,139.34,240.02,1,S,2,W
278,216.86,266.24,5,W,5,N
279,232.38,266.54,5,W,5,N
280,234.66,266.84,5,W,5,N
281,237.28,267.14,5,W,5,N
345,287.98,294.12,5,E,5,N
248,138.18,300.00,3,E,5,W
16,163.71,300.30,1,S,3,E
223,144.12,300.30,2,E,5,W
210,183.22,300.60,2,W,5,W
7,124.82,300.90,1,S,5,W
172,121.35,301.20,1,E,5,W
28,265.02,301.50,1,S,1,W
21,174.48,301.50,1,S,3,W
173,142.86,301.50,1,E,5,W
29,267.89,301.80,1,S,1,W
174,164.57,301.80,1,E,5,W
33,275.79,302.10,1,S,1,W
23,178.94,302.10,1,S,3,W
36,290.87,305.00,1,S,1,W
38,294.93,309.06,1,S,1,W
224,231.33,312.77,2,E,3,E
32,272.97,315.50,1,S,1,E
6,58.22,322.14,1,S,5,N
209,160.09,322.44,2,W,5,N
9,132.28,322.74,1,S,5,N
10,135.28,323.04,1,S,5,N
106,80.46,323.34,1,W,5,N
107,83.52,323.64,1,W,5,N
108,102.85,323.94,1,W,5,N
110,110.82,324.24,1,W,5,N
111,161.05,324.54,1,W,5,N
249,202.73,330.87,3,E,5,N
235,258.81,330.87,3,W,5,N
250,230.35,331.17,3,E,5,N
251,292.21,353.98,3,E,5,N
282,293.92,366.14,5,W,5,N
283,296.75,366.44,5,W,5,N
284,318.62,366.74,5,W,5,N
285,321.45,367.04,5,W,5,N
346,341.09,380.14,5,E,5,N
14,154.00,399.90,1,S,5,W
15,161.73,400.20,1,S,5,W
20,172.75,400.50,1,S,5,W
117,236.58,400.80,1,W,5,W
176,229.68,401.10,1,E,5,W
42,365.88,401.90,1,S,1,W
44,369.02,402.20,1,S,1,W
45,384.67,402.50,1,S,1,W
347,398.24,404.38,5,E,5,N
181,292.23,410.06,1,E,5,W
179,258.10,420.10,1,E,5,E
17,165.72,422.04,1,S,5,N
18,169.00,422.34,1,S,5,N
22,178.22,422.64,1,S,5,N
24,181.21,422.94,1,S,5,N
25,192.77,423.24,1,S,5,N
112,187.34,423.54,1,W,5,N
113,189.46,423.84,1,W,5,N
114,191.84,424.14,1,W,5,N
115,193.90,424.44,1,W,5,N
116,196.23,424.74,1,W,5,N
118,239.39,425.04,1,W,5,N
175,218.28,425.34,1,E,5,N
177,240.81,425.64,1,E,5,N
178,244.69,425.94,1,E,5,N
180,263.90,426.54,1,E,5,N
252,307.90,430.67,3,E,5,N
237,382.98,438.62,3,W,5,E
236,378.79,440.56,3,W,5,N
49,393.06,442.62,1,S,2,W
50,394.04,442.92,1,S,2,E
286,413.88,466.04,5,W,5,N
287,416.38,466.34,5,W,5,N
288,418.39,466.64,5,W,5,N
289,422.86,466.94,5,W,5,N
290,426.82,467.24,5,W,5,N
291,427.13,467.54,5,W,5,N
292,441.65,467.84,5,W,5,N
348,402.75,480.04,5,E,5,N
253,341.09,499.80,3,E,5,W
30,270.79,500.10,1,S,5,W
31,271.43,500.40,1,S,5,W
39,295.07,500.70,1,S,5,W
225,306.87,501.00,2,E,5,W
120,276.99,501.30,1,W,5,W
126,365.77,501.60,1,W,5,W
53,399.48,502.30,1,S,1,W
54,406.01,502.60,1,S,1,W
60,439.52,502.90,1,S,1,W
213,400.75,512.97,2,W,3,W
26,262.21,515.80,1,S,5,E
27,264.06,516.10,1,S,5,E
35,280.37,516.70,1,S,5,E
37,291.76,517.00,1,S,5,E
121,308.70,518.50,1,W,5,E
34,277.82,522.54,1,S,5,N
226,343.97,523.44,2,E,5,N
211,377.68,523.74,2,W,5,N
212,383.82,524.04,2,W,5,N
119,276.37,524.34,1,W,5,N
62,510.31,524.44,1,S,1,E
122,310.58,524.94,1,W,5,N
123,323.84,525.24,1,W,5,N
124,327.23,525.54,1,W,5,N
125,362.54,525.84,1,W,5,N
182,324.78,526.14,1,E,5,N
183,353.99,526.44,1,E,5,N
254,410.65,530.47,3,E,5,N
293,487.73,565.94,5,W,5,N
294,553.30,566.24,5,W,5,N
295,559.26,566.54,5,W,5,N
296,562.96,569.09,5,W,5,N
297,566.51,572.65,5,W,5,N
298,568.21,574.34,5,W,5,N
299,571.88,578.02,5,W,5,N
349,539.78,579.94,5,E,5,N
350,590.26,596.40,5,E,5,N
61,442.65,599.10,1,S,3,E
255,449.42,599.70,3,E,5,W
41,363.25,600.00,1,S,5,W
43,367.88,600.30,1,S,5,W
46,386.80,600.60,1,S,5,W
51,394.20,600.90,1,S,5,W
52,396.99,601.20,1,S,5,W
227,440.98,601.50,2,E,5,W
214,428.18,601.80,2,W,5,W
215,439.95,602.10,2,W,5,W
56,413.95,602.40,1,S,5,W
57,416.00,602.70,1,S,5,W
66,519.78,602.70,1,S,1,W
59,427.84,603.00,1,S,5,W
67,525.62,603.00,1,S,1,W
127,371.57,603.30,1,W,5,W
131,405.91,603.60,1,W,5,W
133,442.45,603.90,1,W,5,W
185,430.66,604.20,1,E,5,W
186,440.45,604.50,1,E,5,W
187,459.93,619.00,1,E,5,E
78,605.90,620.03,1,S,1,E
40,361.77,621.84,1,S,5,N
47,389.68,622.14,1,S,5,N
48,391.06,622.44,1,S,5,N
55,409.80,622.74,1,S,5,N
58,420.00,623.04,1,S,5,N
128,382.30,623.34,1,W,5,N
129,384.09,623.64,1,W,5,N
130,387.45,623.94,1,W,5,N
132,438.62,624.24,1,W,5,N
134,461.35,624.54,1,W,5,N
184,409.35,624.84,1,E,5,N
256,550.78,630.27,3,E,5,N
240,566.81,630.87,3,W,5,N
192,575.26,640.87,1,E,3,W
300,574.32,665.84,5,W,5,N
301,611.86,666.14,5,W,5,N
302,614.82,666.44,5,W,5,N
303,620.10,666.74,5,W,5,N
304,622.77,667.04,5,W,5,N
305,626.50,667.34,5,W,5,N
306,632.18,667.64,5,W,5,N
307,663.49,669.63,5,W,5,N
308,669.20,675.34,5,W,5,N
309,671.79,677.92,5,W,5,N
310,672.55,678.69,5,W,5,N
351,677.25,683.39,5,E,5,N
72,547.17,699.50,1,S,3,E
238,509.33,699.60,3,W,5,W
239,563.16,699.90,3,W,5,W
63,510.32,700.20,1,S,5,W
68,536.88,700.50,1,S,5,W
69,537.61,700.80,1,S,5,W
188,505.10,701.10,1,E,5,W
190,511.88,701.40,1,E,5,W
79,607.57,703.10,1,S,1,W
86,682.63,703.40,1,S,1,W
87,683.66,703.70,1,S,1,W
148,663.51,704.00,1,W,2,W
191,572.00,718.00,1,E,5,E
228,532.07,721.74,2,E,5,N
64,512.13,722.04,1,S,5,N
65,514.94,722.34,1,S,5,N
135,467.14,722.64,1,W,5,N
136,518.66,722.94,1,W,5,N
137,521.39,723.24,1,W,5,N
138,549.95,723.54,1,W,5,N
189,511.37,723.84,1,E,5,N
242,612.60,724.23,3,W,5,E
193,577.06,724.44,1,E,5,N
194,594.41,724.74,1,E,5,N
241,606.98,730.07,3,W,5,N
258,671.18,732.95,3,E,5,N
259,688.21,749.98,3,E,5,N
311,676.34,765.74,5,W,5,N
312,679.42,766.04,5,W,5,N
313,682.18,766.34,5,W,5,N
314,685.21,766.64,5,W,5,N
315,686.22,766.94,5,W,5,N
316,688.88,767.24,5,W,5,N
317,689.25,767.54,5,W,5,N
318,691.33,767.84,5,W,5,N
319,694.56,768.14,5,W,5,N
320,700.22,768.44,5,W,5,N
321,733.90,768.74,5,W,5,N
322,737.20,769.04,5,W,5,N
323,741.50,769.34,5,W,5,N
324,743.73,769.64,5,W,5,N
325,764.14,770.27,5,W,5,N
195,597.32,799.50,1,E,5,W
257,654.80,799.80,3,E,5,W
84,677.34,799.90,1,S,3,W
70,541.62,800.10,1,S,5,W
74,557.51,800.40,1,S,5,W
75,597.91,800.70,1,S,5,W
230,656.03,801.00,2,E,5,W
217,687.36,801.30,2,W,5,W
147,644.34,801.60,1,W,5,W
152,739.50,801.70,1,W,2,E
196,649.48,801.90,1,E,5,W
89,756.65,803.50,1,S,1,W
201,775.91,804.40,1,E,2,W
71,545.03,815.50,1,S,5,E
88,750.89,816.30,1,S,1,E
73,557.43,821.94,1,S,5,N
76,602.62,822.24,1,S,5,N
216,616.70,822.54,2,W,5,N
229,616.14,822.84,2,E,5,N
77,605.08,823.14,1,S,5,N
139,579.50,823.44,1,W,5,N
140,582.49,823.74,1,W,5,N
141,589.44,824.04,1,W,5,N
142,595.71,824.34,1,W,5,N
143,598.16,824.64,1,W,5,N
144,600.82,824.94,1,W,5,N
145,601.92,825.24,1,W,5,N
146,643.14,825.54,1,W,5,N
149,666.07,825.84,1,W,5,N
197,652.04,826.14,1,E,5,N
243,721.12,829.87,3,W,5,N
244,724.19,830.17,3,W,5,N
90,823.48,837.62,1,S,1,E
261,782.11,843.88,3,E,5,N
326,781.87,865.64,5,W,5,N
327,785.19,865.94,5,W,5,N
328,785.32,866.24,5,W,5,N
329,799.55,866.54,5,W,5,N
330,809.14,866.84,5,W,5,N
331,813.51,867.14,5,W,5,N
332,847.05,867.44,5,W,5,N
333,863.02,869.16,5,W,5,N
334,864.94,871.08,5,W,5,N
352,820.41,879.64,5,E,5,N
353,834.04,879.94,5,E,5,N
354,844.33,880.24,5,E,5,N
355,846.23,880.54,5,E,5,N
260,778.81,899.40,3,E,5,W
80,656.92,899.70,1,S,5,W
83,667.13,900.00,1,S,5,W
232,793.05,900.30,2,E,5,W
153,742.08,900.60,1,W,5,W
157,767.08,900.90,1,W,5,W
199,726.12,901.20,1,E,5,W
95,889.87,904.01,1,S,1,W
97,890.07,904.21,1,S,1,W
204,886.02,912.13,1,E,2,W
221,851.64,913.67,2,W,3,W
200,755.41,919.00,1,E,5,E
81,659.03,921.54,1,S,5,N
82,663.36,921.84,1,S,5,N
85,679.59,922.14,1,S,5,N
218,701.51,922.44,2,W,5,N
231,704.67,922.74,2,E,5,N
219,727.32,923.04,2,W,5,N
150,667.69,923.34,1,W,5,N
262,819.60,923.53,3,E,5,E
151,700.27,923.64,1,W,5,N
154,745.26,923.94,1,W,5,N
155,748.21,924.24,1,W,5,N
156,755.59,924.54,1,W,5,N
198,722.99,924.84,1,E,5,N
245,859.48,929.67,3,W,5,N
246,865.08,929.97,3,W,5,N
91,884.15,942.82,1,S,2,W
205,891.90,954.09,1,E,3,W
263,821.65,999.30,3,E,5,W
160,781.20,999.60,1,W,5,W
161,783.53,999.90,1,W,5,W
163,801.13,1000.20,1,W,5,W
165,811.32,1000.50,1,W,5,W
169,840.71,1000.80,1,W,5,W
202,811.69,1001.10,1,E,5,W
220,805.34,1021.44,2,W,5,N
233,891.36,1021.74,2,E,5,N
158,768.32,1022.04,1,W,5,N
159,780.78,1022.34,1,W,5,N
162,797.13,1022.64,1,W,5,N
164,807.48,1022.94,1,W,5,N
166,828.49,1023.24,1,W,5,N
167,836.03,1023.54,1,W,5,N
168,836.85,1023.84,1,W,5,N
203,830.88,1024.14,1,E,5,N
94,888.34,1099.20,1,S,5,W
96,890.03,1099.50,1,S,5,W
170,891.97,1099.80,1,W,5,W
92,886.10,1121.34,1,S,5,N
93,887.19,1121.64,1,S,5,N
171,894.56,1121.94,1,W,5,N