id,enter_time,exit_time,entrance_intersection,entrance_direction,exit_intersection,exit_direction
256,3.12,66.44,5,W,5,N
257,5.20,66.74,5,W,5,N
258,7.80,67.04,5,W,5,N
259,22.30,67.34,5,W,5,N
260,25.72,67.64,5,W,5,N
261,54.08,67.94,5,W,5,N
262,58.98,68.24,5,W,5,N
263,60.48,68.54,5,W,5,N
264,63.48,69.62,5,W,5,N
265,65.72,71.86,5,W,5,N
338,10.82,80.44,5,E,5,N
339,14.08,80.74,5,E,5,N
0,0.89,100.70,1,S,1,W
4,17.13,101.00,1,S,1,W
12,35.91,101.30,1,S,1,W
13,39.01,101.60,1,S,1,W
15,44.49,101.90,1,S,1,W
230,4.94,131.27,3,W,5,N
231,7.90,131.57,3,W,5,N
266,95.15,166.34,5,W,5,N
267,110.87,166.64,5,W,5,N
268,135.93,166.94,5,W,5,N
269,150.31,167.24,5,W,5,N
270,166.11,172.24,5,W,5,N
271,166.15,172.28,5,W,5,N
272,166.41,172.55,5,W,5,N
273,169.34,175.47,5,W,5,N
274,171.74,177.88,5,W,5,N
340,122.71,180.34,5,E,5,N
341,154.62,180.64,5,E,5,N
342,160.46,180.94,5,E,5,N
10,26.65,200.10,1,S,5,W
159,66.51,200.40,1,E,5,W
24,150.79,201.10,1,S,1,W
166,170.92,205.30,1,E,2,E
199,173.65,212.67,2,W,3,W
1,2.57,216.10,1,S,5,E
2,5.36,217.00,1,S,5,E
156,2.47,221.20,1,E,5,E
157,5.96,221.50,1,E,5,E
161,82.64,222.40,1,E,5,E
216,43.38,222.54,2,E,5,N
162,90.25,222.70,1,E,5,E
198,22.60,222.84,2,W,5,N
3,7.06,223.44,1,S,5,N
5,19.74,223.74,1,S,5,N
6,21.76,224.04,1,S,5,N
7,23.54,224.34,1,S,5,N
8,25.55,224.64,1,S,5,N
232,119.75,224.93,3,W,5,E
9,26.22,224.94,1,S,5,N
11,32.05,225.24,1,S,5,N
104,2.39,225.54,1,W,5,N
105,4.79,225.84,1,W,5,N
106,7.73,226.14,1,W,5,N
107,53.91,226.44,1,W,5,N
108,57.69,226.74,1,W,5,N
109,59.80,227.04,1,W,5,N
158,9.50,227.94,1,E,5,N
160,71.13,228.24,1,E,5,N
243,113.36,231.07,3,E,5,N
233,134.79,231.37,3,W,5,N
234,139.70,231.67,3,W,5,N
236,161.13,232.27,3,W,5,N
19,128.82,236.87,1,S,3,E
113,77.22,238.97,1,W,3,E
275,175.23,266.24,5,W,5,N
276,178.83,266.54,5,W,5,N
277,179.87,266.84,5,W,5,N
278,180.16,267.14,5,W,5,N
279,184.09,267.44,5,W,5,N
280,221.50,267.74,5,W,5,N
281,270.18,276.31,5,W,5,N
244,116.04,300.00,3,E,5,W
235,148.26,300.30,3,W,5,W
14,42.06,300.60,1,S,5,W
114,80.34,300.90,1,W,5,W
116,111.92,301.20,1,W,5,W
29,267.63,301.50,1,S,1,W
117,130.95,301.50,1,W,5,W
32,276.37,301.80,1,S,1,W
35,286.44,302.10,1,S,1,W
172,282.30,308.42,1,E,2,W
168,191.66,309.49,1,E,5,W
218,219.20,312.77,2,E,3,W
173,288.23,314.35,1,E,2,W
26,251.98,314.60,1,S,1,E
27,254.03,314.90,1,S,1,E
164,163.14,319.90,1,E,5,E
16,47.10,322.14,1,S,5,N
17,48.30,322.44,1,S,5,N
217,129.87,322.74,2,E,5,N
200,183.15,323.04,2,W,5,N
18,125.12,323.34,1,S,5,N
20,130.82,323.64,1,S,5,N
21,134.27,323.94,1,S,5,N
22,135.62,324.24,1,S,5,N
110,66.78,324.54,1,W,5,N
111,72.77,324.84,1,W,5,N
112,75.89,325.14,1,W,5,N
115,110.25,325.44,1,W,5,N
163,144.86,325.74,1,E,5,N
165,165.38,326.34,1,E,5,N
167,176.01,326.64,1,E,5,N
245,200.89,330.87,3,E,5,N
119,171.62,336.97,1,W,3,W
237,275.79,337.56,3,W,5,N
30,270.00,341.62,1,S,2,W
246,280.18,341.95,3,E,5,N
282,275.34,366.14,5,W,5,N
283,333.09,366.44,5,W,5,N
284,335.40,366.74,5,W,5,N
343,302.55,380.14,5,E,5,N
344,313.49,380.44,5,E,5,N
247,283.17,399.90,3,E,5,W
23,142.43,400.20,1,S,5,W
201,211.62,400.50,2,W,5,W
219,288.73,400.80,2,E,5,W
120,171.71,401.10,1,W,5,W
122,195.89,401.40,1,W,5,W
169,231.04,401.70,1,E,5,W
41,359.97,401.90,1,S,1,W
171,273.57,402.00,1,E,5,W
46,367.90,402.20,1,S,1,W
47,371.10,402.50,1,S,1,W
48,373.02,402.80,1,S,1,W
345,398.70,404.84,5,E,5,N
56,393.75,407.89,1,S,1,W
57,396.50,410.64,1,S,1,W
52,388.54,418.30,1,S,1,E
202,284.15,422.04,2,W,5,N
118,168.65,422.34,1,W,5,N
121,193.93,422.64,1,W,5,N
123,201.15,422.94,1,W,5,N
124,252.36,423.24,1,W,5,N
170,266.56,423.54,1,E,5,N
125,295.27,436.77,1,W,3,E
39,358.19,441.72,1,S,2,W
45,365.63,443.22,1,S,2,W
54,391.51,445.02,1,S,2,W
238,390.18,451.95,3,W,5,N
285,384.70,466.04,5,W,5,N
286,388.25,466.34,5,W,5,N
287,403.27,466.64,5,W,5,N
288,411.19,466.94,5,W,5,N
289,428.80,467.24,5,W,5,N
290,442.11,467.54,5,W,5,N
291,444.98,467.84,5,W,5,N
292,459.46,468.14,5,W,5,N
293,461.60,468.44,5,W,5,N
346,434.43,480.04,5,E,5,N
347,436.25,480.34,5,E,5,N
348,440.02,480.64,5,E,5,N
349,445.95,480.94,5,E,5,N
350,456.53,481.24,5,E,5,N
248,380.58,499.80,3,E,5,W
203,301.60,500.10,2,W,5,W
127,304.67,500.40,1,W,5,W
175,379.87,500.70,1,E,5,W
130,380.38,501.70,1,W,2,W
204,469.91,512.97,2,W,3,W
25,250.67,521.94,1,S,5,N
28,264.21,522.24,1,S,5,N
31,273.92,522.54,1,S,5,N
33,283.66,522.84,1,S,5,N
34,284.89,523.14,1,S,5,N
220,378.44,523.44,2,E,5,N
126,301.21,523.74,1,W,5,N
128,334.19,524.04,1,W,5,N
174,368.92,524.34,1,E,5,N
239,441.44,530.47,3,W,5,N
249,410.22,530.47,3,E,5,N
177,469.47,539.87,1,E,3,W
250,481.69,543.46,3,E,5,N
294,491.08,565.94,5,W,5,N
295,494.30,566.24,5,W,5,N
296,520.24,566.54,5,W,5,N
297,522.85,566.84,5,W,5,N
298,523.79,567.14,5,W,5,N
299,526.95,567.44,5,W,5,N
300,541.53,567.74,5,W,5,N
301,546.03,568.04,5,W,5,N
38,349.79,599.70,1,S,5,W
43,365.49,600.00,1,S,5,W
206,491.61,600.30,2,W,5,W
178,476.96,600.60,1,E,5,W
69,535.87,602.70,1,S,1,W
70,539.51,603.00,1,S,1,W
186,574.22,606.60,1,E,2,W
208,579.47,615.54,2,W,3,W
37,346.61,616.00,1,S,5,E
77,556.25,617.30,1,S,1,E
78,568.24,617.60,1,S,1,E
55,392.42,619.30,1,S,5,E
134,447.75,621.10,1,W,5,E
36,344.52,621.84,1,S,5,N
40,358.67,622.44,1,S,5,N
42,361.73,622.74,1,S,5,N
44,365.52,623.04,1,S,5,N
49,375.53,623.34,1,S,5,N
50,376.02,623.64,1,S,5,N
51,377.61,623.94,1,S,5,N
53,388.84,624.24,1,S,5,N
221,431.86,624.54,2,E,5,N
222,476.59,624.84,2,E,5,N
205,487.63,625.14,2,W,5,N
58,399.80,625.74,1,S,5,N
129,378.66,626.04,1,W,5,N
131,413.58,626.34,1,W,5,N
132,433.11,626.64,1,W,5,N
133,445.10,626.94,1,W,5,N
135,450.43,627.54,1,W,5,N
176,415.12,627.84,1,E,5,N
240,565.02,630.27,3,W,5,N
251,577.41,639.18,3,E,5,N
141,555.24,640.27,1,W,3,E
179,514.26,640.57,1,E,3,E
72,545.78,641.92,1,S,2,W
302,573.51,665.84,5,W,5,N
303,575.45,666.14,5,W,5,N
304,578.53,666.44,5,W,5,N
305,583.86,666.74,5,W,5,N
306,583.90,667.04,5,W,5,N
307,586.32,667.34,5,W,5,N
308,588.79,667.64,5,W,5,N
309,593.35,667.94,5,W,5,N
310,595.97,668.24,5,W,5,N
311,597.86,668.54,5,W,5,N
312,600.84,668.84,5,W,5,N
313,601.90,669.14,5,W,5,N
314,603.53,669.44,5,W,5,N
315,634.98,669.74,5,W,5,N
316,648.65,670.04,5,W,5,N
317,652.39,670.34,5,W,5,N
318,656.51,670.64,5,W,5,N
319,665.48,671.61,5,W,5,N
351,603.24,679.84,5,E,5,N
71,543.05,698.90,1,S,3,E
59,452.68,699.60,1,S,5,W
207,511.15,699.90,2,W,5,W
223,504.07,700.20,2,E,5,W
65,526.46,700.50,1,S,5,W
136,481.61,700.80,1,W,5,W
137,509.79,701.10,1,W,5,W
184,542.85,701.40,1,E,5,W
189,669.19,702.50,1,E,2,W
86,656.22,703.10,1,S,1,W
94,676.54,703.40,1,S,1,W
84,651.86,716.50,1,S,1,E
85,652.52,716.80,1,S,1,E
92,672.48,718.60,1,S,1,E
60,453.66,721.74,1,S,5,N
61,457.14,722.04,1,S,5,N
62,458.77,722.34,1,S,5,N
224,590.77,722.64,2,E,5,N
63,522.07,722.94,1,S,5,N
64,526.31,723.24,1,S,5,N
66,527.00,723.54,1,S,5,N
67,531.45,723.84,1,S,5,N
252,663.47,723.93,3,E,5,E
68,535.11,724.14,1,S,5,N
138,512.33,724.44,1,W,5,N
139,512.42,724.74,1,W,5,N
140,549.00,725.04,1,W,5,N
180,522.16,725.34,1,E,5,N
181,522.71,725.64,1,E,5,N
182,526.02,725.94,1,E,5,N
183,532.54,726.24,1,E,5,N
185,555.27,726.54,1,E,5,N
187,634.10,737.97,1,E,3,E
241,690.77,752.54,3,W,5,N
320,698.13,765.74,5,W,5,N
321,701.78,766.04,5,W,5,N
322,703.54,766.34,5,W,5,N
323,705.74,766.64,5,W,5,N
324,726.50,766.94,5,W,5,N
325,726.89,767.24,5,W,5,N
326,727.95,767.54,5,W,5,N
352,709.41,779.74,5,E,5,N
353,721.47,780.04,5,E,5,N
354,764.27,780.34,5,E,5,N
83,650.06,799.30,1,S,3,W
74,547.89,799.50,1,S,5,W
75,549.03,799.80,1,S,5,W
88,662.88,799.90,1,S,3,W
80,573.62,800.10,1,S,5,W
209,652.54,800.40,2,W,5,W
225,671.49,800.70,2,E,5,W
147,718.58,801.70,1,W,2,W
96,750.18,803.50,1,S,1,W
73,546.67,821.64,1,S,5,N
76,551.27,821.94,1,S,5,N
79,571.87,822.24,1,S,5,N
81,574.34,822.54,1,S,5,N
210,698.47,822.84,2,W,5,N
142,591.20,823.14,1,W,5,N
143,593.27,823.44,1,W,5,N
144,625.73,823.74,1,W,5,N
188,634.74,824.04,1,E,5,N
253,727.01,829.87,3,E,5,N
254,730.05,830.17,3,E,5,N
191,713.61,838.67,1,E,3,E
327,823.80,865.64,5,W,5,N
328,827.58,865.94,5,W,5,N
329,831.57,866.24,5,W,5,N
330,856.93,866.54,5,W,5,N
331,858.13,866.84,5,W,5,N
332,860.88,867.01,5,W,5,N
333,862.90,869.03,5,W,5,N
334,865.46,871.60,5,W,5,N
335,868.16,874.29,5,W,5,N
190,701.77,899.40,1,E,5,W
90,667.14,899.70,1,S,5,W
91,669.02,900.00,1,S,5,W
211,745.23,900.30,2,W,5,W
227,780.16,900.60,2,E,5,W
148,721.71,900.90,1,W,5,W
192,724.44,901.20,1,E,5,W
151,812.67,902.40,1,W,2,W
152,837.53,902.70,1,W,2,E
242,797.79,921.54,3,W,5,N
82,644.97,921.84,1,S,5,N
87,659.79,922.14,1,S,5,N
89,666.28,922.44,1,S,5,N
93,673.58,922.74,1,S,5,N
95,680.29,923.04,1,S,5,N
226,752.35,923.34,2,E,5,N
212,767.07,923.64,2,W,5,N
213,771.15,923.94,2,W,5,N
145,669.21,924.24,1,W,5,N
146,673.35,924.54,1,W,5,N
149,764.19,924.84,1,W,5,N
193,735.72,925.14,1,E,5,N
194,747.44,925.44,1,E,5,N
255,836.23,929.67,3,E,5,N
336,892.75,965.54,5,W,5,N
337,895.02,965.84,5,W,5,N
214,821.63,999.30,2,W,5,W
97,824.67,999.60,1,S,5,W
196,835.04,999.90,1,E,5,W
197,856.79,1000.20,1,E,5,W
228,808.65,1021.44,2,E,5,N
215,846.30,1021.74,2,W,5,N
229,893.36,1022.04,2,E,5,N
98,826.55,1022.34,1,S,5,N
99,837.91,1022.64,1,S,5,N
150,768.00,1022.94,1,W,5,N
153,854.51,1023.24,1,W,5,N
154,857.17,1023.54,1,W,5,N
195,824.27,1023.84,1,E,5,N
100,841.62,1099.20,1,S,5,W
102,847.46,1099.50,1,S,5,W
103,847.48,1099.80,1,S,5,W
101,843.53,1121.34,1,S,5,N
155,885.71,1121.64,1,W,5,N