id,enter_time,exit_time,entrance_intersection,entrance_direction,exit_intersection,exit_direction
246,3.00,66.44,5,W,5,N
247,6.19,66.74,5,W,5,N
248,26.52,67.04,5,W,5,N
249,30.19,67.34,5,W,5,N
250,33.61,67.64,5,W,5,N
251,53.84,67.94,5,W,5,N
252,57.58,68.24,5,W,5,N
253,61.08,68.54,5,W,5,N
254,61.77,68.84,5,W,5,N
317,37.92,80.44,5,E,5,N
318,49.31,80.74,5,E,5,N
2,11.59,100.70,1,S,1,W
225,19.20,131.27,3,E,5,N
0,4.91,136.47,1,S,3,W
82,40.89,137.97,1,W,3,W
255,121.36,166.34,5,W,5,N
256,124.29,166.64,5,W,5,N
257,124.67,166.94,5,W,5,N
258,127.98,167.24,5,W,5,N
259,130.16,167.54,5,W,5,N
260,142.81,167.84,5,W,5,N
319,157.99,180.34,5,E,5,N
320,168.35,180.64,5,E,5,N
201,92.10,200.10,2,E,5,W
6,94.02,200.20,1,S,3,W
1,9.13,200.40,1,S,5,W
7,95.30,200.50,1,S,3,W
142,61.52,200.70,1,E,5,W
12,104.50,201.10,1,S,1,W
16,116.11,201.40,1,S,1,W
146,120.56,203.50,1,E,2,W
188,10.47,216.10,2,W,5,E
140,39.20,217.90,1,E,5,E
3,11.67,222.54,1,S,5,N
4,18.48,222.84,1,S,5,N
81,2.56,223.14,1,W,5,N
83,43.23,223.44,1,W,5,N
139,33.33,223.74,1,E,5,N
141,49.83,224.34,1,E,5,N
143,70.88,224.64,1,E,5,N
144,79.58,224.94,1,E,5,N
145,99.74,225.24,1,E,5,N
227,135.17,231.37,3,E,5,N
228,137.50,231.67,3,E,5,N
217,149.57,231.67,3,W,5,N
149,191.46,253.65,1,E,3,W
261,200.08,266.24,5,W,5,N
262,201.79,266.54,5,W,5,N
263,204.28,266.84,5,W,5,N
264,204.53,267.14,5,W,5,N
265,206.69,267.44,5,W,5,N
266,207.07,267.74,5,W,5,N
267,209.27,268.04,5,W,5,N
268,211.63,268.34,5,W,5,N
269,214.55,268.64,5,W,5,N
270,235.30,268.94,5,W,5,N
271,236.74,269.24,5,W,5,N
272,251.17,269.54,5,W,5,N
273,253.17,269.84,5,W,5,N
274,258.28,270.14,5,W,5,N
275,260.19,270.44,5,W,5,N
276,261.97,270.74,5,W,5,N
277,264.44,271.04,5,W,5,N
321,264.27,280.24,5,E,5,N
322,280.29,286.43,5,E,5,N
323,286.36,292.50,5,E,5,N
226,119.36,300.00,3,E,5,W
215,128.25,300.30,3,W,5,W
216,137.24,300.60,3,W,5,W
9,99.48,300.90,1,S,5,W
189,197.74,301.20,2,W,5,W
150,202.44,301.50,1,E,2,E
21,200.20,301.50,1,S,1,W
14,111.42,301.50,1,S,5,W
22,201.66,301.80,1,S,1,W
18,123.76,301.80,1,S,5,W
324,295.73,301.87,5,E,5,N
29,270.23,302.10,1,S,1,W
84,71.53,302.10,1,W,5,W
87,130.08,302.40,1,W,5,W
88,151.25,302.70,1,W,5,W
8,96.82,316.30,1,S,5,E
148,154.15,319.30,1,E,5,E
5,92.04,322.14,1,S,5,N
10,100.61,322.74,1,S,5,N
11,101.61,323.04,1,S,5,N
202,123.72,323.34,2,E,5,N
13,108.09,323.64,1,S,5,N
15,114.83,323.94,1,S,5,N
17,117.78,324.24,1,S,5,N
85,75.14,324.54,1,W,5,N
86,126.27,324.84,1,W,5,N
147,128.00,325.14,1,E,5,N
229,220.66,330.87,3,E,5,N
89,201.77,336.67,1,W,3,W
218,281.49,343.26,3,W,5,N
278,317.10,366.14,5,W,5,N
279,345.02,366.44,5,W,5,N
325,315.42,380.14,5,E,5,N
326,317.82,380.44,5,E,5,N
327,319.29,380.74,5,E,5,N
328,320.74,381.04,5,E,5,N
230,235.93,399.90,3,E,5,W
231,274.59,400.20,3,E,5,W
19,194.58,400.50,1,S,5,W
90,217.32,400.80,1,W,5,W
28,258.70,401.00,1,S,3,E
91,220.54,401.10,1,W,5,W
152,255.58,401.40,1,E,5,W
156,286.48,404.30,1,E,5,W
154,269.15,417.10,1,E,5,E
155,281.26,417.40,1,E,5,E
20,197.36,422.04,1,S,5,N
203,216.09,422.34,2,E,5,N
151,254.71,422.64,1,E,5,N
153,258.16,422.94,1,E,5,N
92,272.36,436.77,1,W,3,E
39,426.60,440.73,1,S,1,E
232,387.35,449.12,3,E,5,N
159,390.83,453.02,1,E,3,W
280,401.67,466.04,5,W,5,N
281,428.99,466.34,5,W,5,N
282,441.34,466.64,5,W,5,N
283,469.34,475.47,5,W,5,N
284,471.10,477.24,5,W,5,N
329,421.46,480.04,5,E,5,N
23,243.41,499.80,1,S,5,W
25,250.07,500.10,1,S,5,W
26,257.88,500.40,1,S,5,W
27,258.08,500.70,1,S,5,W
191,383.43,501.00,2,W,5,W
94,329.33,501.30,1,W,5,W
38,423.29,502.30,1,S,1,W
57,482.81,502.60,1,S,1,W
24,245.44,521.94,1,S,5,N
30,277.09,522.24,1,S,5,N
31,280.79,522.54,1,S,5,N
32,286.08,522.84,1,S,5,N
190,361.12,523.14,2,W,5,N
204,313.97,523.44,2,E,5,N
93,291.62,523.74,1,W,5,N
95,336.08,524.04,1,W,5,N
96,361.27,524.34,1,W,5,N
97,364.24,524.64,1,W,5,N
157,307.99,524.94,1,E,5,N
158,337.20,525.24,1,E,5,N
233,406.81,530.47,3,E,5,N
234,409.88,530.77,3,E,5,N
36,420.11,537.47,1,S,3,E
100,392.25,539.57,1,W,3,W
103,401.29,540.47,1,W,3,E
104,401.62,540.77,1,W,3,E
51,469.69,543.62,1,S,2,W
165,485.13,547.32,1,E,3,W
285,474.93,565.94,5,W,5,N
286,475.97,566.24,5,W,5,N
287,490.25,566.54,5,W,5,N
288,516.47,566.84,5,W,5,N
289,534.88,567.14,5,W,5,N
290,559.79,567.44,5,W,5,N
330,557.44,579.94,5,E,5,N
219,423.22,599.70,3,W,5,W
192,463.28,600.00,2,W,5,W
206,435.61,600.30,2,E,5,W
193,490.58,600.60,2,W,5,W
37,422.03,600.90,1,S,5,W
40,431.07,601.20,1,S,5,W
99,388.54,601.50,1,W,5,W
102,398.15,601.80,1,W,5,W
105,442.00,602.10,1,W,5,W
62,581.24,602.70,1,S,1,W
64,585.39,603.00,1,S,1,W
195,577.20,613.27,2,W,3,W
160,407.54,618.40,1,E,5,E
163,454.73,619.30,1,E,5,E
164,464.97,619.60,1,E,5,E
33,352.24,621.84,1,S,5,N
205,407.89,622.14,2,E,5,N
207,471.14,622.44,2,E,5,N
34,415.72,622.74,1,S,5,N
35,419.38,623.04,1,S,5,N
41,433.92,623.34,1,S,5,N
42,436.68,623.64,1,S,5,N
98,367.48,623.94,1,W,5,N
101,395.31,624.24,1,W,5,N
161,446.09,624.84,1,E,5,N
162,450.15,625.14,1,E,5,N
166,491.96,626.04,1,E,5,N
235,502.72,630.27,3,E,5,N
236,524.05,630.57,3,E,5,N
291,615.99,665.84,5,W,5,N
292,618.27,666.14,5,W,5,N
293,619.99,666.44,5,W,5,N
294,635.70,666.74,5,W,5,N
295,639.43,667.04,5,W,5,N
296,641.92,667.34,5,W,5,N
297,656.24,667.64,5,W,5,N
298,670.68,676.82,5,W,5,N
331,605.37,679.84,5,E,5,N
220,557.92,699.60,3,W,5,W
221,595.89,699.90,3,W,5,W
45,447.22,700.20,1,S,5,W
47,460.29,700.50,1,S,5,W
53,473.87,700.80,1,S,5,W
194,513.93,701.10,2,W,5,W
107,476.37,701.40,1,W,5,W
168,517.87,701.70,1,E,5,W
114,619.25,702.20,1,W,2,W
116,629.09,702.80,1,W,2,W
169,585.58,703.40,1,E,5,W
70,695.64,709.77,1,S,1,W
43,440.53,721.74,1,S,5,N
44,441.94,722.04,1,S,5,N
46,452.31,722.34,1,S,5,N
48,462.80,722.64,1,S,5,N
49,466.01,722.94,1,S,5,N
50,466.45,723.24,1,S,5,N
52,470.17,723.54,1,S,5,N
54,476.67,723.84,1,S,5,N
55,479.72,724.14,1,S,5,N
56,481.30,724.44,1,S,5,N
208,533.16,724.74,2,E,5,N
58,485.99,725.04,1,S,5,N
106,473.32,725.34,1,W,5,N
108,518.81,725.64,1,W,5,N
109,522.07,725.94,1,W,5,N
167,512.89,726.24,1,E,5,N
170,590.19,726.54,1,E,5,N
299,691.71,765.74,5,W,5,N
300,712.72,766.04,5,W,5,N
301,716.54,766.34,5,W,5,N
302,727.34,766.64,5,W,5,N
303,733.26,766.94,5,W,5,N
304,735.88,767.24,5,W,5,N
305,754.67,767.54,5,W,5,N
306,759.52,767.84,5,W,5,N
307,761.84,767.97,5,W,5,N
308,771.44,777.58,5,W,5,N
332,714.63,779.74,5,E,5,N
333,722.08,780.04,5,E,5,N
237,602.58,799.50,3,E,5,W
61,577.94,799.80,1,S,5,W
63,583.22,800.10,1,S,5,W
67,595.59,800.40,1,S,5,W
196,619.67,800.70,2,W,5,W
210,694.53,801.00,2,E,5,W
115,626.75,801.30,1,W,5,W
173,624.02,801.60,1,E,5,W
209,608.16,817.00,2,E,5,E
117,632.55,819.10,1,W,5,E
59,571.65,821.64,1,S,5,N
60,575.25,821.94,1,S,5,N
65,586.22,822.24,1,S,5,N
66,592.00,822.54,1,S,5,N
68,595.87,822.84,1,S,5,N
197,640.13,823.44,2,W,5,N
198,663.06,823.74,2,W,5,N
110,573.02,824.04,1,W,5,N
111,594.84,824.34,1,W,5,N
112,614.01,824.64,1,W,5,N
113,617.07,824.94,1,W,5,N
118,633.85,825.54,1,W,5,N
119,636.38,825.84,1,W,5,N
171,611.49,826.14,1,E,5,N
172,620.55,826.44,1,E,5,N
174,643.40,826.74,1,E,5,N
240,730.48,830.47,3,E,5,N
122,681.60,837.77,1,W,3,E
175,736.31,840.17,1,E,3,E
309,788.63,865.64,5,W,5,N
310,845.23,865.94,5,W,5,N
311,848.86,866.24,5,W,5,N
312,850.98,866.54,5,W,5,N
313,852.64,866.84,5,W,5,N
314,855.59,867.14,5,W,5,N
334,852.84,879.64,5,E,5,N
335,876.20,882.34,5,E,5,N
336,876.42,882.56,5,E,5,N
337,887.76,893.90,5,E,5,N
338,891.14,897.27,5,E,5,N
238,713.44,899.40,3,E,5,W
222,713.82,899.70,3,W,5,W
239,726.79,900.00,3,E,5,W
241,733.12,900.30,3,E,5,W
69,693.31,900.60,1,S,5,W
71,697.88,900.90,1,S,5,W
72,700.25,901.20,1,S,5,W
211,735.16,901.50,2,E,5,W
123,683.85,901.80,1,W,5,W
124,726.71,902.10,1,W,5,W
133,846.08,902.10,1,W,2,W
127,750.99,902.40,1,W,5,W
178,765.49,902.70,1,E,5,W
75,843.61,903.90,1,S,1,W
78,853.95,904.20,1,S,1,W
183,841.78,904.50,1,E,2,W
200,859.68,913.37,2,W,3,E
80,856.80,917.90,1,S,1,E
179,787.10,918.40,1,E,5,E
199,705.56,921.54,2,W,5,N
212,769.00,921.84,2,E,5,N
120,673.99,922.14,1,W,5,N
121,677.89,922.44,1,W,5,N
125,743.84,922.74,1,W,5,N
126,747.98,923.04,1,W,5,N
128,754.31,923.34,1,W,5,N
129,755.12,923.64,1,W,5,N
176,744.21,923.94,1,E,5,N
177,745.04,924.24,1,E,5,N
223,858.12,929.67,3,W,5,N
244,881.58,943.35,3,E,5,N
245,883.91,945.68,3,E,5,N
315,885.82,965.54,5,W,5,N
316,890.33,965.84,5,W,5,N
242,804.70,999.30,3,E,5,W
224,859.94,999.60,3,W,5,W
243,808.08,999.90,3,E,5,W
213,858.76,1000.20,2,E,5,W
131,795.10,1000.50,1,W,5,W
136,854.35,1000.80,1,W,5,W
214,889.90,1015.60,2,E,5,E
134,849.84,1016.50,1,W,5,E
185,857.12,1018.60,1,E,5,E
187,877.90,1019.20,1,E,5,E
73,775.51,1021.44,1,S,5,N
130,788.47,1022.04,1,W,5,N
132,828.01,1022.34,1,W,5,N
135,852.20,1022.94,1,W,5,N
137,856.87,1023.24,1,W,5,N
180,813.66,1023.54,1,E,5,N
181,821.72,1023.84,1,E,5,N
182,839.08,1024.14,1,E,5,N
184,853.75,1024.44,1,E,5,N
186,871.12,1025.04,1,E,5,N
74,841.24,1121.34,1,S,5,N
76,846.32,1121.64,1,S,5,N
77,852.07,1121.94,1,S,5,N
79,854.32,1122.24,1,S,5,N
138,883.27,1122.54,1,W,5,N