id,enter_time,exit_time,entrance_intersection,entrance_direction,exit_intersection,exit_direction
1,8.50,22.64,1,S,1,E
263,3.04,66.44,5,W,5,N
264,6.24,66.74,5,W,5,N
265,33.44,67.04,5,W,5,N
266,48.24,67.34,5,W,5,N
343,0.53,80.44,5,E,5,N
344,49.29,80.74,5,E,5,N
7,25.09,100.70,1,S,1,W
11,95.88,110.02,1,S,1,W
8,87.09,113.50,1,S,1,E
241,3.23,131.27,3,E,5,N
219,6.97,131.27,3,W,5,N
221,23.47,131.87,3,W,5,N
222,28.11,132.17,3,W,5,N
223,72.63,134.40,3,W,5,N
3,11.84,137.07,1,S,3,W
242,75.80,137.57,3,E,5,N
5,21.53,137.67,1,S,3,W
169,41.21,140.07,1,E,3,E
243,79.19,140.96,3,E,5,N
267,108.89,166.34,5,W,5,N
268,111.42,166.64,5,W,5,N
269,118.08,166.94,5,W,5,N
270,120.48,167.24,5,W,5,N
271,125.02,167.54,5,W,5,N
272,132.62,167.84,5,W,5,N
273,134.76,168.14,5,W,5,N
274,135.01,168.44,5,W,5,N
275,139.79,168.74,5,W,5,N
276,144.80,169.04,5,W,5,N
277,148.70,169.34,5,W,5,N
278,151.32,169.64,5,W,5,N
279,165.65,171.78,5,W,5,N
280,168.94,175.08,5,W,5,N
281,171.43,177.56,5,W,5,N
345,105.24,180.34,5,E,5,N
220,22.96,200.10,3,W,5,W
4,17.75,200.40,1,S,5,W
115,6.71,200.70,1,W,5,W
118,51.97,201.00,1,W,5,W
12,162.92,201.10,1,S,1,W
16,174.43,201.40,1,S,1,W
17,174.60,201.70,1,S,1,W
18,174.90,202.00,1,S,1,W
6,23.85,217.30,1,S,5,E
117,36.99,217.90,1,W,5,E
173,98.19,219.70,1,E,5,E
192,22.44,222.24,2,W,5,N
206,54.60,222.54,2,E,5,N
0,5.90,222.84,1,S,5,N
2,11.41,223.14,1,S,5,N
116,34.41,223.74,1,W,5,N
167,10.18,224.34,1,E,5,N
168,36.37,224.64,1,E,5,N
170,78.97,224.94,1,E,5,N
171,85.06,225.24,1,E,5,N
172,96.06,225.54,1,E,5,N
244,147.80,231.07,3,E,5,N
245,173.28,235.05,3,E,5,N
246,175.43,237.20,3,E,5,N
282,173.47,266.24,5,W,5,N
283,176.81,266.54,5,W,5,N
284,205.09,266.84,5,W,5,N
285,208.88,267.14,5,W,5,N
286,224.91,267.44,5,W,5,N
287,228.08,267.74,5,W,5,N
288,231.57,268.04,5,W,5,N
289,233.27,268.34,5,W,5,N
290,236.21,268.64,5,W,5,N
291,240.75,268.94,5,W,5,N
292,243.34,269.24,5,W,5,N
293,247.02,269.54,5,W,5,N
294,250.99,269.84,5,W,5,N
295,251.76,270.14,5,W,5,N
296,257.31,270.44,5,W,5,N
297,271.91,278.05,5,W,5,N
346,250.10,280.24,5,E,5,N
224,181.29,300.00,3,W,5,W
247,196.29,300.30,3,E,5,W
28,276.27,301.50,1,S,1,W
127,205.13,301.80,1,W,2,W
31,285.23,301.80,1,S,1,W
121,149.39,317.80,1,W,5,E
9,87.81,322.14,1,S,5,N
10,92.29,322.44,1,S,5,N
207,131.47,322.74,2,E,5,N
193,178.47,323.04,2,W,5,N
119,78.94,323.34,1,W,5,N
120,118.34,323.64,1,W,5,N
122,155.69,324.24,1,W,5,N
174,175.41,324.54,1,E,5,N
225,227.70,324.73,3,W,5,E
248,269.77,331.54,3,E,5,N
226,274.04,335.81,3,W,5,N
126,201.25,337.57,1,W,3,E
128,238.53,338.17,1,W,3,W
249,286.38,348.15,3,E,5,N
250,289.27,351.04,3,E,5,N
227,292.22,353.99,3,W,5,N
298,348.62,366.14,5,W,5,N
299,350.57,366.44,5,W,5,N
300,352.87,366.74,5,W,5,N
347,308.23,380.14,5,E,5,N
348,362.90,380.44,5,E,5,N
24,254.63,399.80,1,S,3,E
13,168.60,399.90,1,S,5,W
19,181.90,400.20,1,S,5,W
21,185.11,400.50,1,S,5,W
208,218.81,400.80,2,E,5,W
125,198.55,401.10,1,W,5,W
41,313.80,401.90,1,S,1,W
44,324.07,402.20,1,S,1,W
45,333.11,402.50,1,S,1,W
35,289.42,402.50,1,S,3,E
46,335.59,402.80,1,S,1,W
49,344.07,403.10,1,S,1,W
194,372.63,412.87,2,W,3,E
22,188.91,416.80,1,S,5,E
14,169.29,422.04,1,S,5,N
15,171.87,422.34,1,S,5,N
20,184.39,422.64,1,S,5,N
209,272.00,423.24,2,E,5,N
123,184.50,423.54,1,W,5,N
124,194.89,423.84,1,W,5,N
175,249.90,424.14,1,E,5,N
176,284.15,424.44,1,E,5,N
228,335.25,430.67,3,W,5,N
229,368.17,430.97,3,W,5,N
195,398.86,434.94,2,W,3,W
47,337.58,438.27,1,S,3,W
57,427.97,442.11,1,S,1,E
230,381.89,443.66,3,W,5,N
301,384.22,466.04,5,W,5,N
302,386.89,466.34,5,W,5,N
303,401.32,466.64,5,W,5,N
50,346.55,499.60,1,S,3,E
177,300.19,499.80,1,E,5,W
30,281.52,500.10,1,S,5,W
34,286.94,500.40,1,S,5,W
210,366.03,500.70,2,E,5,W
130,283.99,501.00,1,W,5,W
135,449.74,503.20,1,W,2,W
197,444.92,513.27,2,W,3,W
23,252.82,521.94,1,S,5,N
25,255.79,522.24,1,S,5,N
26,258.36,522.54,1,S,5,N
27,265.32,522.84,1,S,5,N
29,278.93,523.14,1,S,5,N
32,285.52,523.44,1,S,5,N
33,286.83,523.74,1,S,5,N
36,296.33,524.04,1,S,5,N
37,297.74,524.34,1,S,5,N
38,307.32,524.64,1,S,5,N
39,310.02,524.94,1,S,5,N
40,310.50,525.24,1,S,5,N
42,316.59,525.54,1,S,5,N
43,316.67,525.84,1,S,5,N
129,280.87,526.14,1,W,5,N
131,333.51,526.44,1,W,5,N
178,315.68,526.74,1,E,5,N
251,400.80,530.47,3,E,5,N
252,475.87,537.64,3,E,5,N
253,478.10,539.87,3,E,5,N
58,493.99,541.22,1,S,2,W
304,474.17,565.94,5,W,5,N
305,476.57,566.24,5,W,5,N
306,481.06,566.54,5,W,5,N
307,483.51,566.84,5,W,5,N
308,486.35,567.14,5,W,5,N
309,520.26,567.44,5,W,5,N
310,526.25,567.74,5,W,5,N
311,529.74,568.04,5,W,5,N
312,533.63,568.34,5,W,5,N
313,537.35,568.64,5,W,5,N
314,538.27,568.94,5,W,5,N
315,555.18,569.24,5,W,5,N
316,558.25,569.54,5,W,5,N
317,561.58,569.84,5,W,5,N
318,567.34,573.47,5,W,5,N
319,569.99,576.12,5,W,5,N
349,505.56,579.94,5,E,5,N
350,508.12,580.24,5,E,5,N
351,542.42,580.54,5,E,5,N
352,559.63,580.84,5,E,5,N
353,559.70,581.14,5,E,5,N
211,465.49,599.70,2,E,5,W
52,415.52,600.00,1,S,5,W
56,424.67,600.30,1,S,5,W
132,366.47,600.60,1,W,5,W
140,528.18,602.10,1,W,2,W
68,574.90,602.70,1,S,1,W
73,584.87,603.00,1,S,1,W
67,574.49,617.90,1,S,1,E
48,340.51,621.84,1,S,5,N
51,348.54,622.14,1,S,5,N
196,421.76,622.44,2,W,5,N
198,457.72,622.74,2,W,5,N
53,417.13,623.04,1,S,5,N
54,417.71,623.34,1,S,5,N
55,421.67,623.64,1,S,5,N
133,390.97,623.94,1,W,5,N
134,406.57,624.24,1,W,5,N
179,439.66,624.54,1,E,5,N
180,451.10,624.84,1,E,5,N
181,468.82,625.14,1,E,5,N
231,524.06,630.27,3,W,5,N
232,528.72,630.57,3,W,5,N
141,566.44,638.47,1,W,3,W
256,585.06,640.69,3,E,5,E
255,582.89,644.66,3,E,5,N
320,599.57,665.84,5,W,5,N
321,604.39,666.14,5,W,5,N
322,605.40,666.44,5,W,5,N
323,607.79,666.74,5,W,5,N
324,607.86,667.04,5,W,5,N
325,629.32,667.34,5,W,5,N
326,632.17,667.64,5,W,5,N
327,637.27,667.94,5,W,5,N
328,643.07,668.24,5,W,5,N
329,658.89,668.54,5,W,5,N
354,642.75,679.84,5,E,5,N
355,644.81,680.14,5,E,5,N
254,570.72,699.60,3,E,5,W
233,586.08,699.90,3,W,5,W
213,597.92,700.20,2,E,5,W
137,501.50,700.50,1,W,5,W
66,572.70,701.00,1,S,3,E
79,602.13,703.10,1,S,1,W
88,669.46,703.40,1,S,1,W
95,690.31,704.45,1,S,1,W
214,669.90,713.17,2,E,3,W
182,549.21,717.40,1,E,5,E
92,679.17,719.20,1,S,1,E
199,531.98,721.74,2,W,5,N
212,517.27,722.04,2,E,5,N
200,573.33,722.34,2,W,5,N
136,500.98,722.64,1,W,5,N
138,523.08,722.94,1,W,5,N
139,526.36,723.24,1,W,5,N
106,717.31,731.45,1,S,1,E
330,713.08,765.74,5,W,5,N
331,713.48,766.04,5,W,5,N
332,751.83,766.34,5,W,5,N
356,776.80,782.93,5,E,5,N
65,571.05,799.50,1,S,5,W
71,582.40,799.80,1,S,5,W
72,583.84,800.10,1,S,5,W
201,624.91,800.40,2,W,5,W
202,647.01,800.70,2,W,5,W
76,594.14,801.00,1,S,5,W
183,624.40,801.30,1,E,5,W
101,710.42,803.50,1,S,1,W
103,714.37,803.80,1,S,1,W
105,715.74,804.10,1,S,1,W
108,773.30,804.40,1,S,1,W
59,558.19,815.50,1,S,5,E
64,568.40,817.00,1,S,5,E
60,560.74,821.94,1,S,5,N
61,564.23,822.24,1,S,5,N
62,565.25,822.54,1,S,5,N
63,566.75,822.84,1,S,5,N
69,576.53,823.44,1,S,5,N
70,580.24,823.74,1,S,5,N
74,587.86,824.04,1,S,5,N
75,590.92,824.34,1,S,5,N
77,596.43,824.64,1,S,5,N
78,598.79,824.94,1,S,5,N
142,568.60,825.24,1,W,5,N
143,570.42,825.54,1,W,5,N
144,584.86,825.84,1,W,5,N
145,600.51,826.14,1,W,5,N
146,601.98,826.44,1,W,5,N
147,646.77,826.74,1,W,5,N
148,659.67,827.04,1,W,5,N
257,698.97,829.87,3,E,5,N
234,716.13,829.87,3,W,5,N
235,765.58,830.17,3,W,5,N
102,711.99,839.27,1,S,3,E
259,778.16,839.93,3,E,5,N
260,780.55,842.32,3,E,5,N
109,778.85,842.42,1,S,2,W
333,773.51,865.64,5,W,5,N
334,807.57,865.94,5,W,5,N
335,811.98,866.24,5,W,5,N
336,814.19,866.54,5,W,5,N
337,816.13,866.84,5,W,5,N
338,820.28,867.14,5,W,5,N
339,845.03,867.44,5,W,5,N
340,849.02,867.74,5,W,5,N
357,880.56,886.69,5,E,5,N
258,702.59,899.40,3,E,5,W
236,769.44,899.70,3,W,5,W
82,651.94,900.00,1,S,5,W
83,655.92,900.30,1,S,5,W
86,660.90,900.60,1,S,5,W
91,679.02,900.90,1,S,5,W
94,684.70,901.20,1,S,5,W
97,692.91,901.50,1,S,5,W
185,749.97,901.80,1,E,5,W
98,695.92,919.00,1,S,5,E
107,718.11,920.20,1,S,5,E
80,646.23,921.54,1,S,5,N
81,648.88,921.84,1,S,5,N
84,659.25,922.14,1,S,5,N
85,660.88,922.44,1,S,5,N
87,668.27,922.74,1,S,5,N
89,671.83,923.04,1,S,5,N
90,675.62,923.34,1,S,5,N
215,703.79,923.64,2,E,5,N
216,738.15,923.94,2,E,5,N
217,760.77,924.24,2,E,5,N
93,682.02,924.54,1,S,5,N
96,690.38,924.84,1,S,5,N
99,707.56,925.44,1,S,5,N
100,709.23,925.74,1,S,5,N
104,715.59,926.04,1,S,5,N
149,691.67,926.64,1,W,5,N
150,694.65,926.94,1,W,5,N
151,702.44,927.24,1,W,5,N
152,741.67,927.54,1,W,5,N
153,742.92,927.84,1,W,5,N
184,730.33,928.14,1,E,5,N
186,766.34,928.44,1,E,5,N
237,810.94,929.67,3,W,5,N
261,803.12,929.67,3,E,5,N
238,811.75,929.97,3,W,5,N
239,871.17,932.94,3,W,5,N
262,880.98,942.75,3,E,5,N
341,879.15,965.54,5,W,5,N
342,884.46,965.84,5,W,5,N
240,872.12,999.30,3,W,5,W
203,831.02,999.60,2,W,5,W
218,832.40,999.90,2,E,5,W
156,783.87,1000.20,1,W,5,W
160,832.42,1000.50,1,W,5,W
162,837.24,1000.80,1,W,5,W
163,838.89,1001.10,1,W,5,W
188,821.38,1001.40,1,E,5,W
189,828.19,1001.70,1,E,5,W
190,881.32,1018.90,1,E,5,E
110,782.06,1021.44,1,S,5,N
111,786.04,1021.74,1,S,5,N
204,856.85,1022.04,2,W,5,N
205,881.30,1022.34,2,W,5,N
154,776.68,1022.64,1,W,5,N
155,783.61,1022.94,1,W,5,N
157,824.42,1023.24,1,W,5,N
158,827.31,1023.54,1,W,5,N
159,829.15,1023.84,1,W,5,N
161,835.10,1024.14,1,W,5,N
164,839.92,1024.44,1,W,5,N
187,806.89,1024.74,1,E,5,N
191,894.95,1025.34,1,E,5,N
165,878.13,1099.20,1,W,5,W
112,850.75,1121.34,1,S,5,N
113,854.00,1121.64,1,S,5,N
114,854.76,1121.94,1,S,5,N
166,879.68,1122.24,1,W,5,N