id,enter_time,exit_time,entrance_intersection,entrance_direction,exit_intersection,exit_direction
234,15.58,66.44,5,W,5,N
235,19.34,66.74,5,W,5,N
236,22.80,67.04,5,W,5,N
237,29.66,67.34,5,W,5,N
238,32.99,67.64,5,W,5,N
300,0.51,80.44,5,E,5,N
301,55.93,80.74,5,E,5,N
302,81.86,88.00,5,E,5,N
303,92.03,98.16,5,E,5,N
0,63.55,100.70,1,S,1,W
3,81.72,101.00,1,S,1,W
304,95.93,102.07,5,E,5,N
9,92.06,106.20,1,S,1,W
10,93.98,108.12,1,S,1,W
11,94.73,108.86,1,S,1,W
13,94.77,108.90,1,S,1,W
20,112.98,127.11,1,S,1,E
205,2.72,131.57,3,W,5,N
8,90.36,141.42,1,S,2,W
218,89.82,145.46,3,E,5,E
239,97.03,166.34,5,W,5,N
240,114.33,166.64,5,W,5,N
241,117.76,166.94,5,W,5,N
242,122.06,167.24,5,W,5,N
204,0.22,200.10,3,W,5,W
206,11.09,200.40,3,W,5,W
219,92.40,200.70,3,E,5,W
192,86.25,201.00,2,E,5,W
88,3.59,201.30,1,W,5,W
90,8.55,201.60,1,W,5,W
91,11.47,201.90,1,W,5,W
92,13.79,202.20,1,W,5,W
149,3.26,202.50,1,E,5,W
97,116.45,202.90,1,W,2,W
93,50.08,216.40,1,W,5,E
89,5.64,222.24,1,W,5,N
94,53.93,222.84,1,W,5,N
95,55.76,223.14,1,W,5,N
150,10.48,223.44,1,E,5,N
151,60.82,223.74,1,E,5,N
220,159.58,231.07,3,E,5,N
221,161.76,231.37,3,E,5,N
155,128.05,241.67,1,E,3,W
208,184.26,246.03,3,W,5,N
29,234.63,248.77,1,S,1,E
243,174.30,266.24,5,W,5,N
244,176.51,266.54,5,W,5,N
245,179.49,266.84,5,W,5,N
246,182.77,267.14,5,W,5,N
247,184.04,267.44,5,W,5,N
248,185.17,267.74,5,W,5,N
249,198.50,268.04,5,W,5,N
250,212.61,268.34,5,W,5,N
251,243.98,268.64,5,W,5,N
305,201.65,280.24,5,E,5,N
207,132.79,300.00,3,W,5,W
1,70.80,300.30,1,S,5,W
4,83.42,300.60,1,S,5,W
12,94.77,300.90,1,S,5,W
14,98.13,301.20,1,S,5,W
175,168.76,301.50,2,W,5,W
100,130.04,301.80,1,W,5,W
101,144.71,302.10,1,W,5,W
153,105.44,302.40,1,E,5,W
105,228.90,302.70,1,W,2,W
156,131.14,302.70,1,E,5,W
157,164.09,303.00,1,E,5,W
2,78.41,322.14,1,S,5,N
5,83.56,322.44,1,S,5,N
6,86.35,322.74,1,S,5,N
7,87.56,323.04,1,S,5,N
15,98.33,323.34,1,S,5,N
16,99.90,323.64,1,S,5,N
17,102.20,323.94,1,S,5,N
193,184.44,324.24,2,E,5,N
176,195.47,324.54,2,W,5,N
18,107.41,324.84,1,S,5,N
19,110.61,325.14,1,S,5,N
21,113.28,325.44,1,S,5,N
22,116.81,325.74,1,S,5,N
23,119.39,326.04,1,S,5,N
24,123.89,326.34,1,S,5,N
25,129.40,326.64,1,S,5,N
96,89.09,326.94,1,W,5,N
98,121.65,327.24,1,W,5,N
99,127.71,327.54,1,W,5,N
102,147.71,327.84,1,W,5,N
152,100.63,328.14,1,E,5,N
154,126.02,328.44,1,E,5,N
222,266.94,330.87,3,E,5,N
27,230.39,336.97,1,S,3,W
107,236.30,339.37,1,W,3,W
252,276.52,366.14,5,W,5,N
253,332.76,366.44,5,W,5,N
254,336.27,366.74,5,W,5,N
255,340.09,367.04,5,W,5,N
256,341.57,367.34,5,W,5,N
257,343.15,367.64,5,W,5,N
258,359.17,367.94,5,W,5,N
306,301.52,380.14,5,E,5,N
307,345.57,380.44,5,E,5,N
308,345.58,380.74,5,E,5,N
309,348.05,381.04,5,E,5,N
209,299.31,399.90,3,W,5,W
195,291.51,400.20,2,E,5,W
28,233.01,400.50,1,S,5,W
32,320.80,401.90,1,S,1,W
33,322.58,402.20,1,S,1,W
38,344.79,402.50,1,S,1,W
41,351.22,402.80,1,S,1,W
160,286.93,404.75,1,E,5,W
106,232.86,418.90,1,W,5,E
177,245.18,422.04,2,W,5,N
194,234.36,422.34,2,E,5,N
178,267.19,422.64,2,W,5,N
179,272.72,422.94,2,W,5,N
180,294.65,423.24,2,W,5,N
26,216.01,423.54,1,S,5,N
30,234.85,423.84,1,S,5,N
31,237.52,424.14,1,S,5,N
103,178.04,424.44,1,W,5,N
104,227.97,424.74,1,W,5,N
108,240.07,425.34,1,W,5,N
158,207.75,425.64,1,E,5,N
159,219.31,425.94,1,E,5,N
210,322.06,430.67,3,W,5,N
224,354.06,430.97,3,E,5,N
226,375.37,431.01,3,E,5,E
225,365.11,431.27,3,E,5,N
259,432.69,466.04,5,W,5,N
260,447.84,466.34,5,W,5,N
261,450.83,466.64,5,W,5,N
262,457.89,466.94,5,W,5,N
263,460.48,467.24,5,W,5,N
264,463.54,469.68,5,W,5,N
265,465.92,472.06,5,W,5,N
266,469.90,476.04,5,W,5,N
267,472.51,478.65,5,W,5,N
310,447.85,480.04,5,E,5,N
223,335.91,499.80,3,E,5,W
196,388.48,500.10,2,E,5,W
34,330.75,500.40,1,S,5,W
44,358.71,500.50,1,S,3,E
35,332.34,500.70,1,S,5,W
36,334.69,501.00,1,S,5,W
110,272.56,501.30,1,W,5,W
49,456.80,502.30,1,S,1,W
50,459.46,502.60,1,S,1,W
56,466.69,502.90,1,S,1,W
181,345.04,521.94,2,W,5,N
182,371.45,522.24,2,W,5,N
183,394.80,522.54,2,W,5,N
37,335.19,522.84,1,S,5,N
109,270.49,523.14,1,W,5,N
111,323.88,523.44,1,W,5,N
112,329.98,523.74,1,W,5,N
113,337.28,524.04,1,W,5,N
161,357.90,524.34,1,E,5,N
227,478.08,539.85,3,E,5,N
55,466.02,543.02,1,S,2,W
57,533.01,547.15,1,S,1,E
268,475.23,565.94,5,W,5,N
269,487.75,566.24,5,W,5,N
270,542.19,566.54,5,W,5,N
271,556.94,566.84,5,W,5,N
311,555.33,579.94,5,E,5,N
211,448.97,599.70,3,W,5,W
212,494.11,600.00,3,W,5,W
43,353.69,600.30,1,S,5,W
45,363.97,600.60,1,S,5,W
185,480.47,600.90,2,W,5,W
117,431.87,601.20,1,W,5,W
118,434.79,601.50,1,W,5,W
124,550.26,602.70,1,W,2,W
59,539.84,602.70,1,S,1,W
61,542.31,603.00,1,S,1,W
65,555.77,603.30,1,S,1,W
66,563.51,603.60,1,S,1,W
68,569.12,603.90,1,S,1,W
39,345.17,621.84,1,S,5,N
40,348.22,622.14,1,S,5,N
42,352.75,622.44,1,S,5,N
46,366.19,622.74,1,S,5,N
197,474.24,623.04,2,E,5,N
184,451.40,623.34,2,W,5,N
114,369.84,623.64,1,W,5,N
115,414.31,623.94,1,W,5,N
116,429.58,624.24,1,W,5,N
162,485.04,624.54,1,E,5,N
163,496.61,624.84,1,E,5,N
213,550.73,630.27,3,W,5,N
214,566.23,630.57,3,W,5,N
228,571.83,633.60,3,E,5,N
119,466.89,637.27,1,W,3,W
229,575.52,637.29,3,E,5,N
122,483.70,638.17,1,W,3,W
272,581.26,665.84,5,W,5,N
273,583.03,666.14,5,W,5,N
274,585.00,666.44,5,W,5,N
275,585.91,666.74,5,W,5,N
276,586.01,667.04,5,W,5,N
277,587.36,667.34,5,W,5,N
278,587.89,667.64,5,W,5,N
279,624.89,667.94,5,W,5,N
280,627.74,668.24,5,W,5,N
281,648.04,668.54,5,W,5,N
282,649.20,668.84,5,W,5,N
283,666.92,673.05,5,W,5,N
312,599.56,679.84,5,E,5,N
313,682.88,689.02,5,E,5,N
215,571.64,699.60,3,W,5,W
164,571.51,699.90,1,E,5,W
165,577.93,700.20,1,E,5,W
58,536.64,717.70,1,S,5,E
47,451.17,721.74,1,S,5,N
48,454.86,722.04,1,S,5,N
51,461.49,722.34,1,S,5,N
52,463.86,722.64,1,S,5,N
53,464.56,722.94,1,S,5,N
54,465.98,723.24,1,S,5,N
198,572.55,723.54,2,E,5,N
120,474.51,724.14,1,W,5,N
121,481.33,724.44,1,W,5,N
123,528.85,724.74,1,W,5,N
125,551.08,725.04,1,W,5,N
126,561.62,725.34,1,W,5,N
127,565.27,725.64,1,W,5,N
76,695.30,743.22,1,S,2,W
284,693.24,765.74,5,W,5,N
285,709.68,766.04,5,W,5,N
286,712.97,766.34,5,W,5,N
287,728.45,766.64,5,W,5,N
288,731.44,766.94,5,W,5,N
289,747.77,767.24,5,W,5,N
290,752.32,767.54,5,W,5,N
314,787.24,793.38,5,E,5,N
230,690.25,799.50,3,E,5,W
62,544.63,799.80,1,S,5,W
67,565.76,800.10,1,S,5,W
199,648.55,800.40,2,E,5,W
200,670.08,800.70,2,E,5,W
70,612.04,801.00,1,S,5,W
71,616.94,801.30,1,S,5,W
133,633.56,801.60,1,W,5,W
132,599.99,819.10,1,W,5,E
60,539.88,821.64,1,S,5,N
63,547.26,821.94,1,S,5,N
64,551.14,822.24,1,S,5,N
186,643.38,822.54,2,W,5,N
187,643.83,822.84,2,W,5,N
188,673.34,823.14,2,W,5,N
189,696.37,823.44,2,W,5,N
69,609.89,823.74,1,S,5,N
128,568.55,824.04,1,W,5,N
129,572.44,824.34,1,W,5,N
130,578.35,824.64,1,W,5,N
131,581.45,824.94,1,W,5,N
134,663.22,825.54,1,W,5,N
166,613.40,825.84,1,E,5,N
137,743.86,837.77,1,W,3,W
168,712.56,838.67,1,E,3,E
291,811.68,865.64,5,W,5,N
292,818.62,865.94,5,W,5,N
293,840.45,866.24,5,W,5,N
294,845.77,866.54,5,W,5,N
295,847.95,866.84,5,W,5,N
296,850.24,867.14,5,W,5,N
297,865.26,871.40,5,W,5,N
315,809.73,879.64,5,E,5,N
316,813.62,879.94,5,E,5,N
317,838.73,880.24,5,E,5,N
318,887.52,893.65,5,E,5,N
79,757.63,899.10,1,S,3,W
216,706.78,899.40,3,W,5,W
231,790.04,899.70,3,E,5,W
73,686.85,900.00,1,S,5,W
74,691.23,900.30,1,S,5,W
202,775.09,900.60,2,E,5,W
135,690.06,900.90,1,W,5,W
136,707.43,901.20,1,W,5,W
167,708.91,901.50,1,E,5,W
171,771.12,901.80,1,E,5,W
86,836.09,903.90,1,S,1,W
319,897.85,903.98,5,E,5,N
72,683.67,921.54,1,S,5,N
75,695.05,921.84,1,S,5,N
190,743.47,922.14,2,W,5,N
201,755.00,922.44,2,E,5,N
138,744.29,922.74,1,W,5,N
169,721.13,923.04,1,E,5,N
170,767.79,923.34,1,E,5,N
217,841.73,929.67,3,W,5,N
233,835.11,929.97,3,E,5,N
87,837.20,938.17,1,S,3,E
298,883.01,965.54,5,W,5,N
299,883.45,965.84,5,W,5,N
232,822.48,999.30,3,E,5,W
82,762.39,999.60,1,S,5,W
191,817.18,999.90,2,W,5,W
84,831.92,1000.20,1,S,5,W
85,832.36,1000.50,1,S,5,W
140,777.89,1000.80,1,W,5,W
141,779.64,1001.10,1,W,5,W
172,817.07,1001.40,1,E,5,W
173,840.04,1001.70,1,E,5,W
174,879.12,1002.00,1,E,5,W
80,759.29,1015.90,1,S,5,E
83,823.66,1016.80,1,S,5,E
143,782.27,1017.70,1,W,5,E
77,756.67,1021.44,1,S,5,N
78,757.61,1021.74,1,S,5,N
81,761.57,1022.34,1,S,5,N
203,874.48,1022.64,2,E,5,N
139,774.13,1023.24,1,W,5,N
142,780.29,1023.54,1,W,5,N
144,811.13,1024.14,1,W,5,N
145,814.10,1024.44,1,W,5,N
146,821.23,1024.74,1,W,5,N
147,824.35,1025.04,1,W,5,N
148,875.51,1115.20,1,W,5,E