id,enter_time,exit_time,entrance_intersection,entrance_direction,exit_intersection,exit_direction
0,0.35,40.60,1,S,2,W
204,3.63,66.44,5,W,5,N
205,10.70,66.74,5,W,5,N
206,14.73,67.04,5,W,5,N
243,82.94,89.08,5,E,5,N
244,92.08,98.22,5,E,5,N
56,54.44,101.00,1,W,2,W
4,94.98,114.40,1,S,1,E
165,36.66,131.27,3,W,5,N
182,4.63,131.57,3,E,5,N
183,71.71,133.48,3,E,5,N
166,72.01,133.78,3,W,5,N
184,74.32,136.09,3,E,5,N
207,100.21,166.34,5,W,5,N
208,105.69,166.64,5,W,5,N
209,109.39,166.94,5,W,5,N
210,151.10,167.24,5,W,5,N
211,155.07,167.54,5,W,5,N
181,2.21,200.10,3,E,5,W
142,25.80,200.40,2,W,5,W
113,78.27,200.70,1,E,5,W
116,111.71,203.20,1,E,2,W
117,151.50,203.50,1,E,2,E
112,56.13,217.60,1,E,5,E
153,41.12,222.24,2,E,5,N
54,18.98,222.54,1,W,5,N
55,50.61,222.84,1,W,5,N
110,15.22,223.14,1,E,5,N
111,21.22,223.44,1,E,5,N
114,83.99,224.04,1,E,5,N
185,141.10,231.07,3,E,5,N
212,175.49,266.24,5,W,5,N
213,176.22,266.54,5,W,5,N
214,217.14,266.84,5,W,5,N
215,220.48,267.14,5,W,5,N
216,223.05,267.44,5,W,5,N
217,226.05,267.74,5,W,5,N
218,228.97,268.04,5,W,5,N
245,227.84,280.24,5,E,5,N
1,86.32,300.00,1,S,5,W
59,118.46,300.30,1,W,5,W
60,120.65,300.60,1,W,5,W
64,137.40,300.90,1,W,5,W
118,205.05,303.60,1,E,2,W
17,239.40,314.30,1,S,1,E
5,97.30,316.60,1,S,5,E
62,131.39,318.40,1,W,5,E
2,87.81,322.14,1,S,5,N
3,92.33,322.44,1,S,5,N
6,101.21,323.04,1,S,5,N
154,130.25,323.34,2,E,5,N
57,68.78,323.64,1,W,5,N
58,85.42,323.94,1,W,5,N
61,127.57,324.24,1,W,5,N
63,135.23,324.84,1,W,5,N
115,105.69,325.14,1,E,5,N
170,254.18,325.63,3,W,5,E
167,210.68,330.87,3,W,5,N
186,237.89,330.87,3,E,5,N
168,216.84,331.17,3,W,5,N
169,252.79,331.47,3,W,5,N
19,324.37,338.50,1,S,1,E
219,317.71,366.14,5,W,5,N
220,318.27,366.44,5,W,5,N
221,334.02,366.74,5,W,5,N
222,351.20,367.04,5,W,5,N
246,334.01,380.14,5,E,5,N
247,351.58,380.44,5,E,5,N
248,363.17,380.74,5,E,5,N
249,373.82,381.04,5,E,5,N
187,273.04,399.90,3,E,5,W
10,191.71,400.20,1,S,5,W
15,227.39,400.50,1,S,5,W
16,229.61,400.80,1,S,5,W
20,326.85,401.00,1,S,2,W
67,174.59,401.10,1,W,5,W
120,247.46,401.40,1,E,5,W
22,330.18,401.90,1,S,1,W
74,285.95,402.50,1,W,2,W
23,390.92,405.06,1,S,1,W
24,392.70,406.84,1,S,1,W
155,222.82,417.70,2,E,5,E
14,220.48,418.30,1,S,5,E
7,175.55,422.04,1,S,5,N
8,175.98,422.34,1,S,5,N
9,176.79,422.64,1,S,5,N
11,199.63,422.94,1,S,5,N
12,201.59,423.24,1,S,5,N
143,216.47,423.54,2,W,5,N
13,217.12,424.14,1,S,5,N
65,170.38,424.74,1,W,5,N
66,171.63,425.04,1,W,5,N
68,209.57,425.34,1,W,5,N
69,209.70,425.64,1,W,5,N
70,241.52,425.94,1,W,5,N
119,218.65,426.24,1,E,5,N
121,272.10,426.54,1,E,5,N
188,363.93,430.67,3,E,5,N
73,283.30,438.27,1,W,3,E
76,329.07,439.17,1,W,3,W
171,383.19,444.96,3,W,5,N
223,379.41,466.04,5,W,5,N
224,395.19,466.34,5,W,5,N
225,415.19,466.64,5,W,5,N
250,483.43,489.57,5,E,5,N
189,379.82,499.80,3,E,5,W
21,327.30,500.10,1,S,5,W
77,357.37,500.40,1,W,5,W
122,323.02,500.70,1,E,5,W
79,411.29,501.10,1,W,2,W
25,465.25,502.30,1,S,1,W
158,418.57,512.97,2,E,3,W
156,302.98,521.94,2,E,5,N
157,380.31,522.24,2,E,5,N
18,319.28,522.54,1,S,5,N
71,282.99,522.84,1,W,5,N
72,283.07,523.14,1,W,5,N
75,316.31,523.44,1,W,5,N
123,358.27,523.74,1,E,5,N
124,379.15,524.04,1,E,5,N
172,434.00,524.33,3,W,5,E
174,494.19,549.82,3,W,5,E
190,491.65,553.42,3,E,5,N
226,481.22,565.94,5,W,5,N
227,493.60,566.24,5,W,5,N
228,512.36,566.54,5,W,5,N
173,480.07,599.70,3,W,5,W
145,431.19,600.00,2,W,5,W
78,404.81,600.30,1,W,5,W
81,447.24,600.60,1,W,5,W
82,449.77,600.90,1,W,5,W
84,452.67,601.20,1,W,5,W
126,438.23,601.50,1,E,5,W
87,527.44,601.50,1,W,2,W
26,547.72,602.70,1,S,1,W
144,403.62,621.84,2,W,5,N
159,499.75,622.14,2,E,5,N
80,414.67,622.44,1,W,5,N
83,450.41,622.74,1,W,5,N
125,432.21,623.04,1,E,5,N
127,498.13,623.34,1,E,5,N
175,499.25,630.27,3,W,5,N
131,586.63,648.82,1,E,3,W
229,610.61,665.84,5,W,5,N
230,626.10,666.14,5,W,5,N
231,656.12,666.44,5,W,5,N
232,662.22,668.35,5,W,5,N
233,662.64,668.77,5,W,5,N
234,666.53,672.67,5,W,5,N
235,667.94,674.08,5,W,5,N
251,624.65,679.84,5,E,5,N
252,654.48,680.14,5,E,5,N
253,654.63,680.44,5,E,5,N
128,500.20,699.60,1,E,5,W
148,569.93,699.90,2,W,5,W
88,531.37,700.20,1,W,5,W
30,649.25,716.50,1,S,1,E
86,502.01,717.10,1,W,5,E
146,502.36,721.74,2,W,5,N
147,519.62,722.04,2,W,5,N
160,588.26,722.34,2,E,5,N
149,589.56,722.64,2,W,5,N
85,483.01,722.94,1,W,5,N
129,552.90,723.54,1,E,5,N
130,574.93,723.84,1,E,5,N
132,590.61,724.14,1,E,5,N
176,625.75,730.07,3,W,5,N
191,601.61,730.07,3,E,5,N
192,605.09,730.37,3,E,5,N
92,623.30,738.27,1,W,3,E
94,633.12,738.87,1,W,3,W
236,728.52,765.74,5,W,5,N
237,733.49,766.04,5,W,5,N
193,641.23,799.50,3,E,5,W
150,616.65,799.80,2,W,5,W
89,569.55,800.10,1,W,5,W
91,574.77,800.40,1,W,5,W
133,638.77,800.70,1,E,5,W
136,678.54,801.00,1,E,5,W
99,728.06,802.30,1,W,2,E
254,798.06,804.20,5,E,5,N
161,632.75,815.50,2,E,5,E
27,630.99,821.94,1,S,5,N
90,572.68,822.24,1,W,5,N
93,630.68,822.54,1,W,5,N
95,653.89,822.84,1,W,5,N
134,666.78,823.14,1,E,5,N
135,675.85,823.44,1,E,5,N
177,738.53,829.87,3,W,5,N
179,757.74,830.47,3,W,5,N
196,721.24,830.47,3,E,5,N
197,723.52,830.77,3,E,5,N
96,671.29,837.47,1,W,3,W
97,709.44,837.77,1,W,3,E
199,787.53,849.30,3,E,5,N
238,794.94,865.64,5,W,5,N
239,794.99,865.94,5,W,5,N
240,795.63,866.24,5,W,5,N
241,797.86,866.54,5,W,5,N
242,846.77,866.84,5,W,5,N
255,809.98,879.64,5,E,5,N
256,816.68,879.94,5,E,5,N
194,706.70,899.40,3,E,5,W
178,749.52,899.70,3,W,5,W
195,718.64,900.00,3,E,5,W
198,762.60,900.30,3,E,5,W
200,790.55,900.60,3,E,5,W
29,648.16,900.90,1,S,5,W
32,652.13,901.20,1,S,5,W
33,663.09,901.50,1,S,5,W
34,666.71,901.80,1,S,5,W
151,776.65,902.10,2,W,5,W
162,718.91,902.40,2,E,5,W
98,723.00,902.70,1,W,5,W
39,803.67,903.90,1,S,1,W
42,820.40,904.20,1,S,1,W
44,832.87,904.50,1,S,1,W
48,841.04,904.80,1,S,1,W
35,667.14,916.00,1,S,5,E
139,772.99,917.20,1,E,5,E
28,641.98,921.54,1,S,5,N
31,649.39,921.84,1,S,5,N
36,730.57,922.44,1,S,5,N
137,714.35,922.74,1,E,5,N
138,764.34,923.04,1,E,5,N
180,811.36,923.53,3,W,5,E
201,809.72,929.67,3,E,5,N
202,829.52,929.97,3,E,5,N
203,832.75,930.27,3,E,5,N
47,838.69,938.47,1,S,3,W
100,769.93,938.77,1,W,3,W
50,850.46,943.12,1,S,2,W
51,852.18,998.60,1,S,3,W
37,784.75,999.30,1,S,5,W
40,804.31,999.60,1,S,5,W
43,824.96,999.90,1,S,5,W
46,836.05,1000.20,1,S,5,W
102,788.96,1000.50,1,W,5,W
104,795.28,1000.80,1,W,5,W
106,845.72,1001.10,1,W,5,W
107,851.48,1001.40,1,W,5,W
108,855.31,1001.70,1,W,5,W
103,792.04,1017.40,1,W,5,E
38,799.93,1021.44,1,S,5,N
152,846.63,1021.74,2,W,5,N
163,814.60,1022.04,2,E,5,N
164,899.36,1022.34,2,E,5,N
41,806.34,1022.64,1,S,5,N
45,835.80,1022.94,1,S,5,N
101,772.25,1023.24,1,W,5,N
105,843.92,1023.84,1,W,5,N
140,841.76,1024.14,1,E,5,N
141,889.36,1024.44,1,E,5,N
109,887.39,1037.37,1,W,3,W
49,849.82,1115.20,1,S,5,E
52,852.74,1115.50,1,S,5,E
53,854.49,1121.94,1,S,5,N