id,enter_time,exit_time,entrance_intersection,entrance_direction,exit_intersection,exit_direction
270,3.62,66.44,5,W,5,N
0,5.93,100.70,1,S,1,W
247,34.50,131.27,3,E,5,N
233,15.91,131.27,3,W,5,N
248,49.15,131.57,3,E,5,N
249,67.77,131.87,3,E,5,N
4,81.05,140.22,1,S,2,E
271,79.60,166.34,5,W,5,N
272,82.43,166.64,5,W,5,N
273,109.38,166.94,5,W,5,N
274,115.70,167.24,5,W,5,N
275,116.54,167.54,5,W,5,N
276,150.51,167.84,5,W,5,N
342,99.90,180.34,5,E,5,N
343,105.82,180.64,5,E,5,N
344,105.88,180.94,5,E,5,N
345,107.83,181.24,5,E,5,N
346,109.68,181.54,5,E,5,N
347,160.13,181.84,5,E,5,N
348,170.15,182.14,5,E,5,N
234,73.99,200.10,3,W,5,W
203,51.18,200.40,2,W,5,W
101,3.77,200.70,1,W,5,W
102,7.09,201.00,1,W,5,W
5,144.09,201.10,1,S,1,W
109,93.36,201.10,1,W,2,W
105,53.21,201.30,1,W,5,W
8,159.04,201.40,1,S,1,W
171,13.08,201.60,1,E,5,W
9,159.23,201.70,1,S,1,W
12,171.13,202.00,1,S,1,W
13,172.42,202.30,1,S,1,W
10,162.00,214.50,1,S,1,E
11,165.86,214.80,1,S,1,E
202,28.81,216.10,2,W,5,E
206,93.19,217.60,2,W,5,E
218,31.20,222.54,2,E,5,N
204,75.65,222.84,2,W,5,N
219,83.89,223.14,2,E,5,N
205,91.91,223.44,2,W,5,N
1,9.61,224.04,1,S,5,N
103,31.87,224.34,1,W,5,N
104,51.77,224.64,1,W,5,N
106,59.43,224.94,1,W,5,N
252,108.24,225.53,3,E,5,E
250,102.66,231.07,3,E,5,N
251,105.60,231.37,3,E,5,N
107,84.31,236.57,1,W,3,W
253,194.48,256.25,3,E,5,N
277,206.16,266.24,5,W,5,N
278,208.11,266.54,5,W,5,N
279,261.56,267.70,5,W,5,N
235,123.06,300.00,3,W,5,W
236,169.11,300.30,3,W,5,W
3,80.70,300.60,1,S,5,W
220,166.42,300.90,2,E,5,W
108,87.00,301.20,1,W,5,W
18,253.71,301.50,1,S,1,W
110,94.41,301.50,1,W,5,W
120,187.62,301.80,1,W,2,W
21,273.91,301.80,1,S,1,W
112,98.98,301.80,1,W,5,W
114,117.29,302.10,1,W,5,W
172,117.37,302.40,1,E,5,W
113,114.52,316.60,1,W,5,E
173,130.40,317.20,1,E,5,E
2,77.50,322.14,1,S,5,N
111,97.08,322.44,1,W,5,N
115,120.24,323.04,1,W,5,N
174,185.75,323.64,1,E,5,N
175,190.92,323.94,1,E,5,N
33,311.72,325.86,1,S,1,E
237,203.61,330.87,3,W,5,N
117,171.75,336.97,1,W,3,E
121,201.46,338.17,1,W,3,W
25,286.33,342.52,1,S,2,W
280,278.97,366.14,5,W,5,N
281,308.35,366.44,5,W,5,N
282,311.70,366.74,5,W,5,N
349,309.21,380.14,5,E,5,N
254,232.45,399.90,3,E,5,W
19,268.73,400.10,1,S,3,E
14,176.19,400.20,1,S,5,W
15,177.76,400.50,1,S,5,W
124,244.78,400.80,1,W,5,W
38,362.78,401.90,1,S,1,W
130,320.07,403.10,1,W,2,W
131,323.10,403.40,1,W,2,W
180,346.65,405.20,1,E,2,E
6,155.19,422.04,1,S,5,N
7,156.99,422.34,1,S,5,N
207,245.46,422.64,2,W,5,N
221,247.56,422.94,2,E,5,N
116,169.12,423.24,1,W,5,N
118,173.78,423.54,1,W,5,N
119,180.30,423.84,1,W,5,N
122,203.16,424.14,1,W,5,N
123,236.87,424.44,1,W,5,N
125,248.42,424.74,1,W,5,N
126,253.13,425.04,1,W,5,N
176,269.04,425.34,1,E,5,N
177,272.76,425.64,1,E,5,N
238,304.78,430.67,3,W,5,N
255,351.82,430.67,3,E,5,N
256,362.33,430.97,3,E,5,N
35,316.72,437.67,1,S,3,E
36,318.26,437.97,1,S,3,W
132,325.64,439.77,1,W,3,W
179,341.12,440.97,1,E,3,W
257,393.45,455.22,3,E,5,N
258,395.93,457.70,3,E,5,N
283,381.52,466.04,5,W,5,N
284,385.06,466.34,5,W,5,N
285,390.84,466.64,5,W,5,N
286,405.37,466.94,5,W,5,N
350,451.76,480.04,5,E,5,N
351,454.13,480.34,5,E,5,N
352,464.33,480.64,5,E,5,N
239,359.59,499.80,3,W,5,W
24,283.28,500.10,1,S,5,W
27,289.00,500.40,1,S,5,W
29,293.46,500.70,1,S,5,W
30,304.17,501.00,1,S,5,W
128,271.94,501.30,1,W,5,W
133,328.26,501.60,1,W,5,W
57,487.00,502.30,1,S,1,W
16,251.13,521.94,1,S,5,N
17,252.50,522.24,1,S,5,N
20,270.28,522.54,1,S,5,N
22,280.84,522.84,1,S,5,N
23,281.84,523.14,1,S,5,N
26,287.43,523.44,1,S,5,N
28,290.84,523.74,1,S,5,N
208,319.89,524.04,2,W,5,N
222,303.08,524.34,2,E,5,N
223,353.57,524.64,2,E,5,N
209,361.36,524.94,2,W,5,N
31,307.13,525.24,1,S,5,N
32,310.09,525.54,1,S,5,N
34,314.92,525.84,1,S,5,N
127,268.86,526.14,1,W,5,N
129,275.93,526.44,1,W,5,N
134,364.52,526.74,1,W,5,N
178,335.90,527.04,1,E,5,N
181,375.78,527.34,1,E,5,N
182,387.66,527.64,1,E,5,N
259,462.71,530.47,3,E,5,N
43,437.91,537.17,1,S,3,E
46,449.70,541.52,1,S,2,W
240,495.89,557.66,3,W,5,N
287,491.65,565.94,5,W,5,N
288,495.27,566.24,5,W,5,N
289,498.25,566.54,5,W,5,N
290,499.32,566.84,5,W,5,N
291,502.45,567.14,5,W,5,N
292,520.21,567.44,5,W,5,N
293,522.51,567.74,5,W,5,N
294,527.78,568.04,5,W,5,N
295,529.84,568.34,5,W,5,N
296,546.67,568.64,5,W,5,N
297,547.71,568.94,5,W,5,N
298,551.90,569.24,5,W,5,N
299,552.09,569.54,5,W,5,N
300,553.59,569.84,5,W,5,N
301,558.56,570.14,5,W,5,N
353,573.14,579.94,5,E,5,N
45,449.65,599.10,1,S,3,E
40,366.49,599.70,1,S,5,W
42,436.07,600.00,1,S,5,W
136,459.49,600.30,1,W,5,W
184,411.27,600.60,1,E,5,W
52,470.61,600.90,1,S,3,W
186,436.60,600.90,1,E,5,W
143,552.67,602.40,1,W,2,W
135,409.09,617.50,1,W,5,E
37,360.51,621.84,1,S,5,N
39,365.00,622.14,1,S,5,N
41,369.55,622.44,1,S,5,N
224,441.33,622.74,2,E,5,N
210,435.13,623.04,2,W,5,N
44,438.33,623.34,1,S,5,N
137,461.85,623.94,1,W,5,N
183,408.59,624.24,1,E,5,N
185,428.56,624.54,1,E,5,N
187,446.07,624.84,1,E,5,N
302,578.99,665.84,5,W,5,N
303,590.63,666.14,5,W,5,N
304,592.22,666.44,5,W,5,N
305,598.13,666.74,5,W,5,N
306,598.89,667.04,5,W,5,N
307,599.70,667.34,5,W,5,N
308,603.96,667.64,5,W,5,N
309,607.12,667.94,5,W,5,N
310,636.89,668.24,5,W,5,N
311,666.12,672.26,5,W,5,N
354,605.57,679.84,5,E,5,N
355,615.78,680.14,5,E,5,N
356,617.15,680.44,5,E,5,N
188,499.07,699.60,1,E,5,W
260,562.07,699.90,3,E,5,W
50,464.22,700.20,1,S,5,W
51,466.36,700.50,1,S,5,W
225,511.07,700.80,2,E,5,W
144,583.33,701.00,1,W,2,W
138,488.47,701.10,1,W,5,W
189,553.19,701.40,1,E,5,W
83,690.09,704.22,1,S,1,W
54,472.65,716.80,1,S,5,E
78,681.91,719.50,1,S,1,E
47,450.99,721.74,1,S,5,N
48,453.89,722.04,1,S,5,N
49,456.79,722.34,1,S,5,N
53,471.69,722.64,1,S,5,N
55,483.60,723.24,1,S,5,N
56,484.68,723.54,1,S,5,N
226,574.19,723.84,2,E,5,N
139,490.00,724.14,1,W,5,N
140,503.54,724.44,1,W,5,N
141,505.88,724.74,1,W,5,N
142,509.42,725.04,1,W,5,N
190,561.19,725.34,1,E,5,N
191,571.72,725.64,1,E,5,N
192,576.28,725.94,1,E,5,N
241,637.82,730.07,3,W,5,N
150,653.95,738.87,1,W,3,E
261,679.73,741.50,3,E,5,N
262,682.32,744.09,3,E,5,N
312,685.24,765.74,5,W,5,N
313,725.17,766.04,5,W,5,N
314,725.53,766.34,5,W,5,N
315,728.58,766.64,5,W,5,N
316,732.09,766.94,5,W,5,N
317,734.85,767.24,5,W,5,N
318,736.07,767.54,5,W,5,N
319,741.85,767.84,5,W,5,N
320,747.47,768.14,5,W,5,N
321,750.43,768.44,5,W,5,N
322,752.82,768.74,5,W,5,N
323,754.30,769.04,5,W,5,N
324,769.41,775.55,5,W,5,N
357,703.30,779.74,5,E,5,N
358,730.54,780.04,5,E,5,N
263,685.78,799.50,3,E,5,W
264,697.46,799.80,3,E,5,W
58,549.40,800.10,1,S,5,W
71,662.11,800.20,1,S,3,W
61,556.64,800.40,1,S,5,W
72,665.94,800.50,1,S,3,E
65,565.77,800.70,1,S,5,W
145,587.32,801.00,1,W,5,W
74,673.57,801.10,1,S,3,E
146,625.65,801.30,1,W,5,W
148,646.72,801.60,1,W,5,W
85,699.49,803.50,1,S,1,W
159,752.85,804.40,1,W,2,W
152,660.68,819.40,1,W,5,E
59,550.70,821.64,1,S,5,N
60,551.83,821.94,1,S,5,N
62,558.55,822.24,1,S,5,N
63,561.07,822.54,1,S,5,N
64,564.68,822.84,1,S,5,N
227,628.77,823.14,2,E,5,N
211,615.54,823.44,2,W,5,N
212,637.29,823.74,2,W,5,N
243,767.82,824.03,3,W,5,E
213,684.92,824.04,2,W,5,N
214,696.49,824.34,2,W,5,N
147,628.52,824.64,1,W,5,N
149,650.36,824.94,1,W,5,N
151,657.66,825.24,1,W,5,N
193,638.66,825.84,1,E,5,N
194,646.25,826.14,1,E,5,N
195,661.76,826.44,1,E,5,N
266,721.01,830.17,3,E,5,N
267,737.86,830.47,3,E,5,N
244,792.95,848.59,3,W,5,E
325,778.68,865.64,5,W,5,N
326,780.52,865.94,5,W,5,N
327,785.54,866.24,5,W,5,N
328,787.76,866.54,5,W,5,N
329,804.33,866.84,5,W,5,N
330,807.49,867.14,5,W,5,N
331,821.54,867.44,5,W,5,N
332,839.56,867.74,5,W,5,N
333,844.37,868.04,5,W,5,N
334,850.79,868.34,5,W,5,N
335,854.33,868.64,5,W,5,N
336,855.96,868.94,5,W,5,N
337,859.53,869.24,5,W,5,N
338,860.65,869.54,5,W,5,N
359,873.43,879.57,5,E,5,N
242,753.16,899.40,3,W,5,W
265,717.16,899.70,3,E,5,W
268,741.55,900.00,3,E,5,W
66,643.83,900.30,1,S,5,W
67,645.86,900.60,1,S,5,W
68,649.65,900.90,1,S,5,W
228,706.83,901.20,2,E,5,W
229,753.66,901.50,2,E,5,W
79,683.00,901.80,1,S,5,W
84,697.19,902.10,1,S,5,W
196,714.26,902.40,1,E,5,W
197,716.93,902.70,1,E,5,W
165,850.90,902.70,1,W,2,E
92,854.19,903.90,1,S,1,W
94,859.36,904.20,1,S,1,W
96,864.38,904.50,1,S,1,W
200,827.80,904.80,1,E,2,W
215,856.61,913.37,2,W,3,W
230,800.26,917.20,2,E,5,E
91,853.55,917.60,1,S,1,E
158,719.70,919.90,1,W,5,E
69,655.04,921.54,1,S,5,N
70,659.24,921.84,1,S,5,N
73,666.42,922.14,1,S,5,N
75,674.01,922.44,1,S,5,N
76,676.72,922.74,1,S,5,N
77,679.68,923.04,1,S,5,N
80,685.28,923.64,1,S,5,N
81,686.55,923.94,1,S,5,N
82,688.67,924.24,1,S,5,N
153,680.09,924.54,1,W,5,N
154,681.68,924.84,1,W,5,N
155,698.11,925.14,1,W,5,N
156,716.28,925.44,1,W,5,N
157,716.32,925.74,1,W,5,N
269,859.98,929.67,3,E,5,N
245,808.51,929.67,3,W,5,N
246,836.71,929.97,3,W,5,N
201,849.16,941.17,1,E,3,W
339,875.06,965.54,5,W,5,N
340,895.32,965.84,5,W,5,N
341,898.80,966.14,5,W,5,N
86,765.08,999.30,1,S,5,W
87,771.07,999.60,1,S,5,W
217,879.86,999.90,2,W,5,W
164,847.39,1017.40,1,W,5,E
231,844.74,1021.44,2,E,5,N
232,872.38,1021.74,2,E,5,N
216,868.68,1022.04,2,W,5,N
160,772.02,1022.34,1,W,5,N
161,810.29,1022.64,1,W,5,N
162,842.85,1022.94,1,W,5,N
163,844.60,1023.24,1,W,5,N
166,854.00,1023.84,1,W,5,N
167,858.21,1024.14,1,W,5,N
168,862.19,1024.44,1,W,5,N
169,863.62,1024.74,1,W,5,N
198,815.04,1025.04,1,E,5,N
199,819.92,1025.34,1,E,5,N
90,850.16,1099.20,1,S,5,W
97,868.37,1099.50,1,S,5,W
99,874.94,1099.80,1,S,5,W
100,876.17,1100.10,1,S,5,W
88,843.14,1121.34,1,S,5,N
89,848.77,1121.64,1,S,5,N
93,854.79,1121.94,1,S,5,N
95,862.62,1122.24,1,S,5,N
98,871.75,1122.54,1,S,5,N
170,884.91,1122.84,1,W,5,N