id,enter_time,exit_time,entrance_intersection,entrance_direction,exit_intersection,exit_direction
241,5.29,66.44,5,W,5,N
242,5.45,66.74,5,W,5,N
243,38.48,67.04,5,W,5,N
244,40.75,67.34,5,W,5,N
245,42.11,67.64,5,W,5,N
246,50.17,67.94,5,W,5,N
293,1.31,80.44,5,E,5,N
7,25.82,100.70,1,S,1,W
9,27.98,101.00,1,S,1,W
154,22.24,104.90,1,E,2,W
156,45.56,105.50,1,E,2,W
1,18.09,136.77,1,S,3,W
151,4.42,140.07,1,E,3,E
218,96.78,158.55,3,E,5,N
247,142.48,166.34,5,W,5,N
248,167.20,173.33,5,W,5,N
249,170.22,176.36,5,W,5,N
294,140.55,180.34,5,E,5,N
205,17.76,200.10,3,W,5,W
181,64.66,200.40,2,W,5,W
193,23.46,200.70,2,E,5,W
0,14.47,201.00,1,S,5,W
11,103.96,201.10,1,S,1,W
295,195.16,201.29,5,E,5,N
4,22.25,201.30,1,S,5,W
5,23.20,201.60,1,S,5,W
89,23.81,201.90,1,W,5,W
155,43.21,202.20,1,E,5,W
157,50.06,202.50,1,E,5,W
97,122.25,202.90,1,W,2,W
18,193.89,215.10,1,S,1,E
158,60.43,219.10,1,E,5,E
182,67.04,222.24,2,W,5,N
19,208.16,222.29,1,S,1,E
2,19.99,222.54,1,S,5,N
3,20.81,222.84,1,S,5,N
6,24.48,223.14,1,S,5,N
8,27.39,223.44,1,S,5,N
87,3.02,223.74,1,W,5,N
88,4.48,224.04,1,W,5,N
90,36.33,224.34,1,W,5,N
152,12.29,224.64,1,E,5,N
153,19.23,224.94,1,E,5,N
219,100.71,231.07,3,E,5,N
220,118.79,231.37,3,E,5,N
221,135.65,231.67,3,E,5,N
13,107.01,236.87,1,S,3,W
15,188.14,240.32,1,S,2,E
250,173.87,266.24,5,W,5,N
251,203.33,266.54,5,W,5,N
252,218.60,266.84,5,W,5,N
253,222.54,267.14,5,W,5,N
254,256.54,267.44,5,W,5,N
296,201.11,280.24,5,E,5,N
297,208.61,280.54,5,E,5,N
298,265.87,280.84,5,E,5,N
206,128.77,300.00,3,W,5,W
195,147.67,300.30,2,E,5,W
94,116.64,300.60,1,W,5,W
95,118.56,300.90,1,W,5,W
98,122.93,301.20,1,W,5,W
159,157.32,301.50,1,E,5,W
109,264.83,305.40,1,W,2,E
26,291.29,305.43,1,S,1,W
165,275.46,306.30,1,E,2,W
93,94.34,317.80,1,W,5,E
10,102.99,322.14,1,S,5,N
183,117.60,322.44,2,W,5,N
194,104.11,322.74,2,E,5,N
12,105.27,323.04,1,S,5,N
91,88.19,323.34,1,W,5,N
92,90.82,323.64,1,W,5,N
96,119.71,324.24,1,W,5,N
160,175.66,324.54,1,E,5,N
161,193.41,324.84,1,E,5,N
162,198.14,325.14,1,E,5,N
222,215.95,330.87,3,E,5,N
207,231.53,330.87,3,W,5,N
208,238.21,331.17,3,W,5,N
209,238.82,331.47,3,W,5,N
210,252.29,331.77,3,W,5,N
23,228.78,337.57,1,S,3,E
106,224.51,340.57,1,W,3,W
255,321.19,366.14,5,W,5,N
256,322.31,366.44,5,W,5,N
257,337.18,366.74,5,W,5,N
258,339.53,367.04,5,W,5,N
223,218.70,399.90,3,E,5,W
224,255.04,400.20,3,E,5,W
14,180.82,400.50,1,S,5,W
196,218.09,400.80,2,E,5,W
184,286.96,401.10,2,W,5,W
197,299.85,401.40,2,E,5,W
20,210.49,401.70,1,S,5,W
40,381.77,401.90,1,S,1,W
99,169.48,402.00,1,W,5,W
100,176.83,402.30,1,W,5,W
30,357.93,415.00,1,S,1,E
17,192.20,416.20,1,S,5,E
39,379.55,417.70,1,S,1,E
102,197.57,418.00,1,W,5,E
16,191.83,422.04,1,S,5,N
21,221.45,422.64,1,S,5,N
22,225.35,422.94,1,S,5,N
24,229.92,423.24,1,S,5,N
25,235.25,423.54,1,S,5,N
101,180.00,423.84,1,W,5,N
103,197.59,424.44,1,W,5,N
104,214.46,424.74,1,W,5,N
105,217.89,425.04,1,W,5,N
107,257.19,425.34,1,W,5,N
108,262.61,425.64,1,W,5,N
163,251.48,425.94,1,E,5,N
164,254.43,426.24,1,E,5,N
225,340.30,430.67,3,E,5,N
211,375.58,437.35,3,W,5,N
38,372.79,443.52,1,S,2,W
259,424.44,466.04,5,W,5,N
260,426.77,466.34,5,W,5,N
261,451.91,466.64,5,W,5,N
262,466.05,472.18,5,W,5,N
263,468.64,474.77,5,W,5,N
264,472.91,479.04,5,W,5,N
299,411.25,480.04,5,E,5,N
300,441.84,480.34,5,E,5,N
301,456.15,480.64,5,E,5,N
302,456.51,480.94,5,E,5,N
31,359.79,499.60,1,S,3,E
27,294.90,499.80,1,S,5,W
166,343.00,500.10,1,E,5,W
41,446.41,502.30,1,S,1,W
43,452.80,502.60,1,S,1,W
45,456.89,502.90,1,S,1,W
51,464.15,503.20,1,S,1,W
52,464.49,503.50,1,S,1,W
56,472.38,503.80,1,S,1,W
28,297.72,521.94,1,S,5,N
198,379.90,522.24,2,E,5,N
110,301.91,522.54,1,W,5,N
111,334.54,522.84,1,W,5,N
167,386.19,523.14,1,E,5,N
168,392.56,523.44,1,E,5,N
226,417.94,530.47,3,E,5,N
115,391.23,537.77,1,W,3,E
265,476.33,565.94,5,W,5,N
266,505.71,566.24,5,W,5,N
267,565.85,571.99,5,W,5,N
303,559.20,579.94,5,E,5,N
32,361.60,599.70,1,S,5,W
34,366.77,600.00,1,S,5,W
36,370.81,600.30,1,S,5,W
37,370.94,600.60,1,S,5,W
199,461.60,600.90,2,E,5,W
112,368.51,601.20,1,W,5,W
113,371.12,601.50,1,W,5,W
55,469.31,601.80,1,S,3,W
116,397.55,601.80,1,W,5,W
59,481.99,602.70,1,S,3,E
133,538.74,604.80,1,W,2,E
170,525.36,605.10,1,E,2,E
212,498.15,621.84,3,W,5,N
29,354.52,622.14,1,S,5,N
33,363.33,622.44,1,S,5,N
35,367.06,622.74,1,S,5,N
185,451.35,623.04,2,W,5,N
186,466.35,623.34,2,W,5,N
114,389.55,623.64,1,W,5,N
117,426.54,623.94,1,W,5,N
118,428.11,624.24,1,W,5,N
119,428.83,624.54,1,W,5,N
120,436.64,624.84,1,W,5,N
169,428.47,625.14,1,E,5,N
231,573.79,629.42,3,E,5,E
229,529.16,630.87,3,E,5,N
230,539.53,631.17,3,E,5,N
232,576.18,637.95,3,E,5,N
233,579.69,641.46,3,E,5,N
268,572.94,665.84,5,W,5,N
269,591.10,666.14,5,W,5,N
270,595.03,666.44,5,W,5,N
271,599.08,666.74,5,W,5,N
272,611.95,667.04,5,W,5,N
273,613.96,667.34,5,W,5,N
274,614.19,667.64,5,W,5,N
275,616.78,667.94,5,W,5,N
276,642.04,668.24,5,W,5,N
277,671.76,677.90,5,W,5,N
304,666.26,679.84,5,E,5,N
305,674.96,681.10,5,E,5,N
306,688.25,694.38,5,E,5,N
213,501.69,699.60,3,W,5,W
227,523.78,699.90,3,E,5,W
214,551.38,700.20,3,W,5,W
228,526.20,700.50,3,E,5,W
48,458.35,700.80,1,S,5,W
49,460.15,701.10,1,S,5,W
54,467.87,701.40,1,S,5,W
60,483.45,701.70,1,S,5,W
125,485.92,702.00,1,W,5,W
173,554.36,702.30,1,E,5,W
139,651.20,702.50,1,W,2,E
64,659.94,703.10,1,S,1,W
65,662.49,703.40,1,S,1,W
71,676.48,703.70,1,S,1,W
72,676.74,704.00,1,S,1,W
78,690.59,704.72,1,S,1,W
73,678.96,717.40,1,S,1,E
130,501.58,721.30,1,W,5,E
42,449.88,721.74,1,S,5,N
44,456.51,722.04,1,S,5,N
46,456.99,722.34,1,S,5,N
47,457.73,722.64,1,S,5,N
50,460.38,722.94,1,S,5,N
53,467.25,723.24,1,S,5,N
57,475.75,723.54,1,S,5,N
58,476.38,723.84,1,S,5,N
187,530.45,724.14,2,W,5,N
200,560.25,724.44,2,E,5,N
61,486.36,724.74,1,S,5,N
121,475.85,725.04,1,W,5,N
122,477.36,725.34,1,W,5,N
123,480.43,725.64,1,W,5,N
124,483.02,725.94,1,W,5,N
126,488.80,726.24,1,W,5,N
127,490.49,726.54,1,W,5,N
128,495.61,726.84,1,W,5,N
129,499.47,727.14,1,W,5,N
131,503.59,727.74,1,W,5,N
132,535.67,728.04,1,W,5,N
171,542.10,728.34,1,E,5,N
172,551.00,728.64,1,E,5,N
234,616.49,730.07,3,E,5,N
134,572.05,737.07,1,W,3,W
136,580.83,737.67,1,W,3,E
138,624.35,738.27,1,W,3,E
215,696.75,758.52,3,W,5,N
278,676.52,765.74,5,W,5,N
279,680.61,766.04,5,W,5,N
280,685.91,766.34,5,W,5,N
281,760.24,766.38,5,W,5,N
307,742.61,779.74,5,E,5,N
62,559.43,799.50,1,S,5,W
69,674.00,799.60,1,S,3,W
63,562.23,799.80,1,S,5,W
188,610.21,800.10,2,W,5,W
74,680.57,800.20,1,S,3,W
201,648.15,800.40,2,E,5,W
174,608.67,800.70,1,E,5,W
176,642.00,801.00,1,E,5,W
142,695.92,801.40,1,W,2,W
79,762.78,803.50,1,S,1,W
81,767.98,803.80,1,S,1,W
135,573.23,821.64,1,W,5,N
137,616.76,821.94,1,W,5,N
140,652.20,822.24,1,W,5,N
175,638.34,822.54,1,E,5,N
177,653.10,822.84,1,E,5,N
178,690.11,823.14,1,E,5,N
216,699.35,829.87,3,W,5,N
80,765.63,842.42,1,S,2,W
236,797.13,858.90,3,E,5,N
282,831.17,865.64,5,W,5,N
283,831.86,865.94,5,W,5,N
284,833.17,866.24,5,W,5,N
285,836.82,866.54,5,W,5,N
286,836.97,866.84,5,W,5,N
287,842.29,867.14,5,W,5,N
288,845.72,867.44,5,W,5,N
289,860.15,867.74,5,W,5,N
290,861.87,868.01,5,W,5,N
308,843.35,879.64,5,E,5,N
309,875.66,881.79,5,E,5,N
235,728.51,899.40,3,E,5,W
66,664.86,899.70,1,S,5,W
70,675.92,900.00,1,S,5,W
76,688.89,900.30,1,S,5,W
141,690.77,900.60,1,W,5,W
310,895.09,901.22,5,E,5,N
67,668.82,921.54,1,S,5,N
68,671.49,921.84,1,S,5,N
75,688.35,922.14,1,S,5,N
77,689.79,922.44,1,S,5,N
202,739.90,922.74,2,E,5,N
189,791.80,923.04,2,W,5,N
143,734.96,923.34,1,W,5,N
144,737.65,923.64,1,W,5,N
238,866.04,923.83,3,E,5,E
179,743.21,923.94,1,E,5,N
237,799.60,929.67,3,E,5,N
217,804.69,929.67,3,W,5,N
84,839.41,937.87,1,S,3,W
239,886.72,948.49,3,E,5,N
240,889.24,951.01,3,E,5,N
291,875.33,965.54,5,W,5,N
292,891.06,965.84,5,W,5,N
204,873.65,999.30,2,E,5,W
146,771.07,999.60,1,W,5,W
147,802.50,999.90,1,W,5,W
150,869.36,1001.30,1,W,2,E
203,823.65,1021.44,2,E,5,N
190,839.31,1021.74,2,W,5,N
191,840.60,1022.04,2,W,5,N
192,880.82,1022.34,2,W,5,N
82,833.33,1022.64,1,S,5,N
83,836.96,1022.94,1,S,5,N
145,768.93,1023.24,1,W,5,N
148,835.18,1023.54,1,W,5,N
149,850.36,1023.84,1,W,5,N
180,818.37,1024.14,1,E,5,N
85,841.48,1121.34,1,S,5,N
86,845.94,1121.64,1,S,5,N