id,enter_time,exit_time,entrance_intersection,entrance_direction,exit_intersection,exit_direction
255,1.12,66.44,5,W,5,N
256,21.76,66.74,5,W,5,N
257,35.07,67.04,5,W,5,N
258,35.20,67.34,5,W,5,N
259,70.17,76.30,5,W,5,N
307,58.67,80.44,5,E,5,N
308,69.52,80.74,5,E,5,N
2,5.62,100.40,1,S,2,W
10,93.57,115.30,1,S,1,E
228,27.09,131.27,3,E,5,N
217,70.59,132.36,3,W,5,N
8,86.61,140.82,1,S,2,W
229,90.99,152.76,3,E,5,N
260,87.71,166.34,5,W,5,N
261,87.86,166.64,5,W,5,N
262,116.32,166.94,5,W,5,N
263,120.65,167.24,5,W,5,N
264,121.07,167.54,5,W,5,N
265,124.44,167.84,5,W,5,N
266,157.55,168.14,5,W,5,N
267,163.35,169.49,5,W,5,N
268,164.43,170.56,5,W,5,N
269,165.35,171.49,5,W,5,N
270,167.28,173.42,5,W,5,N
309,111.27,180.34,5,E,5,N
310,129.79,180.64,5,E,5,N
311,139.39,180.94,5,E,5,N
312,156.44,181.24,5,E,5,N
216,55.25,200.10,3,W,5,W
218,71.11,200.40,3,W,5,W
0,3.70,200.70,1,S,5,W
1,3.86,201.00,1,S,5,W
18,176.22,201.10,1,S,1,W
85,3.47,201.30,1,W,5,W
20,182.32,201.40,1,S,1,W
92,121.44,202.00,1,W,2,W
190,177.60,213.67,2,W,3,E
3,5.67,216.40,1,S,5,E
26,205.70,219.84,1,S,1,E
27,206.49,220.63,1,S,1,E
204,99.92,222.24,2,E,5,N
86,5.18,222.84,1,W,5,N
87,44.08,223.14,1,W,5,N
163,10.91,223.44,1,E,5,N
164,88.67,223.74,1,E,5,N
28,210.14,224.28,1,S,1,E
88,77.97,236.87,1,W,3,E
167,135.02,239.57,1,E,3,W
271,187.35,266.24,5,W,5,N
272,189.91,266.54,5,W,5,N
273,205.88,266.84,5,W,5,N
274,207.36,267.14,5,W,5,N
275,209.64,267.44,5,W,5,N
276,215.02,267.74,5,W,5,N
277,217.98,268.04,5,W,5,N
278,245.75,268.34,5,W,5,N
279,246.42,268.64,5,W,5,N
280,252.09,268.94,5,W,5,N
313,266.01,280.24,5,E,5,N
314,276.34,282.47,5,E,5,N
230,174.82,300.00,3,E,5,W
231,177.98,300.30,3,E,5,W
219,189.70,300.60,3,W,5,W
6,79.00,300.90,1,S,5,W
13,98.73,301.20,1,S,5,W
96,169.81,301.50,1,W,2,W
25,197.61,301.50,1,S,1,W
15,104.45,301.50,1,S,5,W
97,173.50,301.80,1,W,2,W
205,196.43,301.80,2,E,5,W
90,97.54,302.10,1,W,5,W
99,180.26,302.40,1,W,2,W
93,124.50,302.40,1,W,5,W
103,189.37,303.60,1,W,2,W
33,296.51,310.64,1,S,1,W
4,71.85,322.14,1,S,5,N
5,75.46,322.44,1,S,5,N
7,83.95,322.74,1,S,5,N
9,90.52,323.04,1,S,5,N
11,94.49,323.34,1,S,5,N
12,94.81,323.64,1,S,5,N
14,102.33,323.94,1,S,5,N
16,112.39,324.24,1,S,5,N
89,81.56,324.54,1,W,5,N
91,113.70,324.84,1,W,5,N
94,164.88,325.14,1,W,5,N
165,128.32,325.44,1,E,5,N
166,130.47,325.74,1,E,5,N
168,199.30,326.04,1,E,5,N
39,315.44,329.58,1,S,1,E
232,242.61,330.87,3,E,5,N
95,167.39,337.27,1,W,3,W
101,184.50,339.07,1,W,3,W
169,204.37,342.07,1,E,3,E
281,280.52,366.14,5,W,5,N
282,284.41,366.44,5,W,5,N
283,287.52,366.74,5,W,5,N
284,292.96,367.04,5,W,5,N
285,296.62,367.34,5,W,5,N
286,325.68,367.64,5,W,5,N
315,334.37,380.14,5,E,5,N
19,178.94,399.90,1,S,5,W
23,192.33,400.20,1,S,5,W
24,194.70,400.50,1,S,5,W
191,200.76,400.80,2,W,5,W
206,222.42,401.10,2,E,5,W
36,307.07,401.90,1,S,1,W
44,386.56,402.20,1,S,1,W
45,387.84,402.50,1,S,1,W
174,290.85,408.68,1,E,5,W
108,258.18,420.70,1,W,5,E
17,175.81,422.04,1,S,5,N
21,185.80,422.34,1,S,5,N
22,189.71,422.64,1,S,5,N
192,222.45,422.94,2,W,5,N
193,229.12,423.24,2,W,5,N
194,240.59,423.54,2,W,5,N
195,293.15,423.84,2,W,5,N
29,220.69,424.14,1,S,5,N
30,221.21,424.44,1,S,5,N
98,178.30,424.74,1,W,5,N
100,182.36,425.04,1,W,5,N
102,187.83,425.34,1,W,5,N
104,204.20,425.64,1,W,5,N
105,207.15,425.94,1,W,5,N
106,209.92,426.24,1,W,5,N
107,247.99,426.54,1,W,5,N
109,262.12,427.14,1,W,5,N
110,264.26,427.44,1,W,5,N
170,224.81,427.74,1,E,5,N
171,250.90,428.04,1,E,5,N
172,269.16,428.34,1,E,5,N
173,287.37,428.64,1,E,5,N
220,308.60,430.67,3,W,5,N
233,303.28,430.67,3,E,5,N
118,299.52,439.47,1,W,3,E
123,333.73,440.97,1,W,3,E
235,387.99,443.63,3,E,5,E
287,377.81,466.04,5,W,5,N
288,395.41,466.34,5,W,5,N
289,471.56,477.69,5,W,5,N
316,441.35,480.04,5,E,5,N
234,313.68,499.80,3,E,5,W
32,295.66,500.10,1,S,5,W
114,293.51,500.40,1,W,5,W
115,295.13,500.70,1,W,5,W
121,329.55,501.00,1,W,5,W
122,329.99,501.30,1,W,5,W
175,321.07,501.60,1,E,5,W
178,468.84,504.10,1,E,2,W
209,440.64,512.97,2,E,3,W
31,291.45,515.80,1,S,5,E
37,309.18,517.60,1,S,5,E
113,291.83,518.80,1,W,5,E
119,323.92,519.70,1,W,5,E
34,299.65,522.24,1,S,5,N
35,301.09,522.54,1,S,5,N
196,315.33,522.84,2,W,5,N
207,321.60,523.14,2,E,5,N
208,392.86,523.44,2,E,5,N
38,312.54,524.04,1,S,5,N
111,266.84,524.34,1,W,5,N
112,273.40,524.64,1,W,5,N
116,295.91,525.24,1,W,5,N
117,298.40,525.54,1,W,5,N
120,326.77,526.14,1,W,5,N
124,337.02,526.44,1,W,5,N
125,344.78,526.74,1,W,5,N
126,363.44,527.04,1,W,5,N
176,373.35,527.34,1,E,5,N
236,402.70,530.47,3,E,5,N
222,461.31,530.77,3,W,5,N
237,404.71,530.77,3,E,5,N
53,486.26,541.82,1,S,2,W
239,482.00,543.77,3,E,5,N
223,492.99,554.76,3,W,5,N
290,530.96,565.94,5,W,5,N
291,533.65,566.24,5,W,5,N
292,538.60,566.54,5,W,5,N
293,542.17,566.84,5,W,5,N
317,588.73,594.87,5,E,5,N
221,429.73,599.70,3,W,5,W
238,418.95,600.00,3,E,5,W
240,495.72,600.30,3,E,5,W
42,378.15,600.60,1,S,5,W
43,379.46,600.90,1,S,5,W
46,389.13,601.20,1,S,5,W
138,507.12,601.20,1,W,2,E
47,390.97,601.50,1,S,5,W
49,396.24,601.80,1,S,5,W
127,366.34,602.10,1,W,5,W
129,372.76,602.40,1,W,5,W
131,379.20,602.70,1,W,5,W
133,405.39,603.00,1,W,5,W
134,405.74,603.30,1,W,5,W
177,412.74,603.60,1,E,5,W
210,523.93,613.07,2,E,3,W
40,373.48,621.84,1,S,5,N
41,376.64,622.14,1,S,5,N
48,394.78,622.44,1,S,5,N
50,396.42,622.74,1,S,5,N
197,471.77,623.04,2,W,5,N
128,369.29,623.34,1,W,5,N
130,375.65,623.64,1,W,5,N
132,402.24,623.94,1,W,5,N
135,441.09,624.24,1,W,5,N
136,457.50,624.54,1,W,5,N
241,499.68,630.27,3,E,5,N
224,540.20,630.27,3,W,5,N
242,502.93,630.57,3,E,5,N
243,574.87,636.64,3,E,5,N
179,524.61,637.87,1,E,3,E
244,590.92,652.69,3,E,5,N
294,599.86,665.84,5,W,5,N
295,604.68,666.14,5,W,5,N
318,606.56,679.84,5,E,5,N
225,573.41,699.60,3,W,5,W
139,546.75,699.90,1,W,5,W
200,605.10,713.17,2,W,3,E
51,482.91,721.74,1,S,5,N
52,485.12,722.04,1,S,5,N
198,547.36,722.34,2,W,5,N
199,561.81,722.64,2,W,5,N
137,468.50,722.94,1,W,5,N
180,530.18,723.24,1,E,5,N
245,657.12,730.07,3,E,5,N
226,674.00,735.77,3,W,5,N
58,667.28,742.32,1,S,2,W
296,693.86,765.74,5,W,5,N
297,712.39,766.04,5,W,5,N
298,716.93,766.34,5,W,5,N
299,741.82,766.64,5,W,5,N
319,707.60,779.74,5,E,5,N
320,718.50,780.04,5,E,5,N
321,722.55,780.34,5,E,5,N
322,732.74,780.64,5,E,5,N
323,740.43,780.94,5,E,5,N
54,554.02,799.50,1,S,5,W
56,559.78,799.80,1,S,5,W
201,674.77,800.10,2,W,5,W
212,635.73,800.40,2,E,5,W
140,591.41,800.70,1,W,5,W
141,594.04,801.00,1,W,5,W
55,555.54,821.64,1,S,5,N
211,606.07,821.94,2,E,5,N
213,670.81,822.24,2,E,5,N
142,601.72,822.54,1,W,5,N
143,642.57,822.84,1,W,5,N
181,618.76,823.14,1,E,5,N
182,621.92,823.44,1,E,5,N
248,726.66,824.33,3,E,5,E
246,721.56,829.87,3,E,5,N
247,724.35,830.17,3,E,5,N
183,739.36,840.77,1,E,3,W
300,811.90,865.64,5,W,5,N
301,815.06,865.94,5,W,5,N
302,863.48,869.62,5,W,5,N
303,865.80,871.94,5,W,5,N
304,870.84,876.97,5,W,5,N
305,872.32,878.46,5,W,5,N
324,884.10,890.24,5,E,5,N
227,787.37,899.40,3,W,5,W
57,656.97,899.70,1,S,5,W
202,735.23,900.00,2,W,5,W
59,737.08,900.30,1,S,5,W
154,774.09,901.50,1,W,2,W
76,869.39,903.90,1,S,1,W
82,885.59,904.20,1,S,1,W
83,887.81,904.50,1,S,1,W
84,891.35,905.49,1,S,1,W
74,868.46,919.70,1,S,1,E
214,756.19,921.54,2,E,5,N
60,737.79,921.84,1,S,5,N
61,739.75,922.14,1,S,5,N
144,687.32,922.44,1,W,5,N
145,690.45,922.74,1,W,5,N
146,702.45,923.04,1,W,5,N
147,706.03,923.34,1,W,5,N
148,717.73,923.64,1,W,5,N
149,718.16,923.94,1,W,5,N
150,725.64,924.24,1,W,5,N
151,728.72,924.54,1,W,5,N
152,765.76,924.84,1,W,5,N
184,763.70,925.14,1,E,5,N
185,791.85,925.44,1,E,5,N
250,830.57,929.97,3,E,5,N
251,849.37,930.27,3,E,5,N
253,868.54,930.87,3,E,5,N
254,872.36,934.13,3,E,5,N
66,851.33,943.42,1,S,2,W
306,886.50,965.54,5,W,5,N
249,827.77,999.30,3,E,5,W
252,865.51,999.60,3,E,5,W
157,780.39,999.90,1,W,5,W
71,860.96,1000.10,1,S,3,W
158,813.41,1000.20,1,W,5,W
186,827.58,1000.50,1,E,5,W
187,829.95,1000.80,1,E,5,W
62,742.62,1021.44,1,S,5,N
63,783.01,1021.74,1,S,5,N
215,821.58,1022.04,2,E,5,N
203,892.54,1022.34,2,W,5,N
153,771.87,1022.64,1,W,5,N
155,777.08,1022.94,1,W,5,N
156,778.39,1023.24,1,W,5,N
159,863.91,1023.54,1,W,5,N
188,868.69,1023.84,1,E,5,N
189,871.49,1024.14,1,E,5,N
65,850.94,1099.20,1,S,5,W
70,859.94,1099.50,1,S,5,W
72,863.86,1116.40,1,S,5,E
160,870.02,1118.80,1,W,5,E
64,849.44,1121.34,1,S,5,N
67,851.91,1121.64,1,S,5,N
68,852.26,1121.94,1,S,5,N
69,855.03,1122.24,1,S,5,N
73,866.06,1122.84,1,S,5,N
75,868.94,1123.14,1,S,5,N
77,871.79,1123.44,1,S,5,N
78,873.16,1123.74,1,S,5,N
79,878.54,1124.04,1,S,5,N
80,878.60,1124.34,1,S,5,N
81,881.61,1124.64,1,S,5,N
161,891.95,1125.24,1,W,5,N
162,893.58,1125.54,1,W,5,N