id,enter_time,exit_time,entrance_intersection,entrance_direction,exit_intersection,exit_direction
246,32.85,66.44,5,W,5,N
247,47.49,66.74,5,W,5,N
248,63.33,69.47,5,W,5,N
249,66.93,73.07,5,W,5,N
250,67.39,73.52,5,W,5,N
295,88.92,95.06,5,E,5,N
1,80.71,100.70,1,S,1,W
224,16.69,125.73,3,E,5,E
222,11.13,131.27,3,E,5,N
200,26.65,131.27,3,W,5,N
223,13.21,131.57,3,E,5,N
142,72.00,137.97,1,E,3,E
251,137.85,166.34,5,W,5,N
252,141.63,166.64,5,W,5,N
253,154.22,166.94,5,W,5,N
254,156.32,167.24,5,W,5,N
255,159.89,167.54,5,W,5,N
256,165.24,171.38,5,W,5,N
83,3.87,200.10,1,W,5,W
85,49.34,200.40,1,W,5,W
296,194.50,200.64,5,E,5,N
140,5.51,200.70,1,E,5,W
3,156.49,201.10,1,S,1,W
6,169.30,201.40,1,S,1,W
143,85.92,203.74,1,E,5,W
13,192.55,206.69,1,S,1,W
0,3.53,222.24,1,S,5,N
187,24.55,222.54,2,E,5,N
84,7.61,222.84,1,W,5,N
141,40.36,223.14,1,E,5,N
144,89.94,223.44,1,E,5,N
145,91.99,223.74,1,E,5,N
225,120.29,224.93,3,E,5,E
201,156.91,231.07,3,W,5,N
202,158.24,231.37,3,W,5,N
88,99.14,237.17,1,W,3,E
89,140.10,237.47,1,W,3,W
147,139.77,238.67,1,E,3,E
2,156.35,240.02,1,S,2,W
11,179.48,242.12,1,S,2,E
226,183.36,245.13,3,E,5,N
203,192.20,253.97,3,W,5,N
257,181.09,266.24,5,W,5,N
258,196.79,266.54,5,W,5,N
259,254.19,266.84,5,W,5,N
260,257.33,267.14,5,W,5,N
261,259.49,267.44,5,W,5,N
176,168.19,300.00,2,W,5,W
87,94.27,300.30,1,W,5,W
148,177.54,300.60,1,E,5,W
16,198.52,301.50,1,S,1,W
18,204.20,301.80,1,S,1,W
25,244.29,302.10,1,S,1,W
30,267.92,302.40,1,S,1,W
150,256.28,303.90,1,E,2,W
28,251.30,314.90,1,S,1,E
188,118.99,322.14,2,E,5,N
86,92.02,322.44,1,W,5,N
90,159.10,322.74,1,W,5,N
91,163.04,323.04,1,W,5,N
146,134.09,323.34,1,E,5,N
207,273.03,328.66,3,W,5,E
227,266.54,330.87,3,E,5,N
228,270.15,331.92,3,E,5,N
229,273.98,335.75,3,E,5,N
35,293.84,342.82,1,S,2,W
262,275.01,366.14,5,W,5,N
263,290.55,366.44,5,W,5,N
264,309.35,366.74,5,W,5,N
265,313.04,367.04,5,W,5,N
297,300.11,380.14,5,E,5,N
298,302.22,380.44,5,E,5,N
299,386.96,393.09,5,E,5,N
300,389.37,395.51,5,E,5,N
204,217.38,399.90,3,W,5,W
205,247.75,400.20,3,W,5,W
206,273.01,400.50,3,W,5,W
9,173.38,400.80,1,S,5,W
12,182.99,401.10,1,S,5,W
14,195.14,401.40,1,S,5,W
190,294.15,401.70,2,E,5,W
36,376.90,401.90,1,S,1,W
19,214.48,402.00,1,S,5,W
39,383.29,402.20,1,S,1,W
20,220.20,402.30,1,S,5,W
40,384.87,402.50,1,S,1,W
23,225.59,402.60,1,S,5,W
92,169.79,402.90,1,W,5,W
94,214.46,403.20,1,W,5,W
159,362.61,403.40,1,E,2,W
95,242.88,403.50,1,W,5,W
151,264.01,403.80,1,E,5,W
154,284.37,404.10,1,E,5,W
7,169.94,416.50,1,S,5,E
177,217.89,418.00,2,W,5,E
155,295.24,421.00,1,E,5,E
4,160.45,422.04,1,S,5,N
5,162.76,422.34,1,S,5,N
8,171.34,422.94,1,S,5,N
10,176.18,423.24,1,S,5,N
15,198.29,423.54,1,S,5,N
17,200.47,423.84,1,S,5,N
189,214.09,424.44,2,E,5,N
178,268.77,424.74,2,W,5,N
21,221.94,425.04,1,S,5,N
22,225.28,425.34,1,S,5,N
24,236.46,425.64,1,S,5,N
93,170.62,425.94,1,W,5,N
149,254.07,426.24,1,E,5,N
152,271.06,426.54,1,E,5,N
153,279.18,426.84,1,E,5,N
101,338.47,438.27,1,W,3,E
231,377.41,439.18,3,E,5,N
208,385.05,446.82,3,W,5,N
234,387.58,449.35,3,E,5,N
235,390.62,452.39,3,E,5,N
266,379.19,466.04,5,W,5,N
267,413.05,466.34,5,W,5,N
268,415.39,466.64,5,W,5,N
269,418.64,466.94,5,W,5,N
270,461.71,467.85,5,W,5,N
271,466.19,472.32,5,W,5,N
301,401.23,480.04,5,E,5,N
302,402.20,480.34,5,E,5,N
303,410.48,480.64,5,E,5,N
304,411.46,480.94,5,E,5,N
305,439.88,481.24,5,E,5,N
306,441.21,481.54,5,E,5,N
307,457.85,481.84,5,E,5,N
230,357.81,499.80,3,E,5,W
232,381.03,500.10,3,E,5,W
233,384.18,500.40,3,E,5,W
236,394.08,500.70,3,E,5,W
26,245.45,501.00,1,S,5,W
29,265.71,501.30,1,S,5,W
31,278.97,501.60,1,S,5,W
32,281.15,501.90,1,S,5,W
96,281.14,502.20,1,W,5,W
98,310.54,502.50,1,W,5,W
99,323.56,502.80,1,W,5,W
100,335.41,503.10,1,W,5,W
158,353.27,503.40,1,E,5,W
164,485.57,511.69,1,E,2,W
43,473.92,515.70,1,S,1,E
191,355.02,516.70,2,E,5,E
27,247.22,521.94,1,S,5,N
33,284.57,522.24,1,S,5,N
34,287.31,522.54,1,S,5,N
179,345.01,523.14,2,W,5,N
97,284.00,523.44,1,W,5,N
156,325.65,523.74,1,E,5,N
157,350.21,524.04,1,E,5,N
160,374.00,524.34,1,E,5,N
161,377.83,524.64,1,E,5,N
162,381.79,524.94,1,E,5,N
110,451.57,539.27,1,W,3,W
237,484.44,546.21,3,E,5,N
272,492.58,565.94,5,W,5,N
273,513.09,566.24,5,W,5,N
274,515.42,566.54,5,W,5,N
275,518.22,566.84,5,W,5,N
276,519.85,567.14,5,W,5,N
277,540.83,567.44,5,W,5,N
278,551.40,567.74,5,W,5,N
279,566.07,572.20,5,W,5,N
308,514.97,579.94,5,E,5,N
209,423.25,599.70,3,W,5,W
210,437.97,600.00,3,W,5,W
211,459.02,600.30,3,W,5,W
38,381.40,600.60,1,S,5,W
102,371.32,600.90,1,W,5,W
104,390.07,601.20,1,W,5,W
109,448.79,601.50,1,W,5,W
45,542.11,602.70,1,S,1,W
37,378.77,621.84,1,S,5,N
192,409.65,622.14,2,E,5,N
193,489.73,622.44,2,E,5,N
103,387.36,622.74,1,W,5,N
105,392.91,623.04,1,W,5,N
106,395.14,623.34,1,W,5,N
107,413.21,623.64,1,W,5,N
108,416.08,623.94,1,W,5,N
111,453.35,624.24,1,W,5,N
163,415.89,624.54,1,E,5,N
182,588.56,624.63,2,W,3,E
238,582.61,644.38,3,E,5,N
240,588.02,649.79,3,E,5,N
280,627.96,665.84,5,W,5,N
281,657.81,666.14,5,W,5,N
282,659.67,666.44,5,W,5,N
283,665.10,671.24,5,W,5,N
284,667.01,673.15,5,W,5,N
285,669.94,676.08,5,W,5,N
309,607.41,679.84,5,E,5,N
310,625.83,680.14,5,E,5,N
311,657.79,680.44,5,E,5,N
212,577.27,699.60,3,W,5,W
239,586.01,699.90,3,E,5,W
241,591.85,700.20,3,E,5,W
42,473.20,700.50,1,S,5,W
194,543.78,700.80,2,E,5,W
180,512.91,701.10,2,W,5,W
181,534.77,701.40,2,W,5,W
114,537.95,701.70,1,W,5,W
165,547.92,702.00,1,E,5,W
52,635.84,703.10,1,S,1,W
168,644.11,704.60,1,E,2,W
41,469.81,721.74,1,S,5,N
44,480.21,722.04,1,S,5,N
195,581.71,722.34,2,E,5,N
112,487.13,722.64,1,W,5,N
113,532.19,722.94,1,W,5,N
115,540.64,723.24,1,W,5,N
166,560.19,723.54,1,E,5,N
55,710.84,724.98,1,S,1,E
242,621.19,730.07,3,E,5,N
214,632.76,730.37,3,W,5,N
215,636.08,730.67,3,W,5,N
216,657.23,730.97,3,W,5,N
217,665.21,731.27,3,W,5,N
60,721.55,735.69,1,S,1,E
51,632.27,738.27,1,S,3,W
286,674.66,765.74,5,W,5,N
287,733.63,766.04,5,W,5,N
288,754.89,766.34,5,W,5,N
289,757.14,766.64,5,W,5,N
290,760.47,766.94,5,W,5,N
312,767.44,779.74,5,E,5,N
213,619.86,799.50,3,W,5,W
49,628.15,799.80,1,S,5,W
120,663.24,800.10,1,W,5,W
167,641.04,800.40,1,E,5,W
67,775.82,803.50,1,S,1,W
68,781.46,803.80,1,S,1,W
70,787.15,804.10,1,S,1,W
117,617.53,817.60,1,W,5,E
46,545.62,821.64,1,S,5,N
183,662.37,821.94,2,W,5,N
196,662.02,822.24,2,E,5,N
47,624.83,822.54,1,S,5,N
48,625.48,822.84,1,S,5,N
50,629.82,823.14,1,S,5,N
116,581.76,823.44,1,W,5,N
118,620.60,824.04,1,W,5,N
119,656.60,824.34,1,W,5,N
121,664.69,824.64,1,W,5,N
169,648.30,824.94,1,E,5,N
170,667.38,825.24,1,E,5,N
171,677.92,825.54,1,E,5,N
62,725.05,838.97,1,S,3,E
129,765.31,841.37,1,W,3,E
219,796.51,858.28,3,W,5,N
291,776.23,865.64,5,W,5,N
292,776.41,865.94,5,W,5,N
293,833.50,866.24,5,W,5,N
243,729.64,899.40,3,E,5,W
218,786.85,899.70,3,W,5,W
53,701.28,900.00,1,S,5,W
56,713.57,900.30,1,S,5,W
58,715.34,900.60,1,S,5,W
61,723.12,900.90,1,S,5,W
122,670.65,901.20,1,W,5,W
123,704.72,901.50,1,W,5,W
126,713.03,901.80,1,W,5,W
128,762.19,902.10,1,W,5,W
130,767.53,902.40,1,W,5,W
71,802.48,903.90,1,S,1,W
174,825.60,905.40,1,E,2,W
81,894.01,908.14,1,S,1,W
197,749.88,921.54,2,E,5,N
54,707.77,921.84,1,S,5,N
57,715.16,922.14,1,S,5,N
59,718.26,922.44,1,S,5,N
124,711.87,922.74,1,W,5,N
125,712.59,923.04,1,W,5,N
127,759.89,923.34,1,W,5,N
244,837.27,923.53,3,E,5,E
172,750.78,923.64,1,E,5,N
173,759.44,923.94,1,E,5,N
134,785.81,939.97,1,W,3,E
294,898.10,965.54,5,W,5,N
220,815.01,999.30,3,W,5,W
221,853.23,999.60,3,W,5,W
245,871.66,999.90,3,E,5,W
64,771.51,1000.20,1,S,5,W
198,829.59,1000.50,2,E,5,W
185,830.68,1000.80,2,W,5,W
74,809.31,1001.10,1,S,5,W
76,816.22,1001.40,1,S,5,W
77,820.14,1001.70,1,S,5,W
72,806.00,1017.40,1,S,5,E
138,832.32,1020.10,1,W,5,E
63,770.03,1021.44,1,S,5,N
65,771.67,1021.74,1,S,5,N
66,773.02,1022.04,1,S,5,N
69,784.45,1022.34,1,S,5,N
184,828.40,1022.64,2,W,5,N
186,845.75,1022.94,2,W,5,N
199,893.78,1023.24,2,E,5,N
73,807.88,1023.84,1,S,5,N
75,812.33,1024.14,1,S,5,N
131,770.47,1024.44,1,W,5,N
132,781.10,1024.74,1,W,5,N
133,782.24,1025.04,1,W,5,N
135,827.54,1025.34,1,W,5,N
136,829.57,1025.64,1,W,5,N
137,831.93,1025.94,1,W,5,N
175,865.26,1026.54,1,E,5,N
78,883.28,1099.20,1,S,5,W
82,897.81,1099.50,1,S,5,W
79,884.66,1121.34,1,S,5,N
80,890.66,1121.64,1,S,5,N
139,877.78,1121.94,1,W,5,N