id,enter_time,exit_time,entrance_intersection,entrance_direction,exit_intersection,exit_direction
276,5.74,66.44,5,W,5,N
277,21.90,66.74,5,W,5,N
278,22.47,67.04,5,W,5,N
279,26.31,67.34,5,W,5,N
280,27.59,67.64,5,W,5,N
281,32.83,67.94,5,W,5,N
282,33.44,68.24,5,W,5,N
283,33.50,68.54,5,W,5,N
284,35.20,68.84,5,W,5,N
285,39.18,69.14,5,W,5,N
286,39.57,69.44,5,W,5,N
287,43.72,69.74,5,W,5,N
340,88.75,94.89,5,E,5,N
341,90.23,96.36,5,E,5,N
342,90.51,96.65,5,E,5,N
343,94.11,100.24,5,E,5,N
0,87.82,101.95,1,S,1,W
1,88.61,102.75,1,S,1,W
2,90.48,104.62,1,S,1,W
210,67.35,112.87,2,W,3,W
233,35.40,131.27,3,W,5,N
174,78.55,140.74,1,E,3,W
288,139.18,166.34,5,W,5,N
289,151.74,166.64,5,W,5,N
290,167.40,173.53,5,W,5,N
291,169.81,175.95,5,W,5,N
292,170.70,176.83,5,W,5,N
293,172.18,178.32,5,W,5,N
294,173.10,179.24,5,W,5,N
344,138.78,180.34,5,E,5,N
345,140.45,180.64,5,E,5,N
346,156.40,180.94,5,E,5,N
347,163.05,181.24,5,E,5,N
254,66.45,200.10,3,E,5,W
209,22.52,200.40,2,W,5,W
103,39.83,200.70,1,W,5,W
107,62.90,201.00,1,W,5,W
12,175.33,201.10,1,S,1,W
14,177.47,201.40,1,S,1,W
15,177.66,201.70,1,S,1,W
5,161.36,214.20,1,S,1,E
18,188.36,217.20,1,S,1,E
21,200.99,218.10,1,S,1,E
221,36.70,222.24,2,E,5,N
101,5.71,222.54,1,W,5,N
102,7.76,222.84,1,W,5,N
104,56.05,223.14,1,W,5,N
105,56.78,223.44,1,W,5,N
106,62.34,223.74,1,W,5,N
172,5.39,224.04,1,E,5,N
173,44.27,224.34,1,E,5,N
256,170.33,232.10,3,E,5,N
295,240.97,266.24,5,W,5,N
296,273.15,279.28,5,W,5,N
6,161.58,300.00,1,S,3,E
234,145.47,300.00,3,W,5,W
255,157.87,300.30,3,E,5,W
235,196.38,300.60,3,W,5,W
3,93.30,300.90,1,S,5,W
108,74.41,301.20,1,W,5,W
113,125.73,301.50,1,W,5,W
116,151.17,301.80,1,W,5,W
16,181.47,302.10,1,S,3,W
348,296.84,302.98,5,E,5,N
349,297.10,303.23,5,E,5,N
180,211.72,304.80,1,E,2,W
211,133.05,322.14,2,W,5,N
222,120.62,322.44,2,E,5,N
109,88.14,322.74,1,W,5,N
110,94.88,323.04,1,W,5,N
111,98.62,323.34,1,W,5,N
112,119.24,323.64,1,W,5,N
114,129.20,323.94,1,W,5,N
115,148.17,324.24,1,W,5,N
117,153.83,324.54,1,W,5,N
257,201.03,324.73,3,E,5,E
118,156.23,324.84,1,W,5,N
175,104.62,325.14,1,E,5,N
176,107.97,325.44,1,E,5,N
177,113.06,325.74,1,E,5,N
236,210.06,330.87,3,W,5,N
238,219.63,331.47,3,W,5,N
259,250.01,331.47,3,E,5,N
297,286.71,366.14,5,W,5,N
298,299.66,366.44,5,W,5,N
299,303.07,366.74,5,W,5,N
300,307.89,367.04,5,W,5,N
301,310.51,367.34,5,W,5,N
302,313.90,367.64,5,W,5,N
303,316.55,367.94,5,W,5,N
304,332.04,368.24,5,W,5,N
305,335.31,368.54,5,W,5,N
258,237.57,399.90,3,E,5,W
237,216.10,400.20,3,W,5,W
239,267.88,400.50,3,W,5,W
10,172.45,400.80,1,S,5,W
17,184.89,401.10,1,S,5,W
19,190.25,401.40,1,S,5,W
25,213.44,401.70,1,S,5,W
123,231.40,402.00,1,W,5,W
179,210.28,402.30,1,E,5,W
182,223.82,402.60,1,E,5,W
183,228.52,402.90,1,E,5,W
184,260.42,403.20,1,E,5,W
350,397.84,403.97,5,E,5,N
120,169.82,420.70,1,W,5,E
122,228.48,421.30,1,W,5,E
4,159.64,422.04,1,S,5,N
7,162.77,422.34,1,S,5,N
8,163.20,422.64,1,S,5,N
9,166.04,422.94,1,S,5,N
11,174.21,423.24,1,S,5,N
13,176.18,423.54,1,S,5,N
20,193.79,423.84,1,S,5,N
223,212.67,424.14,2,E,5,N
224,269.44,424.44,2,E,5,N
225,292.33,424.74,2,E,5,N
22,204.68,425.04,1,S,5,N
23,208.28,425.34,1,S,5,N
24,209.51,425.64,1,S,5,N
26,213.83,425.94,1,S,5,N
27,217.44,426.24,1,S,5,N
119,169.42,426.54,1,W,5,N
121,213.16,427.14,1,W,5,N
124,264.64,427.74,1,W,5,N
178,200.98,428.04,1,E,5,N
181,217.23,428.34,1,E,5,N
260,314.60,430.67,3,E,5,N
240,324.99,430.67,3,W,5,N
261,336.81,430.97,3,E,5,N
262,338.96,431.27,3,E,5,N
30,305.74,436.77,1,S,3,E
129,310.40,438.57,1,W,3,E
306,389.95,466.04,5,W,5,N
307,402.71,466.34,5,W,5,N
308,431.56,466.64,5,W,5,N
263,375.16,499.80,3,E,5,W
127,275.15,500.10,1,W,5,W
128,307.45,500.40,1,W,5,W
131,328.24,500.70,1,W,5,W
132,331.95,501.00,1,W,5,W
186,371.71,501.30,1,E,5,W
140,393.23,501.40,1,W,2,W
142,448.53,502.00,1,W,2,W
43,484.65,502.30,1,S,1,W
194,446.20,503.80,1,E,2,W
188,386.07,503.89,1,E,5,W
351,499.47,505.61,5,E,5,N
44,491.69,505.82,1,S,1,W
227,418.50,512.97,2,E,3,W
134,337.95,518.50,1,W,5,E
28,300.88,521.94,1,S,5,N
29,302.16,522.24,1,S,5,N
212,310.79,522.54,2,W,5,N
226,387.70,522.84,2,E,5,N
31,307.89,523.14,1,S,5,N
125,268.57,523.44,1,W,5,N
126,271.17,523.74,1,W,5,N
130,312.83,524.04,1,W,5,N
133,334.19,524.34,1,W,5,N
135,340.63,524.94,1,W,5,N
136,348.36,525.24,1,W,5,N
137,351.08,525.54,1,W,5,N
185,323.53,525.84,1,E,5,N
187,383.50,526.14,1,E,5,N
189,390.36,526.44,1,E,5,N
241,446.31,530.47,3,W,5,N
190,408.62,538.67,1,E,3,W
42,479.45,541.82,1,S,2,W
45,494.54,542.12,1,S,2,W
264,481.33,543.10,3,E,5,N
309,493.71,565.94,5,W,5,N
310,497.67,566.24,5,W,5,N
311,533.01,566.54,5,W,5,N
312,534.95,566.84,5,W,5,N
313,536.78,567.14,5,W,5,N
314,539.68,567.44,5,W,5,N
315,540.45,567.74,5,W,5,N
316,541.96,568.04,5,W,5,N
317,545.39,568.34,5,W,5,N
318,547.72,568.64,5,W,5,N
319,548.03,568.94,5,W,5,N
320,550.95,569.24,5,W,5,N
321,556.73,569.54,5,W,5,N
352,507.47,579.94,5,E,5,N
41,475.28,599.40,1,S,3,E
242,453.65,599.70,3,W,5,W
33,381.13,600.00,1,S,5,W
36,388.52,600.30,1,S,5,W
138,372.78,600.60,1,W,5,W
141,444.82,600.90,1,W,5,W
143,448.86,601.20,1,W,5,W
51,524.47,601.50,1,S,2,W
47,507.33,602.70,1,S,1,W
50,519.14,603.00,1,S,1,W
52,527.57,603.30,1,S,1,W
53,530.26,603.60,1,S,1,W
35,386.95,616.30,1,S,5,E
32,377.13,621.84,1,S,5,N
34,383.66,622.14,1,S,5,N
37,391.70,622.74,1,S,5,N
38,394.93,623.04,1,S,5,N
39,397.52,623.34,1,S,5,N
213,484.51,623.64,2,W,5,N
139,377.20,623.94,1,W,5,N
191,429.66,624.24,1,E,5,N
192,433.72,624.54,1,E,5,N
193,438.57,624.84,1,E,5,N
195,465.54,625.14,1,E,5,N
266,506.67,630.57,3,E,5,N
48,509.37,636.97,1,S,3,W
148,534.60,639.67,1,W,3,W
196,564.32,640.27,1,E,3,W
322,587.84,665.84,5,W,5,N
323,603.24,666.14,5,W,5,N
324,606.09,666.44,5,W,5,N
325,608.31,666.74,5,W,5,N
353,603.92,679.84,5,E,5,N
354,642.35,680.14,5,E,5,N
355,646.46,680.44,5,E,5,N
356,655.01,680.74,5,E,5,N
265,503.23,699.60,3,E,5,W
243,570.14,699.90,3,W,5,W
267,572.67,700.20,3,E,5,W
46,495.94,700.50,1,S,5,W
49,512.70,700.80,1,S,5,W
145,525.30,701.10,1,W,5,W
146,529.05,701.40,1,W,5,W
151,605.36,701.60,1,W,2,W
149,565.97,701.70,1,W,5,W
156,653.01,703.10,1,W,2,W
199,625.97,703.70,1,E,2,W
216,678.01,714.09,2,W,3,E
197,570.51,717.40,1,E,5,E
62,703.82,717.96,1,S,1,E
40,467.29,721.74,1,S,5,N
228,517.00,722.04,2,E,5,N
54,531.25,722.34,1,S,5,N
55,532.35,722.64,1,S,5,N
144,490.73,722.94,1,W,5,N
147,532.07,723.24,1,W,5,N
268,640.65,730.07,3,E,5,N
244,602.61,730.07,3,W,5,N
269,651.07,730.37,3,E,5,N
270,655.01,730.67,3,E,5,N
271,670.58,732.35,3,E,5,N
61,700.60,743.22,1,S,2,W
272,691.88,753.65,3,E,5,N
326,675.73,765.74,5,W,5,N
327,746.81,766.04,5,W,5,N
328,749.85,766.34,5,W,5,N
357,752.56,779.74,5,E,5,N
358,791.60,797.74,5,E,5,N
152,609.35,799.50,1,W,5,W
155,621.06,799.80,1,W,5,W
198,624.19,800.10,1,E,5,W
359,794.25,800.39,5,E,5,N
200,641.16,800.40,1,E,5,W
201,662.00,800.70,1,E,5,W
70,723.98,802.90,1,S,2,E
203,685.21,803.03,1,E,5,W
67,718.26,803.50,1,S,1,W
217,681.40,816.40,2,W,5,E
76,803.48,817.61,1,S,1,E
154,615.49,817.90,1,W,5,E
229,609.11,821.64,2,E,5,N
214,634.67,821.94,2,W,5,N
215,648.81,822.24,2,W,5,N
230,693.76,822.84,2,E,5,N
56,610.09,823.14,1,S,5,N
150,572.89,823.44,1,W,5,N
153,612.34,823.74,1,W,5,N
202,672.73,824.34,1,E,5,N
246,751.81,830.17,3,W,5,N
160,696.02,840.47,1,W,3,E
329,800.80,865.64,5,W,5,N
330,805.35,865.94,5,W,5,N
331,805.46,866.24,5,W,5,N
332,808.39,866.54,5,W,5,N
333,811.65,866.84,5,W,5,N
334,815.50,867.14,5,W,5,N
335,830.03,867.44,5,W,5,N
336,834.97,867.74,5,W,5,N
337,837.37,868.04,5,W,5,N
338,839.03,868.34,5,W,5,N
339,842.70,868.64,5,W,5,N
360,803.23,879.64,5,E,5,N
361,843.77,879.94,5,E,5,N
362,844.85,880.24,5,E,5,N
245,750.23,899.40,3,W,5,W
247,773.12,899.70,3,W,5,W
248,797.58,900.00,3,W,5,W
58,693.05,900.30,1,S,5,W
219,770.89,900.60,2,W,5,W
231,782.61,900.90,2,E,5,W
64,712.32,901.20,1,S,5,W
157,686.91,901.50,1,W,5,W
158,690.14,901.80,1,W,5,W
162,731.00,902.10,1,W,5,W
204,762.69,902.40,1,E,5,W
77,804.95,903.90,1,S,1,W
167,802.26,904.20,1,W,2,W
81,817.39,904.20,1,S,1,W
86,838.07,904.50,1,S,1,W
88,859.70,904.80,1,S,1,W
92,868.95,905.10,1,S,1,W
93,869.60,905.40,1,S,1,W
65,713.82,916.90,1,S,5,E
91,866.44,917.60,1,S,1,E
69,722.77,917.80,1,S,5,E
57,688.01,921.54,1,S,5,N
59,693.57,921.84,1,S,5,N
60,697.14,922.14,1,S,5,N
218,743.05,922.44,2,W,5,N
63,706.07,922.74,1,S,5,N
66,716.90,923.34,1,S,5,N
68,720.23,923.64,1,S,5,N
250,806.28,923.83,3,W,5,E
71,725.84,924.24,1,S,5,N
159,692.50,924.54,1,W,5,N
161,712.40,924.84,1,W,5,N
205,781.69,925.14,1,E,5,N
273,803.04,929.67,3,E,5,N
249,799.84,929.67,3,W,5,N
274,806.98,929.97,3,E,5,N
251,811.40,930.27,3,W,5,N
253,863.10,930.87,3,W,5,N
163,775.81,939.07,1,W,3,W
252,816.44,999.30,3,W,5,W
275,877.67,999.60,3,E,5,W
232,802.83,999.90,2,E,5,W
82,819.24,1000.20,1,S,5,W
164,793.32,1000.50,1,W,5,W
168,812.72,1000.80,1,W,5,W
165,796.73,1018.60,1,W,5,E
72,792.80,1021.44,1,S,5,N
73,795.51,1021.74,1,S,5,N
74,797.24,1022.04,1,S,5,N
75,799.75,1022.34,1,S,5,N
78,805.02,1022.64,1,S,5,N
220,839.44,1022.94,2,W,5,N
79,806.47,1023.24,1,S,5,N
80,813.99,1023.54,1,S,5,N
83,822.01,1023.84,1,S,5,N
84,833.84,1024.14,1,S,5,N
85,835.72,1024.44,1,S,5,N
166,799.91,1025.04,1,W,5,N
169,814.91,1025.34,1,W,5,N
170,818.81,1025.64,1,W,5,N
171,863.60,1025.94,1,W,5,N
206,823.22,1026.24,1,E,5,N
207,829.23,1026.54,1,E,5,N
208,899.27,1026.84,1,E,5,N
87,843.74,1099.20,1,S,5,W
99,887.66,1099.50,1,S,5,W
89,862.38,1121.34,1,S,5,N
90,866.02,1121.64,1,S,5,N
94,871.58,1121.94,1,S,5,N
95,874.10,1122.24,1,S,5,N
96,877.16,1122.54,1,S,5,N
97,877.94,1122.84,1,S,5,N
98,879.09,1123.14,1,S,5,N
100,895.84,1123.44,1,S,5,N