id,enter_time,exit_time,entrance_intersection,entrance_direction,exit_intersection,exit_direction
289,30.84,66.44,5,W,5,N
290,34.07,66.74,5,W,5,N
291,37.34,67.04,5,W,5,N
292,53.67,67.34,5,W,5,N
293,60.07,67.64,5,W,5,N
294,62.51,68.65,5,W,5,N
346,20.94,80.44,5,E,5,N
347,32.08,80.74,5,E,5,N
348,41.18,81.04,5,E,5,N
349,83.93,90.07,5,E,5,N
350,85.28,91.42,5,E,5,N
351,94.16,100.30,5,E,5,N
133,59.41,101.00,1,W,2,W
274,76.60,138.37,3,E,5,N
275,92.18,153.95,3,E,5,N
295,76.68,166.34,5,W,5,N
296,81.66,166.64,5,W,5,N
297,84.60,166.94,5,W,5,N
298,142.09,167.24,5,W,5,N
299,158.52,167.54,5,W,5,N
352,121.76,180.34,5,E,5,N
353,129.71,180.64,5,E,5,N
354,182.99,189.12,5,E,5,N
355,184.75,190.88,5,E,5,N
248,21.27,200.10,2,E,5,W
1,101.73,200.20,1,S,3,W
131,19.41,200.40,1,W,5,W
200,69.02,200.70,1,E,5,W
2,108.45,201.10,1,S,1,W
5,114.43,201.10,1,S,2,W
6,115.33,201.40,1,S,1,W
10,193.48,207.61,1,S,1,W
203,185.33,211.44,1,E,2,W
13,200.04,214.80,1,S,1,E
237,75.08,222.24,2,W,5,N
132,22.09,222.54,1,W,5,N
199,52.89,222.84,1,E,5,N
8,127.70,237.77,1,S,3,W
300,175.06,266.24,5,W,5,N
301,188.50,266.54,5,W,5,N
302,236.96,266.84,5,W,5,N
261,148.74,300.00,3,W,5,W
262,155.86,300.30,3,W,5,W
276,199.31,300.60,3,E,5,W
356,294.58,300.71,5,E,5,N
0,99.78,300.90,1,S,5,W
250,148.46,301.20,2,E,5,W
23,262.20,301.50,1,S,1,W
135,94.34,301.50,1,W,5,W
137,97.14,301.80,1,W,5,W
202,107.12,302.10,1,E,5,W
20,257.73,316.10,1,S,1,E
238,102.86,322.14,2,W,5,N
249,113.70,322.44,2,E,5,N
3,109.99,322.74,1,S,5,N
4,112.67,323.04,1,S,5,N
7,117.21,323.34,1,S,5,N
134,78.66,323.64,1,W,5,N
136,96.95,323.94,1,W,5,N
138,100.97,324.24,1,W,5,N
139,124.04,324.54,1,W,5,N
201,104.09,324.84,1,E,5,N
204,193.12,325.14,1,E,5,N
279,226.03,331.47,3,E,5,N
25,326.50,340.63,1,S,1,E
17,250.72,341.32,1,S,2,W
303,302.62,366.14,5,W,5,N
304,306.58,366.44,5,W,5,N
305,327.03,366.74,5,W,5,N
306,329.68,367.04,5,W,5,N
307,330.99,367.34,5,W,5,N
308,331.89,367.64,5,W,5,N
309,334.35,367.94,5,W,5,N
310,337.36,368.24,5,W,5,N
357,324.00,380.14,5,E,5,N
358,335.68,380.44,5,E,5,N
205,200.45,399.90,1,E,5,W
277,218.33,400.20,3,E,5,W
18,253.80,400.40,1,S,3,W
278,222.32,400.50,3,E,5,W
263,283.43,400.80,3,W,5,W
9,192.92,401.10,1,S,5,W
251,234.22,401.40,2,E,5,W
144,219.04,401.70,1,W,5,W
29,335.36,401.90,1,S,1,W
145,225.90,402.00,1,W,5,W
31,343.06,402.20,1,S,1,W
147,236.77,402.30,1,W,5,W
207,212.00,402.60,1,E,5,W
252,329.31,412.87,2,E,3,W
36,357.43,415.90,1,S,1,E
41,378.67,417.40,1,S,1,E
11,195.06,422.04,1,S,5,N
12,198.64,422.34,1,S,5,N
239,269.71,422.64,2,W,5,N
240,298.34,422.94,2,W,5,N
140,174.30,423.24,1,W,5,N
141,181.02,423.54,1,W,5,N
142,204.73,423.84,1,W,5,N
143,216.53,424.14,1,W,5,N
146,233.29,424.44,1,W,5,N
206,208.30,424.74,1,E,5,N
280,313.55,430.67,3,E,5,N
61,424.12,438.25,1,S,1,E
35,353.82,441.72,1,S,2,E
311,376.69,466.04,5,W,5,N
312,378.62,466.34,5,W,5,N
313,384.26,466.64,5,W,5,N
314,414.37,466.94,5,W,5,N
315,416.81,467.24,5,W,5,N
316,420.64,467.54,5,W,5,N
317,448.51,467.84,5,W,5,N
318,465.90,472.04,5,W,5,N
359,474.43,480.56,5,E,5,N
14,242.40,499.80,1,S,5,W
15,246.78,500.10,1,S,5,W
16,249.79,500.40,1,S,5,W
22,260.77,500.70,1,S,5,W
148,267.23,501.00,1,W,5,W
40,376.61,501.10,1,S,3,W
151,286.27,501.30,1,W,5,W
155,330.96,501.60,1,W,5,W
208,306.81,501.90,1,E,5,W
209,315.20,502.20,1,E,5,W
46,398.60,502.30,1,S,1,W
212,368.15,502.50,1,E,5,W
47,399.37,502.60,1,S,1,W
214,382.35,502.80,1,E,5,W
49,400.39,502.90,1,S,1,W
52,407.47,503.20,1,S,1,W
62,424.86,503.20,1,S,2,W
58,417.29,503.50,1,S,1,W
59,421.23,503.80,1,S,1,W
64,433.54,504.10,1,S,1,W
158,383.83,504.10,1,W,2,W
65,476.78,504.40,1,S,1,W
66,477.45,504.70,1,S,1,W
68,478.20,505.00,1,S,1,W
71,485.14,516.00,1,S,1,E
28,334.15,517.90,1,S,5,E
19,256.18,521.94,1,S,5,N
21,259.37,522.24,1,S,5,N
24,264.43,522.54,1,S,5,N
241,362.56,522.84,2,W,5,N
253,375.48,523.14,2,E,5,N
26,327.46,523.44,1,S,5,N
27,330.95,523.74,1,S,5,N
30,337.76,524.34,1,S,5,N
149,267.64,524.64,1,W,5,N
150,270.96,524.94,1,W,5,N
152,293.07,525.24,1,W,5,N
153,326.37,525.54,1,W,5,N
154,330.19,525.84,1,W,5,N
156,364.60,526.14,1,W,5,N
210,342.99,526.44,1,E,5,N
211,348.32,526.74,1,E,5,N
213,378.27,527.04,1,E,5,N
265,415.94,530.77,3,W,5,N
266,424.84,531.07,3,W,5,N
60,422.68,538.97,1,S,3,E
219,491.03,553.22,1,E,3,W
319,473.44,565.94,5,W,5,N
320,489.54,566.24,5,W,5,N
321,492.42,566.54,5,W,5,N
322,495.56,566.84,5,W,5,N
323,501.28,567.14,5,W,5,N
324,530.54,567.44,5,W,5,N
325,551.28,567.74,5,W,5,N
326,555.45,568.04,5,W,5,N
327,556.06,568.34,5,W,5,N
360,580.74,586.88,5,E,5,N
361,591.91,598.05,5,E,5,N
264,405.96,599.70,3,W,5,W
281,428.72,600.00,3,E,5,W
33,349.27,600.30,1,S,5,W
34,351.10,600.60,1,S,5,W
42,382.77,600.90,1,S,5,W
43,388.53,601.20,1,S,5,W
243,479.74,601.50,2,W,5,W
53,410.74,601.80,1,S,5,W
56,414.50,602.10,1,S,5,W
157,380.58,602.40,1,W,5,W
215,409.69,602.70,1,E,5,W
221,539.83,603.60,1,E,2,W
76,593.79,607.92,1,S,1,W
72,581.21,615.50,1,S,1,E
55,414.06,619.60,1,S,5,E
81,606.83,620.97,1,S,1,E
32,346.33,621.84,1,S,5,N
37,359.34,622.14,1,S,5,N
38,370.33,622.44,1,S,5,N
39,373.39,622.74,1,S,5,N
44,394.91,623.04,1,S,5,N
45,395.92,623.34,1,S,5,N
48,400.32,623.64,1,S,5,N
242,423.97,623.94,2,W,5,N
254,458.67,624.24,2,E,5,N
255,495.53,624.54,2,E,5,N
50,400.88,624.84,1,S,5,N
51,404.93,625.14,1,S,5,N
54,411.71,625.44,1,S,5,N
57,415.10,626.04,1,S,5,N
63,433.10,626.34,1,S,5,N
159,391.61,626.64,1,W,5,N
160,398.93,626.94,1,W,5,N
161,401.19,627.24,1,W,5,N
162,451.16,627.54,1,W,5,N
163,458.84,627.84,1,W,5,N
216,417.64,628.14,1,E,5,N
217,430.59,628.44,1,E,5,N
218,480.12,628.74,1,E,5,N
267,539.14,630.27,3,W,5,N
169,557.56,638.47,1,W,3,W
171,565.75,639.07,1,W,3,W
328,588.08,665.84,5,W,5,N
329,591.51,666.14,5,W,5,N
330,594.35,666.44,5,W,5,N
331,598.07,666.74,5,W,5,N
332,608.01,667.04,5,W,5,N
333,610.64,667.34,5,W,5,N
334,613.12,667.64,5,W,5,N
335,615.20,667.94,5,W,5,N
336,632.07,668.24,5,W,5,N
337,663.70,669.84,5,W,5,N
362,686.73,692.87,5,E,5,N
282,525.22,699.60,3,E,5,W
67,477.59,699.90,1,S,5,W
244,508.70,700.20,2,W,5,W
165,475.65,700.50,1,W,5,W
170,558.82,700.80,1,W,5,W
80,604.57,701.00,1,S,3,W
222,560.54,701.10,1,E,5,W
82,608.89,703.10,1,S,1,W
84,614.95,703.40,1,S,1,W
91,641.69,703.70,1,S,1,W
175,606.05,704.00,1,W,2,W
92,648.41,704.00,1,S,1,W
179,638.77,705.20,1,W,2,W
69,478.48,721.74,1,S,5,N
70,482.23,722.04,1,S,5,N
256,525.39,722.34,2,E,5,N
245,581.37,722.64,2,W,5,N
257,585.25,722.94,2,E,5,N
164,472.77,723.24,1,W,5,N
166,478.18,723.54,1,W,5,N
167,510.24,723.84,1,W,5,N
168,556.50,724.14,1,W,5,N
220,520.33,724.44,1,E,5,N
284,652.43,730.37,3,E,5,N
338,691.88,765.74,5,W,5,N
339,695.73,766.04,5,W,5,N
340,699.85,766.34,5,W,5,N
341,703.22,766.64,5,W,5,N
363,786.80,792.94,5,E,5,N
223,595.93,799.50,1,E,5,W
283,638.14,799.80,3,E,5,W
268,641.35,800.10,3,W,5,W
285,686.63,800.40,3,E,5,W
73,581.81,800.70,1,S,5,W
78,602.42,801.00,1,S,5,W
83,611.85,801.30,1,S,5,W
89,626.48,801.60,1,S,5,W
90,637.70,801.90,1,S,5,W
172,569.20,802.20,1,W,5,W
173,572.55,802.50,1,W,5,W
176,606.71,802.80,1,W,5,W
96,725.00,803.50,1,S,1,W
99,735.21,803.80,1,S,1,W
104,752.97,804.10,1,S,1,W
106,755.60,804.40,1,S,1,W
109,773.90,804.70,1,S,1,W
232,773.25,805.60,1,E,2,W
88,624.08,818.20,1,S,5,E
119,804.36,820.20,1,S,1,E
120,807.14,821.27,1,S,1,E
224,601.49,821.64,1,E,5,N
74,582.03,821.94,1,S,5,N
75,582.52,822.24,1,S,5,N
77,599.05,822.54,1,S,5,N
79,602.54,822.84,1,S,5,N
258,672.68,823.14,2,E,5,N
85,615.55,823.44,1,S,5,N
86,619.01,823.74,1,S,5,N
121,809.75,823.89,1,S,1,E
87,623.93,824.04,1,S,5,N
174,603.58,824.64,1,W,5,N
177,614.40,824.94,1,W,5,N
178,618.57,825.24,1,W,5,N
180,655.38,825.54,1,W,5,N
181,656.75,825.84,1,W,5,N
182,662.86,826.14,1,W,5,N
183,665.74,826.44,1,W,5,N
225,632.51,826.74,1,E,5,N
226,642.55,827.04,1,E,5,N
227,680.12,827.34,1,E,5,N
287,702.54,830.17,3,E,5,N
186,720.48,838.97,1,W,3,W
228,712.22,840.47,1,E,3,E
229,718.23,840.77,1,E,3,E
269,782.76,844.53,3,W,5,N
233,798.09,860.28,1,E,3,W
342,779.12,865.64,5,W,5,N
343,780.28,865.94,5,W,5,N
344,823.07,866.24,5,W,5,N
345,870.58,876.72,5,W,5,N
364,882.40,888.54,5,E,5,N
286,699.70,899.40,3,E,5,W
288,785.05,899.70,3,E,5,W
95,654.32,900.00,1,S,5,W
246,771.73,900.30,2,W,5,W
97,731.13,900.60,1,S,5,W
101,739.03,900.90,1,S,5,W
114,796.68,901.20,1,S,3,W
189,760.31,901.20,1,W,5,W
230,726.84,901.50,1,E,5,W
116,800.11,903.90,1,S,1,W
127,824.67,904.20,1,S,1,W
100,736.30,916.90,1,S,5,E
93,650.38,921.54,1,S,5,N
94,652.75,921.84,1,S,5,N
259,768.22,922.14,2,E,5,N
247,799.62,922.44,2,W,5,N
98,732.13,922.74,1,S,5,N
184,684.78,923.34,1,W,5,N
185,688.41,923.64,1,W,5,N
187,748.19,923.94,1,W,5,N
188,755.73,924.24,1,W,5,N
190,764.29,924.54,1,W,5,N
231,762.73,924.84,1,E,5,N
270,841.75,929.67,3,W,5,N
271,846.84,929.97,3,W,5,N
196,859.49,941.47,1,W,3,W
197,861.99,941.77,1,W,3,W
272,853.41,999.30,3,W,5,W
105,755.51,999.60,1,S,5,W
107,756.35,999.90,1,S,5,W
110,782.86,1000.20,1,S,5,W
111,787.74,1000.50,1,S,5,W
112,791.73,1000.80,1,S,5,W
113,793.22,1001.10,1,S,5,W
124,818.21,1001.40,1,S,5,W
125,821.83,1001.70,1,S,5,W
128,827.54,1002.00,1,S,5,W
193,800.35,1002.30,1,W,5,W
194,807.66,1002.60,1,W,5,W
195,810.21,1002.90,1,W,5,W
198,865.74,1003.20,1,W,5,W
235,880.43,1003.50,1,E,5,W
108,763.24,1016.20,1,S,5,E
260,854.86,1016.80,2,E,5,E
273,897.78,1021.44,3,W,5,N
102,742.20,1021.74,1,S,5,N
103,748.33,1022.04,1,S,5,N
115,797.32,1022.64,1,S,5,N
117,800.38,1023.24,1,S,5,N
118,802.85,1023.54,1,S,5,N
122,811.54,1023.84,1,S,5,N
123,816.60,1024.14,1,S,5,N
126,824.49,1024.44,1,S,5,N
129,836.82,1024.74,1,S,5,N
191,767.73,1025.04,1,W,5,N
192,772.07,1025.34,1,W,5,N
234,811.93,1025.64,1,E,5,N
236,880.48,1025.94,1,E,5,N
130,899.97,1115.20,1,S,5,E