id,enter_time,exit_time,entrance_intersection,entrance_direction,exit_intersection,exit_direction
261,3.78,66.44,5,W,5,N
262,8.66,66.74,5,W,5,N
263,47.06,67.04,5,W,5,N
264,49.60,67.34,5,W,5,N
265,53.26,67.64,5,W,5,N
325,58.00,80.44,5,E,5,N
226,0.58,131.27,3,W,5,N
239,21.28,131.27,3,E,5,N
87,0.57,136.47,1,W,3,E
88,19.00,136.77,1,W,3,W
240,94.54,156.31,3,E,5,N
266,91.24,166.34,5,W,5,N
267,112.26,166.64,5,W,5,N
268,115.85,166.94,5,W,5,N
269,119.80,167.24,5,W,5,N
270,122.18,167.54,5,W,5,N
271,134.58,167.84,5,W,5,N
272,135.13,168.14,5,W,5,N
326,158.63,180.34,5,E,5,N
227,5.36,200.10,3,W,5,W
164,19.99,200.40,1,E,5,W
167,82.96,200.78,1,E,5,W
7,99.97,201.10,1,S,1,W
10,115.03,201.40,1,S,1,W
6,95.37,201.40,1,S,3,W
100,122.19,204.10,1,W,2,W
216,159.44,212.67,2,E,3,W
194,68.68,216.40,2,W,5,E
0,2.93,222.24,1,S,5,N
215,69.00,222.84,2,E,5,N
89,22.48,223.14,1,W,5,N
90,24.56,223.44,1,W,5,N
163,0.64,223.74,1,E,5,N
165,50.90,224.04,1,E,5,N
166,71.69,224.34,1,E,5,N
241,155.26,231.07,3,E,5,N
229,147.30,231.37,3,W,5,N
95,104.99,238.67,1,W,3,E
105,156.82,241.67,1,W,3,E
273,195.43,266.24,5,W,5,N
274,202.05,266.54,5,W,5,N
275,222.23,266.84,5,W,5,N
276,224.95,267.14,5,W,5,N
277,230.12,267.44,5,W,5,N
278,232.99,267.74,5,W,5,N
327,200.63,280.24,5,E,5,N
328,215.25,280.54,5,E,5,N
329,256.73,280.84,5,E,5,N
228,139.62,300.00,3,W,5,W
2,75.17,300.30,1,S,5,W
3,76.52,300.60,1,S,5,W
195,126.27,300.90,2,W,5,W
198,167.44,301.20,2,W,5,W
110,208.60,301.50,1,W,2,W
17,264.08,301.50,1,S,1,W
11,115.63,301.50,1,S,5,W
18,268.47,301.80,1,S,1,W
92,96.99,301.80,1,W,5,W
25,287.16,302.10,1,S,1,W
93,100.04,302.10,1,W,5,W
99,121.14,302.40,1,W,5,W
104,144.21,302.70,1,W,5,W
106,163.94,303.00,1,W,5,W
22,280.24,315.50,1,S,1,E
103,142.93,320.80,1,W,5,E
1,71.83,322.14,1,S,5,N
4,79.19,322.44,1,S,5,N
5,80.24,322.74,1,S,5,N
8,103.26,323.04,1,S,5,N
196,148.86,323.34,2,W,5,N
197,159.70,323.64,2,W,5,N
199,194.09,323.94,2,W,5,N
9,107.73,324.24,1,S,5,N
12,118.96,324.54,1,S,5,N
91,76.14,324.84,1,W,5,N
94,101.57,325.14,1,W,5,N
96,108.82,325.44,1,W,5,N
97,111.84,325.74,1,W,5,N
98,118.66,326.04,1,W,5,N
101,141.24,326.34,1,W,5,N
102,142.12,326.64,1,W,5,N
168,198.72,327.24,1,E,5,N
242,252.77,330.87,3,E,5,N
115,221.33,339.07,1,W,3,E
118,241.93,339.97,1,W,3,W
279,289.55,366.14,5,W,5,N
280,289.83,366.44,5,W,5,N
281,291.38,366.74,5,W,5,N
282,295.27,367.04,5,W,5,N
283,297.57,367.34,5,W,5,N
284,299.74,367.64,5,W,5,N
285,301.99,367.94,5,W,5,N
286,317.03,368.24,5,W,5,N
287,331.08,368.54,5,W,5,N
288,334.22,368.84,5,W,5,N
289,350.30,369.14,5,W,5,N
290,352.69,369.44,5,W,5,N
291,352.80,369.74,5,W,5,N
292,355.41,370.04,5,W,5,N
293,357.45,370.34,5,W,5,N
330,391.42,397.56,5,E,5,N
331,392.29,398.43,5,E,5,N
230,266.06,399.90,3,W,5,W
13,171.64,400.20,1,S,5,W
14,171.68,400.50,1,S,5,W
203,266.33,400.80,2,W,5,W
32,317.36,401.00,1,S,2,W
107,202.60,401.10,1,W,5,W
108,204.94,401.40,1,W,5,W
114,220.74,401.70,1,W,5,W
33,319.31,401.90,1,S,1,W
36,338.13,401.90,1,S,2,W
169,215.64,402.00,1,E,5,W
170,218.31,419.80,1,E,5,E
15,175.31,422.04,1,S,5,N
217,252.28,422.34,2,E,5,N
200,218.19,422.64,2,W,5,N
201,238.65,422.94,2,W,5,N
202,263.94,423.24,2,W,5,N
204,272.58,423.54,2,W,5,N
205,294.05,423.84,2,W,5,N
109,205.47,424.14,1,W,5,N
111,211.84,424.44,1,W,5,N
112,215.31,424.74,1,W,5,N
113,217.00,425.04,1,W,5,N
116,223.40,425.34,1,W,5,N
117,226.76,425.64,1,W,5,N
171,232.22,426.24,1,E,5,N
243,372.08,433.85,3,E,5,N
123,299.66,439.47,1,W,3,E
175,400.80,462.99,1,E,3,W
294,403.14,466.04,5,W,5,N
295,407.43,466.34,5,W,5,N
296,407.91,466.64,5,W,5,N
297,418.65,466.94,5,W,5,N
298,424.46,467.24,5,W,5,N
299,426.78,467.54,5,W,5,N
300,440.57,467.84,5,W,5,N
301,468.60,474.74,5,W,5,N
302,468.81,474.94,5,W,5,N
37,338.46,499.30,1,S,3,W
231,303.46,499.80,3,W,5,W
19,271.76,500.10,1,S,5,W
20,274.29,500.40,1,S,5,W
23,280.62,500.70,1,S,5,W
218,350.25,501.00,2,E,5,W
34,320.39,501.30,1,S,5,W
124,302.72,501.60,1,W,5,W
332,495.49,501.63,5,E,5,N
173,358.14,501.90,1,E,5,W
40,413.17,502.30,1,S,1,W
45,497.51,511.65,1,S,1,W
21,277.67,516.10,1,S,5,E
27,289.47,517.00,1,S,5,E
129,347.10,521.20,1,W,5,E
16,261.29,521.94,1,S,5,N
24,283.79,522.54,1,S,5,N
26,287.21,522.84,1,S,5,N
28,294.16,523.44,1,S,5,N
29,297.37,523.74,1,S,5,N
30,300.56,524.04,1,S,5,N
31,311.54,524.34,1,S,5,N
35,322.20,524.64,1,S,5,N
119,287.72,524.94,1,W,5,N
120,290.95,525.24,1,W,5,N
121,292.31,525.54,1,W,5,N
122,296.13,525.84,1,W,5,N
125,308.36,526.14,1,W,5,N
126,312.73,526.44,1,W,5,N
127,315.77,526.74,1,W,5,N
128,344.97,527.04,1,W,5,N
172,352.78,527.64,1,E,5,N
174,393.87,527.94,1,E,5,N
232,436.57,530.47,3,W,5,N
245,441.51,530.77,3,E,5,N
246,444.24,531.07,3,E,5,N
247,461.52,531.37,3,E,5,N
303,521.42,565.94,5,W,5,N
304,541.51,566.24,5,W,5,N
305,544.45,566.54,5,W,5,N
306,552.08,566.84,5,W,5,N
307,555.16,567.14,5,W,5,N
333,535.72,579.94,5,E,5,N
334,547.68,580.24,5,E,5,N
335,557.72,580.54,5,E,5,N
244,438.93,599.70,3,E,5,W
206,488.92,600.00,2,W,5,W
39,411.12,600.30,1,S,5,W
43,421.96,600.60,1,S,5,W
179,482.03,600.90,1,E,5,W
50,513.86,600.90,1,S,2,W
51,517.55,601.20,1,S,2,W
47,499.14,602.70,1,S,1,W
52,522.26,603.00,1,S,1,W
140,516.87,603.60,1,W,2,W
143,545.41,604.50,1,W,2,W
180,578.30,605.10,1,E,2,W
42,418.77,616.90,1,S,5,E
133,424.08,618.40,1,W,5,E
38,339.17,621.84,1,S,5,N
219,436.87,622.14,2,E,5,N
220,464.77,622.44,2,E,5,N
41,415.89,622.74,1,S,5,N
44,432.77,623.34,1,S,5,N
130,389.53,623.64,1,W,5,N
131,402.61,623.94,1,W,5,N
132,409.03,624.24,1,W,5,N
176,456.18,624.84,1,E,5,N
177,458.89,625.14,1,E,5,N
178,464.56,625.44,1,E,5,N
249,562.56,630.57,3,E,5,N
233,586.50,648.27,3,W,5,N
251,587.92,649.69,3,E,5,N
308,575.73,665.84,5,W,5,N
309,645.19,666.14,5,W,5,N
310,645.25,666.44,5,W,5,N
248,560.18,699.60,3,E,5,W
250,565.32,699.90,3,E,5,W
46,498.61,700.20,1,S,5,W
48,502.56,700.50,1,S,5,W
221,506.33,700.80,2,E,5,W
53,523.19,701.10,1,S,5,W
55,607.74,701.30,1,S,2,W
134,475.08,701.40,1,W,5,W
137,483.90,701.70,1,W,5,W
138,487.54,702.00,1,W,5,W
141,532.97,702.30,1,W,5,W
144,559.83,702.60,1,W,5,W
208,671.36,713.17,2,W,3,E
136,481.31,716.50,1,W,5,E
142,535.10,717.10,1,W,5,E
49,503.86,721.74,1,S,5,N
207,512.94,722.04,2,W,5,N
135,477.40,722.34,1,W,5,N
139,515.81,722.94,1,W,5,N
181,593.21,723.54,1,E,5,N
147,611.89,740.07,1,W,3,E
150,652.32,740.97,1,W,3,W
234,686.86,748.63,3,W,5,N
311,685.69,765.74,5,W,5,N
312,689.57,766.04,5,W,5,N
313,694.83,766.34,5,W,5,N
314,694.92,766.64,5,W,5,N
315,695.72,766.94,5,W,5,N
336,704.94,779.74,5,E,5,N
337,711.35,780.04,5,E,5,N
252,655.70,799.50,3,E,5,W
253,658.56,799.80,3,E,5,W
57,612.89,800.10,1,S,5,W
59,618.58,800.40,1,S,5,W
149,637.47,800.70,1,W,5,W
71,720.08,802.30,1,S,2,W
72,722.74,802.60,1,S,2,W
74,726.10,802.90,1,S,2,E
64,704.89,803.50,1,S,1,W
66,711.58,803.80,1,S,1,W
69,716.07,804.10,1,S,1,W
155,707.47,804.40,1,W,2,W
73,725.26,804.40,1,S,1,W
145,567.73,817.90,1,W,5,E
146,571.00,818.20,1,W,5,E
222,602.78,821.64,2,E,5,N
223,677.81,821.94,2,E,5,N
209,694.68,822.24,2,W,5,N
54,605.18,822.54,1,S,5,N
56,609.04,822.84,1,S,5,N
58,616.27,823.14,1,S,5,N
60,621.61,823.44,1,S,5,N
61,623.16,823.74,1,S,5,N
148,619.19,824.64,1,W,5,N
151,658.07,824.94,1,W,5,N
182,658.96,825.24,1,E,5,N
183,679.87,825.54,1,E,5,N
254,728.21,829.87,3,E,5,N
185,757.60,841.37,1,E,3,E
255,788.70,850.47,3,E,5,N
236,796.15,857.92,3,W,5,N
316,780.54,865.64,5,W,5,N
317,783.14,865.94,5,W,5,N
318,788.38,866.24,5,W,5,N
319,854.53,866.54,5,W,5,N
320,856.22,866.84,5,W,5,N
321,861.40,867.53,5,W,5,N
322,864.74,870.88,5,W,5,N
338,812.08,879.64,5,E,5,N
339,822.44,879.94,5,E,5,N
340,842.20,880.24,5,E,5,N
235,744.27,899.40,3,W,5,W
210,721.22,899.70,2,W,5,W
212,794.61,900.00,2,W,5,W
75,729.77,900.30,1,S,5,W
153,675.17,900.60,1,W,5,W
154,677.29,900.90,1,W,5,W
184,705.17,901.20,1,E,5,W
76,805.31,901.20,1,S,2,E
78,812.08,901.80,1,S,2,W
188,804.63,906.00,1,E,2,E
86,892.21,906.34,1,S,1,W
190,882.02,908.13,1,E,2,W
70,718.17,917.50,1,S,5,E
62,700.83,921.54,1,S,5,N
63,701.17,921.84,1,S,5,N
224,771.98,922.14,2,E,5,N
211,775.27,922.44,2,W,5,N
65,708.62,922.74,1,S,5,N
67,712.80,923.04,1,S,5,N
68,712.96,923.34,1,S,5,N
152,670.12,923.94,1,W,5,N
156,755.77,924.24,1,W,5,N
186,760.18,924.54,1,E,5,N
187,769.83,924.84,1,E,5,N
237,825.41,929.67,3,W,5,N
256,822.63,929.67,3,E,5,N
257,834.44,929.97,3,E,5,N
259,857.09,930.57,3,E,5,N
260,860.29,930.87,3,E,5,N
189,865.90,942.37,1,E,3,E
191,886.45,948.64,1,E,3,W
192,890.94,953.13,1,E,3,E
323,890.40,965.54,5,W,5,N
324,892.41,965.84,5,W,5,N
238,829.33,999.30,3,W,5,W
258,837.02,999.60,3,E,5,W
214,882.59,999.90,2,W,5,W
81,819.07,1000.20,1,S,5,W
82,821.08,1000.50,1,S,5,W
84,825.79,1000.80,1,S,5,W
85,826.83,1001.10,1,S,5,W
158,805.64,1017.40,1,W,5,E
225,857.67,1021.44,2,E,5,N
213,814.80,1021.74,2,W,5,N
77,808.91,1022.04,1,S,5,N
79,814.32,1022.34,1,S,5,N
80,816.79,1022.64,1,S,5,N
83,824.71,1022.94,1,S,5,N
157,803.06,1023.24,1,W,5,N
159,809.12,1023.84,1,W,5,N
160,830.78,1024.14,1,W,5,N
161,855.90,1024.44,1,W,5,N
162,856.86,1024.74,1,W,5,N
193,896.07,1099.20,1,E,5,W