id,enter_time,exit_time,entrance_intersection,entrance_direction,exit_intersection,exit_direction
0,2.31,16.44,1,S,1,E
1,4.22,18.35,1,S,1,E
249,0.88,66.44,5,W,5,N
250,6.56,66.74,5,W,5,N
251,10.94,67.04,5,W,5,N
252,14.13,67.34,5,W,5,N
253,18.19,67.64,5,W,5,N
4,13.30,100.70,1,S,1,W
9,24.43,101.00,1,S,1,W
82,0.59,103.10,1,W,2,E
83,24.87,103.40,1,W,2,W
89,46.00,105.20,1,W,2,W
92,51.01,106.10,1,W,2,W
93,52.57,106.40,1,W,2,E
161,50.02,108.20,1,E,2,W
212,60.13,125.43,3,W,5,E
226,16.30,131.27,3,E,5,N
227,20.20,131.57,3,E,5,N
213,63.11,131.87,3,W,5,N
228,39.27,131.87,3,E,5,N
3,9.02,136.77,1,S,3,W
11,27.78,138.57,1,S,3,E
229,78.51,140.28,3,E,5,N
96,61.01,143.37,1,W,3,E
162,86.23,148.42,1,E,3,W
17,135.88,150.01,1,S,1,E
254,81.49,166.34,5,W,5,N
255,86.03,166.64,5,W,5,N
256,88.52,166.94,5,W,5,N
257,93.25,167.24,5,W,5,N
258,96.89,167.54,5,W,5,N
259,135.80,167.84,5,W,5,N
260,141.03,168.14,5,W,5,N
261,146.72,168.44,5,W,5,N
334,130.33,180.34,5,E,5,N
335,131.16,180.64,5,E,5,N
336,133.01,180.94,5,E,5,N
337,171.17,181.24,5,E,5,N
338,174.27,181.54,5,E,5,N
211,55.59,200.10,3,W,5,W
185,78.83,200.40,2,W,5,W
2,8.15,200.70,1,S,5,W
12,32.41,201.00,1,S,5,W
15,128.06,201.10,1,S,1,W
85,30.13,201.30,1,W,5,W
16,135.52,201.40,1,S,1,W
90,46.26,201.60,1,W,5,W
95,57.05,201.90,1,W,5,W
91,48.27,219.10,1,W,5,E
200,86.88,222.24,2,E,5,N
5,15.58,222.54,1,S,5,N
6,16.56,222.84,1,S,5,N
7,17.56,223.14,1,S,5,N
8,18.47,223.44,1,S,5,N
10,27.08,223.74,1,S,5,N
84,28.61,224.04,1,W,5,N
86,33.12,224.34,1,W,5,N
87,36.10,224.64,1,W,5,N
88,42.94,224.94,1,W,5,N
94,54.03,225.54,1,W,5,N
159,22.71,225.84,1,E,5,N
160,28.20,226.14,1,E,5,N
230,182.53,238.16,3,E,5,E
22,145.99,241.22,1,S,2,W
214,186.84,248.61,3,W,5,N
232,188.66,250.43,3,E,5,N
233,191.92,253.69,3,E,5,N
262,174.17,266.24,5,W,5,N
263,177.64,266.54,5,W,5,N
264,178.90,266.84,5,W,5,N
265,182.10,267.14,5,W,5,N
266,182.82,267.44,5,W,5,N
267,197.49,267.74,5,W,5,N
268,201.47,268.04,5,W,5,N
269,206.95,268.34,5,W,5,N
270,212.24,268.64,5,W,5,N
271,215.82,268.94,5,W,5,N
272,219.23,269.24,5,W,5,N
273,221.51,269.54,5,W,5,N
274,222.95,269.84,5,W,5,N
275,225.40,270.14,5,W,5,N
276,228.26,270.44,5,W,5,N
277,243.07,270.74,5,W,5,N
278,265.06,271.20,5,W,5,N
339,215.26,280.24,5,E,5,N
231,185.79,300.00,3,E,5,W
215,188.49,300.30,3,W,5,W
234,195.31,300.60,3,E,5,W
201,168.57,300.90,2,E,5,W
186,152.70,301.20,2,W,5,W
32,242.44,301.50,1,S,1,W
25,164.35,301.50,1,S,3,W
13,123.87,301.50,1,S,5,W
39,260.81,301.80,1,S,1,W
14,126.15,301.80,1,S,5,W
97,99.29,302.10,1,W,5,W
101,143.01,302.40,1,W,5,W
35,250.01,314.90,1,S,1,E
98,117.60,322.14,1,W,5,N
99,135.90,322.44,1,W,5,N
100,142.60,322.74,1,W,5,N
102,145.36,323.04,1,W,5,N
103,151.67,323.34,1,W,5,N
104,153.65,323.64,1,W,5,N
105,155.05,323.94,1,W,5,N
106,158.76,324.24,1,W,5,N
107,160.25,324.54,1,W,5,N
163,120.03,324.84,1,E,5,N
164,151.16,325.14,1,E,5,N
109,211.07,336.97,1,W,3,W
235,275.32,337.09,3,E,5,N
236,277.35,339.12,3,E,5,N
216,292.27,354.04,3,W,5,N
279,292.91,366.14,5,W,5,N
280,297.85,366.44,5,W,5,N
281,301.11,366.74,5,W,5,N
282,302.17,367.04,5,W,5,N
283,305.57,367.34,5,W,5,N
284,308.05,367.64,5,W,5,N
285,310.19,367.94,5,W,5,N
286,313.61,368.24,5,W,5,N
287,342.40,368.54,5,W,5,N
288,347.42,368.84,5,W,5,N
289,349.27,369.14,5,W,5,N
290,359.68,369.44,5,W,5,N
291,361.82,369.74,5,W,5,N
292,365.37,371.51,5,W,5,N
293,368.85,374.98,5,W,5,N
340,320.52,380.14,5,E,5,N
341,322.94,380.44,5,E,5,N
20,142.29,399.90,1,S,5,W
202,236.45,400.20,2,E,5,W
111,246.83,400.50,1,W,5,W
50,333.06,401.90,1,S,1,W
43,268.28,401.90,1,S,3,W
51,335.51,402.20,1,S,1,W
45,278.74,402.50,1,S,3,W
47,282.17,403.10,1,S,3,E
18,139.47,422.04,1,S,5,N
19,142.12,422.34,1,S,5,N
21,143.88,422.64,1,S,5,N
23,151.41,422.94,1,S,5,N
24,153.71,423.24,1,S,5,N
26,165.73,423.54,1,S,5,N
27,166.56,423.84,1,S,5,N
28,170.34,424.14,1,S,5,N
29,170.36,424.44,1,S,5,N
30,173.33,424.74,1,S,5,N
31,173.35,425.04,1,S,5,N
108,207.82,425.34,1,W,5,N
110,214.66,425.64,1,W,5,N
165,205.00,425.94,1,E,5,N
166,207.18,426.24,1,E,5,N
167,261.11,426.54,1,E,5,N
237,311.08,430.67,3,E,5,N
217,346.90,430.67,3,W,5,N
238,333.20,430.97,3,E,5,N
218,397.32,459.09,3,W,5,N
294,383.92,466.04,5,W,5,N
295,446.99,466.34,5,W,5,N
296,450.00,466.64,5,W,5,N
297,450.32,466.94,5,W,5,N
298,453.78,467.24,5,W,5,N
299,457.23,467.54,5,W,5,N
342,422.84,480.04,5,E,5,N
239,335.97,499.80,3,E,5,W
34,248.42,500.10,1,S,5,W
36,251.03,500.40,1,S,5,W
42,265.98,500.70,1,S,5,W
53,423.08,500.80,1,S,2,W
44,278.63,501.00,1,S,5,W
46,279.06,501.30,1,S,5,W
112,265.77,501.60,1,W,5,W
113,304.58,501.90,1,W,5,W
116,347.17,502.20,1,W,5,W
37,253.56,516.10,1,S,5,E
38,257.43,516.40,1,S,5,E
33,246.20,521.94,1,S,5,N
40,262.09,522.84,1,S,5,N
41,263.57,523.14,1,S,5,N
187,349.33,523.44,2,W,5,N
203,325.57,523.74,2,E,5,N
188,370.12,524.04,2,W,5,N
48,329.25,524.34,1,S,5,N
49,330.97,524.64,1,S,5,N
114,312.19,524.94,1,W,5,N
115,345.30,525.24,1,W,5,N
168,314.50,525.54,1,E,5,N
169,371.33,525.84,1,E,5,N
170,378.96,526.14,1,E,5,N
240,414.17,530.47,3,E,5,N
300,487.53,565.94,5,W,5,N
301,487.82,566.24,5,W,5,N
302,538.14,566.54,5,W,5,N
303,539.37,566.84,5,W,5,N
304,541.71,567.14,5,W,5,N
305,555.17,567.44,5,W,5,N
306,557.31,567.74,5,W,5,N
307,557.82,568.04,5,W,5,N
343,513.83,579.94,5,E,5,N
344,551.09,580.24,5,E,5,N
219,448.72,599.70,3,W,5,W
220,456.12,600.00,3,W,5,W
52,338.26,600.30,1,S,5,W
190,435.78,600.60,2,W,5,W
205,472.13,600.90,2,E,5,W
55,506.14,600.90,1,S,2,W
192,482.22,601.20,2,W,5,W
193,485.86,601.50,2,W,5,W
54,503.79,602.70,1,S,1,W
57,509.80,603.00,1,S,1,W
129,538.06,604.80,1,W,2,W
132,558.88,605.70,1,W,2,W
189,411.17,621.84,2,W,5,N
204,419.35,622.14,2,E,5,N
191,462.47,622.44,2,W,5,N
117,367.21,622.74,1,W,5,N
118,381.26,623.04,1,W,5,N
119,428.74,623.34,1,W,5,N
120,444.27,623.64,1,W,5,N
241,499.02,630.27,3,E,5,N
123,492.07,639.07,1,W,3,E
125,516.07,639.67,1,W,3,W
171,511.85,642.97,1,E,3,E
62,638.49,652.63,1,S,1,E
308,582.82,665.84,5,W,5,N
309,584.77,666.14,5,W,5,N
310,601.58,666.44,5,W,5,N
311,602.44,666.74,5,W,5,N
312,604.61,667.04,5,W,5,N
313,608.21,667.34,5,W,5,N
314,653.33,667.64,5,W,5,N
315,653.51,667.94,5,W,5,N
345,655.33,679.84,5,E,5,N
346,658.43,680.14,5,E,5,N
347,658.69,680.44,5,E,5,N
348,663.69,680.74,5,E,5,N
221,575.23,699.60,3,W,5,W
124,510.52,699.90,1,W,5,W
130,540.46,700.20,1,W,5,W
131,555.72,700.50,1,W,5,W
135,564.21,700.80,1,W,5,W
173,551.00,701.10,1,E,5,W
138,583.92,701.60,1,W,2,W
175,620.15,704.30,1,E,2,E
63,641.74,715.90,1,S,1,E
121,489.35,717.10,1,W,5,E
206,572.05,721.74,2,E,5,N
56,508.77,722.04,1,S,5,N
58,512.98,722.34,1,S,5,N
59,514.95,722.64,1,S,5,N
60,516.91,722.94,1,S,5,N
122,489.63,723.54,1,W,5,N
126,516.50,723.84,1,W,5,N
127,519.70,724.14,1,W,5,N
128,534.46,724.44,1,W,5,N
133,559.90,724.74,1,W,5,N
134,562.19,725.04,1,W,5,N
172,522.13,725.34,1,E,5,N
174,555.56,725.64,1,E,5,N
242,616.77,730.07,3,E,5,N
136,567.12,737.07,1,W,3,W
139,587.18,737.97,1,W,3,E
142,621.37,738.87,1,W,3,W
144,627.42,739.47,1,W,3,W
178,681.94,744.13,1,E,3,W
222,696.03,757.80,3,W,5,N
316,708.75,765.74,5,W,5,N
317,730.20,766.04,5,W,5,N
318,733.39,766.34,5,W,5,N
319,735.80,766.64,5,W,5,N
320,739.69,766.94,5,W,5,N
321,743.18,767.24,5,W,5,N
322,746.45,767.54,5,W,5,N
323,751.07,767.84,5,W,5,N
324,752.23,768.14,5,W,5,N
325,765.97,772.11,5,W,5,N
349,756.69,779.74,5,E,5,N
350,769.37,780.04,5,E,5,N
351,782.02,788.16,5,E,5,N
61,583.99,799.50,1,S,5,W
207,618.22,799.80,2,E,5,W
146,664.65,800.10,1,W,5,W
68,725.40,802.30,1,S,2,W
72,735.77,803.50,1,S,1,W
73,738.43,803.80,1,S,1,W
75,748.17,804.10,1,S,1,W
152,755.25,805.00,1,W,2,W
179,737.66,805.30,1,E,2,W
195,723.55,813.27,2,W,3,W
143,623.55,816.70,1,W,5,E
194,681.52,821.64,2,W,5,N
137,568.57,821.94,1,W,5,N
140,606.07,822.24,1,W,5,N
141,608.49,822.54,1,W,5,N
145,660.93,823.14,1,W,5,N
176,678.31,823.44,1,E,5,N
177,679.18,823.74,1,E,5,N
244,730.25,830.17,3,E,5,N
79,820.60,834.73,1,S,1,E
66,721.44,837.77,1,S,3,W
71,734.81,839.27,1,S,3,W
246,796.21,857.98,3,E,5,N
326,778.31,865.64,5,W,5,N
327,780.77,865.94,5,W,5,N
328,786.20,866.24,5,W,5,N
329,802.40,866.54,5,W,5,N
330,823.70,866.84,5,W,5,N
331,839.72,867.14,5,W,5,N
332,843.71,867.44,5,W,5,N
333,863.18,869.32,5,W,5,N
352,824.31,879.64,5,E,5,N
353,844.03,879.94,5,E,5,N
74,741.27,898.50,1,S,3,W
243,702.86,899.40,3,E,5,W
245,734.10,899.70,3,E,5,W
65,719.00,900.00,1,S,5,W
67,723.44,900.30,1,S,5,W
148,687.43,900.60,1,W,5,W
150,713.56,900.90,1,W,5,W
181,780.59,901.20,1,E,5,W
155,828.03,903.30,1,W,2,W
208,708.59,921.54,2,E,5,N
196,798.01,921.84,2,W,5,N
209,798.80,922.14,2,E,5,N
64,715.83,922.44,1,S,5,N
69,728.15,922.74,1,S,5,N
70,731.64,923.04,1,S,5,N
147,684.05,923.34,1,W,5,N
149,693.99,923.64,1,W,5,N
151,751.73,923.94,1,W,5,N
180,748.08,924.24,1,E,5,N
224,876.34,938.11,3,W,5,N
225,876.93,938.70,3,W,5,N
153,790.70,938.77,1,W,3,W
247,889.75,951.52,3,E,5,N
248,893.41,955.18,3,E,5,N
223,826.48,999.30,3,W,5,W
210,830.80,999.60,2,E,5,W
197,824.32,999.90,2,W,5,W
198,847.63,1000.20,2,W,5,W
78,817.78,1000.50,1,S,5,W
183,821.32,1000.80,1,E,5,W
199,875.88,1021.44,2,W,5,N
76,813.25,1021.74,1,S,5,N
77,815.10,1022.04,1,S,5,N
80,822.84,1022.34,1,S,5,N
81,823.33,1022.64,1,S,5,N
154,820.97,1022.94,1,W,5,N
156,831.50,1023.24,1,W,5,N
182,817.40,1023.54,1,E,5,N
184,851.36,1023.84,1,E,5,N
157,883.32,1121.34,1,W,5,N
158,883.72,1121.64,1,W,5,N