id,enter_time,exit_time,entrance_intersection,entrance_direction,exit_intersection,exit_direction
222,0.22,66.44,5,W,5,N
223,7.86,66.74,5,W,5,N
224,11.57,67.04,5,W,5,N
225,16.90,67.34,5,W,5,N
299,33.96,80.44,5,E,5,N
300,40.42,80.74,5,E,5,N
301,41.81,81.04,5,E,5,N
302,45.28,81.34,5,E,5,N
303,47.92,81.64,5,E,5,N
304,49.70,81.94,5,E,5,N
305,74.59,82.24,5,E,5,N
203,82.17,143.94,3,E,5,N
226,95.52,166.34,5,W,5,N
227,99.04,166.64,5,W,5,N
228,102.77,166.94,5,W,5,N
229,106.16,167.24,5,W,5,N
230,118.20,167.54,5,W,5,N
231,133.11,167.84,5,W,5,N
232,146.26,168.14,5,W,5,N
233,149.91,168.44,5,W,5,N
306,105.08,180.34,5,E,5,N
162,71.52,200.10,2,W,5,W
163,92.35,200.40,2,W,5,W
60,3.07,200.70,1,W,5,W
61,6.11,201.00,1,W,5,W
4,175.63,201.10,1,S,1,W
63,15.70,201.30,1,W,5,W
7,178.12,201.40,1,S,1,W
64,18.11,201.60,1,W,5,W
66,35.81,201.90,1,W,5,W
80,115.07,202.00,1,W,2,E
70,45.83,202.20,1,W,5,W
73,54.02,202.50,1,W,5,W
134,71.65,202.80,1,E,5,W
178,42.79,222.24,2,E,5,N
62,12.32,222.54,1,W,5,N
65,31.41,222.84,1,W,5,N
67,38.28,223.14,1,W,5,N
68,41.00,223.44,1,W,5,N
69,43.46,223.74,1,W,5,N
71,49.72,224.04,1,W,5,N
72,52.71,224.34,1,W,5,N
74,56.25,224.64,1,W,5,N
133,7.85,224.94,1,E,5,N
135,73.09,225.24,1,E,5,N
190,120.49,231.07,3,W,5,N
204,156.97,231.07,3,E,5,N
191,127.50,231.37,3,W,5,N
192,129.39,231.67,3,W,5,N
193,130.99,231.97,3,W,5,N
3,173.79,240.02,1,S,2,E
234,178.15,266.24,5,W,5,N
235,197.87,266.54,5,W,5,N
236,214.37,266.84,5,W,5,N
237,233.17,267.14,5,W,5,N
238,236.39,267.44,5,W,5,N
239,244.30,267.74,5,W,5,N
240,245.44,268.04,5,W,5,N
307,207.89,280.24,5,E,5,N
308,213.54,280.54,5,E,5,N
309,230.30,280.84,5,E,5,N
310,232.95,281.14,5,E,5,N
194,175.19,300.00,3,W,5,W
2,96.25,300.30,1,S,5,W
77,81.85,300.60,1,W,5,W
78,98.18,300.90,1,W,5,W
136,120.78,301.20,1,E,5,W
9,250.25,301.50,1,S,1,W
8,249.55,314.30,1,S,1,E
0,91.41,322.14,1,S,5,N
1,93.14,322.44,1,S,5,N
179,138.14,322.74,2,E,5,N
164,114.79,323.04,2,W,5,N
75,75.13,323.34,1,W,5,N
76,78.93,323.64,1,W,5,N
79,112.34,323.94,1,W,5,N
81,148.19,324.24,1,W,5,N
138,199.06,324.54,1,E,5,N
195,224.49,330.87,3,W,5,N
205,271.17,332.94,3,E,5,N
206,273.29,335.06,3,E,5,N
207,275.40,337.17,3,E,5,N
91,262.92,339.37,1,W,3,E
241,275.90,366.14,5,W,5,N
242,289.59,366.44,5,W,5,N
243,294.77,366.74,5,W,5,N
244,297.75,367.04,5,W,5,N
245,300.62,367.34,5,W,5,N
246,303.57,367.64,5,W,5,N
247,330.53,367.94,5,W,5,N
248,354.60,368.24,5,W,5,N
249,357.23,368.54,5,W,5,N
250,360.43,368.84,5,W,5,N
251,365.25,371.39,5,W,5,N
252,367.04,373.17,5,W,5,N
311,319.40,380.14,5,E,5,N
137,196.12,399.90,1,E,5,W
208,278.36,400.20,3,E,5,W
209,280.66,400.50,3,E,5,W
92,283.33,400.70,1,W,2,W
210,283.69,400.80,3,E,5,W
166,287.22,401.10,2,W,5,W
83,190.86,401.40,1,W,5,W
90,243.08,401.70,1,W,5,W
10,348.57,401.90,1,S,1,W
140,214.95,402.00,1,E,5,W
15,362.14,402.20,1,S,1,W
141,252.91,402.30,1,E,5,W
18,369.73,402.50,1,S,1,W
144,318.67,404.00,1,E,2,W
168,332.66,413.17,2,W,3,W
86,199.67,418.30,1,W,5,E
89,241.13,419.20,1,W,5,E
142,291.11,419.80,1,E,5,E
5,175.97,422.04,1,S,5,N
6,177.41,422.34,1,S,5,N
165,268.72,422.64,2,W,5,N
180,224.88,422.94,2,E,5,N
181,298.75,423.24,2,E,5,N
82,187.96,423.54,1,W,5,N
84,193.95,423.84,1,W,5,N
85,197.17,424.14,1,W,5,N
87,207.02,424.74,1,W,5,N
197,341.55,424.83,3,W,5,E
88,240.19,425.04,1,W,5,N
139,201.92,425.64,1,E,5,N
19,373.60,442.62,1,S,2,W
253,399.07,466.04,5,W,5,N
254,413.39,466.34,5,W,5,N
255,415.48,466.64,5,W,5,N
256,415.69,466.94,5,W,5,N
257,464.90,471.03,5,W,5,N
258,467.77,473.90,5,W,5,N
312,428.38,480.04,5,E,5,N
211,368.83,499.80,3,E,5,W
196,335.90,500.10,3,W,5,W
169,356.14,500.40,2,W,5,W
94,329.05,500.70,1,W,5,W
95,332.23,501.00,1,W,5,W
99,358.46,501.30,1,W,5,W
145,325.53,501.60,1,E,5,W
23,476.86,515.70,1,S,1,E
93,321.79,516.40,1,W,5,E
167,316.18,521.94,2,W,5,N
182,388.00,522.24,2,E,5,N
96,335.09,522.84,1,W,5,N
97,341.08,523.14,1,W,5,N
98,355.63,523.44,1,W,5,N
100,359.58,523.74,1,W,5,N
101,365.02,524.04,1,W,5,N
143,311.63,524.34,1,E,5,N
146,382.64,524.64,1,E,5,N
198,441.93,530.47,3,W,5,N
104,430.74,537.47,1,W,3,W
21,470.76,541.22,1,S,2,W
213,486.42,542.05,3,E,5,E
215,491.37,553.14,3,E,5,N
216,494.97,556.74,3,E,5,N
259,508.00,565.94,5,W,5,N
260,510.22,566.24,5,W,5,N
261,534.35,566.54,5,W,5,N
262,535.67,566.84,5,W,5,N
263,535.76,567.14,5,W,5,N
264,539.75,567.44,5,W,5,N
265,543.80,567.74,5,W,5,N
266,545.92,568.04,5,W,5,N
313,529.24,579.94,5,E,5,N
314,530.64,580.24,5,E,5,N
315,546.23,580.54,5,E,5,N
316,549.50,580.84,5,E,5,N
22,473.68,599.10,1,S,3,W
212,484.06,599.70,3,E,5,W
214,489.05,600.00,3,E,5,W
17,366.92,600.30,1,S,5,W
147,437.40,600.60,1,E,5,W
149,521.52,602.70,1,E,2,W
25,571.66,602.70,1,S,1,W
11,352.46,615.70,1,S,5,E
102,383.46,617.80,1,W,5,E
12,354.29,622.14,1,S,5,N
13,354.53,622.44,1,S,5,N
14,358.52,622.74,1,S,5,N
16,365.48,623.04,1,S,5,N
20,377.14,623.34,1,S,5,N
183,482.76,623.64,2,E,5,N
103,386.21,624.24,1,W,5,N
105,462.17,624.54,1,W,5,N
107,489.58,637.27,1,W,3,E
217,596.33,658.10,3,E,5,N
267,578.37,665.84,5,W,5,N
268,581.81,666.14,5,W,5,N
269,583.92,666.44,5,W,5,N
270,597.63,666.74,5,W,5,N
271,601.67,667.04,5,W,5,N
272,628.91,667.34,5,W,5,N
273,631.65,667.64,5,W,5,N
317,656.92,679.84,5,E,5,N
318,666.99,680.14,5,E,5,N
319,679.76,685.90,5,E,5,N
24,569.49,699.20,1,S,3,W
199,586.06,699.60,3,W,5,W
184,565.03,699.90,2,E,5,W
185,585.76,700.20,2,E,5,W
108,500.89,700.50,1,W,5,W
150,539.53,700.80,1,E,5,W
113,623.43,701.60,1,W,2,W
34,671.85,703.10,1,S,1,W
40,684.92,703.40,1,S,1,W
170,528.44,721.74,2,W,5,N
171,587.33,722.04,2,W,5,N
106,477.29,722.34,1,W,5,N
109,552.43,722.64,1,W,5,N
110,565.88,722.94,1,W,5,N
148,518.17,723.24,1,E,5,N
27,659.48,742.02,1,S,2,E
31,665.38,743.22,1,S,2,W
39,682.32,745.32,1,S,2,W
274,682.64,765.74,5,W,5,N
275,707.11,766.04,5,W,5,N
276,710.18,766.34,5,W,5,N
277,718.15,766.64,5,W,5,N
278,748.67,766.94,5,W,5,N
279,753.06,767.24,5,W,5,N
320,779.83,785.97,5,E,5,N
321,781.97,788.10,5,E,5,N
322,789.10,795.23,5,E,5,N
323,791.54,797.68,5,E,5,N
29,662.45,799.00,1,S,3,W
186,651.43,799.50,2,E,5,W
32,667.77,799.60,1,S,3,W
111,568.01,799.80,1,W,5,W
152,605.24,800.10,1,E,5,W
154,678.42,800.40,1,E,5,W
120,735.04,801.70,1,W,2,W
41,745.37,803.50,1,S,1,W
42,745.78,816.30,1,S,1,E
151,602.16,821.64,1,E,5,N
26,572.87,821.94,1,S,5,N
172,664.06,822.24,2,W,5,N
173,687.71,822.54,2,W,5,N
112,571.69,822.84,1,W,5,N
114,629.72,823.14,1,W,5,N
115,631.42,823.44,1,W,5,N
116,664.21,823.74,1,W,5,N
117,666.23,824.04,1,W,5,N
153,675.08,824.34,1,E,5,N
218,701.71,829.87,3,E,5,N
219,717.06,830.17,3,E,5,N
220,779.97,841.74,3,E,5,N
280,773.56,865.64,5,W,5,N
281,776.30,865.94,5,W,5,N
282,778.37,866.24,5,W,5,N
283,784.29,866.54,5,W,5,N
284,784.74,866.84,5,W,5,N
285,790.54,867.14,5,W,5,N
286,847.85,867.44,5,W,5,N
287,850.11,867.74,5,W,5,N
288,853.51,868.04,5,W,5,N
289,859.27,868.34,5,W,5,N
290,861.78,868.64,5,W,5,N
291,865.25,871.39,5,W,5,N
324,845.08,879.64,5,E,5,N
200,721.96,899.40,3,W,5,W
30,665.32,899.70,1,S,5,W
38,682.20,900.00,1,S,5,W
187,701.41,900.30,2,E,5,W
118,700.58,900.60,1,W,5,W
122,750.70,900.90,1,W,5,W
123,758.32,901.20,1,W,5,W
125,761.94,901.50,1,W,5,W
33,670.61,915.70,1,S,5,E
37,679.97,916.60,1,S,5,E
119,731.81,917.80,1,W,5,E
28,659.58,921.54,1,S,5,N
35,675.79,922.14,1,S,5,N
36,677.90,922.44,1,S,5,N
174,741.96,923.04,2,W,5,N
175,765.58,923.34,2,W,5,N
188,800.77,923.64,2,E,5,N
121,746.19,924.24,1,W,5,N
124,759.27,924.54,1,W,5,N
155,704.06,924.84,1,E,5,N
156,707.89,925.14,1,E,5,N
157,763.10,925.44,1,E,5,N
201,849.69,929.67,3,W,5,N
202,882.39,938.02,3,W,5,E
292,880.64,965.54,5,W,5,N
293,881.68,965.84,5,W,5,N
294,882.76,966.14,5,W,5,N
295,885.02,966.44,5,W,5,N
296,890.04,966.74,5,W,5,N
297,894.62,967.04,5,W,5,N
298,898.25,967.34,5,W,5,N
55,848.48,998.90,1,S,3,E
221,881.56,999.30,3,E,5,W
43,747.12,999.60,1,S,5,W
45,753.96,999.90,1,S,5,W
189,892.90,1000.20,2,E,5,W
51,828.68,1000.50,1,S,5,W
52,833.79,1000.80,1,S,5,W
127,793.43,1001.10,1,W,5,W
131,838.25,1001.40,1,W,5,W
161,876.43,1001.70,1,E,5,W
44,750.70,1015.30,1,S,5,E
176,828.91,1021.74,2,W,5,N
177,875.50,1022.04,2,W,5,N
46,817.30,1022.34,1,S,5,N
47,818.85,1022.64,1,S,5,N
48,821.24,1022.94,1,S,5,N
49,824.63,1023.24,1,S,5,N
50,828.20,1023.54,1,S,5,N
126,780.68,1023.84,1,W,5,N
128,797.10,1024.14,1,W,5,N
129,830.98,1024.44,1,W,5,N
130,834.26,1024.74,1,W,5,N
158,842.20,1025.04,1,E,5,N
159,851.57,1025.34,1,E,5,N
160,869.16,1025.64,1,E,5,N
54,847.39,1099.20,1,S,5,W
56,849.80,1099.50,1,S,5,W
58,861.42,1099.80,1,S,5,W
57,861.35,1115.50,1,S,5,E
53,844.30,1121.34,1,S,5,N
59,861.97,1121.94,1,S,5,N
132,868.55,1122.24,1,W,5,N