id,enter_time,exit_time,entrance_intersection,entrance_direction,exit_intersection,exit_direction
225,2.68,66.44,5,W,5,N
226,6.48,66.74,5,W,5,N
227,10.70,67.04,5,W,5,N
228,12.51,67.34,5,W,5,N
229,30.35,67.64,5,W,5,N
230,31.81,67.94,5,W,5,N
231,36.78,68.24,5,W,5,N
232,39.61,68.54,5,W,5,N
233,43.30,68.84,5,W,5,N
234,49.02,69.14,5,W,5,N
235,52.43,69.44,5,W,5,N
236,68.25,74.38,5,W,5,N
237,71.18,77.31,5,W,5,N
238,71.84,77.97,5,W,5,N
10,25.18,100.70,1,S,1,W
2,1.61,100.70,1,S,3,W
15,95.41,109.54,1,S,1,W
195,58.29,131.27,3,W,5,N
209,68.17,131.27,3,E,5,N
6,15.89,137.37,1,S,3,W
90,43.83,140.07,1,W,3,W
140,16.15,140.67,1,E,3,E
210,85.28,147.05,3,E,5,N
239,75.64,166.34,5,W,5,N
240,150.27,166.64,5,W,5,N
287,143.85,180.34,5,E,5,N
197,98.49,200.10,3,W,5,W
167,41.99,200.40,2,W,5,W
168,66.96,200.70,2,W,5,W
8,20.96,201.00,1,S,5,W
87,33.54,201.30,1,W,5,W
17,173.76,213.90,1,S,1,E
89,43.60,219.70,1,W,5,E
196,98.26,222.24,3,W,5,N
0,0.19,222.54,1,S,5,N
1,1.07,222.84,1,S,5,N
184,47.36,223.14,2,E,5,N
3,4.92,223.44,1,S,5,N
4,8.48,223.74,1,S,5,N
5,10.43,224.04,1,S,5,N
7,17.09,224.34,1,S,5,N
9,24.28,224.64,1,S,5,N
211,103.36,224.93,3,E,5,E
85,12.39,224.94,1,W,5,N
86,15.17,225.24,1,W,5,N
88,36.41,225.54,1,W,5,N
91,63.36,226.14,1,W,5,N
141,20.04,226.44,1,E,5,N
142,28.03,226.74,1,E,5,N
143,31.10,227.04,1,E,5,N
144,40.14,227.34,1,E,5,N
198,154.58,231.07,3,W,5,N
96,115.11,237.77,1,W,3,E
23,189.73,241.82,1,S,2,W
146,189.51,251.70,1,E,3,W
241,177.19,266.24,5,W,5,N
242,177.53,266.54,5,W,5,N
243,180.20,266.84,5,W,5,N
244,183.65,267.14,5,W,5,N
245,188.10,267.44,5,W,5,N
246,207.65,267.74,5,W,5,N
247,208.36,268.04,5,W,5,N
248,210.08,268.34,5,W,5,N
249,220.78,268.64,5,W,5,N
250,223.19,268.94,5,W,5,N
251,225.92,269.24,5,W,5,N
252,228.68,269.54,5,W,5,N
288,226.17,280.24,5,E,5,N
11,87.45,300.00,1,S,5,W
14,93.05,300.30,1,S,5,W
16,98.25,300.60,1,S,5,W
170,154.98,300.90,2,W,5,W
186,187.74,301.20,2,E,5,W
30,269.76,301.50,1,S,1,W
98,145.96,301.50,1,W,5,W
31,272.70,301.80,1,S,1,W
145,126.71,301.80,1,E,5,W
33,275.92,302.10,1,S,1,W
148,260.01,302.40,1,E,2,W
93,75.04,317.50,1,W,5,E
12,90.78,322.14,1,S,5,N
13,92.48,322.44,1,S,5,N
185,127.66,322.74,2,E,5,N
169,143.62,323.04,2,W,5,N
92,71.11,323.34,1,W,5,N
94,77.81,323.94,1,W,5,N
95,111.63,324.24,1,W,5,N
97,117.71,324.54,1,W,5,N
212,200.80,324.73,3,E,5,E
213,204.68,331.17,3,E,5,N
214,236.21,331.47,3,E,5,N
199,293.12,354.89,3,W,5,N
253,322.90,366.14,5,W,5,N
289,334.00,380.14,5,E,5,N
290,345.54,380.44,5,E,5,N
19,177.72,399.90,1,S,5,W
25,193.66,400.20,1,S,5,W
187,271.56,400.50,2,E,5,W
171,211.59,400.80,2,W,5,W
99,175.36,401.10,1,W,5,W
100,182.33,401.40,1,W,5,W
107,360.73,401.60,1,W,2,W
147,243.55,401.70,1,E,5,W
149,345.40,402.50,1,E,2,W
291,398.74,404.88,5,E,5,N
18,176.08,422.04,1,S,5,N
20,178.43,422.34,1,S,5,N
21,181.06,422.64,1,S,5,N
22,181.84,422.94,1,S,5,N
24,192.17,423.24,1,S,5,N
26,197.46,423.54,1,S,5,N
27,200.63,423.84,1,S,5,N
172,231.72,424.14,2,W,5,N
101,185.50,424.44,1,W,5,N
102,206.92,424.74,1,W,5,N
103,245.21,425.04,1,W,5,N
215,333.58,430.67,3,E,5,N
254,385.08,466.04,5,W,5,N
255,387.40,466.34,5,W,5,N
256,388.87,466.64,5,W,5,N
257,416.59,466.94,5,W,5,N
32,272.78,499.80,1,S,5,W
35,436.44,502.30,1,S,1,W
292,498.19,504.32,5,E,5,N
28,267.42,521.94,1,S,5,N
29,269.03,522.24,1,S,5,N
188,355.67,522.54,2,E,5,N
104,276.48,522.84,1,W,5,N
105,279.66,523.14,1,W,5,N
106,309.00,523.44,1,W,5,N
108,363.39,523.74,1,W,5,N
109,364.16,524.04,1,W,5,N
150,351.63,524.34,1,E,5,N
216,452.65,530.47,3,E,5,N
200,404.15,530.47,3,W,5,N
202,460.07,531.07,3,W,5,N
45,537.92,552.06,1,S,1,E
258,489.10,565.94,5,W,5,N
259,491.78,566.24,5,W,5,N
260,519.60,566.54,5,W,5,N
261,541.48,566.84,5,W,5,N
262,556.56,567.14,5,W,5,N
263,559.95,567.44,5,W,5,N
264,565.09,571.23,5,W,5,N
265,566.47,572.61,5,W,5,N
201,443.58,599.70,3,W,5,W
34,339.29,600.00,1,S,5,W
175,490.53,600.30,2,W,5,W
41,522.23,602.70,1,S,1,W
44,535.69,603.00,1,S,1,W
47,541.21,603.30,1,S,1,W
50,547.77,603.60,1,S,1,W
52,552.14,603.90,1,S,1,W
190,446.76,616.30,2,E,5,E
174,427.99,616.60,2,W,5,E
173,406.64,621.84,2,W,5,N
189,404.65,622.14,2,E,5,N
110,404.06,623.04,1,W,5,N
111,445.65,623.34,1,W,5,N
151,483.82,623.64,1,E,5,N
203,507.48,630.27,3,W,5,N
266,607.60,665.84,5,W,5,N
267,613.02,666.14,5,W,5,N
268,615.67,666.44,5,W,5,N
269,621.22,666.74,5,W,5,N
270,622.07,667.04,5,W,5,N
271,625.34,667.34,5,W,5,N
272,627.81,667.64,5,W,5,N
293,607.40,679.84,5,E,5,N
217,531.19,699.60,3,E,5,W
204,565.32,699.90,3,W,5,W
39,451.32,700.20,1,S,5,W
54,556.94,700.40,1,S,3,W
191,536.39,700.50,2,E,5,W
178,599.20,700.80,2,W,5,W
59,633.98,701.00,1,S,2,E
40,515.77,701.10,1,S,5,W
60,637.57,701.30,1,S,2,W
113,489.75,701.40,1,W,5,W
114,492.80,701.70,1,W,5,W
117,555.71,702.00,1,W,5,W
61,637.89,703.10,1,S,1,W
63,638.55,703.40,1,S,1,W
64,640.03,703.70,1,S,1,W
126,650.33,704.00,1,W,2,W
65,643.99,704.00,1,S,1,W
36,439.69,721.74,1,S,5,N
37,440.44,722.04,1,S,5,N
38,448.03,722.34,1,S,5,N
176,517.29,722.64,2,W,5,N
177,576.34,722.94,2,W,5,N
42,525.89,723.24,1,S,5,N
43,526.01,723.54,1,S,5,N
112,470.80,723.84,1,W,5,N
115,506.38,724.14,1,W,5,N
116,539.34,724.44,1,W,5,N
118,558.15,724.74,1,W,5,N
219,603.56,730.37,3,E,5,N
220,628.44,730.67,3,E,5,N
127,652.84,740.37,1,W,3,W
155,621.71,742.17,1,E,3,E
156,662.51,742.47,1,E,3,W
80,731.74,745.88,1,S,1,E
157,694.62,756.81,1,E,3,W
273,693.39,765.74,5,W,5,N
274,710.92,766.04,5,W,5,N
275,744.37,766.34,5,W,5,N
294,708.94,779.74,5,E,5,N
295,713.00,780.04,5,E,5,N
218,600.04,799.50,3,E,5,W
296,793.41,799.55,5,E,5,N
205,614.83,799.80,3,W,5,W
49,546.65,800.10,1,S,5,W
53,552.82,800.40,1,S,5,W
55,557.27,800.70,1,S,5,W
179,620.58,801.00,2,W,5,W
62,637.96,801.30,1,S,5,W
120,595.62,801.60,1,W,5,W
124,644.35,801.90,1,W,5,W
125,646.81,802.20,1,W,5,W
154,617.59,802.50,1,E,5,W
79,731.30,802.60,1,S,2,W
72,715.84,803.50,1,S,1,W
74,717.81,803.80,1,S,1,W
159,726.12,804.10,1,E,2,W
76,723.26,804.10,1,S,1,W
83,796.24,810.38,1,S,1,W
46,540.48,821.64,1,S,5,N
48,543.57,821.94,1,S,5,N
51,548.33,822.24,1,S,5,N
56,558.17,822.54,1,S,5,N
57,559.69,822.84,1,S,5,N
58,563.22,823.14,1,S,5,N
192,619.25,823.44,2,E,5,N
180,670.29,823.74,2,W,5,N
119,593.18,824.04,1,W,5,N
121,599.16,824.34,1,W,5,N
122,639.54,824.64,1,W,5,N
123,643.49,824.94,1,W,5,N
128,653.24,825.24,1,W,5,N
129,655.32,825.54,1,W,5,N
152,613.05,825.84,1,E,5,N
153,614.74,826.14,1,E,5,N
158,695.24,826.44,1,E,5,N
206,738.25,829.87,3,W,5,N
221,717.33,829.87,3,E,5,N
222,756.90,830.17,3,E,5,N
223,769.87,831.64,3,E,5,N
77,729.74,838.07,1,S,3,E
130,686.13,839.27,1,W,3,E
224,784.59,846.36,3,E,5,N
276,801.61,865.64,5,W,5,N
277,804.70,865.94,5,W,5,N
278,806.23,866.24,5,W,5,N
279,809.44,866.54,5,W,5,N
280,812.14,866.84,5,W,5,N
281,841.13,867.14,5,W,5,N
282,844.36,867.44,5,W,5,N
68,653.48,899.40,1,S,5,W
70,658.40,899.70,1,S,5,W
193,717.07,900.00,2,E,5,W
75,719.70,900.30,1,S,5,W
81,733.78,900.60,1,S,5,W
161,738.03,900.90,1,E,5,W
164,751.95,901.20,1,E,5,W
136,861.84,902.10,1,W,2,W
84,865.44,903.90,1,S,1,W
160,732.51,918.10,1,E,5,E
66,649.31,921.54,1,S,5,N
67,653.18,921.84,1,S,5,N
69,655.06,922.14,1,S,5,N
181,742.06,922.44,2,W,5,N
71,712.52,922.74,1,S,5,N
73,716.89,923.04,1,S,5,N
78,730.27,923.34,1,S,5,N
131,698.61,923.64,1,W,5,N
132,736.64,923.94,1,W,5,N
162,739.10,924.54,1,E,5,N
163,744.09,924.84,1,E,5,N
165,767.98,925.14,1,E,5,N
166,780.30,925.44,1,E,5,N
207,850.56,929.67,3,W,5,N
283,878.21,965.54,5,W,5,N
284,880.53,965.84,5,W,5,N
285,885.37,966.14,5,W,5,N
286,889.07,966.44,5,W,5,N
208,880.95,999.30,3,W,5,W
82,793.93,999.60,1,S,5,W
182,809.11,999.90,2,W,5,W
135,829.40,1000.20,1,W,5,W
134,808.03,1016.20,1,W,5,E
194,809.73,1021.44,2,E,5,N
183,864.86,1021.74,2,W,5,N
133,777.07,1022.04,1,W,5,N
137,865.18,1022.64,1,W,5,N
138,895.77,1099.20,1,W,5,W
139,899.16,1099.50,1,W,5,W