id,enter_time,exit_time,entrance_intersection,entrance_direction,exit_intersection,exit_direction
256,3.73,66.44,5,W,5,N
257,69.71,75.84,5,W,5,N
2,79.03,100.70,1,S,1,W
10,99.02,116.20,1,S,1,E
222,59.88,131.27,3,W,5,N
238,12.94,131.57,3,E,5,N
223,65.48,131.57,3,W,5,N
258,106.65,166.34,5,W,5,N
259,107.89,166.64,5,W,5,N
260,108.19,166.94,5,W,5,N
261,111.61,167.24,5,W,5,N
262,114.94,167.54,5,W,5,N
263,117.33,167.84,5,W,5,N
264,120.18,168.14,5,W,5,N
265,135.92,168.44,5,W,5,N
266,139.82,168.74,5,W,5,N
267,142.66,169.04,5,W,5,N
268,157.43,169.34,5,W,5,N
269,161.11,169.64,5,W,5,N
270,162.05,169.94,5,W,5,N
271,167.69,173.83,5,W,5,N
272,168.62,174.76,5,W,5,N
273,169.30,175.44,5,W,5,N
274,172.75,178.89,5,W,5,N
328,101.26,180.34,5,E,5,N
329,105.27,180.64,5,E,5,N
237,10.87,200.10,3,E,5,W
239,16.84,200.40,3,E,5,W
240,40.15,200.70,3,E,5,W
115,22.04,201.00,1,W,5,W
11,99.43,201.10,1,S,1,W
116,25.76,201.30,1,W,5,W
18,120.42,201.40,1,S,1,W
167,39.82,201.60,1,E,5,W
20,126.77,201.70,1,S,1,W
31,172.04,202.00,1,S,1,W
30,168.94,216.00,1,S,1,E
32,173.03,216.30,1,S,1,E
33,174.64,216.60,1,S,1,E
191,26.01,222.24,2,W,5,N
209,88.23,222.54,2,E,5,N
114,7.02,222.84,1,W,5,N
117,58.95,223.14,1,W,5,N
168,68.95,223.44,1,E,5,N
242,192.53,254.30,3,E,5,N
243,195.71,257.48,3,E,5,N
275,175.37,266.24,5,W,5,N
276,192.35,266.54,5,W,5,N
277,197.00,266.84,5,W,5,N
278,200.14,267.14,5,W,5,N
279,262.91,269.05,5,W,5,N
330,247.39,280.24,5,E,5,N
241,123.23,300.00,3,E,5,W
224,180.94,300.30,3,W,5,W
1,77.88,300.60,1,S,5,W
7,91.35,300.90,1,S,5,W
8,94.09,301.20,1,S,5,W
36,241.00,301.50,1,S,1,W
29,167.30,301.50,1,S,3,W
16,116.44,301.50,1,S,5,W
39,245.39,301.80,1,S,1,W
22,132.40,301.80,1,S,5,W
41,246.22,302.10,1,S,1,W
169,104.72,302.10,1,E,5,W
171,152.47,302.40,1,E,5,W
132,248.65,303.60,1,W,2,W
37,243.84,314.60,1,S,1,E
0,75.49,322.14,1,S,5,N
3,82.68,322.44,1,S,5,N
4,86.43,322.74,1,S,5,N
5,89.65,323.04,1,S,5,N
6,90.69,323.34,1,S,5,N
9,95.86,323.64,1,S,5,N
12,104.52,323.94,1,S,5,N
210,184.21,324.24,2,E,5,N
13,112.21,324.54,1,S,5,N
14,114.23,324.84,1,S,5,N
15,114.51,325.14,1,S,5,N
17,118.83,325.44,1,S,5,N
19,123.29,325.74,1,S,5,N
21,128.76,326.04,1,S,5,N
118,77.48,326.34,1,W,5,N
119,129.45,326.64,1,W,5,N
120,135.87,326.94,1,W,5,N
121,146.57,327.24,1,W,5,N
122,149.91,327.54,1,W,5,N
170,132.79,327.84,1,E,5,N
225,238.06,330.87,3,W,5,N
244,277.77,339.54,3,E,5,N
133,251.11,339.97,1,W,3,W
35,238.18,340.42,1,S,2,W
226,293.99,355.76,3,W,5,N
227,295.21,356.98,3,W,5,N
280,332.26,366.14,5,W,5,N
281,334.05,366.44,5,W,5,N
282,337.93,366.74,5,W,5,N
283,357.99,367.04,5,W,5,N
331,344.65,380.14,5,E,5,N
332,367.69,380.44,5,E,5,N
333,379.56,385.69,5,E,5,N
334,385.22,391.36,5,E,5,N
23,143.29,399.90,1,S,5,W
24,145.61,400.20,1,S,5,W
124,173.50,400.50,1,W,5,W
125,184.75,400.80,1,W,5,W
127,233.12,401.10,1,W,5,W
128,235.21,401.40,1,W,5,W
131,245.70,401.70,1,W,5,W
53,361.89,401.90,1,S,1,W
136,260.10,402.00,1,W,5,W
46,349.80,415.60,1,S,1,E
123,169.62,418.90,1,W,5,E
63,391.57,420.40,1,S,1,E
25,156.19,422.04,1,S,5,N
26,159.22,422.34,1,S,5,N
27,160.72,422.64,1,S,5,N
28,164.48,422.94,1,S,5,N
192,217.66,423.24,2,W,5,N
193,221.64,423.54,2,W,5,N
194,275.34,423.84,2,W,5,N
211,279.43,424.14,2,E,5,N
195,295.99,424.44,2,W,5,N
34,235.27,424.74,1,S,5,N
126,202.78,425.34,1,W,5,N
129,236.27,425.64,1,W,5,N
130,243.38,425.94,1,W,5,N
134,253.07,426.24,1,W,5,N
135,256.52,426.54,1,W,5,N
137,262.46,426.84,1,W,5,N
172,225.58,427.14,1,E,5,N
173,279.68,427.44,1,E,5,N
245,311.75,430.67,3,E,5,N
246,327.44,430.97,3,E,5,N
284,373.31,466.04,5,W,5,N
285,376.91,466.34,5,W,5,N
286,379.74,466.64,5,W,5,N
287,381.09,466.94,5,W,5,N
288,383.84,467.24,5,W,5,N
289,387.40,467.54,5,W,5,N
290,391.25,467.84,5,W,5,N
291,394.90,468.14,5,W,5,N
292,415.33,468.44,5,W,5,N
293,417.91,468.74,5,W,5,N
294,422.27,469.04,5,W,5,N
295,425.76,469.34,5,W,5,N
296,426.19,469.64,5,W,5,N
297,450.86,469.94,5,W,5,N
298,456.04,470.24,5,W,5,N
299,459.80,470.54,5,W,5,N
300,472.81,478.95,5,W,5,N
335,399.74,480.04,5,E,5,N
336,404.96,480.34,5,E,5,N
337,405.78,480.64,5,E,5,N
228,347.12,499.80,3,W,5,W
38,244.23,500.10,1,S,5,W
197,385.73,500.40,2,W,5,W
174,315.38,500.70,1,E,5,W
59,375.87,500.80,1,S,2,W
42,335.55,517.00,1,S,5,E
139,359.63,517.60,1,W,5,E
40,246.14,521.94,1,S,5,N
196,319.97,522.24,2,W,5,N
212,377.05,522.54,2,E,5,N
198,386.01,522.84,2,W,5,N
138,310.24,523.44,1,W,5,N
76,509.65,523.79,1,S,1,E
175,376.72,524.04,1,E,5,N
176,383.60,524.34,1,E,5,N
247,445.07,530.47,3,E,5,N
248,455.79,530.77,3,E,5,N
229,481.18,542.95,3,W,5,N
301,516.48,565.94,5,W,5,N
302,527.89,566.24,5,W,5,N
303,529.40,566.54,5,W,5,N
304,532.45,566.84,5,W,5,N
305,533.78,567.14,5,W,5,N
306,550.49,567.44,5,W,5,N
307,552.14,567.74,5,W,5,N
308,553.32,568.04,5,W,5,N
309,556.28,568.34,5,W,5,N
338,503.69,579.94,5,E,5,N
339,544.67,580.24,5,E,5,N
340,555.46,580.54,5,E,5,N
68,474.05,599.70,1,S,3,E
249,495.47,599.70,3,E,5,W
43,338.86,600.00,1,S,5,W
44,341.02,600.30,1,S,5,W
45,345.00,600.60,1,S,5,W
49,352.90,600.90,1,S,5,W
51,354.59,601.20,1,S,5,W
54,365.70,601.50,1,S,5,W
56,369.29,601.80,1,S,5,W
200,489.99,602.10,2,W,5,W
215,493.74,602.40,2,E,5,W
61,380.13,602.70,1,S,5,W
72,499.29,602.70,1,S,1,W
140,379.49,603.00,1,W,5,W
79,574.23,603.00,1,S,1,W
177,415.99,603.30,1,E,5,W
80,582.87,603.30,1,S,1,W
57,373.94,617.20,1,S,5,E
64,395.31,619.30,1,S,5,E
47,351.15,621.84,1,S,5,N
48,352.44,622.14,1,S,5,N
50,354.45,622.44,1,S,5,N
52,358.52,622.74,1,S,5,N
55,368.95,623.04,1,S,5,N
58,374.80,623.64,1,S,5,N
199,429.08,623.94,2,W,5,N
213,405.62,624.24,2,E,5,N
214,446.88,624.54,2,E,5,N
60,379.31,624.84,1,S,5,N
62,390.88,625.14,1,S,5,N
65,396.95,625.74,1,S,5,N
141,428.00,626.04,1,W,5,N
178,450.48,626.34,1,E,5,N
230,525.67,630.27,3,W,5,N
231,537.36,630.57,3,W,5,N
232,544.93,630.87,3,W,5,N
310,584.54,665.84,5,W,5,N
311,587.97,666.14,5,W,5,N
312,607.25,666.44,5,W,5,N
313,612.97,666.74,5,W,5,N
314,615.11,667.04,5,W,5,N
315,628.82,667.34,5,W,5,N
341,606.98,679.84,5,E,5,N
342,617.19,680.14,5,E,5,N
343,677.10,683.24,5,E,5,N
344,680.19,686.32,5,E,5,N
67,471.00,699.60,1,S,5,W
71,497.81,699.90,1,S,5,W
75,505.05,700.20,1,S,5,W
142,471.11,700.50,1,W,5,W
144,534.64,700.80,1,W,5,W
145,541.29,701.10,1,W,5,W
84,602.27,703.10,1,S,1,W
85,605.55,703.40,1,S,1,W
86,609.15,703.70,1,S,1,W
88,611.59,704.00,1,S,1,W
90,614.64,704.30,1,S,1,W
91,617.13,704.60,1,S,1,W
92,620.55,704.90,1,S,1,W
95,639.22,705.20,1,S,1,W
98,648.64,705.50,1,S,1,W
77,510.21,718.60,1,S,5,E
66,469.67,721.74,1,S,5,N
69,488.96,722.04,1,S,5,N
70,494.11,722.34,1,S,5,N
73,501.50,722.64,1,S,5,N
74,504.70,722.94,1,S,5,N
201,517.10,723.24,2,W,5,N
202,537.78,723.54,2,W,5,N
203,566.79,723.84,2,W,5,N
216,586.78,724.14,2,E,5,N
204,596.34,724.44,2,W,5,N
78,513.74,725.04,1,S,5,N
143,502.94,725.34,1,W,5,N
179,584.00,725.64,1,E,5,N
180,598.21,725.94,1,E,5,N
251,672.92,734.69,3,E,5,N
94,636.87,737.97,1,S,3,W
252,691.62,753.39,3,E,5,N
102,739.75,753.88,1,S,1,E
316,678.53,765.74,5,W,5,N
317,678.71,766.04,5,W,5,N
318,703.77,766.34,5,W,5,N
319,704.86,766.64,5,W,5,N
320,707.32,766.94,5,W,5,N
321,709.43,767.24,5,W,5,N
322,712.51,767.54,5,W,5,N
97,648.18,799.00,1,S,3,W
250,610.86,799.50,3,E,5,W
233,691.87,799.80,3,W,5,W
81,584.60,800.10,1,S,5,W
218,646.55,800.40,2,E,5,W
87,609.20,800.70,1,S,5,W
93,621.45,801.00,1,S,5,W
183,647.28,801.30,1,E,5,W
182,642.31,818.20,1,E,5,E
82,586.37,821.64,1,S,5,N
83,601.10,821.94,1,S,5,N
205,659.79,822.24,2,W,5,N
217,619.30,822.54,2,E,5,N
206,700.05,822.84,2,W,5,N
89,611.60,823.14,1,S,5,N
146,592.87,823.44,1,W,5,N
147,627.13,823.74,1,W,5,N
181,603.34,824.04,1,E,5,N
184,681.66,824.64,1,E,5,N
185,686.07,824.94,1,E,5,N
186,690.58,825.24,1,E,5,N
253,788.53,850.30,3,E,5,N
236,797.02,858.79,3,W,5,N
323,791.87,865.64,5,W,5,N
324,808.03,865.94,5,W,5,N
325,833.93,866.24,5,W,5,N
326,848.65,866.54,5,W,5,N
327,849.55,866.84,5,W,5,N
345,819.96,879.64,5,E,5,N
346,831.61,879.94,5,E,5,N
347,839.08,880.24,5,E,5,N
348,842.88,880.54,5,E,5,N
349,846.53,880.84,5,E,5,N
234,748.18,899.40,3,W,5,W
235,756.23,899.70,3,W,5,W
149,676.57,900.00,1,W,5,W
150,696.42,900.30,1,W,5,W
151,725.85,900.60,1,W,5,W
152,732.99,900.90,1,W,5,W
155,754.88,901.20,1,W,5,W
187,748.03,901.50,1,E,5,W
110,839.22,903.90,1,S,1,W
113,858.14,904.20,1,S,1,W
163,838.27,904.80,1,W,2,W
208,874.93,913.67,2,W,3,W
96,644.95,921.54,1,S,5,N
99,652.38,921.84,1,S,5,N
100,657.56,922.14,1,S,5,N
101,659.51,922.44,1,S,5,N
219,737.43,922.74,2,E,5,N
220,793.32,923.04,2,E,5,N
148,673.50,923.34,1,W,5,N
153,736.39,923.64,1,W,5,N
154,739.70,923.94,1,W,5,N
156,755.41,924.24,1,W,5,N
254,801.08,929.67,3,E,5,N
255,874.27,936.04,3,E,5,N
105,811.49,937.57,1,S,3,E
164,857.67,941.17,1,W,3,W
189,827.86,941.77,1,E,3,E
112,856.97,998.60,1,S,3,W
207,865.73,999.30,2,W,5,W
107,829.01,999.60,1,S,5,W
109,834.29,999.90,1,S,5,W
158,792.96,1000.20,1,W,5,W
159,811.98,1000.50,1,W,5,W
160,814.88,1000.80,1,W,5,W
161,832.63,1001.10,1,W,5,W
190,890.01,1007.83,1,E,5,W
103,741.32,1021.44,1,S,5,N
221,878.14,1021.74,2,E,5,N
104,808.53,1022.04,1,S,5,N
106,814.51,1022.34,1,S,5,N
108,832.79,1022.64,1,S,5,N
157,782.34,1022.94,1,W,5,N
162,835.25,1023.24,1,W,5,N
188,819.87,1023.54,1,E,5,N
111,854.25,1099.20,1,S,5,W
166,897.43,1099.50,1,W,5,W
165,891.44,1121.34,1,W,5,N