id,enter_time,exit_time,entrance_intersection,entrance_direction,exit_intersection,exit_direction
7,27.31,41.45,1,S,1,E
1,2.03,42.29,1,S,2,E
251,20.19,66.44,5,W,5,N
252,22.92,66.74,5,W,5,N
253,40.28,67.04,5,W,5,N
254,60.56,67.34,5,W,5,N
255,61.93,68.07,5,W,5,N
256,65.28,71.42,5,W,5,N
257,68.24,74.37,5,W,5,N
311,2.82,80.44,5,E,5,N
312,85.65,91.79,5,E,5,N
4,18.43,100.70,1,S,1,W
6,23.50,101.00,1,S,1,W
203,88.01,124.08,2,E,3,E
232,5.74,125.43,3,E,5,E
231,3.23,131.27,3,E,5,N
217,8.95,131.27,3,W,5,N
19,126.00,140.13,1,S,1,E
258,101.25,166.34,5,W,5,N
313,185.15,191.28,5,E,5,N
314,191.06,197.20,5,E,5,N
195,13.65,200.10,2,W,5,W
161,38.29,200.40,1,E,5,W
21,133.60,201.10,1,S,1,W
13,46.79,201.10,1,S,3,W
165,149.09,205.30,1,E,2,W
22,145.25,213.90,1,S,1,E
2,5.42,216.70,1,S,5,E
0,1.92,222.24,1,S,5,N
196,76.48,222.54,2,W,5,N
3,7.54,223.14,1,S,5,N
5,21.39,223.44,1,S,5,N
8,29.54,223.74,1,S,5,N
96,31.75,224.04,1,W,5,N
97,32.84,224.34,1,W,5,N
162,54.05,224.64,1,E,5,N
218,117.24,231.07,3,W,5,N
234,108.76,231.37,3,E,5,N
31,222.59,236.73,1,S,1,E
108,110.90,240.17,1,W,3,E
164,138.25,241.07,1,E,3,E
27,152.01,241.52,1,S,2,W
259,197.36,266.24,5,W,5,N
260,198.83,266.54,5,W,5,N
261,226.59,266.84,5,W,5,N
262,251.43,267.14,5,W,5,N
263,254.47,267.44,5,W,5,N
24,147.77,300.00,1,S,3,W
233,106.28,300.00,3,E,5,W
14,47.37,300.30,1,S,5,W
17,54.89,300.60,1,S,5,W
205,162.59,300.90,2,E,5,W
100,93.01,301.20,1,W,5,W
111,195.73,301.50,1,W,2,W
28,215.74,301.50,1,S,1,W
102,98.14,301.50,1,W,5,W
35,282.33,301.80,1,S,1,W
104,98.74,301.80,1,W,5,W
105,102.66,302.10,1,W,5,W
106,105.05,302.40,1,W,5,W
315,299.61,305.74,5,E,5,N
206,231.01,312.77,2,E,3,W
20,132.85,318.40,1,S,5,E
109,144.68,320.20,1,W,5,E
9,37.08,322.14,1,S,5,N
10,38.18,322.44,1,S,5,N
45,308.43,322.56,1,S,1,E
11,41.28,322.74,1,S,5,N
12,43.54,323.04,1,S,5,N
15,48.86,323.34,1,S,5,N
16,51.33,323.64,1,S,5,N
204,131.39,323.94,2,E,5,N
18,122.89,324.24,1,S,5,N
98,71.58,324.84,1,W,5,N
99,74.67,325.14,1,W,5,N
101,95.10,325.44,1,W,5,N
103,98.17,325.74,1,W,5,N
107,108.03,326.04,1,W,5,N
163,126.89,326.64,1,E,5,N
166,167.97,326.94,1,E,5,N
167,179.65,327.24,1,E,5,N
168,188.55,327.54,1,E,5,N
219,241.78,330.87,3,W,5,N
235,212.71,330.87,3,E,5,N
237,286.80,348.57,3,E,5,N
264,319.90,366.14,5,W,5,N
265,323.09,366.44,5,W,5,N
266,327.40,366.74,5,W,5,N
267,327.93,367.04,5,W,5,N
268,329.59,367.34,5,W,5,N
269,332.56,367.64,5,W,5,N
270,334.56,367.94,5,W,5,N
271,337.74,368.24,5,W,5,N
272,342.52,368.54,5,W,5,N
273,349.83,368.84,5,W,5,N
316,300.43,380.14,5,E,5,N
317,330.94,380.44,5,E,5,N
236,224.46,399.90,3,E,5,W
220,247.76,400.20,3,W,5,W
25,148.35,400.50,1,S,5,W
197,253.20,400.80,2,W,5,W
29,217.32,401.10,1,S,5,W
112,199.36,401.40,1,W,5,W
114,208.64,401.70,1,W,5,W
41,299.62,401.90,1,S,1,W
169,208.60,402.00,1,E,5,W
42,299.84,402.20,1,S,1,W
170,224.68,402.30,1,E,5,W
46,386.50,402.50,1,S,1,W
23,145.71,422.04,1,S,5,N
26,150.25,422.34,1,S,5,N
30,219.77,422.64,1,S,5,N
110,177.02,422.94,1,W,5,N
113,201.43,423.24,1,W,5,N
115,251.71,423.54,1,W,5,N
116,254.10,423.84,1,W,5,N
171,246.50,424.14,1,E,5,N
221,349.36,430.67,3,W,5,N
173,368.97,438.57,1,E,3,W
274,402.03,466.04,5,W,5,N
275,405.86,466.34,5,W,5,N
276,408.90,466.64,5,W,5,N
277,409.73,466.94,5,W,5,N
278,424.81,467.24,5,W,5,N
279,441.97,467.54,5,W,5,N
280,447.72,467.84,5,W,5,N
281,450.88,468.14,5,W,5,N
282,456.08,468.44,5,W,5,N
283,461.60,468.74,5,W,5,N
318,466.65,480.04,5,E,5,N
319,479.26,485.39,5,E,5,N
222,351.53,499.80,3,W,5,W
37,286.49,500.10,1,S,5,W
38,288.09,500.40,1,S,5,W
207,319.86,500.70,2,E,5,W
44,305.38,501.00,1,S,5,W
118,315.98,501.30,1,W,5,W
172,339.18,501.60,1,E,5,W
52,402.75,502.30,1,S,1,W
32,273.05,521.94,1,S,5,N
33,274.85,522.24,1,S,5,N
34,279.73,522.54,1,S,5,N
36,283.87,522.84,1,S,5,N
39,290.37,523.14,1,S,5,N
40,295.98,523.44,1,S,5,N
43,303.88,523.74,1,S,5,N
117,300.25,524.04,1,W,5,N
119,328.85,524.34,1,W,5,N
120,332.12,524.64,1,W,5,N
174,390.90,524.94,1,E,5,N
175,393.97,525.24,1,E,5,N
238,404.47,530.47,3,E,5,N
240,421.55,531.07,3,E,5,N
241,424.12,531.37,3,E,5,N
242,435.56,531.67,3,E,5,N
123,412.41,537.47,1,W,3,W
58,500.78,542.72,1,S,2,W
284,526.68,565.94,5,W,5,N
285,530.11,566.24,5,W,5,N
286,530.58,566.54,5,W,5,N
287,546.70,566.84,5,W,5,N
288,552.45,567.14,5,W,5,N
223,410.19,599.70,3,W,5,W
239,407.10,600.00,3,E,5,W
47,390.86,600.30,1,S,5,W
48,391.91,600.60,1,S,5,W
49,392.57,600.90,1,S,5,W
51,400.29,601.20,1,S,5,W
198,419.13,601.50,2,W,5,W
208,418.83,601.80,2,E,5,W
199,443.08,602.10,2,W,5,W
209,477.67,602.40,2,E,5,W
210,499.77,602.70,2,E,5,W
59,503.25,602.70,1,S,1,W
121,370.36,603.00,1,W,5,W
62,572.99,603.00,1,S,1,W
124,445.53,603.30,1,W,5,W
64,576.72,603.30,1,S,1,W
176,432.52,603.60,1,E,5,W
67,588.47,617.00,1,S,1,E
69,595.85,617.60,1,S,1,E
50,393.24,621.84,1,S,5,N
122,409.75,622.14,1,W,5,N
125,465.28,622.44,1,W,5,N
177,435.41,622.74,1,E,5,N
178,440.26,623.04,1,E,5,N
224,518.01,630.27,3,W,5,N
132,540.06,638.77,1,W,3,W
289,615.74,665.84,5,W,5,N
290,618.75,666.14,5,W,5,N
291,622.52,666.44,5,W,5,N
292,624.37,666.74,5,W,5,N
293,624.86,667.04,5,W,5,N
294,646.30,667.34,5,W,5,N
295,649.96,667.64,5,W,5,N
296,653.44,667.94,5,W,5,N
297,666.34,672.48,5,W,5,N
298,668.45,674.59,5,W,5,N
320,614.92,679.84,5,E,5,N
243,538.11,699.60,3,E,5,W
179,501.20,699.90,1,E,5,W
66,585.38,700.10,1,S,3,E
126,496.73,700.20,1,W,5,W
68,589.56,700.40,1,S,3,W
128,506.67,700.50,1,W,5,W
129,509.24,700.80,1,W,5,W
131,521.08,701.10,1,W,5,W
133,547.52,701.40,1,W,5,W
140,598.00,702.50,1,W,2,W
72,670.87,703.10,1,S,1,W
76,687.89,703.40,1,S,1,W
183,592.34,710.17,1,E,5,W
53,491.55,715.60,1,S,5,E
77,691.41,717.40,1,S,1,E
134,551.23,718.00,1,W,5,E
79,704.12,718.26,1,S,1,E
54,493.05,722.04,1,S,5,N
55,496.84,722.34,1,S,5,N
56,497.77,722.64,1,S,5,N
57,499.66,722.94,1,S,5,N
211,596.79,723.24,2,E,5,N
127,503.33,723.54,1,W,5,N
130,519.74,723.84,1,W,5,N
180,522.81,724.44,1,E,5,N
181,557.16,724.74,1,E,5,N
182,588.93,725.04,1,E,5,N
226,663.50,730.37,3,W,5,N
135,586.78,737.07,1,W,3,E
142,624.06,739.17,1,W,3,E
245,695.50,757.27,3,E,5,N
299,688.00,765.74,5,W,5,N
300,702.55,766.04,5,W,5,N
301,703.15,766.34,5,W,5,N
302,717.96,766.64,5,W,5,N
303,720.64,766.94,5,W,5,N
304,720.82,767.24,5,W,5,N
321,700.70,779.74,5,E,5,N
322,719.88,780.04,5,E,5,N
323,721.67,780.34,5,E,5,N
324,740.47,780.64,5,E,5,N
325,758.13,780.94,5,E,5,N
244,617.84,799.50,3,E,5,W
225,623.14,799.80,3,W,5,W
60,571.30,800.10,1,S,5,W
137,590.09,800.40,1,W,5,W
138,590.87,800.70,1,W,5,W
139,595.54,801.00,1,W,5,W
143,631.55,801.30,1,W,5,W
189,779.93,806.05,1,E,2,W
87,798.84,812.98,1,S,1,W
144,662.62,817.90,1,W,5,E
214,783.08,819.16,2,E,3,E
90,807.03,821.16,1,S,1,E
61,572.64,821.64,1,S,5,N
63,575.03,821.94,1,S,5,N
65,578.34,822.24,1,S,5,N
200,603.96,822.54,2,W,5,N
201,676.10,822.84,2,W,5,N
212,679.89,823.14,2,E,5,N
136,587.80,823.44,1,W,5,N
141,601.05,823.74,1,W,5,N
184,613.33,824.34,1,E,5,N
185,616.85,824.64,1,E,5,N
186,670.83,824.94,1,E,5,N
246,699.23,829.87,3,E,5,N
248,704.30,830.47,3,E,5,N
227,780.75,842.52,3,W,5,N
228,796.90,858.67,3,W,5,N
305,779.24,865.64,5,W,5,N
306,794.33,865.94,5,W,5,N
307,802.22,866.24,5,W,5,N
308,811.21,866.54,5,W,5,N
309,816.41,866.84,5,W,5,N
310,820.08,867.14,5,W,5,N
247,701.38,899.40,3,E,5,W
70,661.24,899.70,1,S,5,W
71,663.36,900.00,1,S,5,W
73,674.45,900.30,1,S,5,W
80,706.55,900.60,1,S,5,W
146,694.73,900.90,1,W,5,W
148,764.85,901.20,1,W,5,W
154,827.76,902.70,1,W,2,E
155,831.31,903.00,1,W,2,E
89,805.84,903.90,1,S,1,W
91,808.84,904.20,1,S,1,W
92,809.84,904.50,1,S,1,W
93,886.37,904.80,1,S,1,W
95,890.75,904.88,1,S,1,W
94,890.22,916.70,1,S,1,E
74,680.11,921.54,1,S,5,N
75,685.52,921.84,1,S,5,N
78,694.53,922.14,1,S,5,N
213,753.77,922.44,2,E,5,N
81,708.22,922.74,1,S,5,N
145,691.56,923.04,1,W,5,N
147,741.91,923.34,1,W,5,N
249,809.03,923.53,3,E,5,E
187,723.09,923.64,1,E,5,N
250,838.73,923.83,3,E,5,E
188,726.30,923.94,1,E,5,N
190,795.13,924.24,1,E,5,N
229,807.03,929.67,3,W,5,N
151,815.10,937.87,1,W,3,W
230,866.46,999.30,3,W,5,W
202,868.75,999.60,2,W,5,W
152,822.56,999.90,1,W,5,W
157,836.10,1000.20,1,W,5,W
193,868.44,1000.50,1,E,5,W
88,801.78,1016.80,1,S,5,E
192,864.48,1020.10,1,E,5,E
82,781.33,1021.44,1,S,5,N
83,787.35,1021.74,1,S,5,N
84,789.81,1022.04,1,S,5,N
85,792.85,1022.34,1,S,5,N
86,798.19,1022.64,1,S,5,N
215,810.62,1023.24,2,E,5,N
216,880.68,1023.54,2,E,5,N
149,767.81,1023.84,1,W,5,N
150,800.55,1024.14,1,W,5,N
153,824.79,1024.44,1,W,5,N
156,833.41,1024.74,1,W,5,N
158,836.34,1025.04,1,W,5,N
159,855.39,1025.34,1,W,5,N
160,862.96,1025.64,1,W,5,N
191,860.86,1025.94,1,E,5,N
194,873.56,1026.54,1,E,5,N