id,enter_time,exit_time,entrance_intersection,entrance_direction,exit_intersection,exit_direction
244,1.78,66.44,5,W,5,N
245,21.75,66.74,5,W,5,N
246,25.59,67.04,5,W,5,N
247,46.57,67.34,5,W,5,N
248,49.92,67.64,5,W,5,N
249,55.88,67.94,5,W,5,N
250,58.22,68.24,5,W,5,N
251,60.64,68.54,5,W,5,N
252,62.21,68.84,5,W,5,N
321,3.87,80.44,5,E,5,N
322,5.21,80.74,5,E,5,N
168,82.78,108.90,1,E,2,E
188,56.86,112.57,2,W,3,W
11,96.67,115.60,1,S,1,E
218,35.86,131.27,3,W,5,N
228,3.79,131.27,3,E,5,N
229,27.03,131.57,3,E,5,N
230,29.83,131.87,3,E,5,N
8,91.00,140.82,1,S,2,E
253,115.86,166.34,5,W,5,N
254,118.04,166.64,5,W,5,N
255,122.77,166.94,5,W,5,N
256,125.63,167.24,5,W,5,N
257,129.60,167.54,5,W,5,N
258,131.74,167.84,5,W,5,N
259,133.99,168.14,5,W,5,N
260,136.19,168.44,5,W,5,N
261,157.33,168.74,5,W,5,N
262,160.67,169.04,5,W,5,N
263,162.88,169.34,5,W,5,N
323,103.73,180.34,5,E,5,N
324,112.34,180.64,5,E,5,N
325,115.79,180.94,5,E,5,N
326,125.18,181.24,5,E,5,N
327,129.11,181.54,5,E,5,N
328,132.03,181.84,5,E,5,N
231,32.66,200.10,3,E,5,W
232,62.91,200.40,3,E,5,W
0,0.39,200.70,1,S,5,W
207,80.51,201.00,2,E,5,W
17,180.56,201.10,1,S,1,W
9,93.26,201.10,1,S,3,W
189,80.87,201.30,2,W,5,W
98,3.06,201.60,1,W,5,W
101,48.28,201.90,1,W,5,W
161,4.29,202.20,1,E,5,W
163,22.33,202.50,1,E,5,W
165,34.91,202.80,1,E,5,W
14,176.14,213.90,1,S,1,E
15,178.86,214.20,1,S,1,E
1,5.16,216.10,1,S,5,E
2,5.62,222.54,1,S,5,N
3,15.13,222.84,1,S,5,N
97,0.67,223.14,1,W,5,N
99,6.10,223.44,1,W,5,N
100,46.30,223.74,1,W,5,N
102,55.94,224.04,1,W,5,N
162,16.13,224.34,1,E,5,N
164,32.34,224.64,1,E,5,N
166,43.17,224.94,1,E,5,N
167,45.82,225.24,1,E,5,N
169,86.19,225.54,1,E,5,N
233,161.87,231.07,3,E,5,N
219,182.57,244.34,3,W,5,N
264,216.64,266.24,5,W,5,N
265,238.45,266.54,5,W,5,N
266,241.11,266.84,5,W,5,N
267,246.33,267.14,5,W,5,N
268,249.46,267.44,5,W,5,N
329,219.53,280.24,5,E,5,N
6,85.69,300.00,1,S,5,W
7,86.61,300.30,1,S,5,W
13,102.59,300.60,1,S,5,W
103,67.41,300.90,1,W,5,W
104,115.67,301.20,1,W,5,W
28,224.42,301.50,1,S,1,W
106,122.79,301.50,1,W,5,W
31,236.39,301.80,1,S,1,W
107,124.90,301.80,1,W,5,W
108,126.38,302.10,1,W,5,W
171,175.31,302.40,1,E,5,W
113,224.97,304.50,1,W,2,W
12,99.73,316.90,1,S,5,E
190,138.09,317.50,2,W,5,E
4,75.42,322.14,1,S,5,N
5,75.69,322.44,1,S,5,N
10,96.03,322.74,1,S,5,N
208,139.54,323.34,2,E,5,N
191,168.06,323.94,2,W,5,N
192,182.79,324.24,2,W,5,N
105,116.81,324.54,1,W,5,N
109,129.06,324.84,1,W,5,N
170,156.07,325.14,1,E,5,N
172,196.84,325.44,1,E,5,N
41,337.27,351.40,1,S,1,E
220,297.39,353.02,3,W,5,E
269,344.02,366.14,5,W,5,N
270,346.57,366.44,5,W,5,N
271,347.56,366.74,5,W,5,N
272,368.63,374.77,5,W,5,N
273,369.98,376.12,5,W,5,N
274,372.25,378.38,5,W,5,N
330,325.71,380.14,5,E,5,N
33,302.74,399.80,1,S,3,E
234,227.79,399.90,3,E,5,W
19,197.41,400.20,1,S,5,W
209,225.36,400.50,2,E,5,W
22,209.59,400.80,1,S,5,W
26,217.66,401.10,1,S,5,W
111,174.21,401.40,1,W,5,W
117,286.79,401.60,1,W,2,W
112,195.92,401.70,1,W,5,W
36,312.76,401.90,1,S,1,W
114,254.22,402.00,1,W,5,W
37,315.38,402.20,1,S,1,W
115,255.86,402.30,1,W,5,W
39,328.31,402.50,1,S,1,W
42,340.15,414.70,1,S,1,E
18,189.79,416.20,1,S,5,E
16,180.44,422.04,1,S,5,N
193,245.51,422.64,2,W,5,N
20,207.04,422.94,1,S,5,N
21,208.35,423.24,1,S,5,N
23,212.64,423.54,1,S,5,N
24,213.75,423.84,1,S,5,N
25,214.75,424.14,1,S,5,N
27,221.41,424.44,1,S,5,N
29,227.86,424.74,1,S,5,N
30,232.60,425.04,1,S,5,N
110,170.98,425.34,1,W,5,N
116,263.51,425.64,1,W,5,N
235,312.67,430.67,3,E,5,N
118,289.73,437.97,1,W,3,E
124,359.39,439.77,1,W,3,E
275,398.58,466.04,5,W,5,N
276,423.09,466.34,5,W,5,N
277,427.08,466.64,5,W,5,N
278,432.83,466.94,5,W,5,N
279,442.55,467.24,5,W,5,N
331,431.14,480.04,5,E,5,N
210,317.18,499.80,2,E,5,W
35,308.29,500.10,1,S,5,W
119,328.24,500.40,1,W,5,W
122,349.33,500.70,1,W,5,W
123,351.54,501.00,1,W,5,W
128,401.64,501.40,1,W,2,W
45,468.29,502.30,1,S,1,W
53,491.92,506.06,1,S,1,W
174,391.82,509.64,1,E,5,W
32,301.84,521.94,1,S,5,N
34,304.62,522.24,1,S,5,N
211,361.46,522.54,2,E,5,N
38,321.51,522.84,1,S,5,N
40,336.24,523.14,1,S,5,N
120,347.31,523.44,1,W,5,N
121,347.31,523.74,1,W,5,N
125,362.74,524.04,1,W,5,N
236,399.51,524.33,3,E,5,E
173,304.60,524.34,1,E,5,N
132,463.94,538.67,1,W,3,W
47,472.56,541.82,1,S,2,E
280,476.29,565.94,5,W,5,N
281,479.97,566.24,5,W,5,N
282,480.04,566.54,5,W,5,N
283,482.55,566.84,5,W,5,N
284,485.36,567.14,5,W,5,N
285,487.92,567.44,5,W,5,N
286,552.69,567.74,5,W,5,N
287,566.02,572.16,5,W,5,N
288,566.78,572.92,5,W,5,N
289,569.65,575.78,5,W,5,N
332,566.45,579.94,5,E,5,N
221,401.33,599.70,3,W,5,W
195,444.02,600.00,2,W,5,W
196,466.72,600.30,2,W,5,W
126,398.15,600.60,1,W,5,W
135,523.72,601.50,1,W,2,W
129,403.18,616.90,1,W,5,E
176,480.87,618.10,1,E,5,E
64,582.65,618.50,1,S,1,E
43,401.57,621.84,1,S,5,N
194,401.62,622.14,2,W,5,N
212,447.67,622.44,2,E,5,N
127,400.18,622.74,1,W,5,N
130,434.79,623.34,1,W,5,N
131,461.88,623.64,1,W,5,N
175,445.79,623.94,1,E,5,N
177,492.28,624.54,1,E,5,N
222,542.28,630.27,3,W,5,N
237,511.10,630.27,3,E,5,N
238,580.05,641.82,3,E,5,N
223,591.04,652.81,3,W,5,N
224,593.80,655.57,3,W,5,N
290,573.68,665.84,5,W,5,N
291,576.17,666.14,5,W,5,N
292,580.05,666.44,5,W,5,N
293,582.69,666.74,5,W,5,N
294,584.13,667.04,5,W,5,N
295,604.29,667.34,5,W,5,N
296,620.81,667.64,5,W,5,N
297,621.54,667.94,5,W,5,N
298,624.99,668.24,5,W,5,N
299,627.12,668.54,5,W,5,N
300,629.83,668.84,5,W,5,N
301,633.02,669.14,5,W,5,N
302,658.72,669.44,5,W,5,N
333,654.34,679.84,5,E,5,N
334,665.08,680.14,5,E,5,N
335,682.88,689.02,5,E,5,N
336,683.53,689.66,5,E,5,N
44,467.56,699.60,1,S,5,W
50,482.00,699.90,1,S,5,W
197,537.90,700.20,2,W,5,W
198,543.64,700.50,2,W,5,W
134,499.51,700.80,1,W,5,W
178,545.93,701.10,1,E,5,W
215,655.75,713.47,2,E,3,E
179,574.05,718.30,1,E,5,E
46,470.51,721.74,1,S,5,N
48,477.54,722.04,1,S,5,N
49,479.63,722.34,1,S,5,N
51,484.12,722.64,1,S,5,N
52,488.04,722.94,1,S,5,N
213,518.82,723.24,2,E,5,N
133,467.02,723.54,1,W,5,N
136,525.81,723.84,1,W,5,N
137,529.87,724.14,1,W,5,N
138,571.09,737.07,1,W,3,E
239,692.52,754.29,3,E,5,N
240,694.57,756.34,3,E,5,N
303,688.45,765.74,5,W,5,N
304,693.60,766.04,5,W,5,N
305,719.58,766.34,5,W,5,N
306,722.30,766.64,5,W,5,N
307,738.47,766.94,5,W,5,N
308,739.13,767.24,5,W,5,N
309,742.30,767.54,5,W,5,N
310,759.61,767.84,5,W,5,N
311,762.07,768.21,5,W,5,N
312,764.00,770.13,5,W,5,N
337,783.25,789.39,5,E,5,N
338,785.39,791.53,5,E,5,N
339,792.31,798.45,5,E,5,N
58,569.45,799.50,1,S,5,W
60,575.02,799.80,1,S,5,W
61,577.01,800.10,1,S,5,W
65,585.14,800.40,1,S,5,W
140,611.37,800.70,1,W,5,W
141,629.88,801.00,1,W,5,W
180,680.88,801.30,1,E,5,W
69,729.47,803.50,1,S,1,W
81,783.79,803.80,1,S,1,W
200,748.59,813.57,2,W,3,W
74,754.75,816.60,1,S,1,E
54,561.62,821.64,1,S,5,N
55,564.31,821.94,1,S,5,N
56,567.69,822.24,1,S,5,N
57,569.44,822.54,1,S,5,N
59,573.86,822.84,1,S,5,N
62,580.46,823.14,1,S,5,N
63,580.63,823.44,1,S,5,N
66,596.84,823.74,1,S,5,N
214,614.81,824.04,2,E,5,N
139,589.47,824.34,1,W,5,N
142,632.38,824.64,1,W,5,N
226,731.99,830.17,3,W,5,N
72,737.00,838.07,1,S,3,W
313,825.98,865.64,5,W,5,N
314,829.45,865.94,5,W,5,N
315,844.92,866.24,5,W,5,N
340,813.40,879.64,5,E,5,N
225,718.00,899.40,3,W,5,W
67,660.28,899.70,1,S,5,W
201,797.55,900.00,2,W,5,W
68,726.31,900.30,1,S,5,W
146,721.63,900.60,1,W,5,W
148,765.88,900.90,1,W,5,W
149,765.99,901.20,1,W,5,W
150,768.92,901.20,1,W,2,W
156,851.58,903.00,1,W,2,W
87,862.66,903.90,1,S,1,W
91,881.14,904.20,1,S,1,W
93,886.28,904.50,1,S,1,W
96,893.11,920.00,1,S,1,E
216,750.71,921.54,2,E,5,N
199,732.13,921.84,2,W,5,N
70,730.68,922.14,1,S,5,N
71,735.25,922.44,1,S,5,N
143,671.02,922.74,1,W,5,N
144,713.22,923.04,1,W,5,N
145,716.53,923.34,1,W,5,N
147,763.73,923.64,1,W,5,N
181,720.10,923.94,1,E,5,N
182,739.18,924.24,1,E,5,N
183,756.49,924.54,1,E,5,N
241,803.76,929.67,3,E,5,N
242,840.65,929.97,3,E,5,N
243,854.74,930.27,3,E,5,N
151,771.17,937.57,1,W,3,W
184,808.79,939.67,1,E,3,W
84,855.48,943.42,1,S,2,E
89,875.69,944.62,1,S,2,E
316,882.86,965.54,5,W,5,N
317,886.68,965.84,5,W,5,N
318,890.19,966.14,5,W,5,N
319,894.25,966.44,5,W,5,N
320,896.05,966.74,5,W,5,N
83,853.91,998.60,1,S,3,E
227,874.52,999.30,3,W,5,W
75,756.64,999.60,1,S,5,W
76,759.46,999.90,1,S,5,W
203,820.21,1000.20,2,W,5,W
155,813.39,1000.50,1,W,5,W
78,765.29,1015.90,1,S,5,E
185,819.12,1019.50,1,E,5,E
73,747.84,1021.44,1,S,5,N
77,763.38,1021.74,1,S,5,N
79,776.19,1022.34,1,S,5,N
80,777.00,1022.64,1,S,5,N
202,808.79,1022.94,2,W,5,N
217,849.69,1023.24,2,E,5,N
204,861.31,1023.54,2,W,5,N
205,876.80,1023.84,2,W,5,N
206,878.54,1024.14,2,W,5,N
152,774.18,1024.44,1,W,5,N
153,777.35,1024.74,1,W,5,N
154,779.91,1025.04,1,W,5,N
157,854.34,1025.34,1,W,5,N
186,848.05,1025.94,1,E,5,N
187,870.23,1026.24,1,E,5,N
86,860.23,1099.20,1,S,5,W
92,884.08,1099.50,1,S,5,W
94,891.51,1099.80,1,S,5,W
95,891.74,1100.10,1,S,5,W
160,875.22,1100.40,1,W,5,W
82,851.78,1121.34,1,S,5,N
85,857.68,1121.64,1,S,5,N
88,865.03,1121.94,1,S,5,N
90,877.15,1122.24,1,S,5,N
158,874.22,1122.54,1,W,5,N
159,874.90,1122.84,1,W,5,N