id,enter_time,exit_time,entrance_intersection,entrance_direction,exit_intersection,exit_direction
1,5.27,19.41,1,S,1,E
254,5.62,66.44,5,W,5,N
255,6.57,66.74,5,W,5,N
256,36.76,67.04,5,W,5,N
257,56.66,67.34,5,W,5,N
258,57.91,67.64,5,W,5,N
259,60.69,67.94,5,W,5,N
260,63.15,69.29,5,W,5,N
261,63.62,69.76,5,W,5,N
262,66.39,72.53,5,W,5,N
263,70.15,76.29,5,W,5,N
307,11.87,80.44,5,E,5,N
308,20.54,80.74,5,E,5,N
309,44.00,81.04,5,E,5,N
0,3.33,100.10,1,S,3,W
5,17.79,101.30,1,S,2,W
11,93.81,107.94,1,S,1,W
194,76.78,112.86,2,W,3,W
221,9.54,131.27,3,W,5,N
232,34.91,131.57,3,E,5,N
196,99.22,135.29,2,W,3,W
7,20.71,137.97,1,S,3,E
264,99.18,166.34,5,W,5,N
265,101.58,166.64,5,W,5,N
266,134.83,166.94,5,W,5,N
267,138.46,167.24,5,W,5,N
268,159.09,167.54,5,W,5,N
269,164.54,170.68,5,W,5,N
310,148.40,180.34,5,E,5,N
231,32.89,200.10,3,E,5,W
6,18.84,200.40,1,S,5,W
89,2.16,200.70,1,W,5,W
158,68.35,201.00,1,E,5,W
95,96.59,201.40,1,W,2,W
160,94.06,211.88,1,E,5,W
195,86.19,216.70,2,W,5,E
90,23.10,217.90,1,W,5,E
193,20.26,222.24,2,W,5,N
210,81.15,222.54,2,E,5,N
2,9.00,223.14,1,S,5,N
3,11.61,223.44,1,S,5,N
4,17.43,223.74,1,S,5,N
91,62.50,224.34,1,W,5,N
155,2.99,224.64,1,E,5,N
156,24.68,224.94,1,E,5,N
157,30.62,225.24,1,E,5,N
159,72.61,225.54,1,E,5,N
233,100.87,231.07,3,E,5,N
234,111.33,231.37,3,E,5,N
223,141.68,231.37,3,W,5,N
15,232.23,246.37,1,S,1,E
270,232.87,266.24,5,W,5,N
271,260.52,266.66,5,W,5,N
272,273.18,279.31,5,W,5,N
311,284.59,290.72,5,E,5,N
312,286.97,293.11,5,E,5,N
222,120.09,300.00,3,W,5,W
235,196.51,300.30,3,E,5,W
8,88.14,300.60,1,S,5,W
9,89.96,300.90,1,S,5,W
10,91.78,301.20,1,S,5,W
212,153.39,301.50,2,E,5,W
197,177.19,301.80,2,W,5,W
105,218.08,302.10,1,W,2,W
96,100.01,302.10,1,W,5,W
97,119.70,302.40,1,W,5,W
99,154.68,302.70,1,W,5,W
161,105.19,303.00,1,E,5,W
162,144.65,303.30,1,E,5,W
165,185.61,303.43,1,E,5,W
313,298.71,304.84,5,E,5,N
92,69.95,316.60,1,W,5,E
211,121.38,322.14,2,E,5,N
198,199.33,322.44,2,W,5,N
93,73.36,323.04,1,W,5,N
94,73.45,323.34,1,W,5,N
98,123.28,323.64,1,W,5,N
100,156.70,323.94,1,W,5,N
163,170.40,324.24,1,E,5,N
164,181.97,324.54,1,E,5,N
236,229.03,330.87,3,E,5,N
273,277.11,366.14,5,W,5,N
274,280.47,366.44,5,W,5,N
275,286.00,366.74,5,W,5,N
276,338.15,367.04,5,W,5,N
277,340.57,367.34,5,W,5,N
314,302.33,380.14,5,E,5,N
315,318.82,380.44,5,E,5,N
224,252.69,399.90,3,W,5,W
13,168.70,400.20,1,S,5,W
14,170.70,400.50,1,S,5,W
101,207.81,400.80,1,W,5,W
109,249.26,401.10,1,W,5,W
170,274.96,401.40,1,E,5,W
29,324.54,401.90,1,S,1,W
110,291.31,404.30,1,W,2,W
12,167.02,422.04,1,S,5,N
213,246.48,422.34,2,E,5,N
16,234.26,422.64,1,S,5,N
102,210.37,422.94,1,W,5,N
103,212.94,423.24,1,W,5,N
104,215.94,423.54,1,W,5,N
106,221.13,423.84,1,W,5,N
107,223.13,424.14,1,W,5,N
108,246.10,424.44,1,W,5,N
166,206.08,424.74,1,E,5,N
167,210.38,425.04,1,E,5,N
168,212.88,425.34,1,E,5,N
169,266.23,425.64,1,E,5,N
171,276.72,425.94,1,E,5,N
172,282.16,426.24,1,E,5,N
237,329.56,430.67,3,E,5,N
225,354.68,430.67,3,W,5,N
111,317.63,440.67,1,W,3,W
113,324.34,441.27,1,W,3,W
226,383.27,445.04,3,W,5,N
278,373.47,466.04,5,W,5,N
279,395.32,466.34,5,W,5,N
280,398.55,466.64,5,W,5,N
281,399.63,466.94,5,W,5,N
282,403.49,467.24,5,W,5,N
283,403.66,467.54,5,W,5,N
284,409.39,467.84,5,W,5,N
285,411.86,468.14,5,W,5,N
286,456.12,468.44,5,W,5,N
287,456.95,468.74,5,W,5,N
288,461.44,469.04,5,W,5,N
316,449.35,480.04,5,E,5,N
18,240.43,499.80,1,S,5,W
19,241.92,500.10,1,S,5,W
22,308.08,500.40,1,S,5,W
23,312.07,500.70,1,S,5,W
24,313.78,501.00,1,S,5,W
317,495.03,501.17,5,E,5,N
25,313.82,501.30,1,S,5,W
31,332.60,501.60,1,S,5,W
33,334.97,501.90,1,S,5,W
39,423.67,502.00,1,S,2,E
114,343.02,502.20,1,W,5,W
41,470.62,502.30,1,S,1,W
174,320.26,502.50,1,E,5,W
176,361.72,502.80,1,E,5,W
50,495.65,509.79,1,S,1,W
200,392.66,517.00,2,W,5,E
28,322.24,518.20,1,S,5,E
17,238.12,521.94,1,S,5,N
20,244.85,522.24,1,S,5,N
214,322.61,522.54,2,E,5,N
199,388.29,522.84,2,W,5,N
21,306.29,523.44,1,S,5,N
26,316.86,523.74,1,S,5,N
27,318.46,524.04,1,S,5,N
30,325.35,524.64,1,S,5,N
32,333.24,524.94,1,S,5,N
112,318.11,525.24,1,W,5,N
115,350.70,525.54,1,W,5,N
173,310.17,525.84,1,E,5,N
175,326.89,526.14,1,E,5,N
177,370.67,526.44,1,E,5,N
178,391.68,526.74,1,E,5,N
238,415.93,530.47,3,E,5,N
239,483.80,545.57,3,E,5,N
289,504.46,565.94,5,W,5,N
290,507.88,566.24,5,W,5,N
291,509.39,566.54,5,W,5,N
292,514.70,566.84,5,W,5,N
293,515.98,567.14,5,W,5,N
294,536.04,567.44,5,W,5,N
295,537.67,567.74,5,W,5,N
296,539.71,568.04,5,W,5,N
297,544.84,568.34,5,W,5,N
34,342.45,599.70,1,S,5,W
202,434.49,600.00,2,W,5,W
38,419.68,600.30,1,S,5,W
116,392.65,600.60,1,W,5,W
179,447.41,600.90,1,E,5,W
58,531.85,602.70,1,S,1,W
65,543.87,616.10,1,S,1,E
201,406.70,621.84,2,W,5,N
215,413.06,622.14,2,E,5,N
216,477.49,622.44,2,E,5,N
203,487.45,622.74,2,W,5,N
35,412.16,623.04,1,S,5,N
36,414.07,623.34,1,S,5,N
37,417.73,623.64,1,S,5,N
40,424.92,623.94,1,S,5,N
117,396.40,624.24,1,W,5,N
118,429.18,624.54,1,W,5,N
119,432.03,624.84,1,W,5,N
180,499.45,625.14,1,E,5,N
227,528.97,630.27,3,W,5,N
61,537.45,639.37,1,S,3,W
123,472.13,640.87,1,W,3,W
68,549.75,643.12,1,S,2,W
131,566.34,643.27,1,W,3,E
181,561.74,643.57,1,E,3,E
241,594.13,655.90,3,E,5,N
298,599.50,665.84,5,W,5,N
299,600.13,666.14,5,W,5,N
318,600.83,679.84,5,E,5,N
319,611.38,680.14,5,E,5,N
320,654.16,680.44,5,E,5,N
240,514.72,699.60,3,E,5,W
228,586.76,699.90,3,W,5,W
242,596.43,700.20,3,E,5,W
43,478.05,700.50,1,S,5,W
45,485.04,700.80,1,S,5,W
47,490.44,701.10,1,S,5,W
48,492.28,701.40,1,S,5,W
52,510.17,701.70,1,S,5,W
53,519.34,702.00,1,S,5,W
56,524.19,702.30,1,S,5,W
57,531.18,702.60,1,S,5,W
125,527.50,702.90,1,W,5,W
77,674.67,703.10,1,S,1,W
126,530.01,703.20,1,W,5,W
54,519.65,717.70,1,S,5,E
130,547.29,721.30,1,W,5,E
42,473.21,721.74,1,S,5,N
44,482.80,722.04,1,S,5,N
46,486.73,722.34,1,S,5,N
49,492.39,722.64,1,S,5,N
51,501.64,722.94,1,S,5,N
204,564.48,723.24,2,W,5,N
217,562.77,723.54,2,E,5,N
243,599.38,723.93,3,E,5,E
55,522.65,724.14,1,S,5,N
59,532.79,724.44,1,S,5,N
60,535.30,724.74,1,S,5,N
62,537.94,725.04,1,S,5,N
120,466.70,725.34,1,W,5,N
121,469.26,725.64,1,W,5,N
122,470.88,725.94,1,W,5,N
124,494.48,726.24,1,W,5,N
127,533.93,726.54,1,W,5,N
128,537.37,726.84,1,W,5,N
129,540.05,727.14,1,W,5,N
182,574.65,727.74,1,E,5,N
183,588.75,728.04,1,E,5,N
244,602.09,730.37,3,E,5,N
245,605.76,730.67,3,E,5,N
246,608.94,730.97,3,E,5,N
248,642.88,731.57,3,E,5,N
249,661.09,731.87,3,E,5,N
135,607.85,738.27,1,W,3,E
137,654.97,738.87,1,W,3,E
250,688.13,749.90,3,E,5,N
300,696.84,765.74,5,W,5,N
301,718.45,766.04,5,W,5,N
302,772.00,778.14,5,W,5,N
321,759.56,779.74,5,E,5,N
322,766.71,780.04,5,E,5,N
247,640.66,799.50,3,E,5,W
66,545.18,799.80,1,S,5,W
205,619.92,800.10,2,W,5,W
206,635.80,800.40,2,W,5,W
207,688.08,800.70,2,W,5,W
136,623.00,801.00,1,W,5,W
187,707.06,802.00,1,E,2,W
81,747.53,803.50,1,S,1,W
82,751.82,803.80,1,S,1,W
84,755.47,817.50,1,S,1,E
63,541.31,821.64,1,S,5,N
64,543.14,821.94,1,S,5,N
67,549.71,822.24,1,S,5,N
69,551.79,822.54,1,S,5,N
70,562.86,822.84,1,S,5,N
71,563.30,823.14,1,S,5,N
72,566.87,823.44,1,S,5,N
73,570.16,823.74,1,S,5,N
74,573.92,824.04,1,S,5,N
75,576.10,824.34,1,S,5,N
218,658.58,824.64,2,E,5,N
208,699.00,824.94,2,W,5,N
76,579.83,825.24,1,S,5,N
132,569.23,825.54,1,W,5,N
133,580.24,825.84,1,W,5,N
134,606.73,826.14,1,W,5,N
138,658.49,826.44,1,W,5,N
184,643.05,826.74,1,E,5,N
185,677.39,827.04,1,E,5,N
186,689.21,827.34,1,E,5,N
229,723.23,829.87,3,W,5,N
230,777.95,839.72,3,W,5,N
303,798.33,865.64,5,W,5,N
304,853.96,865.94,5,W,5,N
305,854.39,866.24,5,W,5,N
323,810.17,879.64,5,E,5,N
324,822.98,879.94,5,E,5,N
325,862.83,880.24,5,E,5,N
326,879.85,885.99,5,E,5,N
251,771.03,899.40,3,E,5,W
219,750.96,899.70,2,E,5,W
140,720.43,900.00,1,W,5,W
188,745.30,900.30,1,E,5,W
190,781.63,900.60,1,E,5,W
220,825.69,913.37,2,E,3,E
209,744.53,921.54,2,W,5,N
139,690.69,921.84,1,W,5,N
141,735.85,922.14,1,W,5,N
189,749.70,922.44,1,E,5,N
191,785.27,922.74,1,E,5,N
147,816.06,939.67,1,W,3,W
151,847.06,940.87,1,W,3,E
192,883.51,945.69,1,E,3,E
252,887.05,948.82,3,E,5,N
253,889.95,951.72,3,E,5,N
306,899.07,965.54,5,W,5,N
79,743.90,999.30,1,S,5,W
83,753.83,999.60,1,S,5,W
85,756.18,999.90,1,S,5,W
86,822.85,1000.20,1,S,5,W
87,823.57,1000.50,1,S,5,W
88,824.05,1000.80,1,S,5,W
142,778.50,1001.10,1,W,5,W
143,785.96,1001.40,1,W,5,W
148,818.17,1001.70,1,W,5,W
78,740.37,1021.44,1,S,5,N
80,746.46,1021.74,1,S,5,N
144,786.53,1022.04,1,W,5,N
145,811.04,1022.34,1,W,5,N
146,813.33,1022.64,1,W,5,N
149,822.65,1022.94,1,W,5,N
150,826.56,1023.24,1,W,5,N
152,883.32,1121.34,1,W,5,N
153,885.52,1121.64,1,W,5,N
154,887.79,1121.94,1,W,5,N