id,enter_time,exit_time,entrance_intersection,entrance_direction,exit_intersection,exit_direction
241,58.12,66.44,5,W,5,N
242,61.43,67.57,5,W,5,N
243,64.92,71.05,5,W,5,N
244,66.27,72.40,5,W,5,N
284,7.83,80.44,5,E,5,N
285,89.71,95.85,5,E,5,N
0,5.99,100.70,1,S,1,W
7,83.10,101.00,1,S,1,W
6,81.07,113.50,1,S,1,E
157,91.95,154.14,1,E,3,E
223,93.72,155.49,3,E,5,N
245,161.64,167.77,5,W,5,N
246,163.01,169.15,5,W,5,N
247,167.08,173.22,5,W,5,N
248,168.52,174.66,5,W,5,N
286,134.55,180.34,5,E,5,N
287,134.96,180.64,5,E,5,N
207,57.78,200.10,3,W,5,W
222,91.02,200.40,3,E,5,W
181,28.26,200.70,2,W,5,W
1,8.13,201.00,1,S,5,W
15,113.52,201.10,1,S,1,W
2,10.46,201.30,1,S,5,W
16,114.52,201.40,1,S,1,W
3,11.89,201.60,1,S,5,W
19,133.76,201.70,1,S,1,W
4,12.63,201.90,1,S,5,W
5,12.69,202.20,1,S,5,W
102,2.54,202.50,1,W,5,W
105,33.56,202.80,1,W,5,W
116,128.15,202.90,1,W,2,W
107,39.97,203.10,1,W,5,W
109,45.99,203.40,1,W,5,W
160,187.97,214.08,1,E,2,E
108,43.37,217.90,1,W,5,E
193,34.84,222.24,2,E,5,N
182,56.53,222.54,2,W,5,N
194,97.95,222.84,2,E,5,N
103,10.15,223.14,1,W,5,N
104,29.93,223.44,1,W,5,N
106,36.79,223.74,1,W,5,N
110,49.73,224.34,1,W,5,N
156,53.80,224.64,1,E,5,N
224,164.59,231.07,3,E,5,N
17,117.51,236.57,1,S,3,W
159,164.92,239.57,1,E,3,W
22,139.28,240.32,1,S,2,W
249,259.25,266.24,5,W,5,N
288,232.73,280.24,5,E,5,N
289,244.10,280.54,5,E,5,N
290,260.57,280.84,5,E,5,N
208,166.03,300.00,3,W,5,W
24,187.74,300.30,1,S,3,W
10,90.09,300.30,1,S,5,W
13,95.10,300.60,1,S,5,W
14,99.41,300.90,1,S,5,W
112,98.84,301.20,1,W,5,W
27,211.55,301.50,1,S,1,W
113,101.95,301.50,1,W,5,W
29,215.70,301.80,1,S,1,W
114,123.03,301.80,1,W,5,W
31,286.96,302.10,1,S,1,W
32,287.13,302.40,1,S,1,W
34,291.84,305.97,1,S,1,W
30,284.85,314.30,1,S,1,E
8,85.18,322.14,1,S,5,N
9,87.20,322.44,1,S,5,N
11,93.68,322.74,1,S,5,N
12,94.46,323.04,1,S,5,N
195,140.15,323.34,2,E,5,N
183,135.50,323.64,2,W,5,N
18,132.41,323.94,1,S,5,N
20,136.76,324.24,1,S,5,N
111,97.72,324.54,1,W,5,N
115,126.09,324.84,1,W,5,N
210,262.48,325.03,3,W,5,E
158,103.36,325.14,1,E,5,N
225,203.73,330.87,3,E,5,N
118,198.06,337.27,1,W,3,E
211,290.18,351.95,3,W,5,N
226,295.04,356.81,3,E,5,N
250,323.52,366.14,5,W,5,N
251,326.90,366.44,5,W,5,N
252,339.75,366.74,5,W,5,N
253,343.38,367.04,5,W,5,N
254,344.58,367.34,5,W,5,N
255,347.79,367.64,5,W,5,N
291,350.10,380.14,5,E,5,N
292,384.60,390.74,5,E,5,N
209,216.91,399.90,3,W,5,W
21,137.62,400.20,1,S,5,W
23,186.74,400.50,1,S,5,W
25,198.85,400.80,1,S,5,W
26,203.62,401.10,1,S,5,W
196,237.39,401.40,2,E,5,W
117,167.81,401.70,1,W,5,W
48,316.21,401.90,1,S,1,W
164,246.09,402.00,1,E,5,W
184,325.18,412.87,2,W,3,W
28,215.27,422.04,1,S,5,N
119,241.08,422.34,1,W,5,N
161,220.16,422.64,1,E,5,N
162,235.31,422.94,1,E,5,N
163,238.83,423.24,1,E,5,N
228,325.05,430.97,3,E,5,N
166,372.92,440.37,1,E,3,W
167,386.79,448.97,1,E,3,W
169,396.46,458.65,1,E,3,W
256,377.26,466.04,5,W,5,N
257,380.87,466.34,5,W,5,N
258,381.83,466.64,5,W,5,N
259,385.06,466.94,5,W,5,N
293,425.49,480.04,5,E,5,N
227,321.68,499.80,3,E,5,W
33,289.72,500.10,1,S,5,W
36,296.00,500.40,1,S,5,W
37,297.17,500.70,1,S,5,W
38,300.98,501.00,1,S,5,W
39,301.29,501.30,1,S,5,W
41,304.45,501.60,1,S,5,W
198,380.76,501.90,2,E,5,W
42,305.91,502.20,1,S,5,W
51,405.70,502.30,1,S,1,W
43,307.30,502.50,1,S,5,W
55,416.28,502.60,1,S,1,W
44,308.91,502.80,1,S,5,W
58,422.51,502.90,1,S,1,W
120,284.95,503.10,1,W,5,W
121,323.87,503.40,1,W,5,W
124,355.61,503.70,1,W,5,W
165,316.27,504.00,1,E,5,W
171,474.34,504.70,1,E,2,W
168,389.81,507.63,1,E,5,W
35,292.85,521.94,1,S,5,N
40,303.19,522.24,1,S,5,N
197,323.78,522.54,2,E,5,N
185,393.13,522.84,2,W,5,N
45,310.66,523.14,1,S,5,N
46,312.74,523.44,1,S,5,N
47,314.20,523.74,1,S,5,N
122,327.56,524.04,1,W,5,N
123,343.99,524.34,1,W,5,N
229,399.76,530.47,3,E,5,N
230,410.14,530.77,3,E,5,N
232,444.49,531.37,3,E,5,N
50,405.08,537.17,1,S,3,W
65,503.88,544.13,1,S,2,W
260,477.23,565.94,5,W,5,N
261,494.50,566.24,5,W,5,N
262,497.47,566.54,5,W,5,N
263,572.26,578.40,5,W,5,N
294,532.95,579.94,5,E,5,N
295,548.06,580.24,5,E,5,N
296,559.03,580.54,5,E,5,N
63,496.92,599.70,1,S,3,W
212,424.52,599.70,3,W,5,W
231,426.96,600.00,3,E,5,W
186,418.31,600.30,2,W,5,W
54,415.10,600.60,1,S,5,W
125,395.34,600.90,1,W,5,W
70,590.10,616.10,1,S,1,E
74,602.00,617.30,1,S,1,E
199,450.20,621.84,2,E,5,N
187,474.50,622.14,2,W,5,N
49,405.08,622.44,1,S,5,N
52,409.57,622.74,1,S,5,N
53,413.35,623.04,1,S,5,N
56,416.90,623.34,1,S,5,N
57,420.18,623.64,1,S,5,N
59,425.19,623.94,1,S,5,N
60,429.99,624.24,1,S,5,N
126,398.20,624.54,1,W,5,N
127,439.73,624.84,1,W,5,N
170,454.04,625.14,1,E,5,N
233,560.96,630.27,3,E,5,N
132,563.98,638.77,1,W,3,W
264,593.50,665.84,5,W,5,N
265,596.54,666.14,5,W,5,N
266,596.67,666.44,5,W,5,N
267,611.90,666.74,5,W,5,N
268,615.37,667.04,5,W,5,N
269,629.63,667.34,5,W,5,N
270,632.19,667.64,5,W,5,N
297,649.23,679.84,5,E,5,N
213,539.81,699.60,3,W,5,W
214,547.44,699.90,3,W,5,W
215,591.09,700.20,3,W,5,W
75,602.87,700.40,1,S,3,W
61,491.09,700.50,1,S,5,W
62,494.09,700.80,1,S,5,W
128,489.17,701.10,1,W,5,W
129,494.43,701.40,1,W,5,W
130,526.82,701.70,1,W,5,W
81,691.81,705.94,1,S,1,W
82,694.48,708.62,1,S,1,W
173,591.85,709.67,1,E,5,W
83,696.62,717.10,1,S,1,E
64,500.63,721.74,1,S,5,N
200,532.59,722.04,2,E,5,N
188,524.59,722.34,2,W,5,N
66,506.85,722.64,1,S,5,N
67,507.79,722.94,1,S,5,N
131,560.19,723.24,1,W,5,N
133,564.12,723.54,1,W,5,N
134,566.20,723.84,1,W,5,N
172,503.63,724.14,1,E,5,N
174,594.13,724.44,1,E,5,N
176,701.03,727.15,1,E,2,W
234,645.54,730.07,3,E,5,N
217,632.01,730.37,3,W,5,N
235,679.92,741.69,3,E,5,N
271,691.84,765.74,5,W,5,N
272,695.61,766.04,5,W,5,N
273,711.05,766.34,5,W,5,N
274,759.18,766.64,5,W,5,N
298,753.09,779.74,5,E,5,N
216,629.52,799.50,3,W,5,W
68,582.82,799.80,1,S,5,W
73,599.96,800.10,1,S,5,W
203,677.20,800.40,2,E,5,W
76,610.77,800.70,1,S,5,W
139,621.08,801.00,1,W,5,W
86,709.87,803.50,1,S,1,W
98,796.50,810.64,1,S,1,W
69,588.00,821.64,1,S,5,N
71,593.26,821.94,1,S,5,N
72,596.57,822.24,1,S,5,N
201,621.36,822.54,2,E,5,N
202,656.87,822.84,2,E,5,N
135,599.54,823.14,1,W,5,N
136,602.97,823.44,1,W,5,N
137,613.42,823.74,1,W,5,N
138,615.71,824.04,1,W,5,N
175,697.39,824.34,1,E,5,N
218,737.88,829.87,3,W,5,N
236,763.00,829.87,3,E,5,N
219,741.07,830.17,3,W,5,N
94,727.41,839.27,1,S,3,W
96,729.67,839.87,1,S,3,E
146,766.63,842.27,1,W,3,W
275,780.86,865.64,5,W,5,N
276,785.24,865.94,5,W,5,N
277,788.97,866.24,5,W,5,N
278,801.74,866.54,5,W,5,N
279,827.10,866.84,5,W,5,N
280,830.65,867.14,5,W,5,N
281,832.86,867.44,5,W,5,N
282,838.15,867.74,5,W,5,N
220,755.77,899.40,3,W,5,W
78,682.05,899.70,1,S,5,W
79,682.69,900.00,1,S,5,W
80,690.14,900.30,1,S,5,W
189,720.71,900.60,2,W,5,W
88,713.99,900.90,1,S,5,W
145,725.04,901.20,1,W,5,W
177,705.87,901.50,1,E,5,W
178,772.32,901.80,1,E,5,W
299,896.92,903.05,5,E,5,N
153,834.10,903.30,1,W,2,W
95,728.69,919.30,1,S,5,E
141,672.09,920.20,1,W,5,E
77,680.20,921.54,1,S,5,N
84,697.40,921.84,1,S,5,N
85,699.51,922.14,1,S,5,N
204,746.32,922.44,2,E,5,N
190,744.71,922.74,2,W,5,N
191,764.40,923.04,2,W,5,N
205,783.95,923.34,2,E,5,N
87,713.20,923.64,1,S,5,N
89,714.82,923.94,1,S,5,N
90,716.36,924.24,1,S,5,N
91,716.89,924.54,1,S,5,N
92,724.14,924.84,1,S,5,N
93,726.00,925.14,1,S,5,N
97,730.26,925.74,1,S,5,N
140,670.08,926.04,1,W,5,N
142,693.07,926.64,1,W,5,N
143,695.43,926.94,1,W,5,N
144,699.03,927.24,1,W,5,N
179,794.28,927.54,1,E,5,N
149,792.20,938.17,1,W,3,W
283,898.47,965.54,5,W,5,N
221,862.86,999.30,3,W,5,W
237,860.37,999.60,3,E,5,W
238,863.79,999.90,3,E,5,W
239,896.95,1000.20,3,E,5,W
99,797.57,1000.50,1,S,5,W
192,810.96,1000.80,2,W,5,W
101,809.65,1001.10,1,S,5,W
151,827.04,1001.40,1,W,5,W
180,857.99,1001.70,1,E,5,W
206,872.80,1015.60,2,E,5,E
152,833.43,1016.80,1,W,5,E
100,799.31,1021.44,1,S,5,N
147,782.80,1022.04,1,W,5,N
148,785.49,1022.34,1,W,5,N
150,811.85,1022.64,1,W,5,N
154,860.25,1023.24,1,W,5,N
240,899.44,1029.47,3,E,5,N
155,893.80,1121.34,1,W,5,N