id,enter_time,exit_time,entrance_intersection,entrance_direction,exit_intersection,exit_direction
209,0.72,66.44,5,W,5,N
210,16.19,66.74,5,W,5,N
211,21.40,67.04,5,W,5,N
212,53.65,67.34,5,W,5,N
213,57.52,67.64,5,W,5,N
214,59.39,67.94,5,W,5,N
268,93.06,99.20,5,E,5,N
2,9.45,100.70,1,S,2,W
269,96.63,102.77,5,E,5,N
270,97.05,103.19,5,E,5,N
64,52.19,137.97,1,W,3,W
181,87.53,149.30,3,W,5,N
128,92.92,155.11,1,E,3,E
215,74.72,166.34,5,W,5,N
216,75.77,166.64,5,W,5,N
217,107.59,166.94,5,W,5,N
218,111.36,167.24,5,W,5,N
219,116.86,167.54,5,W,5,N
220,135.00,167.84,5,W,5,N
221,138.81,168.14,5,W,5,N
222,141.06,168.44,5,W,5,N
223,141.14,168.74,5,W,5,N
224,143.70,169.04,5,W,5,N
225,146.68,169.34,5,W,5,N
226,149.97,169.64,5,W,5,N
227,155.72,169.94,5,W,5,N
228,157.28,170.24,5,W,5,N
229,162.21,170.54,5,W,5,N
230,163.76,170.84,5,W,5,N
271,184.05,190.18,5,E,5,N
179,7.53,200.10,3,W,5,W
180,35.73,200.40,3,W,5,W
0,3.39,200.70,1,S,5,W
61,45.56,201.00,1,W,5,W
3,102.72,201.10,1,S,1,W
65,63.03,201.30,1,W,5,W
126,29.82,201.60,1,E,5,W
131,154.80,202.60,1,E,2,W
10,196.54,210.67,1,S,1,W
167,95.76,216.10,2,E,5,E
1,5.51,216.40,1,S,5,E
62,48.97,222.84,1,W,5,N
63,49.12,223.14,1,W,5,N
127,50.67,223.44,1,E,5,N
193,110.94,231.07,3,E,5,N
194,114.10,231.37,3,E,5,N
4,104.55,236.57,1,S,3,W
130,144.97,238.37,1,E,3,W
8,191.22,240.32,1,S,2,W
11,201.07,241.32,1,S,2,W
182,187.62,249.39,3,W,5,N
231,242.58,266.24,5,W,5,N
232,258.82,266.54,5,W,5,N
272,290.53,296.67,5,E,5,N
7,188.74,299.70,1,S,3,W
156,166.54,300.00,2,W,5,W
5,106.71,300.30,1,S,5,W
129,128.80,300.60,1,E,5,W
13,263.70,301.50,1,S,1,W
66,92.12,316.60,1,W,5,E
168,126.11,322.14,2,E,5,N
6,109.36,322.44,1,S,5,N
67,124.23,323.04,1,W,5,N
195,209.68,330.87,3,E,5,N
196,223.34,331.17,3,E,5,N
68,169.77,336.67,1,W,3,W
183,287.78,349.55,3,W,5,N
233,274.26,366.14,5,W,5,N
234,288.57,366.44,5,W,5,N
235,291.09,366.74,5,W,5,N
236,325.70,367.04,5,W,5,N
237,332.29,367.34,5,W,5,N
238,334.15,367.64,5,W,5,N
239,337.11,367.94,5,W,5,N
9,194.59,399.90,1,S,5,W
69,172.34,400.20,1,W,5,W
72,231.88,400.50,1,W,5,W
73,239.29,400.80,1,W,5,W
76,246.70,401.10,1,W,5,W
132,214.19,401.40,1,E,5,W
20,392.88,407.02,1,S,1,W
71,228.77,416.80,1,W,5,E
169,215.14,422.04,2,E,5,N
157,214.22,422.34,2,W,5,N
70,187.30,422.64,1,W,5,N
74,242.28,423.24,1,W,5,N
75,243.70,423.54,1,W,5,N
77,249.73,423.84,1,W,5,N
78,253.41,424.14,1,W,5,N
133,215.87,424.44,1,E,5,N
197,310.04,430.67,3,E,5,N
240,392.86,466.04,5,W,5,N
241,395.37,466.34,5,W,5,N
242,444.19,466.64,5,W,5,N
273,425.72,480.04,5,E,5,N
274,437.72,480.34,5,E,5,N
275,441.22,480.64,5,E,5,N
16,385.03,499.30,1,S,3,W
12,263.05,499.80,1,S,5,W
84,344.51,500.10,1,W,5,W
85,364.14,500.40,1,W,5,W
134,335.70,500.70,1,E,5,W
135,341.59,501.00,1,E,5,W
136,362.31,501.30,1,E,5,W
137,374.33,501.60,1,E,5,W
23,406.65,502.30,1,S,1,W
25,409.77,502.60,1,S,1,W
88,380.43,502.60,1,W,2,W
28,417.07,502.90,1,S,1,W
33,488.32,503.20,1,S,1,W
139,430.86,504.70,1,E,2,E
34,491.24,516.00,1,S,1,E
170,307.16,516.10,2,E,5,E
80,328.63,517.60,1,W,5,E
14,264.97,521.94,1,S,5,N
158,381.00,522.54,2,W,5,N
159,393.73,522.84,2,W,5,N
15,326.23,523.14,1,S,5,N
79,305.12,523.44,1,W,5,N
81,332.02,524.04,1,W,5,N
82,339.20,524.34,1,W,5,N
83,342.17,524.64,1,W,5,N
198,413.12,530.47,3,E,5,N
89,399.81,538.97,1,W,3,E
243,473.44,565.94,5,W,5,N
244,477.09,566.24,5,W,5,N
245,507.96,566.54,5,W,5,N
246,560.01,566.84,5,W,5,N
247,560.14,567.14,5,W,5,N
276,582.69,588.82,5,E,5,N
30,484.45,599.10,1,S,3,W
138,394.97,599.70,1,E,5,W
184,401.54,600.00,3,W,5,W
18,387.50,600.30,1,S,5,W
22,398.59,600.60,1,S,5,W
160,405.99,600.90,2,W,5,W
27,416.03,601.20,1,S,5,W
140,438.57,601.50,1,E,5,W
40,570.83,602.70,1,S,1,W
35,557.01,615.50,1,S,1,E
21,395.41,616.30,1,S,5,E
161,415.86,617.20,2,W,5,E
29,418.92,618.40,1,S,5,E
93,441.59,620.20,1,W,5,E
17,385.99,621.84,1,S,5,N
19,392.57,622.14,1,S,5,N
171,403.19,622.74,2,E,5,N
172,462.89,623.04,2,E,5,N
162,465.78,623.64,2,W,5,N
24,407.65,623.94,1,S,5,N
26,415.24,624.24,1,S,5,N
86,367.66,624.84,1,W,5,N
87,374.36,625.14,1,W,5,N
90,402.75,625.44,1,W,5,N
91,434.27,625.74,1,W,5,N
92,438.07,626.04,1,W,5,N
94,443.49,626.64,1,W,5,N
199,515.06,630.27,3,E,5,N
248,576.13,665.84,5,W,5,N
249,611.79,666.14,5,W,5,N
250,625.79,666.44,5,W,5,N
251,626.50,666.74,5,W,5,N
252,654.99,667.04,5,W,5,N
253,655.46,667.34,5,W,5,N
254,659.10,667.64,5,W,5,N
277,630.84,679.84,5,E,5,N
278,638.52,680.14,5,E,5,N
185,513.93,699.60,3,W,5,W
31,485.65,699.90,1,S,5,W
173,504.72,700.20,2,E,5,W
95,474.75,700.50,1,W,5,W
44,642.13,703.10,1,S,1,W
96,517.63,716.20,1,W,5,E
32,486.34,721.74,1,S,5,N
174,599.67,722.04,2,E,5,N
97,519.94,722.64,1,W,5,N
98,522.31,722.94,1,W,5,N
99,564.60,723.24,1,W,5,N
141,535.79,723.54,1,E,5,N
201,629.86,724.23,3,E,5,E
186,628.12,730.07,3,W,5,N
200,612.79,730.07,3,E,5,N
187,632.69,730.37,3,W,5,N
188,667.59,730.67,3,W,5,N
48,717.74,731.88,1,S,1,E
189,673.97,735.74,3,W,5,N
255,673.78,765.74,5,W,5,N
256,676.85,766.04,5,W,5,N
257,697.87,766.34,5,W,5,N
258,701.34,766.64,5,W,5,N
259,761.31,767.45,5,W,5,N
260,761.73,767.87,5,W,5,N
279,730.22,779.74,5,E,5,N
37,562.04,799.50,1,S,5,W
39,568.09,799.80,1,S,5,W
41,574.98,800.10,1,S,5,W
100,568.06,800.40,1,W,5,W
102,601.43,800.70,1,W,5,W
104,642.06,801.00,1,W,5,W
105,660.06,801.30,1,W,5,W
106,661.85,801.60,1,W,5,W
142,627.05,801.90,1,E,5,W
49,798.04,812.18,1,S,1,W
145,641.90,818.80,1,E,5,E
36,560.25,821.64,1,S,5,N
38,564.39,821.94,1,S,5,N
42,577.48,822.24,1,S,5,N
163,649.36,822.54,2,W,5,N
164,676.10,822.84,2,W,5,N
175,687.29,823.14,2,E,5,N
43,638.38,823.44,1,S,5,N
101,599.12,823.74,1,W,5,N
103,607.04,824.04,1,W,5,N
143,627.56,824.34,1,E,5,N
144,637.03,824.64,1,E,5,N
146,663.61,825.24,1,E,5,N
147,674.55,825.54,1,E,5,N
202,728.41,829.87,3,E,5,N
203,741.29,830.17,3,E,5,N
204,743.44,830.47,3,E,5,N
205,746.52,830.77,3,E,5,N
110,692.24,838.07,1,W,3,W
111,711.92,838.37,1,W,3,W
149,715.36,839.87,1,E,3,W
152,750.10,840.77,1,E,3,W
261,781.95,865.64,5,W,5,N
262,803.58,865.94,5,W,5,N
263,808.56,866.24,5,W,5,N
264,838.33,866.54,5,W,5,N
265,839.08,866.84,5,W,5,N
266,843.17,867.14,5,W,5,N
267,843.93,867.44,5,W,5,N
280,816.02,879.64,5,E,5,N
281,820.50,879.94,5,E,5,N
50,801.18,898.50,1,S,3,E
190,713.93,899.40,3,W,5,W
45,643.13,899.70,1,S,5,W
176,771.51,900.00,2,E,5,W
108,683.13,900.30,1,W,5,W
112,745.72,900.60,1,W,5,W
117,795.36,903.00,1,W,2,W
51,804.74,903.90,1,S,1,W
55,812.70,904.20,1,S,1,W
122,823.72,904.50,1,W,2,W
60,888.02,904.50,1,S,1,W
178,858.02,913.67,2,E,3,E
57,883.04,916.70,1,S,1,E
46,646.26,921.54,1,S,5,N
47,650.42,921.84,1,S,5,N
165,734.33,922.14,2,W,5,N
107,679.39,922.44,1,W,5,N
109,684.74,922.74,1,W,5,N
113,748.96,923.04,1,W,5,N
114,756.01,923.34,1,W,5,N
148,706.03,923.64,1,E,5,N
150,735.99,923.94,1,E,5,N
151,747.91,924.24,1,E,5,N
153,761.28,924.54,1,E,5,N
206,859.59,929.67,3,E,5,N
191,815.44,929.67,3,W,5,N
208,865.82,930.27,3,E,5,N
207,862.14,999.30,3,E,5,W
192,867.14,999.60,3,W,5,W
52,805.90,999.90,1,S,5,W
116,792.31,1000.20,1,W,5,W
118,798.21,1000.50,1,W,5,W
121,805.70,1000.80,1,W,5,W
155,891.71,1018.60,1,E,5,E
177,808.11,1021.44,2,E,5,N
166,812.09,1021.74,2,W,5,N
53,807.10,1022.04,1,S,5,N
54,810.00,1022.34,1,S,5,N
56,813.27,1022.64,1,S,5,N
115,788.93,1022.94,1,W,5,N
119,801.37,1023.24,1,W,5,N
120,803.49,1023.54,1,W,5,N
123,840.29,1023.84,1,W,5,N
124,843.95,1024.14,1,W,5,N
154,885.76,1024.44,1,E,5,N
59,886.94,1099.20,1,S,5,W
58,884.19,1121.34,1,S,5,N
125,876.33,1121.64,1,W,5,N