id,enter_time,exit_time,entrance_intersection,entrance_direction,exit_intersection,exit_direction
225,33.61,66.44,5,W,5,N
226,35.83,66.74,5,W,5,N
227,40.05,67.04,5,W,5,N
228,44.85,67.34,5,W,5,N
229,72.05,78.19,5,W,5,N
0,2.04,100.70,1,S,1,W
2,5.66,101.00,1,S,1,W
11,89.63,115.30,1,S,1,E
207,12.40,131.27,3,E,5,N
6,74.94,139.92,1,S,2,W
208,93.09,154.86,3,E,5,N
230,76.51,166.34,5,W,5,N
231,78.64,166.64,5,W,5,N
232,100.01,166.94,5,W,5,N
233,144.73,167.24,5,W,5,N
234,147.22,167.54,5,W,5,N
235,147.57,167.84,5,W,5,N
236,151.16,168.14,5,W,5,N
237,153.45,168.44,5,W,5,N
238,159.44,168.74,5,W,5,N
239,161.93,169.04,5,W,5,N
240,162.55,169.34,5,W,5,N
241,162.87,169.64,5,W,5,N
301,103.14,180.34,5,E,5,N
165,13.69,200.10,2,W,5,W
183,55.75,200.40,2,E,5,W
3,12.73,200.70,1,S,5,W
65,43.48,201.00,1,W,5,W
14,157.18,201.10,1,S,1,W
132,14.79,201.30,1,E,5,W
135,68.37,201.60,1,E,5,W
72,159.42,202.30,1,W,2,W
12,154.14,213.90,1,S,1,E
166,39.92,216.10,2,W,5,E
4,14.25,217.00,1,S,5,E
133,26.08,217.30,1,E,5,E
167,94.54,222.54,2,W,5,N
1,4.71,222.84,1,S,5,N
134,62.47,223.74,1,E,5,N
136,74.31,224.04,1,E,5,N
209,158.67,231.07,3,E,5,N
196,146.00,231.07,3,W,5,N
210,161.67,231.37,3,E,5,N
17,163.17,241.22,1,S,2,W
242,178.73,266.24,5,W,5,N
243,240.66,266.54,5,W,5,N
244,243.88,266.84,5,W,5,N
245,247.75,267.14,5,W,5,N
246,250.92,267.44,5,W,5,N
247,272.25,278.38,5,W,5,N
302,239.20,280.24,5,E,5,N
211,176.80,300.00,3,E,5,W
7,80.93,300.30,1,S,5,W
185,199.36,300.60,2,E,5,W
67,97.32,300.90,1,W,5,W
68,100.93,301.20,1,W,5,W
140,233.21,304.80,1,E,2,W
29,254.94,315.50,1,S,1,E
73,162.68,319.60,1,W,5,E
5,71.65,322.14,1,S,5,N
8,83.27,322.44,1,S,5,N
9,86.07,322.74,1,S,5,N
10,87.42,323.04,1,S,5,N
168,121.50,323.34,2,W,5,N
184,114.10,323.64,2,E,5,N
169,148.53,323.94,2,W,5,N
170,172.95,324.24,2,W,5,N
66,82.31,324.54,1,W,5,N
69,140.48,324.84,1,W,5,N
70,154.49,325.14,1,W,5,N
71,157.18,325.44,1,W,5,N
137,177.42,326.04,1,E,5,N
197,255.08,330.87,3,W,5,N
212,241.33,330.87,3,E,5,N
139,226.52,340.57,1,E,3,W
248,274.77,366.14,5,W,5,N
249,277.57,366.44,5,W,5,N
250,277.74,366.74,5,W,5,N
251,279.89,367.04,5,W,5,N
252,283.24,367.34,5,W,5,N
253,283.28,367.64,5,W,5,N
254,286.39,367.94,5,W,5,N
255,307.38,368.24,5,W,5,N
256,308.35,368.54,5,W,5,N
257,311.28,368.84,5,W,5,N
258,314.03,369.14,5,W,5,N
259,328.38,369.44,5,W,5,N
260,328.87,369.74,5,W,5,N
261,333.50,370.04,5,W,5,N
262,336.58,370.34,5,W,5,N
263,342.23,370.64,5,W,5,N
264,342.87,370.94,5,W,5,N
265,359.72,371.24,5,W,5,N
266,360.91,371.54,5,W,5,N
303,385.29,391.43,5,E,5,N
213,272.50,399.90,3,E,5,W
198,298.70,400.20,3,W,5,W
19,164.70,400.50,1,S,5,W
171,226.70,400.80,2,W,5,W
186,296.65,401.10,2,E,5,W
20,229.50,401.40,1,S,5,W
21,230.53,401.70,1,S,5,W
31,319.87,401.90,1,S,1,W
23,236.65,402.00,1,S,5,W
41,351.95,402.20,1,S,1,W
74,170.02,402.30,1,W,5,W
43,356.33,402.50,1,S,1,W
75,178.02,402.60,1,W,5,W
80,224.98,402.90,1,W,5,W
93,361.10,405.50,1,W,2,W
24,237.57,418.00,1,S,5,E
13,154.22,422.04,1,S,5,N
15,159.05,422.34,1,S,5,N
16,160.52,422.64,1,S,5,N
18,163.98,422.94,1,S,5,N
172,271.71,423.24,2,W,5,N
173,292.71,423.54,2,W,5,N
22,236.16,423.84,1,S,5,N
76,180.69,424.44,1,W,5,N
77,212.52,424.74,1,W,5,N
78,214.62,425.04,1,W,5,N
79,218.44,425.34,1,W,5,N
138,212.71,425.64,1,E,5,N
141,271.61,425.94,1,E,5,N
86,298.80,439.47,1,W,3,W
90,351.87,440.67,1,W,3,E
214,387.77,449.54,3,E,5,N
267,376.67,466.04,5,W,5,N
268,378.74,466.34,5,W,5,N
269,380.83,466.64,5,W,5,N
270,394.54,466.94,5,W,5,N
271,438.66,467.24,5,W,5,N
272,441.63,467.54,5,W,5,N
273,460.94,467.84,5,W,5,N
304,422.58,480.04,5,E,5,N
305,428.61,480.34,5,E,5,N
306,474.02,480.64,5,E,5,N
307,483.08,489.22,5,E,5,N
308,488.80,494.94,5,E,5,N
199,338.45,499.80,3,W,5,W
25,241.36,500.10,1,S,5,W
27,248.55,500.40,1,S,5,W
28,251.97,500.70,1,S,5,W
174,321.34,501.00,2,W,5,W
34,334.66,501.30,1,S,5,W
81,271.96,501.60,1,W,5,W
82,274.18,501.90,1,W,5,W
92,358.27,502.20,1,W,5,W
44,453.64,502.30,1,S,1,W
142,339.24,502.50,1,E,5,W
187,343.75,516.40,2,E,5,E
188,364.09,517.00,2,E,5,E
26,243.05,521.94,1,S,5,N
30,255.45,522.24,1,S,5,N
175,364.56,522.84,2,W,5,N
32,328.26,523.44,1,S,5,N
33,331.05,523.74,1,S,5,N
35,335.56,524.04,1,S,5,N
83,291.64,524.34,1,W,5,N
84,293.15,524.64,1,W,5,N
85,295.25,524.94,1,W,5,N
87,301.89,525.24,1,W,5,N
88,302.38,525.54,1,W,5,N
89,349.05,525.84,1,W,5,N
91,355.11,526.14,1,W,5,N
143,355.34,526.44,1,E,5,N
144,392.20,526.74,1,E,5,N
215,427.03,530.47,3,E,5,N
200,446.68,530.47,3,W,5,N
216,430.77,530.77,3,E,5,N
99,424.34,538.37,1,W,3,E
274,482.90,565.94,5,W,5,N
275,487.50,566.24,5,W,5,N
276,508.87,566.54,5,W,5,N
277,512.99,566.84,5,W,5,N
278,543.13,567.14,5,W,5,N
279,545.02,567.44,5,W,5,N
280,548.44,567.74,5,W,5,N
309,542.93,579.94,5,E,5,N
310,557.36,580.24,5,E,5,N
217,434.61,599.70,3,E,5,W
37,341.17,600.00,1,S,5,W
40,349.10,600.30,1,S,5,W
94,392.06,600.60,1,W,5,W
95,395.28,600.90,1,W,5,W
97,411.82,601.20,1,W,5,W
98,413.86,601.50,1,W,5,W
102,449.05,601.80,1,W,5,W
145,427.21,602.10,1,E,5,W
147,457.70,602.40,1,E,5,W
101,430.52,618.40,1,W,5,E
36,339.56,621.84,1,S,5,N
38,342.49,622.14,1,S,5,N
39,348.37,622.44,1,S,5,N
42,355.09,622.74,1,S,5,N
176,433.82,623.04,2,W,5,N
189,435.05,623.34,2,E,5,N
177,436.97,623.64,2,W,5,N
96,397.97,623.94,1,W,5,N
218,501.53,624.13,3,E,5,E
100,427.42,624.24,1,W,5,N
146,435.13,624.84,1,E,5,N
148,459.99,625.14,1,E,5,N
201,564.51,630.27,3,W,5,N
219,503.92,630.57,3,E,5,N
150,551.94,639.67,1,E,3,W
221,580.74,642.51,3,E,5,N
203,596.70,658.47,3,W,5,N
281,603.10,665.84,5,W,5,N
282,606.64,666.14,5,W,5,N
283,609.88,666.44,5,W,5,N
311,606.01,679.84,5,E,5,N
312,608.78,680.14,5,E,5,N
313,619.36,680.44,5,E,5,N
314,622.54,680.74,5,E,5,N
315,673.70,681.04,5,E,5,N
316,682.52,688.66,5,E,5,N
202,574.71,699.60,3,W,5,W
220,576.92,699.90,3,E,5,W
190,533.66,700.20,2,E,5,W
179,567.39,700.50,2,W,5,W
105,479.89,700.80,1,W,5,W
107,533.84,701.10,1,W,5,W
109,552.42,701.40,1,W,5,W
110,554.53,701.70,1,W,5,W
112,578.34,701.90,1,W,2,W
48,629.47,703.10,1,S,1,W
151,590.91,708.74,1,E,5,W
52,699.99,716.20,1,S,1,E
178,504.70,721.74,2,W,5,N
103,473.05,722.04,1,W,5,N
104,476.25,722.34,1,W,5,N
106,482.05,722.64,1,W,5,N
108,541.70,722.94,1,W,5,N
149,522.86,723.24,1,E,5,N
153,600.62,724.58,1,E,5,N
222,678.50,734.13,3,E,5,E
284,682.28,765.74,5,W,5,N
285,684.90,766.04,5,W,5,N
286,687.36,766.34,5,W,5,N
287,689.62,766.64,5,W,5,N
288,692.81,766.94,5,W,5,N
289,697.16,767.24,5,W,5,N
290,698.53,767.54,5,W,5,N
291,701.69,767.84,5,W,5,N
292,729.78,768.14,5,W,5,N
293,748.07,768.44,5,W,5,N
317,787.31,793.45,5,E,5,N
152,597.58,799.50,1,E,5,W
204,601.69,799.80,3,W,5,W
45,546.72,800.10,1,S,5,W
191,613.68,800.40,2,E,5,W
192,667.23,800.70,2,E,5,W
117,647.84,801.00,1,W,5,W
53,705.47,801.10,1,S,2,W
55,778.84,803.50,1,S,1,W
318,798.26,804.39,5,E,5,N
49,629.57,816.10,1,S,5,E
54,767.09,816.30,1,S,1,E
56,781.04,816.60,1,S,1,E
115,640.86,817.60,1,W,5,E
46,552.72,821.64,1,S,5,N
47,564.72,821.94,1,S,5,N
50,630.37,822.54,1,S,5,N
111,575.22,822.84,1,W,5,N
113,604.78,823.14,1,W,5,N
114,637.43,823.44,1,W,5,N
116,647.84,824.04,1,W,5,N
118,652.87,824.34,1,W,5,N
154,612.53,824.64,1,E,5,N
155,651.59,824.94,1,E,5,N
156,655.37,825.24,1,E,5,N
205,749.06,829.87,3,W,5,N
122,763.36,838.37,1,W,3,W
157,716.81,838.67,1,E,3,W
223,776.93,838.70,3,E,5,N
158,726.79,838.97,1,E,3,W
159,769.51,839.27,1,E,3,W
294,809.72,865.64,5,W,5,N
295,830.12,865.94,5,W,5,N
296,848.51,866.24,5,W,5,N
297,850.98,866.54,5,W,5,N
298,852.24,866.84,5,W,5,N
299,857.54,867.14,5,W,5,N
300,860.71,867.44,5,W,5,N
319,809.24,879.64,5,E,5,N
320,818.98,879.94,5,E,5,N
321,825.79,880.24,5,E,5,N
322,842.35,880.54,5,E,5,N
323,881.31,887.45,5,E,5,N
119,669.14,899.40,1,W,5,W
60,866.46,903.90,1,S,1,W
62,869.91,904.20,1,S,1,W
180,767.00,916.00,2,W,5,E
194,787.77,916.30,2,E,5,E
51,697.12,921.54,1,S,5,N
193,704.28,921.84,2,E,5,N
120,720.97,922.74,1,W,5,N
121,760.47,923.04,1,W,5,N
123,770.39,937.27,1,W,3,W
64,875.18,943.42,1,S,2,W
63,871.30,998.60,1,S,3,W
224,854.44,999.30,3,E,5,W
206,887.27,999.60,3,W,5,W
57,782.55,999.90,1,S,5,W
181,819.95,1000.20,2,W,5,W
129,865.53,1000.50,1,W,5,W
58,784.97,1021.44,1,S,5,N
59,794.90,1021.74,1,S,5,N
182,865.10,1022.04,2,W,5,N
195,881.48,1022.34,2,E,5,N
124,809.15,1022.64,1,W,5,N
125,827.66,1022.94,1,W,5,N
126,828.56,1023.24,1,W,5,N
127,840.45,1023.54,1,W,5,N
128,859.41,1023.84,1,W,5,N
160,843.03,1024.14,1,E,5,N
161,879.26,1024.44,1,E,5,N
162,890.19,1024.74,1,E,5,N
163,893.53,1025.04,1,E,5,N
164,899.51,1025.34,1,E,5,N
61,869.77,1099.20,1,S,5,W
130,872.28,1099.50,1,W,5,W
131,876.14,1121.34,1,W,5,N