id,enter_time,exit_time,entrance_intersection,entrance_direction,exit_intersection,exit_direction
255,57.16,66.44,5,W,5,N
256,59.95,66.74,5,W,5,N
257,67.03,73.16,5,W,5,N
0,2.50,100.70,1,S,1,W
1,2.89,101.00,1,S,1,W
5,73.54,101.30,1,S,1,W
14,93.19,107.33,1,S,1,W
16,94.51,108.65,1,S,1,W
186,53.68,112.87,2,W,3,W
212,39.95,131.27,3,W,5,N
235,2.33,131.27,3,E,5,N
213,42.93,131.57,3,W,5,N
214,58.39,131.87,3,W,5,N
215,58.78,132.17,3,W,5,N
216,87.29,142.93,3,W,5,E
236,90.57,152.34,3,E,5,N
258,91.69,166.34,5,W,5,N
259,113.67,166.64,5,W,5,N
260,116.87,166.94,5,W,5,N
261,167.88,174.01,5,W,5,N
308,142.15,180.34,5,E,5,N
2,71.31,199.90,1,S,3,W
187,81.80,200.10,2,W,5,W
156,14.48,200.40,1,E,5,W
23,127.31,201.10,1,S,1,W
25,132.63,201.40,1,S,1,W
28,145.13,201.70,1,S,1,W
26,137.10,201.70,1,S,2,W
108,96.97,202.30,1,W,2,W
158,109.80,203.50,1,E,2,W
17,99.23,203.50,1,S,3,E
157,91.33,209.15,1,E,5,W
200,173.15,212.97,2,E,3,E
37,175.17,216.60,1,S,1,E
102,5.53,217.00,1,W,5,E
39,185.49,217.20,1,S,1,E
103,8.03,217.30,1,W,5,E
105,39.62,217.90,1,W,5,E
155,10.35,218.50,1,E,5,E
185,24.77,222.24,2,W,5,N
198,81.10,222.54,2,E,5,N
101,3.72,222.84,1,W,5,N
104,36.05,223.74,1,W,5,N
106,42.94,224.34,1,W,5,N
237,129.22,231.07,3,E,5,N
238,149.58,231.37,3,E,5,N
262,233.12,266.24,5,W,5,N
263,233.86,266.54,5,W,5,N
264,234.84,266.84,5,W,5,N
265,270.73,276.87,5,W,5,N
309,233.25,280.24,5,E,5,N
310,243.80,280.54,5,E,5,N
27,139.85,299.70,1,S,3,E
3,72.16,300.00,1,S,5,W
30,149.00,300.30,1,S,3,E
6,75.10,300.30,1,S,5,W
7,78.54,300.60,1,S,5,W
13,91.89,300.90,1,S,5,W
15,94.17,301.20,1,S,5,W
42,254.72,301.50,1,S,1,W
19,104.45,301.50,1,S,5,W
160,227.24,301.80,1,E,2,W
44,259.11,301.80,1,S,1,W
20,106.72,301.80,1,S,5,W
36,172.04,302.10,1,S,3,W
22,123.39,302.10,1,S,5,W
110,106.83,302.40,1,W,5,W
4,72.79,316.00,1,S,5,E
12,91.19,317.50,1,S,5,E
201,197.54,318.70,2,E,5,E
8,79.14,322.44,1,S,5,N
9,79.91,322.74,1,S,5,N
10,83.27,323.04,1,S,5,N
11,86.47,323.34,1,S,5,N
18,102.46,323.94,1,S,5,N
199,129.70,324.24,2,E,5,N
188,126.30,324.54,2,W,5,N
21,121.63,325.14,1,S,5,N
24,129.46,325.44,1,S,5,N
107,93.03,325.74,1,W,5,N
109,103.18,326.04,1,W,5,N
111,138.05,326.34,1,W,5,N
217,211.55,330.87,3,W,5,N
240,228.91,331.17,3,E,5,N
218,219.61,331.17,3,W,5,N
219,237.18,331.47,3,W,5,N
241,241.42,331.47,3,E,5,N
220,246.46,331.77,3,W,5,N
114,264.90,337.27,1,W,3,E
46,323.59,337.72,1,S,1,E
266,335.10,366.14,5,W,5,N
311,349.94,380.14,5,E,5,N
312,351.82,380.44,5,E,5,N
239,225.75,399.90,3,E,5,W
221,292.81,400.20,3,W,5,W
33,160.44,400.50,1,S,5,W
34,160.87,400.80,1,S,5,W
112,177.96,401.10,1,W,5,W
113,216.64,401.40,1,W,5,W
164,308.07,405.20,1,E,2,W
167,360.19,406.10,1,E,2,W
161,288.63,406.45,1,E,5,W
190,229.69,418.00,2,W,5,E
162,298.84,418.90,1,E,5,E
29,148.42,422.04,1,S,5,N
31,152.80,422.34,1,S,5,N
32,156.56,422.64,1,S,5,N
35,168.57,422.94,1,S,5,N
38,177.70,423.24,1,S,5,N
189,200.72,423.54,2,W,5,N
202,261.09,423.84,2,E,5,N
191,278.05,424.44,2,W,5,N
159,220.08,424.74,1,E,5,N
242,307.57,430.67,3,E,5,N
222,340.28,430.67,3,W,5,N
243,319.68,430.97,3,E,5,N
224,341.90,431.27,3,W,5,N
245,353.87,431.57,3,E,5,N
246,356.87,431.87,3,E,5,N
226,370.13,431.90,3,W,5,N
227,377.38,433.02,3,W,5,E
267,414.74,466.04,5,W,5,N
268,447.33,466.34,5,W,5,N
269,449.77,466.64,5,W,5,N
270,451.15,466.94,5,W,5,N
313,449.52,480.04,5,E,5,N
314,493.34,499.48,5,E,5,N
223,340.56,499.80,3,W,5,W
56,401.13,499.90,1,S,3,W
244,331.47,500.10,3,E,5,W
225,348.53,500.40,3,W,5,W
40,250.48,500.70,1,S,5,W
43,256.39,501.00,1,S,5,W
204,377.88,501.30,2,E,5,W
50,329.29,501.60,1,S,5,W
53,332.60,501.90,1,S,5,W
115,268.72,502.20,1,W,5,W
61,473.83,502.30,1,S,1,W
118,310.62,502.50,1,W,5,W
63,479.84,502.60,1,S,1,W
119,313.85,502.80,1,W,5,W
120,363.38,503.10,1,W,5,W
168,365.29,503.40,1,E,5,W
45,322.02,516.40,1,S,5,E
64,483.25,516.60,1,S,1,E
41,253.36,521.94,1,S,5,N
203,343.10,522.24,2,E,5,N
47,325.92,522.84,1,S,5,N
48,327.19,523.14,1,S,5,N
49,328.26,523.44,1,S,5,N
51,329.99,523.74,1,S,5,N
52,330.72,524.04,1,S,5,N
116,275.22,524.34,1,W,5,N
117,279.68,524.64,1,W,5,N
163,302.13,524.94,1,E,5,N
165,318.69,525.24,1,E,5,N
166,328.71,525.54,1,E,5,N
247,465.83,530.47,3,E,5,N
124,451.86,537.77,1,W,3,W
62,476.37,542.42,1,S,2,W
271,513.25,565.94,5,W,5,N
272,515.34,566.24,5,W,5,N
273,518.76,566.54,5,W,5,N
274,519.92,566.84,5,W,5,N
275,521.48,567.14,5,W,5,N
276,522.79,567.44,5,W,5,N
277,523.62,567.74,5,W,5,N
278,557.31,568.04,5,W,5,N
279,559.33,568.34,5,W,5,N
280,560.99,568.64,5,W,5,N
281,564.84,570.97,5,W,5,N
315,592.71,598.84,5,E,5,N
192,437.68,599.70,2,W,5,W
121,403.31,600.00,1,W,5,W
316,595.33,601.46,5,E,5,N
205,457.48,616.30,2,E,5,E
123,408.52,617.20,1,W,5,E
54,398.67,621.84,1,S,5,N
55,400.54,622.14,1,S,5,N
193,454.63,622.74,2,W,5,N
122,404.86,623.04,1,W,5,N
125,452.71,623.64,1,W,5,N
126,459.52,623.94,1,W,5,N
127,462.83,624.24,1,W,5,N
169,495.04,624.54,1,E,5,N
248,557.04,630.27,3,E,5,N
282,579.24,665.84,5,W,5,N
283,597.19,666.14,5,W,5,N
284,614.56,666.44,5,W,5,N
285,617.24,666.74,5,W,5,N
286,621.07,667.04,5,W,5,N
287,622.24,667.34,5,W,5,N
288,665.90,672.03,5,W,5,N
289,671.57,677.70,5,W,5,N
317,642.79,679.84,5,E,5,N
65,566.82,698.90,1,S,3,W
66,571.32,699.20,1,S,3,E
228,502.95,699.60,3,W,5,W
206,539.21,699.90,2,E,5,W
128,492.53,700.20,1,W,5,W
131,528.05,700.50,1,W,5,W
133,545.61,700.80,1,W,5,W
134,558.17,701.10,1,W,5,W
67,660.59,703.10,1,S,1,W
72,695.40,709.54,1,S,1,W
73,695.43,709.56,1,S,1,W
58,467.66,715.90,1,S,5,E
57,467.38,721.74,1,S,5,N
59,469.73,722.34,1,S,5,N
60,472.58,722.64,1,S,5,N
194,502.97,722.94,2,W,5,N
207,576.56,723.24,2,E,5,N
195,572.40,723.54,2,W,5,N
129,495.71,723.84,1,W,5,N
130,527.14,724.14,1,W,5,N
132,538.87,724.44,1,W,5,N
170,516.23,724.74,1,E,5,N
171,518.42,725.04,1,E,5,N
249,643.48,730.07,3,E,5,N
229,621.73,730.07,3,W,5,N
231,669.67,731.44,3,W,5,N
172,635.18,738.87,1,E,3,E
290,674.48,765.74,5,W,5,N
291,679.13,766.04,5,W,5,N
292,738.57,766.34,5,W,5,N
293,742.00,766.64,5,W,5,N
294,744.31,766.94,5,W,5,N
295,749.19,767.24,5,W,5,N
296,751.97,767.54,5,W,5,N
297,756.69,767.84,5,W,5,N
318,747.11,779.74,5,E,5,N
319,763.63,780.04,5,E,5,N
68,661.59,798.70,1,S,3,E
230,623.89,799.50,3,W,5,W
208,617.20,799.80,2,E,5,W
135,569.57,800.10,1,W,5,W
138,598.30,800.40,1,W,5,W
139,631.84,800.70,1,W,5,W
78,712.67,801.70,1,S,2,E
83,729.57,803.20,1,S,2,W
86,733.04,803.50,1,S,1,W
87,775.39,803.80,1,S,1,W
90,783.38,804.10,1,S,1,W
136,596.88,821.64,1,W,5,N
137,598.02,821.94,1,W,5,N
140,652.46,822.24,1,W,5,N
173,689.26,822.54,1,E,5,N
250,720.92,829.87,3,E,5,N
251,745.08,830.17,3,E,5,N
252,748.23,830.47,3,E,5,N
144,730.24,841.07,1,W,3,W
298,785.02,865.64,5,W,5,N
299,823.79,865.94,5,W,5,N
300,826.72,866.24,5,W,5,N
301,856.19,866.54,5,W,5,N
302,858.93,866.84,5,W,5,N
303,860.18,867.14,5,W,5,N
304,861.75,867.89,5,W,5,N
305,863.01,869.14,5,W,5,N
320,859.39,879.64,5,E,5,N
321,876.31,882.44,5,E,5,N
70,690.74,899.40,1,S,5,W
196,736.13,899.70,2,W,5,W
76,708.70,900.00,1,S,5,W
80,714.45,900.30,1,S,5,W
82,729.03,900.60,1,S,5,W
142,706.43,900.90,1,W,5,W
143,710.43,901.20,1,W,5,W
147,753.15,901.50,1,W,5,W
81,714.85,917.80,1,S,5,E
141,674.04,918.70,1,W,5,E
69,676.37,921.54,1,S,5,N
71,691.45,921.84,1,S,5,N
74,697.40,922.14,1,S,5,N
75,699.86,922.44,1,S,5,N
209,709.74,922.74,2,E,5,N
197,761.47,923.04,2,W,5,N
77,711.60,923.34,1,S,5,N
79,714.01,923.64,1,S,5,N
84,731.64,924.24,1,S,5,N
85,732.44,924.54,1,S,5,N
145,744.01,925.14,1,W,5,N
146,747.29,925.44,1,W,5,N
148,756.90,925.74,1,W,5,N
174,713.83,926.04,1,E,5,N
175,719.08,926.34,1,E,5,N
176,731.57,926.64,1,E,5,N
177,736.42,926.94,1,E,5,N
178,747.60,927.24,1,E,5,N
232,819.49,929.67,3,W,5,N
233,827.26,929.97,3,W,5,N
234,858.49,930.27,3,W,5,N
306,876.86,965.54,5,W,5,N
307,882.71,965.84,5,W,5,N
179,794.96,999.30,1,E,5,W
253,838.80,999.60,3,E,5,W
254,841.92,999.90,3,E,5,W
150,817.89,1000.20,1,W,5,W
182,836.16,1000.50,1,E,5,W
88,778.07,1015.30,1,S,5,E
210,801.83,1015.90,2,E,5,E
180,827.54,1017.70,1,E,5,E
183,846.96,1018.30,1,E,5,E
89,780.39,1021.74,1,S,5,N
211,891.37,1022.34,2,E,5,N
149,775.19,1022.64,1,W,5,N
151,819.09,1022.94,1,W,5,N
152,832.12,1023.24,1,W,5,N
153,867.00,1023.54,1,W,5,N
181,831.65,1024.14,1,E,5,N
184,867.68,1024.74,1,E,5,N
92,870.44,1099.20,1,S,5,W
94,874.10,1099.50,1,S,5,W
95,874.27,1099.80,1,S,5,W
96,876.94,1100.10,1,S,5,W
97,879.57,1100.40,1,S,5,W
99,886.81,1100.70,1,S,5,W
100,888.25,1101.00,1,S,5,W
91,863.60,1121.34,1,S,5,N
93,874.03,1121.64,1,S,5,N
98,885.38,1121.94,1,S,5,N
154,870.74,1122.24,1,W,5,N