id,enter_time,exit_time,entrance_intersection,entrance_direction,exit_intersection,exit_direction
2,3.83,44.09,1,S,2,W
225,4.22,66.44,5,W,5,N
226,4.65,66.74,5,W,5,N
227,4.96,67.04,5,W,5,N
228,18.20,67.34,5,W,5,N
301,9.47,80.44,5,E,5,N
302,12.74,80.74,5,E,5,N
13,45.85,100.70,1,S,1,W
18,56.58,101.00,1,S,1,W
16,51.81,114.70,1,S,1,E
206,21.59,131.27,3,E,5,N
207,49.04,131.57,3,E,5,N
208,53.02,131.87,3,E,5,N
209,55.40,132.17,3,E,5,N
210,69.29,132.47,3,E,5,N
78,4.13,139.17,1,W,3,E
81,51.88,140.07,1,W,3,W
140,69.42,141.57,1,E,3,W
20,136.74,150.88,1,S,1,E
229,74.97,166.34,5,W,5,N
230,78.25,166.64,5,W,5,N
231,105.09,166.94,5,W,5,N
232,108.37,167.24,5,W,5,N
233,113.01,167.54,5,W,5,N
234,129.37,167.84,5,W,5,N
235,130.87,168.14,5,W,5,N
236,134.30,168.44,5,W,5,N
237,137.44,168.74,5,W,5,N
238,148.38,169.04,5,W,5,N
239,151.35,169.34,5,W,5,N
240,153.92,169.64,5,W,5,N
241,156.48,169.94,5,W,5,N
242,159.55,170.24,5,W,5,N
243,160.46,170.54,5,W,5,N
244,162.77,170.84,5,W,5,N
245,168.44,174.58,5,W,5,N
303,107.85,180.34,5,E,5,N
0,0.01,200.10,1,S,5,W
1,1.00,200.40,1,S,5,W
184,80.64,200.70,2,E,5,W
15,48.07,200.80,1,S,3,W
7,17.17,201.00,1,S,5,W
23,152.01,201.10,1,S,1,W
79,7.90,201.30,1,W,5,W
82,55.45,201.60,1,W,5,W
84,58.72,201.90,1,W,5,W
143,168.68,204.10,1,E,2,W
6,14.80,217.00,1,S,5,E
80,21.53,218.50,1,W,5,E
3,8.45,222.24,1,S,5,N
4,11.01,222.54,1,S,5,N
5,14.15,222.84,1,S,5,N
8,31.77,223.44,1,S,5,N
9,32.86,223.74,1,S,5,N
10,34.94,224.04,1,S,5,N
77,2.85,224.34,1,W,5,N
83,58.47,224.94,1,W,5,N
139,59.04,225.24,1,E,5,N
196,102.93,231.07,3,W,5,N
197,116.02,231.37,3,W,5,N
94,158.34,239.27,1,W,3,W
246,185.28,266.24,5,W,5,N
247,198.33,266.54,5,W,5,N
248,200.83,266.84,5,W,5,N
249,211.19,267.14,5,W,5,N
250,213.00,267.44,5,W,5,N
251,217.08,267.74,5,W,5,N
252,220.43,268.04,5,W,5,N
253,226.41,268.34,5,W,5,N
304,253.27,280.24,5,E,5,N
21,139.75,299.70,1,S,3,W
211,142.91,300.00,3,E,5,W
17,55.02,300.30,1,S,5,W
171,177.67,300.60,2,W,5,W
26,223.66,300.90,1,S,2,W
86,96.12,300.90,1,W,5,W
87,121.58,301.20,1,W,5,W
29,234.52,301.50,1,S,2,E
24,218.83,301.50,1,S,1,W
89,126.30,301.50,1,W,5,W
28,231.50,301.80,1,S,1,W
90,127.66,301.80,1,W,5,W
96,203.82,302.10,1,W,2,W
91,129.93,302.10,1,W,5,W
92,132.62,302.40,1,W,5,W
141,122.82,302.70,1,E,5,W
144,189.80,307.63,1,E,5,W
31,296.65,310.79,1,S,1,W
172,203.62,312.77,2,W,3,E
173,224.14,313.07,2,W,3,W
11,37.39,322.14,1,S,5,N
12,38.39,322.44,1,S,5,N
14,48.01,322.74,1,S,5,N
19,63.14,323.04,1,S,5,N
170,168.63,323.34,2,W,5,N
185,160.73,323.64,2,E,5,N
186,181.23,323.94,2,E,5,N
85,89.25,324.24,1,W,5,N
88,124.31,324.54,1,W,5,N
93,140.07,324.84,1,W,5,N
142,151.13,325.14,1,E,5,N
198,251.36,330.87,3,W,5,N
97,206.41,338.47,1,W,3,E
148,295.62,357.81,1,E,3,W
254,284.05,366.14,5,W,5,N
255,287.02,366.44,5,W,5,N
256,303.72,366.74,5,W,5,N
257,321.76,367.04,5,W,5,N
258,324.09,367.34,5,W,5,N
259,345.20,367.64,5,W,5,N
260,361.06,367.94,5,W,5,N
261,361.13,368.24,5,W,5,N
262,366.38,372.51,5,W,5,N
263,368.77,374.91,5,W,5,N
305,305.89,380.14,5,E,5,N
306,308.50,380.44,5,E,5,N
307,309.45,380.74,5,E,5,N
308,365.04,381.04,5,E,5,N
212,211.14,399.90,3,E,5,W
199,255.62,400.20,3,W,5,W
174,279.50,400.50,2,W,5,W
98,250.37,400.80,1,W,5,W
146,266.00,401.10,1,E,5,W
32,298.01,401.90,1,S,1,W
103,347.95,401.90,1,W,2,W
22,144.83,422.04,1,S,5,N
187,273.83,422.34,2,E,5,N
25,221.20,422.64,1,S,5,N
27,226.33,422.94,1,S,5,N
95,198.15,423.24,1,W,5,N
145,227.59,423.54,1,E,5,N
147,279.94,423.84,1,E,5,N
200,376.42,438.19,3,W,5,N
105,357.06,438.57,1,W,3,E
264,428.41,466.04,5,W,5,N
265,432.50,466.34,5,W,5,N
266,461.19,467.33,5,W,5,N
309,468.65,480.04,5,E,5,N
213,319.47,499.80,3,E,5,W
30,295.47,500.10,1,S,5,W
175,300.66,500.40,2,W,5,W
188,365.35,500.70,2,E,5,W
150,375.17,501.00,1,E,5,W
111,378.16,501.40,1,W,2,E
113,444.31,502.00,1,W,2,W
99,266.99,521.94,1,W,5,N
100,272.31,522.24,1,W,5,N
101,272.94,522.54,1,W,5,N
102,312.90,522.84,1,W,5,N
104,349.89,523.14,1,W,5,N
106,360.63,523.44,1,W,5,N
107,364.11,523.74,1,W,5,N
108,365.19,524.04,1,W,5,N
149,343.27,524.34,1,E,5,N
201,404.23,530.47,3,W,5,N
267,516.92,565.94,5,W,5,N
268,519.52,566.24,5,W,5,N
269,519.64,566.54,5,W,5,N
270,520.82,566.84,5,W,5,N
271,538.69,567.14,5,W,5,N
272,543.17,567.44,5,W,5,N
273,557.37,567.74,5,W,5,N
310,522.51,579.94,5,E,5,N
311,528.80,580.24,5,E,5,N
312,535.93,580.54,5,E,5,N
313,537.64,580.84,5,E,5,N
214,427.67,599.70,3,E,5,W
33,394.90,600.00,1,S,5,W
34,397.21,600.30,1,S,5,W
189,459.23,600.60,2,E,5,W
112,414.80,600.90,1,W,5,W
151,472.09,601.20,1,E,5,W
40,592.18,606.32,1,S,1,W
42,599.57,616.40,1,S,1,E
176,461.29,621.84,2,W,5,N
109,367.78,622.14,1,W,5,N
110,371.50,622.44,1,W,5,N
114,447.96,622.74,1,W,5,N
215,512.89,630.27,3,E,5,N
202,539.84,630.27,3,W,5,N
216,516.74,630.57,3,E,5,N
218,565.37,631.17,3,E,5,N
44,601.43,643.12,1,S,2,W
274,577.86,665.84,5,W,5,N
275,581.38,666.14,5,W,5,N
276,581.48,666.44,5,W,5,N
277,603.18,666.74,5,W,5,N
278,618.72,667.04,5,W,5,N
279,622.20,667.34,5,W,5,N
280,637.66,667.64,5,W,5,N
281,640.04,667.94,5,W,5,N
282,642.16,668.24,5,W,5,N
314,625.92,679.84,5,E,5,N
315,636.80,680.14,5,E,5,N
316,652.73,680.44,5,E,5,N
217,543.16,699.60,3,E,5,W
190,544.69,699.90,2,E,5,W
177,538.24,700.20,2,W,5,W
115,498.80,700.50,1,W,5,W
152,508.04,700.80,1,E,5,W
155,519.02,701.10,1,E,5,W
49,613.15,701.90,1,S,2,W
51,618.70,703.10,1,S,1,W
35,480.35,715.60,1,S,5,E
57,642.32,716.20,1,S,1,E
36,483.11,722.04,1,S,5,N
37,484.82,722.34,1,S,5,N
116,543.48,722.64,1,W,5,N
117,547.08,722.94,1,W,5,N
153,512.54,723.24,1,E,5,N
154,516.10,723.54,1,E,5,N
156,528.80,723.84,1,E,5,N
157,598.88,724.14,1,E,5,N
220,691.39,753.16,3,E,5,N
283,675.08,765.74,5,W,5,N
284,689.39,766.04,5,W,5,N
285,689.49,766.34,5,W,5,N
286,723.48,766.64,5,W,5,N
287,739.16,766.94,5,W,5,N
288,753.25,767.24,5,W,5,N
289,753.77,767.54,5,W,5,N
290,757.18,767.84,5,W,5,N
291,758.51,768.14,5,W,5,N
317,787.56,793.70,5,E,5,N
219,653.37,799.50,3,E,5,W
60,648.91,799.60,1,S,3,E
203,651.35,799.80,3,W,5,W
43,601.34,800.10,1,S,5,W
178,693.56,800.40,2,W,5,W
47,607.87,800.70,1,S,5,W
52,622.95,801.00,1,S,5,W
121,676.12,801.10,1,W,2,W
119,594.35,801.30,1,W,5,W
159,637.17,801.60,1,E,5,W
126,734.20,802.60,1,W,2,W
62,744.38,803.50,1,S,1,W
64,757.07,803.80,1,S,1,W
66,762.80,804.10,1,S,1,W
160,640.53,819.70,1,E,5,E
38,545.52,821.64,1,S,5,N
39,589.05,821.94,1,S,5,N
41,595.80,822.24,1,S,5,N
45,604.53,822.54,1,S,5,N
191,635.87,822.84,2,E,5,N
46,606.92,823.14,1,S,5,N
48,611.61,823.44,1,S,5,N
50,616.29,823.74,1,S,5,N
53,633.48,824.04,1,S,5,N
54,638.09,824.34,1,S,5,N
55,638.24,824.64,1,S,5,N
118,574.53,824.94,1,W,5,N
120,637.74,825.24,1,W,5,N
158,633.18,825.54,1,E,5,N
161,661.97,826.14,1,E,5,N
162,683.60,826.44,1,E,5,N
205,776.83,832.47,3,W,5,E
204,773.40,835.17,3,W,5,N
129,745.25,839.57,1,W,3,W
292,802.10,865.64,5,W,5,N
293,804.93,865.94,5,W,5,N
294,808.55,866.24,5,W,5,N
295,814.16,866.54,5,W,5,N
296,814.17,866.84,5,W,5,N
297,819.94,867.14,5,W,5,N
298,822.31,867.44,5,W,5,N
299,826.16,867.74,5,W,5,N
318,827.46,879.64,5,E,5,N
319,877.83,883.96,5,E,5,N
56,641.79,899.40,1,S,5,W
58,644.09,899.70,1,S,5,W
59,645.71,900.00,1,S,5,W
183,788.01,900.30,2,W,5,W
130,747.26,900.60,1,W,5,W
131,751.23,900.90,1,W,5,W
166,841.85,903.60,1,E,2,W
68,858.79,903.90,1,S,1,W
73,867.99,904.20,1,S,1,W
75,879.68,904.50,1,S,1,W
179,717.66,915.70,2,W,5,E
61,650.90,921.54,1,S,5,N
192,728.61,922.14,2,E,5,N
180,720.63,922.44,2,W,5,N
193,758.70,922.74,2,E,5,N
181,749.53,923.04,2,W,5,N
182,778.63,923.34,2,W,5,N
122,681.97,923.64,1,W,5,N
123,710.37,923.94,1,W,5,N
124,712.15,924.24,1,W,5,N
125,715.27,924.54,1,W,5,N
127,737.81,924.84,1,W,5,N
128,741.65,925.14,1,W,5,N
163,797.91,925.44,1,E,5,N
221,809.19,929.67,3,E,5,N
222,820.50,929.97,3,E,5,N
223,833.24,930.27,3,E,5,N
224,836.91,930.57,3,E,5,N
136,853.12,938.47,1,W,3,E
167,845.78,939.97,1,E,3,E
71,863.44,943.42,1,S,2,W
300,876.58,965.54,5,W,5,N
63,754.39,999.30,1,S,5,W
67,765.88,999.60,1,S,5,W
133,797.70,999.90,1,W,5,W
134,801.32,1000.20,1,W,5,W
168,875.09,1000.50,1,E,5,W
164,801.88,1021.44,1,E,5,N
65,759.42,1021.74,1,S,5,N
194,824.60,1022.04,2,E,5,N
195,897.61,1022.34,2,E,5,N
132,779.96,1022.64,1,W,5,N
135,801.64,1022.94,1,W,5,N
137,860.11,1023.24,1,W,5,N
138,862.91,1023.54,1,W,5,N
165,838.33,1023.84,1,E,5,N
169,878.79,1024.14,1,E,5,N
69,858.83,1099.20,1,S,5,W
72,866.24,1099.50,1,S,5,W
70,859.96,1121.34,1,S,5,N
74,870.04,1121.64,1,S,5,N
76,880.57,1121.94,1,S,5,N