id,enter_time,exit_time,entrance_intersection,entrance_direction,exit_intersection,exit_direction
302,3.57,66.44,5,W,5,N
303,40.00,66.74,5,W,5,N
304,43.84,67.04,5,W,5,N
305,48.89,67.34,5,W,5,N
351,15.17,80.44,5,E,5,N
352,18.31,80.74,5,E,5,N
3,72.19,100.70,1,S,1,W
7,81.33,101.00,1,S,1,W
8,84.48,101.30,1,S,1,W
9,85.48,114.70,1,S,1,E
281,91.39,153.16,3,E,5,N
306,118.18,166.34,5,W,5,N
307,133.14,166.64,5,W,5,N
308,133.75,166.94,5,W,5,N
309,137.01,167.24,5,W,5,N
353,124.53,180.34,5,E,5,N
354,141.82,180.64,5,E,5,N
279,67.76,200.10,3,E,5,W
280,70.11,200.40,3,E,5,W
0,1.39,200.70,1,S,5,W
151,2.87,201.00,1,W,5,W
15,161.77,201.10,1,S,1,W
153,36.19,201.30,1,W,5,W
19,172.40,201.40,1,S,1,W
154,36.93,201.60,1,W,5,W
155,40.92,201.90,1,W,5,W
217,86.36,204.19,1,E,5,W
22,178.95,215.70,1,S,1,E
254,72.68,216.40,2,E,5,E
152,4.36,217.00,1,W,5,E
214,3.03,217.30,1,E,5,E
216,29.10,217.90,1,E,5,E
1,4.36,222.24,1,S,5,N
240,27.55,222.84,2,W,5,N
215,17.76,223.74,1,E,5,N
266,103.21,231.07,3,W,5,N
282,103.65,231.07,3,E,5,N
283,106.05,231.37,3,E,5,N
267,109.19,231.37,3,W,5,N
268,143.59,231.67,3,W,5,N
161,111.97,238.07,1,W,3,E
285,178.43,240.20,3,E,5,N
310,191.48,266.24,5,W,5,N
311,194.74,266.54,5,W,5,N
312,197.23,266.84,5,W,5,N
313,200.42,267.14,5,W,5,N
314,201.99,267.44,5,W,5,N
315,206.51,267.74,5,W,5,N
316,210.31,268.04,5,W,5,N
317,216.49,268.34,5,W,5,N
318,264.14,270.27,5,W,5,N
355,282.49,288.62,5,E,5,N
16,167.70,300.00,1,S,3,W
284,109.93,300.00,3,E,5,W
5,76.51,300.30,1,S,5,W
10,86.62,300.60,1,S,5,W
158,102.67,300.90,1,W,5,W
160,109.07,301.20,1,W,5,W
31,210.56,301.50,1,S,1,W
162,143.12,301.50,1,W,5,W
37,221.76,301.80,1,S,1,W
24,181.91,301.80,1,S,3,W
51,256.82,302.10,1,S,1,W
54,265.97,302.40,1,S,1,W
52,258.89,316.70,1,S,1,E
222,291.51,317.63,1,E,2,E
60,277.53,318.80,1,S,1,E
61,278.10,319.10,1,S,1,E
163,146.54,319.30,1,W,5,E
2,68.47,322.14,1,S,5,N
4,72.90,322.44,1,S,5,N
74,307.33,322.70,1,S,1,E
6,78.60,322.74,1,S,5,N
11,87.04,323.04,1,S,5,N
12,90.70,323.34,1,S,5,N
13,94.32,323.64,1,S,5,N
255,103.79,323.94,2,E,5,N
256,170.86,324.24,2,E,5,N
156,73.76,324.54,1,W,5,N
157,102.16,324.84,1,W,5,N
159,105.53,325.14,1,W,5,N
164,153.20,325.74,1,W,5,N
218,139.56,326.04,1,E,5,N
219,191.79,326.34,1,E,5,N
41,231.31,339.97,1,S,3,W
48,249.65,341.92,1,S,2,W
319,324.59,366.14,5,W,5,N
320,329.02,366.44,5,W,5,N
321,370.47,376.61,5,W,5,N
356,379.53,385.67,5,E,5,N
269,263.80,399.90,3,W,5,W
286,259.34,400.20,3,E,5,W
20,175.71,400.50,1,S,5,W
25,185.66,400.80,1,S,5,W
26,201.05,401.10,1,S,5,W
27,202.15,401.40,1,S,5,W
53,263.29,401.60,1,S,3,W
257,251.72,401.70,2,E,5,W
72,303.84,401.90,1,S,1,W
38,224.35,402.00,1,S,5,W
39,228.21,402.30,1,S,5,W
40,231.02,402.60,1,S,5,W
165,182.55,402.90,1,W,5,W
76,311.97,404.30,1,S,2,W
77,312.37,404.60,1,S,2,W
243,321.93,412.87,2,W,3,W
14,159.03,422.04,1,S,5,N
17,168.89,422.34,1,S,5,N
18,169.64,422.64,1,S,5,N
21,177.16,422.94,1,S,5,N
23,181.83,423.24,1,S,5,N
241,225.49,423.54,2,W,5,N
242,245.56,423.84,2,W,5,N
28,204.66,424.14,1,S,5,N
29,205.63,424.44,1,S,5,N
30,209.23,424.74,1,S,5,N
32,212.52,425.04,1,S,5,N
33,214.86,425.34,1,S,5,N
34,217.24,425.64,1,S,5,N
35,217.52,425.94,1,S,5,N
36,220.09,426.24,1,S,5,N
42,237.26,426.54,1,S,5,N
166,233.84,426.84,1,W,5,N
220,229.81,427.14,1,E,5,N
221,240.70,427.44,1,E,5,N
223,295.87,427.74,1,E,5,N
287,351.67,430.67,3,E,5,N
288,372.50,434.27,3,E,5,N
63,284.68,437.07,1,S,3,W
79,387.34,441.12,1,S,2,W
270,380.40,442.17,3,W,5,N
224,302.16,442.77,1,E,3,E
322,410.34,466.04,5,W,5,N
323,415.71,466.34,5,W,5,N
324,434.43,466.64,5,W,5,N
325,459.54,466.94,5,W,5,N
357,481.99,488.13,5,E,5,N
358,483.79,489.92,5,E,5,N
80,389.91,499.60,1,S,3,W
43,237.95,499.80,1,S,5,W
44,238.24,500.10,1,S,5,W
46,246.74,500.40,1,S,5,W
49,250.01,500.70,1,S,5,W
50,251.67,501.00,1,S,5,W
62,281.55,501.30,1,S,5,W
66,289.98,501.60,1,S,5,W
70,300.48,501.90,1,S,5,W
73,305.36,502.20,1,S,5,W
167,266.89,502.50,1,W,5,W
170,276.20,502.80,1,W,5,W
172,322.77,503.10,1,W,5,W
225,309.92,503.40,1,E,5,W
89,494.58,508.71,1,S,1,W
90,496.56,510.69,1,S,1,W
87,482.10,515.40,1,S,1,E
45,244.85,515.80,1,S,5,E
47,249.41,522.24,1,S,5,N
55,267.62,522.54,1,S,5,N
56,268.89,522.84,1,S,5,N
57,272.22,523.14,1,S,5,N
58,274.58,523.44,1,S,5,N
59,277.36,523.74,1,S,5,N
258,344.21,524.04,2,E,5,N
64,288.58,524.34,1,S,5,N
65,288.87,524.64,1,S,5,N
67,290.89,524.94,1,S,5,N
68,294.76,525.24,1,S,5,N
69,297.71,525.54,1,S,5,N
71,303.55,525.84,1,S,5,N
75,311.05,526.14,1,S,5,N
168,269.91,526.44,1,W,5,N
169,272.63,526.74,1,W,5,N
171,308.67,527.04,1,W,5,N
226,349.85,527.34,1,E,5,N
227,388.70,527.64,1,E,5,N
272,461.47,530.77,3,W,5,N
326,492.89,565.94,5,W,5,N
327,551.69,566.24,5,W,5,N
328,551.87,566.54,5,W,5,N
329,555.34,566.84,5,W,5,N
330,556.02,567.14,5,W,5,N
331,561.43,567.57,5,W,5,N
332,561.78,567.91,5,W,5,N
333,564.73,570.87,5,W,5,N
359,586.69,592.82,5,E,5,N
271,428.85,599.70,3,W,5,W
289,405.87,600.00,3,E,5,W
177,416.34,600.30,1,W,5,W
92,499.18,602.70,1,S,1,W
98,514.47,603.00,1,S,1,W
104,591.46,605.60,1,S,1,W
105,593.46,607.60,1,S,1,W
245,559.81,613.37,2,W,3,W
101,585.10,616.10,1,S,1,E
174,375.51,618.40,1,W,5,E
78,383.75,621.84,1,S,5,N
81,393.04,622.14,1,S,5,N
82,396.50,622.44,1,S,5,N
83,399.59,622.74,1,S,5,N
84,403.43,623.04,1,S,5,N
259,432.72,623.34,2,E,5,N
260,490.87,623.64,2,E,5,N
85,405.06,623.94,1,S,5,N
173,373.60,624.24,1,W,5,N
175,378.69,624.84,1,W,5,N
176,382.59,625.14,1,W,5,N
178,454.76,625.44,1,W,5,N
228,436.61,625.74,1,E,5,N
229,446.87,626.04,1,E,5,N
230,461.21,626.34,1,E,5,N
231,467.91,626.64,1,E,5,N
290,519.62,630.27,3,E,5,N
291,537.42,630.57,3,E,5,N
247,594.82,630.90,2,W,3,W
179,488.35,637.57,1,W,3,W
182,511.62,638.47,1,W,3,W
102,587.28,642.52,1,S,2,W
106,597.37,643.12,1,S,2,E
120,638.96,653.10,1,S,1,E
334,577.40,665.84,5,W,5,N
335,636.18,666.14,5,W,5,N
336,636.85,666.44,5,W,5,N
337,651.15,666.74,5,W,5,N
338,655.44,667.04,5,W,5,N
339,658.59,667.34,5,W,5,N
360,619.69,679.84,5,E,5,N
361,661.13,680.14,5,E,5,N
362,680.54,686.68,5,E,5,N
292,553.52,699.60,3,E,5,W
93,502.45,699.90,1,S,5,W
180,500.62,700.20,1,W,5,W
181,504.31,700.50,1,W,5,W
184,517.66,700.80,1,W,5,W
185,564.90,701.10,1,W,5,W
108,602.37,703.10,1,S,1,W
112,611.89,703.40,1,S,1,W
117,627.87,703.70,1,S,1,W
129,659.07,704.00,1,S,1,W
131,661.34,704.30,1,S,1,W
123,642.64,716.50,1,S,1,E
261,590.00,717.70,2,E,5,E
96,507.61,718.00,1,S,5,E
130,661.15,718.30,1,S,1,E
86,479.93,721.74,1,S,5,N
88,484.16,722.04,1,S,5,N
91,496.73,722.34,1,S,5,N
94,504.38,722.64,1,S,5,N
95,504.41,722.94,1,S,5,N
244,509.95,723.24,2,W,5,N
246,565.78,723.54,2,W,5,N
97,510.50,724.44,1,S,5,N
183,514.11,724.74,1,W,5,N
232,528.63,725.04,1,E,5,N
233,582.44,725.34,1,E,5,N
274,631.25,730.37,3,W,5,N
190,643.15,740.97,1,W,3,E
124,644.69,742.92,1,S,2,W
132,665.12,744.72,1,S,2,W
340,673.83,765.74,5,W,5,N
341,678.03,766.04,5,W,5,N
342,708.60,766.34,5,W,5,N
343,712.08,766.64,5,W,5,N
344,714.10,766.94,5,W,5,N
345,716.97,767.24,5,W,5,N
363,787.89,794.03,5,E,5,N
364,788.85,794.99,5,E,5,N
273,604.12,799.50,3,W,5,W
293,662.56,799.80,3,E,5,W
113,614.39,800.10,1,S,5,W
114,617.55,800.40,1,S,5,W
192,702.03,802.30,1,W,2,E
193,704.26,802.60,1,W,2,W
141,766.27,803.50,1,S,1,W
146,779.79,803.80,1,S,1,W
365,798.72,804.86,5,E,5,N
249,630.79,817.30,2,W,5,E
252,673.61,818.20,2,W,5,E
99,579.56,821.64,1,S,5,N
100,582.98,821.94,1,S,5,N
103,588.47,822.24,1,S,5,N
107,598.50,822.54,1,S,5,N
248,622.79,822.84,2,W,5,N
262,674.30,823.14,2,E,5,N
250,636.93,823.74,2,W,5,N
251,646.01,824.04,2,W,5,N
109,606.94,824.64,1,S,5,N
110,610.05,824.94,1,S,5,N
111,610.82,825.24,1,S,5,N
115,621.54,825.54,1,S,5,N
116,623.56,825.84,1,S,5,N
118,631.81,826.14,1,S,5,N
119,637.74,826.44,1,S,5,N
186,607.08,826.74,1,W,5,N
187,610.82,827.04,1,W,5,N
188,636.45,827.34,1,W,5,N
189,640.06,827.64,1,W,5,N
294,699.28,829.87,3,E,5,N
275,757.58,829.87,3,W,5,N
295,729.73,830.17,3,E,5,N
296,796.74,858.51,3,E,5,N
346,774.59,865.64,5,W,5,N
347,782.93,865.94,5,W,5,N
348,849.92,866.24,5,W,5,N
349,859.38,866.54,5,W,5,N
366,834.02,879.64,5,E,5,N
367,836.31,879.94,5,E,5,N
122,642.18,899.40,1,S,5,W
134,736.02,899.70,1,S,5,W
142,770.19,900.00,1,S,3,E
191,683.97,900.00,1,W,5,W
195,707.86,900.30,1,W,5,W
149,866.99,903.90,1,S,1,W
150,870.38,904.20,1,S,1,W
126,653.52,916.00,1,S,5,E
121,639.58,921.54,1,S,5,N
125,649.72,921.84,1,S,5,N
127,653.58,922.44,1,S,5,N
128,657.22,922.74,1,S,5,N
263,765.82,923.04,2,E,5,N
133,733.17,923.34,1,S,5,N
135,737.64,923.64,1,S,5,N
194,705.17,923.94,1,W,5,N
196,748.63,924.24,1,W,5,N
197,751.52,924.54,1,W,5,N
234,718.99,924.84,1,E,5,N
235,757.09,925.14,1,E,5,N
236,767.61,925.44,1,E,5,N
237,774.32,925.74,1,E,5,N
238,788.58,926.04,1,E,5,N
297,799.89,929.67,3,E,5,N
276,808.33,929.67,3,W,5,N
298,803.48,929.97,3,E,5,N
277,838.82,929.97,3,W,5,N
200,796.56,937.87,1,W,3,W
203,817.65,938.77,1,W,3,W
301,882.02,943.79,3,E,5,N
278,882.62,944.39,3,W,5,N
350,880.79,965.54,5,W,5,N
299,805.97,999.30,3,E,5,W
300,843.49,999.60,3,E,5,W
136,742.20,999.90,1,S,5,W
137,747.65,1000.20,1,S,5,W
139,753.32,1000.50,1,S,5,W
140,756.03,1000.80,1,S,5,W
147,781.65,1001.10,1,S,5,W
198,791.27,1001.40,1,W,5,W
201,800.09,1001.70,1,W,5,W
205,859.10,1002.00,1,W,5,W
206,859.58,1002.30,1,W,5,W
239,807.31,1002.60,1,E,5,W
138,749.39,1021.44,1,S,5,N
143,772.45,1021.74,1,S,5,N
144,773.11,1022.04,1,S,5,N
145,775.75,1022.34,1,S,5,N
264,811.03,1022.64,2,E,5,N
253,838.50,1022.94,2,W,5,N
265,834.96,1023.24,2,E,5,N
199,794.20,1023.54,1,W,5,N
202,814.13,1023.84,1,W,5,N
204,823.99,1024.14,1,W,5,N
208,890.94,1037.67,1,W,3,W
213,899.76,1099.20,1,W,5,W
148,856.11,1121.34,1,S,5,N
207,879.00,1121.64,1,W,5,N
209,891.20,1121.94,1,W,5,N
210,893.38,1122.24,1,W,5,N
211,895.61,1122.54,1,W,5,N
212,895.90,1122.84,1,W,5,N