id,enter_time,exit_time,entrance_intersection,entrance_direction,exit_intersection,exit_direction
230,3.52,66.44,5,W,5,N
231,3.98,66.74,5,W,5,N
232,9.09,67.04,5,W,5,N
233,9.98,67.34,5,W,5,N
234,12.46,67.64,5,W,5,N
235,12.50,67.94,5,W,5,N
236,46.33,68.24,5,W,5,N
297,29.98,80.44,5,E,5,N
298,30.18,80.74,5,E,5,N
299,51.10,81.04,5,E,5,N
1,6.77,100.70,1,S,1,W
86,39.50,102.20,1,W,2,W
191,32.80,131.27,3,W,5,N
204,77.18,132.82,3,E,5,E
7,74.59,140.22,1,S,2,W
11,94.74,141.42,1,S,2,W
237,85.61,166.34,5,W,5,N
238,87.76,166.64,5,W,5,N
239,108.85,166.94,5,W,5,N
240,112.73,167.24,5,W,5,N
241,114.61,167.54,5,W,5,N
242,168.03,174.16,5,W,5,N
300,109.21,180.34,5,E,5,N
301,113.31,180.64,5,E,5,N
192,77.13,200.10,3,W,5,W
205,80.37,200.40,3,E,5,W
0,3.82,200.70,1,S,5,W
4,15.00,201.00,1,S,5,W
84,5.09,201.30,1,W,5,W
12,94.88,201.40,1,S,3,W
171,20.85,222.24,2,W,5,N
181,87.05,222.54,2,E,5,N
2,10.26,222.84,1,S,5,N
3,10.48,223.14,1,S,5,N
83,3.08,223.44,1,W,5,N
85,5.98,223.74,1,W,5,N
87,60.69,224.04,1,W,5,N
135,48.83,224.34,1,E,5,N
206,149.26,231.07,3,E,5,N
193,117.18,231.07,3,W,5,N
14,178.13,240.02,1,S,2,W
208,179.11,240.88,3,E,5,N
210,185.76,247.53,3,E,5,N
243,173.93,266.24,5,W,5,N
244,176.20,266.54,5,W,5,N
245,179.43,266.84,5,W,5,N
246,183.37,267.14,5,W,5,N
247,248.88,267.44,5,W,5,N
302,249.60,280.24,5,E,5,N
303,249.83,280.54,5,E,5,N
194,143.77,300.00,3,W,5,W
207,175.64,300.30,3,E,5,W
209,183.07,300.60,3,E,5,W
5,70.18,300.90,1,S,5,W
136,107.07,301.20,1,E,5,W
15,270.06,301.50,1,S,1,W
16,271.03,301.80,1,S,1,W
6,73.66,322.14,1,S,5,N
8,84.67,322.44,1,S,5,N
9,88.42,322.74,1,S,5,N
10,92.91,323.04,1,S,5,N
13,99.28,323.34,1,S,5,N
182,175.05,323.64,2,E,5,N
88,79.29,323.94,1,W,5,N
89,96.25,324.24,1,W,5,N
90,129.16,324.54,1,W,5,N
91,162.31,324.84,1,W,5,N
137,112.49,325.14,1,E,5,N
138,120.16,325.44,1,E,5,N
139,151.51,325.74,1,E,5,N
140,154.65,326.04,1,E,5,N
195,290.07,351.84,3,W,5,N
248,289.74,366.14,5,W,5,N
249,292.45,366.44,5,W,5,N
250,293.80,366.74,5,W,5,N
251,294.55,367.04,5,W,5,N
252,300.15,367.34,5,W,5,N
253,302.56,367.64,5,W,5,N
254,305.88,367.94,5,W,5,N
255,307.00,368.24,5,W,5,N
256,311.61,368.54,5,W,5,N
257,314.05,368.84,5,W,5,N
258,316.71,369.14,5,W,5,N
259,322.08,369.44,5,W,5,N
260,322.94,369.74,5,W,5,N
261,354.75,370.04,5,W,5,N
262,370.24,376.38,5,W,5,N
263,371.41,377.55,5,W,5,N
264,371.68,377.82,5,W,5,N
304,299.76,380.14,5,E,5,N
211,224.29,399.90,3,E,5,W
183,269.91,400.20,2,E,5,W
92,195.62,400.50,1,W,5,W
94,251.48,400.80,1,W,5,W
141,204.67,401.10,1,E,5,W
144,292.59,417.70,1,E,5,E
172,200.89,422.04,2,W,5,N
173,223.02,422.34,2,W,5,N
93,230.87,422.64,1,W,5,N
95,253.73,422.94,1,W,5,N
142,232.42,423.24,1,E,5,N
143,287.57,423.54,1,E,5,N
145,297.09,424.14,1,E,5,N
196,342.20,430.67,3,W,5,N
213,318.22,430.97,3,E,5,N
197,358.55,430.97,3,W,5,N
97,314.84,437.07,1,W,3,E
27,430.36,444.50,1,S,1,E
215,395.03,456.80,3,E,5,N
265,375.15,466.04,5,W,5,N
266,378.35,466.34,5,W,5,N
267,382.78,466.64,5,W,5,N
268,388.15,466.94,5,W,5,N
269,470.45,476.58,5,W,5,N
305,407.37,480.04,5,E,5,N
306,435.52,480.34,5,E,5,N
307,439.40,480.64,5,E,5,N
212,314.82,499.80,3,E,5,W
21,360.11,499.90,1,S,3,E
214,320.51,500.10,3,E,5,W
17,272.11,500.40,1,S,5,W
18,279.39,500.70,1,S,5,W
26,428.48,500.80,1,S,2,E
101,358.12,501.00,1,W,5,W
102,373.65,501.10,1,W,2,E
146,380.73,501.30,1,E,5,W
28,434.99,502.30,1,S,1,W
29,446.25,502.60,1,S,1,W
33,463.83,502.90,1,S,1,W
150,431.73,502.90,1,E,2,W
38,484.04,503.20,1,S,1,W
40,488.51,503.50,1,S,1,W
184,352.67,515.80,2,E,5,E
100,327.82,517.30,1,W,5,E
174,375.56,522.24,2,W,5,N
96,294.94,522.54,1,W,5,N
98,318.26,522.84,1,W,5,N
99,324.71,523.14,1,W,5,N
217,432.39,524.63,3,E,5,E
198,417.51,530.47,3,W,5,N
216,407.76,530.47,3,E,5,N
218,434.52,531.07,3,E,5,N
153,454.45,539.87,1,E,3,W
270,474.24,565.94,5,W,5,N
271,489.29,566.24,5,W,5,N
272,502.50,566.54,5,W,5,N
273,554.96,566.84,5,W,5,N
274,558.21,567.14,5,W,5,N
275,559.29,567.44,5,W,5,N
276,561.87,568.00,5,W,5,N
277,565.39,571.53,5,W,5,N
308,539.97,579.94,5,E,5,N
309,550.34,580.24,5,E,5,N
310,550.46,580.54,5,E,5,N
147,396.74,599.70,1,E,5,W
23,360.75,600.00,1,S,5,W
24,362.52,600.30,1,S,5,W
175,442.75,600.60,2,W,5,W
185,418.33,600.90,2,E,5,W
103,418.50,601.20,1,W,5,W
105,440.78,601.50,1,W,5,W
50,598.07,612.21,1,S,1,W
20,357.26,616.00,1,S,5,E
48,591.54,616.70,1,S,1,E
152,454.07,618.40,1,E,5,E
19,353.90,621.84,1,S,5,N
22,360.26,622.44,1,S,5,N
25,362.96,622.74,1,S,5,N
186,479.56,623.04,2,E,5,N
104,422.12,623.34,1,W,5,N
148,408.24,623.64,1,E,5,N
149,411.58,623.94,1,E,5,N
151,434.03,624.24,1,E,5,N
154,473.91,624.84,1,E,5,N
155,475.06,625.14,1,E,5,N
156,482.90,625.44,1,E,5,N
157,488.04,625.74,1,E,5,N
219,525.08,630.27,3,E,5,N
220,542.25,630.57,3,E,5,N
108,530.67,637.57,1,W,3,W
278,579.56,665.84,5,W,5,N
279,581.73,666.14,5,W,5,N
280,586.73,666.44,5,W,5,N
281,591.07,666.74,5,W,5,N
311,599.87,679.84,5,E,5,N
199,562.41,699.60,3,W,5,W
221,561.15,699.90,3,E,5,W
31,453.32,700.20,1,S,5,W
32,454.89,700.50,1,S,5,W
39,484.86,700.80,1,S,5,W
107,505.77,701.10,1,W,5,W
53,664.77,703.10,1,S,1,W
56,671.57,703.40,1,S,1,W
57,673.20,703.70,1,S,1,W
52,664.67,716.20,1,S,1,E
58,674.57,717.10,1,S,1,E
30,447.75,721.74,1,S,5,N
34,472.42,722.04,1,S,5,N
35,475.39,722.34,1,S,5,N
36,477.97,722.64,1,S,5,N
37,481.49,722.94,1,S,5,N
41,489.77,723.24,1,S,5,N
42,489.78,723.54,1,S,5,N
43,490.82,723.84,1,S,5,N
187,573.39,724.14,2,E,5,N
106,467.63,724.44,1,W,5,N
158,545.50,724.74,1,E,5,N
159,579.89,725.04,1,E,5,N
110,574.09,737.37,1,W,3,E
222,677.16,738.93,3,E,5,N
282,685.81,765.74,5,W,5,N
283,753.05,766.04,5,W,5,N
284,753.72,766.34,5,W,5,N
285,758.43,766.64,5,W,5,N
286,761.75,767.89,5,W,5,N
312,732.55,779.74,5,E,5,N
313,736.42,780.04,5,E,5,N
314,739.28,780.34,5,E,5,N
315,750.82,780.64,5,E,5,N
316,772.85,780.94,5,E,5,N
160,594.87,799.50,1,E,5,W
46,587.94,799.80,1,S,5,W
47,591.00,800.10,1,S,5,W
49,594.39,800.40,1,S,5,W
113,608.85,800.70,1,W,5,W
114,609.27,801.00,1,W,5,W
116,643.30,801.30,1,W,5,W
118,647.40,801.60,1,W,5,W
162,626.72,801.90,1,E,5,W
163,661.89,802.20,1,E,5,W
45,585.41,815.80,1,S,5,E
117,645.80,817.90,1,W,5,E
71,784.78,819.00,1,S,1,E
44,582.46,821.64,1,S,5,N
176,621.26,822.24,2,W,5,N
188,671.72,822.54,2,E,5,N
109,570.52,822.84,1,W,5,N
111,588.62,823.14,1,W,5,N
112,591.39,823.44,1,W,5,N
115,611.99,823.74,1,W,5,N
161,626.17,824.34,1,E,5,N
164,667.65,824.64,1,E,5,N
223,705.52,829.87,3,E,5,N
200,708.88,829.87,3,W,5,N
224,707.69,830.17,3,E,5,N
225,719.82,830.47,3,E,5,N
226,733.56,830.77,3,E,5,N
227,735.68,831.07,3,E,5,N
120,676.91,837.47,1,W,3,E
287,789.79,865.64,5,W,5,N
288,790.34,865.94,5,W,5,N
289,791.90,866.24,5,W,5,N
290,793.91,866.54,5,W,5,N
291,806.09,866.84,5,W,5,N
292,818.92,867.14,5,W,5,N
293,821.17,867.44,5,W,5,N
294,841.18,867.74,5,W,5,N
295,843.34,868.04,5,W,5,N
317,823.03,879.64,5,E,5,N
318,827.77,879.94,5,E,5,N
319,876.77,882.91,5,E,5,N
320,887.52,893.66,5,E,5,N
59,677.24,899.40,1,S,5,W
60,680.62,899.70,1,S,5,W
61,690.19,900.00,1,S,5,W
177,775.27,900.30,2,W,5,W
69,779.57,900.60,1,S,3,W
119,672.93,900.60,1,W,5,W
124,746.67,900.90,1,W,5,W
125,752.40,901.20,1,W,5,W
166,711.15,901.50,1,E,5,W
73,862.86,903.90,1,S,1,W
51,664.59,921.54,1,S,5,N
54,665.24,921.84,1,S,5,N
55,668.56,922.14,1,S,5,N
189,758.70,922.44,2,E,5,N
121,679.42,922.74,1,W,5,N
122,712.91,923.04,1,W,5,N
123,715.92,923.34,1,W,5,N
201,811.63,923.53,3,W,5,E
165,706.28,923.64,1,E,5,N
167,783.61,923.94,1,E,5,N
168,789.46,924.24,1,E,5,N
202,821.28,929.97,3,W,5,N
80,891.03,944.92,1,S,2,W
296,893.66,965.54,5,W,5,N
75,867.63,998.90,1,S,3,W
228,825.14,999.30,3,E,5,W
229,828.35,999.60,3,E,5,W
203,827.65,999.90,3,W,5,W
64,766.90,1000.20,1,S,5,W
81,893.36,1000.40,1,S,3,W
65,767.99,1000.50,1,S,5,W
82,897.31,1000.70,1,S,3,W
190,838.08,1000.80,2,E,5,W
178,816.59,1001.10,2,W,5,W
179,842.39,1001.40,2,W,5,W
128,809.29,1001.70,1,W,5,W
131,834.37,1002.00,1,W,5,W
132,837.23,1002.30,1,W,5,W
169,811.18,1002.60,1,E,5,W
68,778.89,1016.50,1,S,5,E
62,750.26,1021.44,1,S,5,N
63,755.16,1021.74,1,S,5,N
66,771.68,1022.04,1,S,5,N
67,777.36,1022.34,1,S,5,N
70,782.25,1022.94,1,S,5,N
180,848.02,1023.24,2,W,5,N
126,786.23,1023.54,1,W,5,N
127,804.83,1023.84,1,W,5,N
129,811.14,1024.14,1,W,5,N
130,829.92,1024.44,1,W,5,N
170,840.83,1024.74,1,E,5,N
74,865.47,1099.20,1,S,5,W
77,882.30,1099.50,1,S,5,W
78,887.11,1099.80,1,S,5,W
72,859.06,1121.34,1,S,5,N
76,877.29,1121.64,1,S,5,N
79,888.89,1121.94,1,S,5,N
133,868.29,1122.24,1,W,5,N
134,871.36,1122.54,1,W,5,N