id,enter_time,exit_time,entrance_intersection,entrance_direction,exit_intersection,exit_direction
228,3.22,66.44,5,W,5,N
229,5.78,66.74,5,W,5,N
230,19.92,67.04,5,W,5,N
231,23.53,67.34,5,W,5,N
276,9.62,80.44,5,E,5,N
277,60.14,80.74,5,E,5,N
278,77.40,83.54,5,E,5,N
279,84.85,90.98,5,E,5,N
2,7.49,100.70,1,S,1,W
6,26.30,101.00,1,S,1,W
10,33.72,101.30,1,S,1,W
12,37.05,101.60,1,S,1,W
150,32.80,104.90,1,E,2,W
200,5.30,125.13,3,W,5,E
21,112.94,127.07,1,S,1,E
201,64.38,131.57,3,W,5,N
95,32.18,138.87,1,W,3,E
96,53.15,139.17,1,W,3,W
209,89.96,151.73,3,E,5,N
211,96.89,158.66,3,E,5,N
232,96.58,166.34,5,W,5,N
233,98.88,166.64,5,W,5,N
234,100.72,166.94,5,W,5,N
235,169.03,175.16,5,W,5,N
280,129.04,180.34,5,E,5,N
281,139.90,180.64,5,E,5,N
282,150.72,180.94,5,E,5,N
283,152.74,181.24,5,E,5,N
284,152.76,181.54,5,E,5,N
285,154.02,181.84,5,E,5,N
286,169.65,182.14,5,E,5,N
287,180.72,186.85,5,E,5,N
210,93.18,200.10,3,E,5,W
0,3.01,200.40,1,S,5,W
189,87.47,200.70,2,E,5,W
176,99.06,201.00,2,W,5,W
19,105.57,201.10,1,S,1,W
98,57.15,201.30,1,W,5,W
24,123.25,201.40,1,S,1,W
27,127.53,201.70,1,S,1,W
7,27.50,217.60,1,S,5,E
149,11.45,220.00,1,E,5,E
1,4.22,222.24,1,S,5,N
175,73.01,222.54,2,W,5,N
3,9.55,222.84,1,S,5,N
4,13.11,223.14,1,S,5,N
5,16.14,223.44,1,S,5,N
8,29.59,224.04,1,S,5,N
9,31.05,224.34,1,S,5,N
11,35.12,224.64,1,S,5,N
94,31.72,224.94,1,W,5,N
97,56.79,225.24,1,W,5,N
99,57.59,225.54,1,W,5,N
100,64.16,225.84,1,W,5,N
213,164.21,231.37,3,E,5,N
102,107.08,238.67,1,W,3,E
236,243.54,266.24,5,W,5,N
237,246.35,266.54,5,W,5,N
238,251.21,266.84,5,W,5,N
239,271.15,277.29,5,W,5,N
288,235.69,280.24,5,E,5,N
289,238.88,280.54,5,E,5,N
212,161.86,300.00,3,E,5,W
202,176.57,300.30,3,W,5,W
14,41.35,300.60,1,S,5,W
177,126.14,300.90,2,W,5,W
178,193.79,301.20,2,W,5,W
31,284.05,301.50,1,S,1,W
20,107.34,301.50,1,S,5,W
25,124.98,301.80,1,S,5,W
26,125.94,302.10,1,S,5,W
35,294.96,309.09,1,S,1,W
191,266.83,312.77,2,E,3,W
18,105.24,317.50,1,S,5,E
153,187.01,319.90,1,E,5,E
13,39.63,322.14,1,S,5,N
15,101.94,322.44,1,S,5,N
16,101.99,322.74,1,S,5,N
17,103.46,323.04,1,S,5,N
190,177.77,323.34,2,E,5,N
22,115.93,323.94,1,S,5,N
23,119.35,324.24,1,S,5,N
101,67.77,324.54,1,W,5,N
103,109.30,324.84,1,W,5,N
104,148.74,325.14,1,W,5,N
151,121.90,325.44,1,E,5,N
152,175.47,325.74,1,E,5,N
28,218.60,336.67,1,S,3,E
156,242.86,339.67,1,E,3,E
34,291.58,341.02,1,S,2,W
240,274.73,366.14,5,W,5,N
241,289.53,366.44,5,W,5,N
242,304.41,366.74,5,W,5,N
243,306.44,367.04,5,W,5,N
244,327.08,367.34,5,W,5,N
245,329.22,367.64,5,W,5,N
246,330.20,367.94,5,W,5,N
247,340.47,368.24,5,W,5,N
290,340.40,380.14,5,E,5,N
214,260.97,399.90,3,E,5,W
215,277.08,400.20,3,E,5,W
216,279.91,400.50,3,E,5,W
30,222.71,400.80,1,S,5,W
106,195.52,401.10,1,W,5,W
154,226.95,401.40,1,E,5,W
155,238.89,401.70,1,E,5,W
38,372.43,401.90,1,S,1,W
105,188.44,417.40,1,W,5,E
179,214.48,422.04,2,W,5,N
180,271.00,422.34,2,W,5,N
181,294.73,422.64,2,W,5,N
182,297.56,422.94,2,W,5,N
29,219.06,423.24,1,S,5,N
107,198.36,423.84,1,W,5,N
108,248.56,424.14,1,W,5,N
109,259.03,424.44,1,W,5,N
157,264.43,424.74,1,E,5,N
203,325.37,430.67,3,W,5,N
217,397.73,459.50,3,E,5,N
248,420.07,466.04,5,W,5,N
249,470.89,477.03,5,W,5,N
291,449.01,480.04,5,E,5,N
183,371.14,499.80,2,W,5,W
115,362.97,500.10,1,W,5,W
116,365.62,500.40,1,W,5,W
46,463.31,502.30,1,S,1,W
162,476.90,503.50,1,E,2,W
158,393.99,511.81,1,E,5,W
184,440.69,512.97,2,W,3,W
41,455.13,515.40,1,S,1,E
110,266.52,517.00,1,W,5,E
111,269.32,517.30,1,W,5,E
114,315.85,518.20,1,W,5,E
32,287.27,521.94,1,S,5,N
33,290.49,522.24,1,S,5,N
36,296.47,522.54,1,S,5,N
192,325.71,522.84,2,E,5,N
112,269.93,523.74,1,W,5,N
113,312.07,524.04,1,W,5,N
121,454.01,538.07,1,W,3,W
160,454.95,538.97,1,E,3,E
42,455.91,541.82,1,S,2,W
250,484.31,565.94,5,W,5,N
251,486.65,566.24,5,W,5,N
252,500.77,566.54,5,W,5,N
253,503.63,566.84,5,W,5,N
254,505.50,567.14,5,W,5,N
255,507.41,567.44,5,W,5,N
256,510.69,567.74,5,W,5,N
44,460.10,599.70,1,S,3,W
204,447.79,599.70,3,W,5,W
39,379.46,600.00,1,S,5,W
117,414.49,600.30,1,W,5,W
118,443.39,600.60,1,W,5,W
120,450.12,600.90,1,W,5,W
292,594.98,601.12,5,E,5,N
122,456.13,601.20,1,W,5,W
47,521.62,602.70,1,S,1,W
50,587.78,603.00,1,S,1,W
52,590.21,604.35,1,S,1,W
293,598.71,604.85,5,E,5,N
37,370.01,615.70,1,S,5,E
193,421.71,622.14,2,E,5,N
119,446.53,622.44,1,W,5,N
159,433.08,622.74,1,E,5,N
161,459.67,623.04,1,E,5,N
218,501.02,624.13,3,E,5,E
220,506.78,630.87,3,E,5,N
221,509.12,631.17,3,E,5,N
49,587.47,641.62,1,S,2,W
257,578.43,665.84,5,W,5,N
258,628.46,666.14,5,W,5,N
259,643.05,666.44,5,W,5,N
260,643.40,666.74,5,W,5,N
219,504.11,699.60,3,E,5,W
205,576.36,699.90,3,W,5,W
40,452.37,700.20,1,S,5,W
194,504.74,700.50,2,E,5,W
48,522.15,700.80,1,S,5,W
124,486.57,701.10,1,W,5,W
125,488.13,701.40,1,W,5,W
163,505.73,701.70,1,E,5,W
58,660.57,703.10,1,S,1,W
169,690.94,717.06,1,E,2,W
43,459.40,721.74,1,S,5,N
45,461.67,722.04,1,S,5,N
185,591.71,722.34,2,W,5,N
195,600.45,722.64,2,E,5,N
123,471.38,722.94,1,W,5,N
126,506.21,723.24,1,W,5,N
127,542.99,723.54,1,W,5,N
128,545.22,723.84,1,W,5,N
164,567.11,724.14,1,E,5,N
165,572.12,724.44,1,E,5,N
166,575.95,724.74,1,E,5,N
222,620.65,730.07,3,E,5,N
168,632.58,738.57,1,E,3,E
206,682.50,744.27,3,W,5,N
224,690.05,745.69,3,E,5,E
261,694.03,765.74,5,W,5,N
294,702.75,779.74,5,E,5,N
295,710.86,780.04,5,E,5,N
296,714.43,780.34,5,E,5,N
297,714.86,780.64,5,E,5,N
223,687.13,799.50,3,E,5,W
53,591.92,799.80,1,S,5,W
197,673.14,800.10,2,E,5,W
187,688.96,800.40,2,W,5,W
67,741.22,816.60,1,S,1,E
129,578.54,816.70,1,W,5,E
51,588.21,821.64,1,S,5,N
54,592.78,821.94,1,S,5,N
186,665.64,822.24,2,W,5,N
196,639.08,822.54,2,E,5,N
130,593.99,823.14,1,W,5,N
131,596.82,823.44,1,W,5,N
132,639.57,823.74,1,W,5,N
167,615.94,824.04,1,E,5,N
207,789.99,851.76,3,W,5,N
262,777.25,865.64,5,W,5,N
263,777.46,865.94,5,W,5,N
264,780.04,866.24,5,W,5,N
265,782.46,866.54,5,W,5,N
266,782.62,866.84,5,W,5,N
267,785.92,867.14,5,W,5,N
268,853.08,867.44,5,W,5,N
269,856.80,867.74,5,W,5,N
270,860.82,868.04,5,W,5,N
298,807.15,879.64,5,E,5,N
299,815.53,879.94,5,E,5,N
68,744.42,898.80,1,S,3,W
69,745.98,899.10,1,S,3,W
208,793.54,899.40,3,W,5,W
55,654.88,899.70,1,S,5,W
57,659.18,900.00,1,S,5,W
59,662.95,900.30,1,S,5,W
61,667.98,900.60,1,S,5,W
62,732.49,900.90,1,S,5,W
138,741.20,901.20,1,W,5,W
139,743.56,901.50,1,W,5,W
171,718.56,901.80,1,E,5,W
75,851.60,903.90,1,S,1,W
78,857.41,904.20,1,S,1,W
80,862.83,904.50,1,S,1,W
81,866.80,904.80,1,S,1,W
174,793.57,911.39,1,E,5,W
92,898.18,912.32,1,S,1,W
134,688.80,918.10,1,W,5,E
89,886.48,920.90,1,S,1,E
170,701.61,921.54,1,E,5,N
56,654.89,921.84,1,S,5,N
60,666.98,922.14,1,S,5,N
198,769.19,922.44,2,E,5,N
188,737.53,922.74,2,W,5,N
63,732.94,923.04,1,S,5,N
64,734.20,923.34,1,S,5,N
65,734.60,923.64,1,S,5,N
133,688.74,923.94,1,W,5,N
135,694.30,924.54,1,W,5,N
136,700.31,924.84,1,W,5,N
137,734.21,925.14,1,W,5,N
140,746.75,925.44,1,W,5,N
172,719.42,925.74,1,E,5,N
173,763.92,926.04,1,E,5,N
225,804.67,929.67,3,E,5,N
226,807.30,929.97,3,E,5,N
227,810.28,930.27,3,E,5,N
271,877.01,965.54,5,W,5,N
272,877.64,965.84,5,W,5,N
273,878.83,966.14,5,W,5,N
274,880.56,966.44,5,W,5,N
275,884.93,966.74,5,W,5,N
66,740.23,999.30,1,S,5,W
76,851.93,999.50,1,S,3,E
145,843.05,1017.10,1,W,5,E
70,749.06,1021.44,1,S,5,N
199,833.66,1021.74,2,E,5,N
141,778.22,1022.04,1,W,5,N
142,785.79,1022.34,1,W,5,N
143,826.08,1022.64,1,W,5,N
144,829.87,1022.94,1,W,5,N
85,877.83,1037.37,1,S,3,E
72,842.67,1099.20,1,S,5,W
77,854.70,1099.50,1,S,5,W
87,884.20,1099.80,1,S,5,W
88,884.99,1100.10,1,S,5,W
91,892.77,1100.40,1,S,5,W
71,840.29,1121.34,1,S,5,N
73,849.69,1121.64,1,S,5,N
74,850.46,1121.94,1,S,5,N
79,860.63,1122.24,1,S,5,N
82,868.53,1122.54,1,S,5,N
83,876.01,1122.84,1,S,5,N
84,876.27,1123.14,1,S,5,N
86,881.64,1123.44,1,S,5,N
90,889.76,1123.74,1,S,5,N
93,898.94,1124.04,1,S,5,N
146,873.72,1124.34,1,W,5,N
147,877.14,1124.64,1,W,5,N
148,893.55,1124.94,1,W,5,N