id,enter_time,exit_time,entrance_intersection,entrance_direction,exit_intersection,exit_direction
255,3.93,66.44,5,W,5,N
256,5.58,66.74,5,W,5,N
257,65.01,71.14,5,W,5,N
313,8.85,80.44,5,E,5,N
314,45.68,80.74,5,E,5,N
315,90.05,96.18,5,E,5,N
1,6.99,100.70,1,S,1,W
3,73.50,101.00,1,S,1,W
5,81.18,101.30,1,S,1,W
6,83.33,101.60,1,S,1,W
8,87.31,114.40,1,S,1,E
225,13.77,131.27,3,E,5,N
215,18.29,131.27,3,W,5,N
84,42.98,137.97,1,W,3,W
85,46.29,138.27,1,W,3,E
258,130.54,166.34,5,W,5,N
259,132.80,166.64,5,W,5,N
260,136.81,166.94,5,W,5,N
261,154.24,167.24,5,W,5,N
262,157.79,167.54,5,W,5,N
263,161.47,167.61,5,W,5,N
264,163.54,169.68,5,W,5,N
265,165.22,171.36,5,W,5,N
266,169.95,176.08,5,W,5,N
316,129.12,180.34,5,E,5,N
317,157.91,180.64,5,E,5,N
318,159.61,180.94,5,E,5,N
319,170.98,181.24,5,E,5,N
320,173.46,181.54,5,E,5,N
226,16.07,200.10,3,E,5,W
227,28.46,200.40,3,E,5,W
188,70.12,200.70,2,W,5,W
81,7.14,201.00,1,W,5,W
86,50.09,201.30,1,W,5,W
154,11.36,201.60,1,E,5,W
156,63.32,201.90,1,E,5,W
157,74.73,202.20,1,E,5,W
161,181.60,207.71,1,E,2,E
11,193.51,213.90,1,S,1,E
201,91.64,222.24,2,E,5,N
0,5.65,222.54,1,S,5,N
80,3.60,222.84,1,W,5,N
82,9.38,223.14,1,W,5,N
83,11.00,223.44,1,W,5,N
153,10.53,223.74,1,E,5,N
155,25.03,224.04,1,E,5,N
216,141.83,231.07,3,W,5,N
228,125.50,231.07,3,E,5,N
229,129.45,231.37,3,E,5,N
230,132.51,231.67,3,E,5,N
231,170.13,231.90,3,E,5,N
267,235.00,266.24,5,W,5,N
321,256.58,280.24,5,E,5,N
2,72.11,300.00,1,S,5,W
189,143.39,300.30,2,W,5,W
89,127.69,300.60,1,W,5,W
158,109.28,300.90,1,E,5,W
13,198.95,301.50,1,S,1,W
16,202.11,301.80,1,S,1,W
93,240.37,302.10,1,W,2,W
22,281.07,302.10,1,S,1,W
96,250.34,303.00,1,W,2,W
97,253.75,303.30,1,W,2,W
9,90.65,316.60,1,S,5,E
87,81.79,317.50,1,W,5,E
4,75.95,322.14,1,S,5,N
7,86.97,322.44,1,S,5,N
10,102.25,323.04,1,S,5,N
202,177.56,323.34,2,E,5,N
88,83.89,323.94,1,W,5,N
90,150.77,324.24,1,W,5,N
159,141.66,324.54,1,E,5,N
160,147.24,324.84,1,E,5,N
162,200.59,325.14,1,E,5,N
232,262.90,330.87,3,E,5,N
217,262.85,330.87,3,W,5,N
233,293.65,355.42,3,E,5,N
268,321.07,366.14,5,W,5,N
269,323.28,366.44,5,W,5,N
270,326.07,366.74,5,W,5,N
271,329.55,367.04,5,W,5,N
272,333.54,367.34,5,W,5,N
273,337.36,367.64,5,W,5,N
274,339.98,367.94,5,W,5,N
275,343.24,368.24,5,W,5,N
276,345.61,368.54,5,W,5,N
277,349.77,368.84,5,W,5,N
278,353.47,369.14,5,W,5,N
279,357.64,369.44,5,W,5,N
280,360.61,369.74,5,W,5,N
322,389.68,395.81,5,E,5,N
15,200.24,399.90,1,S,5,W
91,183.37,400.20,1,W,5,W
92,202.82,400.50,1,W,5,W
94,243.65,400.80,1,W,5,W
98,260.19,401.10,1,W,5,W
164,272.42,401.40,1,E,5,W
166,281.35,401.70,1,E,5,W
102,314.79,403.70,1,W,2,W
107,357.32,405.20,1,W,2,W
191,256.43,417.10,2,W,5,E
12,195.91,422.04,1,S,5,N
14,199.81,422.34,1,S,5,N
203,258.26,422.64,2,E,5,N
190,212.81,422.94,2,W,5,N
17,205.53,423.54,1,S,5,N
18,206.92,423.84,1,S,5,N
19,208.77,424.14,1,S,5,N
95,247.12,424.44,1,W,5,N
163,231.31,424.74,1,E,5,N
165,277.68,425.04,1,E,5,N
234,323.73,430.67,3,E,5,N
31,318.02,437.67,1,S,3,W
281,392.04,466.04,5,W,5,N
282,459.59,466.34,5,W,5,N
283,460.04,466.64,5,W,5,N
323,406.39,480.04,5,E,5,N
324,425.66,480.34,5,E,5,N
218,380.22,499.80,3,W,5,W
21,277.83,500.10,1,S,5,W
27,303.38,500.40,1,S,5,W
204,303.19,500.70,2,E,5,W
30,312.53,501.00,1,S,5,W
33,323.88,501.30,1,S,5,W
100,284.68,501.60,1,W,5,W
104,348.88,501.90,1,W,5,W
117,408.88,502.90,1,W,2,W
170,391.57,509.40,1,E,5,W
20,274.96,521.94,1,S,5,N
169,353.42,522.10,1,E,5,E
23,284.89,522.24,1,S,5,N
24,291.10,522.54,1,S,5,N
25,291.82,522.84,1,S,5,N
26,293.98,523.14,1,S,5,N
192,317.15,523.44,2,W,5,N
193,338.44,523.74,2,W,5,N
205,397.00,524.04,2,E,5,N
28,307.01,524.34,1,S,5,N
29,310.31,524.64,1,S,5,N
32,320.94,524.94,1,S,5,N
34,326.01,525.24,1,S,5,N
99,281.52,525.54,1,W,5,N
101,286.74,525.84,1,W,5,N
103,345.25,526.14,1,W,5,N
105,351.22,526.44,1,W,5,N
106,354.90,526.74,1,W,5,N
108,359.98,527.04,1,W,5,N
109,363.81,527.34,1,W,5,N
167,319.92,527.64,1,E,5,N
168,348.41,527.94,1,E,5,N
235,416.98,530.47,3,E,5,N
236,420.97,530.77,3,E,5,N
55,537.45,551.59,1,S,1,E
284,506.60,565.94,5,W,5,N
285,508.89,566.24,5,W,5,N
286,514.47,566.54,5,W,5,N
287,548.23,566.84,5,W,5,N
288,550.32,567.14,5,W,5,N
325,573.84,579.98,5,E,5,N
110,366.79,599.70,1,W,5,W
113,379.43,600.00,1,W,5,W
116,406.35,600.30,1,W,5,W
118,460.71,600.60,1,W,5,W
172,406.05,600.90,1,E,5,W
48,517.56,601.80,1,S,2,E
45,508.68,602.70,1,S,1,W
53,533.02,603.00,1,S,1,W
176,555.16,607.20,1,E,2,W
173,493.94,611.76,1,E,5,W
208,507.20,613.07,2,E,3,E
35,403.08,621.84,1,S,5,N
206,441.27,622.14,2,E,5,N
194,414.52,622.44,2,W,5,N
195,428.93,622.74,2,W,5,N
207,466.70,623.04,2,E,5,N
196,477.05,623.34,2,W,5,N
111,368.67,623.64,1,W,5,N
112,371.70,623.94,1,W,5,N
114,390.98,624.24,1,W,5,N
115,393.43,624.54,1,W,5,N
119,461.86,624.84,1,W,5,N
171,402.12,625.14,1,E,5,N
219,518.15,630.27,3,W,5,N
237,513.77,630.27,3,E,5,N
220,564.06,630.57,3,W,5,N
240,531.69,631.17,3,E,5,N
241,534.49,631.47,3,E,5,N
289,611.53,665.84,5,W,5,N
290,611.54,666.14,5,W,5,N
291,632.93,666.44,5,W,5,N
292,636.28,666.74,5,W,5,N
293,640.18,667.04,5,W,5,N
294,668.67,674.81,5,W,5,N
326,626.23,679.84,5,E,5,N
327,635.39,680.14,5,E,5,N
328,653.26,680.44,5,E,5,N
238,525.38,699.60,3,E,5,W
239,528.97,699.90,3,E,5,W
37,472.08,700.20,1,S,5,W
39,493.89,700.50,1,S,5,W
43,503.20,700.80,1,S,5,W
209,543.38,701.10,2,E,5,W
44,506.98,701.40,1,S,5,W
50,527.26,701.70,1,S,5,W
56,538.34,702.00,1,S,5,W
120,474.94,702.30,1,W,5,W
122,481.62,702.60,1,W,5,W
128,557.35,702.90,1,W,5,W
57,620.66,703.10,1,S,1,W
177,561.67,703.20,1,E,5,W
178,569.16,703.50,1,E,5,W
180,593.11,710.93,1,E,5,W
47,514.13,717.40,1,S,5,E
127,553.41,720.40,1,W,5,E
175,543.44,721.00,1,E,5,E
36,468.95,721.74,1,S,5,N
38,487.26,722.04,1,S,5,N
40,496.25,722.34,1,S,5,N
41,499.88,722.64,1,S,5,N
42,501.88,722.94,1,S,5,N
46,511.87,723.24,1,S,5,N
49,525.53,723.84,1,S,5,N
51,530.47,724.14,1,S,5,N
52,530.53,724.44,1,S,5,N
54,536.59,724.74,1,S,5,N
121,478.94,725.04,1,W,5,N
58,711.19,725.32,1,S,1,E
123,484.07,725.34,1,W,5,N
124,497.52,725.64,1,W,5,N
221,670.28,725.91,3,W,5,E
125,503.79,725.94,1,W,5,N
126,510.18,726.24,1,W,5,N
174,503.84,726.84,1,E,5,N
179,571.26,727.44,1,E,5,N
181,599.39,727.74,1,E,5,N
242,640.18,730.07,3,E,5,N
222,675.39,737.16,3,W,5,N
132,649.37,737.97,1,W,3,E
295,673.62,765.74,5,W,5,N
296,692.16,766.04,5,W,5,N
297,694.72,766.34,5,W,5,N
298,768.18,774.32,5,W,5,N
329,740.05,779.74,5,E,5,N
243,662.88,799.50,3,E,5,W
210,632.96,799.80,2,E,5,W
130,633.79,800.10,1,W,5,W
131,635.08,800.40,1,W,5,W
63,739.45,802.30,1,S,2,W
64,742.49,803.50,1,S,1,W
185,699.92,817.75,1,E,5,E
197,633.65,821.64,2,W,5,N
198,650.77,821.94,2,W,5,N
129,604.01,822.24,1,W,5,N
133,653.28,822.54,1,W,5,N
134,656.32,822.84,1,W,5,N
182,605.26,823.14,1,E,5,N
183,620.70,823.44,1,E,5,N
184,642.05,823.74,1,E,5,N
244,744.95,829.87,3,E,5,N
247,792.34,854.11,3,E,5,N
299,783.43,865.64,5,W,5,N
300,788.92,865.94,5,W,5,N
301,822.02,866.24,5,W,5,N
302,825.08,866.54,5,W,5,N
303,829.00,866.84,5,W,5,N
304,830.50,867.14,5,W,5,N
305,835.35,867.44,5,W,5,N
306,839.17,867.74,5,W,5,N
307,839.51,868.04,5,W,5,N
308,844.33,868.34,5,W,5,N
309,849.85,868.64,5,W,5,N
330,846.63,879.64,5,E,5,N
245,757.02,899.40,3,E,5,W
246,759.72,899.70,3,E,5,W
223,794.55,900.00,3,W,5,W
211,723.66,900.30,2,E,5,W
213,795.04,900.60,2,E,5,W
60,733.52,900.90,1,S,5,W
139,762.26,901.20,1,W,5,W
65,840.86,903.90,1,S,1,W
68,844.72,904.20,1,S,1,W
69,844.72,904.50,1,S,1,W
76,860.06,904.80,1,S,1,W
214,817.87,913.37,2,E,3,W
224,797.93,921.54,3,W,5,N
186,702.36,921.84,1,E,5,N
199,709.03,922.14,2,W,5,N
200,758.14,922.44,2,W,5,N
212,765.93,922.74,2,E,5,N
59,721.84,923.04,1,S,5,N
61,734.20,923.34,1,S,5,N
62,734.88,923.64,1,S,5,N
135,690.26,923.94,1,W,5,N
136,731.08,924.24,1,W,5,N
137,736.84,924.54,1,W,5,N
138,743.04,924.84,1,W,5,N
187,780.86,925.14,1,E,5,N
249,811.29,929.97,3,E,5,N
250,823.63,930.27,3,E,5,N
252,861.13,930.87,3,E,5,N
253,883.86,939.49,3,E,5,E
254,887.26,942.89,3,E,5,E
75,856.74,944.92,1,S,2,W
310,880.19,965.54,5,W,5,N
311,883.57,965.84,5,W,5,N
312,884.14,966.14,5,W,5,N
248,808.84,999.30,3,E,5,W
251,858.52,999.60,3,E,5,W
73,853.37,999.80,1,S,3,E
141,784.61,999.90,1,W,5,W
144,802.06,1000.20,1,W,5,W
145,829.13,1000.50,1,W,5,W
146,832.57,1000.80,1,W,5,W
147,832.86,1001.10,1,W,5,W
140,781.11,1015.30,1,W,5,E
143,798.12,1015.90,1,W,5,E
142,796.22,1021.74,1,W,5,N
148,870.00,1037.67,1,W,3,W
151,881.32,1038.57,1,W,3,W
74,855.37,1099.20,1,S,5,W
77,861.64,1099.50,1,S,5,W
78,861.86,1099.80,1,S,5,W
150,877.52,1100.10,1,W,5,W
66,841.67,1115.20,1,S,5,E
79,868.75,1116.70,1,S,5,E
152,887.73,1117.30,1,W,5,E
67,841.95,1121.64,1,S,5,N
70,848.67,1121.94,1,S,5,N
71,849.22,1122.24,1,S,5,N
72,852.26,1122.54,1,S,5,N
149,873.81,1123.14,1,W,5,N