id,enter_time,exit_time,entrance_intersection,entrance_direction,exit_intersection,exit_direction
0,3.82,44.07,1,S,2,W
268,32.51,66.44,5,W,5,N
269,37.81,66.74,5,W,5,N
270,50.22,67.04,5,W,5,N
271,52.08,67.34,5,W,5,N
272,55.34,67.64,5,W,5,N
273,59.03,67.94,5,W,5,N
274,60.63,68.24,5,W,5,N
275,62.89,69.02,5,W,5,N
326,8.75,80.44,5,E,5,N
327,92.37,98.50,5,E,5,N
2,47.79,100.70,1,S,1,W
5,69.47,101.00,1,S,1,W
9,73.47,101.30,1,S,1,W
12,79.72,101.60,1,S,1,W
16,95.36,109.49,1,S,1,W
8,73.37,115.00,1,S,1,E
104,22.15,137.07,1,W,3,W
105,53.12,137.37,1,W,3,W
276,76.95,166.34,5,W,5,N
277,80.93,166.64,5,W,5,N
278,94.42,166.94,5,W,5,N
279,149.26,167.24,5,W,5,N
280,152.42,167.54,5,W,5,N
252,26.80,200.10,3,E,5,W
253,29.88,200.40,3,E,5,W
254,65.13,200.70,3,E,5,W
255,67.17,201.00,3,E,5,W
22,103.37,201.10,1,S,1,W
207,73.52,201.30,2,W,5,W
107,59.65,201.60,1,W,5,W
171,29.43,201.90,1,E,5,W
173,59.90,202.20,1,E,5,W
174,71.35,202.50,1,E,5,W
175,73.34,218.20,1,E,5,E
206,61.96,222.24,2,W,5,N
225,58.24,222.54,2,E,5,N
208,75.77,222.84,2,W,5,N
102,19.29,223.14,1,W,5,N
103,21.97,223.44,1,W,5,N
106,56.31,223.74,1,W,5,N
172,38.85,224.04,1,E,5,N
238,113.90,231.07,3,W,5,N
240,167.67,231.67,3,W,5,N
23,105.70,236.57,1,S,3,W
176,110.32,238.97,1,E,3,E
24,154.68,240.02,1,S,2,E
281,182.60,266.24,5,W,5,N
282,184.20,266.54,5,W,5,N
283,236.73,266.84,5,W,5,N
284,240.11,267.14,5,W,5,N
285,242.83,267.44,5,W,5,N
286,245.79,267.74,5,W,5,N
287,249.44,268.04,5,W,5,N
288,263.07,269.21,5,W,5,N
289,263.31,269.44,5,W,5,N
328,226.35,280.24,5,E,5,N
329,277.91,284.04,5,E,5,N
330,281.26,287.39,5,E,5,N
256,146.17,300.00,3,E,5,W
239,162.43,300.30,3,W,5,W
1,44.05,300.60,1,S,5,W
11,79.04,300.90,1,S,5,W
14,84.11,301.20,1,S,5,W
15,93.12,301.50,1,S,5,W
21,102.91,301.80,1,S,5,W
108,73.35,302.10,1,W,5,W
109,75.86,302.40,1,W,5,W
110,114.74,302.70,1,W,5,W
111,117.71,303.00,1,W,5,W
10,74.90,317.20,1,S,5,E
19,100.80,318.40,1,S,5,E
114,128.00,320.50,1,W,5,E
179,197.54,321.40,1,E,5,E
3,52.35,322.14,1,S,5,N
4,66.48,322.44,1,S,5,N
6,72.36,322.74,1,S,5,N
7,72.44,323.04,1,S,5,N
13,80.67,323.64,1,S,5,N
17,95.64,323.94,1,S,5,N
18,96.98,324.24,1,S,5,N
241,207.88,324.73,3,W,5,E
20,101.90,324.84,1,S,5,N
226,114.28,325.14,2,E,5,N
209,127.49,325.44,2,W,5,N
210,198.02,325.74,2,W,5,N
112,118.75,326.04,1,W,5,N
113,122.42,326.34,1,W,5,N
177,128.92,326.94,1,E,5,N
178,193.29,327.24,1,E,5,N
242,211.06,331.17,3,W,5,N
39,318.37,332.50,1,S,1,E
40,320.06,334.20,1,S,1,E
42,331.47,345.61,1,S,1,E
44,334.89,349.03,1,S,1,E
45,335.72,349.85,1,S,1,E
290,303.02,366.14,5,W,5,N
291,303.04,366.44,5,W,5,N
292,304.75,366.74,5,W,5,N
293,322.38,367.04,5,W,5,N
257,233.43,399.90,3,E,5,W
25,158.56,400.20,1,S,5,W
27,164.99,400.50,1,S,5,W
34,308.92,400.70,1,S,2,W
28,166.65,400.80,1,S,5,W
29,168.73,401.10,1,S,5,W
212,281.43,401.40,2,W,5,W
116,192.98,401.70,1,W,5,W
36,311.03,401.90,1,S,1,W
119,243.43,402.00,1,W,5,W
120,246.48,402.30,1,W,5,W
121,253.14,402.60,1,W,5,W
123,337.52,402.80,1,W,2,W
188,385.63,411.75,1,E,2,W
26,162.40,422.04,1,S,5,N
30,170.64,422.34,1,S,5,N
31,170.80,422.64,1,S,5,N
227,213.35,422.94,2,E,5,N
211,202.61,423.24,2,W,5,N
228,259.90,423.54,2,E,5,N
32,234.91,423.84,1,S,5,N
33,236.27,424.14,1,S,5,N
115,179.01,424.44,1,W,5,N
117,231.37,424.74,1,W,5,N
118,237.80,425.04,1,W,5,N
180,252.71,425.34,1,E,5,N
186,379.87,442.06,1,E,3,E
58,429.27,443.41,1,S,1,E
294,387.97,466.04,5,W,5,N
295,390.21,466.34,5,W,5,N
296,393.82,466.64,5,W,5,N
297,396.51,466.94,5,W,5,N
298,400.78,467.24,5,W,5,N
299,421.82,467.54,5,W,5,N
300,427.23,467.84,5,W,5,N
301,428.84,468.14,5,W,5,N
302,432.43,468.44,5,W,5,N
303,433.49,468.74,5,W,5,N
331,428.15,480.04,5,E,5,N
332,483.43,489.57,5,E,5,N
333,486.60,492.74,5,E,5,N
258,325.65,499.80,3,E,5,W
243,357.56,500.10,3,W,5,W
244,378.85,500.40,3,W,5,W
213,353.62,500.70,2,W,5,W
37,312.09,501.00,1,S,5,W
124,351.99,501.30,1,W,5,W
183,318.95,501.60,1,E,5,W
50,402.71,502.30,1,S,1,W
129,404.42,503.80,1,W,2,W
59,492.66,506.80,1,S,1,W
216,452.51,513.27,2,W,3,E
229,346.93,521.94,2,E,5,N
214,369.34,522.24,2,W,5,N
35,309.43,522.54,1,S,5,N
38,315.03,522.84,1,S,5,N
41,329.35,523.14,1,S,5,N
43,334.88,523.44,1,S,5,N
122,303.77,523.74,1,W,5,N
125,354.04,524.04,1,W,5,N
181,302.24,524.34,1,E,5,N
182,314.00,524.64,1,E,5,N
184,335.50,524.94,1,E,5,N
185,340.42,525.24,1,E,5,N
187,382.87,525.54,1,E,5,N
259,403.04,530.47,3,E,5,N
260,469.50,531.27,3,E,5,N
53,410.31,537.47,1,S,3,W
245,479.79,541.56,3,W,5,N
194,497.61,559.80,1,E,3,W
304,493.00,565.94,5,W,5,N
305,495.58,566.24,5,W,5,N
306,535.74,566.54,5,W,5,N
334,572.88,579.94,5,E,5,N
48,399.85,599.70,1,S,5,W
230,403.48,600.00,2,E,5,W
231,479.28,600.30,2,E,5,W
52,409.13,600.60,1,S,5,W
55,414.29,600.90,1,S,5,W
126,371.03,601.20,1,W,5,W
132,421.19,601.50,1,W,5,W
133,463.53,601.80,1,W,5,W
134,465.61,602.10,1,W,5,W
190,451.40,602.40,1,E,5,W
68,516.47,602.40,1,S,2,W
191,465.27,602.70,1,E,5,W
61,504.43,602.70,1,S,1,W
192,476.38,603.00,1,E,5,W
63,508.65,603.00,1,S,1,W
193,487.29,605.11,1,E,5,W
232,576.47,613.07,2,E,3,E
57,425.91,617.80,1,S,5,E
46,397.09,621.84,1,S,5,N
47,398.67,622.14,1,S,5,N
49,402.05,622.44,1,S,5,N
215,429.28,622.74,2,W,5,N
51,406.48,623.04,1,S,5,N
54,413.98,623.34,1,S,5,N
56,425.63,623.64,1,S,5,N
127,403.89,624.24,1,W,5,N
128,404.11,624.54,1,W,5,N
130,407.19,624.84,1,W,5,N
131,414.17,625.14,1,W,5,N
189,428.76,625.44,1,E,5,N
246,507.77,630.27,3,W,5,N
261,574.94,636.71,3,E,5,N
64,509.02,637.27,1,S,3,W
307,603.68,665.84,5,W,5,N
308,604.91,666.14,5,W,5,N
309,605.89,666.44,5,W,5,N
310,607.97,666.74,5,W,5,N
335,670.05,679.84,5,E,5,N
66,513.79,699.60,1,S,5,W
135,471.73,699.90,1,W,5,W
198,557.94,700.20,1,E,5,W
150,663.91,702.50,1,W,2,E
199,586.01,703.84,1,E,5,W
200,587.91,705.73,1,E,5,W
233,613.02,713.17,2,E,3,W
137,475.91,717.10,1,W,5,E
138,508.97,717.40,1,W,5,E
83,703.55,718.90,1,S,1,E
84,705.36,719.50,1,S,1,E
60,503.94,721.74,1,S,5,N
62,507.71,722.04,1,S,5,N
65,510.94,722.34,1,S,5,N
67,515.60,722.64,1,S,5,N
136,474.78,722.94,1,W,5,N
139,527.38,723.84,1,W,5,N
140,529.98,724.14,1,W,5,N
141,532.50,724.44,1,W,5,N
142,533.47,724.74,1,W,5,N
143,536.63,725.04,1,W,5,N
144,543.20,725.34,1,W,5,N
195,530.94,725.64,1,E,5,N
196,533.56,725.94,1,E,5,N
197,536.49,726.24,1,E,5,N
247,608.90,730.07,3,W,5,N
262,648.80,730.07,3,E,5,N
264,677.30,739.07,3,E,5,N
311,698.99,765.74,5,W,5,N
312,701.66,766.04,5,W,5,N
313,705.74,766.34,5,W,5,N
314,737.71,766.64,5,W,5,N
315,740.62,766.94,5,W,5,N
336,773.30,779.44,5,E,5,N
337,784.37,790.51,5,E,5,N
263,660.86,799.50,3,E,5,W
265,680.02,799.80,3,E,5,W
71,590.71,800.10,1,S,5,W
145,575.01,800.40,1,W,5,W
146,606.22,800.70,1,W,5,W
147,625.69,801.00,1,W,5,W
81,697.25,801.40,1,S,3,W
82,699.84,803.50,1,S,1,W
87,717.31,803.80,1,S,1,W
234,707.15,813.27,2,E,3,W
69,588.76,815.50,1,S,5,E
70,588.82,815.80,1,S,5,E
92,788.68,817.20,1,S,1,E
217,649.13,822.24,2,W,5,N
218,657.96,822.54,2,W,5,N
219,683.01,822.84,2,W,5,N
148,658.12,823.14,1,W,5,N
149,661.17,823.44,1,W,5,N
201,656.34,823.74,1,E,5,N
202,661.99,824.04,1,E,5,N
248,719.28,829.87,3,W,5,N
249,720.46,830.17,3,W,5,N
94,797.91,843.92,1,S,2,W
266,784.59,846.36,3,E,5,N
316,788.28,865.64,5,W,5,N
317,792.26,865.94,5,W,5,N
318,796.74,866.24,5,W,5,N
319,810.32,866.54,5,W,5,N
320,814.05,866.84,5,W,5,N
321,819.71,867.14,5,W,5,N
338,806.37,879.64,5,E,5,N
339,814.95,879.94,5,E,5,N
340,851.42,880.24,5,E,5,N
341,866.78,880.54,5,E,5,N
342,874.40,880.84,5,E,5,N
343,880.93,887.07,5,E,5,N
73,675.09,899.40,1,S,5,W
74,677.97,899.70,1,S,5,W
75,680.64,900.00,1,S,5,W
77,685.48,900.30,1,S,5,W
79,690.70,900.60,1,S,5,W
221,740.43,900.90,2,W,5,W
88,720.42,901.20,1,S,5,W
151,715.01,901.50,1,W,5,W
72,674.95,921.54,1,S,5,N
76,682.10,921.84,1,S,5,N
78,687.53,922.14,1,S,5,N
80,693.46,922.44,1,S,5,N
220,712.69,922.74,2,W,5,N
235,739.85,923.04,2,E,5,N
222,785.37,923.34,2,W,5,N
85,710.02,923.64,1,S,5,N
86,713.80,923.94,1,S,5,N
152,717.27,924.24,1,W,5,N
153,720.02,924.54,1,W,5,N
154,743.45,924.84,1,W,5,N
155,748.96,925.14,1,W,5,N
156,751.83,925.44,1,W,5,N
203,760.81,925.74,1,E,5,N
267,798.71,929.67,3,E,5,N
251,863.59,929.97,3,W,5,N
322,889.12,965.54,5,W,5,N
323,891.66,965.84,5,W,5,N
324,894.37,966.14,5,W,5,N
325,898.18,966.44,5,W,5,N
250,830.50,999.30,3,W,5,W
89,784.07,999.60,1,S,5,W
93,796.38,999.90,1,S,5,W
223,806.06,1000.20,2,W,5,W
236,822.59,1000.50,2,E,5,W
224,830.80,1000.80,2,W,5,W
161,809.20,1001.10,1,W,5,W
165,834.34,1001.40,1,W,5,W
90,784.18,1021.44,1,S,5,N
91,784.99,1021.74,1,S,5,N
95,801.08,1022.04,1,S,5,N
96,803.29,1022.34,1,S,5,N
97,804.99,1022.64,1,S,5,N
237,892.79,1022.94,2,E,5,N
157,784.85,1023.24,1,W,5,N
158,792.66,1023.54,1,W,5,N
159,793.52,1023.84,1,W,5,N
160,807.14,1024.14,1,W,5,N
162,809.33,1024.44,1,W,5,N
163,810.95,1024.74,1,W,5,N
164,816.24,1025.04,1,W,5,N
166,836.48,1025.34,1,W,5,N
204,822.31,1025.64,1,E,5,N
205,845.57,1025.94,1,E,5,N
98,893.37,1121.34,1,S,5,N
99,894.99,1121.64,1,S,5,N
100,896.94,1121.94,1,S,5,N
101,897.17,1122.24,1,S,5,N
167,876.27,1122.54,1,W,5,N
168,879.04,1122.84,1,W,5,N
169,885.93,1123.14,1,W,5,N
170,889.38,1123.44,1,W,5,N