id,enter_time,exit_time,entrance_intersection,entrance_direction,exit_intersection,exit_direction
230,1.60,66.44,5,W,5,N
231,18.87,66.74,5,W,5,N
232,53.82,67.04,5,W,5,N
233,69.10,75.24,5,W,5,N
88,42.37,101.00,1,W,2,W
4,86.98,101.11,1,S,1,W
5,88.87,103.00,1,S,1,W
9,94.50,108.64,1,S,1,W
204,57.55,131.27,3,W,5,N
89,49.25,137.37,1,W,3,E
213,91.68,153.45,3,E,5,N
234,75.01,166.34,5,W,5,N
235,77.89,166.64,5,W,5,N
236,80.89,166.94,5,W,5,N
237,83.84,167.24,5,W,5,N
238,86.13,167.54,5,W,5,N
239,86.21,167.84,5,W,5,N
240,90.03,168.14,5,W,5,N
241,93.11,168.44,5,W,5,N
242,125.84,168.74,5,W,5,N
243,146.61,169.04,5,W,5,N
244,161.13,169.34,5,W,5,N
245,162.50,169.64,5,W,5,N
246,168.18,174.32,5,W,5,N
291,104.46,180.34,5,E,5,N
292,109.75,180.64,5,E,5,N
293,110.76,180.94,5,E,5,N
294,159.45,181.24,5,E,5,N
295,166.33,181.54,5,E,5,N
296,183.65,189.79,5,E,5,N
212,78.09,200.10,3,E,5,W
170,54.92,200.40,2,W,5,W
86,17.97,200.70,1,W,5,W
91,55.06,201.00,1,W,5,W
10,99.14,201.10,1,S,1,W
92,86.94,201.10,1,W,2,W
142,3.17,201.30,1,E,5,W
13,115.61,201.40,1,S,1,W
145,63.60,201.60,1,E,5,W
15,182.79,201.70,1,S,1,W
146,105.87,202.30,1,E,2,W
152,168.39,204.10,1,E,2,E
143,59.64,217.00,1,E,5,E
190,35.87,222.24,2,E,5,N
87,38.98,222.54,1,W,5,N
90,51.69,222.84,1,W,5,N
144,62.61,223.44,1,E,5,N
150,153.14,239.57,1,E,3,E
247,181.94,266.24,5,W,5,N
248,218.66,266.54,5,W,5,N
297,223.65,280.24,5,E,5,N
298,234.62,280.54,5,E,5,N
299,244.88,280.84,5,E,5,N
205,159.02,300.00,3,W,5,W
214,105.47,300.30,3,E,5,W
11,102.26,300.60,1,S,5,W
12,108.63,300.90,1,S,5,W
94,147.25,301.20,1,W,5,W
20,258.83,301.50,1,S,1,W
148,144.39,301.50,1,E,5,W
0,77.04,322.14,1,S,5,N
1,79.72,322.44,1,S,5,N
2,80.96,322.74,1,S,5,N
3,85.46,323.04,1,S,5,N
6,89.00,323.34,1,S,5,N
7,91.87,323.64,1,S,5,N
8,93.73,323.94,1,S,5,N
191,118.34,324.24,2,E,5,N
192,194.76,324.54,2,E,5,N
14,119.36,324.84,1,S,5,N
93,116.39,325.14,1,W,5,N
95,150.18,325.44,1,W,5,N
147,139.04,325.74,1,E,5,N
149,151.11,326.04,1,E,5,N
151,157.66,326.34,1,E,5,N
206,261.14,330.87,3,W,5,N
215,218.37,330.87,3,E,5,N
217,224.00,331.47,3,E,5,N
22,262.09,341.92,1,S,2,W
249,284.36,366.14,5,W,5,N
250,285.95,366.44,5,W,5,N
251,289.92,366.74,5,W,5,N
252,342.50,367.04,5,W,5,N
253,344.67,367.34,5,W,5,N
254,360.27,367.64,5,W,5,N
255,365.58,371.71,5,W,5,N
256,367.89,374.03,5,W,5,N
257,369.39,375.53,5,W,5,N
300,303.55,380.14,5,E,5,N
216,221.57,399.90,3,E,5,W
171,242.59,400.20,2,W,5,W
97,191.02,400.50,1,W,5,W
25,327.05,401.90,1,S,1,W
30,340.51,402.20,1,S,1,W
194,351.18,412.87,2,E,3,E
172,268.71,422.04,2,W,5,N
193,282.31,422.34,2,E,5,N
173,291.66,422.64,2,W,5,N
96,171.93,422.94,1,W,5,N
98,229.54,423.24,1,W,5,N
218,302.80,430.67,3,E,5,N
219,320.54,430.97,3,E,5,N
207,393.98,455.75,3,W,5,N
258,398.49,466.04,5,W,5,N
259,401.62,466.34,5,W,5,N
260,405.18,466.64,5,W,5,N
261,410.67,466.94,5,W,5,N
301,408.89,480.04,5,E,5,N
302,411.89,480.34,5,E,5,N
220,323.39,499.80,3,E,5,W
16,249.01,500.10,1,S,5,W
17,250.42,500.40,1,S,5,W
21,259.99,500.70,1,S,5,W
174,304.23,501.00,2,W,5,W
176,368.83,501.30,2,W,5,W
27,332.15,501.60,1,S,5,W
99,271.75,501.90,1,W,5,W
102,339.95,502.20,1,W,5,W
40,429.22,502.30,1,S,1,W
154,327.10,502.50,1,E,5,W
42,431.50,502.60,1,S,1,W
46,440.10,502.90,1,S,1,W
47,444.05,503.20,1,S,1,W
44,434.72,503.20,1,S,2,W
104,384.45,504.10,1,W,2,W
18,253.97,515.80,1,S,5,E
19,255.02,522.24,1,S,5,N
23,263.14,522.54,1,S,5,N
24,265.09,522.84,1,S,5,N
175,315.27,523.14,2,W,5,N
26,328.77,523.44,1,S,5,N
28,335.61,523.74,1,S,5,N
29,337.05,524.04,1,S,5,N
100,291.32,524.34,1,W,5,N
101,332.29,524.64,1,W,5,N
153,306.19,524.94,1,E,5,N
155,345.06,525.24,1,E,5,N
156,368.95,525.54,1,E,5,N
157,374.73,525.84,1,E,5,N
158,395.81,526.14,1,E,5,N
222,427.14,530.77,3,E,5,N
223,430.95,531.07,3,E,5,N
224,469.29,531.37,3,E,5,N
112,455.85,542.57,1,W,3,E
262,481.78,565.94,5,W,5,N
263,487.24,566.24,5,W,5,N
264,563.05,569.19,5,W,5,N
265,566.32,572.45,5,W,5,N
303,508.05,579.94,5,E,5,N
304,517.13,580.24,5,E,5,N
221,423.36,599.70,3,E,5,W
31,342.43,600.00,1,S,5,W
33,344.54,600.30,1,S,5,W
196,459.28,600.60,2,E,5,W
197,493.72,600.90,2,E,5,W
36,418.03,601.20,1,S,5,W
37,420.30,601.50,1,S,5,W
115,522.23,601.50,1,W,2,W
39,427.32,601.80,1,S,5,W
116,561.97,601.80,1,W,2,E
41,431.13,602.10,1,S,5,W
160,508.61,602.10,1,E,2,E
43,431.63,602.40,1,S,5,W
107,401.52,602.70,1,W,5,W
110,410.95,603.00,1,W,5,W
305,599.33,605.47,5,E,5,N
159,491.87,609.69,1,E,5,W
32,343.88,615.70,1,S,5,E
195,430.41,616.00,2,E,5,E
34,410.14,622.44,1,S,5,N
35,415.58,622.74,1,S,5,N
38,426.82,623.04,1,S,5,N
45,436.62,623.34,1,S,5,N
103,381.33,623.64,1,W,5,N
105,395.88,623.94,1,W,5,N
106,399.03,624.24,1,W,5,N
108,403.52,624.54,1,W,5,N
109,410.77,624.84,1,W,5,N
111,448.50,625.14,1,W,5,N
208,543.63,630.27,3,W,5,N
225,552.40,630.27,3,E,5,N
266,578.37,665.84,5,W,5,N
267,582.29,666.14,5,W,5,N
268,597.81,666.44,5,W,5,N
269,597.97,666.74,5,W,5,N
270,627.61,667.04,5,W,5,N
271,629.86,667.34,5,W,5,N
272,632.99,667.64,5,W,5,N
273,665.01,671.15,5,W,5,N
50,551.37,699.20,1,S,3,W
198,546.94,699.60,2,E,5,W
178,573.11,699.90,2,W,5,W
114,503.03,700.20,1,W,5,W
118,596.93,702.80,1,W,2,W
63,666.09,703.10,1,S,1,W
122,643.55,704.00,1,W,2,W
199,636.08,713.17,2,E,3,W
48,449.06,721.74,1,S,5,N
177,547.20,722.04,2,W,5,N
113,473.30,722.34,1,W,5,N
161,532.66,722.64,1,E,5,N
162,533.72,722.94,1,E,5,N
163,569.33,723.24,1,E,5,N
226,628.59,730.07,3,E,5,N
227,651.81,730.37,3,E,5,N
181,699.05,735.12,2,W,3,E
53,625.79,737.37,1,S,3,E
57,640.40,742.02,1,S,2,W
274,676.06,765.74,5,W,5,N
275,704.96,766.04,5,W,5,N
276,705.98,766.34,5,W,5,N
277,710.08,766.64,5,W,5,N
278,715.95,766.94,5,W,5,N
279,718.16,767.24,5,W,5,N
280,722.47,767.54,5,W,5,N
281,750.94,767.84,5,W,5,N
282,754.88,768.14,5,W,5,N
283,762.55,768.69,5,W,5,N
284,763.46,769.59,5,W,5,N
285,763.92,770.05,5,W,5,N
286,766.03,772.17,5,W,5,N
306,702.87,779.74,5,E,5,N
307,721.56,780.04,5,E,5,N
209,668.83,799.50,3,W,5,W
54,625.89,799.80,1,S,5,W
56,635.82,800.10,1,S,5,W
117,594.50,800.40,1,W,5,W
119,603.88,800.70,1,W,5,W
65,673.03,800.80,1,S,3,W
120,636.98,801.00,1,W,5,W
121,640.05,801.30,1,W,5,W
123,663.59,801.60,1,W,5,W
127,673.08,802.60,1,W,2,W
79,768.62,803.50,1,S,1,W
49,539.69,821.64,1,S,5,N
51,554.80,821.94,1,S,5,N
179,635.42,822.24,2,W,5,N
180,675.51,822.54,2,W,5,N
52,615.63,822.84,1,S,5,N
55,626.75,823.14,1,S,5,N
124,666.27,823.44,1,W,5,N
164,627.32,823.74,1,E,5,N
228,756.90,829.87,3,E,5,N
125,668.29,838.07,1,W,3,W
131,729.73,839.87,1,W,3,W
287,786.88,865.64,5,W,5,N
288,812.53,865.94,5,W,5,N
289,843.84,866.24,5,W,5,N
290,847.76,866.54,5,W,5,N
308,857.29,879.64,5,E,5,N
72,745.09,899.40,1,S,3,E
210,774.09,899.40,3,W,5,W
73,746.31,899.70,1,S,3,W
211,784.91,899.70,3,W,5,W
74,755.10,900.00,1,S,3,E
165,701.32,900.00,1,E,5,W
59,648.60,900.30,1,S,5,W
60,649.61,900.60,1,S,5,W
64,669.38,900.90,1,S,5,W
200,710.16,901.20,2,E,5,W
183,769.53,901.50,2,W,5,W
126,670.67,901.80,1,W,5,W
166,731.47,902.10,1,E,5,W
85,838.24,903.90,1,S,1,W
130,725.13,919.00,1,W,5,E
58,647.66,921.54,1,S,5,N
61,654.21,921.84,1,S,5,N
62,663.88,922.14,1,S,5,N
182,725.16,922.44,2,W,5,N
201,765.79,922.74,2,E,5,N
184,788.79,923.04,2,W,5,N
202,794.80,923.34,2,E,5,N
66,734.00,923.64,1,S,5,N
67,734.56,923.94,1,S,5,N
68,737.81,924.24,1,S,5,N
128,684.84,924.54,1,W,5,N
129,718.20,924.84,1,W,5,N
132,732.09,925.44,1,W,5,N
167,736.84,925.74,1,E,5,N
168,760.59,926.04,1,E,5,N
169,798.73,926.34,1,E,5,N
229,860.97,929.67,3,E,5,N
69,739.80,999.30,1,S,5,W
71,742.79,999.60,1,S,5,W
75,757.36,999.90,1,S,5,W
76,764.73,1000.20,1,S,5,W
78,765.47,1000.50,1,S,5,W
189,888.37,1000.80,2,W,5,W
83,830.56,1001.10,1,S,5,W
133,771.16,1001.40,1,W,5,W
138,833.41,1001.70,1,W,5,W
70,741.87,1015.30,1,S,5,E
187,839.63,1016.80,2,W,5,E
139,866.88,1019.80,1,W,5,E
77,764.79,1021.74,1,S,5,N
80,772.52,1022.04,1,S,5,N
185,804.83,1022.34,2,W,5,N
186,810.03,1022.64,2,W,5,N
188,863.75,1023.24,2,W,5,N
203,893.66,1023.54,2,E,5,N
81,774.34,1023.84,1,S,5,N
82,828.60,1024.14,1,S,5,N
84,833.44,1024.44,1,S,5,N
134,773.57,1024.74,1,W,5,N
135,775.64,1025.04,1,W,5,N
136,812.38,1025.34,1,W,5,N
137,814.97,1025.64,1,W,5,N
140,869.51,1121.34,1,W,5,N
141,889.01,1121.64,1,W,5,N