id,enter_time,exit_time,entrance_intersection,entrance_direction,exit_intersection,exit_direction
2,20.93,35.07,1,S,1,E
260,1.95,66.44,5,W,5,N
261,2.12,66.74,5,W,5,N
262,55.15,67.04,5,W,5,N
263,55.71,67.34,5,W,5,N
264,59.91,67.64,5,W,5,N
265,62.64,68.78,5,W,5,N
266,65.60,71.74,5,W,5,N
267,67.77,73.91,5,W,5,N
268,71.79,77.93,5,W,5,N
329,16.41,80.44,5,E,5,N
330,28.64,80.74,5,E,5,N
8,107.75,121.89,1,S,1,E
227,2.95,131.27,3,W,5,N
12,117.22,131.36,1,S,1,E
105,34.17,137.97,1,W,3,W
229,91.57,153.34,3,W,5,N
269,75.11,166.34,5,W,5,N
270,76.28,166.64,5,W,5,N
271,79.36,166.94,5,W,5,N
272,80.35,167.24,5,W,5,N
273,107.17,167.54,5,W,5,N
274,110.02,167.84,5,W,5,N
275,112.32,168.14,5,W,5,N
276,140.65,168.44,5,W,5,N
277,141.46,168.74,5,W,5,N
278,154.46,169.04,5,W,5,N
279,158.00,169.34,5,W,5,N
331,171.93,180.34,5,E,5,N
332,174.36,180.50,5,E,5,N
333,181.01,187.15,5,E,5,N
244,23.98,200.10,3,E,5,W
228,34.42,200.40,3,W,5,W
197,83.75,200.70,2,W,5,W
215,83.75,201.00,2,E,5,W
7,107.05,201.10,1,S,1,W
1,18.52,201.30,1,S,5,W
11,116.86,201.40,1,S,1,W
3,21.53,201.60,1,S,5,W
14,183.83,201.70,1,S,1,W
4,31.29,201.90,1,S,5,W
166,87.92,205.74,1,E,5,W
334,199.72,205.86,5,E,5,N
214,24.99,222.24,2,E,5,N
196,19.71,222.54,2,W,5,N
0,9.06,222.84,1,S,5,N
104,7.93,223.14,1,W,5,N
106,37.35,223.44,1,W,5,N
107,40.87,223.74,1,W,5,N
108,48.50,224.04,1,W,5,N
109,49.21,224.34,1,W,5,N
165,34.64,224.64,1,E,5,N
230,103.93,231.07,3,W,5,N
246,115.54,231.37,3,E,5,N
9,110.45,236.57,1,S,3,W
110,82.82,237.17,1,W,3,E
280,224.36,266.24,5,W,5,N
281,229.34,266.54,5,W,5,N
335,200.42,280.24,5,E,5,N
336,209.51,280.54,5,E,5,N
337,241.13,280.84,5,E,5,N
338,241.16,281.14,5,E,5,N
245,111.70,300.00,3,E,5,W
231,105.58,300.30,3,W,5,W
232,153.97,300.60,3,W,5,W
111,88.91,300.90,1,W,5,W
112,92.07,301.20,1,W,5,W
167,104.26,301.50,1,E,5,W
168,159.94,301.80,1,E,5,W
127,252.66,302.10,1,W,2,W
19,292.49,314.90,1,S,1,E
5,38.84,322.14,1,S,5,N
6,103.55,322.44,1,S,5,N
198,156.27,322.74,2,W,5,N
216,163.96,323.04,2,E,5,N
10,113.16,323.34,1,S,5,N
28,309.41,323.55,1,S,1,E
113,94.54,323.64,1,W,5,N
114,107.87,323.94,1,W,5,N
115,111.50,324.24,1,W,5,N
116,126.27,324.54,1,W,5,N
117,130.02,324.84,1,W,5,N
118,131.19,325.14,1,W,5,N
119,159.23,325.44,1,W,5,N
120,159.99,325.74,1,W,5,N
121,162.06,326.04,1,W,5,N
169,178.91,326.34,1,E,5,N
233,261.94,330.87,3,W,5,N
32,316.77,330.91,1,S,1,E
282,289.51,366.14,5,W,5,N
283,303.10,366.44,5,W,5,N
284,305.31,366.74,5,W,5,N
285,308.32,367.04,5,W,5,N
286,310.23,367.34,5,W,5,N
287,313.75,367.64,5,W,5,N
288,343.84,367.94,5,W,5,N
339,344.39,380.14,5,E,5,N
247,223.07,399.90,3,E,5,W
248,244.15,400.20,3,E,5,W
13,181.99,400.50,1,S,5,W
218,276.22,400.80,2,E,5,W
23,302.32,401.00,1,S,3,W
201,295.76,401.10,2,W,5,W
24,304.12,401.30,1,S,3,E
126,239.10,401.40,1,W,5,W
29,311.73,401.90,1,S,1,W
175,332.74,403.40,1,E,2,W
173,293.38,411.21,1,E,5,W
15,187.03,422.04,1,S,5,N
16,192.07,422.34,1,S,5,N
217,245.93,422.64,2,E,5,N
199,207.65,422.94,2,W,5,N
200,223.79,423.24,2,W,5,N
122,165.73,423.54,1,W,5,N
123,202.43,423.84,1,W,5,N
124,233.05,424.14,1,W,5,N
125,236.54,424.44,1,W,5,N
128,265.28,424.74,1,W,5,N
170,207.39,425.04,1,E,5,N
171,244.19,425.34,1,E,5,N
172,255.88,425.64,1,E,5,N
235,342.88,430.97,3,W,5,N
236,348.38,431.27,3,W,5,N
130,314.64,438.57,1,W,3,W
35,403.21,443.47,1,S,2,W
289,384.10,466.04,5,W,5,N
290,387.52,466.34,5,W,5,N
291,392.42,466.64,5,W,5,N
292,394.80,466.94,5,W,5,N
293,398.43,467.24,5,W,5,N
294,404.25,467.54,5,W,5,N
295,406.59,467.84,5,W,5,N
296,422.51,468.14,5,W,5,N
297,422.57,468.44,5,W,5,N
298,427.40,468.74,5,W,5,N
299,430.96,469.04,5,W,5,N
300,431.05,469.34,5,W,5,N
301,434.24,469.64,5,W,5,N
302,453.49,469.94,5,W,5,N
303,456.61,470.24,5,W,5,N
304,458.16,470.54,5,W,5,N
340,446.41,480.04,5,E,5,N
341,450.37,480.34,5,E,5,N
342,466.70,480.64,5,E,5,N
343,466.99,480.94,5,E,5,N
234,319.81,499.80,3,W,5,W
249,339.28,500.10,3,E,5,W
17,288.12,500.40,1,S,5,W
21,297.51,500.70,1,S,5,W
36,407.00,500.80,1,S,2,W
219,363.07,501.00,2,E,5,W
129,272.99,501.30,1,W,5,W
176,335.83,501.60,1,E,5,W
37,410.98,502.30,1,S,1,W
45,427.92,502.60,1,S,1,W
25,306.92,517.30,1,S,5,E
177,374.88,519.40,1,E,5,E
18,291.13,521.94,1,S,5,N
20,292.82,522.24,1,S,5,N
22,298.70,522.54,1,S,5,N
202,367.96,522.84,2,W,5,N
203,394.45,523.14,2,W,5,N
26,308.15,523.74,1,S,5,N
27,308.77,524.04,1,S,5,N
30,311.76,524.34,1,S,5,N
31,314.36,524.64,1,S,5,N
131,335.77,524.94,1,W,5,N
174,330.20,525.24,1,E,5,N
178,379.69,525.84,1,E,5,N
250,420.02,530.47,3,E,5,N
237,486.79,548.56,3,W,5,N
57,534.85,548.98,1,S,1,E
305,531.78,565.94,5,W,5,N
344,525.69,579.94,5,E,5,N
345,529.44,580.24,5,E,5,N
346,540.20,580.54,5,E,5,N
34,401.27,599.70,1,S,5,W
38,414.44,600.00,1,S,5,W
50,460.49,600.30,1,S,3,W
39,418.04,600.30,1,S,5,W
41,419.83,600.60,1,S,5,W
42,422.38,600.90,1,S,5,W
43,423.79,601.20,1,S,5,W
44,425.14,601.50,1,S,5,W
134,373.96,601.80,1,W,5,W
136,385.26,602.10,1,W,5,W
141,409.28,602.40,1,W,5,W
66,565.11,602.70,1,S,1,W
182,565.72,604.50,1,E,2,W
62,548.44,616.40,1,S,1,E
139,404.95,619.00,1,W,5,E
33,398.12,621.84,1,S,5,N
204,402.21,622.14,2,W,5,N
220,412.99,622.44,2,E,5,N
221,439.60,622.74,2,E,5,N
205,459.71,623.04,2,W,5,N
40,418.39,623.34,1,S,5,N
132,368.28,623.64,1,W,5,N
133,370.87,623.94,1,W,5,N
135,377.69,624.24,1,W,5,N
137,386.15,624.54,1,W,5,N
138,393.22,624.84,1,W,5,N
140,407.12,625.44,1,W,5,N
142,439.27,625.74,1,W,5,N
143,443.09,626.04,1,W,5,N
144,445.33,626.34,1,W,5,N
179,413.94,626.64,1,E,5,N
180,443.40,626.94,1,E,5,N
251,537.54,630.27,3,E,5,N
60,541.33,641.92,1,S,2,E
306,586.89,665.84,5,W,5,N
307,587.05,666.14,5,W,5,N
308,642.14,666.44,5,W,5,N
309,645.92,666.74,5,W,5,N
310,648.04,667.04,5,W,5,N
347,645.43,679.84,5,E,5,N
348,690.21,696.34,5,E,5,N
238,593.70,699.60,3,W,5,W
252,598.03,699.90,3,E,5,W
46,439.73,700.20,1,S,5,W
49,449.92,700.50,1,S,5,W
208,599.22,700.80,2,W,5,W
52,524.28,701.10,1,S,5,W
55,529.88,701.40,1,S,5,W
56,532.98,701.70,1,S,5,W
58,537.98,702.00,1,S,5,W
149,515.87,702.30,1,W,5,W
69,632.63,703.10,1,S,1,W
80,660.35,703.40,1,S,1,W
81,661.55,703.70,1,S,1,W
82,663.67,704.00,1,S,1,W
83,665.49,704.30,1,S,1,W
222,534.77,716.50,2,E,5,E
79,658.70,717.40,1,S,1,E
47,444.79,721.74,1,S,5,N
48,446.22,722.04,1,S,5,N
51,463.05,722.34,1,S,5,N
206,533.41,722.94,2,W,5,N
207,589.91,723.24,2,W,5,N
223,593.18,723.54,2,E,5,N
53,528.38,723.84,1,S,5,N
54,529.81,724.14,1,S,5,N
145,478.46,724.44,1,W,5,N
146,481.48,724.74,1,W,5,N
147,482.81,725.04,1,W,5,N
148,509.26,725.34,1,W,5,N
181,556.87,725.64,1,E,5,N
183,577.53,725.94,1,E,5,N
253,626.18,730.07,3,E,5,N
254,629.57,730.37,3,E,5,N
311,725.07,765.74,5,W,5,N
312,727.37,766.04,5,W,5,N
313,731.25,766.34,5,W,5,N
314,733.47,766.64,5,W,5,N
349,745.35,779.74,5,E,5,N
350,785.77,791.90,5,E,5,N
239,603.89,799.50,3,W,5,W
240,629.73,799.80,3,W,5,W
59,539.04,800.10,1,S,5,W
70,632.75,800.40,1,S,5,W
152,604.21,800.70,1,W,5,W
154,652.86,801.00,1,W,5,W
155,654.94,801.30,1,W,5,W
156,658.76,801.60,1,W,5,W
184,638.59,801.90,1,E,5,W
185,650.33,802.20,1,E,5,W
61,546.37,821.64,1,S,5,N
63,549.76,821.94,1,S,5,N
64,553.31,822.24,1,S,5,N
65,553.40,822.54,1,S,5,N
67,566.29,822.84,1,S,5,N
68,568.42,823.14,1,S,5,N
209,677.86,823.44,2,W,5,N
224,690.99,823.74,2,E,5,N
71,635.03,824.04,1,S,5,N
72,636.83,824.34,1,S,5,N
73,637.47,824.64,1,S,5,N
150,567.44,824.94,1,W,5,N
151,571.11,825.24,1,W,5,N
153,649.75,825.54,1,W,5,N
157,661.69,825.84,1,W,5,N
186,652.94,826.14,1,E,5,N
187,688.92,826.44,1,E,5,N
255,708.99,829.87,3,E,5,N
241,736.63,829.87,3,W,5,N
256,712.74,830.17,3,E,5,N
257,779.11,840.88,3,E,5,N
84,754.09,842.42,1,S,2,W
242,781.23,843.00,3,W,5,N
258,782.66,844.43,3,E,5,N
90,832.73,846.87,1,S,1,E
315,775.59,865.64,5,W,5,N
316,780.62,865.94,5,W,5,N
317,782.92,866.24,5,W,5,N
318,804.23,866.54,5,W,5,N
319,833.88,866.84,5,W,5,N
320,834.36,867.14,5,W,5,N
321,837.08,867.44,5,W,5,N
322,871.83,877.96,5,W,5,N
351,799.92,879.64,5,E,5,N
352,806.55,879.94,5,E,5,N
188,698.19,899.40,1,E,5,W
225,777.46,899.70,2,E,5,W
158,699.03,900.00,1,W,5,W
93,839.59,902.70,1,S,2,W
163,834.53,903.60,1,W,2,W
87,829.81,903.90,1,S,1,W
89,832.25,904.20,1,S,1,W
96,851.58,904.50,1,S,1,W
98,857.47,904.80,1,S,1,W
95,845.03,917.00,1,S,1,E
74,641.49,921.54,1,S,5,N
75,644.58,921.84,1,S,5,N
76,645.24,922.14,1,S,5,N
77,646.64,922.44,1,S,5,N
78,656.87,922.74,1,S,5,N
159,702.76,923.04,1,W,5,N
160,734.60,923.34,1,W,5,N
189,731.90,923.64,1,E,5,N
190,771.66,923.94,1,E,5,N
194,861.65,941.17,1,E,3,W
97,852.10,943.42,1,S,2,W
259,881.72,943.49,3,E,5,N
243,884.81,946.58,3,W,5,N
323,875.09,965.54,5,W,5,N
324,891.73,965.84,5,W,5,N
325,894.87,966.14,5,W,5,N
326,895.38,966.44,5,W,5,N
327,895.50,966.74,5,W,5,N
328,898.68,967.04,5,W,5,N
226,859.98,999.30,2,E,5,W
210,828.67,999.60,2,W,5,W
211,833.14,999.90,2,W,5,W
213,880.73,1000.20,2,W,5,W
85,827.96,1000.50,1,S,5,W
86,828.86,1000.80,1,S,5,W
91,835.91,1001.10,1,S,5,W
164,863.83,1001.40,1,W,5,W
191,803.37,1001.70,1,E,5,W
192,835.14,1002.00,1,E,5,W
195,879.73,1002.30,1,E,5,W
193,858.34,1016.80,1,E,5,E
212,855.73,1021.44,2,W,5,N
88,830.39,1021.74,1,S,5,N
92,836.88,1022.04,1,S,5,N
161,767.96,1022.34,1,W,5,N
162,801.51,1022.64,1,W,5,N
99,858.79,1099.20,1,S,5,W
100,858.94,1099.50,1,S,5,W
103,867.04,1099.80,1,S,5,W
102,863.31,1115.80,1,S,5,E
94,842.10,1121.34,1,S,5,N
101,862.25,1121.64,1,S,5,N