id,enter_time,exit_time,entrance_intersection,entrance_direction,exit_intersection,exit_direction
298,32.17,66.44,5,W,5,N
299,34.01,66.74,5,W,5,N
300,36.66,67.04,5,W,5,N
301,40.37,67.34,5,W,5,N
302,41.75,67.64,5,W,5,N
355,0.60,80.44,5,E,5,N
5,85.31,100.70,1,S,1,W
2,80.39,113.50,1,S,1,E
235,77.54,113.61,2,W,3,E
274,58.00,125.43,3,E,5,E
273,28.23,131.27,3,E,5,N
17,120.32,134.45,1,S,1,E
138,58.25,137.37,1,W,3,E
275,93.06,154.83,3,E,5,N
303,74.30,166.34,5,W,5,N
304,78.49,166.64,5,W,5,N
305,80.95,166.94,5,W,5,N
306,83.71,167.24,5,W,5,N
307,86.57,167.54,5,W,5,N
308,107.41,167.84,5,W,5,N
309,111.27,168.14,5,W,5,N
310,116.22,168.44,5,W,5,N
311,122.02,168.74,5,W,5,N
312,150.75,169.04,5,W,5,N
356,104.83,180.34,5,E,5,N
276,96.51,200.10,3,E,5,W
136,14.95,200.40,1,W,5,W
139,60.34,200.70,1,W,5,W
141,64.53,201.00,1,W,5,W
8,102.05,201.10,1,S,1,W
14,114.83,201.40,1,S,1,W
15,116.60,201.70,1,S,1,W
16,119.19,202.00,1,S,1,W
24,145.16,202.30,1,S,1,W
145,147.89,204.10,1,W,2,W
149,161.87,205.30,1,W,2,W
205,166.57,207.40,1,E,2,W
236,101.90,212.67,2,W,3,W
22,140.71,213.90,1,S,1,E
1,4.24,216.40,1,S,5,E
0,2.93,222.24,1,S,5,N
246,93.56,222.84,2,E,5,N
135,12.47,223.14,1,W,5,N
137,15.95,223.44,1,W,5,N
140,64.15,223.74,1,W,5,N
198,73.96,224.04,1,E,5,N
259,116.84,231.07,3,W,5,N
279,149.76,231.67,3,E,5,N
280,170.74,232.51,3,E,5,N
13,111.75,237.77,1,S,3,E
143,108.68,239.57,1,W,3,W
313,220.35,266.24,5,W,5,N
357,245.60,280.24,5,E,5,N
277,112.51,300.00,3,E,5,W
278,116.25,300.30,3,E,5,W
6,87.21,300.60,1,S,5,W
7,101.22,300.90,1,S,5,W
247,123.66,301.20,2,E,5,W
34,263.07,301.50,1,S,1,W
12,110.97,301.50,1,S,5,W
37,269.45,301.80,1,S,1,W
144,114.83,301.80,1,W,5,W
42,284.54,302.10,1,S,1,W
200,126.20,302.10,1,E,5,W
202,131.66,302.40,1,E,5,W
203,137.57,302.70,1,E,5,W
204,155.46,303.00,1,E,5,W
237,276.40,312.47,2,W,3,W
30,240.15,314.30,1,S,1,E
35,263.58,315.50,1,S,1,E
36,266.48,315.80,1,S,1,E
10,108.36,316.90,1,S,5,E
147,152.00,319.30,1,W,5,E
3,83.34,322.14,1,S,5,N
4,85.21,322.44,1,S,5,N
9,104.87,322.74,1,S,5,N
11,108.61,323.34,1,S,5,N
18,123.73,323.64,1,S,5,N
19,127.30,323.94,1,S,5,N
20,129.22,324.24,1,S,5,N
21,130.20,324.54,1,S,5,N
142,108.53,324.84,1,W,5,N
146,148.42,325.14,1,W,5,N
148,159.01,325.74,1,W,5,N
199,101.21,326.04,1,E,5,N
201,129.11,326.34,1,E,5,N
206,169.35,326.64,1,E,5,N
281,265.92,330.87,3,E,5,N
260,257.15,330.87,3,W,5,N
282,286.28,348.05,3,E,5,N
314,277.70,366.14,5,W,5,N
315,294.44,366.44,5,W,5,N
316,316.42,366.74,5,W,5,N
317,328.67,367.04,5,W,5,N
318,350.59,367.34,5,W,5,N
319,356.36,367.64,5,W,5,N
320,358.03,367.94,5,W,5,N
321,359.17,368.24,5,W,5,N
358,329.80,380.14,5,E,5,N
359,347.89,380.44,5,E,5,N
32,255.52,399.80,1,S,3,E
25,147.43,399.90,1,S,5,W
29,237.33,400.20,1,S,5,W
38,272.99,400.40,1,S,3,W
150,180.18,400.50,1,W,5,W
152,187.40,400.80,1,W,5,W
155,276.87,401.00,1,W,2,E
153,233.57,401.10,1,W,5,W
208,262.83,401.40,1,E,5,W
49,362.48,401.90,1,S,1,W
51,375.82,402.20,1,S,1,W
46,292.19,402.50,1,S,3,E
23,143.39,415.90,1,S,5,E
26,150.79,422.34,1,S,5,N
248,212.59,422.64,2,E,5,N
238,297.06,422.94,2,W,5,N
27,230.59,423.24,1,S,5,N
28,235.00,423.54,1,S,5,N
151,180.74,423.84,1,W,5,N
207,241.38,424.14,1,E,5,N
209,301.04,425.00,1,E,5,N
284,365.82,430.97,3,E,5,N
285,368.81,431.27,3,E,5,N
286,371.91,433.68,3,E,5,N
261,372.57,434.34,3,W,5,N
71,421.03,435.16,1,S,1,E
154,273.51,436.77,1,W,3,W
158,296.25,437.97,1,W,3,W
322,374.16,466.04,5,W,5,N
323,376.85,466.34,5,W,5,N
324,394.43,466.64,5,W,5,N
325,425.76,466.94,5,W,5,N
48,361.21,499.30,1,S,3,E
283,301.44,499.80,3,E,5,W
31,252.07,500.10,1,S,5,W
33,259.48,500.40,1,S,5,W
40,281.50,500.70,1,S,5,W
45,288.88,501.00,1,S,5,W
250,374.01,501.30,2,E,5,W
159,308.23,501.60,1,W,5,W
210,337.18,501.90,1,E,5,W
212,350.52,502.20,1,E,5,W
63,402.84,502.30,1,S,1,W
66,411.02,502.60,1,S,1,W
73,427.40,502.90,1,S,1,W
360,496.93,503.07,5,E,5,N
39,278.18,521.94,1,S,5,N
41,281.57,522.24,1,S,5,N
43,284.80,522.54,1,S,5,N
44,286.95,522.84,1,S,5,N
47,292.88,523.14,1,S,5,N
249,305.38,523.44,2,E,5,N
156,279.15,523.74,1,W,5,N
157,282.89,524.04,1,W,5,N
160,318.30,524.34,1,W,5,N
211,343.27,524.64,1,E,5,N
213,371.95,524.94,1,E,5,N
262,413.36,530.47,3,W,5,N
287,448.69,530.47,3,E,5,N
288,452.49,530.77,3,E,5,N
289,473.41,535.18,3,E,5,N
164,412.98,539.57,1,W,3,W
216,441.17,542.27,1,E,3,W
326,477.06,565.94,5,W,5,N
327,477.07,566.24,5,W,5,N
328,503.13,566.54,5,W,5,N
329,531.15,566.84,5,W,5,N
330,533.79,567.14,5,W,5,N
331,547.17,567.44,5,W,5,N
332,561.15,567.74,5,W,5,N
361,544.49,579.94,5,E,5,N
263,456.30,599.70,3,W,5,W
50,365.33,600.00,1,S,5,W
57,394.09,600.30,1,S,5,W
60,397.68,600.60,1,S,5,W
251,472.56,600.90,2,E,5,W
240,475.57,601.20,2,W,5,W
70,420.63,601.50,1,S,5,W
161,366.08,601.80,1,W,5,W
163,399.28,602.10,1,W,5,W
168,445.65,602.40,1,W,5,W
214,428.15,602.70,1,E,5,W
74,512.43,602.70,1,S,1,W
53,382.43,616.00,1,S,5,E
55,390.08,616.60,1,S,5,E
56,391.46,616.90,1,S,5,E
58,395.30,617.20,1,S,5,E
239,454.33,618.70,2,W,5,E
52,376.32,621.84,1,S,5,N
54,386.17,622.44,1,S,5,N
59,395.60,623.64,1,S,5,N
61,400.60,623.94,1,S,5,N
62,402.60,624.24,1,S,5,N
64,403.69,624.54,1,S,5,N
65,409.03,625.14,1,S,5,N
67,411.49,625.44,1,S,5,N
68,416.19,625.74,1,S,5,N
69,419.52,626.04,1,S,5,N
72,423.82,626.34,1,S,5,N
162,366.34,626.64,1,W,5,N
165,432.73,626.94,1,W,5,N
166,436.01,627.24,1,W,5,N
167,443.25,627.54,1,W,5,N
169,448.58,627.84,1,W,5,N
170,455.53,628.14,1,W,5,N
215,433.85,628.44,1,E,5,N
290,550.71,630.27,3,E,5,N
291,553.21,630.57,3,E,5,N
172,489.53,637.27,1,W,3,W
174,497.73,637.87,1,W,3,W
176,549.82,638.47,1,W,3,W
217,571.39,639.07,1,E,3,E
333,576.12,665.84,5,W,5,N
334,579.53,666.14,5,W,5,N
335,581.61,666.44,5,W,5,N
336,582.65,666.74,5,W,5,N
337,584.08,667.04,5,W,5,N
338,646.74,667.34,5,W,5,N
339,646.82,667.64,5,W,5,N
362,651.85,679.84,5,E,5,N
264,581.02,699.60,3,W,5,W
265,585.44,699.90,3,W,5,W
171,486.35,700.20,1,W,5,W
173,491.86,700.50,1,W,5,W
81,662.11,703.10,1,S,1,W
86,682.75,703.40,1,S,1,W
241,534.75,721.74,2,W,5,N
252,549.89,722.04,2,E,5,N
242,582.97,722.34,2,W,5,N
175,498.47,722.64,1,W,5,N
177,553.18,722.94,1,W,5,N
293,666.25,730.37,3,E,5,N
99,718.10,732.24,1,S,1,E
218,638.27,738.27,1,E,3,E
80,660.82,742.62,1,S,2,E
90,704.25,744.50,1,S,2,W
340,680.25,765.74,5,W,5,N
341,683.00,766.04,5,W,5,N
342,740.20,766.34,5,W,5,N
343,743.26,766.64,5,W,5,N
344,747.36,766.94,5,W,5,N
345,753.48,767.24,5,W,5,N
363,736.57,779.74,5,E,5,N
266,600.96,799.50,3,W,5,W
292,663.26,799.80,3,E,5,W
267,607.21,800.10,3,W,5,W
253,648.49,800.40,2,E,5,W
254,670.90,800.70,2,E,5,W
179,606.00,801.00,1,W,5,W
88,688.45,801.10,1,S,3,W
219,643.92,801.30,1,E,5,W
220,681.72,801.60,1,E,5,W
89,702.62,803.50,1,S,1,W
94,712.12,803.80,1,S,1,W
103,730.02,804.10,1,S,1,W
107,748.74,804.40,1,S,1,W
110,761.46,804.70,1,S,1,W
113,763.76,805.00,1,S,1,W
118,776.26,805.30,1,S,1,W
120,787.59,805.60,1,S,1,W
125,796.88,811.02,1,S,1,W
127,797.19,811.33,1,S,1,W
114,765.61,818.10,1,S,1,E
75,575.96,821.64,1,S,5,N
76,577.94,821.94,1,S,5,N
77,582.54,822.24,1,S,5,N
255,696.40,822.54,2,E,5,N
178,598.51,822.84,1,W,5,N
180,633.11,823.14,1,W,5,N
181,635.76,823.44,1,W,5,N
270,768.83,824.46,3,W,5,E
268,709.77,829.87,3,W,5,N
269,710.73,830.17,3,W,5,N
271,769.78,831.55,3,W,5,N
294,773.97,835.74,3,E,5,N
106,744.85,842.72,1,S,2,W
109,761.05,843.32,1,S,2,W
227,799.05,861.24,1,E,3,W
346,783.32,865.64,5,W,5,N
347,786.33,865.94,5,W,5,N
348,791.95,866.24,5,W,5,N
349,807.70,866.54,5,W,5,N
350,843.84,866.84,5,W,5,N
351,844.73,867.14,5,W,5,N
352,860.72,867.44,5,W,5,N
364,869.47,879.64,5,E,5,N
365,872.92,879.94,5,E,5,N
105,741.77,898.50,1,S,3,W
108,757.14,898.80,1,S,3,E
112,762.26,899.40,1,S,3,W
221,701.04,899.40,1,E,5,W
84,678.49,899.70,1,S,5,W
85,680.10,900.00,1,S,5,W
93,711.60,900.30,1,S,5,W
95,712.33,900.60,1,S,5,W
96,712.90,900.90,1,S,5,W
97,716.56,901.20,1,S,5,W
98,716.83,901.50,1,S,5,W
104,735.74,901.80,1,S,5,W
182,675.56,902.10,1,W,5,W
185,713.34,902.40,1,W,5,W
186,716.72,902.70,1,W,5,W
222,717.88,903.00,1,E,5,W
189,813.67,903.30,1,W,2,W
129,877.32,903.90,1,S,1,W
132,894.44,917.30,1,S,1,E
91,707.61,917.50,1,S,5,E
78,657.01,921.54,1,S,5,N
79,660.72,921.84,1,S,5,N
82,664.34,922.14,1,S,5,N
83,675.51,922.44,1,S,5,N
87,686.88,922.74,1,S,5,N
256,762.86,923.04,2,E,5,N
243,771.53,923.34,2,W,5,N
92,709.98,923.94,1,S,5,N
100,721.99,924.24,1,S,5,N
101,723.73,924.54,1,S,5,N
102,726.28,924.84,1,S,5,N
183,696.99,925.14,1,W,5,N
184,711.10,925.44,1,W,5,N
187,737.61,925.74,1,W,5,N
223,782.07,926.04,1,E,5,N
224,795.34,926.34,1,E,5,N
225,795.95,926.64,1,E,5,N
226,796.01,926.94,1,E,5,N
272,807.46,929.67,3,W,5,N
295,806.60,929.67,3,E,5,N
297,839.34,930.27,3,E,5,N
353,882.30,965.54,5,W,5,N
354,888.43,965.84,5,W,5,N
296,810.07,999.30,3,E,5,W
115,767.64,999.60,1,S,5,W
258,883.80,999.90,2,E,5,W
245,885.02,1000.20,2,W,5,W
126,796.93,1000.50,1,S,5,W
128,797.68,1000.80,1,S,5,W
230,832.91,1001.10,1,E,5,W
231,835.94,1001.40,1,E,5,W
233,861.65,1001.70,1,E,5,W
111,761.82,1021.44,1,S,5,N
116,770.91,1021.74,1,S,5,N
117,771.36,1022.04,1,S,5,N
119,785.09,1022.34,1,S,5,N
244,835.09,1022.64,2,W,5,N
257,807.79,1022.94,2,E,5,N
121,790.09,1023.24,1,S,5,N
122,792.98,1023.54,1,S,5,N
123,793.43,1023.84,1,S,5,N
124,795.70,1024.14,1,S,5,N
188,777.16,1024.44,1,W,5,N
190,845.33,1024.74,1,W,5,N
191,848.25,1025.04,1,W,5,N
192,865.22,1025.34,1,W,5,N
228,808.49,1025.64,1,E,5,N
229,820.06,1025.94,1,E,5,N
232,855.75,1026.24,1,E,5,N
234,866.17,1026.54,1,E,5,N
194,874.92,1037.67,1,W,3,W
196,878.89,1038.27,1,W,3,W
130,889.21,1099.20,1,S,5,W
193,868.21,1099.50,1,W,5,W
195,876.18,1099.80,1,W,5,W
131,891.56,1121.34,1,S,5,N
133,897.58,1121.64,1,S,5,N
134,898.55,1121.94,1,S,5,N
197,882.45,1122.24,1,W,5,N