id,enter_time,exit_time,entrance_intersection,entrance_direction,exit_intersection,exit_direction
6,18.41,32.55,1,S,1,E
237,4.50,66.44,5,W,5,N
238,9.25,66.74,5,W,5,N
239,12.17,67.04,5,W,5,N
240,15.72,67.34,5,W,5,N
241,29.71,67.64,5,W,5,N
242,32.92,67.94,5,W,5,N
243,35.76,68.24,5,W,5,N
304,1.85,80.44,5,E,5,N
305,19.60,80.74,5,E,5,N
306,21.78,81.04,5,E,5,N
4,14.54,100.70,1,S,1,W
8,20.75,101.00,1,S,1,W
140,53.83,104.00,1,E,2,W
175,3.60,112.57,2,W,3,W
216,3.82,131.27,3,E,5,N
1,4.92,136.77,1,S,3,W
3,12.21,137.37,1,S,3,W
5,14.88,137.67,1,S,3,E
7,18.50,137.97,1,S,3,E
68,19.67,138.87,1,W,3,W
217,94.55,156.32,3,E,5,N
244,74.84,166.34,5,W,5,N
245,88.03,166.64,5,W,5,N
246,102.57,166.94,5,W,5,N
247,117.29,167.24,5,W,5,N
248,120.53,167.54,5,W,5,N
249,121.81,167.84,5,W,5,N
250,123.33,168.14,5,W,5,N
251,138.88,168.44,5,W,5,N
252,141.79,168.74,5,W,5,N
253,159.83,169.04,5,W,5,N
307,169.46,180.34,5,E,5,N
2,8.83,200.10,1,S,5,W
70,49.69,200.40,1,W,5,W
15,144.60,201.10,1,S,1,W
19,156.74,201.40,1,S,1,W
75,120.23,201.40,1,W,2,W
141,83.60,201.43,1,E,5,W
145,158.41,202.00,1,E,2,W
142,88.34,206.16,1,E,5,W
67,4.00,217.00,1,W,5,E
190,91.60,222.24,2,E,5,N
0,4.47,222.54,1,S,5,N
9,21.09,222.84,1,S,5,N
69,22.35,223.44,1,W,5,N
71,63.13,223.74,1,W,5,N
143,95.94,224.04,1,E,5,N
144,98.94,224.34,1,E,5,N
203,102.89,231.07,3,W,5,N
204,139.69,231.37,3,W,5,N
205,140.74,231.67,3,W,5,N
219,182.44,238.08,3,E,5,E
14,143.46,240.92,1,S,2,W
254,222.07,266.24,5,W,5,N
255,233.09,266.54,5,W,5,N
256,236.13,266.84,5,W,5,N
257,241.77,267.14,5,W,5,N
258,241.81,267.44,5,W,5,N
259,242.26,267.74,5,W,5,N
218,178.54,300.00,3,E,5,W
10,76.59,300.30,1,S,5,W
73,110.54,300.60,1,W,5,W
74,117.90,300.90,1,W,5,W
146,165.91,301.20,1,E,5,W
28,267.70,301.50,1,S,1,W
30,274.21,301.80,1,S,1,W
34,288.45,302.59,1,S,1,W
191,184.90,316.00,2,E,5,E
176,196.96,322.44,2,W,5,N
72,66.90,322.74,1,W,5,N
76,123.16,323.04,1,W,5,N
147,182.47,323.34,1,E,5,N
206,259.39,330.87,3,W,5,N
222,257.02,331.47,3,E,5,N
260,274.72,366.14,5,W,5,N
261,278.35,366.44,5,W,5,N
262,304.82,366.74,5,W,5,N
263,306.96,367.04,5,W,5,N
264,309.94,367.34,5,W,5,N
265,313.34,367.64,5,W,5,N
266,331.29,367.94,5,W,5,N
267,336.98,368.24,5,W,5,N
268,339.07,368.54,5,W,5,N
269,371.07,377.21,5,W,5,N
308,304.24,380.14,5,E,5,N
309,308.22,380.44,5,E,5,N
310,319.06,380.74,5,E,5,N
311,319.52,381.04,5,E,5,N
312,324.50,381.34,5,E,5,N
313,325.91,381.64,5,E,5,N
220,244.75,399.90,3,E,5,W
221,246.87,400.20,3,E,5,W
31,280.96,400.40,1,S,3,W
18,155.34,400.50,1,S,5,W
20,158.83,400.80,1,S,5,W
33,284.73,401.00,1,S,3,E
21,162.79,401.10,1,S,5,W
22,177.31,401.40,1,S,5,W
84,215.67,401.70,1,W,5,W
77,169.69,418.60,1,W,5,E
11,138.94,422.04,1,S,5,N
12,142.70,422.34,1,S,5,N
13,143.24,422.64,1,S,5,N
16,148.24,422.94,1,S,5,N
17,151.76,423.24,1,S,5,N
23,179.03,423.54,1,S,5,N
24,179.79,423.84,1,S,5,N
25,183.75,424.14,1,S,5,N
192,247.91,424.44,2,E,5,N
78,172.20,425.04,1,W,5,N
79,175.84,425.34,1,W,5,N
80,177.61,425.64,1,W,5,N
81,191.53,425.94,1,W,5,N
82,194.57,426.24,1,W,5,N
83,211.78,426.54,1,W,5,N
85,216.30,426.84,1,W,5,N
86,220.29,427.14,1,W,5,N
87,224.25,427.44,1,W,5,N
88,226.80,427.74,1,W,5,N
89,238.27,428.04,1,W,5,N
148,239.65,428.34,1,E,5,N
149,250.44,428.64,1,E,5,N
223,321.74,430.67,3,E,5,N
94,317.34,437.97,1,W,3,W
207,376.54,438.31,3,W,5,N
270,375.89,466.04,5,W,5,N
271,405.59,466.34,5,W,5,N
272,415.81,466.64,5,W,5,N
273,418.32,466.94,5,W,5,N
274,434.03,467.24,5,W,5,N
275,449.12,467.54,5,W,5,N
276,455.71,467.84,5,W,5,N
314,417.10,480.04,5,E,5,N
315,428.16,480.34,5,E,5,N
29,270.43,499.80,1,S,5,W
35,295.18,500.10,1,S,5,W
177,365.41,500.40,2,W,5,W
91,273.53,500.70,1,W,5,W
97,367.00,500.80,1,W,2,W
92,297.91,501.00,1,W,5,W
95,321.51,501.30,1,W,5,W
150,302.49,501.60,1,E,5,W
100,396.48,501.70,1,W,2,W
151,314.21,501.90,1,E,5,W
154,335.17,502.20,1,E,5,W
40,468.43,515.70,1,S,1,E
26,264.66,515.80,1,S,5,E
178,394.10,517.00,2,W,5,E
155,366.03,519.10,1,E,5,E
27,267.67,522.24,1,S,5,N
32,284.40,522.54,1,S,5,N
193,309.89,522.84,2,E,5,N
194,394.34,523.44,2,E,5,N
90,266.87,523.74,1,W,5,N
93,299.33,524.04,1,W,5,N
96,364.96,524.34,1,W,5,N
152,320.39,524.64,1,E,5,N
153,333.06,524.94,1,E,5,N
180,488.96,525.03,2,W,3,W
224,405.52,530.47,3,E,5,N
225,438.50,530.77,3,E,5,N
226,441.23,531.07,3,E,5,N
227,444.15,531.37,3,E,5,N
277,475.83,565.94,5,W,5,N
278,476.59,566.24,5,W,5,N
279,482.01,566.54,5,W,5,N
280,485.11,566.84,5,W,5,N
281,506.94,567.14,5,W,5,N
282,528.10,567.44,5,W,5,N
283,545.72,567.74,5,W,5,N
284,545.94,568.04,5,W,5,N
316,537.63,579.94,5,E,5,N
317,540.98,580.24,5,E,5,N
37,376.83,599.70,1,S,5,W
195,451.06,600.00,2,E,5,W
179,462.42,600.30,2,W,5,W
98,367.38,600.60,1,W,5,W
101,399.99,600.90,1,W,5,W
102,402.52,601.20,1,W,5,W
157,423.43,601.50,1,E,5,W
158,429.97,601.80,1,E,5,W
159,448.71,617.50,1,E,5,E
36,373.47,621.84,1,S,5,N
99,394.22,622.14,1,W,5,N
103,436.32,622.44,1,W,5,N
104,450.19,622.74,1,W,5,N
105,453.30,623.04,1,W,5,N
156,403.09,623.34,1,E,5,N
230,561.16,624.73,3,E,5,E
160,500.83,624.79,1,E,5,N
209,559.44,630.57,3,W,5,N
229,557.55,630.57,3,E,5,N
210,581.79,643.56,3,W,5,N
285,574.17,665.84,5,W,5,N
286,579.45,666.14,5,W,5,N
287,598.32,666.44,5,W,5,N
288,599.15,666.74,5,W,5,N
318,682.04,688.18,5,E,5,N
228,553.96,699.60,3,E,5,W
208,511.78,699.90,3,W,5,W
38,461.98,700.20,1,S,5,W
183,582.18,700.50,2,W,5,W
108,495.38,700.80,1,W,5,W
109,502.86,701.10,1,W,5,W
111,522.34,701.40,1,W,5,W
112,525.62,701.70,1,W,5,W
114,536.62,702.00,1,W,5,W
184,609.80,713.17,2,W,3,E
52,655.87,717.40,1,S,1,E
39,465.75,721.74,1,S,5,N
41,469.49,722.04,1,S,5,N
42,472.20,722.34,1,S,5,N
43,475.24,722.64,1,S,5,N
181,501.93,722.94,2,W,5,N
196,533.08,723.24,2,E,5,N
197,562.95,723.54,2,E,5,N
182,567.41,723.84,2,W,5,N
106,486.97,724.14,1,W,5,N
107,490.56,724.44,1,W,5,N
110,518.44,724.74,1,W,5,N
113,533.60,725.04,1,W,5,N
161,538.26,725.34,1,E,5,N
162,592.75,725.64,1,E,5,N
231,670.93,732.70,3,E,5,N
232,673.73,735.50,3,E,5,N
119,649.57,738.27,1,W,3,W
234,678.41,740.18,3,E,5,N
54,727.81,741.94,1,S,1,E
48,645.22,742.32,1,S,2,W
50,651.34,742.92,1,S,2,E
53,657.92,743.82,1,S,2,W
211,688.72,750.49,3,W,5,N
289,678.81,765.74,5,W,5,N
290,680.55,766.04,5,W,5,N
291,682.18,766.34,5,W,5,N
292,755.12,766.64,5,W,5,N
319,785.12,791.26,5,E,5,N
233,676.03,799.50,3,E,5,W
212,698.27,799.80,3,W,5,W
120,652.64,800.10,1,W,5,W
165,659.69,800.40,1,E,5,W
55,730.74,803.50,1,S,1,W
167,689.22,807.04,1,E,5,W
199,722.70,813.27,2,E,3,W
185,634.80,816.70,2,W,5,E
118,613.63,818.50,1,W,5,E
44,553.92,821.64,1,S,5,N
45,554.73,821.94,1,S,5,N
46,561.36,822.24,1,S,5,N
198,658.77,822.54,2,E,5,N
186,643.81,823.14,2,W,5,N
187,668.33,823.44,2,W,5,N
115,575.55,823.74,1,W,5,N
116,579.41,824.04,1,W,5,N
117,581.99,824.34,1,W,5,N
163,613.96,824.94,1,E,5,N
164,652.43,825.24,1,E,5,N
166,672.68,825.54,1,E,5,N
168,693.61,825.84,1,E,5,N
214,747.78,830.17,3,W,5,N
215,752.21,830.47,3,W,5,N
235,779.89,841.66,3,E,5,N
293,775.48,865.64,5,W,5,N
294,791.75,865.94,5,W,5,N
295,797.21,866.24,5,W,5,N
296,799.95,866.54,5,W,5,N
297,802.39,866.84,5,W,5,N
298,816.45,867.14,5,W,5,N
299,819.27,867.44,5,W,5,N
300,824.20,867.74,5,W,5,N
301,827.96,868.04,5,W,5,N
302,831.41,868.34,5,W,5,N
320,824.46,879.64,5,E,5,N
56,796.27,898.50,1,S,3,E
213,725.43,899.40,3,W,5,W
200,781.17,899.70,2,E,5,W
124,736.26,900.00,1,W,5,W
125,739.03,900.30,1,W,5,W
169,745.50,900.60,1,E,5,W
57,799.78,903.90,1,S,1,W
66,890.69,904.83,1,S,1,W
170,806.76,906.90,1,E,2,W
51,651.98,916.00,1,S,5,E
47,642.42,921.54,1,S,5,N
49,647.77,921.84,1,S,5,N
188,737.90,922.44,2,W,5,N
121,685.27,922.74,1,W,5,N
122,689.27,923.04,1,W,5,N
123,729.02,923.34,1,W,5,N
236,842.64,929.67,3,E,5,N
126,774.94,939.37,1,W,3,W
172,824.32,943.57,1,E,3,E
303,892.48,965.54,5,W,5,N
201,837.24,999.30,2,E,5,W
202,882.38,999.60,2,E,5,W
58,806.52,999.90,1,S,5,W
59,813.32,1000.20,1,S,5,W
60,818.20,1000.50,1,S,5,W
129,808.41,1000.80,1,W,5,W
131,845.13,1001.10,1,W,5,W
137,861.64,1001.40,1,W,5,W
189,810.80,1021.44,2,W,5,N
61,820.67,1021.74,1,S,5,N
62,820.84,1022.04,1,S,5,N
63,822.20,1022.34,1,S,5,N
64,824.20,1022.64,1,S,5,N
127,778.37,1022.94,1,W,5,N
128,804.99,1023.24,1,W,5,N
130,841.76,1023.54,1,W,5,N
132,848.16,1023.84,1,W,5,N
133,853.34,1024.14,1,W,5,N
134,855.17,1024.44,1,W,5,N
135,856.89,1024.74,1,W,5,N
136,860.16,1025.04,1,W,5,N
171,812.49,1025.34,1,E,5,N
173,827.91,1025.64,1,E,5,N
174,890.67,1025.94,1,E,5,N
65,886.87,1099.20,1,S,5,W
139,897.47,1099.50,1,W,5,W
138,894.28,1115.20,1,W,5,E