id,enter_time,exit_time,entrance_intersection,entrance_direction,exit_intersection,exit_direction
328,4.60,66.44,5,W,5,N
329,7.48,66.74,5,W,5,N
330,12.17,67.04,5,W,5,N
331,14.01,67.34,5,W,5,N
332,17.80,67.64,5,W,5,N
333,47.75,67.94,5,W,5,N
334,51.02,68.24,5,W,5,N
335,51.61,68.54,5,W,5,N
336,56.35,68.84,5,W,5,N
337,59.45,69.14,5,W,5,N
338,63.28,69.42,5,W,5,N
339,66.56,72.70,5,W,5,N
340,73.20,79.33,5,W,5,N
402,16.88,80.44,5,E,5,N
403,24.21,80.74,5,E,5,N
404,30.59,81.04,5,E,5,N
405,41.23,81.34,5,E,5,N
0,0.24,100.70,1,S,1,W
1,0.79,101.00,1,S,1,W
210,28.63,104.30,1,E,2,W
10,91.41,105.54,1,S,1,W
8,87.54,113.50,1,S,1,E
281,50.08,131.27,3,W,5,N
304,3.83,131.27,3,E,5,N
305,6.69,131.57,3,E,5,N
307,12.61,132.17,3,E,5,N
308,15.65,132.47,3,E,5,N
309,32.29,132.77,3,E,5,N
6,7.73,136.77,1,S,3,W
133,26.34,137.97,1,W,3,W
207,2.12,139.47,1,E,3,E
208,3.61,139.77,1,E,3,E
211,77.21,140.67,1,E,3,W
341,78.85,166.34,5,W,5,N
342,79.07,166.64,5,W,5,N
343,82.76,166.94,5,W,5,N
344,86.04,167.24,5,W,5,N
345,101.79,167.54,5,W,5,N
346,104.22,167.84,5,W,5,N
347,106.52,168.14,5,W,5,N
348,124.00,168.44,5,W,5,N
349,125.60,168.74,5,W,5,N
350,128.18,169.04,5,W,5,N
351,130.34,169.34,5,W,5,N
352,133.25,169.64,5,W,5,N
353,135.30,169.94,5,W,5,N
354,138.10,170.24,5,W,5,N
355,141.13,170.54,5,W,5,N
356,141.22,170.84,5,W,5,N
357,157.16,171.14,5,W,5,N
358,158.34,171.44,5,W,5,N
359,158.60,171.74,5,W,5,N
406,144.01,180.34,5,E,5,N
306,9.32,200.10,3,E,5,W
4,4.13,200.40,1,S,5,W
266,33.60,200.70,2,E,5,W
131,3.51,201.00,1,W,5,W
11,133.51,201.10,1,S,1,W
135,42.98,201.30,1,W,5,W
12,135.41,201.40,1,S,1,W
137,58.12,201.60,1,W,5,W
209,9.95,201.90,1,E,5,W
215,127.80,205.90,1,E,2,W
212,91.86,209.68,1,E,5,W
267,69.77,217.00,2,E,5,E
2,3.68,222.24,1,S,5,N
3,3.83,222.54,1,S,5,N
250,25.02,222.84,2,W,5,N
5,6.20,223.44,1,S,5,N
7,8.59,223.74,1,S,5,N
132,4.63,224.04,1,W,5,N
134,26.89,224.34,1,W,5,N
136,58.07,224.64,1,W,5,N
282,102.42,231.07,3,W,5,N
18,220.56,234.70,1,S,1,E
142,88.44,237.77,1,W,3,E
360,192.53,266.24,5,W,5,N
361,214.36,266.54,5,W,5,N
362,226.73,266.84,5,W,5,N
363,228.42,267.14,5,W,5,N
364,256.95,267.44,5,W,5,N
407,244.25,280.24,5,E,5,N
310,136.30,300.00,3,E,5,W
9,90.35,300.30,1,S,5,W
268,113.17,300.60,2,E,5,W
138,79.15,300.90,1,W,5,W
144,93.56,301.20,1,W,5,W
17,217.03,301.50,1,S,1,W
149,112.32,301.50,1,W,5,W
19,222.01,301.80,1,S,1,W
150,115.52,301.80,1,W,5,W
151,142.53,302.10,1,W,5,W
152,144.75,302.40,1,W,5,W
214,123.74,302.70,1,E,5,W
216,136.45,303.00,1,E,5,W
161,261.75,303.60,1,W,2,W
33,288.25,317.30,1,S,1,E
269,145.76,322.14,2,E,5,N
251,182.14,322.44,2,W,5,N
139,79.96,322.74,1,W,5,N
140,82.04,323.04,1,W,5,N
141,85.83,323.34,1,W,5,N
143,90.79,323.64,1,W,5,N
145,96.75,323.94,1,W,5,N
146,99.17,324.24,1,W,5,N
147,101.21,324.54,1,W,5,N
148,108.64,324.84,1,W,5,N
153,148.25,325.14,1,W,5,N
213,112.65,325.44,1,E,5,N
217,186.17,325.74,1,E,5,N
218,198.83,326.04,1,E,5,N
283,225.15,330.87,3,W,5,N
311,252.80,330.87,3,E,5,N
312,267.68,331.17,3,E,5,N
284,231.92,331.17,3,W,5,N
313,270.46,332.23,3,E,5,N
26,255.65,341.32,1,S,2,W
285,283.84,345.61,3,W,5,N
286,285.11,346.88,3,W,5,N
314,285.74,347.51,3,E,5,N
365,287.92,366.14,5,W,5,N
366,289.56,366.44,5,W,5,N
367,289.76,366.74,5,W,5,N
368,315.33,367.04,5,W,5,N
369,337.31,367.34,5,W,5,N
370,337.62,367.64,5,W,5,N
371,351.66,367.94,5,W,5,N
408,390.23,396.37,5,E,5,N
24,249.40,399.80,1,S,3,E
287,291.38,399.90,3,W,5,W
14,138.32,400.20,1,S,5,W
253,249.43,400.50,2,W,5,W
254,269.75,400.80,2,W,5,W
20,222.60,401.10,1,S,5,W
154,166.82,401.40,1,W,5,W
222,226.29,401.70,1,E,5,W
38,300.02,401.90,1,S,1,W
165,337.71,401.90,1,W,2,E
225,281.79,402.00,1,E,5,W
44,382.67,402.20,1,S,1,W
226,282.76,402.30,1,E,5,W
49,395.25,409.39,1,S,1,W
272,343.13,413.17,2,E,3,E
40,375.37,414.70,1,S,1,E
288,298.82,415.90,3,W,5,E
47,391.47,416.50,1,S,1,E
157,178.05,418.90,1,W,5,E
13,137.87,422.34,1,S,5,N
15,141.89,422.64,1,S,5,N
16,143.33,422.94,1,S,5,N
252,242.44,423.24,2,W,5,N
270,232.14,423.54,2,E,5,N
21,229.09,423.84,1,S,5,N
22,233.75,424.14,1,S,5,N
155,172.36,424.44,1,W,5,N
156,175.46,424.74,1,W,5,N
158,208.04,425.34,1,W,5,N
159,220.76,425.64,1,W,5,N
160,259.74,425.94,1,W,5,N
219,202.44,426.24,1,E,5,N
220,208.41,426.54,1,E,5,N
221,216.25,426.84,1,E,5,N
223,227.08,427.14,1,E,5,N
224,264.92,427.44,1,E,5,N
227,288.65,427.74,1,E,5,N
290,346.55,430.97,3,W,5,N
39,310.17,436.77,1,S,3,E
41,376.37,441.12,1,S,2,E
61,431.65,445.78,1,S,1,E
316,386.82,448.59,3,E,5,N
64,436.58,450.72,1,S,1,E
317,389.55,451.32,3,E,5,N
291,392.18,453.95,3,W,5,N
372,407.22,466.04,5,W,5,N
373,412.19,466.34,5,W,5,N
374,414.36,466.64,5,W,5,N
375,440.00,466.94,5,W,5,N
376,443.97,467.24,5,W,5,N
377,458.87,467.54,5,W,5,N
378,460.69,467.84,5,W,5,N
379,462.78,468.92,5,W,5,N
380,464.36,470.50,5,W,5,N
409,401.29,480.04,5,E,5,N
410,450.15,480.34,5,E,5,N
411,456.30,480.64,5,E,5,N
412,484.18,490.31,5,E,5,N
315,361.39,499.80,3,E,5,W
289,308.19,500.10,3,W,5,W
46,390.99,500.20,1,S,3,E
27,257.30,500.40,1,S,5,W
28,260.83,500.70,1,S,5,W
51,405.91,500.80,1,S,2,E
34,290.60,501.00,1,S,5,W
36,292.63,501.30,1,S,5,W
54,416.61,501.40,1,S,2,W
37,296.41,501.60,1,S,5,W
166,345.44,501.90,1,W,5,W
167,347.77,502.20,1,W,5,W
50,402.88,502.30,1,S,1,W
229,329.95,502.50,1,E,5,W
53,415.40,502.60,1,S,1,W
55,417.28,502.90,1,S,1,W
56,419.12,503.20,1,S,1,W
60,424.20,503.50,1,S,1,W
70,449.39,503.80,1,S,1,W
73,458.48,504.10,1,S,1,W
74,459.28,504.40,1,S,1,W
75,459.90,504.70,1,S,1,W
30,274.34,516.70,1,S,5,E
162,266.50,518.20,1,W,5,E
23,239.27,521.94,1,S,5,N
25,253.83,522.24,1,S,5,N
29,264.57,522.54,1,S,5,N
31,285.48,523.14,1,S,5,N
32,287.39,523.44,1,S,5,N
35,292.52,523.74,1,S,5,N
271,315.88,524.04,2,E,5,N
163,268.97,524.64,1,W,5,N
164,298.36,524.94,1,W,5,N
228,317.66,525.24,1,E,5,N
79,513.98,528.12,1,S,1,E
292,438.54,530.47,3,W,5,N
236,483.40,545.59,1,E,3,E
85,532.97,547.11,1,S,1,E
381,549.79,565.94,5,W,5,N
382,565.44,571.58,5,W,5,N
383,566.38,572.51,5,W,5,N
384,571.97,578.11,5,W,5,N
413,501.88,579.94,5,E,5,N
414,541.14,580.24,5,E,5,N
415,558.65,580.54,5,E,5,N
42,378.47,599.70,1,S,5,W
63,436.15,600.00,1,S,5,W
168,388.37,600.30,1,W,5,W
170,424.19,600.60,1,W,5,W
76,463.59,600.90,1,S,3,W
171,428.09,600.90,1,W,5,W
237,485.14,602.96,1,E,5,W
177,525.43,603.60,1,W,2,E
275,571.43,613.07,2,E,3,W
89,543.39,615.80,1,S,1,E
90,548.75,616.10,1,S,1,E
256,481.55,617.50,2,W,5,E
57,420.76,618.40,1,S,5,E
318,498.76,621.84,3,E,5,N
43,381.22,622.14,1,S,5,N
45,388.24,622.44,1,S,5,N
48,392.69,622.74,1,S,5,N
273,404.80,623.04,2,E,5,N
255,460.34,623.34,2,W,5,N
274,484.87,623.94,2,E,5,N
52,412.45,624.24,1,S,5,N
58,421.15,624.84,1,S,5,N
59,422.23,625.14,1,S,5,N
62,433.43,625.44,1,S,5,N
65,438.45,625.74,1,S,5,N
169,390.93,626.04,1,W,5,N
172,438.12,626.34,1,W,5,N
173,440.78,626.64,1,W,5,N
174,461.60,626.94,1,W,5,N
175,464.88,627.24,1,W,5,N
230,417.03,627.54,1,E,5,N
231,428.87,627.84,1,E,5,N
232,437.04,628.14,1,E,5,N
233,444.87,628.44,1,E,5,N
234,447.56,628.74,1,E,5,N
235,451.91,629.04,1,E,5,N
176,480.93,639.37,1,W,3,E
96,631.70,645.84,1,S,1,E
385,588.04,665.84,5,W,5,N
386,609.27,666.14,5,W,5,N
387,612.57,666.44,5,W,5,N
388,612.59,666.74,5,W,5,N
389,621.81,667.04,5,W,5,N
416,693.14,699.27,5,E,5,N
293,549.01,699.60,3,W,5,W
294,591.04,699.90,3,W,5,W
66,439.97,700.20,1,S,5,W
68,442.79,700.50,1,S,5,W
69,446.07,700.80,1,S,5,W
77,465.17,701.10,1,S,5,W
78,513.69,701.40,1,S,5,W
82,518.56,701.70,1,S,5,W
87,538.13,702.00,1,S,5,W
101,649.70,703.10,1,S,1,W
103,657.02,703.40,1,S,1,W
106,660.67,703.70,1,S,1,W
107,662.25,704.00,1,S,1,W
187,652.38,704.90,1,W,2,W
241,648.62,706.40,1,E,2,W
67,442.56,721.74,1,S,5,N
71,455.85,722.04,1,S,5,N
72,457.97,722.34,1,S,5,N
257,549.70,722.64,2,W,5,N
258,575.00,722.94,2,W,5,N
259,600.02,723.24,2,W,5,N
80,515.28,723.54,1,S,5,N
81,515.40,723.84,1,S,5,N
83,529.05,724.14,1,S,5,N
84,532.13,724.44,1,S,5,N
86,536.51,724.74,1,S,5,N
178,527.45,725.04,1,W,5,N
179,530.04,725.34,1,W,5,N
180,533.32,725.64,1,W,5,N
238,550.56,725.94,1,E,5,N
320,637.68,730.37,3,E,5,N
321,641.33,730.67,3,E,5,N
322,658.19,730.97,3,E,5,N
323,677.84,739.61,3,E,5,N
324,680.70,742.47,3,E,5,N
243,690.73,752.92,1,E,3,W
390,686.57,765.74,5,W,5,N
391,687.96,766.04,5,W,5,N
392,691.07,766.34,5,W,5,N
393,694.76,766.64,5,W,5,N
394,699.48,766.94,5,W,5,N
395,704.49,767.24,5,W,5,N
396,705.41,767.54,5,W,5,N
397,722.44,767.84,5,W,5,N
398,726.86,768.14,5,W,5,N
399,730.10,768.44,5,W,5,N
319,604.78,799.50,3,E,5,W
295,599.46,799.80,3,W,5,W
296,632.62,800.10,3,W,5,W
325,697.41,800.40,3,E,5,W
276,669.49,800.70,2,E,5,W
110,663.64,800.80,1,S,3,E
261,675.12,801.00,2,W,5,W
92,614.02,801.30,1,S,5,W
93,622.67,801.60,1,S,5,W
94,624.16,801.90,1,S,5,W
97,635.11,802.20,1,S,5,W
98,637.29,802.50,1,S,5,W
181,570.11,802.80,1,W,5,W
245,750.23,803.20,1,E,2,W
417,798.05,804.19,5,E,5,N
88,540.38,815.50,1,S,5,E
91,612.35,816.10,1,S,5,E
111,741.47,816.30,1,S,1,E
242,669.53,819.40,1,E,5,E
260,620.84,821.94,2,W,5,N
95,629.64,822.54,1,S,5,N
182,603.42,822.84,1,W,5,N
183,607.29,823.14,1,W,5,N
184,611.18,823.44,1,W,5,N
185,614.81,823.74,1,W,5,N
186,646.03,824.04,1,W,5,N
188,652.70,824.34,1,W,5,N
189,656.26,824.64,1,W,5,N
239,640.89,824.94,1,E,5,N
240,642.36,825.24,1,E,5,N
297,753.39,829.87,3,W,5,N
326,720.47,829.87,3,E,5,N
298,782.97,844.74,3,W,5,N
400,817.37,865.64,5,W,5,N
401,818.87,865.94,5,W,5,N
418,881.54,887.68,5,E,5,N
419,885.81,891.95,5,E,5,N
114,748.48,899.10,1,S,3,E
105,659.81,899.40,1,S,5,W
277,755.24,899.70,2,E,5,W
265,774.63,900.00,2,W,5,W
193,735.51,900.30,1,W,5,W
194,738.49,900.60,1,W,5,W
195,742.43,900.90,1,W,5,W
420,896.05,902.19,5,E,5,N
121,880.18,903.90,1,S,1,W
128,894.44,908.57,1,S,1,W
129,895.40,909.53,1,S,1,W
123,882.59,917.30,1,S,1,E
124,883.59,917.60,1,S,1,E
130,898.04,918.80,1,S,1,E
99,640.20,921.54,1,S,5,N
100,642.15,921.84,1,S,5,N
102,654.12,922.14,1,S,5,N
104,657.44,922.44,1,S,5,N
108,662.26,922.74,1,S,5,N
109,662.46,923.04,1,S,5,N
262,702.10,923.34,2,W,5,N
263,706.53,923.64,2,W,5,N
264,718.99,923.94,2,W,5,N
190,685.64,924.24,1,W,5,N
191,688.82,924.54,1,W,5,N
192,714.98,924.84,1,W,5,N
244,740.59,925.14,1,E,5,N
246,795.78,925.44,1,E,5,N
327,830.80,929.67,3,E,5,N
301,853.49,930.27,3,W,5,N
248,835.53,941.47,1,E,3,W
122,880.35,998.60,1,S,3,W
299,833.26,999.30,3,W,5,W
300,837.03,999.60,3,W,5,W
302,896.00,999.90,3,W,5,W
303,897.84,1000.20,3,W,5,W
117,815.66,1000.50,1,S,5,W
118,816.79,1000.80,1,S,5,W
119,816.82,1001.10,1,S,5,W
198,776.85,1001.40,1,W,5,W
199,778.62,1001.70,1,W,5,W
202,802.22,1002.00,1,W,5,W
247,832.63,1002.30,1,E,5,W
249,877.73,1002.60,1,E,5,W
278,810.05,1016.50,2,E,5,E
112,745.18,1021.44,1,S,5,N
113,747.61,1021.74,1,S,5,N
115,749.54,1022.04,1,S,5,N
116,752.01,1022.34,1,S,5,N
279,848.40,1022.94,2,E,5,N
280,882.72,1023.24,2,E,5,N
196,768.34,1023.54,1,W,5,N
197,771.52,1023.84,1,W,5,N
200,798.10,1024.14,1,W,5,N
201,801.39,1024.44,1,W,5,N
203,802.93,1024.74,1,W,5,N
204,853.34,1025.04,1,W,5,N
205,855.38,1025.34,1,W,5,N
127,889.71,1099.20,1,S,5,W
120,877.29,1121.34,1,S,5,N
125,884.94,1121.64,1,S,5,N
126,887.29,1121.94,1,S,5,N
206,873.41,1122.24,1,W,5,N