id,enter_time,exit_time,entrance_intersection,entrance_direction,exit_intersection,exit_direction
306,37.04,80.44,5,E,5,N
307,40.06,80.74,5,E,5,N
308,40.38,81.04,5,E,5,N
309,52.01,81.34,5,E,5,N
310,54.44,81.64,5,E,5,N
311,57.37,81.94,5,E,5,N
312,68.06,82.24,5,E,5,N
313,81.22,87.35,5,E,5,N
104,3.82,100.40,1,W,2,W
0,0.10,100.70,1,S,1,W
3,65.92,101.00,1,S,1,W
10,84.64,101.30,1,S,1,W
191,25.06,112.57,2,W,3,E
14,93.31,116.80,1,S,1,E
199,90.92,126.99,2,E,3,W
225,71.19,132.96,3,E,5,N
105,15.91,136.77,1,W,3,W
16,96.30,143.52,1,S,2,W
245,93.94,166.34,5,W,5,N
246,114.21,166.64,5,W,5,N
247,129.81,166.94,5,W,5,N
314,135.96,180.34,5,E,5,N
315,138.31,180.64,5,E,5,N
224,68.66,200.10,3,E,5,W
226,89.39,200.40,3,E,5,W
107,24.13,200.70,1,W,5,W
21,114.23,201.10,1,S,1,W
24,121.18,201.40,1,S,1,W
117,147.07,204.70,1,W,2,W
106,17.23,222.24,1,W,5,N
108,49.41,222.54,1,W,5,N
165,52.49,222.84,1,E,5,N
211,119.07,231.07,3,W,5,N
115,141.74,240.17,1,W,3,E
248,183.96,266.24,5,W,5,N
249,208.44,266.54,5,W,5,N
250,208.87,266.84,5,W,5,N
251,208.88,267.14,5,W,5,N
252,223.86,267.44,5,W,5,N
253,239.60,267.74,5,W,5,N
254,253.66,268.04,5,W,5,N
316,220.53,280.24,5,E,5,N
227,120.38,300.00,3,E,5,W
228,198.55,300.30,3,E,5,W
1,62.13,300.60,1,S,5,W
2,62.21,300.90,1,S,5,W
4,71.39,301.20,1,S,5,W
33,204.28,301.50,1,S,1,W
5,74.38,301.50,1,S,5,W
36,211.59,301.80,1,S,1,W
12,89.36,301.80,1,S,5,W
15,96.00,302.10,1,S,5,W
200,131.09,302.40,2,E,5,W
27,126.20,302.70,1,S,5,W
111,89.21,303.00,1,W,5,W
113,105.52,303.30,1,W,5,W
201,211.75,312.77,2,E,3,W
18,99.09,318.10,1,S,5,E
118,150.64,321.70,1,W,5,E
6,75.34,322.14,1,S,5,N
7,79.22,322.44,1,S,5,N
8,81.28,322.74,1,S,5,N
9,82.79,323.04,1,S,5,N
11,86.41,323.34,1,S,5,N
13,91.80,323.64,1,S,5,N
17,98.57,323.94,1,S,5,N
19,103.22,324.54,1,S,5,N
20,110.70,324.84,1,S,5,N
22,117.40,325.14,1,S,5,N
23,118.37,325.44,1,S,5,N
25,121.44,325.74,1,S,5,N
26,123.65,326.04,1,S,5,N
109,81.82,326.34,1,W,5,N
110,85.42,326.64,1,W,5,N
112,103.74,326.94,1,W,5,N
114,138.31,327.24,1,W,5,N
116,143.84,327.54,1,W,5,N
166,105.84,328.14,1,E,5,N
167,137.04,328.44,1,E,5,N
121,238.16,338.17,1,W,3,W
255,281.58,366.14,5,W,5,N
256,294.71,366.44,5,W,5,N
257,298.09,366.74,5,W,5,N
258,316.01,367.04,5,W,5,N
259,320.31,367.34,5,W,5,N
260,323.77,367.64,5,W,5,N
261,327.29,367.94,5,W,5,N
262,330.37,368.24,5,W,5,N
263,333.65,368.54,5,W,5,N
264,336.22,368.84,5,W,5,N
265,338.91,369.14,5,W,5,N
266,355.62,369.44,5,W,5,N
267,359.61,369.74,5,W,5,N
268,361.92,370.04,5,W,5,N
269,366.72,372.86,5,W,5,N
317,301.69,380.14,5,E,5,N
318,305.05,380.44,5,E,5,N
319,313.63,380.74,5,E,5,N
320,330.16,381.04,5,E,5,N
321,349.95,381.34,5,E,5,N
322,351.36,381.64,5,E,5,N
323,361.78,381.94,5,E,5,N
212,258.30,399.90,3,W,5,W
31,199.32,400.20,1,S,5,W
192,218.70,400.50,2,W,5,W
34,206.34,400.80,1,S,5,W
39,311.52,401.00,1,S,2,E
37,213.70,401.10,1,S,5,W
122,265.46,401.40,1,W,5,W
169,283.00,401.70,1,E,5,W
203,330.90,412.87,2,E,3,E
229,299.10,422.04,3,E,5,N
28,192.82,422.34,1,S,5,N
29,195.09,422.64,1,S,5,N
30,195.79,422.94,1,S,5,N
32,200.33,423.24,1,S,5,N
202,299.16,423.54,2,E,5,N
35,208.65,423.84,1,S,5,N
119,188.95,424.14,1,W,5,N
120,194.32,424.44,1,W,5,N
213,304.82,424.53,3,W,5,E
168,228.62,424.74,1,E,5,N
170,289.00,425.04,1,E,5,N
230,301.61,430.67,3,E,5,N
231,304.69,430.97,3,E,5,N
40,314.36,437.37,1,S,3,E
232,375.98,437.75,3,E,5,N
124,278.00,438.57,1,W,3,E
125,296.95,438.87,1,W,3,W
171,322.03,439.77,1,E,3,W
270,395.88,466.04,5,W,5,N
271,399.52,466.34,5,W,5,N
272,401.75,466.64,5,W,5,N
273,410.38,466.94,5,W,5,N
274,413.32,467.24,5,W,5,N
275,419.14,467.54,5,W,5,N
276,433.54,467.84,5,W,5,N
277,435.41,468.14,5,W,5,N
278,438.33,468.44,5,W,5,N
279,440.89,468.74,5,W,5,N
280,445.43,469.04,5,W,5,N
281,450.36,469.34,5,W,5,N
282,454.12,469.64,5,W,5,N
283,471.05,477.19,5,W,5,N
324,400.02,480.04,5,E,5,N
44,396.40,499.60,1,S,3,W
42,317.43,499.80,1,S,5,W
123,272.89,500.10,1,W,5,W
126,299.96,500.40,1,W,5,W
173,356.23,500.70,1,E,5,W
45,401.38,502.30,1,S,1,W
46,404.09,502.60,1,S,1,W
51,490.78,504.91,1,S,1,W
174,358.88,517.00,1,E,5,E
38,309.67,521.94,1,S,5,N
41,315.78,522.24,1,S,5,N
127,339.38,522.54,1,W,5,N
172,327.36,522.84,1,E,5,N
175,359.55,523.44,1,E,5,N
214,453.47,530.47,3,W,5,N
234,475.64,537.41,3,E,5,N
284,474.29,565.94,5,W,5,N
285,547.94,566.24,5,W,5,N
286,550.59,566.54,5,W,5,N
287,554.39,566.84,5,W,5,N
288,558.34,567.14,5,W,5,N
289,571.63,577.77,5,W,5,N
325,538.49,579.94,5,E,5,N
233,452.60,599.70,3,E,5,W
193,416.72,600.00,2,W,5,W
47,405.20,600.30,1,S,5,W
129,384.49,600.60,1,W,5,W
130,386.06,600.90,1,W,5,W
135,438.53,601.20,1,W,5,W
176,468.27,601.50,1,E,5,W
58,579.05,602.70,1,S,1,W
59,582.47,603.00,1,S,1,W
131,386.33,617.20,1,W,5,E
132,386.92,617.50,1,W,5,E
43,396.09,621.84,1,S,5,N
204,411.22,622.14,2,E,5,N
194,446.46,622.44,2,W,5,N
48,405.71,622.74,1,S,5,N
128,382.30,623.04,1,W,5,N
133,401.37,623.94,1,W,5,N
134,409.34,624.24,1,W,5,N
136,442.48,624.54,1,W,5,N
235,571.21,632.98,3,E,5,N
215,573.42,635.19,3,W,5,N
54,509.96,636.97,1,S,3,E
143,545.67,639.07,1,W,3,W
55,572.41,641.62,1,S,2,W
61,587.96,642.82,1,S,2,W
290,587.96,665.84,5,W,5,N
291,602.50,666.14,5,W,5,N
292,635.34,666.44,5,W,5,N
326,669.40,679.84,5,E,5,N
53,495.52,699.60,1,S,5,W
62,591.21,699.80,1,S,3,E
205,509.60,699.90,2,E,5,W
140,490.81,700.20,1,W,5,W
144,546.50,700.50,1,W,5,W
69,612.95,703.10,1,S,1,W
70,616.45,703.40,1,S,1,W
72,621.46,703.70,1,S,1,W
181,649.54,704.90,1,E,2,W
79,642.22,715.90,1,S,1,E
49,484.73,721.74,1,S,5,N
50,488.03,722.04,1,S,5,N
52,494.11,722.34,1,S,5,N
195,518.09,722.64,2,W,5,N
137,481.11,722.94,1,W,5,N
138,483.64,723.24,1,W,5,N
139,484.40,723.54,1,W,5,N
141,492.65,723.84,1,W,5,N
142,543.39,724.14,1,W,5,N
177,520.63,724.44,1,E,5,N
179,598.88,724.74,1,E,5,N
82,710.72,724.86,1,S,1,E
83,711.04,725.18,1,S,1,E
196,689.52,725.59,2,W,3,E
86,716.16,730.30,1,S,1,E
237,634.00,730.37,3,E,5,N
74,626.80,738.27,1,S,3,E
293,708.08,765.74,5,W,5,N
294,711.69,766.04,5,W,5,N
295,713.98,766.34,5,W,5,N
296,754.32,766.64,5,W,5,N
297,754.63,766.94,5,W,5,N
298,768.05,774.18,5,W,5,N
327,767.22,779.74,5,E,5,N
328,777.98,784.11,5,E,5,N
178,595.29,799.50,1,E,5,W
236,599.65,799.80,3,E,5,W
216,681.22,800.10,3,W,5,W
238,698.08,800.40,3,E,5,W
60,584.92,800.70,1,S,5,W
64,593.91,801.00,1,S,5,W
67,610.35,801.30,1,S,5,W
77,635.01,801.60,1,S,5,W
78,638.77,801.90,1,S,5,W
146,580.92,802.20,1,W,5,W
147,629.34,802.50,1,W,5,W
88,737.74,803.50,1,S,1,W
90,744.16,803.80,1,S,1,W
92,746.45,804.10,1,S,1,W
155,741.68,804.40,1,W,2,E
93,752.64,804.40,1,S,1,W
197,715.42,813.27,2,W,3,W
56,574.30,815.50,1,S,5,E
57,576.82,821.94,1,S,5,N
63,593.40,822.24,1,S,5,N
65,597.12,822.54,1,S,5,N
66,602.80,822.84,1,S,5,N
206,605.60,823.14,2,E,5,N
207,687.28,823.44,2,E,5,N
68,610.64,823.74,1,S,5,N
71,620.28,824.04,1,S,5,N
73,622.97,824.34,1,S,5,N
75,627.00,824.64,1,S,5,N
76,632.53,824.94,1,S,5,N
145,577.09,825.24,1,W,5,N
180,609.86,825.54,1,E,5,N
182,688.84,825.84,1,E,5,N
239,701.05,829.87,3,E,5,N
241,742.41,830.47,3,E,5,N
150,719.28,838.97,1,W,3,W
185,724.25,841.37,1,E,3,E
299,792.54,865.64,5,W,5,N
300,795.02,865.94,5,W,5,N
301,795.45,866.24,5,W,5,N
302,797.82,866.54,5,W,5,N
303,802.31,866.84,5,W,5,N
304,802.71,867.14,5,W,5,N
329,881.10,887.24,5,E,5,N
89,741.50,898.50,1,S,3,W
94,756.51,899.10,1,S,3,W
240,714.55,899.40,3,E,5,W
80,703.62,899.70,1,S,5,W
198,726.59,900.00,2,W,5,W
84,712.88,900.30,1,S,5,W
85,715.71,900.60,1,S,5,W
151,722.07,900.90,1,W,5,W
152,724.10,901.20,1,W,5,W
186,756.40,901.50,1,E,5,W
160,850.92,902.40,1,W,2,E
103,884.37,903.90,1,S,1,W
99,873.62,917.90,1,S,1,E
208,771.58,921.54,2,E,5,N
81,707.06,921.84,1,S,5,N
87,732.08,922.14,1,S,5,N
148,674.99,922.44,1,W,5,N
149,706.45,922.74,1,W,5,N
153,727.49,923.04,1,W,5,N
154,738.10,923.34,1,W,5,N
183,710.16,923.64,1,E,5,N
184,722.15,923.94,1,E,5,N
187,758.76,924.24,1,E,5,N
188,791.78,924.54,1,E,5,N
242,813.35,929.67,3,E,5,N
243,817.30,929.97,3,E,5,N
97,867.63,943.42,1,S,2,W
190,895.75,957.94,1,E,3,E
305,888.50,965.54,5,W,5,N
217,814.32,999.30,3,W,5,W
218,828.22,999.60,3,W,5,W
219,829.68,999.90,3,W,5,W
220,835.84,1000.20,3,W,5,W
221,839.46,1000.50,3,W,5,W
244,887.27,1000.80,3,E,5,W
91,745.47,1015.30,1,S,5,E
159,832.53,1017.10,1,W,5,E
209,830.70,1021.74,2,E,5,N
210,893.15,1022.04,2,E,5,N
156,776.01,1022.34,1,W,5,N
157,808.68,1022.64,1,W,5,N
158,816.59,1022.94,1,W,5,N
161,851.07,1023.54,1,W,5,N
162,862.14,1023.84,1,W,5,N
163,864.90,1024.14,1,W,5,N
189,810.37,1024.44,1,E,5,N
222,898.38,1029.47,3,W,5,N
223,899.49,1029.77,3,W,5,N
98,871.02,1099.20,1,S,5,W
102,881.98,1099.50,1,S,5,W
95,855.52,1121.34,1,S,5,N
96,866.70,1121.64,1,S,5,N
100,878.70,1121.94,1,S,5,N
101,880.37,1122.24,1,S,5,N
164,886.31,1122.54,1,W,5,N