id,enter_time,exit_time,entrance_intersection,entrance_direction,exit_intersection,exit_direction
241,27.32,66.44,5,W,5,N
242,42.16,66.74,5,W,5,N
243,45.72,67.04,5,W,5,N
244,50.84,67.34,5,W,5,N
245,52.30,67.64,5,W,5,N
246,54.84,67.94,5,W,5,N
309,90.08,96.22,5,E,5,N
1,6.13,100.70,1,S,1,W
3,87.30,101.44,1,S,1,W
5,88.93,103.07,1,S,1,W
8,91.91,114.70,1,S,1,E
247,101.35,166.34,5,W,5,N
248,105.57,166.64,5,W,5,N
249,163.03,169.16,5,W,5,N
250,170.89,177.03,5,W,5,N
0,2.20,200.10,1,S,5,W
4,88.27,200.20,1,S,3,W
98,5.60,200.40,1,W,5,W
100,32.51,200.70,1,W,5,W
17,169.38,201.10,1,S,1,W
310,198.44,204.58,5,E,5,N
176,86.13,216.70,2,W,5,E
174,19.20,222.24,2,W,5,N
175,32.50,222.54,2,W,5,N
196,89.70,223.14,2,E,5,N
97,2.25,223.44,1,W,5,N
99,28.99,223.74,1,W,5,N
208,134.59,231.07,3,W,5,N
225,114.16,231.37,3,E,5,N
251,239.69,266.24,5,W,5,N
252,246.91,266.54,5,W,5,N
224,112.05,300.00,3,E,5,W
6,91.21,300.30,1,S,5,W
10,95.58,300.60,1,S,5,W
197,180.84,300.90,2,E,5,W
178,191.22,301.20,2,W,5,W
22,264.80,301.50,1,S,1,W
101,65.20,301.50,1,W,5,W
104,134.29,301.80,1,W,5,W
153,204.81,302.70,1,E,2,W
150,133.47,318.40,1,E,5,E
2,85.01,322.14,1,S,5,N
7,91.28,322.44,1,S,5,N
9,94.55,322.74,1,S,5,N
11,99.18,323.04,1,S,5,N
177,148.55,323.34,2,W,5,N
102,107.41,323.64,1,W,5,N
103,126.67,323.94,1,W,5,N
105,154.07,324.24,1,W,5,N
151,186.97,324.84,1,E,5,N
226,216.81,330.87,3,E,5,N
23,266.86,341.62,1,S,2,E
24,281.26,341.92,1,S,2,W
209,283.71,345.48,3,W,5,N
253,280.56,366.14,5,W,5,N
254,281.22,366.44,5,W,5,N
255,284.73,366.74,5,W,5,N
256,285.24,367.04,5,W,5,N
257,287.17,367.34,5,W,5,N
258,287.42,367.64,5,W,5,N
259,291.97,367.94,5,W,5,N
260,308.00,368.24,5,W,5,N
261,312.54,368.54,5,W,5,N
262,317.26,368.84,5,W,5,N
263,319.82,369.14,5,W,5,N
264,322.50,369.44,5,W,5,N
265,322.85,369.74,5,W,5,N
266,362.41,370.04,5,W,5,N
311,301.96,380.14,5,E,5,N
13,145.68,399.90,1,S,5,W
15,161.60,400.20,1,S,5,W
16,167.01,400.50,1,S,5,W
198,269.51,400.80,2,E,5,W
110,244.35,401.10,1,W,5,W
36,335.65,401.90,1,S,1,W
30,298.24,402.20,1,S,3,E
179,208.60,416.50,2,W,5,E
107,202.13,417.10,1,W,5,E
111,251.45,418.00,1,W,5,E
12,143.87,422.04,1,S,5,N
14,156.19,422.34,1,S,5,N
106,198.57,422.94,1,W,5,N
108,230.22,423.54,1,W,5,N
109,236.98,423.84,1,W,5,N
152,202.10,424.44,1,E,5,N
154,207.79,424.74,1,E,5,N
155,269.55,425.04,1,E,5,N
156,291.53,425.34,1,E,5,N
180,390.73,426.80,2,W,3,E
210,319.17,430.67,3,W,5,N
227,327.72,430.67,3,E,5,N
211,360.86,430.97,3,W,5,N
35,333.15,437.97,1,S,3,W
267,378.28,466.04,5,W,5,N
268,382.89,466.34,5,W,5,N
269,471.06,477.20,5,W,5,N
312,401.98,480.04,5,E,5,N
313,413.23,480.34,5,E,5,N
314,468.07,480.64,5,E,5,N
228,360.19,499.80,3,E,5,W
229,362.61,500.10,3,E,5,W
230,373.39,500.40,3,E,5,W
18,254.40,500.70,1,S,5,W
21,264.69,501.00,1,S,5,W
32,311.68,501.30,1,S,5,W
33,323.58,501.60,1,S,5,W
116,357.42,501.90,1,W,5,W
159,377.94,502.20,1,E,5,W
40,422.87,502.30,1,S,1,W
161,387.61,505.43,1,E,5,W
182,442.33,513.27,2,W,3,W
25,285.14,516.40,1,S,5,E
31,309.20,518.50,1,S,5,E
112,272.77,519.10,1,W,5,E
19,256.03,521.94,1,S,5,N
20,256.53,522.24,1,S,5,N
26,285.53,522.84,1,S,5,N
27,287.35,523.14,1,S,5,N
28,293.81,523.44,1,S,5,N
29,297.08,523.74,1,S,5,N
199,325.59,524.04,2,E,5,N
200,399.94,524.34,2,E,5,N
34,326.08,524.94,1,S,5,N
113,276.59,525.54,1,W,5,N
114,316.35,525.84,1,W,5,N
115,344.58,526.14,1,W,5,N
117,361.41,526.44,1,W,5,N
157,309.51,526.74,1,E,5,N
158,344.32,527.04,1,E,5,N
160,381.82,527.34,1,E,5,N
162,392.18,527.64,1,E,5,N
231,403.16,530.47,3,E,5,N
232,406.38,530.77,3,E,5,N
270,476.59,565.94,5,W,5,N
271,490.92,566.24,5,W,5,N
272,524.54,566.54,5,W,5,N
273,528.01,566.84,5,W,5,N
274,528.58,567.14,5,W,5,N
275,545.70,567.44,5,W,5,N
276,551.32,567.74,5,W,5,N
277,554.79,568.04,5,W,5,N
278,557.83,568.34,5,W,5,N
279,563.15,569.29,5,W,5,N
280,566.81,572.94,5,W,5,N
281,571.13,577.27,5,W,5,N
315,576.43,582.57,5,E,5,N
316,580.08,586.22,5,E,5,N
233,424.60,599.70,3,E,5,W
39,358.16,600.00,1,S,5,W
181,417.34,600.30,2,W,5,W
183,462.46,600.60,2,W,5,W
118,391.76,600.90,1,W,5,W
119,394.13,601.20,1,W,5,W
120,397.36,601.50,1,W,5,W
121,413.81,601.80,1,W,5,W
122,446.22,602.10,1,W,5,W
164,548.36,603.30,1,E,2,W
202,537.18,613.07,2,E,3,W
37,346.56,621.84,1,S,5,N
38,358.07,622.14,1,S,5,N
201,440.69,622.44,2,E,5,N
41,426.91,622.74,1,S,5,N
42,432.68,623.04,1,S,5,N
43,434.26,623.34,1,S,5,N
163,491.74,623.64,1,E,5,N
216,528.38,625.33,3,W,5,E
234,540.18,630.27,3,E,5,N
213,515.75,630.57,3,W,5,N
217,533.37,631.77,3,W,5,N
218,538.93,632.07,3,W,5,N
219,547.74,632.37,3,W,5,N
220,561.66,632.67,3,W,5,N
125,547.36,638.17,1,W,3,E
282,576.78,665.84,5,W,5,N
283,582.33,666.14,5,W,5,N
284,584.65,666.44,5,W,5,N
285,585.84,666.74,5,W,5,N
286,588.38,667.04,5,W,5,N
287,601.90,667.34,5,W,5,N
288,606.91,667.64,5,W,5,N
289,616.75,667.94,5,W,5,N
290,622.71,668.24,5,W,5,N
291,625.47,668.54,5,W,5,N
292,631.35,668.84,5,W,5,N
293,634.75,669.14,5,W,5,N
294,646.90,669.44,5,W,5,N
295,649.07,669.74,5,W,5,N
317,633.11,679.84,5,E,5,N
318,635.35,680.14,5,E,5,N
319,651.83,680.44,5,E,5,N
212,507.29,699.60,3,W,5,W
235,543.95,699.90,3,E,5,W
214,516.75,700.20,3,W,5,W
236,546.84,700.50,3,E,5,W
237,568.44,700.80,3,E,5,W
215,522.63,701.10,3,W,5,W
185,554.67,701.40,2,W,5,W
187,596.83,701.70,2,W,5,W
46,533.99,702.00,1,S,5,W
123,479.07,702.30,1,W,5,W
54,612.20,703.10,1,S,1,W
133,596.68,703.40,1,W,2,W
56,679.54,703.40,1,S,1,W
57,680.89,703.70,1,S,1,W
168,682.67,708.79,1,E,2,W
127,554.21,717.70,1,W,5,E
44,439.62,721.74,1,S,5,N
45,441.02,722.04,1,S,5,N
184,531.35,722.34,2,W,5,N
186,575.65,722.64,2,W,5,N
47,534.35,722.94,1,S,5,N
124,518.37,723.24,1,W,5,N
126,551.10,723.54,1,W,5,N
128,555.69,724.14,1,W,5,N
238,658.67,730.07,3,E,5,N
166,657.68,740.67,1,E,3,W
170,691.58,753.77,1,E,3,W
296,724.15,765.74,5,W,5,N
320,709.25,779.74,5,E,5,N
321,710.06,780.04,5,E,5,N
322,712.50,780.34,5,E,5,N
189,645.64,799.50,2,W,5,W
61,698.67,799.60,1,S,3,E
190,699.83,799.80,2,W,5,W
55,615.31,800.10,1,S,5,W
129,573.75,800.40,1,W,5,W
131,595.39,800.70,1,W,5,W
132,595.59,801.00,1,W,5,W
66,708.29,801.10,1,S,2,W
167,677.08,801.30,1,E,5,W
63,700.09,803.50,1,S,1,W
70,715.68,803.80,1,S,1,W
143,748.99,804.40,1,W,2,W
171,697.73,819.70,1,E,5,E
48,584.90,821.64,1,S,5,N
49,600.51,821.94,1,S,5,N
50,603.61,822.24,1,S,5,N
188,617.58,822.54,2,W,5,N
203,609.01,822.84,2,E,5,N
204,700.61,823.14,2,E,5,N
51,605.61,823.44,1,S,5,N
52,608.56,823.74,1,S,5,N
53,610.76,824.04,1,S,5,N
130,595.15,824.34,1,W,5,N
134,629.40,824.64,1,W,5,N
135,630.88,824.94,1,W,5,N
165,621.05,825.24,1,E,5,N
169,686.86,825.54,1,E,5,N
239,767.15,829.87,3,E,5,N
69,714.21,838.07,1,S,3,W
138,707.03,838.97,1,W,3,W
76,828.31,842.45,1,S,1,E
297,779.22,865.64,5,W,5,N
298,799.24,865.94,5,W,5,N
299,804.21,866.24,5,W,5,N
300,805.85,866.54,5,W,5,N
301,833.96,866.84,5,W,5,N
302,836.68,867.14,5,W,5,N
303,840.22,867.44,5,W,5,N
304,843.03,867.74,5,W,5,N
305,845.19,868.04,5,W,5,N
306,848.15,868.34,5,W,5,N
307,851.77,868.64,5,W,5,N
323,811.04,879.64,5,E,5,N
324,823.42,879.94,5,E,5,N
325,824.09,880.24,5,E,5,N
221,710.35,899.40,3,W,5,W
58,683.63,899.70,1,S,5,W
59,686.23,900.00,1,S,5,W
60,696.82,900.30,1,S,5,W
137,674.49,900.60,1,W,5,W
144,750.52,900.90,1,W,5,W
172,779.43,901.20,1,E,5,W
71,814.56,903.90,1,S,1,W
72,817.28,904.20,1,S,1,W
77,831.19,904.50,1,S,1,W
78,834.75,904.80,1,S,1,W
92,884.98,905.10,1,S,1,W
67,711.79,917.50,1,S,5,E
85,858.07,918.20,1,S,1,E
173,785.13,919.60,1,E,5,E
93,886.50,920.30,1,S,1,E
62,699.83,921.54,1,S,5,N
64,700.21,921.84,1,S,5,N
65,703.14,922.14,1,S,5,N
191,726.79,922.44,2,W,5,N
205,751.04,922.74,2,E,5,N
192,748.38,923.04,2,W,5,N
193,797.88,923.34,2,W,5,N
68,711.85,923.94,1,S,5,N
136,670.08,924.24,1,W,5,N
139,739.48,924.54,1,W,5,N
140,743.31,924.84,1,W,5,N
141,745.87,925.14,1,W,5,N
142,748.86,925.44,1,W,5,N
223,871.81,933.58,3,W,5,N
240,886.19,947.96,3,E,5,N
308,890.40,965.54,5,W,5,N
222,841.93,999.30,3,W,5,W
73,820.56,999.60,1,S,5,W
74,822.96,999.90,1,S,5,W
148,861.51,1000.20,1,W,5,W
194,860.79,1021.44,2,W,5,N
206,831.72,1021.74,2,E,5,N
207,857.30,1022.04,2,E,5,N
195,880.89,1022.34,2,W,5,N
75,824.00,1022.64,1,S,5,N
79,839.41,1022.94,1,S,5,N
145,795.80,1023.24,1,W,5,N
146,840.60,1023.54,1,W,5,N
147,858.63,1023.84,1,W,5,N
149,864.40,1024.14,1,W,5,N
91,881.65,1037.67,1,S,3,W
96,892.77,1038.57,1,S,3,E
81,843.30,1099.20,1,S,5,W
88,868.51,1099.50,1,S,5,W
94,887.06,1099.80,1,S,5,W
84,854.41,1116.10,1,S,5,E
86,861.37,1116.40,1,S,5,E
87,864.99,1116.70,1,S,5,E
80,840.42,1121.34,1,S,5,N
82,844.18,1121.64,1,S,5,N
83,847.49,1121.94,1,S,5,N
89,875.35,1123.14,1,S,5,N
90,878.01,1123.44,1,S,5,N
95,889.83,1123.74,1,S,5,N