id,enter_time,exit_time,entrance_intersection,entrance_direction,exit_intersection,exit_direction
1,8.35,22.49,1,S,1,E
219,3.34,66.44,5,W,5,N
220,3.44,66.74,5,W,5,N
221,7.20,67.04,5,W,5,N
222,10.33,67.34,5,W,5,N
223,31.50,67.64,5,W,5,N
224,36.32,67.94,5,W,5,N
225,41.10,68.24,5,W,5,N
226,44.58,68.54,5,W,5,N
227,65.86,71.99,5,W,5,N
228,67.81,73.95,5,W,5,N
229,70.64,76.77,5,W,5,N
230,70.94,77.07,5,W,5,N
303,55.03,80.44,5,E,5,N
304,72.32,80.74,5,E,5,N
5,77.91,100.70,1,S,1,W
66,6.58,101.90,1,W,2,W
132,21.47,103.40,1,E,2,W
133,86.10,112.21,1,E,2,E
6,81.43,113.50,1,S,1,E
196,13.70,131.27,3,E,5,N
183,47.59,131.57,3,W,5,N
184,52.63,131.87,3,W,5,N
3,11.70,137.07,1,S,3,E
231,84.48,166.34,5,W,5,N
232,87.32,166.64,5,W,5,N
233,90.35,166.94,5,W,5,N
234,95.54,167.24,5,W,5,N
235,98.23,167.54,5,W,5,N
236,114.08,167.84,5,W,5,N
237,114.50,168.14,5,W,5,N
238,118.16,168.44,5,W,5,N
239,134.59,168.74,5,W,5,N
240,161.91,169.04,5,W,5,N
241,165.03,171.17,5,W,5,N
242,168.96,175.09,5,W,5,N
305,162.16,180.34,5,E,5,N
182,16.46,200.10,3,W,5,W
171,99.07,200.40,2,E,5,W
129,2.68,200.70,1,E,5,W
130,13.67,201.00,1,E,5,W
10,151.15,214.80,1,S,1,E
0,7.49,216.70,1,S,5,E
162,180.95,217.02,2,W,3,W
4,14.98,217.30,1,S,5,E
159,58.97,222.24,2,W,5,N
160,58.99,222.54,2,W,5,N
2,11.38,223.14,1,S,5,N
65,0.46,223.74,1,W,5,N
67,36.03,224.04,1,W,5,N
131,18.52,224.34,1,E,5,N
198,120.75,225.23,3,E,5,E
11,216.37,230.51,1,S,1,E
197,116.76,231.07,3,E,5,N
185,159.85,231.07,3,W,5,N
199,158.28,231.67,3,E,5,N
186,171.85,233.62,3,W,5,N
72,111.69,237.77,1,W,3,W
243,173.90,266.24,5,W,5,N
244,210.51,266.54,5,W,5,N
245,225.29,266.84,5,W,5,N
246,229.18,267.14,5,W,5,N
247,243.55,267.44,5,W,5,N
248,251.43,267.74,5,W,5,N
249,256.41,268.04,5,W,5,N
250,259.89,268.34,5,W,5,N
251,263.56,269.70,5,W,5,N
306,213.62,280.24,5,E,5,N
307,225.56,280.54,5,E,5,N
308,230.38,280.84,5,E,5,N
68,67.56,300.00,1,W,5,W
71,97.52,300.30,1,W,5,W
13,217.16,301.50,1,S,1,W
15,278.92,301.80,1,S,1,W
16,281.22,302.10,1,S,1,W
172,159.77,322.14,2,E,5,N
161,112.80,322.44,2,W,5,N
69,70.34,322.74,1,W,5,N
70,97.48,323.04,1,W,5,N
73,155.97,323.34,1,W,5,N
134,177.76,323.64,1,E,5,N
135,182.33,323.94,1,E,5,N
188,225.19,331.17,3,W,5,N
136,235.81,338.77,1,E,3,W
252,280.09,366.14,5,W,5,N
253,337.25,366.44,5,W,5,N
254,349.02,366.74,5,W,5,N
255,351.57,367.04,5,W,5,N
256,358.90,367.34,5,W,5,N
257,362.61,368.75,5,W,5,N
258,364.58,370.72,5,W,5,N
309,335.83,380.14,5,E,5,N
310,389.44,395.58,5,E,5,N
187,211.39,399.90,3,W,5,W
200,234.44,400.20,3,E,5,W
201,273.07,400.50,3,E,5,W
7,144.06,400.80,1,S,5,W
74,175.13,401.10,1,W,5,W
76,223.62,401.40,1,W,5,W
8,144.73,422.04,1,S,5,N
9,148.18,422.34,1,S,5,N
173,240.52,422.64,2,E,5,N
174,274.17,422.94,2,E,5,N
12,216.95,423.24,1,S,5,N
14,218.38,423.54,1,S,5,N
75,195.24,423.84,1,W,5,N
77,242.84,424.14,1,W,5,N
78,246.52,424.44,1,W,5,N
137,272.29,424.74,1,E,5,N
138,290.80,425.04,1,E,5,N
140,298.29,425.34,1,E,5,N
189,366.59,430.67,3,W,5,N
81,287.29,437.37,1,W,3,W
84,362.13,438.27,1,W,3,W
190,378.57,440.34,3,W,5,N
21,368.47,441.72,1,S,2,W
259,385.23,466.04,5,W,5,N
260,390.78,466.34,5,W,5,N
261,391.94,466.64,5,W,5,N
262,427.02,466.94,5,W,5,N
263,429.97,467.24,5,W,5,N
264,431.19,467.54,5,W,5,N
265,435.16,467.84,5,W,5,N
266,437.55,468.14,5,W,5,N
311,402.65,480.04,5,E,5,N
312,462.29,480.34,5,E,5,N
313,466.77,480.64,5,E,5,N
139,296.00,499.80,1,E,5,W
202,335.89,500.10,3,E,5,W
191,381.84,500.40,3,W,5,W
17,283.24,500.70,1,S,5,W
79,277.09,501.00,1,W,5,W
83,332.51,501.30,1,W,5,W
141,331.32,501.60,1,E,5,W
29,480.84,502.30,1,S,1,W
175,350.93,515.80,2,E,5,E
163,365.59,522.24,2,W,5,N
80,279.96,522.54,1,W,5,N
82,290.74,522.84,1,W,5,N
142,338.62,523.14,1,E,5,N
143,348.62,523.44,1,E,5,N
203,449.85,530.47,3,E,5,N
204,453.24,530.77,3,E,5,N
205,463.98,531.07,3,E,5,N
22,464.32,541.22,1,S,2,E
192,483.02,544.79,3,W,5,N
267,479.51,565.94,5,W,5,N
268,479.98,566.24,5,W,5,N
269,482.89,566.54,5,W,5,N
270,486.49,566.84,5,W,5,N
271,490.17,567.14,5,W,5,N
272,548.59,567.44,5,W,5,N
273,556.30,567.74,5,W,5,N
274,558.06,568.04,5,W,5,N
314,564.71,579.94,5,E,5,N
24,466.20,599.40,1,S,3,E
19,355.90,599.70,1,S,5,W
26,468.16,600.00,1,S,3,W
20,366.44,600.00,1,S,5,W
89,420.61,600.30,1,W,5,W
91,454.91,600.60,1,W,5,W
96,507.92,602.10,1,W,2,W
32,550.88,602.70,1,S,1,W
99,559.22,603.00,1,W,2,W
33,553.43,603.00,1,S,1,W
101,564.27,603.60,1,W,2,W
147,558.19,603.90,1,E,2,W
18,355.10,621.84,1,S,5,N
176,445.01,622.14,2,E,5,N
85,410.91,622.44,1,W,5,N
86,413.57,622.74,1,W,5,N
87,415.58,623.04,1,W,5,N
88,418.77,623.34,1,W,5,N
90,422.64,623.64,1,W,5,N
144,408.00,623.94,1,E,5,N
145,479.85,624.24,1,E,5,N
146,481.03,624.54,1,E,5,N
206,499.81,630.27,3,E,5,N
275,578.48,665.84,5,W,5,N
276,603.58,666.14,5,W,5,N
277,618.24,666.44,5,W,5,N
278,618.50,666.74,5,W,5,N
279,620.91,667.04,5,W,5,N
280,623.63,667.34,5,W,5,N
281,623.99,667.64,5,W,5,N
282,639.79,667.94,5,W,5,N
283,640.04,668.24,5,W,5,N
315,673.98,680.12,5,E,5,N
316,687.97,694.11,5,E,5,N
35,561.34,699.20,1,S,3,W
28,472.14,699.60,1,S,5,W
165,575.79,699.90,2,W,5,W
92,481.24,700.20,1,W,5,W
93,484.30,700.50,1,W,5,W
94,488.23,700.80,1,W,5,W
95,505.17,701.10,1,W,5,W
148,615.39,701.90,1,E,2,W
149,636.75,702.20,1,E,2,E
41,651.82,703.10,1,S,1,W
43,655.55,703.40,1,S,1,W
45,659.58,703.70,1,S,1,W
48,670.16,704.00,1,S,1,W
52,680.37,704.30,1,S,1,W
59,694.45,708.58,1,S,1,W
42,653.90,716.20,1,S,1,E
49,671.51,717.40,1,S,1,E
164,528.42,717.40,2,W,5,E
23,465.55,721.74,1,S,5,N
25,467.38,722.04,1,S,5,N
27,469.69,722.34,1,S,5,N
30,480.85,722.64,1,S,5,N
31,481.50,722.94,1,S,5,N
177,525.43,723.24,2,E,5,N
97,534.58,723.84,1,W,5,N
98,548.01,724.14,1,W,5,N
100,560.71,724.44,1,W,5,N
214,672.70,728.34,3,E,5,E
207,600.12,730.07,3,E,5,N
193,619.60,730.07,3,W,5,N
209,635.41,730.67,3,E,5,N
210,661.06,730.97,3,E,5,N
211,663.20,731.27,3,E,5,N
212,666.82,731.57,3,E,5,N
215,675.74,737.51,3,E,5,N
40,647.99,742.02,1,S,2,W
284,698.84,765.74,5,W,5,N
285,704.03,766.04,5,W,5,N
286,706.24,766.34,5,W,5,N
287,709.37,766.64,5,W,5,N
288,713.09,766.94,5,W,5,N
289,725.59,767.24,5,W,5,N
290,727.85,767.54,5,W,5,N
291,729.87,767.84,5,W,5,N
292,731.20,768.14,5,W,5,N
293,733.11,768.44,5,W,5,N
294,735.60,768.74,5,W,5,N
295,760.58,769.04,5,W,5,N
296,762.88,769.34,5,W,5,N
297,766.83,772.97,5,W,5,N
298,772.55,778.68,5,W,5,N
208,631.44,799.50,3,E,5,W
50,672.74,799.60,1,S,3,E
213,670.43,799.80,3,E,5,W
37,568.31,800.10,1,S,5,W
166,602.64,800.40,2,W,5,W
104,621.96,800.70,1,W,5,W
55,685.54,800.80,1,S,3,W
109,685.17,802.90,1,W,2,W
110,713.23,803.20,1,W,2,E
61,795.28,816.60,1,S,1,E
34,558.96,821.64,1,S,5,N
36,564.99,821.94,1,S,5,N
38,569.10,822.24,1,S,5,N
39,571.28,822.54,1,S,5,N
178,612.73,822.84,2,E,5,N
167,647.52,823.14,2,W,5,N
179,694.39,823.44,2,E,5,N
102,592.44,823.74,1,W,5,N
103,594.89,824.04,1,W,5,N
150,656.88,824.34,1,E,5,N
151,692.19,824.64,1,E,5,N
216,711.73,829.87,3,E,5,N
194,750.24,829.87,3,W,5,N
105,670.23,837.77,1,W,3,E
152,756.68,839.87,1,E,3,W
155,775.15,840.77,1,E,3,W
60,792.63,842.42,1,S,2,W
62,797.03,843.02,1,S,2,W
217,796.33,858.10,3,E,5,N
299,780.45,865.64,5,W,5,N
300,785.65,865.94,5,W,5,N
301,852.74,866.24,5,W,5,N
302,856.04,866.54,5,W,5,N
317,834.97,879.64,5,E,5,N
63,799.29,898.50,1,S,3,E
51,675.07,899.40,1,S,5,W
168,717.92,899.70,2,W,5,W
57,689.98,900.00,1,S,5,W
64,865.66,903.90,1,S,1,W
157,786.19,904.01,1,E,5,W
107,675.04,918.40,1,W,5,E
153,765.78,919.30,1,E,5,E
44,658.54,921.54,1,S,5,N
46,663.47,921.84,1,S,5,N
47,666.66,922.14,1,S,5,N
53,683.29,922.44,1,S,5,N
54,683.90,922.74,1,S,5,N
56,688.71,923.04,1,S,5,N
180,792.02,923.34,2,E,5,N
169,796.06,923.64,2,W,5,N
58,693.85,923.94,1,S,5,N
106,672.79,924.24,1,W,5,N
108,677.19,924.84,1,W,5,N
111,752.70,925.14,1,W,5,N
154,769.78,925.74,1,E,5,N
156,780.69,926.04,1,E,5,N
158,794.52,926.34,1,E,5,N
195,857.51,929.67,3,W,5,N
218,874.74,936.51,3,E,5,N
112,772.30,937.27,1,W,3,W
113,776.17,999.30,1,W,5,W
116,793.47,999.60,1,W,5,W
120,816.93,999.90,1,W,5,W
125,852.19,1000.20,1,W,5,W
115,789.63,1016.20,1,W,5,E
181,851.70,1021.44,2,E,5,N
170,870.24,1021.74,2,W,5,N
114,786.18,1022.04,1,W,5,N
117,797.94,1022.64,1,W,5,N
118,801.77,1022.94,1,W,5,N
119,809.46,1023.24,1,W,5,N
121,819.97,1023.54,1,W,5,N
122,825.96,1023.84,1,W,5,N
123,828.33,1024.14,1,W,5,N
124,848.20,1024.44,1,W,5,N
127,870.97,1099.20,1,W,5,W
126,870.20,1121.34,1,W,5,N
128,877.77,1121.64,1,W,5,N