id,enter_time,exit_time,entrance_intersection,entrance_direction,exit_intersection,exit_direction
230,3.44,66.44,5,W,5,N
231,5.91,66.74,5,W,5,N
232,7.11,67.04,5,W,5,N
233,11.14,67.34,5,W,5,N
234,35.70,67.64,5,W,5,N
235,36.31,67.94,5,W,5,N
236,39.38,68.24,5,W,5,N
237,53.58,68.54,5,W,5,N
238,67.86,74.00,5,W,5,N
300,15.49,80.44,5,E,5,N
6,81.82,100.70,1,S,1,W
10,94.84,108.98,1,S,1,W
216,3.71,131.27,3,E,5,N
203,59.11,131.27,3,W,5,N
217,77.66,139.43,3,E,5,N
239,137.06,166.34,5,W,5,N
240,168.51,174.64,5,W,5,N
301,106.73,180.34,5,E,5,N
302,110.59,180.64,5,E,5,N
303,170.01,180.94,5,E,5,N
204,81.06,200.10,3,W,5,W
5,79.88,200.20,1,S,3,E
191,84.95,200.40,2,E,5,W
3,8.22,200.70,1,S,5,W
88,42.27,201.00,1,W,5,W
93,125.03,201.40,1,W,2,E
94,139.82,201.70,1,W,2,W
0,0.96,222.24,1,S,5,N
1,4.05,222.54,1,S,5,N
2,8.00,222.84,1,S,5,N
85,31.95,223.14,1,W,5,N
86,33.93,223.44,1,W,5,N
87,40.18,223.74,1,W,5,N
89,45.28,224.04,1,W,5,N
146,14.31,224.34,1,E,5,N
147,18.59,224.64,1,E,5,N
148,55.39,224.94,1,E,5,N
149,86.19,225.24,1,E,5,N
205,121.10,231.07,3,W,5,N
218,101.92,231.07,3,E,5,N
219,118.72,231.37,3,E,5,N
220,196.88,258.65,3,E,5,N
241,186.05,266.24,5,W,5,N
242,211.11,266.54,5,W,5,N
243,214.17,266.84,5,W,5,N
244,215.89,267.14,5,W,5,N
245,257.46,267.44,5,W,5,N
246,259.79,267.74,5,W,5,N
304,277.31,283.44,5,E,5,N
11,182.57,299.70,1,S,3,E
150,96.28,300.00,1,E,5,W
4,79.31,300.30,1,S,5,W
192,176.37,300.60,2,E,5,W
90,64.91,300.90,1,W,5,W
91,105.57,301.20,1,W,5,W
21,277.68,301.50,1,S,1,W
95,142.64,301.50,1,W,5,W
24,297.11,315.20,1,S,1,E
8,89.05,316.30,1,S,5,E
7,87.52,322.14,1,S,5,N
9,91.60,322.74,1,S,5,N
175,178.97,323.04,2,W,5,N
176,180.61,323.34,2,W,5,N
92,123.24,323.64,1,W,5,N
96,144.47,323.94,1,W,5,N
151,103.56,324.24,1,E,5,N
206,225.03,330.87,3,W,5,N
25,303.45,343.70,1,S,2,E
247,276.32,366.14,5,W,5,N
248,279.97,366.44,5,W,5,N
249,281.18,366.74,5,W,5,N
250,285.06,367.04,5,W,5,N
251,287.27,367.34,5,W,5,N
252,308.33,367.64,5,W,5,N
253,332.51,367.94,5,W,5,N
254,350.43,368.24,5,W,5,N
255,353.78,368.54,5,W,5,N
305,313.71,380.14,5,E,5,N
20,276.35,399.50,1,S,3,E
152,196.21,399.90,1,E,5,W
13,188.46,400.20,1,S,5,W
16,197.57,400.50,1,S,5,W
102,272.15,400.70,1,W,2,E
18,206.24,400.80,1,S,5,W
19,207.84,401.10,1,S,5,W
97,171.50,401.40,1,W,5,W
153,235.24,401.70,1,E,5,W
99,240.94,418.90,1,W,5,E
12,186.46,422.04,1,S,5,N
14,190.53,422.34,1,S,5,N
15,193.92,422.64,1,S,5,N
17,202.62,422.94,1,S,5,N
193,264.93,423.24,2,E,5,N
177,250.41,423.54,2,W,5,N
178,277.70,423.84,2,W,5,N
179,291.24,424.14,2,W,5,N
180,293.92,424.44,2,W,5,N
98,209.97,424.74,1,W,5,N
100,261.88,425.34,1,W,5,N
101,264.99,425.64,1,W,5,N
154,242.88,425.94,1,E,5,N
155,247.48,426.24,1,E,5,N
221,301.99,430.67,3,E,5,N
208,376.62,438.39,3,W,5,N
35,401.87,442.92,1,S,2,W
256,380.79,466.04,5,W,5,N
257,383.18,466.34,5,W,5,N
258,398.01,466.64,5,W,5,N
259,398.06,466.94,5,W,5,N
260,412.08,467.24,5,W,5,N
261,414.37,467.54,5,W,5,N
262,422.42,467.84,5,W,5,N
263,428.82,468.14,5,W,5,N
264,433.33,468.44,5,W,5,N
265,437.26,468.74,5,W,5,N
266,440.97,469.04,5,W,5,N
267,446.32,469.34,5,W,5,N
268,452.22,469.64,5,W,5,N
306,460.92,480.04,5,E,5,N
26,392.44,499.30,1,S,3,W
222,364.44,499.80,3,E,5,W
207,372.98,500.10,3,W,5,W
23,294.08,500.40,1,S,5,W
194,311.24,500.70,2,E,5,W
36,413.45,500.80,1,S,2,E
182,335.16,501.00,2,W,5,W
183,358.10,501.30,2,W,5,W
195,397.40,501.60,2,E,5,W
105,311.77,501.90,1,W,5,W
106,353.10,502.20,1,W,5,W
32,400.27,502.30,1,S,1,W
107,355.51,502.50,1,W,5,W
33,400.31,502.60,1,S,1,W
156,355.15,502.80,1,E,5,W
38,419.17,502.90,1,S,1,W
43,435.20,503.20,1,S,1,W
158,387.78,505.60,1,E,5,W
160,490.44,516.55,1,E,2,W
157,358.16,517.30,1,E,5,E
22,283.05,521.94,1,S,5,N
181,323.33,522.24,2,W,5,N
103,272.44,522.54,1,W,5,N
104,305.81,522.84,1,W,5,N
108,358.37,523.14,1,W,5,N
209,399.91,524.33,3,W,5,E
210,431.55,530.77,3,W,5,N
223,477.14,538.91,3,E,5,N
159,425.41,540.47,1,E,3,E
211,488.81,550.58,3,W,5,N
212,493.54,555.31,3,W,5,N
269,483.61,565.94,5,W,5,N
270,543.25,566.24,5,W,5,N
271,570.81,576.94,5,W,5,N
307,570.27,579.94,5,E,5,N
308,579.26,585.40,5,E,5,N
309,590.04,596.18,5,E,5,N
28,394.71,599.70,1,S,5,W
29,395.32,600.00,1,S,5,W
37,418.91,600.30,1,S,5,W
109,388.68,600.60,1,W,5,W
110,392.63,600.90,1,W,5,W
114,435.00,601.20,1,W,5,W
310,596.08,602.21,5,E,5,N
44,535.17,602.70,1,S,1,W
27,392.55,615.70,1,S,5,E
30,397.16,616.00,1,S,5,E
39,421.62,617.20,1,S,5,E
31,400.09,622.44,1,S,5,N
34,400.35,622.74,1,S,5,N
196,463.68,623.04,2,E,5,N
40,425.32,623.64,1,S,5,N
41,427.80,623.94,1,S,5,N
42,428.44,624.24,1,S,5,N
111,395.34,624.54,1,W,5,N
112,428.82,624.84,1,W,5,N
113,431.06,625.14,1,W,5,N
224,579.10,640.87,3,E,5,N
272,575.78,665.84,5,W,5,N
273,590.15,666.14,5,W,5,N
274,594.02,666.44,5,W,5,N
275,597.50,666.74,5,W,5,N
276,611.83,667.04,5,W,5,N
277,613.96,667.34,5,W,5,N
278,616.65,667.64,5,W,5,N
279,620.68,667.94,5,W,5,N
280,623.82,668.24,5,W,5,N
281,643.17,668.54,5,W,5,N
282,645.05,668.84,5,W,5,N
283,648.90,669.14,5,W,5,N
284,652.61,669.44,5,W,5,N
285,671.11,677.24,5,W,5,N
186,586.27,699.60,2,W,5,W
116,481.47,699.90,1,W,5,W
118,499.93,700.20,1,W,5,W
119,512.94,700.50,1,W,5,W
162,577.96,700.80,1,E,5,W
164,645.21,702.50,1,E,2,E
184,512.54,715.90,2,W,5,E
121,557.18,717.70,1,W,5,E
197,554.46,721.74,2,E,5,N
185,576.91,722.34,2,W,5,N
45,538.09,722.64,1,S,5,N
115,474.92,722.94,1,W,5,N
117,485.08,723.24,1,W,5,N
120,554.07,723.54,1,W,5,N
161,540.24,724.14,1,E,5,N
225,645.24,730.07,3,E,5,N
213,642.90,730.07,3,W,5,N
214,649.47,730.37,3,W,5,N
286,674.53,765.74,5,W,5,N
287,743.70,766.04,5,W,5,N
288,744.56,766.34,5,W,5,N
289,745.75,766.64,5,W,5,N
290,746.43,766.94,5,W,5,N
291,768.11,774.25,5,W,5,N
311,742.84,779.74,5,E,5,N
187,611.02,799.50,2,W,5,W
188,637.55,799.80,2,W,5,W
46,609.60,800.10,1,S,5,W
123,624.61,800.40,1,W,5,W
163,611.34,800.70,1,E,5,W
51,775.45,803.50,1,S,1,W
200,777.79,813.87,2,E,3,W
124,625.88,816.40,1,W,5,E
198,612.59,821.64,2,E,5,N
199,687.29,821.94,2,E,5,N
122,603.62,822.24,1,W,5,N
165,665.38,822.84,1,E,5,N
226,712.84,829.87,3,E,5,N
228,717.45,830.47,3,E,5,N
126,702.33,837.47,1,W,3,W
169,776.15,839.87,1,E,3,W
215,786.97,848.74,3,W,5,N
292,781.40,865.64,5,W,5,N
293,785.29,865.94,5,W,5,N
294,788.72,866.24,5,W,5,N
295,802.93,866.54,5,W,5,N
296,803.15,866.84,5,W,5,N
297,808.92,867.14,5,W,5,N
298,863.41,869.55,5,W,5,N
299,868.68,874.82,5,W,5,N
312,849.59,879.64,5,E,5,N
313,858.06,879.94,5,E,5,N
314,868.11,880.24,5,E,5,N
315,868.68,880.54,5,E,5,N
316,891.73,897.86,5,E,5,N
227,715.40,899.40,3,E,5,W
190,763.17,899.70,2,W,5,W
125,669.56,900.00,1,W,5,W
168,739.21,900.30,1,E,5,W
58,788.13,900.90,1,S,3,W
171,783.51,901.33,1,E,5,W
62,816.07,901.50,1,S,2,W
317,896.05,902.19,5,E,5,N
60,806.86,903.90,1,S,1,W
63,818.27,904.20,1,S,1,W
70,837.82,904.50,1,S,1,W
73,851.49,904.80,1,S,1,W
76,861.74,905.10,1,S,1,W
77,864.84,905.40,1,S,1,W
80,869.59,905.70,1,S,1,W
82,874.74,906.00,1,S,1,W
189,702.05,916.00,2,W,5,E
127,704.42,916.30,1,W,5,E
167,733.49,917.80,1,E,5,E
47,698.67,921.54,1,S,5,N
48,701.57,921.84,1,S,5,N
128,726.40,922.74,1,W,5,N
129,759.46,923.04,1,W,5,N
130,762.14,923.34,1,W,5,N
166,704.02,923.64,1,E,5,N
170,777.29,924.24,1,E,5,N
229,819.65,929.67,3,E,5,N
138,845.08,941.77,1,W,3,W
172,862.23,942.67,1,E,3,E
72,849.54,998.60,1,S,3,E
49,770.63,999.30,1,S,5,W
78,866.36,999.50,1,S,3,E
52,780.06,999.60,1,S,5,W
79,866.85,999.80,1,S,3,E
54,780.92,999.90,1,S,5,W
81,873.50,1000.10,1,S,3,E
59,792.78,1000.20,1,S,5,W
65,825.02,1000.50,1,S,5,W
67,833.53,1000.80,1,S,5,W
131,783.00,1001.10,1,W,5,W
133,807.10,1001.40,1,W,5,W
136,843.88,1001.70,1,W,5,W
140,864.58,1002.00,1,W,5,W
173,869.06,1002.30,1,E,5,W
145,896.67,1002.50,1,W,2,W
174,880.90,1002.60,1,E,5,W
53,780.22,1015.60,1,S,5,E
56,785.03,1016.20,1,S,5,E
64,820.69,1017.70,1,S,5,E
66,827.71,1018.00,1,S,5,E
69,836.92,1018.60,1,S,5,E
50,772.64,1021.44,1,S,5,N
55,784.58,1022.04,1,S,5,N
57,785.59,1022.64,1,S,5,N
201,861.59,1022.94,2,E,5,N
202,881.76,1023.24,2,E,5,N
61,809.81,1023.54,1,S,5,N
68,833.92,1024.44,1,S,5,N
132,783.34,1025.04,1,W,5,N
134,813.66,1025.34,1,W,5,N
135,817.21,1025.64,1,W,5,N
137,844.62,1025.94,1,W,5,N
139,845.70,1026.24,1,W,5,N
141,875.81,1037.37,1,W,3,E
71,843.16,1099.20,1,S,5,W
75,854.23,1099.50,1,S,5,W
143,879.78,1099.80,1,W,5,W
83,874.82,1115.50,1,S,5,E
74,851.75,1121.34,1,S,5,N
84,878.48,1121.94,1,S,5,N
142,876.32,1122.24,1,W,5,N
144,882.05,1122.54,1,W,5,N