id,enter_time,exit_time,entrance_intersection,entrance_direction,exit_intersection,exit_direction
4,7.19,21.32,1,S,1,E
268,2.52,66.44,5,W,5,N
269,16.87,66.74,5,W,5,N
270,18.89,67.04,5,W,5,N
271,23.29,67.34,5,W,5,N
272,26.94,67.64,5,W,5,N
273,32.46,67.94,5,W,5,N
274,36.04,68.24,5,W,5,N
275,38.64,68.54,5,W,5,N
276,41.42,68.84,5,W,5,N
277,61.56,69.14,5,W,5,N
278,63.95,70.09,5,W,5,N
358,14.13,80.44,5,E,5,N
359,58.97,80.74,5,E,5,N
9,87.55,101.69,1,S,1,W
206,53.58,112.87,2,W,3,E
8,84.19,114.10,1,S,1,E
234,6.78,125.13,3,W,5,E
93,43.42,138.57,1,W,3,E
279,104.92,166.34,5,W,5,N
280,144.52,166.64,5,W,5,N
281,150.45,166.94,5,W,5,N
282,163.68,169.81,5,W,5,N
360,143.07,180.34,5,E,5,N
6,82.83,199.90,1,S,3,W
251,26.23,200.10,3,E,5,W
1,2.73,200.40,1,S,5,W
2,4.43,200.70,1,S,5,W
205,25.13,201.00,2,W,5,W
10,167.31,201.10,1,S,1,W
90,37.44,201.30,1,W,5,W
92,41.12,201.60,1,W,5,W
95,56.11,201.90,1,W,5,W
173,53.90,202.20,1,E,5,W
15,183.66,215.10,1,S,1,E
18,196.86,216.00,1,S,1,E
171,17.46,219.40,1,E,5,E
0,1.16,222.24,1,S,5,N
207,74.51,222.54,2,W,5,N
222,85.40,222.84,2,E,5,N
3,6.62,223.14,1,S,5,N
5,10.23,223.44,1,S,5,N
88,15.11,223.74,1,W,5,N
89,20.05,224.04,1,W,5,N
91,40.60,224.34,1,W,5,N
94,55.65,224.64,1,W,5,N
96,58.61,224.94,1,W,5,N
170,6.70,225.24,1,E,5,N
172,33.90,225.84,1,E,5,N
174,88.16,226.14,1,E,5,N
175,92.48,226.44,1,E,5,N
235,151.33,231.07,3,W,5,N
253,150.63,231.37,3,E,5,N
236,155.78,231.37,3,W,5,N
255,177.15,238.92,3,E,5,N
176,107.26,239.27,1,E,3,E
16,190.20,241.52,1,S,2,E
283,180.08,266.24,5,W,5,N
284,194.68,266.54,5,W,5,N
285,213.71,266.84,5,W,5,N
286,215.54,267.14,5,W,5,N
287,215.76,267.44,5,W,5,N
288,218.34,267.74,5,W,5,N
289,223.34,268.04,5,W,5,N
290,243.72,268.34,5,W,5,N
291,243.93,268.64,5,W,5,N
292,247.55,268.94,5,W,5,N
293,251.40,269.24,5,W,5,N
294,252.06,269.54,5,W,5,N
295,254.54,269.84,5,W,5,N
361,223.17,280.24,5,E,5,N
362,225.82,280.54,5,E,5,N
363,229.77,280.84,5,E,5,N
364,232.70,281.14,5,E,5,N
365,241.82,281.44,5,E,5,N
252,136.00,300.00,3,E,5,W
254,166.87,300.30,3,E,5,W
7,82.97,300.60,1,S,5,W
209,143.07,300.90,2,W,5,W
102,101.73,301.20,1,W,5,W
19,199.80,301.50,1,S,1,W
104,132.10,301.50,1,W,5,W
181,158.22,301.80,1,E,5,W
26,291.22,305.36,1,S,1,W
208,115.50,316.00,2,W,5,E
99,84.88,317.20,1,W,5,E
179,122.62,319.30,1,E,5,E
223,177.44,322.44,2,E,5,N
97,77.18,322.74,1,W,5,N
98,80.75,323.04,1,W,5,N
100,86.26,323.64,1,W,5,N
101,99.10,323.94,1,W,5,N
103,124.70,324.24,1,W,5,N
105,158.24,324.54,1,W,5,N
177,113.40,324.84,1,E,5,N
178,116.80,325.14,1,E,5,N
180,132.85,325.74,1,E,5,N
182,194.20,326.04,1,E,5,N
36,317.16,331.29,1,S,1,E
23,273.49,341.02,1,S,2,W
25,287.24,341.62,1,S,2,W
237,296.79,358.56,3,W,5,N
296,294.51,366.14,5,W,5,N
297,294.67,366.44,5,W,5,N
298,298.44,366.74,5,W,5,N
299,301.85,367.04,5,W,5,N
300,306.34,367.34,5,W,5,N
301,308.39,367.64,5,W,5,N
302,312.19,367.94,5,W,5,N
303,316.14,368.24,5,W,5,N
304,321.32,368.54,5,W,5,N
305,324.56,368.84,5,W,5,N
306,341.92,369.14,5,W,5,N
307,344.98,369.44,5,W,5,N
366,390.13,396.26,5,E,5,N
21,266.95,399.50,1,S,3,W
256,259.65,399.90,3,E,5,W
12,174.56,400.20,1,S,5,W
183,204.26,400.50,1,E,5,W
186,216.63,400.80,1,E,5,W
32,307.07,401.00,1,S,2,W
30,304.25,401.90,1,S,1,W
38,320.14,402.50,1,S,2,W
41,403.79,417.92,1,S,1,E
106,208.50,418.30,1,W,5,E
11,170.59,422.04,1,S,5,N
13,178.12,422.34,1,S,5,N
14,181.20,422.64,1,S,5,N
17,193.61,422.94,1,S,5,N
20,203.60,423.24,1,S,5,N
224,273.48,423.54,2,E,5,N
210,212.66,423.84,2,W,5,N
211,289.62,424.14,2,W,5,N
107,211.52,424.74,1,W,5,N
108,241.54,425.04,1,W,5,N
109,242.81,425.34,1,W,5,N
110,244.82,425.64,1,W,5,N
111,246.58,425.94,1,W,5,N
112,247.02,426.24,1,W,5,N
113,249.14,426.54,1,W,5,N
184,207.55,426.84,1,E,5,N
185,211.13,427.14,1,E,5,N
187,269.97,427.44,1,E,5,N
238,304.60,430.67,3,W,5,N
239,344.88,430.97,3,W,5,N
240,350.50,431.27,3,W,5,N
39,322.98,438.87,1,S,3,W
118,307.78,440.67,1,W,3,W
258,386.50,442.13,3,E,5,E
259,390.35,452.12,3,E,5,N
308,376.65,466.04,5,W,5,N
309,377.58,466.34,5,W,5,N
310,380.66,466.64,5,W,5,N
311,383.02,466.94,5,W,5,N
312,387.75,467.24,5,W,5,N
313,406.45,467.54,5,W,5,N
314,406.69,467.84,5,W,5,N
315,406.94,468.14,5,W,5,N
316,444.45,468.44,5,W,5,N
317,462.62,468.76,5,W,5,N
318,468.28,474.42,5,W,5,N
319,470.95,477.09,5,W,5,N
367,401.14,480.04,5,E,5,N
257,372.83,499.80,3,E,5,W
260,392.74,500.10,3,E,5,W
28,296.92,500.40,1,S,5,W
225,359.00,500.70,2,E,5,W
40,324.41,501.00,1,S,5,W
115,273.22,501.30,1,W,5,W
121,317.30,501.60,1,W,5,W
45,415.28,501.70,1,S,2,W
368,498.21,504.34,5,E,5,N
120,313.34,519.70,1,W,5,E
189,354.98,520.60,1,E,5,E
22,269.96,521.94,1,S,5,N
24,284.37,522.24,1,S,5,N
27,291.26,522.54,1,S,5,N
29,300.80,522.84,1,S,5,N
31,306.96,523.14,1,S,5,N
33,307.24,523.44,1,S,5,N
34,313.49,523.74,1,S,5,N
35,315.12,524.04,1,S,5,N
37,319.21,524.34,1,S,5,N
114,268.60,524.64,1,W,5,N
116,274.40,524.94,1,W,5,N
117,274.45,525.24,1,W,5,N
119,310.78,525.54,1,W,5,N
122,362.79,526.14,1,W,5,N
188,325.38,526.44,1,E,5,N
241,402.29,530.47,3,W,5,N
242,456.91,530.77,3,W,5,N
320,473.68,565.94,5,W,5,N
321,493.40,566.24,5,W,5,N
322,498.23,566.54,5,W,5,N
323,528.08,566.84,5,W,5,N
324,544.05,567.14,5,W,5,N
325,548.86,567.44,5,W,5,N
326,564.38,570.52,5,W,5,N
369,504.04,579.94,5,E,5,N
47,483.51,599.10,1,S,3,W
261,472.62,599.70,3,E,5,W
214,473.18,600.00,2,W,5,W
42,409.39,600.30,1,S,5,W
44,413.89,600.60,1,S,5,W
123,395.00,600.90,1,W,5,W
127,407.99,601.20,1,W,5,W
212,442.52,615.70,2,W,5,E
226,453.03,622.14,2,E,5,N
213,453.00,622.44,2,W,5,N
227,481.62,622.74,2,E,5,N
43,411.52,623.04,1,S,5,N
46,422.82,623.34,1,S,5,N
124,397.50,623.64,1,W,5,N
125,402.63,623.94,1,W,5,N
126,405.78,624.24,1,W,5,N
128,442.58,624.54,1,W,5,N
190,490.73,624.84,1,E,5,N
262,540.71,630.27,3,E,5,N
246,568.18,631.17,3,W,5,N
327,593.52,665.84,5,W,5,N
328,596.44,666.14,5,W,5,N
329,599.79,666.44,5,W,5,N
330,663.80,669.94,5,W,5,N
331,666.08,672.22,5,W,5,N
332,670.39,676.53,5,W,5,N
333,672.05,678.18,5,W,5,N
370,610.19,679.84,5,E,5,N
371,615.59,680.14,5,E,5,N
372,641.78,680.44,5,E,5,N
373,654.77,680.74,5,E,5,N
374,661.03,681.04,5,E,5,N
375,670.68,681.34,5,E,5,N
243,500.75,699.60,3,W,5,W
244,523.79,699.90,3,W,5,W
245,527.20,700.20,3,W,5,W
247,594.75,700.50,3,W,5,W
48,486.97,700.80,1,S,5,W
216,579.90,701.10,2,W,5,W
136,540.23,701.40,1,W,5,W
192,545.82,701.70,1,E,5,W
193,581.63,702.00,1,E,5,W
215,552.75,721.74,2,W,5,N
228,530.10,722.04,2,E,5,N
129,473.23,722.34,1,W,5,N
130,480.94,722.64,1,W,5,N
131,483.07,722.94,1,W,5,N
132,485.08,723.24,1,W,5,N
133,487.68,723.54,1,W,5,N
134,526.23,723.84,1,W,5,N
135,537.15,724.14,1,W,5,N
137,540.66,724.44,1,W,5,N
138,545.73,724.74,1,W,5,N
191,543.72,725.04,1,E,5,N
263,636.95,730.07,3,E,5,N
249,693.27,755.04,3,W,5,N
334,674.92,765.74,5,W,5,N
335,675.07,766.04,5,W,5,N
336,677.39,766.34,5,W,5,N
337,684.79,766.64,5,W,5,N
338,688.17,766.94,5,W,5,N
339,692.68,767.24,5,W,5,N
340,698.39,767.54,5,W,5,N
341,700.46,767.84,5,W,5,N
342,703.21,768.14,5,W,5,N
343,705.82,768.44,5,W,5,N
344,706.81,768.74,5,W,5,N
345,709.20,769.04,5,W,5,N
346,712.51,769.34,5,W,5,N
347,713.72,769.64,5,W,5,N
348,753.22,769.94,5,W,5,N
376,773.94,780.08,5,E,5,N
377,775.59,781.73,5,E,5,N
248,653.49,799.50,3,W,5,W
264,673.61,799.80,3,E,5,W
265,684.79,800.10,3,E,5,W
51,554.81,800.40,1,S,5,W
55,559.98,800.70,1,S,5,W
229,620.48,801.00,2,E,5,W
139,569.52,801.30,1,W,5,W
141,590.52,801.60,1,W,5,W
144,626.48,801.90,1,W,5,W
61,709.55,803.50,1,S,1,W
64,776.05,803.80,1,S,1,W
66,780.31,804.10,1,S,1,W
69,793.52,807.66,1,S,1,W
52,555.41,816.10,1,S,5,E
146,632.55,819.10,1,W,5,E
49,552.81,821.64,1,S,5,N
50,553.76,821.94,1,S,5,N
53,556.96,822.54,1,S,5,N
54,558.80,822.84,1,S,5,N
56,562.39,823.14,1,S,5,N
57,636.27,823.44,1,S,5,N
58,637.92,823.74,1,S,5,N
140,588.14,824.04,1,W,5,N
142,592.98,824.34,1,W,5,N
143,596.27,824.64,1,W,5,N
145,629.16,824.94,1,W,5,N
147,636.17,825.54,1,W,5,N
194,620.11,825.84,1,E,5,N
195,647.70,826.14,1,E,5,N
196,684.93,826.44,1,E,5,N
266,778.42,840.19,3,E,5,N
349,804.29,865.64,5,W,5,N
350,871.92,878.06,5,W,5,N
378,856.15,879.64,5,E,5,N
379,859.79,879.94,5,E,5,N
231,788.90,899.40,2,E,5,W
149,713.95,899.70,1,W,5,W
150,754.30,900.00,1,W,5,W
72,801.56,903.90,1,S,1,W
75,808.30,904.20,1,S,1,W
76,811.65,904.50,1,S,1,W
200,840.73,906.30,1,E,2,W
148,674.82,916.90,1,W,5,E
87,851.90,917.00,1,S,1,E
59,644.67,921.54,1,S,5,N
60,645.64,921.84,1,S,5,N
230,701.61,922.14,2,E,5,N
217,752.75,922.44,2,W,5,N
62,712.90,922.74,1,S,5,N
151,759.43,923.34,1,W,5,N
152,761.70,923.64,1,W,5,N
197,782.12,923.94,1,E,5,N
221,895.88,931.95,2,W,3,E
267,897.02,958.79,3,E,5,N
351,874.99,965.54,5,W,5,N
352,878.13,965.84,5,W,5,N
353,881.45,966.14,5,W,5,N
354,886.74,966.44,5,W,5,N
355,889.84,966.74,5,W,5,N
356,894.91,967.04,5,W,5,N
357,898.57,967.34,5,W,5,N
250,805.66,999.30,3,W,5,W
63,775.05,999.60,1,S,5,W
67,781.06,999.90,1,S,5,W
73,802.87,1000.20,1,S,5,W
220,866.93,1000.50,2,W,5,W
80,827.65,1000.80,1,S,5,W
81,831.48,1001.10,1,S,5,W
85,837.65,1001.40,1,S,5,W
154,809.18,1001.70,1,W,5,W
198,803.47,1002.00,1,E,5,W
199,807.27,1002.30,1,E,5,W
202,865.26,1002.60,1,E,5,W
65,777.56,1021.44,1,S,5,N
68,792.50,1021.74,1,S,5,N
70,797.31,1022.04,1,S,5,N
71,800.18,1022.34,1,S,5,N
232,832.46,1022.64,2,E,5,N
218,802.00,1022.94,2,W,5,N
233,857.43,1023.24,2,E,5,N
219,847.28,1023.54,2,W,5,N
74,806.27,1023.84,1,S,5,N
77,811.79,1024.14,1,S,5,N
78,823.69,1024.44,1,S,5,N
79,826.72,1024.74,1,S,5,N
82,832.86,1025.04,1,S,5,N
83,834.89,1025.34,1,S,5,N
84,835.48,1025.64,1,S,5,N
153,806.68,1025.94,1,W,5,N
155,816.05,1026.24,1,W,5,N
156,819.52,1026.54,1,W,5,N
157,822.22,1026.84,1,W,5,N
201,846.11,1027.14,1,E,5,N
203,869.61,1027.44,1,E,5,N
204,899.48,1027.74,1,E,5,N
167,890.04,1040.07,1,W,3,W
158,868.86,1099.20,1,W,5,W
159,872.74,1099.50,1,W,5,W
165,886.62,1099.80,1,W,5,W
169,899.76,1100.10,1,W,5,W
86,848.68,1121.34,1,S,5,N
160,874.83,1121.64,1,W,5,N
161,875.15,1121.94,1,W,5,N
162,877.26,1122.24,1,W,5,N
163,880.23,1122.54,1,W,5,N
164,883.30,1122.84,1,W,5,N
166,889.56,1123.14,1,W,5,N
168,892.33,1123.44,1,W,5,N