id,enter_time,exit_time,entrance_intersection,entrance_direction,exit_intersection,exit_direction
243,1.93,66.44,5,W,5,N
244,18.66,66.74,5,W,5,N
245,30.21,67.04,5,W,5,N
246,31.39,67.34,5,W,5,N
247,33.86,67.64,5,W,5,N
248,35.94,67.94,5,W,5,N
249,41.62,68.24,5,W,5,N
250,44.42,68.54,5,W,5,N
251,48.17,68.84,5,W,5,N
252,50.78,69.14,5,W,5,N
253,54.28,69.44,5,W,5,N
254,58.53,69.74,5,W,5,N
255,59.57,70.04,5,W,5,N
256,62.83,70.34,5,W,5,N
257,64.33,70.47,5,W,5,N
0,3.00,100.70,1,S,1,W
4,22.75,101.00,1,S,1,W
6,26.78,101.30,1,S,1,W
7,35.34,101.60,1,S,1,W
10,40.85,101.90,1,S,1,W
11,42.53,102.20,1,S,1,W
12,42.71,102.50,1,S,1,W
16,61.93,102.80,1,S,1,W
19,65.13,103.10,1,S,1,W
189,29.15,112.57,2,W,3,W
190,73.65,112.87,2,W,3,E
18,63.56,115.00,1,S,1,E
224,3.75,131.27,3,E,5,N
28,124.11,138.25,1,S,1,E
258,82.07,166.34,5,W,5,N
259,109.42,166.64,5,W,5,N
260,113.28,166.94,5,W,5,N
261,118.93,167.24,5,W,5,N
309,148.13,180.34,5,E,5,N
310,150.82,180.64,5,E,5,N
225,99.59,200.10,3,E,5,W
199,86.14,200.40,2,E,5,W
1,10.50,200.70,1,S,5,W
5,23.14,201.00,1,S,5,W
32,143.49,201.10,1,S,1,W
8,36.57,201.30,1,S,5,W
87,8.30,201.60,1,W,5,W
89,24.59,201.90,1,W,5,W
90,26.95,202.20,1,W,5,W
92,53.04,202.50,1,W,5,W
153,32.14,202.80,1,E,5,W
154,42.39,203.10,1,E,5,W
31,141.84,214.20,1,S,1,E
94,63.07,218.20,1,W,5,E
2,20.99,222.24,1,S,5,N
3,21.07,222.54,1,S,5,N
85,1.24,222.84,1,W,5,N
86,4.88,223.14,1,W,5,N
88,14.37,223.44,1,W,5,N
91,33.52,223.74,1,W,5,N
93,59.32,224.04,1,W,5,N
151,21.63,224.64,1,E,5,N
152,26.95,224.94,1,E,5,N
155,58.60,225.24,1,E,5,N
156,121.79,240.47,1,E,3,E
226,190.52,252.29,3,E,5,N
213,197.02,258.79,3,W,5,N
262,178.97,266.24,5,W,5,N
263,182.13,266.54,5,W,5,N
264,186.02,266.84,5,W,5,N
265,186.96,267.14,5,W,5,N
266,201.72,267.44,5,W,5,N
267,205.78,267.74,5,W,5,N
268,209.20,268.04,5,W,5,N
269,213.93,268.34,5,W,5,N
270,223.49,268.64,5,W,5,N
271,225.58,268.94,5,W,5,N
272,226.49,269.24,5,W,5,N
273,227.72,269.54,5,W,5,N
274,231.31,269.84,5,W,5,N
275,236.62,270.14,5,W,5,N
276,243.32,270.44,5,W,5,N
277,244.20,270.74,5,W,5,N
278,264.97,271.11,5,W,5,N
311,207.63,280.24,5,E,5,N
212,145.10,300.00,3,W,5,W
9,37.68,300.30,1,S,5,W
20,67.11,300.60,1,S,5,W
23,72.60,300.90,1,S,5,W
25,76.62,301.20,1,S,5,W
34,218.74,301.50,1,S,1,W
26,79.01,301.50,1,S,5,W
37,225.82,301.80,1,S,1,W
29,127.58,301.80,1,S,5,W
97,72.63,302.10,1,W,5,W
101,106.14,302.40,1,W,5,W
104,151.54,302.70,1,W,5,W
105,155.35,303.00,1,W,5,W
98,75.75,319.30,1,W,5,E
13,45.77,322.14,1,S,5,N
14,48.87,322.44,1,S,5,N
15,50.50,322.74,1,S,5,N
17,63.16,323.04,1,S,5,N
21,70.24,323.34,1,S,5,N
22,71.72,323.64,1,S,5,N
24,75.91,323.94,1,S,5,N
27,82.76,324.24,1,S,5,N
200,163.59,324.54,2,E,5,N
95,66.69,324.84,1,W,5,N
96,70.43,325.14,1,W,5,N
99,83.12,325.74,1,W,5,N
100,104.55,326.04,1,W,5,N
102,113.52,326.34,1,W,5,N
103,115.58,326.64,1,W,5,N
106,157.41,326.94,1,W,5,N
157,133.19,327.24,1,E,5,N
158,145.10,327.54,1,E,5,N
214,248.89,330.87,3,W,5,N
227,227.53,330.87,3,E,5,N
215,255.07,331.17,3,W,5,N
279,337.21,366.14,5,W,5,N
312,308.66,380.14,5,E,5,N
313,319.26,380.44,5,E,5,N
314,371.22,380.74,5,E,5,N
38,288.76,399.50,1,S,3,W
228,254.26,399.90,3,E,5,W
30,139.23,400.20,1,S,5,W
201,220.88,400.50,2,E,5,W
202,242.39,400.80,2,E,5,W
33,211.65,401.10,1,S,5,W
110,238.82,401.40,1,W,5,W
112,246.44,401.70,1,W,5,W
113,249.71,402.00,1,W,5,W
203,340.18,412.87,2,E,3,W
41,377.68,415.00,1,S,1,E
191,232.53,415.90,2,W,5,E
36,223.06,416.80,1,S,5,E
108,203.21,417.40,1,W,5,E
159,243.42,418.60,1,E,5,E
192,243.71,422.34,2,W,5,N
35,221.13,422.64,1,S,5,N
107,175.62,423.24,1,W,5,N
109,206.03,423.84,1,W,5,N
111,245.18,424.14,1,W,5,N
114,253.36,424.44,1,W,5,N
230,345.69,424.83,3,E,5,E
160,269.66,425.04,1,E,5,N
161,291.26,425.34,1,E,5,N
229,315.77,430.67,3,E,5,N
216,381.58,443.35,3,W,5,N
280,406.77,466.04,5,W,5,N
281,409.48,466.34,5,W,5,N
282,413.38,466.64,5,W,5,N
283,417.52,466.94,5,W,5,N
284,418.28,467.24,5,W,5,N
285,432.53,467.54,5,W,5,N
286,432.88,467.84,5,W,5,N
287,463.37,469.50,5,W,5,N
288,466.08,472.22,5,W,5,N
289,468.58,474.72,5,W,5,N
315,476.83,482.96,5,E,5,N
316,478.38,484.52,5,E,5,N
39,297.04,499.80,1,S,5,W
193,395.73,500.10,2,W,5,W
115,293.50,500.40,1,W,5,W
117,330.31,500.70,1,W,5,W
163,333.89,501.00,1,E,5,W
43,455.70,502.30,1,S,1,W
45,457.57,502.60,1,S,1,W
48,465.43,502.90,1,S,1,W
49,466.11,503.20,1,S,1,W
51,471.37,503.50,1,S,1,W
164,386.25,504.07,1,E,5,W
116,300.40,521.94,1,W,5,N
162,323.67,522.24,1,E,5,N
232,409.20,530.77,3,E,5,N
169,438.25,539.27,1,E,3,W
217,484.55,540.18,3,W,5,E
42,453.79,541.22,1,S,2,W
290,541.74,565.94,5,W,5,N
291,549.28,566.24,5,W,5,N
292,554.99,566.54,5,W,5,N
293,558.10,566.84,5,W,5,N
317,527.73,579.94,5,E,5,N
318,569.38,580.24,5,E,5,N
165,400.30,599.70,1,E,5,W
231,405.77,600.00,3,E,5,W
233,411.37,600.30,3,E,5,W
53,478.24,600.60,1,S,3,E
40,370.33,600.60,1,S,5,W
204,404.02,600.90,2,E,5,W
319,594.90,601.03,5,E,5,N
119,414.48,601.20,1,W,5,W
120,432.86,601.50,1,W,5,W
166,410.07,601.80,1,E,5,W
167,411.46,602.10,1,E,5,W
168,417.74,602.40,1,E,5,W
170,457.19,602.70,1,E,5,W
122,452.14,616.90,1,W,5,E
194,414.30,621.84,2,W,5,N
205,489.34,622.14,2,E,5,N
118,380.83,622.44,1,W,5,N
121,435.34,622.74,1,W,5,N
234,517.61,624.13,3,E,5,E
235,549.26,630.57,3,E,5,N
236,551.76,630.87,3,E,5,N
237,570.75,632.52,3,E,5,N
238,572.93,634.70,3,E,5,N
219,587.66,649.43,3,W,5,N
294,579.89,665.84,5,W,5,N
295,583.42,666.14,5,W,5,N
296,587.23,666.44,5,W,5,N
297,617.69,666.74,5,W,5,N
298,621.07,667.04,5,W,5,N
299,672.20,678.34,5,W,5,N
218,529.24,699.60,3,W,5,W
50,469.00,699.90,1,S,5,W
52,474.73,700.20,1,S,5,W
206,520.65,700.50,2,E,5,W
195,594.42,700.80,2,W,5,W
56,614.27,701.00,1,S,2,W
125,470.32,701.10,1,W,5,W
126,499.17,701.40,1,W,5,W
58,617.89,703.10,1,S,1,W
59,623.02,703.40,1,S,1,W
127,514.47,717.40,1,W,5,E
173,590.95,719.20,1,E,5,E
44,457.55,721.74,1,S,5,N
46,461.16,722.04,1,S,5,N
47,462.71,722.34,1,S,5,N
207,541.60,722.64,2,E,5,N
123,468.26,722.94,1,W,5,N
124,469.01,723.24,1,W,5,N
128,517.90,723.84,1,W,5,N
129,524.58,724.14,1,W,5,N
130,527.93,724.44,1,W,5,N
171,573.29,724.74,1,E,5,N
172,579.45,725.04,1,E,5,N
300,701.59,765.74,5,W,5,N
301,766.02,772.15,5,W,5,N
320,744.69,779.74,5,E,5,N
239,638.74,799.50,3,E,5,W
54,540.82,799.80,1,S,5,W
208,637.41,800.10,2,E,5,W
62,629.92,800.40,1,S,5,W
131,578.95,800.70,1,W,5,W
132,582.72,801.00,1,W,5,W
135,605.23,801.30,1,W,5,W
136,611.83,801.60,1,W,5,W
137,658.98,801.90,1,W,5,W
65,700.52,803.50,1,S,1,W
177,725.50,803.80,1,E,2,W
67,781.52,803.80,1,S,1,W
68,783.87,804.10,1,S,1,W
55,542.04,821.64,1,S,5,N
196,651.60,821.94,2,W,5,N
209,693.57,822.24,2,E,5,N
57,617.18,822.54,1,S,5,N
60,625.53,822.84,1,S,5,N
61,628.79,823.14,1,S,5,N
63,632.77,823.44,1,S,5,N
64,635.85,823.74,1,S,5,N
133,600.96,824.04,1,W,5,N
222,766.11,824.33,3,W,5,E
134,601.84,824.34,1,W,5,N
138,662.03,824.64,1,W,5,N
174,694.94,824.94,1,E,5,N
220,705.82,829.87,3,W,5,N
240,751.83,829.87,3,E,5,N
141,708.23,837.77,1,W,3,E
145,751.97,838.97,1,W,3,E
185,799.97,862.15,1,E,3,W
302,799.54,865.64,5,W,5,N
303,803.00,865.94,5,W,5,N
304,807.49,866.24,5,W,5,N
305,819.97,866.54,5,W,5,N
306,834.71,866.84,5,W,5,N
307,871.94,878.07,5,W,5,N
321,839.47,879.64,5,E,5,N
322,850.02,879.94,5,E,5,N
323,854.75,880.24,5,E,5,N
221,749.96,899.40,3,W,5,W
66,703.18,899.70,1,S,5,W
140,704.19,900.00,1,W,5,W
181,771.84,900.30,1,E,5,W
182,783.51,901.33,1,E,5,W
77,826.82,903.90,1,S,1,W
78,887.12,904.20,1,S,1,W
79,887.51,904.50,1,S,1,W
183,787.95,905.78,1,E,5,W
81,891.90,917.00,1,S,1,E
210,777.66,921.54,2,E,5,N
139,674.07,921.84,1,W,5,N
142,726.69,922.14,1,W,5,N
143,728.73,922.44,1,W,5,N
144,731.76,922.74,1,W,5,N
175,713.02,923.04,1,E,5,N
176,723.30,923.34,1,E,5,N
178,731.13,923.64,1,E,5,N
179,733.53,923.94,1,E,5,N
180,744.73,924.24,1,E,5,N
184,793.09,924.54,1,E,5,N
223,869.47,931.24,3,W,5,N
73,814.02,937.57,1,S,3,E
308,888.12,965.54,5,W,5,N
80,889.86,998.30,1,S,3,E
241,851.93,999.30,3,E,5,W
242,855.10,999.60,3,E,5,W
71,804.44,999.90,1,S,5,W
197,824.25,1000.20,2,W,5,W
187,838.91,1000.50,1,E,5,W
188,859.29,1000.80,1,E,5,W
69,799.84,1021.44,1,S,5,N
70,802.45,1021.74,1,S,5,N
211,869.18,1022.04,2,E,5,N
198,876.23,1022.34,2,W,5,N
72,810.75,1022.64,1,S,5,N
74,815.43,1022.94,1,S,5,N
75,820.06,1023.24,1,S,5,N
76,823.43,1023.54,1,S,5,N
146,771.61,1023.84,1,W,5,N
147,816.61,1024.14,1,W,5,N
148,818.66,1024.44,1,W,5,N
149,852.39,1024.74,1,W,5,N
150,858.09,1025.04,1,W,5,N
186,821.69,1025.34,1,E,5,N
84,900.00,1099.20,1,S,5,W
83,899.41,1115.50,1,S,5,E
82,893.26,1121.34,1,S,5,N