id,enter_time,exit_time,entrance_intersection,entrance_direction,exit_intersection,exit_direction
219,0.99,66.44,5,W,5,N
220,46.49,66.74,5,W,5,N
221,49.98,67.04,5,W,5,N
222,54.30,67.34,5,W,5,N
223,56.69,67.64,5,W,5,N
224,60.82,67.94,5,W,5,N
225,64.67,70.81,5,W,5,N
278,80.20,86.34,5,E,5,N
0,2.58,100.70,1,S,1,W
3,12.37,101.00,1,S,1,W
184,2.26,131.27,3,W,5,N
185,53.07,131.57,3,W,5,N
186,60.60,131.87,3,W,5,N
187,70.07,132.17,3,W,5,N
188,74.85,136.62,3,W,5,N
226,127.71,166.34,5,W,5,N
227,129.98,166.64,5,W,5,N
228,135.41,166.94,5,W,5,N
229,140.23,167.24,5,W,5,N
230,154.07,167.54,5,W,5,N
231,158.08,167.84,5,W,5,N
232,172.28,178.42,5,W,5,N
279,110.26,180.34,5,E,5,N
280,125.94,180.64,5,E,5,N
281,156.29,180.94,5,E,5,N
282,167.52,181.24,5,E,5,N
283,187.18,193.32,5,E,5,N
4,13.57,200.10,1,S,5,W
66,2.57,200.40,1,W,5,W
67,5.82,200.70,1,W,5,W
68,8.34,201.00,1,W,5,W
134,5.35,201.30,1,E,5,W
136,41.25,201.60,1,E,5,W
80,98.47,203.20,1,W,2,W
12,196.09,210.23,1,S,1,W
13,196.46,210.60,1,S,1,W
135,22.52,218.50,1,E,5,E
171,81.49,222.24,2,E,5,N
1,6.97,222.54,1,S,5,N
2,7.59,222.84,1,S,5,N
5,25.02,223.14,1,S,5,N
6,25.76,223.44,1,S,5,N
7,28.09,223.74,1,S,5,N
69,12.22,224.04,1,W,5,N
70,35.94,224.34,1,W,5,N
200,107.64,231.07,3,E,5,N
189,117.29,231.07,3,W,5,N
190,137.93,231.37,3,W,5,N
73,76.26,237.17,1,W,3,W
75,79.61,237.77,1,W,3,W
191,197.77,259.54,3,W,5,N
233,232.65,266.24,5,W,5,N
234,235.34,266.54,5,W,5,N
235,240.22,266.84,5,W,5,N
236,243.92,267.14,5,W,5,N
201,139.37,300.00,3,E,5,W
11,102.39,300.30,1,S,5,W
172,133.06,300.60,2,E,5,W
160,179.19,300.90,2,W,5,W
173,196.40,301.20,2,E,5,W
14,198.61,301.50,1,S,1,W
74,78.33,301.50,1,W,5,W
77,84.83,301.80,1,W,5,W
78,88.45,302.10,1,W,5,W
79,95.32,302.40,1,W,5,W
81,113.88,302.70,1,W,5,W
85,155.44,303.00,1,W,5,W
86,157.59,303.30,1,W,5,W
137,126.43,303.60,1,E,5,W
72,73.01,317.50,1,W,5,E
83,116.34,318.40,1,W,5,E
8,95.75,322.14,1,S,5,N
9,98.01,322.44,1,S,5,N
10,99.28,322.74,1,S,5,N
159,151.27,323.04,2,W,5,N
71,69.54,323.34,1,W,5,N
76,82.92,323.94,1,W,5,N
82,114.19,324.24,1,W,5,N
202,227.59,324.73,3,E,5,E
84,123.88,324.84,1,W,5,N
138,131.52,325.14,1,E,5,N
139,164.69,325.44,1,E,5,N
21,287.50,340.42,1,S,2,W
237,276.44,366.14,5,W,5,N
238,277.40,366.44,5,W,5,N
239,279.65,366.74,5,W,5,N
240,295.60,367.04,5,W,5,N
241,297.99,367.34,5,W,5,N
242,329.98,367.64,5,W,5,N
243,333.22,367.94,5,W,5,N
244,352.74,368.24,5,W,5,N
245,355.80,368.54,5,W,5,N
284,323.25,380.14,5,E,5,N
285,346.91,380.44,5,E,5,N
286,347.11,380.74,5,E,5,N
287,365.45,381.04,5,E,5,N
192,216.06,399.90,3,W,5,W
16,200.79,400.20,1,S,5,W
161,202.04,400.50,2,W,5,W
174,264.97,400.80,2,E,5,W
18,204.87,401.10,1,S,5,W
96,286.04,401.30,1,W,2,E
20,218.78,401.40,1,S,5,W
87,173.88,401.70,1,W,5,W
88,175.89,402.00,1,W,5,W
89,176.53,402.30,1,W,5,W
141,289.81,407.63,1,E,5,W
166,342.65,412.87,2,W,3,E
19,207.09,417.70,1,S,5,E
91,260.90,418.30,1,W,5,E
142,294.05,419.50,1,E,5,E
15,200.54,422.04,1,S,5,N
17,202.80,422.34,1,S,5,N
162,222.20,422.64,2,W,5,N
163,238.02,422.94,2,W,5,N
164,246.49,423.24,2,W,5,N
165,290.07,423.54,2,W,5,N
90,217.79,424.14,1,W,5,N
92,263.81,424.74,1,W,5,N
204,339.98,424.83,3,E,5,E
93,265.31,425.04,1,W,5,N
140,268.31,425.34,1,E,5,N
246,375.66,466.04,5,W,5,N
247,379.89,466.34,5,W,5,N
248,388.42,466.64,5,W,5,N
249,391.42,466.94,5,W,5,N
250,394.81,467.24,5,W,5,N
251,397.98,467.54,5,W,5,N
252,400.68,467.84,5,W,5,N
253,405.89,468.14,5,W,5,N
254,437.19,468.44,5,W,5,N
255,455.25,468.74,5,W,5,N
256,458.22,469.04,5,W,5,N
257,462.03,469.34,5,W,5,N
288,473.64,479.78,5,E,5,N
289,486.45,492.59,5,E,5,N
143,298.24,499.80,1,E,5,W
193,360.10,500.10,3,W,5,W
203,326.44,500.40,3,E,5,W
95,271.86,500.70,1,W,5,W
100,332.03,501.00,1,W,5,W
102,375.66,501.10,1,W,2,W
101,336.95,501.30,1,W,5,W
144,313.84,501.60,1,E,5,W
146,367.76,501.90,1,E,5,W
25,438.37,502.30,1,S,1,W
26,441.29,515.10,1,S,1,E
30,496.83,516.30,1,S,1,E
98,308.89,516.70,1,W,5,E
32,502.01,516.90,1,S,1,E
175,323.24,521.94,2,E,5,N
94,268.27,522.24,1,W,5,N
97,286.24,522.54,1,W,5,N
99,312.20,523.14,1,W,5,N
145,332.02,523.44,1,E,5,N
205,458.50,530.47,3,E,5,N
206,476.19,537.96,3,E,5,N
258,475.18,565.94,5,W,5,N
259,476.83,566.24,5,W,5,N
260,497.07,566.54,5,W,5,N
261,523.04,566.84,5,W,5,N
262,550.60,567.14,5,W,5,N
263,555.38,567.44,5,W,5,N
290,543.77,579.94,5,E,5,N
194,464.81,599.70,3,W,5,W
23,364.98,600.00,1,S,5,W
24,434.72,600.30,1,S,5,W
104,383.73,600.60,1,W,5,W
106,420.05,600.90,1,W,5,W
150,464.14,601.20,1,E,5,W
33,502.48,602.70,1,S,1,W
41,584.78,603.00,1,S,1,W
43,597.36,611.49,1,S,1,W
45,602.70,616.84,1,S,1,E
22,364.04,621.84,1,S,5,N
176,412.66,622.14,2,E,5,N
103,377.79,622.44,1,W,5,N
105,388.55,622.74,1,W,5,N
107,422.77,623.04,1,W,5,N
147,404.52,623.34,1,E,5,N
148,412.64,623.64,1,E,5,N
149,415.42,623.94,1,E,5,N
207,553.32,624.13,3,E,5,E
195,565.81,630.27,3,W,5,N
208,556.80,630.57,3,E,5,N
111,500.78,639.67,1,W,3,W
113,504.70,640.27,1,W,3,W
114,552.49,640.57,1,W,3,W
115,555.53,640.87,1,W,3,W
264,587.49,665.84,5,W,5,N
265,646.90,666.14,5,W,5,N
266,648.31,666.44,5,W,5,N
291,653.25,679.84,5,E,5,N
292,656.51,680.14,5,E,5,N
293,670.02,680.44,5,E,5,N
294,680.76,686.90,5,E,5,N
44,599.87,699.20,1,S,3,W
209,576.58,699.60,3,E,5,W
29,495.92,699.90,1,S,5,W
31,499.05,700.20,1,S,5,W
34,502.64,700.50,1,S,5,W
38,509.86,700.80,1,S,5,W
39,513.11,701.10,1,S,5,W
40,516.92,701.40,1,S,5,W
108,467.90,701.70,1,W,5,W
109,471.74,702.00,1,W,5,W
110,475.01,702.30,1,W,5,W
112,504.56,702.60,1,W,5,W
47,607.65,703.10,1,S,1,W
49,677.44,703.40,1,S,1,W
151,585.77,703.60,1,E,5,W
52,684.24,716.50,1,S,1,E
177,505.74,716.50,2,E,5,E
35,506.38,717.10,1,S,5,E
27,490.94,721.74,1,S,5,N
28,492.29,722.04,1,S,5,N
167,519.65,722.34,2,W,5,N
178,545.31,722.94,2,E,5,N
36,508.08,723.54,1,S,5,N
37,508.15,723.84,1,S,5,N
210,638.75,730.07,3,E,5,N
196,599.93,730.07,3,W,5,N
117,633.41,737.67,1,W,3,W
211,678.21,739.98,3,E,5,N
267,740.70,765.74,5,W,5,N
268,743.01,766.04,5,W,5,N
269,744.86,766.34,5,W,5,N
270,747.39,766.64,5,W,5,N
271,751.07,766.94,5,W,5,N
272,771.97,778.10,5,W,5,N
273,772.47,778.61,5,W,5,N
295,726.56,779.74,5,E,5,N
296,727.42,780.04,5,E,5,N
297,736.29,780.34,5,E,5,N
42,596.11,799.50,1,S,5,W
46,604.38,799.80,1,S,5,W
168,687.60,800.10,2,W,5,W
48,612.61,800.40,1,S,5,W
56,732.04,802.00,1,S,2,W
57,734.61,803.50,1,S,1,W
61,743.12,803.80,1,S,1,W
119,639.64,816.70,1,W,5,E
154,694.60,817.60,1,E,5,E
179,627.78,821.64,2,E,5,N
180,689.09,821.94,2,E,5,N
116,594.61,822.24,1,W,5,N
118,635.98,822.54,1,W,5,N
152,641.59,823.14,1,E,5,N
153,662.19,823.44,1,E,5,N
212,742.20,829.87,3,E,5,N
213,744.50,830.17,3,E,5,N
274,776.82,865.64,5,W,5,N
275,779.31,865.94,5,W,5,N
276,831.00,866.24,5,W,5,N
277,838.98,866.54,5,W,5,N
298,839.82,879.64,5,E,5,N
299,883.93,890.07,5,E,5,N
197,700.15,899.40,3,W,5,W
50,680.57,899.70,1,S,5,W
51,682.88,900.00,1,S,5,W
170,737.35,900.30,2,W,5,W
53,727.23,900.60,1,S,5,W
55,731.90,900.90,1,S,5,W
123,766.41,901.20,1,W,5,W
131,834.96,903.60,1,W,2,W
64,819.13,903.90,1,S,1,W
169,709.89,921.54,2,W,5,N
181,760.23,921.84,2,E,5,N
54,727.92,922.14,1,S,5,N
58,737.56,922.44,1,S,5,N
120,680.87,922.74,1,W,5,N
121,684.56,923.04,1,W,5,N
122,736.32,923.34,1,W,5,N
155,775.01,923.64,1,E,5,N
199,847.50,929.97,3,W,5,N
215,820.58,929.97,3,E,5,N
218,872.46,934.23,3,E,5,N
158,870.77,940.87,1,E,3,E
214,809.76,999.30,3,E,5,W
198,818.75,999.60,3,W,5,W
216,857.54,999.90,3,E,5,W
217,860.33,1000.20,3,E,5,W
62,746.56,1000.50,1,S,5,W
63,747.22,1000.80,1,S,5,W
182,806.02,1001.10,2,E,5,W
129,830.28,1001.40,1,W,5,W
132,867.06,1001.70,1,W,5,W
65,825.02,1016.20,1,S,5,E
157,832.92,1018.60,1,E,5,E
59,741.18,1021.44,1,S,5,N
60,742.43,1021.74,1,S,5,N
183,830.13,1022.04,2,E,5,N
124,773.07,1022.64,1,W,5,N
125,814.78,1022.94,1,W,5,N
126,818.52,1023.24,1,W,5,N
127,824.84,1023.54,1,W,5,N
128,827.75,1023.84,1,W,5,N
130,832.96,1024.14,1,W,5,N
156,811.57,1024.44,1,E,5,N
133,898.09,1099.20,1,W,5,W