id,enter_time,exit_time,entrance_intersection,entrance_direction,exit_intersection,exit_direction
129,5.81,66.44,5,W,5,N
130,43.54,66.74,5,W,5,N
131,50.50,67.04,5,W,5,N
132,57.74,67.34,5,W,5,N
164,7.90,80.44,5,E,5,N
165,65.79,80.74,5,E,5,N
166,70.73,81.04,5,E,5,N
0,4.05,100.70,1,S,1,W
1,4.06,101.00,1,S,1,W
2,9.74,101.30,1,S,1,W
8,40.62,113.50,1,S,1,E
118,50.72,131.57,3,E,5,N
4,13.94,136.77,1,S,3,E
10,44.89,140.22,1,S,2,W
133,130.34,166.34,5,W,5,N
134,133.65,166.64,5,W,5,N
135,140.39,166.94,5,W,5,N
136,146.70,167.24,5,W,5,N
137,150.17,167.54,5,W,5,N
138,156.75,167.84,5,W,5,N
9,40.70,199.90,1,S,3,E
117,44.57,200.10,3,E,5,W
6,26.64,200.40,1,S,5,W
50,1.51,200.70,1,W,5,W
51,2.57,201.00,1,W,5,W
85,25.78,201.30,1,E,5,W
86,27.39,201.60,1,E,5,W
3,13.13,222.24,1,S,5,N
5,16.74,222.54,1,S,5,N
7,36.40,222.84,1,S,5,N
52,9.11,223.14,1,W,5,N
53,14.16,223.44,1,W,5,N
84,5.12,223.74,1,E,5,N
87,32.58,224.04,1,E,5,N
54,79.39,236.57,1,W,3,W
139,197.72,266.24,5,W,5,N
108,105.79,300.00,2,E,5,W
88,144.38,300.30,1,E,5,W
11,242.65,301.50,1,S,1,W
13,254.71,301.80,1,S,1,W
14,257.22,314.60,1,S,1,E
90,157.92,317.20,1,E,5,E
55,84.62,322.14,1,W,5,N
56,90.09,322.44,1,W,5,N
57,95.80,322.74,1,W,5,N
89,146.31,323.04,1,E,5,N
119,244.12,330.87,3,E,5,N
120,251.10,331.17,3,E,5,N
140,304.79,366.14,5,W,5,N
141,311.75,366.44,5,W,5,N
142,312.76,366.74,5,W,5,N
167,330.84,380.14,5,E,5,N
15,258.88,399.80,1,S,3,E
114,200.60,399.90,3,W,5,W
59,205.22,400.20,1,W,5,W
60,212.48,400.50,1,W,5,W
63,355.55,401.30,1,W,2,E
168,396.73,402.86,5,E,5,N
109,272.74,422.04,2,E,5,N
58,197.39,422.34,1,W,5,N
121,328.13,430.67,3,E,5,N
23,429.58,443.72,1,S,1,E
143,446.48,466.04,5,W,5,N
144,455.71,466.34,5,W,5,N
145,458.94,466.64,5,W,5,N
146,470.18,476.32,5,W,5,N
169,424.24,480.04,5,E,5,N
122,365.93,499.80,3,E,5,W
61,273.78,500.10,1,W,5,W
65,377.33,501.40,1,W,2,W
94,462.07,502.30,1,E,2,W
91,324.90,518.50,1,E,5,E
12,248.65,521.94,1,S,5,N
16,280.51,522.24,1,S,5,N
17,285.85,522.54,1,S,5,N
18,286.83,522.84,1,S,5,N
19,291.57,523.14,1,S,5,N
20,298.01,523.44,1,S,5,N
104,361.50,523.74,2,W,5,N
62,348.21,524.04,1,W,5,N
64,361.67,524.34,1,W,5,N
92,397.86,524.94,1,E,5,N
123,416.11,530.47,3,E,5,N
124,422.44,530.77,3,E,5,N
125,430.04,531.07,3,E,5,N
93,406.65,538.07,1,E,3,W
147,565.27,571.40,5,W,5,N
148,571.59,577.73,5,W,5,N
115,480.29,599.70,3,W,5,W
68,512.26,601.20,1,W,2,W
73,566.28,602.70,1,W,2,W
24,578.54,602.70,1,S,1,W
27,594.26,608.39,1,S,1,W
21,422.96,616.30,1,S,5,E
110,450.48,621.84,2,E,5,N
105,401.68,622.14,2,W,5,N
22,427.90,622.74,1,S,5,N
66,389.28,623.04,1,W,5,N
126,571.74,627.38,3,E,5,E
149,577.51,665.84,5,W,5,N
150,583.56,666.14,5,W,5,N
151,591.30,666.44,5,W,5,N
152,602.52,666.74,5,W,5,N
97,543.14,699.60,1,E,5,W
29,610.02,701.30,1,S,2,W
32,623.40,703.10,1,S,1,W
111,572.54,715.60,2,E,5,E
67,491.02,715.90,1,W,5,E
71,534.90,716.80,1,W,5,E
96,526.93,717.70,1,E,5,E
69,520.14,722.34,1,W,5,N
70,527.83,722.64,1,W,5,N
72,560.83,723.24,1,W,5,N
95,520.90,723.54,1,E,5,N
127,601.65,730.07,3,E,5,N
31,617.92,737.97,1,S,3,E
36,643.82,742.02,1,S,2,E
37,650.43,742.32,1,S,2,W
153,729.27,765.74,5,W,5,N
154,735.31,766.04,5,W,5,N
155,740.15,766.34,5,W,5,N
156,745.02,766.64,5,W,5,N
157,753.21,766.94,5,W,5,N
158,759.82,767.24,5,W,5,N
159,768.66,774.80,5,W,5,N
170,720.68,779.74,5,E,5,N
26,586.52,799.50,1,S,5,W
35,638.12,799.80,1,S,5,W
98,616.75,800.10,1,E,5,W
99,623.45,800.40,1,E,5,W
25,579.48,821.64,1,S,5,N
28,608.71,821.94,1,S,5,N
30,616.03,822.24,1,S,5,N
33,625.34,822.54,1,S,5,N
34,630.21,822.84,1,S,5,N
74,573.95,823.14,1,W,5,N
75,601.01,823.44,1,W,5,N
100,633.15,823.74,1,E,5,N
101,646.11,824.04,1,E,5,N
102,698.22,824.34,1,E,5,N
116,706.51,829.87,3,W,5,N
128,727.65,829.87,3,E,5,N
42,817.44,831.58,1,S,1,E
160,777.12,865.64,5,W,5,N
161,781.36,865.94,5,W,5,N
162,790.90,866.24,5,W,5,N
163,798.74,866.54,5,W,5,N
171,803.69,879.64,5,E,5,N
172,804.54,879.94,5,E,5,N
38,650.73,899.40,1,S,5,W
77,692.91,899.70,1,W,5,W
47,825.78,902.40,1,S,2,E
49,832.93,903.90,1,S,1,W
39,668.96,915.40,1,S,5,E
106,777.49,916.60,2,W,5,E
40,677.03,921.84,1,S,5,N
41,678.66,922.14,1,S,5,N
112,738.26,922.44,2,E,5,N
76,692.41,923.04,1,W,5,N
103,738.46,923.34,1,E,5,N
43,818.08,937.27,1,S,3,W
82,812.08,940.27,1,W,3,E
44,822.14,999.30,1,S,5,W
45,824.96,999.60,1,S,5,W
80,795.18,999.90,1,W,5,W
113,864.71,1021.44,2,E,5,N
107,822.13,1021.74,2,W,5,N
46,825.16,1022.04,1,S,5,N
48,826.17,1022.34,1,S,5,N
78,775.02,1022.64,1,W,5,N
79,782.61,1022.94,1,W,5,N
81,799.10,1023.24,1,W,5,N
83,882.20,1037.37,1,W,3,E