id,enter_time,exit_time,entrance_intersection,entrance_direction,exit_intersection,exit_direction
129,5.40,66.44,5,W,5,N
130,142.60,166.34,5,W,5,N
131,150.27,166.64,5,W,5,N
0,5.80,200.10,1,S,5,W
61,139.22,201.70,1,W,2,E
93,14.17,216.70,1,E,5,E
105,48.95,222.24,2,W,5,N
56,37.28,222.54,1,W,5,N
109,186.87,222.94,2,E,3,E
59,106.38,237.17,1,W,3,W
122,180.49,242.26,3,E,5,N
132,217.89,266.24,5,W,5,N
133,253.82,266.54,5,W,5,N
134,260.75,266.89,5,W,5,N
164,205.76,280.24,5,E,5,N
165,209.79,280.54,5,E,5,N
58,70.24,300.00,1,W,5,W
94,161.15,300.30,1,E,5,W
3,210.37,300.60,1,S,2,W
2,203.40,301.50,1,S,1,W
5,222.10,301.80,1,S,1,W
63,245.01,302.10,1,W,2,W
7,231.72,302.10,1,S,1,W
17,282.35,316.70,1,S,1,E
97,295.48,321.60,1,E,2,W
57,66.14,322.14,1,W,5,N
60,131.42,322.44,1,W,5,N
116,236.98,331.17,3,W,5,N
135,292.96,366.14,5,W,5,N
136,297.87,366.44,5,W,5,N
137,301.86,366.74,5,W,5,N
115,211.75,399.90,3,W,5,W
1,201.65,400.20,1,S,5,W
19,374.37,401.90,1,S,1,W
21,381.36,415.30,1,S,1,E
4,221.13,422.04,1,S,5,N
6,225.96,422.34,1,S,5,N
8,236.86,422.64,1,S,5,N
62,233.54,422.94,1,W,5,N
64,260.63,423.24,1,W,5,N
95,239.34,423.54,1,E,5,N
96,260.12,423.84,1,E,5,N
138,383.89,466.04,5,W,5,N
139,424.42,466.34,5,W,5,N
140,424.48,466.64,5,W,5,N
141,426.76,466.94,5,W,5,N
142,432.51,467.24,5,W,5,N
143,437.49,467.54,5,W,5,N
144,458.68,467.84,5,W,5,N
145,464.60,470.73,5,W,5,N
166,480.48,486.61,5,E,5,N
20,377.71,499.60,1,S,3,E
123,366.48,499.80,3,E,5,W
9,238.61,500.10,1,S,5,W
10,240.57,500.40,1,S,5,W
11,246.78,500.70,1,S,5,W
12,254.16,501.00,1,S,5,W
13,261.14,501.30,1,S,5,W
65,267.28,501.60,1,W,5,W
69,295.85,501.90,1,W,5,W
99,367.89,502.20,1,E,5,W
16,276.97,516.40,1,S,5,E
66,272.28,517.00,1,W,5,E
14,262.47,521.94,1,S,5,N
15,270.37,522.24,1,S,5,N
110,379.60,522.84,2,E,5,N
67,284.70,523.44,1,W,5,N
68,289.10,523.74,1,W,5,N
70,301.32,524.04,1,W,5,N
71,305.68,524.34,1,W,5,N
72,310.55,524.64,1,W,5,N
73,317.13,524.94,1,W,5,N
74,324.03,525.24,1,W,5,N
75,329.02,525.54,1,W,5,N
76,335.96,525.84,1,W,5,N
98,311.57,526.14,1,E,5,N
117,463.33,530.47,3,W,5,N
124,403.58,530.47,3,E,5,N
77,402.81,536.87,1,W,3,E
25,523.33,537.46,1,S,1,E
146,495.95,565.94,5,W,5,N
147,509.76,566.24,5,W,5,N
148,512.55,566.54,5,W,5,N
149,517.13,566.84,5,W,5,N
150,525.61,567.14,5,W,5,N
151,530.34,567.44,5,W,5,N
152,532.86,567.74,5,W,5,N
153,540.52,568.04,5,W,5,N
154,547.75,568.34,5,W,5,N
18,372.16,599.70,1,S,5,W
22,387.78,600.00,1,S,5,W
106,424.72,600.30,2,W,5,W
107,481.71,600.60,2,W,5,W
111,477.58,621.84,2,E,5,N
118,500.48,630.27,3,W,5,N
125,591.97,653.74,3,E,5,N
119,595.07,656.84,3,W,5,N
155,613.57,665.84,5,W,5,N
156,644.68,666.14,5,W,5,N
157,651.93,666.44,5,W,5,N
158,655.10,666.74,5,W,5,N
159,660.26,667.04,5,W,5,N
160,666.15,672.29,5,W,5,N
167,659.21,679.84,5,E,5,N
24,518.72,699.60,1,S,5,W
78,505.18,699.90,1,W,5,W
79,531.27,700.20,1,W,5,W
85,639.32,702.20,1,W,2,W
31,685.15,703.10,1,S,1,W
23,514.73,721.74,1,S,5,N
80,546.18,722.04,1,W,5,N
100,554.49,722.34,1,E,5,N
126,599.03,730.07,3,E,5,N
120,641.80,730.07,3,W,5,N
101,629.62,738.87,1,E,3,W
161,770.78,776.92,5,W,5,N
83,627.13,799.50,1,W,5,W
34,698.70,800.80,1,S,3,E
35,699.81,803.50,1,S,1,W
38,715.63,803.80,1,S,1,W
39,715.90,804.10,1,S,1,W
40,720.64,804.40,1,S,1,W
42,726.36,804.70,1,S,1,W
113,694.02,815.80,2,E,5,E
82,588.00,816.40,1,W,5,E
112,640.29,821.64,2,E,5,N
81,585.82,822.24,1,W,5,N
84,634.99,822.84,1,W,5,N
86,639.55,823.14,1,W,5,N
102,632.05,823.44,1,E,5,N
127,756.04,829.87,3,E,5,N
87,692.00,838.07,1,W,3,W
162,821.75,865.64,5,W,5,N
168,851.68,879.64,5,E,5,N
169,860.32,879.94,5,E,5,N
128,763.81,899.40,3,E,5,W
28,670.43,899.70,1,S,5,W
29,676.64,900.00,1,S,5,W
30,679.13,900.30,1,S,5,W
32,687.55,900.60,1,S,5,W
37,706.91,900.90,1,S,5,W
43,727.27,901.20,1,S,5,W
47,863.39,903.90,1,S,1,W
104,791.42,909.24,1,E,5,W
45,851.40,917.00,1,S,1,E
26,650.67,921.54,1,S,5,N
27,658.63,921.84,1,S,5,N
33,691.33,922.14,1,S,5,N
36,704.45,922.44,1,S,5,N
114,799.38,922.74,2,E,5,N
41,720.64,923.04,1,S,5,N
88,698.16,923.34,1,W,5,N
89,735.04,923.64,1,W,5,N
103,714.30,923.94,1,E,5,N
50,871.99,944.32,1,S,2,W
54,892.03,945.52,1,S,2,W
163,899.99,965.54,5,W,5,N
121,856.84,999.30,3,W,5,W
90,784.87,999.60,1,W,5,W
53,885.17,1000.10,1,S,3,E
108,807.83,1021.44,2,W,5,N
91,791.25,1021.74,1,W,5,N
92,868.39,1037.67,1,W,3,E
44,850.24,1099.20,1,S,5,W
52,883.86,1099.50,1,S,5,W
55,899.87,1099.80,1,S,5,W
46,853.20,1121.34,1,S,5,N
48,869.48,1121.64,1,S,5,N
49,871.19,1121.94,1,S,5,N
51,873.52,1122.24,1,S,5,N