id,enter_time,exit_time,entrance_intersection,entrance_direction,exit_intersection,exit_direction
0,2.60,16.73,1,S,1,E
145,4.57,66.44,5,W,5,N
146,13.56,66.74,5,W,5,N
147,16.35,67.04,5,W,5,N
148,17.52,67.34,5,W,5,N
149,60.88,67.64,5,W,5,N
176,28.14,80.44,5,E,5,N
177,83.87,90.00,5,E,5,N
5,28.78,100.70,1,S,1,W
6,33.96,101.00,1,S,1,W
11,68.60,101.30,1,S,1,W
12,80.09,101.60,1,S,1,W
8,59.08,139.92,1,S,2,W
178,122.00,180.34,5,E,5,N
7,39.42,199.90,1,S,3,W
137,6.26,200.10,3,E,5,W
1,6.63,200.40,1,S,5,W
10,64.71,200.50,1,S,3,W
2,11.21,200.70,1,S,5,W
3,16.26,201.00,1,S,5,W
13,103.83,201.10,1,S,1,W
73,6.97,201.30,1,W,5,W
103,30.79,201.60,1,E,5,W
127,109.79,212.67,2,E,3,E
126,44.55,216.10,2,E,5,E
104,38.29,216.70,1,E,5,E
4,28.18,222.54,1,S,5,N
16,111.33,236.87,1,S,3,W
150,197.74,266.24,5,W,5,N
151,201.97,266.54,5,W,5,N
152,232.18,266.84,5,W,5,N
179,220.66,280.24,5,E,5,N
180,223.30,280.54,5,E,5,N
9,63.32,300.00,1,S,5,W
14,104.27,300.30,1,S,5,W
20,124.10,300.60,1,S,5,W
75,91.74,300.90,1,W,5,W
77,143.07,301.20,1,W,5,W
118,151.71,322.14,2,W,5,N
128,159.71,322.44,2,E,5,N
15,105.17,322.74,1,S,5,N
17,113.59,323.04,1,S,5,N
18,118.96,323.34,1,S,5,N
19,120.99,323.64,1,S,5,N
74,87.31,323.94,1,W,5,N
76,104.84,324.24,1,W,5,N
129,288.66,324.73,2,E,3,W
133,214.18,330.87,3,W,5,N
138,207.78,330.87,3,E,5,N
134,252.00,331.17,3,W,5,N
80,259.29,337.27,1,W,3,W
26,334.49,348.63,1,S,1,E
153,274.69,366.14,5,W,5,N
154,301.15,366.44,5,W,5,N
155,304.56,366.74,5,W,5,N
156,366.69,372.83,5,W,5,N
181,334.66,380.14,5,E,5,N
182,353.64,380.44,5,E,5,N
183,354.69,380.74,5,E,5,N
78,171.86,399.90,1,W,5,W
119,259.43,422.04,2,W,5,N
79,175.67,422.34,1,W,5,N
105,232.05,422.64,1,E,5,N
106,300.18,424.13,1,E,5,N
25,333.57,437.97,1,S,3,W
28,382.14,441.12,1,S,2,W
157,376.03,466.04,5,W,5,N
158,377.52,466.34,5,W,5,N
159,406.73,466.64,5,W,5,N
160,412.56,466.94,5,W,5,N
161,419.71,467.24,5,W,5,N
24,330.22,499.80,1,S,5,W
81,302.72,500.10,1,W,5,W
107,304.54,500.40,1,E,5,W
108,357.73,500.70,1,E,5,W
110,369.90,501.00,1,E,5,W
120,318.59,521.94,2,W,5,N
21,319.93,522.24,1,S,5,N
22,320.27,522.54,1,S,5,N
23,323.80,522.84,1,S,5,N
82,307.72,523.14,1,W,5,N
83,312.95,523.44,1,W,5,N
84,320.51,523.74,1,W,5,N
85,353.18,524.04,1,W,5,N
109,365.34,524.34,1,E,5,N
140,420.12,530.77,3,E,5,N
162,486.89,565.94,5,W,5,N
163,492.56,566.24,5,W,5,N
164,496.68,566.54,5,W,5,N
165,549.39,566.84,5,W,5,N
139,415.20,599.70,3,E,5,W
27,366.14,600.00,1,S,5,W
29,401.68,600.30,1,S,5,W
30,408.77,600.60,1,S,5,W
38,569.92,602.70,1,S,1,W
43,591.38,605.52,1,S,1,W
87,407.52,616.30,1,W,5,E
40,576.26,617.30,1,S,1,E
130,468.27,621.84,2,E,5,N
86,397.74,622.14,1,W,5,N
88,459.22,622.74,1,W,5,N
47,615.04,629.18,1,S,1,E
135,548.31,630.27,3,W,5,N
46,594.87,644.92,1,S,2,E
141,592.37,654.14,3,E,5,N
166,581.07,665.84,5,W,5,N
167,621.94,666.14,5,W,5,N
168,636.77,666.44,5,W,5,N
169,661.89,668.02,5,W,5,N
170,668.19,674.33,5,W,5,N
184,628.61,679.84,5,E,5,N
185,635.50,680.14,5,E,5,N
142,597.34,699.60,3,E,5,W
42,588.73,701.00,1,S,3,W
50,628.30,703.10,1,S,1,W
59,666.86,703.40,1,S,1,W
60,698.28,712.42,1,S,1,W
31,529.07,715.60,1,S,5,E
112,582.90,716.80,1,E,5,E
32,534.92,722.04,1,S,5,N
89,480.77,722.34,1,W,5,N
111,570.77,722.64,1,E,5,N
52,631.41,737.97,1,S,3,W
171,675.24,765.74,5,W,5,N
33,556.28,799.50,1,S,5,W
34,557.38,799.80,1,S,5,W
122,640.54,800.10,2,W,5,W
92,582.97,800.40,1,W,5,W
91,576.26,820.30,1,W,5,E
35,564.66,821.64,1,S,5,N
36,567.22,821.94,1,S,5,N
37,567.98,822.24,1,S,5,N
39,574.58,822.54,1,S,5,N
41,580.11,822.84,1,S,5,N
44,592.74,823.14,1,S,5,N
45,592.99,823.44,1,S,5,N
121,629.04,823.74,2,W,5,N
131,617.87,824.04,2,E,5,N
123,687.57,824.34,2,W,5,N
48,615.81,824.64,1,S,5,N
49,625.60,824.94,1,S,5,N
51,630.88,825.24,1,S,5,N
53,634.01,825.54,1,S,5,N
54,637.13,825.84,1,S,5,N
90,569.44,826.14,1,W,5,N
93,656.40,826.74,1,W,5,N
94,663.56,827.04,1,W,5,N
113,658.44,827.34,1,E,5,N
143,739.06,829.87,3,E,5,N
172,791.34,865.64,5,W,5,N
173,842.51,865.94,5,W,5,N
174,849.57,866.24,5,W,5,N
144,744.44,899.40,3,E,5,W
55,644.35,899.70,1,S,5,W
57,657.18,900.00,1,S,5,W
124,743.62,900.30,2,W,5,W
125,797.79,900.60,2,W,5,W
97,763.79,900.90,1,W,5,W
56,651.35,921.54,1,S,5,N
58,658.93,921.84,1,S,5,N
95,676.04,922.14,1,W,5,N
96,754.18,922.44,1,W,5,N
114,787.72,922.74,1,E,5,N
115,798.28,923.04,1,E,5,N
136,842.60,929.67,3,W,5,N
117,891.16,953.35,1,E,3,E
175,877.24,965.54,5,W,5,N
62,836.23,999.30,1,S,5,W
99,776.10,999.60,1,W,5,W
132,801.83,1021.44,2,E,5,N
61,834.77,1021.74,1,S,5,N
98,768.54,1022.04,1,W,5,N
100,779.50,1022.34,1,W,5,N
101,803.49,1022.64,1,W,5,N
102,843.38,1022.94,1,W,5,N
116,873.54,1023.24,1,E,5,N
64,847.58,1099.20,1,S,5,W
65,854.70,1099.50,1,S,5,W
68,880.88,1099.80,1,S,5,W
70,885.92,1100.10,1,S,5,W
72,899.36,1100.40,1,S,5,W
63,843.77,1121.34,1,S,5,N
66,862.51,1121.64,1,S,5,N
67,870.23,1121.94,1,S,5,N
69,882.51,1122.24,1,S,5,N
71,893.19,1122.54,1,S,5,N