id,enter_time,exit_time,entrance_intersection,entrance_direction,exit_intersection,exit_direction
129,19.02,80.44,5,E,5,N
130,94.43,100.57,5,E,5,N
0,113.83,127.97,1,S,1,E
93,4.01,131.27,3,E,5,N
108,157.48,166.34,5,W,5,N
131,118.05,180.34,5,E,5,N
132,138.39,180.64,5,E,5,N
58,14.09,200.10,1,E,5,W
6,176.41,214.50,1,S,1,E
59,20.21,216.40,1,E,5,E
31,32.98,222.24,1,W,5,N
60,30.25,222.84,1,E,5,N
94,189.76,251.53,3,E,5,N
95,194.00,255.77,3,E,5,N
109,190.76,266.24,5,W,5,N
110,230.15,266.54,5,W,5,N
111,234.24,266.84,5,W,5,N
112,240.89,267.14,5,W,5,N
113,244.90,267.44,5,W,5,N
133,208.01,280.24,5,E,5,N
134,263.38,280.54,5,E,5,N
135,265.16,280.84,5,E,5,N
136,269.81,281.14,5,E,5,N
82,185.43,300.00,2,E,5,W
2,129.83,300.30,1,S,5,W
35,153.11,300.60,1,W,5,W
61,139.62,300.90,1,E,5,W
14,256.29,301.50,1,S,1,W
15,261.47,315.20,1,S,1,E
1,122.05,322.14,1,S,5,N
3,135.58,322.44,1,S,5,N
32,96.42,322.74,1,W,5,N
33,109.26,323.04,1,W,5,N
34,145.30,323.34,1,W,5,N
36,160.11,323.64,1,W,5,N
62,148.91,323.94,1,E,5,N
63,160.25,324.24,1,E,5,N
64,162.95,324.54,1,E,5,N
96,201.39,330.87,3,E,5,N
88,278.20,339.97,3,W,5,N
97,278.26,340.03,3,E,5,N
98,286.20,347.97,3,E,5,N
114,353.55,366.14,5,W,5,N
137,342.15,380.14,5,E,5,N
138,358.49,380.44,5,E,5,N
9,208.13,399.90,1,S,5,W
10,215.72,400.20,1,S,5,W
139,396.02,402.16,5,E,5,N
4,166.93,415.90,1,S,5,E
5,171.03,422.34,1,S,5,N
7,200.02,422.64,1,S,5,N
8,202.03,422.94,1,S,5,N
83,246.90,423.24,2,E,5,N
37,173.54,423.54,1,W,5,N
38,186.63,423.84,1,W,5,N
39,191.46,424.14,1,W,5,N
40,258.39,424.44,1,W,5,N
65,283.30,424.74,1,E,5,N
100,346.36,424.83,3,E,5,E
66,295.94,425.04,1,E,5,N
99,342.12,430.67,3,E,5,N
115,454.12,466.04,5,W,5,N
11,237.95,499.80,1,S,5,W
78,359.17,500.10,2,W,5,W
17,305.73,500.40,1,S,5,W
41,270.63,500.70,1,W,5,W
42,276.62,501.00,1,W,5,W
68,383.73,501.55,1,E,5,W
19,439.54,502.30,1,S,1,W
13,245.69,516.10,1,S,5,E
18,313.37,516.70,1,S,5,E
12,244.80,521.94,1,S,5,N
16,274.04,522.54,1,S,5,N
67,373.33,523.14,1,E,5,N
69,398.03,523.44,1,E,5,N
116,481.32,565.94,5,W,5,N
117,482.52,566.24,5,W,5,N
118,489.64,566.54,5,W,5,N
119,494.54,566.84,5,W,5,N
120,498.77,567.14,5,W,5,N
121,526.20,567.44,5,W,5,N
122,567.87,574.01,5,W,5,N
84,413.05,599.70,2,E,5,W
79,473.45,600.00,2,W,5,W
45,433.37,600.30,1,W,5,W
140,597.86,604.00,5,E,5,N
43,366.85,621.84,1,W,5,N
44,373.07,622.14,1,W,5,N
89,545.24,630.27,3,W,5,N
101,570.56,632.33,3,E,5,N
141,603.42,679.84,5,E,5,N
46,528.43,699.60,1,W,5,W
85,608.97,713.17,2,E,3,E
80,523.25,721.74,2,W,5,N
70,508.35,722.04,1,E,5,N
71,523.87,722.34,1,E,5,N
72,565.78,722.64,1,E,5,N
47,605.37,737.07,1,W,3,W
123,691.00,765.74,5,W,5,N
124,725.72,766.04,5,W,5,N
81,676.39,799.50,2,W,5,W
48,620.46,799.80,1,W,5,W
73,639.48,800.10,1,E,5,W
20,569.11,821.64,1,S,5,N
21,574.94,821.94,1,S,5,N
86,659.06,822.24,2,E,5,N
49,633.15,822.54,1,W,5,N
102,749.21,829.87,3,E,5,N
105,766.26,830.77,3,E,5,N
106,772.95,834.72,3,E,5,N
107,779.53,835.16,3,E,5,E
125,850.67,865.64,5,W,5,N
126,856.67,865.94,5,W,5,N
127,864.24,870.38,5,W,5,N
128,869.42,875.56,5,W,5,N
142,816.62,879.64,5,E,5,N
143,817.20,879.94,5,E,5,N
144,819.36,880.24,5,E,5,N
145,822.37,880.54,5,E,5,N
146,823.27,880.84,5,E,5,N
103,754.68,899.40,3,E,5,W
104,761.27,899.70,3,E,5,W
52,742.96,900.00,1,W,5,W
75,758.50,900.30,1,E,5,W
23,830.89,901.20,1,S,2,W
28,855.65,917.60,1,S,1,E
22,700.41,921.54,1,S,5,N
50,671.75,921.84,1,W,5,N
51,676.77,922.14,1,W,5,N
74,749.16,922.44,1,E,5,N
76,799.44,923.40,1,E,5,N
91,859.56,923.83,3,W,5,E
90,820.77,929.67,3,W,5,N
87,827.70,999.30,2,E,5,W
24,833.68,999.60,1,S,5,W
56,856.71,999.90,1,W,5,W
53,840.09,1021.44,1,W,5,N
54,844.91,1021.74,1,W,5,N
55,850.02,1022.04,1,W,5,N
77,842.14,1022.34,1,E,5,N
57,899.96,1037.37,1,W,3,W
92,898.61,1099.20,3,W,5,W
25,840.39,1099.50,1,S,5,W
26,848.37,1099.80,1,S,5,W
30,863.02,1100.10,1,S,5,W
29,856.51,1115.50,1,S,5,E
27,852.65,1121.34,1,S,5,N