id,enter_time,exit_time,entrance_intersection,entrance_direction,exit_intersection,exit_direction
105,3.37,66.44,5,W,5,N
106,64.15,70.28,5,W,5,N
107,69.20,75.33,5,W,5,N
133,2.40,80.44,5,E,5,N
0,0.62,100.70,1,S,1,W
2,12.68,101.00,1,S,1,W
87,49.61,131.27,3,E,5,N
108,73.80,166.34,5,W,5,N
109,97.19,166.64,5,W,5,N
110,138.54,166.94,5,W,5,N
111,142.78,167.24,5,W,5,N
75,70.39,200.10,2,E,5,W
26,77.18,200.80,1,W,2,W
31,92.46,202.30,1,W,2,W
32,113.11,202.60,1,W,2,W
1,7.61,222.24,1,S,5,N
54,1.79,222.54,1,E,5,N
55,63.55,222.84,1,E,5,N
91,170.46,226.10,3,E,5,E
88,112.54,231.07,3,E,5,N
90,165.67,231.67,3,E,5,N
25,74.00,236.57,1,W,3,W
92,175.01,236.78,3,E,5,N
112,200.29,266.24,5,W,5,N
113,204.67,266.54,5,W,5,N
114,264.90,271.03,5,W,5,N
134,218.00,280.24,5,E,5,N
135,238.16,280.54,5,E,5,N
89,119.31,300.00,3,E,5,W
30,90.16,300.30,1,W,5,W
33,144.97,300.60,1,W,5,W
27,81.44,322.14,1,W,5,N
28,82.41,322.44,1,W,5,N
29,86.90,322.74,1,W,5,N
56,169.90,323.04,1,E,5,N
78,291.47,327.55,2,E,3,W
83,260.15,330.87,3,W,5,N
115,366.49,372.62,5,W,5,N
136,311.96,380.14,5,E,5,N
77,245.77,399.90,2,E,5,W
8,343.82,401.90,1,S,1,W
10,357.71,402.20,1,S,1,W
3,191.89,422.04,1,S,5,N
76,204.77,422.34,2,E,5,N
34,237.11,422.64,1,W,5,N
35,250.24,422.94,1,W,5,N
93,350.05,430.67,3,E,5,N
94,387.56,449.33,3,E,5,N
7,328.74,499.80,1,S,5,W
36,352.44,500.10,1,W,5,W
39,441.35,501.40,1,W,2,E
67,397.04,521.94,2,W,5,N
4,314.09,522.24,1,S,5,N
5,323.08,522.54,1,S,5,N
6,328.00,522.84,1,S,5,N
57,353.40,523.14,1,E,5,N
58,362.39,523.44,1,E,5,N
95,417.87,530.47,3,E,5,N
96,425.38,530.77,3,E,5,N
97,476.40,538.17,3,E,5,N
84,477.06,538.83,3,W,5,N
116,502.90,565.94,5,W,5,N
59,401.33,599.70,1,E,5,W
11,365.17,600.00,1,S,5,W
13,372.49,600.30,1,S,5,W
37,430.32,600.60,1,W,5,W
9,350.65,621.84,1,S,5,N
12,371.10,622.14,1,S,5,N
79,461.84,622.44,2,E,5,N
38,434.39,622.74,1,W,5,N
60,443.61,623.04,1,E,5,N
98,500.80,630.27,3,E,5,N
85,527.80,630.27,3,W,5,N
100,548.10,630.87,3,E,5,N
101,568.69,631.17,3,E,5,N
17,527.76,637.87,1,S,3,W
117,616.54,665.84,5,W,5,N
118,655.31,666.14,5,W,5,N
119,662.46,668.59,5,W,5,N
137,602.85,679.84,5,E,5,N
99,506.19,699.60,3,E,5,W
40,524.24,699.90,1,W,5,W
62,623.96,701.90,1,E,2,W
80,625.49,713.17,2,E,3,E
68,510.36,721.74,2,W,5,N
69,565.75,722.04,2,W,5,N
14,518.67,722.34,1,S,5,N
15,521.66,722.64,1,S,5,N
16,522.05,722.94,1,S,5,N
61,518.42,723.24,1,E,5,N
120,673.59,765.74,5,W,5,N
121,685.34,766.04,5,W,5,N
122,692.27,766.34,5,W,5,N
123,757.75,766.64,5,W,5,N
124,763.91,770.05,5,W,5,N
81,675.41,799.50,2,E,5,W
42,628.72,799.80,1,W,5,W
63,645.78,800.10,1,E,5,W
70,623.75,815.50,2,W,5,E
71,642.29,821.94,2,W,5,N
41,602.59,822.24,1,W,5,N
43,657.51,822.54,1,W,5,N
102,726.07,829.87,3,E,5,N
86,762.67,829.87,3,W,5,N
103,747.17,830.17,3,E,5,N
125,812.20,865.64,5,W,5,N
126,819.78,865.94,5,W,5,N
127,821.70,866.24,5,W,5,N
128,848.76,866.54,5,W,5,N
129,855.26,866.84,5,W,5,N
130,860.47,867.14,5,W,5,N
138,814.58,879.64,5,E,5,N
139,819.98,879.94,5,E,5,N
140,842.46,880.24,5,E,5,N
141,886.01,892.15,5,E,5,N
72,725.24,899.40,2,W,5,W
44,740.91,899.70,1,W,5,W
46,751.23,900.00,1,W,5,W
22,882.68,903.90,1,S,1,W
24,896.56,910.70,1,S,1,W
18,681.00,921.54,1,S,5,N
73,764.19,921.84,2,W,5,N
45,747.07,922.14,1,W,5,N
64,730.31,922.44,1,E,5,N
131,897.45,965.54,5,W,5,N
132,898.69,965.84,5,W,5,N
104,813.33,999.30,3,E,5,W
74,855.07,999.60,2,W,5,W
49,866.46,999.90,1,W,5,W
65,835.59,1000.20,1,E,5,W
52,885.66,1001.90,1,W,2,E
66,886.88,1004.70,1,E,5,W
48,854.17,1015.90,1,W,5,E
82,869.03,1021.44,2,E,5,N
47,776.10,1021.74,1,W,5,N
21,878.99,1099.20,1,S,5,W
20,874.10,1115.50,1,S,5,E
19,853.71,1121.34,1,S,5,N
23,890.26,1121.94,1,S,5,N
50,870.90,1122.24,1,W,5,N
51,878.89,1122.54,1,W,5,N
53,887.83,1122.84,1,W,5,N