id,enter_time,exit_time,entrance_intersection,entrance_direction,exit_intersection,exit_direction
0,4.37,18.50,1,S,1,E
136,61.01,67.15,5,W,5,N
167,85.56,91.70,5,E,5,N
1,6.83,100.70,1,S,1,W
5,16.03,101.00,1,S,1,W
6,23.84,101.30,1,S,1,W
122,28.39,131.27,3,W,5,N
57,54.60,138.27,1,W,3,E
137,128.73,166.34,5,W,5,N
138,133.10,166.64,5,W,5,N
139,138.93,166.94,5,W,5,N
140,150.07,167.24,5,W,5,N
130,4.54,200.10,3,E,5,W
3,12.85,200.40,1,S,5,W
110,43.33,222.24,2,W,5,N
2,8.43,222.54,1,S,5,N
4,15.55,222.84,1,S,5,N
54,30.54,223.14,1,W,5,N
55,34.79,223.44,1,W,5,N
56,48.97,223.74,1,W,5,N
58,61.17,224.04,1,W,5,N
59,62.38,224.34,1,W,5,N
123,139.35,224.93,3,W,5,E
141,186.02,266.24,5,W,5,N
142,197.07,266.54,5,W,5,N
168,272.05,280.24,5,E,5,N
66,152.42,300.00,1,W,5,W
12,187.09,301.20,1,S,3,W
69,236.75,301.50,1,W,2,W
17,206.99,301.50,1,S,1,W
13,191.86,301.50,1,S,3,W
117,165.38,322.14,2,E,5,N
60,94.28,322.44,1,W,5,N
61,101.14,322.74,1,W,5,N
62,103.02,323.04,1,W,5,N
63,109.13,323.34,1,W,5,N
64,113.77,323.64,1,W,5,N
65,149.27,323.94,1,W,5,N
67,157.86,324.24,1,W,5,N
93,148.39,324.54,1,E,5,N
131,210.38,330.87,3,E,5,N
143,323.01,366.14,5,W,5,N
144,364.07,370.21,5,W,5,N
169,385.80,391.93,5,E,5,N
7,174.87,399.90,1,S,5,W
9,181.61,400.20,1,S,5,W
70,244.51,400.50,1,W,5,W
26,357.17,415.30,1,S,1,E
10,184.96,416.20,1,S,5,E
29,391.15,416.20,1,S,1,E
8,181.46,422.04,1,S,5,N
11,186.13,422.64,1,S,5,N
14,199.39,422.94,1,S,5,N
15,200.64,423.24,1,S,5,N
16,205.78,423.54,1,S,5,N
18,218.01,423.84,1,S,5,N
68,173.30,424.14,1,W,5,N
19,329.50,436.77,1,S,3,E
145,433.94,466.04,5,W,5,N
146,442.84,466.34,5,W,5,N
124,369.27,499.80,3,W,5,W
72,362.60,500.10,1,W,5,W
73,365.79,500.40,1,W,5,W
94,301.70,500.70,1,E,5,W
74,366.88,502.00,1,W,2,W
35,428.92,502.30,1,S,1,W
36,440.73,515.10,1,S,1,E
97,349.58,518.50,1,E,5,E
118,360.04,521.94,2,E,5,N
111,358.18,522.24,2,W,5,N
20,335.02,522.54,1,S,5,N
21,335.72,522.84,1,S,5,N
22,336.12,523.14,1,S,5,N
23,336.69,523.44,1,S,5,N
71,322.46,523.74,1,W,5,N
95,302.39,524.04,1,E,5,N
96,341.22,524.34,1,E,5,N
98,354.56,524.94,1,E,5,N
99,392.48,525.24,1,E,5,N
125,450.50,530.47,3,W,5,N
132,447.24,530.47,3,E,5,N
33,422.66,537.47,1,S,3,W
75,372.32,538.37,1,W,3,W
147,499.20,565.94,5,W,5,N
148,506.60,566.24,5,W,5,N
149,510.69,566.54,5,W,5,N
150,512.27,566.84,5,W,5,N
151,519.43,567.14,5,W,5,N
100,398.17,599.70,1,E,5,W
126,463.31,600.00,3,W,5,W
32,414.93,600.30,1,S,5,W
170,595.92,602.06,5,E,5,N
27,361.76,616.30,1,S,5,E
24,342.02,621.84,1,S,5,N
25,347.30,622.14,1,S,5,N
28,376.26,622.74,1,S,5,N
30,403.50,623.04,1,S,5,N
112,475.24,623.34,2,W,5,N
31,407.17,623.64,1,S,5,N
34,424.44,623.94,1,S,5,N
76,383.03,624.24,1,W,5,N
77,424.22,624.54,1,W,5,N
101,450.42,624.84,1,E,5,N
102,466.28,625.14,1,E,5,N
103,473.70,625.44,1,E,5,N
78,528.18,636.97,1,W,3,E
152,637.12,665.84,5,W,5,N
153,643.50,666.14,5,W,5,N
154,649.97,666.44,5,W,5,N
171,616.66,679.84,5,E,5,N
119,523.70,699.60,2,E,5,W
104,570.30,699.90,1,E,5,W
41,596.58,700.10,1,S,3,W
80,620.03,701.30,1,W,2,W
108,653.13,702.20,1,E,2,E
105,588.46,715.90,1,E,5,E
113,563.52,721.74,2,W,5,N
133,653.17,730.07,3,E,5,N
155,676.12,765.74,5,W,5,N
156,682.97,766.04,5,W,5,N
157,689.09,766.34,5,W,5,N
158,689.13,766.64,5,W,5,N
159,689.26,766.94,5,W,5,N
160,726.05,767.24,5,W,5,N
172,788.02,794.15,5,E,5,N
106,597.45,799.50,1,E,5,W
38,575.14,799.80,1,S,5,W
40,593.77,800.10,1,S,5,W
79,594.11,800.40,1,W,5,W
84,735.04,801.70,1,W,2,W
45,778.72,817.20,1,S,1,E
109,677.08,817.30,1,E,5,E
47,787.16,817.80,1,S,1,E
37,574.44,821.64,1,S,5,N
39,589.95,821.94,1,S,5,N
114,653.32,822.24,2,W,5,N
120,687.33,822.54,2,E,5,N
81,627.05,822.84,1,W,5,N
107,641.31,823.14,1,E,5,N
127,750.80,829.87,3,W,5,N
87,762.18,838.67,1,W,3,W
161,851.65,865.64,5,W,5,N
162,860.02,866.16,5,W,5,N
163,863.57,869.71,5,W,5,N
128,788.64,899.40,3,W,5,W
115,702.02,899.70,2,W,5,W
86,755.03,900.00,1,W,5,W
82,678.99,915.40,1,W,5,E
83,727.17,921.84,1,W,5,N
85,742.75,922.14,1,W,5,N
134,812.77,929.67,3,E,5,N
135,856.09,929.97,3,E,5,N
88,776.75,937.27,1,W,3,W
164,874.22,965.54,5,W,5,N
165,881.90,965.84,5,W,5,N
166,895.90,966.14,5,W,5,N
52,890.49,998.30,1,S,3,E
129,832.90,999.30,3,W,5,W
44,764.92,999.60,1,S,5,W
116,859.90,999.90,2,W,5,W
42,753.20,1021.44,1,S,5,N
43,756.97,1021.74,1,S,5,N
46,784.38,1022.04,1,S,5,N
48,789.38,1022.34,1,S,5,N
49,797.12,1022.64,1,S,5,N
50,804.43,1022.94,1,S,5,N
51,804.61,1023.24,1,S,5,N
121,864.43,1023.54,2,E,5,N
89,782.59,1023.84,1,W,5,N
90,783.32,1024.14,1,W,5,N
53,897.82,1121.34,1,S,5,N
91,874.42,1121.64,1,W,5,N
92,880.90,1121.94,1,W,5,N