id,enter_time,exit_time,entrance_intersection,entrance_direction,exit_intersection,exit_direction
2,7.91,22.04,1,S,1,E
7,34.14,48.28,1,S,1,E
130,30.83,66.44,5,W,5,N
131,32.41,66.74,5,W,5,N
132,37.53,67.04,5,W,5,N
133,44.22,67.34,5,W,5,N
174,84.95,91.08,5,E,5,N
175,85.25,91.39,5,E,5,N
176,92.45,98.59,5,E,5,N
0,0.64,100.70,1,S,1,W
4,13.45,101.00,1,S,1,W
9,47.87,101.30,1,S,1,W
121,6.04,131.27,3,E,5,N
114,62.48,131.57,3,W,5,N
115,63.19,131.87,3,W,5,N
134,86.16,166.34,5,W,5,N
135,122.74,166.64,5,W,5,N
136,131.30,166.94,5,W,5,N
137,137.87,167.24,5,W,5,N
138,148.35,167.54,5,W,5,N
139,160.30,167.84,5,W,5,N
140,170.20,176.34,5,W,5,N
113,12.23,200.10,3,W,5,W
45,1.76,200.40,1,W,5,W
81,19.75,200.70,1,E,5,W
16,103.18,201.10,1,S,1,W
100,59.73,222.24,2,W,5,N
1,5.49,222.54,1,S,5,N
3,12.62,222.84,1,S,5,N
5,27.08,223.14,1,S,5,N
6,29.36,223.44,1,S,5,N
46,8.18,223.74,1,W,5,N
47,12.08,224.04,1,W,5,N
48,14.71,224.34,1,W,5,N
122,148.21,231.07,3,E,5,N
116,181.72,243.49,3,W,5,N
141,174.52,266.24,5,W,5,N
142,175.83,266.54,5,W,5,N
143,198.77,266.84,5,W,5,N
144,208.31,267.14,5,W,5,N
145,210.30,267.44,5,W,5,N
146,214.60,267.74,5,W,5,N
147,269.13,275.27,5,W,5,N
13,74.53,300.00,1,S,5,W
15,101.17,300.30,1,S,5,W
108,178.19,300.60,2,E,5,W
17,108.87,300.90,1,S,5,W
84,201.32,301.20,1,E,2,E
50,84.04,301.20,1,W,5,W
51,90.92,301.50,1,W,5,W
177,295.42,301.55,5,E,5,N
53,152.38,301.80,1,W,5,W
14,79.00,317.20,1,S,5,E
8,41.20,322.14,1,S,5,N
10,52.23,322.44,1,S,5,N
11,59.01,322.74,1,S,5,N
12,64.86,323.04,1,S,5,N
101,109.55,323.64,2,W,5,N
49,68.78,323.94,1,W,5,N
52,147.02,324.24,1,W,5,N
82,128.22,324.54,1,E,5,N
83,193.47,324.84,1,E,5,N
54,237.57,336.67,1,W,3,E
123,292.24,347.88,3,E,5,E
148,300.84,366.14,5,W,5,N
149,304.87,366.44,5,W,5,N
150,310.94,366.74,5,W,5,N
151,317.65,367.04,5,W,5,N
152,347.84,367.34,5,W,5,N
153,355.36,367.64,5,W,5,N
178,300.50,380.14,5,E,5,N
179,307.28,380.44,5,E,5,N
117,281.18,399.90,3,W,5,W
86,217.62,400.20,1,E,5,W
88,258.99,400.50,1,E,5,W
23,328.72,401.90,1,S,1,W
102,253.06,422.04,2,W,5,N
55,242.59,422.34,1,W,5,N
85,206.89,422.64,1,E,5,N
87,235.71,422.94,1,E,5,N
124,324.11,424.53,3,E,5,E
19,318.64,437.07,1,S,3,E
21,327.19,437.67,1,S,3,E
60,304.42,439.47,1,W,3,E
26,344.76,441.42,1,S,2,W
154,384.68,466.04,5,W,5,N
155,418.70,466.34,5,W,5,N
156,429.73,466.64,5,W,5,N
157,434.41,466.94,5,W,5,N
125,330.94,499.80,3,E,5,W
103,301.20,500.10,2,W,5,W
56,277.27,500.40,1,W,5,W
58,298.37,500.70,1,W,5,W
90,420.42,501.70,1,E,2,E
92,429.44,502.30,1,E,2,E
109,345.10,515.80,2,E,5,E
18,308.01,522.24,1,S,5,N
20,321.91,522.54,1,S,5,N
22,327.99,522.84,1,S,5,N
57,292.44,523.14,1,W,5,N
59,303.77,523.44,1,W,5,N
89,400.47,524.43,1,E,5,N
61,381.25,536.87,1,W,3,W
158,510.48,565.94,5,W,5,N
159,512.47,566.24,5,W,5,N
160,555.88,566.54,5,W,5,N
161,559.02,566.84,5,W,5,N
162,567.91,574.05,5,W,5,N
180,502.15,579.94,5,E,5,N
30,498.61,599.70,1,S,3,E
118,498.37,599.70,3,W,5,W
110,494.71,600.00,2,E,5,W
62,385.74,600.30,1,W,5,W
33,528.27,602.70,1,S,1,W
67,501.66,603.30,1,W,2,W
63,423.54,616.90,1,W,5,E
24,338.46,621.84,1,S,5,N
25,343.49,622.14,1,S,5,N
27,352.14,622.44,1,S,5,N
104,434.04,622.74,2,W,5,N
91,421.20,623.34,1,E,5,N
93,464.32,623.64,1,E,5,N
126,560.92,630.27,3,E,5,N
163,625.66,665.84,5,W,5,N
164,628.99,666.14,5,W,5,N
165,635.59,666.44,5,W,5,N
166,667.73,673.86,5,W,5,N
181,666.69,679.84,5,E,5,N
127,596.51,699.60,3,E,5,W
105,574.42,699.90,2,W,5,W
35,537.04,700.20,1,S,5,W
64,489.46,700.50,1,W,5,W
65,491.07,700.80,1,W,5,W
34,530.86,716.80,1,S,5,E
28,485.75,721.74,1,S,5,N
29,496.83,722.04,1,S,5,N
31,521.79,722.34,1,S,5,N
32,526.29,722.64,1,S,5,N
36,538.85,723.24,1,S,5,N
66,495.36,723.54,1,W,5,N
94,513.95,723.84,1,E,5,N
167,673.98,765.74,5,W,5,N
168,681.24,766.04,5,W,5,N
169,692.82,766.34,5,W,5,N
170,699.53,766.64,5,W,5,N
171,752.24,766.94,5,W,5,N
172,766.54,772.67,5,W,5,N
106,656.65,799.50,2,W,5,W
69,642.50,799.80,1,W,5,W
41,708.85,801.10,1,S,2,W
111,631.14,815.50,2,E,5,E
68,578.12,821.94,1,W,5,N
70,656.49,822.24,1,W,5,N
71,659.97,822.54,1,W,5,N
95,618.95,822.84,1,E,5,N
119,760.96,829.87,3,W,5,N
173,823.47,865.64,5,W,5,N
182,841.55,879.64,5,E,5,N
183,844.08,879.94,5,E,5,N
37,685.14,899.40,1,S,5,W
107,751.67,899.70,2,W,5,W
43,722.51,900.00,1,S,5,W
96,710.09,900.30,1,E,5,W
99,830.31,902.70,1,E,2,W
38,694.75,921.54,1,S,5,N
39,702.23,921.84,1,S,5,N
40,704.82,922.14,1,S,5,N
112,764.07,922.44,2,E,5,N
42,715.59,922.74,1,S,5,N
72,725.84,923.04,1,W,5,N
73,730.67,923.34,1,W,5,N
74,738.80,923.64,1,W,5,N
75,744.37,923.94,1,W,5,N
97,783.08,924.24,1,E,5,N
98,800.30,924.26,1,E,5,N
120,855.51,929.67,3,W,5,N
128,835.07,929.67,3,E,5,N
129,873.56,935.33,3,E,5,N
77,790.44,937.57,1,W,3,W
76,782.88,1015.30,1,W,5,E
78,805.46,1021.74,1,W,5,N
79,837.79,1022.04,1,W,5,N
80,842.54,1022.34,1,W,5,N
44,888.89,1121.34,1,S,5,N