id,enter_time,exit_time,entrance_intersection,entrance_direction,exit_intersection,exit_direction
136,0.72,66.44,5,W,5,N
2,13.23,100.70,1,S,1,W
4,26.51,101.00,1,S,1,W
11,54.61,101.30,1,S,1,W
15,67.81,101.60,1,S,1,W
16,70.43,101.90,1,S,1,W
104,41.10,112.57,2,W,3,W
105,92.05,128.13,2,W,3,E
122,68.20,131.27,3,E,5,N
116,71.57,133.34,3,W,5,N
123,73.58,135.35,3,E,5,N
125,85.92,141.55,3,E,5,E
124,81.50,143.27,3,E,5,N
137,152.06,166.34,5,W,5,N
138,154.37,166.64,5,W,5,N
139,159.06,166.94,5,W,5,N
161,109.07,180.34,5,E,5,N
162,143.22,180.64,5,E,5,N
6,35.45,200.10,1,S,5,W
61,56.46,200.40,1,W,5,W
63,64.03,200.70,1,W,5,W
20,99.98,201.10,1,S,1,W
0,4.53,222.24,1,S,5,N
1,11.64,222.54,1,S,5,N
3,19.46,222.84,1,S,5,N
5,34.06,223.14,1,S,5,N
59,1.55,223.44,1,W,5,N
60,53.92,223.74,1,W,5,N
62,62.66,224.04,1,W,5,N
93,77.81,224.34,1,E,5,N
163,246.64,280.24,5,E,5,N
164,252.67,280.54,5,E,5,N
110,169.22,300.00,2,E,5,W
69,229.67,300.60,1,W,2,E
21,247.44,301.50,1,S,1,W
23,277.47,301.80,1,S,1,W
17,74.34,318.10,1,S,5,E
19,89.97,318.70,1,S,5,E
7,41.85,322.14,1,S,5,N
8,45.14,322.44,1,S,5,N
9,47.28,322.74,1,S,5,N
10,49.30,323.04,1,S,5,N
12,59.22,323.34,1,S,5,N
13,60.12,323.64,1,S,5,N
14,61.87,323.94,1,S,5,N
18,86.23,324.54,1,S,5,N
64,90.05,325.14,1,W,5,N
65,93.52,325.44,1,W,5,N
66,99.21,325.74,1,W,5,N
67,126.25,326.04,1,W,5,N
68,130.32,326.34,1,W,5,N
94,101.95,326.64,1,E,5,N
126,238.87,330.87,3,E,5,N
140,296.39,366.14,5,W,5,N
141,305.27,366.44,5,W,5,N
165,347.74,380.14,5,E,5,N
166,351.43,380.44,5,E,5,N
167,388.50,394.63,5,E,5,N
22,259.68,399.50,1,S,3,W
127,244.35,399.90,3,E,5,W
95,272.85,400.20,1,E,5,W
30,309.19,400.70,1,S,2,W
27,305.26,401.90,1,S,1,W
28,306.65,402.20,1,S,1,W
29,307.70,402.50,1,S,1,W
31,317.08,402.80,1,S,1,W
38,337.21,403.10,1,S,1,W
40,342.49,403.40,1,S,1,W
111,280.84,422.04,2,E,5,N
70,236.43,422.34,1,W,5,N
71,250.07,422.64,1,W,5,N
118,331.64,430.97,3,W,5,N
119,368.47,431.27,3,W,5,N
168,429.08,480.04,5,E,5,N
117,318.83,499.80,3,W,5,W
26,297.87,500.10,1,S,5,W
33,324.15,500.40,1,S,5,W
34,329.47,500.70,1,S,5,W
35,333.54,501.00,1,S,5,W
72,342.77,501.30,1,W,5,W
96,316.19,501.60,1,E,5,W
37,337.14,517.00,1,S,5,E
74,355.03,517.60,1,W,5,E
24,280.58,521.94,1,S,5,N
25,282.16,522.24,1,S,5,N
32,320.67,522.54,1,S,5,N
36,334.86,522.84,1,S,5,N
73,347.30,523.44,1,W,5,N
97,357.31,524.04,1,E,5,N
142,487.99,565.94,5,W,5,N
143,518.75,566.24,5,W,5,N
144,519.75,566.54,5,W,5,N
145,527.74,566.84,5,W,5,N
146,534.87,567.14,5,W,5,N
147,536.80,567.44,5,W,5,N
128,459.15,599.70,3,E,5,W
39,342.29,600.00,1,S,5,W
43,382.29,600.30,1,S,5,W
106,446.93,600.60,2,W,5,W
80,506.80,602.10,1,W,2,W
46,548.44,602.70,1,S,1,W
48,558.26,616.10,1,S,1,E
41,347.95,621.84,1,S,5,N
42,353.00,622.14,1,S,5,N
44,389.63,622.44,1,S,5,N
112,448.65,622.74,2,E,5,N
75,394.64,623.04,1,W,5,N
129,514.95,630.27,3,E,5,N
120,588.56,650.33,3,W,5,N
169,634.72,679.84,5,E,5,N
130,590.89,699.60,3,E,5,W
81,511.11,699.90,1,W,5,W
51,575.30,700.10,1,S,3,W
99,507.19,700.20,1,E,5,W
83,578.58,701.00,1,W,2,W
101,603.55,702.20,1,E,2,W
114,638.30,713.17,2,E,3,E
113,555.19,721.74,2,E,5,N
107,587.82,722.04,2,W,5,N
76,473.65,722.34,1,W,5,N
77,475.88,722.64,1,W,5,N
78,483.81,722.94,1,W,5,N
79,490.91,723.24,1,W,5,N
82,515.12,723.54,1,W,5,N
98,505.14,723.84,1,E,5,N
100,580.62,724.14,1,E,5,N
148,693.84,765.74,5,W,5,N
149,694.00,766.04,5,W,5,N
150,699.74,766.34,5,W,5,N
151,707.62,766.64,5,W,5,N
152,715.25,766.94,5,W,5,N
153,754.10,767.24,5,W,5,N
131,628.48,799.50,3,E,5,W
132,636.29,799.80,3,E,5,W
133,678.92,800.10,3,E,5,W
86,598.05,800.40,1,W,5,W
54,730.57,803.50,1,S,1,W
49,565.65,816.10,1,S,5,E
45,544.83,821.64,1,S,5,N
47,557.28,821.94,1,S,5,N
50,570.78,822.54,1,S,5,N
84,585.39,822.84,1,W,5,N
85,592.64,823.14,1,W,5,N
102,681.21,823.44,1,E,5,N
134,702.75,823.73,3,E,5,E
135,751.70,830.17,3,E,5,N
53,717.46,837.47,1,S,3,W
154,781.04,865.64,5,W,5,N
155,789.98,865.94,5,W,5,N
156,794.92,866.24,5,W,5,N
157,823.21,866.54,5,W,5,N
158,830.16,866.84,5,W,5,N
159,837.33,867.14,5,W,5,N
108,724.23,899.40,2,W,5,W
109,749.40,899.70,2,W,5,W
55,737.11,900.00,1,S,5,W
87,699.65,900.30,1,W,5,W
103,758.43,900.60,1,E,5,W
52,711.96,921.54,1,S,5,N
88,713.94,921.84,1,W,5,N
160,891.65,965.54,5,W,5,N
121,881.93,999.30,3,W,5,W
57,746.99,999.60,1,S,5,W
115,830.92,999.90,2,E,5,W
56,743.47,1021.44,1,S,5,N
89,775.54,1021.74,1,W,5,N
90,852.97,1022.04,1,W,5,N
91,886.07,1099.20,1,W,5,W
92,890.61,1115.50,1,W,5,E
58,894.22,1121.34,1,S,5,N