id,enter_time,exit_time,entrance_intersection,entrance_direction,exit_intersection,exit_direction
2,20.12,34.25,1,S,1,E
130,61.75,67.89,5,W,5,N
131,64.15,70.29,5,W,5,N
132,71.60,77.74,5,W,5,N
159,35.66,80.44,5,E,5,N
160,36.95,80.74,5,E,5,N
161,68.51,81.04,5,E,5,N
1,13.42,100.70,1,S,1,W
3,37.41,101.00,1,S,1,W
5,47.09,101.30,1,S,1,W
6,47.49,101.60,1,S,1,W
92,65.55,137.37,1,E,3,E
8,55.72,140.22,1,S,2,E
133,141.13,166.34,5,W,5,N
134,141.43,166.64,5,W,5,N
135,172.07,178.21,5,W,5,N
0,3.78,200.10,1,S,5,W
61,7.68,200.40,1,W,5,W
9,62.03,200.50,1,S,3,E
62,14.16,222.24,1,W,5,N
91,58.93,222.54,1,E,5,N
123,133.21,224.93,3,E,5,E
136,182.91,266.24,5,W,5,N
4,43.07,300.00,1,S,5,W
94,151.40,300.30,1,E,5,W
7,52.22,322.14,1,S,5,N
112,154.02,322.44,2,E,5,N
63,101.28,322.74,1,W,5,N
64,108.05,323.04,1,W,5,N
65,121.93,323.34,1,W,5,N
66,126.87,323.64,1,W,5,N
93,108.39,323.94,1,E,5,N
95,173.35,324.24,1,E,5,N
69,200.90,337.87,1,W,3,E
72,253.71,338.77,1,W,3,W
137,356.78,366.14,5,W,5,N
138,363.59,369.72,5,W,5,N
139,368.48,374.62,5,W,5,N
162,362.43,380.14,5,E,5,N
163,365.63,380.44,5,E,5,N
124,273.62,399.90,3,E,5,W
11,235.85,400.20,1,S,5,W
12,236.22,400.50,1,S,5,W
70,243.41,400.80,1,W,5,W
71,250.76,401.10,1,W,5,W
13,361.72,401.90,1,S,1,W
15,373.53,402.20,1,S,1,W
119,298.33,422.04,3,W,5,N
10,154.83,422.34,1,S,5,N
113,230.16,422.64,2,E,5,N
67,192.29,422.94,1,W,5,N
68,194.39,423.24,1,W,5,N
96,244.13,423.54,1,E,5,N
97,261.14,423.84,1,E,5,N
140,382.24,466.04,5,W,5,N
141,407.61,466.34,5,W,5,N
142,419.69,466.64,5,W,5,N
143,420.84,466.94,5,W,5,N
144,428.65,467.24,5,W,5,N
145,458.27,467.54,5,W,5,N
146,465.27,471.40,5,W,5,N
164,403.89,480.04,5,E,5,N
114,304.56,521.94,2,E,5,N
108,372.99,522.24,2,W,5,N
73,319.59,522.54,1,W,5,N
74,324.42,522.84,1,W,5,N
98,338.20,523.14,1,E,5,N
23,535.97,550.11,1,S,1,E
147,493.90,565.94,5,W,5,N
148,559.33,566.24,5,W,5,N
165,568.38,579.94,5,E,5,N
120,411.91,599.70,3,W,5,W
125,464.39,600.00,3,E,5,W
14,364.54,600.30,1,S,5,W
115,467.98,600.60,2,E,5,W
20,520.72,601.80,1,S,2,E
17,514.51,602.70,1,S,1,W
28,547.83,603.00,1,S,1,W
30,551.72,616.70,1,S,1,E
109,459.47,621.84,2,W,5,N
75,402.17,622.14,1,W,5,N
76,438.56,622.44,1,W,5,N
16,510.61,636.97,1,S,3,E
24,537.99,638.77,1,S,3,W
149,595.86,665.84,5,W,5,N
150,600.68,666.14,5,W,5,N
151,605.37,666.44,5,W,5,N
152,613.50,666.74,5,W,5,N
153,641.55,667.04,5,W,5,N
110,505.50,699.60,2,W,5,W
18,515.35,699.90,1,S,5,W
22,529.20,700.20,1,S,5,W
77,502.75,700.50,1,W,5,W
78,523.59,700.80,1,W,5,W
117,674.33,713.17,2,E,3,W
80,529.34,716.80,1,W,5,E
116,568.56,721.74,2,E,5,N
19,516.60,722.04,1,S,5,N
21,527.92,722.34,1,S,5,N
79,525.49,722.64,1,W,5,N
81,566.62,723.24,1,W,5,N
99,540.66,723.54,1,E,5,N
126,600.26,730.07,3,E,5,N
128,614.20,730.67,3,E,5,N
154,678.76,765.74,5,W,5,N
155,740.95,766.04,5,W,5,N
156,741.57,766.34,5,W,5,N
157,751.97,766.64,5,W,5,N
166,755.37,779.74,5,E,5,N
121,628.97,799.50,3,W,5,W
127,607.08,799.80,3,E,5,W
82,624.05,800.10,1,W,5,W
103,632.89,800.40,1,E,5,W
104,646.79,800.70,1,E,5,W
31,744.00,803.50,1,S,1,W
33,752.43,803.80,1,S,1,W
42,789.98,804.11,1,S,1,W
25,543.22,821.64,1,S,5,N
26,546.24,821.94,1,S,5,N
27,547.34,822.24,1,S,5,N
29,548.83,822.54,1,S,5,N
83,629.11,822.84,1,W,5,N
100,609.78,823.14,1,E,5,N
101,617.93,823.44,1,E,5,N
102,632.52,823.74,1,E,5,N
85,692.35,837.47,1,W,3,W
158,781.46,865.64,5,W,5,N
39,770.77,900.30,1,S,3,W
88,800.12,903.60,1,W,2,W
50,822.47,903.90,1,S,1,W
59,889.83,903.96,1,S,1,W
118,871.29,913.37,2,E,3,E
84,683.47,921.54,1,W,5,N
86,730.21,921.84,1,W,5,N
105,758.23,922.14,1,E,5,N
122,834.50,929.67,3,W,5,N
129,804.94,999.30,3,E,5,W
34,755.07,999.60,1,S,5,W
58,883.78,999.80,1,S,3,E
36,762.15,999.90,1,S,5,W
60,892.35,1000.10,1,S,3,W
37,766.15,1000.20,1,S,5,W
38,769.08,1000.50,1,S,5,W
44,798.75,1000.80,1,S,5,W
46,804.89,1001.10,1,S,5,W
47,809.59,1001.40,1,S,5,W
107,876.75,1001.70,1,E,5,W
32,751.85,1021.44,1,S,5,N
35,759.67,1021.74,1,S,5,N
40,775.97,1022.04,1,S,5,N
41,783.70,1022.34,1,S,5,N
43,791.26,1022.64,1,S,5,N
111,882.35,1022.94,2,W,5,N
45,801.06,1023.24,1,S,5,N
48,810.44,1023.54,1,S,5,N
49,812.36,1023.84,1,S,5,N
51,828.48,1024.14,1,S,5,N
52,834.54,1024.44,1,S,5,N
87,788.47,1024.74,1,W,5,N
89,861.27,1025.04,1,W,5,N
90,862.78,1025.34,1,W,5,N
106,875.34,1025.64,1,E,5,N
55,861.19,1099.20,1,S,5,W
53,846.00,1121.34,1,S,5,N
54,852.44,1121.64,1,S,5,N
56,866.57,1121.94,1,S,5,N
57,868.61,1122.24,1,S,5,N