id,enter_time,exit_time,entrance_intersection,entrance_direction,exit_intersection,exit_direction
104,32.19,66.44,5,W,5,N
105,71.20,77.33,5,W,5,N
137,19.84,80.44,5,E,5,N
3,48.53,100.70,1,S,1,W
93,34.58,125.73,3,E,5,E
91,5.26,131.27,3,E,5,N
92,27.95,131.57,3,E,5,N
94,61.66,132.17,3,E,5,N
106,171.59,177.72,5,W,5,N
95,66.74,200.10,3,E,5,W
1,10.79,200.40,1,S,5,W
68,61.10,200.70,1,E,5,W
67,2.17,216.70,1,E,5,E
9,207.31,221.44,1,S,1,E
0,5.39,222.24,1,S,5,N
33,5.41,222.54,1,W,5,N
69,65.48,223.14,1,E,5,N
107,178.74,266.24,5,W,5,N
108,233.75,266.54,5,W,5,N
109,239.49,266.84,5,W,5,N
110,245.42,267.14,5,W,5,N
138,279.96,286.10,5,E,5,N
2,42.69,300.00,1,S,5,W
7,67.61,300.30,1,S,5,W
10,209.75,301.50,1,S,1,W
13,229.07,301.80,1,S,1,W
17,247.15,314.90,1,S,1,E
4,50.44,322.14,1,S,5,N
5,62.54,322.44,1,S,5,N
6,64.18,322.74,1,S,5,N
8,70.18,323.04,1,S,5,N
80,194.44,323.34,2,E,5,N
34,91.33,323.64,1,W,5,N
35,98.19,323.94,1,W,5,N
97,235.09,331.17,3,E,5,N
14,235.23,337.27,1,S,3,W
98,290.65,352.42,3,E,5,N
99,294.69,356.46,3,E,5,N
111,281.15,366.14,5,W,5,N
112,284.09,366.44,5,W,5,N
113,297.15,366.74,5,W,5,N
114,320.80,367.04,5,W,5,N
139,342.21,380.14,5,E,5,N
96,230.72,399.90,3,E,5,W
86,270.70,400.20,3,W,5,W
12,226.07,400.50,1,S,5,W
36,168.84,400.80,1,W,5,W
20,397.68,411.81,1,S,1,W
81,282.85,422.04,2,E,5,N
11,220.04,422.34,1,S,5,N
37,175.91,422.64,1,W,5,N
38,210.84,422.94,1,W,5,N
100,357.38,430.67,3,E,5,N
87,373.61,435.38,3,W,5,N
115,431.12,466.04,5,W,5,N
116,436.35,466.34,5,W,5,N
117,440.68,466.64,5,W,5,N
22,402.35,502.30,1,S,1,W
24,430.43,502.60,1,S,1,W
42,335.64,517.60,1,W,5,E
15,241.68,521.94,1,S,5,N
16,243.48,522.24,1,S,5,N
78,399.60,522.54,2,W,5,N
39,276.96,522.84,1,W,5,N
40,283.86,523.14,1,W,5,N
41,329.93,523.44,1,W,5,N
70,333.99,524.04,1,E,5,N
118,483.06,565.94,5,W,5,N
119,489.36,566.24,5,W,5,N
120,498.04,566.54,5,W,5,N
121,498.23,566.84,5,W,5,N
122,537.20,567.14,5,W,5,N
123,544.27,567.44,5,W,5,N
124,568.85,574.98,5,W,5,N
140,557.44,579.94,5,E,5,N
141,560.88,580.24,5,E,5,N
142,578.62,584.76,5,E,5,N
88,441.65,599.70,3,W,5,W
19,394.52,600.00,1,S,5,W
21,399.52,600.30,1,S,5,W
46,417.33,600.60,1,W,5,W
47,423.54,600.90,1,W,5,W
71,406.05,601.20,1,E,5,W
72,410.95,601.50,1,E,5,W
54,531.60,601.80,1,W,2,W
18,393.04,621.84,1,S,5,N
82,479.30,622.14,2,E,5,N
23,408.76,622.44,1,S,5,N
43,390.92,622.74,1,W,5,N
44,395.09,623.04,1,W,5,N
45,401.91,623.34,1,W,5,N
48,430.01,623.64,1,W,5,N
49,435.41,623.94,1,W,5,N
50,461.01,624.24,1,W,5,N
101,509.21,630.27,3,E,5,N
125,604.19,665.84,5,W,5,N
126,614.50,666.14,5,W,5,N
127,653.49,666.44,5,W,5,N
143,646.76,679.84,5,E,5,N
89,538.55,699.60,3,W,5,W
51,466.62,699.90,1,W,5,W
58,560.80,700.20,1,W,5,W
74,544.88,700.50,1,E,5,W
27,608.53,703.10,1,S,1,W
52,469.22,721.74,1,W,5,N
53,475.82,722.04,1,W,5,N
55,536.45,722.34,1,W,5,N
56,541.46,722.64,1,W,5,N
57,548.96,722.94,1,W,5,N
73,521.31,723.24,1,E,5,N
60,662.09,738.27,1,W,3,E
102,678.76,740.53,3,E,5,N
128,686.59,765.74,5,W,5,N
129,736.91,766.04,5,W,5,N
130,741.70,766.34,5,W,5,N
131,747.44,766.64,5,W,5,N
83,670.32,799.50,2,E,5,W
61,688.73,801.10,1,W,2,W
75,693.95,816.70,1,E,5,E
25,607.73,821.64,1,S,5,N
26,608.06,821.94,1,S,5,N
28,608.87,822.24,1,S,5,N
59,599.64,822.54,1,W,5,N
103,725.37,829.87,3,E,5,N
62,695.32,837.47,1,W,3,W
132,788.61,865.64,5,W,5,N
133,791.44,865.94,5,W,5,N
134,802.21,866.24,5,W,5,N
135,806.46,866.54,5,W,5,N
136,816.46,866.84,5,W,5,N
144,855.99,879.64,5,E,5,N
63,703.23,899.40,1,W,5,W
77,839.22,901.80,1,E,2,W
30,858.60,903.90,1,S,1,W
31,860.36,916.70,1,S,1,E
79,718.76,921.54,2,W,5,N
84,726.32,921.84,2,E,5,N
76,766.12,922.14,1,E,5,N
90,831.04,929.67,3,W,5,N
29,744.05,999.30,1,S,5,W
85,875.41,999.60,2,E,5,W
64,795.12,1021.44,1,W,5,N
65,796.13,1021.74,1,W,5,N
32,867.35,1099.20,1,S,5,W
66,898.34,1121.34,1,W,5,N