id,enter_time,exit_time,entrance_intersection,entrance_direction,exit_intersection,exit_direction
6,31.11,45.24,1,S,1,E
170,3.71,80.44,5,E,5,N
171,9.72,80.74,5,E,5,N
2,9.76,100.70,1,S,1,W
11,62.50,101.00,1,S,1,W
13,67.17,101.30,1,S,1,W
82,9.37,102.80,1,E,2,W
44,26.98,138.27,1,W,3,E
134,135.07,166.34,5,W,5,N
135,141.58,166.64,5,W,5,N
136,145.07,166.94,5,W,5,N
137,151.78,167.24,5,W,5,N
172,185.35,191.49,5,E,5,N
121,4.37,200.10,3,E,5,W
114,4.39,200.40,3,W,5,W
0,2.26,200.70,1,S,5,W
47,116.09,200.80,1,W,2,E
99,8.30,201.00,2,W,5,W
43,11.40,201.30,1,W,5,W
45,58.63,201.60,1,W,5,W
84,164.86,202.00,1,E,2,W
3,12.60,217.00,1,S,5,E
98,5.87,222.24,2,W,5,N
100,54.46,222.54,2,W,5,N
1,6.89,222.84,1,S,5,N
4,19.58,223.44,1,S,5,N
5,24.55,223.74,1,S,5,N
42,7.07,224.04,1,W,5,N
122,152.26,231.07,3,E,5,N
115,120.89,231.07,3,W,5,N
123,158.55,231.37,3,E,5,N
138,203.06,266.24,5,W,5,N
139,207.20,266.54,5,W,5,N
140,213.78,266.84,5,W,5,N
141,213.91,267.14,5,W,5,N
173,288.65,294.79,5,E,5,N
8,51.42,300.00,1,S,5,W
10,59.57,300.30,1,S,5,W
17,211.27,300.60,1,S,2,W
14,67.36,300.60,1,S,5,W
46,108.93,300.90,1,W,5,W
85,181.45,301.20,1,E,5,W
15,200.06,301.50,1,S,1,W
16,209.86,301.80,1,S,1,W
19,220.27,302.10,1,S,1,W
21,246.41,302.40,1,S,1,W
22,250.38,302.70,1,S,1,W
26,284.81,303.00,1,S,1,W
12,63.91,316.60,1,S,5,E
7,37.59,322.14,1,S,5,N
9,54.06,322.44,1,S,5,N
108,167.15,323.04,2,E,5,N
48,123.92,323.34,1,W,5,N
49,130.48,323.64,1,W,5,N
83,164.59,323.94,1,E,5,N
52,227.00,337.87,1,W,3,E
142,332.09,366.14,5,W,5,N
143,346.61,366.44,5,W,5,N
144,354.21,366.74,5,W,5,N
145,358.65,367.04,5,W,5,N
146,369.20,375.33,5,W,5,N
174,327.59,380.14,5,E,5,N
175,343.38,380.44,5,E,5,N
176,344.53,380.74,5,E,5,N
86,197.61,399.90,1,E,5,W
109,284.30,400.20,2,E,5,W
18,214.37,400.50,1,S,5,W
50,196.97,400.80,1,W,5,W
51,198.32,401.10,1,W,5,W
87,267.98,401.40,1,E,5,W
101,214.38,422.04,2,W,5,N
102,271.09,422.34,2,W,5,N
88,274.60,422.64,1,E,5,N
116,361.22,430.67,3,W,5,N
147,380.24,466.04,5,W,5,N
177,446.98,480.04,5,E,5,N
178,449.44,480.34,5,E,5,N
124,365.36,499.80,3,E,5,W
125,370.42,500.10,3,E,5,W
27,481.24,502.30,1,S,1,W
20,240.01,521.94,1,S,5,N
23,257.98,522.24,1,S,5,N
24,265.93,522.54,1,S,5,N
25,270.73,522.84,1,S,5,N
53,266.68,523.14,1,W,5,N
54,272.34,523.44,1,W,5,N
55,281.30,523.74,1,W,5,N
56,358.70,524.04,1,W,5,N
89,332.67,524.34,1,E,5,N
118,423.62,524.63,3,W,5,E
90,367.67,524.64,1,E,5,N
91,387.44,524.94,1,E,5,N
117,418.08,530.47,3,W,5,N
128,483.45,545.22,3,E,5,N
148,508.44,565.94,5,W,5,N
149,534.67,566.24,5,W,5,N
150,541.52,566.54,5,W,5,N
151,549.68,566.84,5,W,5,N
152,556.84,567.14,5,W,5,N
153,563.48,569.62,5,W,5,N
154,568.08,574.21,5,W,5,N
179,548.50,579.94,5,E,5,N
126,404.14,599.70,3,E,5,W
127,428.72,600.00,3,E,5,W
110,451.25,600.30,2,E,5,W
63,534.92,601.50,1,W,2,W
57,366.67,621.84,1,W,5,N
58,393.73,622.14,1,W,5,N
59,398.07,622.44,1,W,5,N
60,399.44,622.74,1,W,5,N
119,533.01,624.13,3,W,5,E
129,508.12,630.27,3,E,5,N
130,542.46,630.57,3,E,5,N
155,600.24,665.84,5,W,5,N
156,603.74,666.14,5,W,5,N
157,639.10,666.44,5,W,5,N
158,645.94,666.74,5,W,5,N
159,650.07,667.04,5,W,5,N
160,655.95,667.34,5,W,5,N
180,615.98,679.84,5,E,5,N
181,661.69,680.14,5,E,5,N
182,683.19,689.33,5,E,5,N
131,549.32,699.60,3,E,5,W
61,466.82,699.90,1,W,5,W
65,542.73,700.20,1,W,5,W
93,582.43,716.80,1,E,5,E
28,487.75,721.74,1,S,5,N
62,474.34,722.04,1,W,5,N
64,537.75,722.34,1,W,5,N
92,573.19,722.64,1,E,5,N
38,712.55,726.68,1,S,1,E
161,691.26,765.74,5,W,5,N
162,749.20,766.04,5,W,5,N
163,751.52,766.34,5,W,5,N
164,757.49,766.64,5,W,5,N
165,763.51,769.64,5,W,5,N
166,769.87,776.00,5,W,5,N
183,705.85,779.74,5,E,5,N
132,629.19,799.50,3,E,5,W
103,603.13,799.80,2,W,5,W
66,644.96,800.10,1,W,5,W
68,659.83,800.40,1,W,5,W
95,679.80,800.70,1,E,5,W
72,715.85,802.60,1,W,2,W
40,722.90,803.50,1,S,1,W
111,620.58,821.64,2,E,5,N
104,646.77,821.94,2,W,5,N
67,652.39,822.24,1,W,5,N
69,666.25,822.54,1,W,5,N
94,625.22,822.84,1,E,5,N
74,723.17,839.27,1,W,3,W
167,794.73,865.64,5,W,5,N
168,829.07,865.94,5,W,5,N
169,835.85,866.24,5,W,5,N
133,749.19,899.40,3,E,5,W
120,753.74,899.70,3,W,5,W
30,650.60,900.00,1,S,5,W
31,658.19,900.30,1,S,5,W
35,695.97,900.60,1,S,5,W
39,713.04,900.90,1,S,5,W
78,825.70,902.10,1,W,2,E
34,691.06,916.30,1,S,5,E
36,698.72,916.60,1,S,5,E
105,795.47,916.90,2,W,5,E
29,648.53,921.54,1,S,5,N
32,665.70,921.84,1,S,5,N
33,684.24,922.14,1,S,5,N
37,706.61,923.34,1,S,5,N
41,726.52,923.64,1,S,5,N
70,703.60,923.94,1,W,5,N
71,711.01,924.24,1,W,5,N
73,718.62,924.54,1,W,5,N
96,740.57,924.84,1,E,5,N
112,804.51,999.30,2,E,5,W
75,771.89,999.60,1,W,5,W
77,819.52,999.90,1,W,5,W
79,832.93,1000.20,1,W,5,W
106,841.11,1021.44,2,W,5,N
107,845.54,1021.74,2,W,5,N
113,899.46,1022.04,2,E,5,N
76,773.60,1022.34,1,W,5,N
97,809.88,1022.64,1,E,5,N
80,871.37,1099.20,1,W,5,W
81,878.94,1099.50,1,W,5,W