id,enter_time,exit_time,entrance_intersection,entrance_direction,exit_intersection,exit_direction
117,1.23,66.44,5,W,5,N
118,2.95,66.74,5,W,5,N
154,27.34,80.44,5,E,5,N
155,43.50,80.74,5,E,5,N
156,61.19,81.04,5,E,5,N
0,0.23,100.70,1,S,1,W
157,155.98,180.34,5,E,5,N
158,166.70,180.64,5,E,5,N
110,32.21,200.10,3,E,5,W
102,46.93,200.40,3,W,5,W
1,3.51,200.70,1,S,5,W
96,43.52,201.00,2,E,5,W
2,11.62,201.30,1,S,5,W
74,175.48,201.60,1,E,2,W
3,14.99,216.10,1,S,5,E
41,6.58,222.54,1,W,5,N
111,173.63,235.40,3,E,5,N
43,96.33,236.87,1,W,3,E
11,228.77,242.90,1,S,1,E
119,193.61,266.24,5,W,5,N
120,254.59,266.54,5,W,5,N
121,254.74,266.84,5,W,5,N
122,261.88,268.02,5,W,5,N
123,269.86,276.00,5,W,5,N
97,102.32,300.00,2,E,5,W
90,156.00,300.30,2,W,5,W
54,259.45,304.20,1,W,2,W
42,82.68,322.14,1,W,5,N
75,196.69,322.44,1,E,5,N
44,173.89,337.27,1,W,3,W
50,224.53,339.07,1,W,3,W
124,278.16,366.14,5,W,5,N
125,283.04,366.44,5,W,5,N
126,290.64,366.74,5,W,5,N
127,293.52,367.04,5,W,5,N
128,296.63,367.34,5,W,5,N
129,334.46,367.64,5,W,5,N
130,335.05,367.94,5,W,5,N
131,340.46,368.24,5,W,5,N
132,349.15,368.54,5,W,5,N
159,326.88,380.14,5,E,5,N
112,212.32,399.90,3,E,5,W
4,186.21,400.20,1,S,5,W
91,286.57,400.50,2,W,5,W
45,179.37,400.80,1,W,5,W
49,222.11,401.10,1,W,5,W
7,196.04,416.50,1,S,5,E
98,293.54,417.10,2,E,5,E
46,184.18,418.00,1,W,5,E
5,187.30,422.04,1,S,5,N
6,194.35,422.34,1,S,5,N
8,202.27,422.94,1,S,5,N
9,209.54,423.54,1,S,5,N
10,217.44,423.84,1,S,5,N
47,188.63,424.44,1,W,5,N
48,215.27,424.74,1,W,5,N
51,239.62,425.04,1,W,5,N
52,245.41,425.34,1,W,5,N
53,256.41,425.64,1,W,5,N
55,261.78,425.94,1,W,5,N
76,255.72,426.24,1,E,5,N
103,302.27,430.67,3,W,5,N
104,307.53,430.97,3,W,5,N
14,422.14,436.28,1,S,1,E
133,380.60,466.04,5,W,5,N
134,389.43,466.34,5,W,5,N
135,396.70,466.64,5,W,5,N
136,403.98,466.94,5,W,5,N
137,456.66,467.24,5,W,5,N
92,326.29,499.80,2,W,5,W
12,410.17,502.30,1,S,1,W
15,429.06,502.60,1,S,1,W
17,435.58,502.90,1,S,1,W
79,393.26,511.08,1,E,5,W
59,363.96,516.70,1,W,5,E
77,361.58,517.00,1,E,5,E
56,338.24,521.94,1,W,5,N
57,344.60,522.24,1,W,5,N
58,357.40,522.54,1,W,5,N
78,370.66,523.44,1,E,5,N
113,411.61,530.47,3,E,5,N
105,423.85,530.47,3,W,5,N
82,491.25,553.44,1,E,3,E
138,569.02,575.16,5,W,5,N
160,500.11,579.94,5,E,5,N
161,526.30,580.24,5,E,5,N
162,549.63,580.54,5,E,5,N
99,403.79,599.70,2,E,5,W
13,416.46,600.00,1,S,5,W
22,480.67,600.30,1,S,3,W
60,450.92,600.30,1,W,5,W
81,449.16,600.60,1,E,5,W
16,429.09,621.84,1,S,5,N
80,428.96,622.14,1,E,5,N
83,494.84,622.44,1,E,5,N
106,524.87,630.27,3,W,5,N
107,574.46,636.23,3,W,5,N
64,551.72,637.87,1,W,3,W
139,574.81,665.84,5,W,5,N
140,580.13,666.14,5,W,5,N
141,585.29,666.44,5,W,5,N
142,627.87,666.74,5,W,5,N
143,636.26,667.04,5,W,5,N
144,660.61,667.34,5,W,5,N
145,668.43,674.57,5,W,5,N
163,611.72,679.84,5,E,5,N
164,618.70,680.14,5,E,5,N
23,481.79,699.60,1,S,5,W
84,650.31,702.80,1,E,2,W
61,531.02,717.10,1,W,5,E
18,464.53,721.74,1,S,5,N
19,467.94,722.04,1,S,5,N
20,472.30,722.34,1,S,5,N
21,480.11,722.64,1,S,5,N
100,581.87,722.94,2,E,5,N
62,538.53,723.54,1,W,5,N
63,546.75,723.84,1,W,5,N
108,683.68,745.45,3,W,5,N
146,675.20,765.74,5,W,5,N
147,708.37,766.04,5,W,5,N
148,735.32,766.34,5,W,5,N
149,736.72,766.64,5,W,5,N
150,747.68,766.94,5,W,5,N
165,791.94,798.07,5,E,5,N
114,645.19,799.50,3,E,5,W
115,651.52,799.80,3,E,5,W
24,629.02,800.10,1,S,5,W
66,586.58,800.40,1,W,5,W
25,636.44,821.64,1,S,5,N
65,580.95,821.94,1,W,5,N
67,593.86,822.24,1,W,5,N
68,657.73,822.54,1,W,5,N
109,722.33,829.87,3,W,5,N
151,805.32,865.64,5,W,5,N
152,813.31,865.94,5,W,5,N
166,870.45,879.64,5,E,5,N
167,874.15,880.29,5,E,5,N
26,642.30,899.40,1,S,5,W
69,722.50,899.70,1,W,5,W
85,716.08,900.00,1,E,5,W
88,778.82,900.30,1,E,5,W
31,837.02,903.90,1,S,1,W
33,863.02,904.20,1,S,1,W
36,876.70,904.50,1,S,1,W
87,769.35,917.20,1,E,5,E
27,671.57,921.54,1,S,5,N
93,701.04,921.84,2,W,5,N
101,756.75,922.14,2,E,5,N
94,742.27,922.44,2,W,5,N
70,727.67,922.74,1,W,5,N
86,755.55,923.04,1,E,5,N
71,819.84,938.17,1,W,3,W
116,888.95,950.72,3,E,5,N
153,873.04,965.54,5,W,5,N
95,867.41,999.30,2,W,5,W
29,833.89,1015.60,1,S,5,E
89,835.34,1016.50,1,E,5,E
28,829.15,1021.44,1,S,5,N
30,834.68,1022.04,1,S,5,N
72,826.98,1022.34,1,W,5,N
39,890.69,1099.20,1,S,5,W
35,872.50,1115.80,1,S,5,E
32,841.96,1121.34,1,S,5,N
34,867.68,1121.64,1,S,5,N
37,882.14,1122.24,1,S,5,N
38,886.16,1122.54,1,S,5,N
40,893.08,1122.84,1,S,5,N
73,897.79,1123.14,1,W,5,N