id,enter_time,exit_time,entrance_intersection,entrance_direction,exit_intersection,exit_direction
128,11.58,66.44,5,W,5,N
129,21.94,66.74,5,W,5,N
130,23.83,67.04,5,W,5,N
115,49.62,131.27,3,W,5,N
122,73.18,134.95,3,E,5,N
52,21.77,139.77,1,W,3,W
55,35.55,140.67,1,W,3,W
159,177.25,183.38,5,E,5,N
0,11.00,200.10,1,S,5,W
7,34.16,200.40,1,S,5,W
49,6.07,200.70,1,W,5,W
51,16.17,201.00,1,W,5,W
53,25.86,218.50,1,W,5,E
102,53.02,222.24,2,W,5,N
1,22.93,222.54,1,S,5,N
2,23.32,222.84,1,S,5,N
3,26.50,223.14,1,S,5,N
4,30.27,223.44,1,S,5,N
5,31.76,223.74,1,S,5,N
6,32.31,224.04,1,S,5,N
50,10.77,224.34,1,W,5,N
54,30.77,224.94,1,W,5,N
86,77.48,225.24,1,E,5,N
87,88.03,225.54,1,E,5,N
109,194.24,230.31,2,E,3,E
9,195.73,240.32,1,S,2,E
131,210.10,266.24,5,W,5,N
132,273.04,279.17,5,W,5,N
160,202.95,280.24,5,E,5,N
161,229.19,280.54,5,E,5,N
162,232.20,280.84,5,E,5,N
163,238.91,281.14,5,E,5,N
164,263.04,281.44,5,E,5,N
165,285.84,291.98,5,E,5,N
58,129.03,300.00,1,W,5,W
10,215.17,300.60,1,S,2,W
17,288.88,303.01,1,S,1,W
56,117.61,322.14,1,W,5,N
57,122.21,322.44,1,W,5,N
88,101.89,322.74,1,E,5,N
123,267.87,330.87,3,E,5,N
133,276.70,366.14,5,W,5,N
134,301.46,366.44,5,W,5,N
135,305.99,366.74,5,W,5,N
136,308.23,367.04,5,W,5,N
137,316.04,367.34,5,W,5,N
138,320.20,367.64,5,W,5,N
139,327.19,367.94,5,W,5,N
8,188.51,399.90,1,S,5,W
11,216.71,400.20,1,S,5,W
13,232.12,400.50,1,S,5,W
61,223.94,400.80,1,W,5,W
62,227.95,401.10,1,W,5,W
66,263.59,401.40,1,W,5,W
21,337.61,401.90,1,S,1,W
25,367.41,402.20,1,S,1,W
12,227.28,422.04,1,S,5,N
59,214.45,422.34,1,W,5,N
60,216.58,422.64,1,W,5,N
63,236.27,422.94,1,W,5,N
64,237.70,423.24,1,W,5,N
65,240.18,423.54,1,W,5,N
89,253.19,423.84,1,E,5,N
116,323.37,430.67,3,W,5,N
67,330.78,437.07,1,W,3,E
124,391.93,453.70,3,E,5,N
140,387.24,466.04,5,W,5,N
141,391.13,466.34,5,W,5,N
142,424.86,466.64,5,W,5,N
143,428.95,466.94,5,W,5,N
144,437.51,467.24,5,W,5,N
145,461.99,468.13,5,W,5,N
146,472.87,479.01,5,W,5,N
166,405.65,480.04,5,E,5,N
167,413.20,480.34,5,E,5,N
117,335.12,499.80,3,W,5,W
103,358.21,500.10,2,W,5,W
104,379.71,500.40,2,W,5,W
27,373.45,500.50,1,S,3,W
20,307.93,500.70,1,S,5,W
70,439.74,501.10,1,W,2,W
14,252.39,521.94,1,S,5,N
15,282.48,522.24,1,S,5,N
16,283.92,522.54,1,S,5,N
18,289.57,522.84,1,S,5,N
19,302.47,523.14,1,S,5,N
110,390.84,523.44,2,E,5,N
68,337.10,523.74,1,W,5,N
90,311.27,524.04,1,E,5,N
91,386.61,524.34,1,E,5,N
118,448.24,530.47,3,W,5,N
147,479.05,565.94,5,W,5,N
148,483.43,566.24,5,W,5,N
24,354.44,599.70,1,S,5,W
69,401.34,600.00,1,W,5,W
72,448.61,600.30,1,W,5,W
93,438.47,600.60,1,E,5,W
92,422.96,616.90,1,E,5,E
22,338.59,621.84,1,S,5,N
23,347.33,622.14,1,S,5,N
26,371.39,622.44,1,S,5,N
71,442.05,622.74,1,W,5,N
94,495.75,623.34,1,E,5,N
125,528.01,630.27,3,E,5,N
119,509.21,630.27,3,W,5,N
120,527.95,630.57,3,W,5,N
149,578.11,665.84,5,W,5,N
150,656.56,666.14,5,W,5,N
168,620.28,679.84,5,E,5,N
169,641.20,680.14,5,E,5,N
170,667.14,680.44,5,E,5,N
75,559.86,699.60,1,W,5,W
76,660.07,701.00,1,W,2,W
33,678.62,703.10,1,S,1,W
34,684.21,703.40,1,S,1,W
107,648.08,713.17,2,W,3,W
105,503.91,715.60,2,W,5,E
111,543.03,722.04,2,E,5,N
106,538.96,722.34,2,W,5,N
28,514.43,722.64,1,S,5,N
73,472.97,722.94,1,W,5,N
74,555.45,723.24,1,W,5,N
38,698.40,744.12,1,S,2,W
99,700.14,762.33,1,E,3,E
151,688.82,765.74,5,W,5,N
152,723.71,766.04,5,W,5,N
171,704.06,779.74,5,E,5,N
172,709.84,780.04,5,E,5,N
173,716.59,780.34,5,E,5,N
174,718.30,780.64,5,E,5,N
43,721.47,803.50,1,S,1,W
112,613.23,821.64,2,E,5,N
95,646.96,821.94,1,E,5,N
96,669.99,822.24,1,E,5,N
97,693.72,822.54,1,E,5,N
98,695.06,822.84,1,E,5,N
126,740.23,829.87,3,E,5,N
121,787.97,849.74,3,W,5,N
153,860.68,866.81,5,W,5,N
154,866.31,872.44,5,W,5,N
155,870.41,876.54,5,W,5,N
31,656.85,899.40,1,S,5,W
35,686.96,899.70,1,S,5,W
37,695.15,900.00,1,S,5,W
108,764.93,900.30,2,W,5,W
40,713.55,900.60,1,S,5,W
77,667.83,900.90,1,W,5,W
30,650.34,915.70,1,S,5,E
29,647.53,921.54,1,S,5,N
32,663.61,922.14,1,S,5,N
36,693.02,922.44,1,S,5,N
113,763.78,922.74,2,E,5,N
39,713.45,923.04,1,S,5,N
41,717.71,923.34,1,S,5,N
42,721.29,923.64,1,S,5,N
44,724.65,923.94,1,S,5,N
78,709.03,924.24,1,W,5,N
79,713.26,924.54,1,W,5,N
80,766.05,924.84,1,W,5,N
156,881.81,965.54,5,W,5,N
157,887.01,965.84,5,W,5,N
158,889.42,966.14,5,W,5,N
127,872.36,999.30,3,E,5,W
114,883.17,999.60,2,E,5,W
100,849.54,999.90,1,E,5,W
81,773.72,1021.44,1,W,5,N
82,833.50,1021.74,1,W,5,N
83,837.89,1022.04,1,W,5,N
101,875.11,1022.34,1,E,5,N
85,883.49,1037.67,1,W,3,E
45,850.60,1099.20,1,S,5,W
46,858.30,1121.34,1,S,5,N
47,865.07,1121.64,1,S,5,N
48,869.64,1121.94,1,S,5,N
84,875.57,1122.24,1,W,5,N