id,enter_time,exit_time,entrance_intersection,entrance_direction,exit_intersection,exit_direction
0,0.24,14.38,1,S,1,E
1,1.64,15.78,1,S,1,E
112,41.73,66.44,5,W,5,N
113,64.15,70.29,5,W,5,N
114,67.82,73.96,5,W,5,N
106,53.18,131.57,3,E,5,N
3,132.70,146.84,1,S,1,E
115,93.85,166.34,5,W,5,N
116,136.95,166.64,5,W,5,N
117,142.15,166.94,5,W,5,N
118,146.35,167.24,5,W,5,N
119,152.67,167.54,5,W,5,N
105,21.80,200.10,3,E,5,W
39,13.60,200.40,1,W,5,W
12,162.36,216.00,1,S,1,E
38,12.15,222.24,1,W,5,N
40,20.37,222.54,1,W,5,N
41,24.92,222.84,1,W,5,N
70,7.47,223.14,1,E,5,N
4,134.07,236.87,1,S,3,W
120,252.93,266.24,5,W,5,N
121,253.68,266.54,5,W,5,N
122,253.72,266.84,5,W,5,N
123,265.58,271.71,5,W,5,N
124,269.94,276.07,5,W,5,N
150,201.32,280.24,5,E,5,N
2,130.74,300.00,1,S,5,W
42,125.57,300.30,1,W,5,W
43,133.44,300.60,1,W,5,W
11,161.45,301.50,1,S,3,E
72,218.31,301.80,1,E,2,W
93,180.51,322.14,2,E,5,N
44,141.19,322.44,1,W,5,N
71,120.73,322.74,1,E,5,N
99,229.67,330.87,3,W,5,N
100,278.87,340.64,3,W,5,N
125,296.14,366.14,5,W,5,N
126,325.22,366.44,5,W,5,N
127,332.86,366.74,5,W,5,N
128,340.46,367.04,5,W,5,N
129,347.70,367.34,5,W,5,N
107,279.65,399.90,3,E,5,W
5,140.67,400.20,1,S,5,W
10,161.43,400.50,1,S,5,W
14,166.37,400.80,1,S,5,W
15,170.27,401.10,1,S,5,W
45,240.50,401.40,1,W,5,W
25,366.86,401.90,1,S,1,W
85,305.00,412.87,2,W,3,E
21,345.28,414.70,1,S,1,E
23,353.13,415.30,1,S,1,E
24,353.49,415.60,1,S,1,E
6,147.15,415.90,1,S,5,E
7,151.44,416.20,1,S,5,E
8,158.09,422.64,1,S,5,N
9,158.99,422.94,1,S,5,N
13,164.89,423.24,1,S,5,N
46,242.21,423.54,1,W,5,N
47,242.73,423.84,1,W,5,N
48,258.73,424.14,1,W,5,N
87,394.61,430.68,2,W,3,W
17,323.27,437.07,1,S,3,E
130,377.34,466.04,5,W,5,N
131,431.93,466.34,5,W,5,N
132,438.48,466.64,5,W,5,N
133,446.22,466.94,5,W,5,N
134,454.53,467.24,5,W,5,N
151,415.59,480.04,5,E,5,N
49,266.07,499.80,1,W,5,W
53,411.21,500.80,1,W,2,W
27,495.71,515.40,1,S,1,E
94,347.65,515.80,2,E,5,E
29,506.82,520.96,1,S,1,E
86,350.17,522.24,2,W,5,N
16,317.31,522.54,1,S,5,N
18,328.77,522.84,1,S,5,N
19,335.11,523.14,1,S,5,N
20,337.85,523.44,1,S,5,N
50,275.89,523.74,1,W,5,N
51,340.67,524.04,1,W,5,N
52,346.37,524.34,1,W,5,N
73,334.50,524.64,1,E,5,N
108,439.91,530.47,3,E,5,N
135,541.00,565.94,5,W,5,N
152,522.22,579.94,5,E,5,N
153,539.13,580.24,5,E,5,N
22,350.50,599.70,1,S,5,W
56,503.64,601.50,1,W,2,W
78,591.68,617.80,1,E,2,W
95,427.91,621.84,2,E,5,N
88,443.11,622.14,2,W,5,N
89,471.26,622.44,2,W,5,N
74,441.79,622.74,1,E,5,N
75,449.77,623.04,1,E,5,N
101,521.72,630.27,3,W,5,N
76,562.23,638.17,1,E,3,W
136,595.64,665.84,5,W,5,N
137,600.67,666.14,5,W,5,N
138,612.71,666.44,5,W,5,N
139,645.56,666.74,5,W,5,N
140,652.87,667.04,5,W,5,N
91,581.45,699.60,2,W,5,W
54,489.27,716.80,1,W,5,E
26,492.06,721.74,1,S,5,N
28,498.92,722.04,1,S,5,N
90,523.39,722.34,2,W,5,N
96,598.57,722.64,2,E,5,N
55,489.42,723.24,1,W,5,N
57,528.66,723.54,1,W,5,N
77,584.36,723.84,1,E,5,N
110,687.45,749.22,3,E,5,N
141,693.02,765.74,5,W,5,N
142,703.68,766.04,5,W,5,N
143,727.80,766.34,5,W,5,N
144,737.17,766.64,5,W,5,N
145,746.38,766.94,5,W,5,N
154,751.66,779.74,5,E,5,N
109,660.70,799.50,3,E,5,W
34,720.38,803.50,1,S,1,W
35,720.38,803.80,1,S,1,W
37,728.60,804.10,1,S,1,W
58,609.59,815.80,1,W,5,E
92,663.00,821.64,2,W,5,N
102,766.69,823.73,3,W,5,E
79,699.91,823.87,1,E,5,N
80,720.90,839.87,1,E,3,W
146,787.14,865.64,5,W,5,N
147,816.89,865.94,5,W,5,N
148,823.36,866.24,5,W,5,N
32,712.13,899.40,1,S,5,W
33,712.53,899.70,1,S,5,W
36,721.37,900.00,1,S,5,W
63,733.70,900.30,1,W,5,W
82,749.85,900.60,1,E,5,W
30,702.15,921.54,1,S,5,N
97,734.18,921.84,2,E,5,N
98,798.40,922.14,2,E,5,N
31,708.52,922.44,1,S,5,N
59,710.54,922.74,1,W,5,N
60,715.10,923.04,1,W,5,N
61,721.88,923.34,1,W,5,N
62,728.77,923.64,1,W,5,N
81,730.62,923.94,1,E,5,N
83,771.56,924.24,1,E,5,N
111,851.39,929.67,3,E,5,N
103,843.96,929.67,3,W,5,N
104,862.04,929.97,3,W,5,N
149,881.76,965.54,5,W,5,N
65,835.75,999.30,1,W,5,W
68,874.91,1001.60,1,W,2,W
64,834.23,1021.44,1,W,5,N
66,863.79,1021.74,1,W,5,N
84,848.44,1022.04,1,E,5,N
67,870.14,1099.20,1,W,5,W
69,880.22,1121.34,1,W,5,N