id,enter_time,exit_time,entrance_intersection,entrance_direction,exit_intersection,exit_direction
132,2.13,66.44,5,W,5,N
160,7.04,80.44,5,E,5,N
161,45.19,80.74,5,E,5,N
0,6.89,100.40,1,S,2,W
133,124.18,166.34,5,W,5,N
134,130.83,166.64,5,W,5,N
135,135.95,166.94,5,W,5,N
136,139.27,167.24,5,W,5,N
137,139.34,167.54,5,W,5,N
138,145.67,167.84,5,W,5,N
162,125.47,180.34,5,E,5,N
163,139.55,180.64,5,E,5,N
7,152.72,201.10,1,S,1,W
11,167.89,201.40,1,S,1,W
13,173.64,201.70,1,S,1,W
15,194.41,208.55,1,S,1,W
8,154.54,214.50,1,S,1,E
10,162.24,215.10,1,S,1,E
16,207.80,221.94,1,S,1,E
110,63.95,222.24,2,E,5,N
1,10.84,222.54,1,S,5,N
2,13.88,222.84,1,S,5,N
3,15.80,223.14,1,S,5,N
54,8.85,223.44,1,W,5,N
91,13.87,223.74,1,E,5,N
92,57.56,224.04,1,E,5,N
93,100.19,224.15,1,E,5,N
55,100.06,236.87,1,W,3,W
139,271.76,277.90,5,W,5,N
104,149.85,300.00,2,W,5,W
56,106.02,300.30,1,W,5,W
17,215.98,300.60,1,S,2,W
57,107.30,300.60,1,W,5,W
58,107.51,300.90,1,W,5,W
59,155.50,301.20,1,W,5,W
20,230.12,301.50,1,S,1,W
94,135.70,301.50,1,E,5,W
24,266.14,301.80,1,S,1,W
25,268.67,314.90,1,S,1,E
111,189.16,322.14,2,E,5,N
4,137.27,322.44,1,S,5,N
60,162.09,322.74,1,W,5,N
118,279.63,335.27,3,W,5,E
96,263.41,338.77,1,E,3,E
140,283.72,366.14,5,W,5,N
141,299.40,366.44,5,W,5,N
142,306.97,366.74,5,W,5,N
143,368.33,374.46,5,W,5,N
125,221.75,399.90,3,E,5,W
126,229.59,400.20,3,E,5,W
9,156.24,400.50,1,S,5,W
95,240.22,400.80,1,E,5,W
32,303.62,401.90,1,S,1,W
39,331.47,401.90,1,S,2,W
33,305.65,402.20,1,S,1,W
34,307.81,402.50,1,S,1,W
106,303.52,412.87,2,W,3,W
5,144.57,422.04,1,S,5,N
6,145.96,422.34,1,S,5,N
12,170.52,422.64,1,S,5,N
14,180.14,422.94,1,S,5,N
105,259.34,423.24,2,W,5,N
18,225.81,423.54,1,S,5,N
19,226.55,423.84,1,S,5,N
21,230.50,424.14,1,S,5,N
61,167.07,424.44,1,W,5,N
62,208.40,424.74,1,W,5,N
97,273.38,425.04,1,E,5,N
65,360.64,438.87,1,W,3,W
127,390.44,452.21,3,E,5,N
164,410.11,480.04,5,E,5,N
119,358.16,499.80,3,W,5,W
23,263.65,500.10,1,S,5,W
27,282.64,500.40,1,S,5,W
35,314.61,500.70,1,S,5,W
36,315.44,501.00,1,S,5,W
37,316.97,501.30,1,S,5,W
64,357.75,501.60,1,W,5,W
71,443.90,502.30,1,W,2,W
41,489.42,503.56,1,S,1,W
22,242.02,515.80,1,S,5,E
26,275.99,522.24,1,S,5,N
28,284.03,522.54,1,S,5,N
29,298.74,522.84,1,S,5,N
30,299.37,523.14,1,S,5,N
31,303.34,523.44,1,S,5,N
112,358.32,523.74,2,E,5,N
38,324.40,524.04,1,S,5,N
63,292.65,524.34,1,W,5,N
72,447.82,538.67,1,W,3,W
144,501.10,565.94,5,W,5,N
145,508.12,566.24,5,W,5,N
165,514.79,579.94,5,E,5,N
120,404.40,599.70,3,W,5,W
67,373.52,600.00,1,W,5,W
70,442.41,600.30,1,W,5,W
73,453.01,600.60,1,W,5,W
98,421.84,600.90,1,E,5,W
44,508.28,601.20,1,S,2,W
107,431.64,621.84,2,W,5,N
113,480.88,622.14,2,E,5,N
66,367.68,622.44,1,W,5,N
68,374.01,622.74,1,W,5,N
69,436.89,623.04,1,W,5,N
99,437.78,623.34,1,E,5,N
43,506.98,636.97,1,S,3,E
45,511.07,637.57,1,S,3,W
146,622.95,665.84,5,W,5,N
147,627.33,666.14,5,W,5,N
128,569.95,699.60,3,E,5,W
42,495.97,699.90,1,S,5,W
114,598.20,700.20,2,E,5,W
166,694.27,700.41,5,E,5,N
46,516.91,700.50,1,S,5,W
74,505.26,700.80,1,W,5,W
50,668.70,715.90,1,S,1,E
100,548.58,717.10,1,E,5,E
40,487.02,721.74,1,S,5,N
108,588.13,722.04,2,W,5,N
47,521.28,722.34,1,S,5,N
48,531.65,722.64,1,S,5,N
75,512.68,722.94,1,W,5,N
121,607.76,723.93,3,W,5,E
81,615.21,738.57,1,W,3,W
167,707.77,779.74,5,E,5,N
168,724.00,780.04,5,E,5,N
169,726.48,780.34,5,E,5,N
170,729.81,780.64,5,E,5,N
122,688.81,799.50,3,W,5,W
109,633.49,799.80,2,W,5,W
80,601.90,800.10,1,W,5,W
83,653.69,800.40,1,W,5,W
116,769.27,813.27,2,E,3,E
85,665.09,818.20,1,W,5,E
101,600.93,821.64,1,E,5,N
49,539.15,821.94,1,S,5,N
115,693.97,822.24,2,E,5,N
76,578.71,822.54,1,W,5,N
77,584.02,822.84,1,W,5,N
78,591.74,823.14,1,W,5,N
79,594.68,823.44,1,W,5,N
82,622.77,823.74,1,W,5,N
124,728.06,824.03,3,W,5,E
84,661.85,824.04,1,W,5,N
102,644.11,824.64,1,E,5,N
123,707.81,829.87,3,W,5,N
148,801.33,865.64,5,W,5,N
149,808.13,865.94,5,W,5,N
150,813.06,866.24,5,W,5,N
151,819.45,866.54,5,W,5,N
152,825.32,866.84,5,W,5,N
153,854.12,867.14,5,W,5,N
154,865.94,872.08,5,W,5,N
129,722.84,899.40,3,E,5,W
130,794.78,899.70,3,E,5,W
86,680.17,900.00,1,W,5,W
87,717.82,900.30,1,W,5,W
88,720.75,900.60,1,W,5,W
131,802.76,929.67,3,E,5,N
155,875.78,965.54,5,W,5,N
156,877.41,965.84,5,W,5,N
157,879.80,966.14,5,W,5,N
158,889.45,966.44,5,W,5,N
159,896.41,966.74,5,W,5,N
117,837.58,999.30,2,E,5,W
52,808.67,999.60,1,S,5,W
90,846.42,999.90,1,W,5,W
103,854.79,1000.20,1,E,5,W
51,807.86,1021.44,1,S,5,N
53,816.53,1021.74,1,S,5,N
89,783.63,1022.04,1,W,5,N