id,enter_time,exit_time,entrance_intersection,entrance_direction,exit_intersection,exit_direction
117,11.42,66.44,5,W,5,N
118,19.28,66.74,5,W,5,N
119,50.23,67.04,5,W,5,N
3,17.08,100.70,1,S,2,W
0,10.02,100.70,1,S,1,W
1,10.80,101.00,1,S,1,W
9,55.73,101.30,1,S,1,W
52,37.17,103.10,1,W,2,W
120,111.41,166.34,5,W,5,N
121,118.88,166.64,5,W,5,N
137,116.91,180.34,5,E,5,N
101,54.19,200.10,3,W,5,W
107,5.76,200.40,3,E,5,W
89,56.31,200.70,2,W,5,W
4,18.41,201.00,1,S,5,W
16,112.40,201.10,1,S,1,W
5,19.57,201.30,1,S,5,W
7,34.92,201.60,1,S,5,W
50,24.79,201.90,1,W,5,W
51,30.38,202.20,1,W,5,W
8,36.25,216.70,1,S,5,E
2,12.16,222.24,1,S,5,N
6,30.34,222.54,1,S,5,N
77,15.55,223.14,1,E,5,N
108,167.25,231.07,3,E,5,N
109,171.88,233.65,3,E,5,N
110,178.05,239.82,3,E,5,N
122,221.48,266.24,5,W,5,N
123,249.71,266.54,5,W,5,N
124,255.88,266.84,5,W,5,N
138,283.05,289.18,5,E,5,N
78,100.04,300.00,1,E,5,W
11,75.76,300.30,1,S,5,W
12,79.37,300.60,1,S,5,W
13,101.01,300.90,1,S,5,W
95,163.70,301.20,2,E,5,W
14,108.45,301.50,1,S,5,W
15,108.55,301.80,1,S,5,W
18,114.87,302.10,1,S,5,W
17,114.33,316.60,1,S,5,E
53,93.22,316.90,1,W,5,E
10,60.88,322.14,1,S,5,N
90,142.60,322.44,2,W,5,N
111,238.66,330.87,3,E,5,N
20,269.49,340.72,1,S,2,W
102,295.43,357.20,3,W,5,N
125,287.52,366.14,5,W,5,N
55,190.75,399.90,1,W,5,W
80,273.14,400.20,1,E,5,W
23,307.10,400.70,1,S,2,W
27,338.32,401.90,1,S,1,W
29,343.70,402.20,1,S,1,W
32,355.97,402.50,1,S,1,W
81,309.41,403.40,1,E,2,W
82,313.58,403.70,1,E,2,W
37,385.39,416.80,1,S,1,E
91,225.07,422.04,2,W,5,N
92,275.01,422.34,2,W,5,N
54,182.81,422.64,1,W,5,N
79,266.99,422.94,1,E,5,N
26,335.47,437.67,1,S,3,W
30,347.45,441.12,1,S,2,W
126,426.72,466.04,5,W,5,N
127,435.74,466.34,5,W,5,N
139,492.66,498.80,5,E,5,N
103,385.49,499.80,3,W,5,W
22,277.61,500.10,1,S,5,W
24,314.73,500.40,1,S,5,W
25,320.97,500.70,1,S,5,W
56,281.30,501.00,1,W,5,W
60,365.48,501.30,1,W,5,W
19,265.47,521.94,1,S,5,N
21,277.03,522.24,1,S,5,N
96,362.19,522.54,2,E,5,N
57,291.10,522.84,1,W,5,N
58,349.80,523.14,1,W,5,N
59,355.63,523.44,1,W,5,N
61,373.27,536.87,1,W,3,E
128,489.00,565.94,5,W,5,N
140,513.50,579.94,5,E,5,N
141,531.52,580.24,5,E,5,N
142,538.31,580.54,5,E,5,N
143,558.16,580.84,5,E,5,N
112,446.32,599.70,3,E,5,W
34,366.72,600.00,1,S,5,W
63,442.19,600.30,1,W,5,W
83,413.79,600.60,1,E,5,W
84,421.85,600.90,1,E,5,W
41,587.91,602.70,1,S,1,W
36,380.75,616.90,1,S,5,E
28,341.53,621.84,1,S,5,N
31,350.25,622.14,1,S,5,N
33,362.30,622.44,1,S,5,N
35,373.37,622.74,1,S,5,N
97,422.61,623.34,2,E,5,N
62,436.93,623.64,1,W,5,N
114,578.59,640.36,3,E,5,N
115,586.33,648.10,3,E,5,N
129,605.90,665.84,5,W,5,N
130,609.42,666.14,5,W,5,N
131,615.92,666.44,5,W,5,N
132,664.54,670.67,5,W,5,N
113,572.85,699.60,3,E,5,W
98,513.36,699.90,2,E,5,W
64,502.21,700.20,1,W,5,W
42,701.68,715.82,1,S,1,E
65,546.18,721.74,1,W,5,N
66,553.26,722.04,1,W,5,N
67,556.87,722.34,1,W,5,N
104,624.12,730.07,3,W,5,N
48,721.37,735.51,1,S,1,E
68,644.18,737.07,1,W,3,E
133,695.13,765.74,5,W,5,N
69,649.33,799.50,1,W,5,W
73,720.13,803.20,1,W,2,W
38,580.13,821.64,1,S,5,N
39,586.25,821.94,1,S,5,N
40,587.56,822.24,1,S,5,N
93,638.54,822.54,2,W,5,N
70,663.30,822.84,1,W,5,N
85,607.89,823.14,1,E,5,N
106,734.18,824.03,3,W,5,E
116,751.97,829.87,3,E,5,N
134,825.13,865.64,5,W,5,N
135,826.32,865.94,5,W,5,N
136,852.01,866.24,5,W,5,N
144,835.91,879.64,5,E,5,N
105,716.30,899.40,3,W,5,W
43,704.18,899.70,1,S,5,W
94,779.82,900.00,2,W,5,W
45,715.40,900.30,1,S,5,W
47,717.53,900.60,1,S,5,W
71,678.56,900.90,1,W,5,W
74,727.18,901.20,1,W,5,W
99,706.37,921.54,2,E,5,N
44,711.87,921.84,1,S,5,N
46,716.34,922.14,1,S,5,N
49,727.64,922.44,1,S,5,N
72,713.42,922.74,1,W,5,N
100,824.79,999.30,2,E,5,W
75,790.67,999.60,1,W,5,W
86,857.58,1021.44,1,E,5,N
87,867.51,1021.74,1,E,5,N
88,871.99,1022.04,1,E,5,N
76,884.85,1121.34,1,W,5,N