id,enter_time,exit_time,entrance_intersection,entrance_direction,exit_intersection,exit_direction
106,29.33,66.44,5,W,5,N
107,29.88,66.74,5,W,5,N
108,33.00,67.04,5,W,5,N
140,6.67,80.44,5,E,5,N
98,22.96,131.27,3,E,5,N
99,29.78,131.57,3,E,5,N
92,31.28,131.57,3,W,5,N
109,76.86,166.34,5,W,5,N
110,107.74,166.64,5,W,5,N
111,108.18,166.94,5,W,5,N
112,149.93,167.24,5,W,5,N
113,151.69,167.54,5,W,5,N
91,12.57,200.10,3,W,5,W
34,101.12,200.50,1,W,2,E
0,183.73,213.90,1,S,1,E
84,91.96,222.24,2,E,5,N
114,177.67,266.24,5,W,5,N
115,242.97,266.54,5,W,5,N
116,269.76,275.90,5,W,5,N
141,224.16,280.24,5,E,5,N
142,259.65,280.54,5,E,5,N
63,171.05,300.00,1,E,5,W
85,285.90,321.98,2,E,3,E
93,260.97,330.87,3,W,5,N
100,253.78,330.87,3,E,5,N
117,275.13,366.14,5,W,5,N
118,275.51,366.44,5,W,5,N
119,281.38,366.74,5,W,5,N
120,350.06,367.04,5,W,5,N
121,354.66,367.34,5,W,5,N
122,362.22,368.36,5,W,5,N
123,367.21,373.35,5,W,5,N
143,369.68,380.14,5,E,5,N
3,338.47,401.90,1,S,1,W
43,328.09,402.50,1,W,2,W
35,183.43,422.04,1,W,5,N
36,223.85,422.34,1,W,5,N
37,259.04,422.64,1,W,5,N
38,265.38,422.94,1,W,5,N
64,205.84,423.24,1,E,5,N
65,227.70,423.54,1,E,5,N
66,233.43,423.84,1,E,5,N
67,289.24,424.14,1,E,5,N
15,411.74,425.87,1,S,1,E
103,370.47,426.10,3,E,5,E
101,304.53,430.67,3,E,5,N
94,353.69,430.67,3,W,5,N
102,334.82,430.97,3,E,5,N
41,320.22,437.97,1,W,3,W
10,372.69,442.62,1,S,2,E
39,279.83,499.80,1,W,5,W
40,308.51,500.10,1,W,5,W
45,342.64,500.40,1,W,5,W
49,441.51,502.00,1,W,2,E
17,420.91,502.30,1,S,1,W
68,408.90,502.60,1,E,2,W
76,372.87,521.94,2,W,5,N
1,327.15,522.24,1,S,5,N
2,332.35,522.54,1,S,5,N
42,327.61,522.84,1,W,5,N
44,335.11,523.14,1,W,5,N
47,418.78,537.47,1,W,3,W
50,448.02,538.37,1,W,3,W
124,495.76,565.94,5,W,5,N
125,504.98,566.24,5,W,5,N
126,514.27,566.54,5,W,5,N
127,518.42,566.84,5,W,5,N
128,524.80,567.14,5,W,5,N
129,529.87,567.44,5,W,5,N
130,529.92,567.74,5,W,5,N
144,531.54,579.94,5,E,5,N
6,354.37,599.70,1,S,5,W
11,375.30,600.00,1,S,5,W
14,403.03,600.30,1,S,5,W
86,409.95,600.60,2,E,5,W
16,418.21,600.90,1,S,5,W
70,480.69,601.20,1,E,5,W
4,343.36,621.84,1,S,5,N
5,346.77,622.14,1,S,5,N
7,356.52,622.44,1,S,5,N
8,360.51,622.74,1,S,5,N
9,367.26,623.04,1,S,5,N
12,397.33,623.34,1,S,5,N
13,399.08,623.64,1,S,5,N
77,469.28,623.94,2,W,5,N
46,380.36,624.24,1,W,5,N
48,433.87,624.54,1,W,5,N
69,474.68,624.84,1,E,5,N
54,547.97,637.87,1,W,3,E
26,631.59,645.73,1,S,1,E
131,663.88,670.02,5,W,5,N
132,670.06,676.20,5,W,5,N
145,692.23,698.36,5,E,5,N
104,548.81,699.60,3,E,5,W
95,571.67,699.90,3,W,5,W
19,444.83,700.20,1,S,5,W
21,612.01,701.00,1,S,2,W
20,609.18,703.10,1,S,1,W
30,652.29,703.40,1,S,1,W
28,644.35,716.20,1,S,1,E
18,444.39,721.74,1,S,5,N
78,509.91,722.04,2,W,5,N
87,560.64,722.34,2,E,5,N
51,475.96,722.64,1,W,5,N
52,489.60,722.94,1,W,5,N
53,532.13,723.24,1,W,5,N
71,586.11,723.54,1,E,5,N
72,590.96,723.84,1,E,5,N
96,660.16,730.07,3,W,5,N
133,674.50,765.74,5,W,5,N
134,730.58,766.04,5,W,5,N
146,722.89,779.74,5,E,5,N
88,605.43,799.50,2,E,5,W
22,616.93,799.80,1,S,5,W
55,597.39,800.10,1,W,5,W
57,662.68,800.40,1,W,5,W
56,602.95,817.00,1,W,5,E
79,621.89,821.64,2,W,5,N
80,673.61,821.94,2,W,5,N
23,617.06,822.24,1,S,5,N
24,620.04,822.54,1,S,5,N
25,624.30,822.84,1,S,5,N
58,665.95,823.44,1,W,5,N
73,698.53,823.74,1,E,5,N
105,774.06,835.83,3,E,5,N
97,777.14,838.91,3,W,5,N
135,772.87,865.64,5,W,5,N
136,782.91,865.94,5,W,5,N
137,787.69,866.24,5,W,5,N
138,790.54,866.54,5,W,5,N
139,801.86,866.84,5,W,5,N
147,886.77,892.90,5,E,5,N
27,639.50,899.40,1,S,5,W
81,705.32,899.70,2,W,5,W
82,757.66,900.00,2,W,5,W
74,702.82,916.90,1,E,5,E
29,647.20,921.54,1,S,5,N
31,680.78,921.84,1,S,5,N
89,759.09,922.14,2,E,5,N
59,742.58,922.44,1,W,5,N
60,749.89,922.74,1,W,5,N
90,843.87,999.30,2,E,5,W
83,816.90,999.60,2,W,5,W
61,828.68,999.90,1,W,5,W
75,851.74,1000.20,1,E,5,W
32,809.56,1021.44,1,S,5,N
33,815.34,1021.74,1,S,5,N
62,893.99,1121.34,1,W,5,N