id,enter_time,exit_time,entrance_intersection,entrance_direction,exit_intersection,exit_direction
3,18.49,32.63,1,S,1,E
4,21.14,35.27,1,S,1,E
139,5.93,66.44,5,W,5,N
140,20.69,66.74,5,W,5,N
0,7.55,100.70,1,S,1,W
6,31.35,101.00,1,S,1,W
9,57.38,101.30,1,S,1,W
12,75.78,114.40,1,S,1,E
130,43.16,125.73,3,E,5,E
128,30.91,131.27,3,E,5,N
120,78.89,140.66,3,W,5,N
141,154.77,166.34,5,W,5,N
129,37.52,200.10,3,E,5,W
54,58.08,200.40,1,W,5,W
56,78.31,200.80,1,W,2,W
87,71.91,217.60,1,E,5,E
1,11.27,222.24,1,S,5,N
2,16.73,222.54,1,S,5,N
5,26.76,222.84,1,S,5,N
7,32.91,223.14,1,S,5,N
53,52.58,223.44,1,W,5,N
92,200.26,226.37,1,E,2,W
121,108.03,231.07,3,W,5,N
131,110.23,231.07,3,E,5,N
142,180.22,266.24,5,W,5,N
143,181.05,266.54,5,W,5,N
144,217.42,266.84,5,W,5,N
145,225.01,267.14,5,W,5,N
146,225.07,267.44,5,W,5,N
147,236.56,267.74,5,W,5,N
166,293.64,299.77,5,E,5,N
132,171.92,300.00,3,E,5,W
10,59.85,300.30,1,S,5,W
11,67.10,300.60,1,S,5,W
60,134.25,300.90,1,W,5,W
88,113.62,301.20,1,E,5,W
15,252.05,301.50,1,S,1,W
89,123.05,301.50,1,E,5,W
18,271.37,301.80,1,S,1,W
19,277.81,302.10,1,S,1,W
58,123.63,317.20,1,W,5,E
93,291.83,317.95,1,E,2,E
8,53.92,322.14,1,S,5,N
115,170.51,322.44,2,E,5,N
55,65.49,322.74,1,W,5,N
57,80.08,323.04,1,W,5,N
59,128.93,323.64,1,W,5,N
61,141.96,323.94,1,W,5,N
62,148.43,324.24,1,W,5,N
63,160.72,324.54,1,W,5,N
90,128.72,324.84,1,E,5,N
91,141.93,325.14,1,E,5,N
67,264.91,337.57,1,W,3,W
148,364.75,370.88,5,W,5,N
167,313.71,380.14,5,E,5,N
168,316.62,380.44,5,E,5,N
64,168.66,399.90,1,W,5,W
169,396.87,403.01,5,E,5,N
94,395.87,421.99,1,E,2,W
116,285.52,422.04,2,E,5,N
65,175.80,422.34,1,W,5,N
66,257.12,422.64,1,W,5,N
133,343.38,430.67,3,E,5,N
122,319.45,430.67,3,W,5,N
134,373.97,435.74,3,E,5,N
68,292.45,436.77,1,W,3,E
149,394.82,466.04,5,W,5,N
170,402.24,480.04,5,E,5,N
171,472.51,480.34,5,E,5,N
135,379.98,499.80,3,E,5,W
69,382.61,500.80,1,W,2,W
20,410.26,502.30,1,S,1,W
23,456.19,502.60,1,S,1,W
25,472.91,502.90,1,S,1,W
28,479.75,503.20,1,S,1,W
13,250.27,515.80,1,S,5,E
14,250.98,522.24,1,S,5,N
16,254.72,522.54,1,S,5,N
17,268.06,522.84,1,S,5,N
107,354.46,523.14,2,W,5,N
96,413.29,538.07,1,E,3,W
150,506.56,565.94,5,W,5,N
151,516.74,566.24,5,W,5,N
152,527.48,566.54,5,W,5,N
153,546.18,566.84,5,W,5,N
154,554.60,567.14,5,W,5,N
155,560.86,567.44,5,W,5,N
156,570.28,576.42,5,W,5,N
117,462.85,599.70,2,E,5,W
108,410.39,600.00,2,W,5,W
109,461.64,621.84,2,W,5,N
70,389.15,622.14,1,W,5,N
71,396.62,622.44,1,W,5,N
95,405.51,622.74,1,E,5,N
97,417.98,623.04,1,E,5,N
98,518.37,637.57,1,E,3,E
157,585.47,665.84,5,W,5,N
158,592.49,666.14,5,W,5,N
159,599.61,666.44,5,W,5,N
172,654.57,679.84,5,E,5,N
136,591.40,699.60,3,E,5,W
22,450.77,699.90,1,S,5,W
100,564.26,700.20,1,E,5,W
76,581.59,702.50,1,W,2,W
32,626.61,703.10,1,S,1,W
41,660.38,703.40,1,S,1,W
46,686.32,703.70,1,S,1,W
48,694.51,708.64,1,S,1,W
40,654.64,717.10,1,S,1,E
110,592.36,717.70,2,W,5,E
72,483.24,718.00,1,W,5,E
99,543.68,718.60,1,E,5,E
21,440.86,721.74,1,S,5,N
24,462.90,722.04,1,S,5,N
26,473.73,722.34,1,S,5,N
27,476.65,722.64,1,S,5,N
29,486.26,722.94,1,S,5,N
30,490.97,723.24,1,S,5,N
31,496.92,723.54,1,S,5,N
73,538.67,724.44,1,W,5,N
123,602.71,730.07,3,W,5,N
124,671.51,733.28,3,W,5,N
160,717.13,765.74,5,W,5,N
161,721.35,766.04,5,W,5,N
162,763.83,769.96,5,W,5,N
163,767.52,773.66,5,W,5,N
118,624.76,799.50,2,E,5,W
77,616.67,799.80,1,W,5,W
78,630.13,800.10,1,W,5,W
101,630.39,800.40,1,E,5,W
103,674.41,800.70,1,E,5,W
80,680.19,801.40,1,W,2,E
51,703.84,803.50,1,S,1,W
111,643.30,821.64,2,W,5,N
112,680.00,821.94,2,W,5,N
33,628.85,822.24,1,S,5,N
34,629.96,822.54,1,S,5,N
35,637.22,822.84,1,S,5,N
74,568.87,823.14,1,W,5,N
75,574.47,823.44,1,W,5,N
79,643.63,823.74,1,W,5,N
102,672.45,824.04,1,E,5,N
125,771.84,833.61,3,W,5,N
126,783.45,839.09,3,W,5,E
164,773.32,865.64,5,W,5,N
165,777.69,865.94,5,W,5,N
173,859.99,879.64,5,E,5,N
174,886.91,893.05,5,E,5,N
37,643.66,899.40,1,S,5,W
38,646.60,899.70,1,S,5,W
42,661.37,900.00,1,S,5,W
47,688.96,900.30,1,S,5,W
49,699.59,900.60,1,S,5,W
113,738.98,900.90,2,W,5,W
81,693.58,901.20,1,W,5,W
83,719.73,901.50,1,W,5,W
43,666.00,916.00,1,S,5,E
105,777.86,918.10,1,E,5,E
36,640.30,921.54,1,S,5,N
39,654.31,921.84,1,S,5,N
44,673.78,922.44,1,S,5,N
45,680.97,922.74,1,S,5,N
50,703.77,923.04,1,S,5,N
52,711.48,923.34,1,S,5,N
82,694.30,923.64,1,W,5,N
104,748.33,923.94,1,E,5,N
106,792.11,924.54,1,E,5,N
138,808.17,929.97,3,E,5,N
127,874.26,936.03,3,W,5,N
137,801.08,999.30,3,E,5,W
119,802.84,1021.44,2,E,5,N
114,879.92,1021.74,2,W,5,N
84,816.46,1022.04,1,W,5,N
85,820.72,1022.34,1,W,5,N
86,897.23,1099.20,1,W,5,W