id,enter_time,exit_time,entrance_intersection,entrance_direction,exit_intersection,exit_direction
148,10.82,66.44,5,W,5,N
149,16.44,66.74,5,W,5,N
173,5.42,80.44,5,E,5,N
174,85.95,92.09,5,E,5,N
175,94.50,100.64,5,E,5,N
1,16.68,100.70,1,S,1,W
6,43.48,101.00,1,S,1,W
9,55.45,101.30,1,S,1,W
11,69.48,101.60,1,S,1,W
93,96.20,122.31,1,E,2,W
135,30.43,131.27,3,E,5,N
92,64.60,138.57,1,E,3,E
13,86.68,141.12,1,S,2,W
123,89.30,151.07,3,W,5,N
150,84.28,166.34,5,W,5,N
151,134.31,166.64,5,W,5,N
176,109.62,180.34,5,E,5,N
136,37.61,200.10,3,E,5,W
3,27.98,200.40,1,S,5,W
61,5.17,200.70,1,W,5,W
15,99.38,201.10,1,S,1,W
17,102.90,201.40,1,S,1,W
22,126.87,201.70,1,S,1,W
24,134.73,202.00,1,S,1,W
110,94.31,222.24,2,W,5,N
0,10.38,222.54,1,S,5,N
2,22.87,222.84,1,S,5,N
4,33.41,223.14,1,S,5,N
62,49.37,223.44,1,W,5,N
91,45.78,223.74,1,E,5,N
63,105.10,237.77,1,W,3,E
96,167.41,239.27,1,E,3,E
177,225.54,280.24,5,E,5,N
178,264.56,280.54,5,E,5,N
179,265.75,280.84,5,E,5,N
124,185.48,300.00,3,W,5,W
137,192.52,300.30,3,E,5,W
12,76.58,300.60,1,S,5,W
16,99.72,300.90,1,S,5,W
18,104.36,301.20,1,S,5,W
32,284.61,301.50,1,S,1,W
19,108.58,301.50,1,S,5,W
64,110.84,301.80,1,W,5,W
65,138.04,302.10,1,W,5,W
94,112.87,302.40,1,E,5,W
180,296.41,302.54,5,E,5,N
34,290.46,316.40,1,S,1,E
10,60.93,316.90,1,S,5,E
14,93.29,317.20,1,S,5,E
5,40.60,322.14,1,S,5,N
7,47.11,322.44,1,S,5,N
8,50.64,322.74,1,S,5,N
117,198.83,323.64,2,E,5,N
20,116.37,323.94,1,S,5,N
21,116.38,324.24,1,S,5,N
23,131.79,324.54,1,S,5,N
95,119.21,324.84,1,E,5,N
126,264.90,331.17,3,W,5,N
152,306.85,366.14,5,W,5,N
153,335.19,366.44,5,W,5,N
154,344.39,366.74,5,W,5,N
155,351.27,367.04,5,W,5,N
156,358.96,367.34,5,W,5,N
181,311.10,380.14,5,E,5,N
182,335.07,380.44,5,E,5,N
183,336.16,380.74,5,E,5,N
125,199.95,399.90,3,W,5,W
113,291.53,400.20,2,W,5,W
33,285.68,401.30,1,S,3,W
37,307.09,401.90,1,S,1,W
36,302.37,401.90,1,S,3,W
39,314.03,402.20,1,S,1,W
41,321.26,402.50,1,S,1,W
43,330.34,402.80,1,S,1,W
98,292.64,410.47,1,E,5,W
25,140.71,422.04,1,S,5,N
111,203.99,422.34,2,W,5,N
112,232.78,422.64,2,W,5,N
66,237.03,422.94,1,W,5,N
67,243.44,423.24,1,W,5,N
97,224.07,423.54,1,E,5,N
129,335.14,431.27,3,W,5,N
46,355.54,441.42,1,S,2,W
127,304.36,499.80,3,W,5,W
138,340.64,500.10,3,E,5,W
128,318.88,500.40,3,W,5,W
139,381.15,500.70,3,E,5,W
75,418.20,500.80,1,W,2,W
27,265.92,501.00,1,S,5,W
29,279.88,501.30,1,S,5,W
30,280.82,501.60,1,S,5,W
35,296.63,501.90,1,S,5,W
38,308.49,502.20,1,S,5,W
47,482.37,502.30,1,S,1,W
40,320.66,502.50,1,S,5,W
71,335.66,502.80,1,W,5,W
184,496.74,502.88,5,E,5,N
72,342.12,503.10,1,W,5,W
74,352.29,503.40,1,W,5,W
99,328.82,503.70,1,E,5,W
100,339.49,504.00,1,E,5,W
102,366.03,504.30,1,E,5,W
26,263.96,521.94,1,S,5,N
28,271.98,522.24,1,S,5,N
31,281.13,522.54,1,S,5,N
118,306.89,522.84,2,E,5,N
42,323.78,523.14,1,S,5,N
68,323.18,523.44,1,W,5,N
69,327.96,523.74,1,W,5,N
70,328.23,524.04,1,W,5,N
140,418.51,524.33,3,E,5,E
73,347.40,524.34,1,W,5,N
101,360.43,524.64,1,E,5,N
141,426.19,530.77,3,E,5,N
142,446.27,531.07,3,E,5,N
157,481.88,565.94,5,W,5,N
158,517.84,566.24,5,W,5,N
159,523.12,566.54,5,W,5,N
160,526.36,566.84,5,W,5,N
161,529.81,567.14,5,W,5,N
162,534.61,567.44,5,W,5,N
163,571.80,577.94,5,W,5,N
130,446.89,599.70,3,W,5,W
143,451.59,600.00,3,E,5,W
115,484.00,600.30,2,W,5,W
77,425.43,600.60,1,W,5,W
44,353.07,621.84,1,S,5,N
45,354.99,622.14,1,S,5,N
114,425.16,622.44,2,W,5,N
119,480.31,622.74,2,E,5,N
76,425.25,623.04,1,W,5,N
78,440.08,623.34,1,W,5,N
103,474.60,623.64,1,E,5,N
131,556.19,630.27,3,W,5,N
120,609.05,713.17,2,E,3,W
82,517.67,716.80,1,W,5,E
116,573.46,721.74,2,W,5,N
79,477.85,722.04,1,W,5,N
80,481.91,722.34,1,W,5,N
81,489.20,722.64,1,W,5,N
83,523.45,723.24,1,W,5,N
104,563.44,723.54,1,E,5,N
105,600.30,724.26,1,E,5,N
132,658.43,730.07,3,W,5,N
144,674.03,735.80,3,E,5,N
164,684.50,765.74,5,W,5,N
165,726.19,766.04,5,W,5,N
166,732.05,766.34,5,W,5,N
167,738.34,766.64,5,W,5,N
168,739.23,766.94,5,W,5,N
169,745.28,767.24,5,W,5,N
133,672.57,799.50,3,W,5,W
185,793.43,799.57,5,E,5,N
48,628.79,799.80,1,S,5,W
86,622.91,800.10,1,W,5,W
51,787.80,816.90,1,S,1,E
84,580.40,821.64,1,W,5,N
85,583.91,821.94,1,W,5,N
87,630.68,822.24,1,W,5,N
106,644.17,822.54,1,E,5,N
57,823.43,837.57,1,S,1,E
170,826.59,865.64,5,W,5,N
171,831.28,865.94,5,W,5,N
172,833.83,866.24,5,W,5,N
186,818.92,879.64,5,E,5,N
187,850.70,879.94,5,E,5,N
188,866.60,880.24,5,E,5,N
189,867.87,880.54,5,E,5,N
52,793.88,899.10,1,S,3,W
121,746.82,899.40,2,E,5,W
88,724.61,899.70,1,W,5,W
108,771.82,900.00,1,E,5,W
54,809.31,901.20,1,S,2,W
109,849.06,903.30,1,E,2,W
53,806.25,903.90,1,S,1,W
58,826.63,904.20,1,S,1,W
107,700.74,921.54,1,E,5,N
122,791.64,921.84,2,E,5,N
146,841.57,929.97,3,E,5,N
134,873.45,935.22,3,W,5,N
147,875.31,937.08,3,E,5,N
60,836.44,938.47,1,S,3,W
145,812.85,999.30,3,E,5,W
56,816.02,999.60,1,S,5,W
89,796.29,999.90,1,W,5,W
90,864.62,1000.20,1,W,5,W
49,776.36,1015.30,1,S,5,E
50,783.05,1021.74,1,S,5,N
55,812.67,1022.04,1,S,5,N
59,829.40,1022.34,1,S,5,N