id,enter_time,exit_time,entrance_intersection,entrance_direction,exit_intersection,exit_direction
1,3.57,43.82,1,S,2,W
160,0.46,66.44,5,W,5,N
2,5.67,100.70,1,S,1,W
106,37.23,138.27,1,E,3,E
161,132.07,166.34,5,W,5,N
162,169.52,175.66,5,W,5,N
190,111.83,180.34,5,E,5,N
191,159.76,180.64,5,E,5,N
0,1.76,200.10,1,S,5,W
58,41.85,200.40,1,W,5,W
5,106.30,201.10,1,S,1,W
7,118.93,201.40,1,S,1,W
12,145.24,201.70,1,S,1,W
13,157.02,202.00,1,S,1,W
65,104.17,202.60,1,W,2,E
17,167.05,215.10,1,S,1,E
19,181.63,215.70,1,S,1,E
61,64.52,217.30,1,W,5,E
3,10.28,222.24,1,S,5,N
4,13.21,222.54,1,S,5,N
59,46.54,222.84,1,W,5,N
60,59.15,223.14,1,W,5,N
163,175.28,266.24,5,W,5,N
164,200.98,266.54,5,W,5,N
165,202.54,266.84,5,W,5,N
166,203.12,267.14,5,W,5,N
167,243.27,267.44,5,W,5,N
168,253.54,267.74,5,W,5,N
169,254.39,268.04,5,W,5,N
141,112.55,300.00,3,W,5,W
142,118.67,300.30,3,W,5,W
125,118.31,300.60,2,W,5,W
8,125.49,300.90,1,S,5,W
9,127.14,301.20,1,S,5,W
63,82.71,301.50,1,W,5,W
64,88.39,301.80,1,W,5,W
107,160.96,302.10,1,E,5,W
108,190.64,308.46,1,E,5,W
135,199.50,322.14,2,E,5,N
6,111.63,322.44,1,S,5,N
10,134.30,322.74,1,S,5,N
62,76.78,323.04,1,W,5,N
66,108.76,323.34,1,W,5,N
67,109.21,323.64,1,W,5,N
68,163.00,323.94,1,W,5,N
74,254.15,338.17,1,W,3,E
192,328.60,380.14,5,E,5,N
193,331.69,380.44,5,E,5,N
150,230.06,399.90,3,E,5,W
151,295.59,400.20,3,E,5,W
11,139.02,400.50,1,S,5,W
15,160.90,400.80,1,S,5,W
18,173.45,401.10,1,S,5,W
78,334.83,401.30,1,W,2,W
22,202.56,401.40,1,S,5,W
79,340.88,401.60,1,W,2,W
136,255.90,401.70,2,E,5,W
69,204.19,402.00,1,W,5,W
70,210.20,402.30,1,W,5,W
71,212.06,402.60,1,W,5,W
72,237.33,402.90,1,W,5,W
73,249.12,403.20,1,W,5,W
109,232.27,403.50,1,E,5,W
24,387.25,415.00,1,S,1,E
14,160.75,422.04,1,S,5,N
16,165.11,422.34,1,S,5,N
20,187.48,422.64,1,S,5,N
21,195.37,422.94,1,S,5,N
75,259.43,423.24,1,W,5,N
81,358.65,438.27,1,W,3,E
144,387.33,449.10,3,W,5,N
170,381.80,466.04,5,W,5,N
171,413.60,466.34,5,W,5,N
172,420.32,466.64,5,W,5,N
173,426.48,466.94,5,W,5,N
174,465.49,471.62,5,W,5,N
110,294.30,499.80,1,E,5,W
143,378.30,500.10,3,W,5,W
145,387.81,500.40,3,W,5,W
80,345.64,500.70,1,W,5,W
30,414.97,502.30,1,S,1,W
31,417.56,502.60,1,S,1,W
112,385.65,503.47,1,E,5,W
137,372.43,521.94,2,E,5,N
76,319.47,522.24,1,W,5,N
77,332.68,522.54,1,W,5,N
111,376.95,522.84,1,E,5,N
113,395.02,523.14,1,E,5,N
152,473.85,529.48,3,E,5,E
82,444.97,537.17,1,W,3,E
147,480.13,541.90,3,W,5,N
175,515.86,565.94,5,W,5,N
176,523.09,566.24,5,W,5,N
177,564.07,570.21,5,W,5,N
178,572.02,578.15,5,W,5,N
179,572.19,578.32,5,W,5,N
146,452.58,599.70,3,W,5,W
138,495.78,600.00,2,E,5,W
29,408.66,600.30,1,S,5,W
114,415.89,600.60,1,E,5,W
23,386.84,621.84,1,S,5,N
25,391.77,622.14,1,S,5,N
26,392.01,622.44,1,S,5,N
27,399.74,622.74,1,S,5,N
28,400.67,623.04,1,S,5,N
126,485.69,623.34,2,W,5,N
115,420.71,623.64,1,E,5,N
116,431.83,623.94,1,E,5,N
148,571.54,633.31,3,W,5,N
34,517.58,637.27,1,S,3,W
180,580.06,665.84,5,W,5,N
181,584.16,666.14,5,W,5,N
182,589.62,666.44,5,W,5,N
183,621.23,666.74,5,W,5,N
194,629.62,679.84,5,E,5,N
195,662.31,680.14,5,E,5,N
153,537.93,699.60,3,E,5,W
83,534.35,699.90,1,W,5,W
87,609.48,702.20,1,W,2,E
38,623.52,703.10,1,S,1,W
39,630.47,703.40,1,S,1,W
92,626.87,703.70,1,W,2,W
42,649.88,703.70,1,S,1,W
118,625.11,705.50,1,E,2,W
32,498.69,721.74,1,S,5,N
127,518.39,722.04,2,W,5,N
33,505.95,722.34,1,S,5,N
35,520.48,722.64,1,S,5,N
36,521.04,722.94,1,S,5,N
84,535.63,723.24,1,W,5,N
117,582.86,723.54,1,E,5,N
154,598.88,730.07,3,E,5,N
156,636.74,730.67,3,E,5,N
157,644.52,730.97,3,E,5,N
90,617.96,739.17,1,W,3,W
93,631.66,740.07,1,W,3,W
94,633.64,740.37,1,W,3,E
47,686.33,743.52,1,S,2,W
184,747.93,765.74,5,W,5,N
155,631.28,799.50,3,E,5,W
128,624.80,799.80,2,W,5,W
37,621.28,800.10,1,S,5,W
40,636.86,800.40,1,S,5,W
86,587.84,800.70,1,W,5,W
88,610.74,801.00,1,W,5,W
89,611.89,816.40,1,W,5,E
139,659.42,821.64,2,E,5,N
129,659.37,821.94,2,W,5,N
85,572.70,822.24,1,W,5,N
91,622.05,822.84,1,W,5,N
95,639.37,823.14,1,W,5,N
96,643.67,823.44,1,W,5,N
97,658.49,823.74,1,W,5,N
119,631.96,824.04,1,E,5,N
55,830.35,844.49,1,S,1,E
185,787.41,865.64,5,W,5,N
186,848.29,865.94,5,W,5,N
187,855.52,866.24,5,W,5,N
188,856.60,866.54,5,W,5,N
189,865.29,871.43,5,W,5,N
196,865.25,879.64,5,E,5,N
197,873.34,879.94,5,E,5,N
198,881.15,887.28,5,E,5,N
44,657.07,899.40,1,S,5,W
130,704.89,899.70,2,W,5,W
132,755.98,900.00,2,W,5,W
49,808.85,903.90,1,S,1,W
54,829.69,904.20,1,S,1,W
46,680.22,916.30,1,S,5,E
98,735.20,917.50,1,W,5,E
99,740.96,917.80,1,W,5,E
41,642.80,921.54,1,S,5,N
43,656.38,921.84,1,S,5,N
45,679.27,922.14,1,S,5,N
48,688.11,922.74,1,S,5,N
140,768.29,923.04,2,E,5,N
131,752.30,923.34,2,W,5,N
149,798.93,923.53,3,W,5,E
120,736.86,924.24,1,E,5,N
124,880.42,942.61,1,E,3,W
158,883.91,945.68,3,E,5,N
159,889.48,951.25,3,E,5,N
57,841.45,998.60,1,S,3,W
133,805.96,999.30,2,W,5,W
134,846.53,999.60,2,W,5,W
51,817.02,999.90,1,S,5,W
53,828.01,1000.20,1,S,5,W
101,855.85,1000.50,1,W,5,W
123,871.18,1000.80,1,E,5,W
50,815.58,1021.44,1,S,5,N
52,821.59,1021.74,1,S,5,N
100,824.69,1022.04,1,W,5,N
102,861.81,1022.34,1,W,5,N
121,856.07,1022.64,1,E,5,N
122,869.37,1022.94,1,E,5,N
104,882.17,1099.20,1,W,5,W
105,889.36,1099.50,1,W,5,W
56,840.64,1121.34,1,S,5,N
103,874.67,1121.64,1,W,5,N