id,enter_time,exit_time,entrance_intersection,entrance_direction,exit_intersection,exit_direction
3,27.58,41.71,1,S,1,E
130,31.36,66.44,5,W,5,N
131,49.44,66.74,5,W,5,N
132,52.60,67.04,5,W,5,N
133,57.71,67.34,5,W,5,N
134,61.07,67.64,5,W,5,N
159,31.46,80.44,5,E,5,N
7,47.65,100.70,1,S,1,W
120,59.74,131.27,3,E,5,N
135,169.16,175.29,5,W,5,N
5,37.90,199.90,1,S,3,E
2,21.64,200.10,1,S,5,W
10,193.72,214.20,1,S,1,E
0,11.74,222.24,1,S,5,N
1,17.85,222.54,1,S,5,N
4,32.31,222.84,1,S,5,N
50,48.53,223.14,1,W,5,N
51,52.17,223.44,1,W,5,N
112,117.60,231.07,3,W,5,N
52,117.77,236.57,1,W,3,E
136,174.52,266.24,5,W,5,N
137,214.95,266.54,5,W,5,N
138,220.82,266.84,5,W,5,N
139,227.36,267.14,5,W,5,N
160,239.92,280.24,5,E,5,N
161,256.24,280.54,5,E,5,N
162,263.84,280.84,5,E,5,N
6,40.32,300.00,1,S,5,W
13,203.83,300.30,1,S,3,E
94,101.58,300.30,2,W,5,W
106,187.08,300.60,2,E,5,W
76,105.94,300.90,1,E,5,W
12,201.84,301.50,1,S,1,W
98,268.11,313.07,2,W,3,W
8,49.17,322.14,1,S,5,N
93,101.04,322.44,2,W,5,N
95,154.71,322.74,2,W,5,N
96,191.55,323.04,2,W,5,N
77,128.11,323.34,1,E,5,N
121,219.14,330.87,3,E,5,N
61,253.35,340.27,1,W,3,W
140,290.96,366.14,5,W,5,N
141,333.44,366.44,5,W,5,N
9,191.98,399.90,1,S,5,W
14,209.43,400.20,1,S,5,W
15,213.01,400.50,1,S,5,W
16,217.11,400.80,1,S,5,W
55,204.13,401.10,1,W,5,W
56,209.78,401.40,1,W,5,W
57,211.22,401.70,1,W,5,W
19,358.95,401.90,1,S,1,W
59,219.96,402.00,1,W,5,W
22,372.60,402.20,1,S,1,W
97,238.33,416.20,2,W,5,E
17,221.07,416.50,1,S,5,E
11,196.72,422.04,1,S,5,N
53,178.60,422.94,1,W,5,N
54,191.92,423.24,1,W,5,N
58,212.20,423.54,1,W,5,N
60,227.44,423.84,1,W,5,N
78,271.59,424.14,1,E,5,N
29,410.19,424.33,1,S,1,E
79,293.30,424.44,1,E,5,N
80,298.96,424.74,1,E,5,N
82,360.26,437.37,1,E,3,W
26,388.36,442.62,1,S,2,W
142,376.36,466.04,5,W,5,N
143,382.33,466.34,5,W,5,N
144,388.07,466.64,5,W,5,N
145,431.09,466.94,5,W,5,N
146,431.79,467.24,5,W,5,N
147,456.69,467.54,5,W,5,N
148,467.08,473.22,5,W,5,N
107,372.68,499.80,2,E,5,W
62,317.77,500.10,1,W,5,W
23,377.15,500.20,1,S,3,E
83,375.00,500.40,1,E,5,W
101,468.79,513.27,2,W,3,E
99,353.65,521.94,2,W,5,N
81,312.67,522.24,1,E,5,N
122,444.72,530.47,3,E,5,N
86,470.47,538.67,1,E,3,W
149,492.02,565.94,5,W,5,N
150,533.78,566.24,5,W,5,N
163,531.44,579.94,5,E,5,N
113,416.58,599.70,3,W,5,W
114,491.40,600.00,3,W,5,W
18,351.68,600.30,1,S,5,W
21,369.81,600.60,1,S,5,W
24,381.79,600.90,1,S,5,W
25,385.41,601.20,1,S,5,W
100,410.98,601.50,2,W,5,W
63,383.04,601.80,1,W,5,W
65,396.37,602.10,1,W,5,W
85,440.03,602.40,1,E,5,W
35,566.06,602.70,1,S,1,W
87,492.50,610.32,1,E,5,W
20,366.39,621.84,1,S,5,N
27,394.95,622.14,1,S,5,N
28,403.83,622.44,1,S,5,N
108,448.63,622.74,2,E,5,N
102,472.14,623.04,2,W,5,N
64,383.43,623.34,1,W,5,N
66,403.93,623.64,1,W,5,N
84,412.61,623.94,1,E,5,N
115,506.16,630.27,3,W,5,N
151,665.47,671.61,5,W,5,N
32,546.74,699.20,1,S,3,W
30,531.68,699.60,1,S,5,W
67,468.07,699.90,1,W,5,W
70,650.41,701.30,1,W,2,W
88,604.04,701.90,1,E,2,W
68,532.64,715.90,1,W,5,E
103,525.55,721.74,2,W,5,N
41,723.93,738.06,1,S,1,E
152,733.30,765.74,5,W,5,N
153,740.64,766.04,5,W,5,N
154,758.53,766.34,5,W,5,N
155,762.75,768.89,5,W,5,N
164,729.78,779.74,5,E,5,N
123,621.87,799.50,3,E,5,W
116,617.63,799.80,3,W,5,W
33,558.08,800.10,1,S,5,W
39,590.51,800.40,1,S,5,W
89,683.44,801.27,1,E,5,W
42,730.27,803.50,1,S,1,W
45,760.87,803.80,1,S,1,W
48,795.33,809.47,1,S,1,W
31,540.63,821.64,1,S,5,N
34,558.79,821.94,1,S,5,N
36,576.29,822.24,1,S,5,N
37,581.94,822.54,1,S,5,N
38,587.83,822.84,1,S,5,N
109,641.34,823.14,2,E,5,N
110,687.38,823.44,2,E,5,N
69,570.83,823.74,1,W,5,N
71,658.31,824.04,1,W,5,N
124,764.32,829.87,3,E,5,N
156,798.28,865.64,5,W,5,N
157,841.35,865.94,5,W,5,N
158,847.28,866.24,5,W,5,N
47,793.13,899.10,1,S,3,E
40,716.14,921.54,1,S,5,N
43,737.99,921.84,1,S,5,N
72,696.32,922.14,1,W,5,N
90,743.27,922.44,1,E,5,N
91,747.53,922.74,1,E,5,N
117,852.98,929.67,3,W,5,N
125,803.81,929.67,3,E,5,N
127,814.42,930.27,3,E,5,N
129,825.83,930.87,3,E,5,N
119,882.18,943.95,3,W,5,N
126,809.42,999.30,3,E,5,W
118,855.96,999.60,3,W,5,W
128,821.21,999.90,3,E,5,W
44,745.61,1000.20,1,S,5,W
74,793.93,1000.50,1,W,5,W
92,843.37,1000.80,1,E,5,W
46,764.89,1021.44,1,S,5,N
49,801.48,1021.74,1,S,5,N
104,829.06,1022.04,2,W,5,N
105,869.29,1022.34,2,W,5,N
111,879.39,1022.64,2,E,5,N
73,772.50,1022.94,1,W,5,N
75,875.14,1121.34,1,W,5,N