id,enter_time,exit_time,entrance_intersection,entrance_direction,exit_intersection,exit_direction
0,8.86,23.00,1,S,1,E
1,14.77,28.91,1,S,1,E
4,34.04,48.17,1,S,1,E
124,52.46,66.44,5,W,5,N
140,3.28,80.44,5,E,5,N
141,78.35,84.49,5,E,5,N
7,60.04,100.70,1,S,1,W
9,72.22,101.00,1,S,1,W
142,95.22,101.36,5,E,5,N
50,60.71,137.07,1,W,3,E
6,53.89,139.92,1,S,2,W
125,119.75,166.34,5,W,5,N
126,125.40,166.64,5,W,5,N
143,132.49,180.34,5,E,5,N
117,63.16,200.10,3,E,5,W
96,41.10,200.40,2,W,5,W
3,27.17,200.70,1,S,5,W
81,47.07,216.70,1,E,5,E
106,91.81,222.24,2,E,5,N
2,22.53,222.54,1,S,5,N
82,56.85,223.14,1,E,5,N
83,88.01,223.44,1,E,5,N
118,120.64,231.07,3,E,5,N
127,191.57,266.24,5,W,5,N
128,202.49,266.54,5,W,5,N
129,230.85,266.84,5,W,5,N
144,234.70,280.24,5,E,5,N
145,247.26,280.54,5,E,5,N
84,103.25,300.00,1,E,5,W
146,297.92,304.05,5,E,5,N
107,239.99,312.77,2,E,3,E
14,243.47,314.60,1,S,1,E
5,40.87,322.14,1,S,5,N
8,67.40,322.44,1,S,5,N
10,95.07,322.74,1,S,5,N
97,181.97,323.04,2,W,5,N
51,87.88,323.34,1,W,5,N
52,145.24,323.64,1,W,5,N
113,272.90,334.67,3,W,5,N
130,288.86,366.14,5,W,5,N
147,320.61,380.14,5,E,5,N
148,344.19,380.44,5,E,5,N
53,194.53,399.90,1,W,5,W
85,216.56,400.20,1,E,5,W
86,245.68,400.50,1,E,5,W
16,394.14,415.00,1,S,1,E
11,224.02,422.04,1,S,5,N
12,229.06,422.34,1,S,5,N
54,258.13,422.64,1,W,5,N
55,264.26,422.94,1,W,5,N
87,275.11,423.24,1,E,5,N
88,293.37,423.54,1,E,5,N
114,322.91,430.67,3,W,5,N
131,446.36,466.04,5,W,5,N
149,461.11,480.04,5,E,5,N
150,472.03,480.34,5,E,5,N
151,474.56,480.69,5,E,5,N
119,334.76,499.80,3,E,5,W
115,346.57,500.10,3,W,5,W
120,396.55,500.40,3,E,5,W
56,336.05,500.70,1,W,5,W
57,349.15,501.00,1,W,5,W
13,237.85,521.94,1,S,5,N
98,301.98,522.24,2,W,5,N
89,370.34,522.54,1,E,5,N
121,403.74,530.47,3,E,5,N
132,509.77,565.94,5,W,5,N
133,514.59,566.24,5,W,5,N
152,562.05,579.94,5,E,5,N
17,400.37,599.70,1,S,5,W
18,405.69,600.00,1,S,5,W
19,412.06,600.30,1,S,5,W
21,426.50,600.60,1,S,5,W
90,481.92,600.90,1,E,5,W
15,393.95,621.84,1,S,5,N
108,411.69,622.14,2,E,5,N
109,456.84,622.44,2,E,5,N
20,424.16,622.74,1,S,5,N
22,431.77,623.04,1,S,5,N
23,434.13,623.34,1,S,5,N
58,375.57,623.64,1,W,5,N
59,381.76,623.94,1,W,5,N
60,452.54,624.24,1,W,5,N
134,626.84,665.84,5,W,5,N
135,629.71,666.14,5,W,5,N
136,639.57,666.44,5,W,5,N
153,679.02,685.15,5,E,5,N
27,590.66,699.20,1,S,3,E
25,460.53,699.60,1,S,5,W
110,576.46,699.90,2,E,5,W
24,453.67,721.74,1,S,5,N
61,487.46,722.04,1,W,5,N
91,588.64,722.34,1,E,5,N
116,640.46,723.93,3,W,5,E
122,634.48,730.07,3,E,5,N
137,771.10,777.23,5,W,5,N
26,584.63,799.50,1,S,5,W
64,581.82,799.80,1,W,5,W
68,614.01,800.10,1,W,5,W
71,657.73,800.40,1,W,5,W
72,721.90,801.70,1,W,2,W
28,723.70,803.50,1,S,1,W
30,735.85,803.80,1,S,1,W
38,782.02,804.10,1,S,1,W
41,799.24,813.38,1,S,1,W
37,778.01,817.80,1,S,1,E
70,622.88,818.20,1,W,5,E
111,643.56,821.64,2,E,5,N
99,624.84,821.94,2,W,5,N
100,684.79,822.24,2,W,5,N
62,568.68,822.54,1,W,5,N
63,575.32,822.84,1,W,5,N
65,597.49,823.14,1,W,5,N
66,604.54,823.44,1,W,5,N
67,609.39,823.74,1,W,5,N
69,618.46,824.04,1,W,5,N
29,735.38,837.17,1,S,3,E
73,728.38,838.07,1,W,3,E
138,778.41,865.64,5,W,5,N
139,805.52,865.94,5,W,5,N
74,732.46,899.40,1,W,5,W
40,794.50,900.30,1,S,3,W
44,839.71,903.90,1,S,1,W
46,854.09,904.20,1,S,1,W
103,762.72,916.00,2,W,5,E
95,892.90,919.01,1,E,2,E
101,701.85,921.54,2,W,5,N
102,719.81,921.84,2,W,5,N
104,768.34,922.44,2,W,5,N
31,736.79,922.74,1,S,5,N
75,764.74,923.04,1,W,5,N
123,861.26,929.67,3,E,5,N
77,815.78,937.87,1,W,3,E
45,847.13,942.82,1,S,2,W
48,872.96,998.60,1,S,3,W
49,880.37,998.90,1,S,3,E
36,776.18,999.30,1,S,5,W
42,805.17,999.60,1,S,5,W
93,813.47,999.90,1,E,5,W
94,889.37,1007.19,1,E,5,W
33,745.99,1015.60,1,S,5,E
39,792.89,1016.50,1,S,5,E
79,825.02,1018.30,1,W,5,E
32,742.89,1021.44,1,S,5,N
34,761.57,1022.04,1,S,5,N
35,771.23,1022.34,1,S,5,N
112,820.75,1022.94,2,E,5,N
105,883.98,1023.24,2,W,5,N
43,809.68,1023.54,1,S,5,N
76,780.53,1023.84,1,W,5,N
78,817.27,1024.14,1,W,5,N
92,809.51,1024.74,1,E,5,N
80,897.99,1037.37,1,W,3,E
47,866.79,1121.34,1,S,5,N