id,enter_time,exit_time,entrance_intersection,entrance_direction,exit_intersection,exit_direction
4,25.14,39.27,1,S,1,E
5,31.24,45.38,1,S,1,E
126,31.40,66.44,5,W,5,N
159,35.31,80.44,5,E,5,N
160,43.30,80.74,5,E,5,N
0,5.71,100.70,1,S,1,W
3,20.20,101.00,1,S,1,W
8,55.58,101.30,1,S,1,W
127,99.21,166.34,5,W,5,N
128,104.36,166.64,5,W,5,N
129,108.17,166.94,5,W,5,N
130,112.23,167.24,5,W,5,N
131,116.45,167.54,5,W,5,N
98,57.35,200.10,2,W,5,W
82,41.19,200.40,1,E,5,W
51,66.07,200.50,1,W,2,W
57,119.57,202.30,1,W,2,W
108,62.50,222.24,2,E,5,N
97,45.85,222.54,2,W,5,N
1,10.17,222.84,1,S,5,N
2,17.52,223.14,1,S,5,N
80,21.56,223.44,1,E,5,N
81,31.17,223.74,1,E,5,N
132,186.11,266.24,5,W,5,N
133,189.22,266.54,5,W,5,N
134,196.06,266.84,5,W,5,N
135,227.54,267.14,5,W,5,N
136,233.88,267.44,5,W,5,N
137,240.23,267.74,5,W,5,N
138,246.41,268.04,5,W,5,N
161,217.91,280.24,5,E,5,N
162,219.30,280.54,5,E,5,N
163,221.67,280.84,5,E,5,N
164,235.02,281.14,5,E,5,N
165,258.42,281.44,5,E,5,N
166,266.29,281.74,5,E,5,N
167,277.31,283.45,5,E,5,N
10,70.67,300.00,1,S,5,W
109,129.16,300.30,2,E,5,W
52,69.86,300.60,1,W,5,W
54,81.94,300.90,1,W,5,W
168,294.94,301.07,5,E,5,N
59,230.19,301.20,1,W,2,W
55,110.26,301.20,1,W,5,W
15,241.79,301.50,1,S,1,W
56,114.03,301.50,1,W,5,W
19,265.43,301.80,1,S,1,W
83,112.78,301.80,1,E,5,W
23,281.14,302.10,1,S,1,W
84,142.09,302.10,1,E,5,W
21,274.84,315.50,1,S,1,E
6,37.79,322.14,1,S,5,N
7,44.89,322.44,1,S,5,N
9,66.00,322.74,1,S,5,N
11,90.82,323.04,1,S,5,N
12,97.44,323.34,1,S,5,N
13,99.76,323.64,1,S,5,N
53,75.62,323.94,1,W,5,N
25,315.71,329.84,1,S,1,E
139,305.63,366.14,5,W,5,N
140,314.84,366.44,5,W,5,N
141,338.97,366.74,5,W,5,N
142,368.02,374.16,5,W,5,N
143,372.37,378.51,5,W,5,N
114,250.23,399.90,3,W,5,W
120,233.74,400.20,3,E,5,W
14,237.55,400.50,1,S,5,W
58,187.52,400.80,1,W,5,W
85,247.25,401.10,1,E,5,W
86,257.98,401.40,1,E,5,W
24,304.37,401.90,1,S,1,W
26,336.60,402.20,1,S,1,W
30,361.23,402.50,1,S,1,W
144,373.60,466.04,5,W,5,N
145,378.73,466.34,5,W,5,N
146,410.20,466.64,5,W,5,N
147,416.00,466.94,5,W,5,N
148,423.11,467.24,5,W,5,N
16,245.91,499.80,1,S,5,W
17,251.96,500.10,1,S,5,W
20,268.94,500.40,1,S,5,W
22,276.47,500.70,1,S,5,W
110,325.99,501.00,2,E,5,W
62,309.65,501.30,1,W,5,W
60,290.23,516.10,1,W,5,E
87,337.24,517.00,1,E,5,E
18,256.03,521.94,1,S,5,N
61,302.81,522.54,1,W,5,N
63,314.32,522.84,1,W,5,N
121,429.99,530.47,3,E,5,N
149,563.71,569.85,5,W,5,N
150,572.62,578.75,5,W,5,N
169,576.17,582.31,5,E,5,N
170,579.11,585.25,5,E,5,N
171,581.98,588.12,5,E,5,N
27,339.29,599.70,1,S,5,W
64,367.52,600.00,1,W,5,W
88,444.24,600.30,1,E,5,W
33,532.03,602.70,1,S,1,W
89,488.16,605.99,1,E,5,W
28,351.94,621.84,1,S,5,N
29,353.39,622.14,1,S,5,N
31,364.19,622.44,1,S,5,N
32,365.30,622.74,1,S,5,N
99,405.79,623.04,2,W,5,N
111,488.95,623.34,2,E,5,N
65,454.50,623.64,1,W,5,N
66,456.05,623.94,1,W,5,N
67,461.14,624.24,1,W,5,N
122,505.16,630.27,3,E,5,N
116,545.14,630.57,3,W,5,N
151,615.69,665.84,5,W,5,N
152,616.33,666.14,5,W,5,N
153,621.23,666.44,5,W,5,N
154,657.61,666.74,5,W,5,N
172,604.92,679.84,5,E,5,N
173,626.91,680.14,5,E,5,N
174,668.03,680.44,5,E,5,N
115,541.47,699.60,3,W,5,W
101,597.54,699.90,2,W,5,W
68,467.14,700.20,1,W,5,W
70,530.58,700.50,1,W,5,W
71,598.42,701.00,1,W,2,W
94,670.58,701.60,1,E,2,E
103,651.03,713.47,2,W,3,E
100,563.23,715.60,2,W,5,E
34,534.37,722.04,1,S,5,N
35,538.69,722.34,1,S,5,N
69,529.85,722.64,1,W,5,N
90,549.98,722.94,1,E,5,N
91,559.73,723.24,1,E,5,N
92,582.80,723.54,1,E,5,N
112,687.66,723.73,2,E,3,W
123,678.30,740.07,3,E,5,N
37,731.56,745.70,1,S,1,E
175,764.29,779.74,5,E,5,N
36,543.82,799.50,1,S,5,W
38,739.09,803.50,1,S,1,W
41,758.29,803.80,1,S,1,W
102,651.02,815.50,2,W,5,E
93,631.07,821.94,1,E,5,N
117,796.47,858.24,3,W,5,N
118,797.00,858.77,3,W,5,N
155,837.19,865.64,5,W,5,N
156,841.96,865.94,5,W,5,N
157,845.70,866.24,5,W,5,N
158,857.09,866.54,5,W,5,N
176,833.02,879.64,5,E,5,N
177,834.47,879.94,5,E,5,N
178,854.78,880.24,5,E,5,N
74,675.82,899.40,1,W,5,W
75,712.69,899.70,1,W,5,W
76,717.63,900.00,1,W,5,W
45,801.58,903.90,1,S,1,W
104,782.98,921.54,2,W,5,N
72,669.05,921.84,1,W,5,N
73,669.95,922.14,1,W,5,N
95,745.16,922.44,1,E,5,N
124,866.52,929.67,3,E,5,N
125,873.78,935.55,3,E,5,N
46,808.56,937.27,1,S,3,W
48,831.76,937.87,1,S,3,W
119,868.11,999.30,3,W,5,W
39,748.98,999.60,1,S,5,W
106,887.16,999.90,2,W,5,W
49,833.15,1000.20,1,S,5,W
42,759.42,1015.60,1,S,5,E
40,757.27,1021.44,1,S,5,N
43,764.64,1022.04,1,S,5,N
44,770.13,1022.34,1,S,5,N
113,816.98,1022.64,2,E,5,N
105,880.28,1022.94,2,W,5,N
107,891.28,1023.24,2,W,5,N
47,815.31,1023.54,1,S,5,N
50,834.97,1023.84,1,S,5,N
77,772.66,1024.14,1,W,5,N
78,776.76,1024.44,1,W,5,N
79,836.91,1024.74,1,W,5,N
96,821.40,1025.04,1,E,5,N