id,enter_time,exit_time,entrance_intersection,entrance_direction,exit_intersection,exit_direction
126,0.71,66.44,5,W,5,N
127,57.58,66.74,5,W,5,N
128,63.40,69.53,5,W,5,N
59,43.09,103.10,1,W,2,W
88,56.73,103.70,1,E,2,E
5,45.12,113.80,1,S,1,E
1,25.60,136.77,1,S,3,E
2,28.14,137.07,1,S,3,E
129,101.82,166.34,5,W,5,N
130,107.97,166.64,5,W,5,N
131,113.25,166.94,5,W,5,N
132,125.85,167.24,5,W,5,N
133,151.38,167.54,5,W,5,N
0,23.23,200.10,1,S,5,W
57,35.29,200.40,1,W,5,W
62,141.12,200.80,1,W,2,W
3,34.67,222.24,1,S,5,N
54,7.42,222.54,1,W,5,N
55,22.79,222.84,1,W,5,N
56,29.11,223.14,1,W,5,N
58,39.35,223.44,1,W,5,N
60,58.75,223.74,1,W,5,N
113,136.70,231.07,3,E,5,N
107,126.55,231.37,3,W,5,N
153,210.47,280.24,5,E,5,N
154,237.54,280.54,5,E,5,N
155,271.43,280.84,5,E,5,N
156,292.63,298.76,5,E,5,N
106,116.27,300.00,3,W,5,W
4,42.39,300.30,1,S,5,W
63,155.09,300.60,1,W,5,W
157,294.72,300.86,5,E,5,N
61,74.04,316.60,1,W,5,E
6,55.90,322.14,1,S,5,N
101,199.17,322.44,2,E,5,N
89,171.11,323.04,1,E,5,N
65,180.21,337.87,1,W,3,W
114,281.84,343.61,3,E,5,N
116,294.96,356.73,3,E,5,N
134,340.45,366.14,5,W,5,N
108,232.15,399.90,3,W,5,W
115,289.56,400.20,3,E,5,W
9,216.93,400.50,1,S,5,W
17,335.88,401.90,1,S,1,W
18,337.71,402.20,1,S,1,W
19,339.33,402.50,1,S,1,W
20,341.63,402.80,1,S,1,W
68,268.61,402.80,1,W,2,E
97,300.54,412.87,2,W,3,W
102,296.42,422.04,2,E,5,N
7,208.35,422.34,1,S,5,N
8,209.91,422.64,1,S,5,N
64,170.42,422.94,1,W,5,N
66,195.90,423.24,1,W,5,N
67,261.23,423.54,1,W,5,N
90,284.52,423.84,1,E,5,N
117,321.08,430.67,3,E,5,N
12,316.03,437.37,1,S,3,E
135,388.46,466.04,5,W,5,N
136,438.49,466.34,5,W,5,N
137,444.21,466.64,5,W,5,N
138,450.92,466.94,5,W,5,N
139,456.18,467.24,5,W,5,N
158,468.63,480.04,5,E,5,N
159,490.05,496.19,5,E,5,N
11,308.86,499.80,1,S,5,W
14,324.41,500.10,1,S,5,W
16,324.87,500.40,1,S,5,W
69,339.19,500.70,1,W,5,W
72,354.03,501.00,1,W,5,W
21,477.49,502.30,1,S,1,W
10,305.76,521.94,1,S,5,N
13,319.56,522.24,1,S,5,N
15,324.76,522.54,1,S,5,N
70,347.00,522.84,1,W,5,N
71,347.22,523.14,1,W,5,N
118,457.35,530.47,3,E,5,N
22,484.79,541.22,1,S,2,W
160,512.90,579.94,5,E,5,N
109,479.29,599.70,3,W,5,W
103,477.71,600.00,2,E,5,W
91,479.40,600.30,1,E,5,W
104,581.83,617.91,2,E,3,E
73,438.27,621.84,1,W,5,N
110,521.58,630.27,3,W,5,N
111,536.93,630.57,3,W,5,N
140,574.43,665.84,5,W,5,N
141,580.48,666.14,5,W,5,N
142,586.77,666.44,5,W,5,N
92,556.05,699.60,1,E,5,W
93,566.02,699.90,1,E,5,W
25,631.16,703.10,1,S,1,W
30,654.43,703.40,1,S,1,W
38,683.21,703.70,1,S,1,W
39,693.38,707.51,1,S,1,W
99,664.61,713.47,2,W,3,W
32,660.94,717.10,1,S,1,E
34,674.96,717.70,1,S,1,E
74,516.17,721.74,1,W,5,N
75,536.39,722.04,1,W,5,N
122,646.20,724.83,3,E,5,E
119,609.63,730.07,3,E,5,N
120,614.91,730.37,3,E,5,N
123,652.45,731.27,3,E,5,N
31,660.35,742.92,1,S,2,W
143,689.01,765.74,5,W,5,N
144,691.23,766.04,5,W,5,N
145,696.93,766.34,5,W,5,N
146,699.22,766.64,5,W,5,N
147,704.67,766.94,5,W,5,N
148,745.00,767.24,5,W,5,N
161,709.39,779.74,5,E,5,N
27,644.09,798.70,1,S,3,E
121,619.41,799.50,3,E,5,W
98,623.20,799.80,2,W,5,W
41,718.63,803.50,1,S,1,W
83,761.86,803.80,1,W,2,W
43,729.55,803.80,1,S,1,W
47,745.73,816.60,1,S,1,E
23,621.66,821.64,1,S,5,N
24,627.27,821.94,1,S,5,N
26,637.20,822.24,1,S,5,N
76,612.97,822.54,1,W,5,N
100,791.66,827.73,2,W,3,W
124,721.38,829.87,3,E,5,N
80,689.94,838.97,1,W,3,E
46,740.84,842.42,1,S,2,W
149,817.63,865.64,5,W,5,N
150,828.78,865.94,5,W,5,N
151,835.60,866.24,5,W,5,N
152,867.06,873.19,5,W,5,N
28,645.94,899.40,1,S,5,W
44,731.84,899.70,1,S,5,W
45,736.17,900.00,1,S,5,W
77,674.42,900.30,1,W,5,W
85,766.49,900.60,1,W,5,W
53,805.81,903.90,1,S,1,W
29,646.85,915.40,1,S,5,E
78,678.71,917.80,1,W,5,E
33,667.15,921.84,1,S,5,N
35,676.22,922.14,1,S,5,N
36,676.99,922.44,1,S,5,N
37,681.72,922.74,1,S,5,N
40,704.90,923.04,1,S,5,N
105,776.66,923.34,2,E,5,N
42,726.01,923.64,1,S,5,N
79,684.97,924.24,1,W,5,N
81,755.92,924.54,1,W,5,N
82,760.85,924.84,1,W,5,N
84,764.44,925.14,1,W,5,N
112,826.83,929.67,3,W,5,N
125,892.75,954.52,3,E,5,N
48,749.19,999.30,1,S,5,W
49,750.81,999.60,1,S,5,W
51,797.19,999.90,1,S,5,W
95,842.81,1000.20,1,E,5,W
96,875.08,1000.50,1,E,5,W
86,767.70,1015.90,1,W,5,E
50,767.16,1021.44,1,S,5,N
52,804.91,1021.74,1,S,5,N
87,856.77,1022.34,1,W,5,N
94,818.87,1022.64,1,E,5,N