id,enter_time,exit_time,entrance_intersection,entrance_direction,exit_intersection,exit_direction
160,28.68,66.44,5,W,5,N
161,32.57,66.74,5,W,5,N
162,37.24,67.04,5,W,5,N
163,47.46,67.34,5,W,5,N
164,56.07,67.64,5,W,5,N
165,61.48,67.94,5,W,5,N
166,62.07,68.21,5,W,5,N
151,29.55,125.43,3,E,5,E
150,24.74,131.27,3,E,5,N
167,92.90,166.34,5,W,5,N
168,92.93,166.64,5,W,5,N
169,100.78,166.94,5,W,5,N
129,41.74,200.10,2,W,5,W
0,131.09,201.10,1,S,1,W
130,93.62,222.24,2,W,5,N
14,223.78,237.92,1,S,1,E
170,222.38,266.24,5,W,5,N
183,200.94,280.24,5,E,5,N
152,102.13,300.00,3,E,5,W
153,181.92,300.30,3,E,5,W
4,161.49,300.60,1,S,3,W
139,131.08,300.60,2,E,5,W
131,148.57,300.90,2,W,5,W
69,91.59,301.20,1,W,5,W
10,207.39,301.50,1,S,1,W
71,104.22,301.50,1,W,5,W
67,72.23,316.30,1,W,5,E
132,192.68,322.14,2,W,5,N
68,78.60,322.74,1,W,5,N
70,101.40,323.04,1,W,5,N
111,108.47,323.34,1,E,5,N
112,110.53,323.64,1,E,5,N
113,119.36,323.94,1,E,5,N
144,250.39,399.90,3,W,5,W
154,221.10,400.20,3,E,5,W
7,191.47,400.50,1,S,5,W
9,202.46,400.80,1,S,5,W
11,208.74,401.10,1,S,5,W
74,215.91,401.40,1,W,5,W
17,354.78,401.90,1,S,1,W
18,357.07,402.20,1,S,1,W
26,392.96,417.40,1,S,1,E
72,206.68,418.30,1,W,5,E
1,137.97,422.04,1,S,5,N
2,147.25,422.34,1,S,5,N
3,150.14,422.64,1,S,5,N
5,178.28,422.94,1,S,5,N
6,185.56,423.24,1,S,5,N
8,197.79,423.54,1,S,5,N
12,215.47,423.84,1,S,5,N
13,218.62,424.14,1,S,5,N
73,211.13,424.74,1,W,5,N
75,258.45,425.04,1,W,5,N
145,300.30,430.67,3,W,5,N
171,373.99,466.04,5,W,5,N
172,378.68,466.34,5,W,5,N
184,487.87,494.01,5,E,5,N
185,493.61,499.75,5,E,5,N
134,367.35,499.80,2,W,5,W
76,318.44,500.10,1,W,5,W
21,373.45,500.50,1,S,3,W
35,445.23,502.30,1,S,1,W
41,478.70,502.60,1,S,1,W
84,429.93,503.20,1,W,2,W
78,334.06,516.70,1,W,5,E
80,345.20,517.30,1,W,5,E
133,326.68,521.94,2,W,5,N
140,321.86,522.24,2,E,5,N
77,326.08,522.54,1,W,5,N
79,338.53,523.14,1,W,5,N
114,314.87,523.74,1,E,5,N
115,324.89,524.04,1,E,5,N
116,360.45,524.34,1,E,5,N
155,410.37,530.47,3,E,5,N
156,441.45,530.77,3,E,5,N
37,453.61,542.12,1,S,2,E
173,527.74,565.94,5,W,5,N
174,536.44,566.24,5,W,5,N
186,581.51,587.64,5,E,5,N
19,359.70,599.70,1,S,5,W
22,378.77,600.00,1,S,5,W
27,398.84,600.30,1,S,5,W
135,469.24,600.60,2,W,5,W
82,421.98,600.90,1,W,5,W
85,430.74,601.20,1,W,5,W
86,441.48,601.50,1,W,5,W
92,548.81,602.40,1,W,2,W
23,381.22,616.60,1,S,5,E
25,390.67,617.20,1,S,5,E
15,352.80,621.84,1,S,5,N
16,353.26,622.14,1,S,5,N
20,365.55,622.44,1,S,5,N
24,386.45,623.04,1,S,5,N
28,406.53,623.64,1,S,5,N
29,417.95,623.94,1,S,5,N
30,425.84,624.24,1,S,5,N
31,428.77,624.54,1,S,5,N
32,436.09,624.84,1,S,5,N
81,406.58,625.14,1,W,5,N
83,429.48,625.44,1,W,5,N
117,471.42,625.74,1,E,5,N
118,478.84,626.04,1,E,5,N
147,542.27,630.57,3,W,5,N
175,578.04,665.84,5,W,5,N
176,603.35,666.14,5,W,5,N
187,624.17,679.84,5,E,5,N
188,663.25,680.14,5,E,5,N
146,531.48,699.60,3,W,5,W
34,445.09,699.90,1,S,5,W
141,512.04,700.20,2,E,5,W
90,534.07,700.50,1,W,5,W
91,536.75,700.80,1,W,5,W
42,608.03,701.00,1,S,2,E
95,630.66,702.80,1,W,2,W
46,627.08,703.10,1,S,1,W
47,632.70,703.40,1,S,1,W
48,636.07,703.70,1,S,1,W
38,463.77,716.20,1,S,5,E
87,520.13,717.40,1,W,5,E
33,439.79,721.74,1,S,5,N
36,445.78,722.04,1,S,5,N
39,463.80,722.64,1,S,5,N
40,470.89,722.94,1,S,5,N
142,591.62,723.24,2,E,5,N
88,525.86,723.84,1,W,5,N
89,532.48,724.14,1,W,5,N
148,628.77,730.07,3,W,5,N
45,627.07,737.97,1,S,3,E
97,651.63,739.47,1,W,3,W
177,690.74,765.74,5,W,5,N
178,695.02,766.04,5,W,5,N
179,737.11,766.34,5,W,5,N
180,744.49,766.64,5,W,5,N
157,628.12,799.50,3,E,5,W
121,656.58,799.80,1,E,5,W
120,655.50,817.30,1,E,5,E
43,613.80,821.64,1,S,5,N
44,617.80,821.94,1,S,5,N
93,610.59,822.24,1,W,5,N
94,623.05,822.54,1,W,5,N
96,644.95,822.84,1,W,5,N
119,627.52,823.14,1,E,5,N
122,700.49,824.45,1,E,5,N
98,729.51,837.17,1,W,3,W
56,825.34,839.47,1,S,1,E
181,845.89,865.64,5,W,5,N
182,847.78,865.94,5,W,5,N
189,832.24,879.64,5,E,5,N
190,843.68,879.94,5,E,5,N
191,856.77,880.24,5,E,5,N
192,858.55,880.54,5,E,5,N
143,770.18,899.40,2,E,5,W
136,781.60,899.70,2,W,5,W
100,756.79,900.00,1,W,5,W
123,714.80,900.30,1,E,5,W
124,715.80,900.60,1,E,5,W
126,764.36,900.90,1,E,5,W
58,843.15,903.90,1,S,1,W
60,852.40,904.20,1,S,1,W
61,855.45,904.50,1,S,1,W
65,890.69,904.83,1,S,1,W
66,897.61,911.74,1,S,1,W
99,735.03,921.54,1,W,5,N
101,761.53,921.84,1,W,5,N
125,763.57,922.14,1,E,5,N
158,851.95,929.67,3,E,5,N
107,853.35,939.97,1,W,3,W
149,847.78,999.30,3,W,5,W
159,859.74,999.60,3,E,5,W
138,893.82,999.90,2,W,5,W
53,806.40,1000.20,1,S,5,W
102,769.47,1000.50,1,W,5,W
104,780.13,1000.80,1,W,5,W
105,787.62,1001.10,1,W,5,W
106,791.05,1001.40,1,W,5,W
128,863.33,1001.70,1,E,5,W
103,774.70,1017.70,1,W,5,E
49,784.79,1021.44,1,S,5,N
50,790.00,1021.74,1,S,5,N
51,794.19,1022.04,1,S,5,N
52,803.38,1022.34,1,S,5,N
137,835.71,1022.64,2,W,5,N
54,806.47,1022.94,1,S,5,N
55,819.54,1023.24,1,S,5,N
57,831.51,1023.54,1,S,5,N
108,857.99,1024.14,1,W,5,N
127,824.33,1024.44,1,E,5,N
59,848.81,1099.20,1,S,5,W
109,871.22,1116.10,1,W,5,E
62,860.36,1121.34,1,S,5,N
63,879.32,1121.64,1,S,5,N
64,883.74,1121.94,1,S,5,N
110,878.10,1122.54,1,W,5,N