id,enter_time,exit_time,entrance_intersection,entrance_direction,exit_intersection,exit_direction
89,0.66,66.44,5,W,5,N
90,7.98,66.74,5,W,5,N
91,69.94,76.07,5,W,5,N
122,60.21,80.44,5,E,5,N
123,60.67,80.74,5,E,5,N
82,53.66,131.87,3,E,5,N
43,41.17,136.77,1,E,3,W
74,81.17,142.94,3,W,5,N
92,82.30,166.34,5,W,5,N
124,151.54,180.34,5,E,5,N
125,155.25,180.64,5,E,5,N
73,65.75,200.10,3,W,5,W
80,4.82,200.40,3,E,5,W
1,112.91,200.50,1,S,2,E
81,46.79,200.70,3,E,5,W
0,1.90,201.00,1,S,5,W
60,55.42,201.30,2,W,5,W
19,7.97,222.24,1,W,5,N
44,65.63,222.54,1,E,5,N
45,72.60,222.84,1,E,5,N
75,183.18,238.81,3,W,5,E
93,214.09,266.24,5,W,5,N
94,227.18,266.54,5,W,5,N
95,230.44,266.84,5,W,5,N
96,253.64,267.14,5,W,5,N
97,254.64,267.44,5,W,5,N
98,259.21,267.74,5,W,5,N
69,172.36,300.00,2,E,5,W
20,69.90,300.30,1,W,5,W
2,243.12,301.50,1,S,1,W
3,245.78,301.80,1,S,1,W
61,105.96,322.14,2,W,5,N
21,75.97,322.44,1,W,5,N
22,140.13,322.74,1,W,5,N
46,114.32,323.04,1,E,5,N
76,249.35,330.87,3,W,5,N
83,275.25,337.02,3,E,5,N
99,273.30,366.14,5,W,5,N
100,305.24,366.44,5,W,5,N
101,361.26,367.39,5,W,5,N
102,365.68,371.81,5,W,5,N
62,237.13,399.90,2,W,5,W
63,293.80,400.20,2,W,5,W
25,289.69,400.70,1,W,2,W
64,342.90,412.87,2,W,3,W
23,196.77,422.04,1,W,5,N
24,237.83,422.34,1,W,5,N
47,280.19,422.64,1,E,5,N
103,405.80,466.04,5,W,5,N
104,406.12,466.34,5,W,5,N
105,415.67,466.64,5,W,5,N
126,447.67,480.04,5,E,5,N
84,301.55,499.80,3,E,5,W
26,294.22,500.10,1,W,5,W
70,334.32,521.94,2,E,5,N
65,349.23,522.24,2,W,5,N
48,322.71,522.54,1,E,5,N
49,400.85,524.81,1,E,5,N
85,424.01,530.47,3,E,5,N
50,447.43,538.07,1,E,3,W
106,570.18,576.31,5,W,5,N
107,572.05,578.19,5,W,5,N
66,406.00,599.70,2,W,5,W
4,434.50,600.00,1,S,5,W
28,395.89,600.30,1,W,5,W
52,468.86,600.60,1,E,5,W
30,498.84,600.90,1,W,2,W
53,484.75,602.57,1,E,5,W
10,593.21,607.35,1,S,1,W
11,594.48,608.61,1,S,1,W
5,569.21,615.50,1,S,1,E
51,452.19,616.30,1,E,5,E
27,381.54,621.84,1,W,5,N
29,396.77,622.14,1,W,5,N
54,555.86,637.27,1,E,3,W
108,602.74,665.84,5,W,5,N
109,611.55,666.14,5,W,5,N
110,618.08,666.44,5,W,5,N
111,622.21,666.74,5,W,5,N
112,622.79,667.04,5,W,5,N
113,646.70,667.34,5,W,5,N
114,650.57,667.64,5,W,5,N
127,637.76,679.84,5,E,5,N
6,571.66,698.90,1,S,3,E
77,525.76,699.60,3,W,5,W
71,521.52,699.90,2,E,5,W
12,600.40,700.10,1,S,3,W
55,568.40,700.20,1,E,5,W
86,662.47,730.07,3,E,5,N
115,675.33,765.74,5,W,5,N
87,670.28,799.50,3,E,5,W
88,678.28,799.80,3,E,5,W
7,575.09,800.10,1,S,5,W
8,582.73,800.40,1,S,5,W
14,604.21,800.70,1,S,5,W
31,576.59,801.00,1,W,5,W
33,622.86,801.30,1,W,5,W
35,692.64,801.70,1,W,2,W
36,708.46,802.00,1,W,2,E
9,588.03,821.64,1,S,5,N
13,603.21,821.94,1,S,5,N
15,604.76,822.24,1,S,5,N
32,584.39,822.54,1,W,5,N
34,636.25,822.84,1,W,5,N
56,641.50,823.14,1,E,5,N
57,662.97,823.44,1,E,5,N
58,670.10,823.74,1,E,5,N
39,754.07,838.97,1,W,3,W
116,809.26,865.64,5,W,5,N
117,840.65,865.94,5,W,5,N
118,871.33,877.47,5,W,5,N
128,854.35,879.64,5,E,5,N
78,739.96,899.40,3,W,5,W
79,758.78,899.70,3,W,5,W
16,731.31,900.00,1,S,5,W
17,731.48,900.30,1,S,5,W
37,712.46,900.60,1,W,5,W
38,713.54,900.90,1,W,5,W
40,761.45,901.20,1,W,5,W
18,862.35,903.90,1,S,1,W
72,720.88,921.54,2,E,5,N
67,775.88,921.84,2,W,5,N
59,727.65,922.14,1,E,5,N
119,876.55,965.54,5,W,5,N
120,879.14,965.84,5,W,5,N
121,897.79,966.14,5,W,5,N
68,831.14,1021.44,2,W,5,N
41,785.58,1021.74,1,W,5,N
42,888.58,1121.34,1,W,5,N