id,enter_time,exit_time,entrance_intersection,entrance_direction,exit_intersection,exit_direction
1,5.20,19.33,1,S,1,E
6,21.59,35.72,1,S,1,E
117,9.55,66.44,5,W,5,N
118,14.89,66.74,5,W,5,N
119,44.51,67.04,5,W,5,N
120,55.26,67.34,5,W,5,N
121,63.29,69.42,5,W,5,N
7,36.80,100.70,1,S,2,E
3,8.27,100.70,1,S,1,W
4,10.86,101.00,1,S,1,W
5,14.31,101.30,1,S,1,W
10,52.81,101.60,1,S,1,W
13,61.94,101.90,1,S,1,W
16,72.02,115.30,1,S,1,E
17,103.31,117.44,1,S,1,E
122,105.11,166.34,5,W,5,N
123,107.42,166.64,5,W,5,N
124,115.40,166.94,5,W,5,N
125,121.75,167.24,5,W,5,N
126,157.90,167.54,5,W,5,N
127,164.05,170.19,5,W,5,N
103,79.45,200.10,3,W,5,W
47,21.90,200.40,1,W,5,W
78,78.95,200.70,1,E,5,W
18,105.55,201.10,1,S,1,W
79,83.40,201.23,1,E,5,W
19,112.67,201.40,1,S,1,W
15,67.91,201.40,1,S,3,E
80,89.11,206.94,1,E,5,W
0,1.57,216.10,1,S,5,E
2,8.03,222.54,1,S,5,N
46,14.58,222.84,1,W,5,N
48,48.03,223.14,1,W,5,N
104,138.48,231.07,3,W,5,N
105,154.41,231.37,3,W,5,N
111,180.58,236.22,3,E,5,E
146,260.84,280.24,5,E,5,N
147,264.34,280.54,5,E,5,N
148,269.51,280.84,5,E,5,N
149,274.97,281.11,5,E,5,N
109,169.72,300.00,3,E,5,W
110,174.75,300.30,3,E,5,W
9,45.88,300.60,1,S,5,W
11,57.27,300.90,1,S,5,W
12,57.55,301.20,1,S,5,W
98,168.28,301.50,2,E,5,W
81,162.95,301.80,1,E,5,W
20,249.65,314.30,1,S,1,E
8,44.54,322.14,1,S,5,N
14,62.40,322.44,1,S,5,N
95,152.35,322.74,2,W,5,N
49,85.60,323.04,1,W,5,N
50,99.17,323.34,1,W,5,N
51,114.03,323.64,1,W,5,N
52,129.97,323.94,1,W,5,N
82,170.48,324.24,1,E,5,N
29,323.28,337.42,1,S,1,E
128,286.13,366.14,5,W,5,N
129,287.43,366.44,5,W,5,N
130,292.73,366.74,5,W,5,N
131,300.02,367.04,5,W,5,N
132,306.60,367.34,5,W,5,N
53,186.33,399.90,1,W,5,W
30,337.72,401.90,1,S,1,W
32,371.22,402.20,1,S,1,W
54,230.30,415.90,1,W,5,E
55,245.55,422.34,1,W,5,N
106,357.38,430.67,3,W,5,N
27,306.20,436.77,1,S,3,W
28,318.60,437.07,1,S,3,W
133,420.42,466.04,5,W,5,N
134,452.76,466.34,5,W,5,N
135,457.29,466.64,5,W,5,N
136,464.36,470.49,5,W,5,N
150,469.78,480.04,5,E,5,N
151,492.89,499.03,5,E,5,N
23,286.48,499.80,1,S,5,W
26,299.35,500.10,1,S,5,W
84,378.85,500.40,1,E,5,W
38,413.06,502.30,1,S,1,W
83,325.62,518.50,1,E,5,E
21,256.22,521.94,1,S,5,N
22,279.87,522.24,1,S,5,N
24,289.01,522.54,1,S,5,N
25,297.26,522.84,1,S,5,N
99,317.23,523.14,2,E,5,N
56,284.50,523.44,1,W,5,N
57,286.79,523.74,1,W,5,N
58,347.11,524.04,1,W,5,N
59,362.00,524.34,1,W,5,N
113,418.31,524.63,3,E,5,E
114,425.05,531.07,3,E,5,N
112,413.16,599.70,3,E,5,W
33,376.23,600.00,1,S,5,W
36,386.35,600.30,1,S,5,W
37,403.15,600.60,1,S,5,W
60,369.63,600.90,1,W,5,W
88,533.91,602.40,1,E,2,E
35,383.27,616.30,1,S,5,E
31,368.75,621.84,1,S,5,N
34,377.11,622.14,1,S,5,N
100,492.79,622.74,2,E,5,N
39,432.62,623.04,1,S,5,N
40,435.72,623.34,1,S,5,N
61,377.06,623.64,1,W,5,N
62,386.40,623.94,1,W,5,N
63,392.00,624.24,1,W,5,N
85,431.12,624.54,1,E,5,N
107,558.01,630.27,3,W,5,N
86,506.58,637.87,1,E,3,W
137,620.40,665.84,5,W,5,N
138,622.46,666.14,5,W,5,N
152,688.40,694.54,5,E,5,N
41,441.28,699.60,1,S,5,W
42,449.56,699.90,1,S,5,W
65,481.82,700.20,1,W,5,W
64,470.83,715.90,1,W,5,E
89,576.78,716.80,1,E,5,E
96,524.73,721.74,2,W,5,N
66,531.82,722.34,1,W,5,N
87,526.05,722.64,1,E,5,N
115,626.75,730.07,3,E,5,N
139,687.03,765.74,5,W,5,N
140,743.88,766.04,5,W,5,N
141,772.45,778.58,5,W,5,N
43,595.95,799.50,1,S,5,W
67,623.43,799.80,1,W,5,W
69,635.96,800.10,1,W,5,W
45,777.38,803.50,1,S,1,W
101,656.12,821.64,2,E,5,N
68,628.51,821.94,1,W,5,N
70,661.62,822.24,1,W,5,N
90,699.22,823.18,1,E,5,N
44,769.74,842.42,1,S,2,W
142,782.22,865.64,5,W,5,N
143,794.04,865.94,5,W,5,N
144,800.54,866.24,5,W,5,N
145,804.19,866.54,5,W,5,N
153,873.97,880.11,5,E,5,N
72,761.69,899.40,1,W,5,W
91,747.59,899.70,1,E,5,W
93,794.25,916.00,1,E,5,E
71,684.27,921.54,1,W,5,N
92,783.24,921.84,1,E,5,N
108,845.09,929.67,3,W,5,N
116,814.62,929.67,3,E,5,N
102,840.17,999.30,2,E,5,W
74,797.97,999.60,1,W,5,W
75,809.43,999.90,1,W,5,W
97,843.67,1015.30,2,W,5,E
76,837.82,1015.90,1,W,5,E
73,767.90,1021.74,1,W,5,N
77,845.50,1022.34,1,W,5,N
94,868.34,1022.64,1,E,5,N