id,enter_time,exit_time,entrance_intersection,entrance_direction,exit_intersection,exit_direction
116,7.79,66.44,5,W,5,N
117,15.17,66.74,5,W,5,N
118,20.78,67.04,5,W,5,N
119,27.75,67.34,5,W,5,N
120,60.88,67.64,5,W,5,N
121,66.75,72.88,5,W,5,N
2,22.49,100.70,1,S,1,W
5,38.88,113.50,1,S,1,E
14,76.67,116.20,1,S,1,E
122,73.62,166.34,5,W,5,N
123,148.88,166.64,5,W,5,N
124,154.70,166.94,5,W,5,N
125,159.73,167.24,5,W,5,N
152,176.61,182.75,5,E,5,N
3,29.04,200.10,1,S,5,W
77,105.58,200.80,1,E,2,W
12,74.20,201.70,1,S,3,W
0,11.91,222.24,1,S,5,N
1,16.79,222.54,1,S,5,N
4,35.61,222.84,1,S,5,N
108,139.32,231.37,3,E,5,N
126,187.78,266.24,5,W,5,N
127,218.24,266.54,5,W,5,N
128,222.55,266.84,5,W,5,N
129,224.13,267.14,5,W,5,N
130,257.82,267.44,5,W,5,N
107,132.43,300.00,3,E,5,W
109,171.90,300.30,3,E,5,W
6,40.59,300.60,1,S,5,W
7,47.07,300.90,1,S,5,W
15,236.71,301.50,1,S,1,W
8,49.02,322.14,1,S,5,N
9,54.57,322.44,1,S,5,N
10,61.66,322.74,1,S,5,N
11,71.46,323.04,1,S,5,N
13,75.72,323.34,1,S,5,N
98,178.23,323.64,2,E,5,N
53,102.61,323.94,1,W,5,N
80,300.80,326.91,1,E,2,E
110,243.36,330.87,3,E,5,N
111,263.42,331.17,3,E,5,N
29,320.23,334.36,1,S,1,E
153,370.73,380.14,5,E,5,N
16,250.08,399.50,1,S,3,W
103,229.24,399.90,3,W,5,W
78,216.42,400.20,1,E,5,W
79,229.89,400.50,1,E,5,W
21,267.61,401.00,1,S,3,W
54,177.30,422.04,1,W,5,N
55,264.45,422.34,1,W,5,N
131,375.87,466.04,5,W,5,N
132,379.98,466.34,5,W,5,N
133,380.85,466.64,5,W,5,N
134,382.64,466.94,5,W,5,N
135,384.51,467.24,5,W,5,N
154,429.47,480.04,5,E,5,N
155,452.11,480.34,5,E,5,N
27,309.61,499.80,1,S,5,W
30,328.10,500.10,1,S,5,W
56,310.28,500.40,1,W,5,W
81,342.88,500.70,1,E,5,W
61,457.86,500.80,1,W,2,W
17,252.72,521.94,1,S,5,N
18,253.28,522.24,1,S,5,N
19,258.84,522.54,1,S,5,N
20,265.33,522.84,1,S,5,N
22,286.76,523.14,1,S,5,N
23,294.60,523.44,1,S,5,N
24,296.15,523.74,1,S,5,N
25,297.50,524.04,1,S,5,N
26,303.52,524.34,1,S,5,N
99,356.93,524.64,2,E,5,N
93,383.40,524.94,2,W,5,N
28,314.87,525.24,1,S,5,N
57,315.20,525.54,1,W,5,N
58,317.77,525.84,1,W,5,N
59,352.09,526.14,1,W,5,N
60,354.88,526.44,1,W,5,N
104,457.31,530.47,3,W,5,N
136,526.66,565.94,5,W,5,N
137,527.28,566.24,5,W,5,N
138,555.37,566.54,5,W,5,N
32,526.97,602.70,1,S,1,W
33,530.21,603.00,1,S,1,W
35,542.37,615.50,1,S,1,E
112,498.60,621.84,3,E,5,N
94,440.81,622.14,2,W,5,N
100,497.09,622.44,2,E,5,N
82,405.76,622.74,1,E,5,N
83,438.82,623.04,1,E,5,N
31,519.38,636.97,1,S,3,W
62,472.44,637.57,1,W,3,E
85,522.18,639.37,1,E,3,W
37,573.43,642.22,1,S,2,W
139,659.69,665.83,5,W,5,N
140,668.62,674.76,5,W,5,N
156,654.40,679.84,5,E,5,N
157,659.74,680.14,5,E,5,N
158,666.31,680.44,5,E,5,N
63,479.15,699.60,1,W,5,W
40,600.68,699.80,1,S,3,E
65,487.89,699.90,1,W,5,W
101,682.01,718.08,2,E,3,E
95,572.87,721.74,2,W,5,N
34,537.27,722.04,1,S,5,N
64,483.60,722.34,1,W,5,N
66,563.43,722.64,1,W,5,N
84,517.17,722.94,1,E,5,N
86,581.64,723.24,1,E,5,N
105,687.94,749.71,3,W,5,N
141,676.33,765.74,5,W,5,N
142,682.23,766.04,5,W,5,N
143,689.16,766.34,5,W,5,N
144,699.94,766.64,5,W,5,N
145,707.08,766.94,5,W,5,N
146,741.16,767.24,5,W,5,N
147,746.36,767.54,5,W,5,N
87,598.08,799.50,1,E,5,W
113,647.46,799.80,3,E,5,W
96,692.70,800.10,2,W,5,W
68,646.58,800.40,1,W,5,W
69,650.12,800.70,1,W,5,W
88,642.07,801.00,1,E,5,W
90,684.47,802.29,1,E,5,W
51,771.09,818.10,1,S,1,E
36,549.98,821.64,1,S,5,N
38,579.13,821.94,1,S,5,N
39,580.44,822.24,1,S,5,N
67,584.82,822.54,1,W,5,N
89,654.57,822.84,1,E,5,N
148,775.36,865.64,5,W,5,N
149,819.07,865.94,5,W,5,N
150,825.84,866.24,5,W,5,N
159,860.63,879.64,5,E,5,N
160,865.29,879.94,5,E,5,N
161,866.96,880.24,5,E,5,N
114,770.78,899.40,3,E,5,W
115,775.74,899.70,3,E,5,W
41,722.08,900.00,1,S,5,W
42,723.47,900.30,1,S,5,W
44,735.25,900.60,1,S,5,W
70,696.93,916.00,1,W,5,E
97,746.55,921.54,2,W,5,N
43,730.57,921.84,1,S,5,N
71,763.97,922.44,1,W,5,N
106,799.69,929.67,3,W,5,N
91,813.96,938.77,1,E,3,W
151,889.02,965.54,5,W,5,N
49,759.45,999.30,1,S,5,W
52,777.48,999.60,1,S,5,W
72,771.82,999.90,1,W,5,W
75,857.70,1000.20,1,W,5,W
92,892.72,1010.54,1,E,5,W
45,742.67,1015.30,1,S,5,E
102,859.33,1016.80,2,E,5,E
46,744.12,1021.74,1,S,5,N
47,750.14,1022.04,1,S,5,N
48,757.55,1022.34,1,S,5,N
50,766.85,1022.64,1,S,5,N
73,785.27,1023.24,1,W,5,N
74,789.58,1023.54,1,W,5,N
76,861.73,1023.84,1,W,5,N