id,enter_time,exit_time,entrance_intersection,entrance_direction,exit_intersection,exit_direction
1,7.38,21.51,1,S,1,E
129,0.91,66.44,5,W,5,N
130,3.93,66.74,5,W,5,N
131,61.04,67.18,5,W,5,N
155,4.13,80.44,5,E,5,N
113,84.89,140.52,3,W,5,E
132,125.24,166.34,5,W,5,N
133,129.81,166.64,5,W,5,N
134,136.03,166.94,5,W,5,N
135,143.23,167.24,5,W,5,N
136,154.68,167.54,5,W,5,N
137,156.74,167.84,5,W,5,N
120,4.33,200.10,3,E,5,W
114,94.15,200.40,3,W,5,W
2,15.37,200.70,1,S,5,W
50,97.22,200.80,1,W,2,W
77,37.05,201.00,1,E,5,W
78,57.61,201.30,1,E,5,W
97,164.04,212.97,2,W,3,W
94,44.33,222.24,2,W,5,N
105,92.51,222.54,2,E,5,N
95,94.17,222.84,2,W,5,N
0,5.99,223.14,1,S,5,N
3,16.53,223.44,1,S,5,N
115,112.18,231.07,3,W,5,N
121,154.01,231.07,3,E,5,N
79,113.77,238.07,1,E,3,W
138,261.02,267.15,5,W,5,N
96,122.76,300.00,2,W,5,W
106,190.10,300.30,2,E,5,W
5,209.82,300.60,1,S,2,W
53,148.62,300.60,1,W,5,W
56,207.78,301.50,1,W,2,W
4,204.83,301.50,1,S,1,W
49,90.72,322.14,1,W,5,N
51,131.85,322.44,1,W,5,N
52,136.12,322.74,1,W,5,N
80,136.40,323.04,1,E,5,N
81,176.81,323.34,1,E,5,N
82,187.37,323.64,1,E,5,N
122,223.71,330.87,3,E,5,N
139,325.27,366.14,5,W,5,N
140,332.15,366.44,5,W,5,N
141,341.47,366.74,5,W,5,N
142,343.75,367.04,5,W,5,N
143,347.84,367.34,5,W,5,N
144,352.35,367.64,5,W,5,N
145,357.38,367.94,5,W,5,N
156,303.86,380.14,5,E,5,N
157,326.65,380.44,5,E,5,N
158,365.66,380.74,5,E,5,N
159,380.54,386.68,5,E,5,N
160,382.30,388.43,5,E,5,N
161,388.18,394.32,5,E,5,N
116,220.90,399.90,3,W,5,W
123,247.74,400.20,3,E,5,W
98,279.34,400.50,2,W,5,W
83,267.35,400.80,1,E,5,W
9,380.57,401.90,1,S,1,W
84,290.15,407.98,1,E,5,W
107,378.68,414.75,2,E,3,W
55,199.81,416.20,1,W,5,E
54,187.56,422.04,1,W,5,N
11,392.27,442.02,1,S,2,W
18,436.54,450.67,1,S,1,E
162,421.39,480.04,5,E,5,N
99,320.37,499.80,2,W,5,W
57,285.74,500.10,1,W,5,W
14,416.86,502.30,1,S,1,W
88,473.98,502.60,1,E,2,E
163,497.10,503.24,5,E,5,N
58,352.51,521.94,1,W,5,N
85,361.20,522.24,1,E,5,N
86,374.01,522.54,1,E,5,N
124,442.29,530.47,3,E,5,N
146,500.24,565.94,5,W,5,N
147,566.30,572.43,5,W,5,N
164,529.16,579.94,5,E,5,N
87,396.58,599.70,1,E,5,W
108,422.36,600.00,2,E,5,W
15,418.74,600.30,1,S,5,W
16,419.75,600.60,1,S,5,W
17,421.71,600.90,1,S,5,W
62,490.05,601.20,1,W,2,W
10,386.85,616.60,1,S,5,E
6,349.83,621.84,1,S,5,N
7,373.48,622.14,1,S,5,N
8,380.40,622.44,1,S,5,N
12,395.56,623.04,1,S,5,N
13,409.33,623.34,1,S,5,N
59,391.10,623.64,1,W,5,N
60,391.28,623.94,1,W,5,N
117,520.77,630.27,3,W,5,N
61,483.15,636.97,1,W,3,W
148,574.23,665.84,5,W,5,N
149,663.95,670.08,5,W,5,N
150,668.72,674.85,5,W,5,N
165,619.53,679.84,5,E,5,N
109,535.24,699.60,2,E,5,W
63,518.79,699.90,1,W,5,W
89,534.44,721.74,1,E,5,N
118,631.33,730.07,3,W,5,N
125,616.44,730.07,3,E,5,N
20,638.63,737.37,1,S,3,W
151,693.59,765.74,5,W,5,N
152,759.34,766.04,5,W,5,N
153,767.21,773.34,5,W,5,N
126,622.39,799.50,3,E,5,W
64,576.02,799.80,1,W,5,W
65,582.54,800.10,1,W,5,W
66,588.23,800.40,1,W,5,W
110,696.33,821.64,2,E,5,N
19,630.01,821.94,1,S,5,N
67,620.26,822.24,1,W,5,N
68,644.52,822.54,1,W,5,N
69,649.29,822.84,1,W,5,N
90,682.18,823.14,1,E,5,N
91,716.41,838.07,1,E,3,W
154,785.90,865.64,5,W,5,N
166,879.79,885.92,5,E,5,N
70,715.91,899.40,1,W,5,W
71,755.10,899.70,1,W,5,W
29,798.06,900.30,1,S,3,W
34,820.50,901.50,1,S,2,W
33,816.47,903.90,1,S,1,W
36,835.52,904.20,1,S,1,W
40,858.19,904.50,1,S,1,W
41,862.65,904.80,1,S,1,W
48,889.71,919.40,1,S,1,E
21,643.70,921.54,1,S,5,N
22,645.11,921.84,1,S,5,N
100,704.75,922.14,2,W,5,N
101,760.21,922.44,2,W,5,N
72,760.59,922.74,1,W,5,N
92,790.87,923.04,1,E,5,N
119,857.78,929.67,3,W,5,N
127,801.80,929.67,3,E,5,N
167,899.70,979.54,5,E,5,N
128,807.17,999.30,3,E,5,W
25,776.25,999.60,1,S,5,W
27,785.14,999.90,1,S,5,W
28,792.19,1000.20,1,S,5,W
112,890.21,1000.50,2,E,5,W
32,812.49,1000.80,1,S,5,W
93,814.33,1001.10,1,E,5,W
23,769.88,1015.30,1,S,5,E
24,772.56,1021.74,1,S,5,N
26,783.67,1022.04,1,S,5,N
30,801.52,1022.34,1,S,5,N
31,802.92,1022.64,1,S,5,N
102,802.74,1022.94,2,W,5,N
111,843.03,1023.24,2,E,5,N
103,888.22,1023.54,2,W,5,N
104,891.31,1023.84,2,W,5,N
35,832.24,1024.14,1,S,5,N
73,818.98,1024.44,1,W,5,N
74,826.92,1024.74,1,W,5,N
76,898.76,1037.67,1,W,3,W
39,857.05,1099.20,1,S,5,W
42,866.28,1099.50,1,S,5,W
43,870.93,1099.80,1,S,5,W
44,872.38,1100.10,1,S,5,W
45,877.51,1100.40,1,S,5,W
46,883.67,1115.80,1,S,5,E
37,840.73,1121.34,1,S,5,N
38,847.70,1121.64,1,S,5,N
47,887.12,1122.24,1,S,5,N
75,892.04,1122.54,1,W,5,N