id,enter_time,exit_time,entrance_intersection,entrance_direction,exit_intersection,exit_direction
2,23.01,37.15,1,S,1,E
119,53.52,66.44,5,W,5,N
120,56.88,66.74,5,W,5,N
121,58.05,67.04,5,W,5,N
122,62.67,68.81,5,W,5,N
155,0.91,80.44,5,E,5,N
156,36.09,80.74,5,E,5,N
123,93.34,166.34,5,W,5,N
124,94.91,166.64,5,W,5,N
125,129.88,166.94,5,W,5,N
126,142.89,167.24,5,W,5,N
127,147.49,167.54,5,W,5,N
128,152.16,167.84,5,W,5,N
100,28.78,200.10,3,W,5,W
106,26.28,200.40,3,E,5,W
81,8.81,200.70,1,E,5,W
8,203.87,218.01,1,S,1,E
88,90.27,222.24,2,W,5,N
0,5.22,222.54,1,S,5,N
1,15.47,222.84,1,S,5,N
50,30.13,223.14,1,W,5,N
129,184.48,266.24,5,W,5,N
3,38.65,300.00,1,S,5,W
95,184.17,300.30,2,E,5,W
51,107.96,300.60,1,W,5,W
11,220.03,301.50,1,S,1,W
12,227.75,301.80,1,S,1,W
13,234.91,302.10,1,S,1,W
83,188.77,306.60,1,E,5,W
4,43.57,322.14,1,S,5,N
5,47.25,322.44,1,S,5,N
6,53.63,322.74,1,S,5,N
7,58.25,323.04,1,S,5,N
89,133.49,323.34,2,W,5,N
82,170.57,323.64,1,E,5,N
107,207.00,330.87,3,E,5,N
101,235.70,330.87,3,W,5,N
102,276.60,338.37,3,W,5,N
130,306.86,366.14,5,W,5,N
131,317.81,366.44,5,W,5,N
132,344.78,366.74,5,W,5,N
133,355.58,367.04,5,W,5,N
157,326.09,380.14,5,E,5,N
158,332.86,380.44,5,E,5,N
52,185.66,399.90,1,W,5,W
9,210.31,422.04,1,S,5,N
10,217.59,422.34,1,S,5,N
53,265.06,422.64,1,W,5,N
20,437.27,451.41,1,S,1,E
134,385.01,466.04,5,W,5,N
135,386.57,466.34,5,W,5,N
136,391.08,466.64,5,W,5,N
137,402.49,466.94,5,W,5,N
138,430.29,467.24,5,W,5,N
139,442.01,467.54,5,W,5,N
96,348.53,499.80,2,E,5,W
56,364.26,500.10,1,W,5,W
14,421.00,502.30,1,S,1,W
21,444.67,502.60,1,S,1,W
90,477.58,513.65,2,W,3,W
54,295.03,515.80,1,W,5,E
55,356.36,522.24,1,W,5,N
84,365.14,522.54,1,E,5,N
110,474.84,536.61,3,E,5,N
59,417.63,538.97,1,W,3,W
140,492.22,565.94,5,W,5,N
141,524.97,566.24,5,W,5,N
142,532.85,566.54,5,W,5,N
159,514.58,579.94,5,E,5,N
23,446.60,599.40,1,S,3,W
108,426.92,599.70,3,E,5,W
109,433.90,600.00,3,E,5,W
91,477.93,600.30,2,W,5,W
17,433.81,600.60,1,S,5,W
60,422.62,600.90,1,W,5,W
58,412.42,617.20,1,W,5,E
33,583.65,617.60,1,S,1,E
15,427.71,621.84,1,S,5,N
16,427.80,622.14,1,S,5,N
18,436.13,622.44,1,S,5,N
19,436.36,622.74,1,S,5,N
57,407.03,623.04,1,W,5,N
85,496.79,623.64,1,E,5,N
103,558.22,630.27,3,W,5,N
61,499.47,636.97,1,W,3,W
63,528.21,637.57,1,W,3,E
143,581.71,665.84,5,W,5,N
144,584.91,666.14,5,W,5,N
145,642.44,666.44,5,W,5,N
160,621.82,679.84,5,E,5,N
161,627.44,680.14,5,E,5,N
162,630.19,680.44,5,E,5,N
163,644.47,680.74,5,E,5,N
24,454.24,699.60,1,S,5,W
25,465.81,699.90,1,S,5,W
97,522.60,700.20,2,E,5,W
62,521.68,700.50,1,W,5,W
64,564.92,700.80,1,W,5,W
93,618.03,713.47,2,W,3,E
22,445.73,721.74,1,S,5,N
111,607.19,730.07,3,E,5,N
112,633.16,730.37,3,E,5,N
113,639.91,730.67,3,E,5,N
146,676.91,765.74,5,W,5,N
147,680.53,766.04,5,W,5,N
148,686.43,766.34,5,W,5,N
149,688.93,766.64,5,W,5,N
150,691.65,766.94,5,W,5,N
151,692.33,767.24,5,W,5,N
152,760.23,767.54,5,W,5,N
153,768.02,774.16,5,W,5,N
114,679.75,799.50,3,E,5,W
28,556.96,799.80,1,S,5,W
29,558.26,800.10,1,S,5,W
32,582.49,800.40,1,S,5,W
66,642.91,800.70,1,W,5,W
67,649.42,801.00,1,W,5,W
68,656.41,801.30,1,W,5,W
38,732.12,803.50,1,S,1,W
26,555.09,821.64,1,S,5,N
27,555.96,821.94,1,S,5,N
30,569.81,822.24,1,S,5,N
31,572.21,822.54,1,S,5,N
92,614.35,822.84,2,W,5,N
94,658.19,823.14,2,W,5,N
65,569.76,823.44,1,W,5,N
86,694.91,823.74,1,E,5,N
115,710.77,829.87,3,E,5,N
117,753.08,830.47,3,E,5,N
164,832.40,879.64,5,E,5,N
116,715.44,899.40,3,E,5,W
35,719.08,899.70,1,S,5,W
75,817.11,901.80,1,W,2,W
42,868.33,903.90,1,S,1,W
165,897.80,903.94,5,E,5,N
34,714.02,915.70,1,S,5,E
98,706.32,921.54,2,E,5,N
36,723.95,922.14,1,S,5,N
37,727.59,922.44,1,S,5,N
39,734.49,922.74,1,S,5,N
69,743.96,923.04,1,W,5,N
70,750.06,923.34,1,W,5,N
71,751.92,923.64,1,W,5,N
72,765.33,923.94,1,W,5,N
104,833.87,929.67,3,W,5,N
73,778.34,937.27,1,W,3,W
78,829.09,938.77,1,W,3,W
118,880.23,942.00,3,E,5,N
48,897.69,944.62,1,S,2,W
154,882.90,965.54,5,W,5,N
105,840.99,999.30,3,W,5,W
40,740.17,999.60,1,S,5,W
76,822.80,999.90,1,W,5,W
79,842.22,1000.20,1,W,5,W
80,848.92,1000.50,1,W,5,W
87,840.67,1000.80,1,E,5,W
99,893.87,1021.44,2,E,5,N
74,805.31,1021.74,1,W,5,N
77,827.78,1022.04,1,W,5,N
41,867.02,1121.34,1,S,5,N
43,869.27,1121.64,1,S,5,N
44,877.23,1121.94,1,S,5,N
45,883.13,1122.24,1,S,5,N
46,889.31,1122.54,1,S,5,N
47,890.43,1122.84,1,S,5,N
49,899.95,1123.14,1,S,5,N