id,enter_time,exit_time,entrance_intersection,entrance_direction,exit_intersection,exit_direction
135,4.26,66.44,5,W,5,N
167,10.55,80.44,5,E,5,N
168,22.13,80.74,5,E,5,N
169,28.91,81.04,5,E,5,N
170,51.93,81.34,5,E,5,N
171,91.72,97.86,5,E,5,N
0,6.39,100.70,1,S,1,W
1,9.67,101.00,1,S,1,W
59,46.99,102.20,1,W,2,E
2,9.84,136.47,1,S,3,W
55,13.79,137.07,1,W,3,E
136,122.00,166.34,5,W,5,N
137,127.31,166.64,5,W,5,N
138,137.74,166.94,5,W,5,N
139,149.54,167.24,5,W,5,N
140,161.14,167.28,5,W,5,N
141,166.31,172.45,5,W,5,N
142,171.80,177.93,5,W,5,N
60,59.70,200.10,1,W,5,W
4,144.99,201.10,1,S,1,W
5,151.24,201.40,1,S,1,W
6,153.10,201.70,1,S,1,W
7,159.63,202.00,1,S,1,W
8,173.91,202.30,1,S,1,W
113,62.68,222.24,2,E,5,N
3,16.34,222.54,1,S,5,N
56,29.09,222.84,1,W,5,N
57,35.67,223.14,1,W,5,N
58,46.42,223.44,1,W,5,N
128,137.70,231.07,3,E,5,N
13,222.50,236.64,1,S,1,E
95,119.46,237.47,1,E,3,W
143,178.13,266.24,5,W,5,N
11,210.06,300.90,1,S,2,W
12,219.48,301.20,1,S,2,W
16,240.89,301.50,1,S,1,W
22,272.42,301.80,1,S,1,W
96,186.84,304.66,1,E,5,W
23,294.96,309.09,1,S,1,W
19,256.99,314.90,1,S,1,E
21,269.18,315.50,1,S,1,E
110,143.05,322.14,2,W,5,N
61,65.02,322.44,1,W,5,N
62,76.93,322.74,1,W,5,N
63,82.59,323.04,1,W,5,N
26,311.44,325.58,1,S,1,E
129,270.66,332.43,3,E,5,N
64,169.88,338.17,1,W,3,W
17,245.57,340.42,1,S,2,W
20,261.24,341.32,1,S,2,W
144,368.52,374.66,5,W,5,N
172,308.66,380.14,5,E,5,N
173,338.18,380.44,5,E,5,N
121,202.95,399.90,3,W,5,W
9,177.63,400.20,1,S,5,W
111,254.62,400.50,2,W,5,W
66,199.07,417.40,1,W,5,E
114,247.27,422.04,2,E,5,N
10,207.97,422.34,1,S,5,N
14,225.69,422.64,1,S,5,N
15,233.30,422.94,1,S,5,N
65,196.02,423.24,1,W,5,N
67,235.12,423.84,1,W,5,N
97,235.54,424.14,1,E,5,N
98,240.97,424.44,1,E,5,N
99,281.87,424.74,1,E,5,N
100,286.84,425.04,1,E,5,N
101,288.58,425.34,1,E,5,N
28,324.15,437.37,1,S,3,W
69,281.27,438.87,1,W,3,W
145,376.35,466.04,5,W,5,N
146,405.07,466.34,5,W,5,N
147,435.86,466.64,5,W,5,N
148,440.22,466.94,5,W,5,N
149,442.50,467.24,5,W,5,N
130,325.48,499.80,3,E,5,W
34,363.08,499.90,1,S,3,E
18,252.29,500.10,1,S,5,W
27,318.87,500.40,1,S,5,W
29,327.63,500.70,1,S,5,W
102,346.60,501.00,1,E,5,W
24,301.04,521.94,1,S,5,N
25,308.72,522.24,1,S,5,N
30,330.93,522.54,1,S,5,N
31,335.86,522.84,1,S,5,N
68,274.49,523.14,1,W,5,N
70,318.28,523.44,1,W,5,N
122,460.68,530.47,3,W,5,N
123,487.11,548.88,3,W,5,N
131,491.80,553.57,3,E,5,N
104,494.88,557.07,1,E,3,W
132,496.59,558.36,3,E,5,N
150,507.99,565.94,5,W,5,N
151,532.16,566.24,5,W,5,N
174,549.11,579.94,5,E,5,N
175,570.25,580.24,5,E,5,N
32,350.40,599.70,1,S,5,W
33,357.29,600.00,1,S,5,W
115,404.96,600.30,2,E,5,W
75,465.76,600.60,1,W,5,W
38,565.96,602.70,1,S,1,W
42,580.49,603.00,1,S,1,W
37,565.77,616.10,1,S,1,E
116,459.29,621.84,2,E,5,N
71,381.67,622.14,1,W,5,N
72,447.02,622.44,1,W,5,N
73,453.17,622.74,1,W,5,N
74,458.14,623.04,1,W,5,N
103,423.65,623.34,1,E,5,N
124,503.04,630.27,3,W,5,N
76,489.29,636.97,1,W,3,E
105,516.97,637.87,1,E,3,W
40,570.20,642.82,1,S,2,W
125,593.78,655.55,3,W,5,N
152,658.88,665.84,5,W,5,N
176,653.50,679.84,5,E,5,N
177,658.89,680.14,5,E,5,N
117,646.12,713.17,2,E,3,W
77,556.31,721.74,1,W,5,N
78,563.44,722.04,1,W,5,N
106,523.96,722.34,1,E,5,N
127,690.21,751.98,3,W,5,N
47,739.23,753.36,1,S,1,E
153,688.98,765.74,5,W,5,N
154,696.69,766.04,5,W,5,N
155,698.69,766.34,5,W,5,N
156,741.62,766.64,5,W,5,N
126,670.99,799.50,3,W,5,W
82,586.25,799.80,1,W,5,W
86,726.88,801.70,1,W,2,W
44,721.39,803.50,1,S,1,W
49,746.58,803.80,1,S,1,W
84,657.86,818.50,1,W,5,E
35,553.34,821.64,1,S,5,N
36,559.85,821.94,1,S,5,N
39,567.82,822.24,1,S,5,N
41,572.76,822.54,1,S,5,N
43,584.81,822.84,1,S,5,N
112,652.24,823.14,2,W,5,N
79,570.96,823.44,1,W,5,N
80,573.32,823.74,1,W,5,N
81,578.59,824.04,1,W,5,N
83,596.60,824.34,1,W,5,N
85,659.07,824.94,1,W,5,N
107,662.69,825.24,1,E,5,N
133,730.20,829.87,3,E,5,N
134,760.49,830.17,3,E,5,N
157,783.82,865.64,5,W,5,N
158,786.00,865.94,5,W,5,N
159,793.51,866.24,5,W,5,N
160,799.51,866.54,5,W,5,N
161,830.70,866.84,5,W,5,N
162,833.27,867.14,5,W,5,N
45,721.72,899.40,1,S,5,W
88,737.51,899.70,1,W,5,W
108,710.55,900.00,1,E,5,W
50,874.03,903.90,1,S,1,W
52,882.48,904.20,1,S,1,W
120,879.57,915.65,2,E,3,W
118,701.01,921.54,2,E,5,N
46,732.18,921.84,1,S,5,N
87,731.80,922.14,1,W,5,N
163,873.90,965.54,5,W,5,N
164,881.66,965.84,5,W,5,N
165,890.78,966.14,5,W,5,N
166,896.62,966.44,5,W,5,N
48,742.66,999.30,1,S,5,W
119,825.62,999.60,2,E,5,W
90,812.55,1015.60,1,W,5,E
89,805.39,1021.44,1,W,5,N
91,824.62,1022.04,1,W,5,N
92,838.44,1022.34,1,W,5,N
109,892.73,1022.64,1,E,5,N
93,868.91,1099.20,1,W,5,W
51,882.44,1121.34,1,S,5,N
53,888.20,1121.64,1,S,5,N
54,894.58,1121.94,1,S,5,N
94,881.87,1122.24,1,W,5,N