id,enter_time,exit_time,entrance_intersection,entrance_direction,exit_intersection,exit_direction
5,14.83,28.96,1,S,1,E
151,29.36,66.44,5,W,5,N
152,33.42,66.74,5,W,5,N
153,38.23,67.04,5,W,5,N
154,48.59,67.34,5,W,5,N
155,52.28,67.64,5,W,5,N
156,55.70,67.94,5,W,5,N
157,63.54,69.68,5,W,5,N
158,64.83,70.97,5,W,5,N
159,68.99,75.13,5,W,5,N
184,0.03,80.44,5,E,5,N
0,0.84,100.70,1,S,1,W
1,3.48,101.00,1,S,1,W
3,10.62,101.30,1,S,1,W
10,39.07,101.60,1,S,1,W
16,55.71,101.90,1,S,1,W
19,91.20,105.34,1,S,1,W
139,42.24,131.27,3,E,5,N
9,30.53,137.97,1,S,3,W
62,52.86,139.17,1,W,3,W
160,73.66,166.34,5,W,5,N
161,94.29,166.64,5,W,5,N
185,170.93,180.34,5,E,5,N
2,7.94,200.10,1,S,5,W
12,41.64,200.20,1,S,3,W
6,14.98,217.00,1,S,5,E
119,90.66,222.24,2,W,5,N
126,97.18,222.54,2,E,5,N
4,14.29,222.84,1,S,5,N
7,17.29,223.44,1,S,5,N
8,22.82,223.74,1,S,5,N
59,12.03,224.04,1,W,5,N
60,18.54,224.34,1,W,5,N
61,45.09,224.64,1,W,5,N
66,104.20,237.47,1,W,3,E
140,195.02,256.79,3,E,5,N
162,201.80,266.24,5,W,5,N
163,226.64,266.54,5,W,5,N
164,236.15,266.84,5,W,5,N
165,243.15,267.14,5,W,5,N
166,271.44,277.58,5,W,5,N
167,272.52,278.65,5,W,5,N
14,44.29,300.00,1,S,5,W
17,77.47,300.30,1,S,5,W
18,78.20,300.60,1,S,5,W
64,95.47,300.90,1,W,5,W
101,115.65,301.20,1,E,5,W
63,92.10,317.80,1,W,5,E
11,39.09,322.14,1,S,5,N
13,42.95,322.44,1,S,5,N
15,49.69,322.74,1,S,5,N
127,179.44,323.04,2,E,5,N
120,180.35,323.34,2,W,5,N
121,184.79,323.64,2,W,5,N
65,100.48,324.24,1,W,5,N
102,165.09,324.54,1,E,5,N
141,223.52,330.87,3,E,5,N
133,266.48,330.87,3,W,5,N
168,297.87,366.14,5,W,5,N
169,302.18,366.44,5,W,5,N
186,388.23,394.36,5,E,5,N
142,253.70,399.90,3,E,5,W
134,277.77,400.20,3,W,5,W
67,168.00,400.50,1,W,5,W
103,243.67,400.80,1,E,5,W
76,293.00,401.60,1,W,2,W
24,380.06,401.90,1,S,1,W
26,385.85,402.20,1,S,1,W
104,286.68,404.51,1,E,5,W
21,237.28,416.20,1,S,5,E
20,233.04,422.04,1,S,5,N
68,172.55,422.64,1,W,5,N
69,174.36,422.94,1,W,5,N
70,174.60,423.24,1,W,5,N
71,203.08,423.54,1,W,5,N
72,207.43,423.84,1,W,5,N
105,301.02,424.97,1,E,5,N
135,307.74,430.67,3,W,5,N
143,315.48,430.67,3,E,5,N
78,330.88,438.27,1,W,3,E
170,435.61,466.04,5,W,5,N
171,442.37,466.34,5,W,5,N
172,456.46,466.64,5,W,5,N
187,408.35,480.04,5,E,5,N
188,428.50,480.34,5,E,5,N
189,440.08,480.64,5,E,5,N
122,323.22,499.80,2,W,5,W
128,378.77,500.10,2,E,5,W
74,280.94,500.40,1,W,5,W
106,321.00,500.70,1,E,5,W
107,324.85,501.00,1,E,5,W
108,348.88,501.30,1,E,5,W
79,355.52,517.30,1,W,5,E
109,357.31,517.60,1,E,5,E
22,241.24,521.94,1,S,5,N
123,377.48,522.24,2,W,5,N
73,273.66,522.54,1,W,5,N
75,287.09,522.84,1,W,5,N
77,320.33,523.14,1,W,5,N
110,361.42,524.04,1,E,5,N
80,384.90,536.87,1,W,3,E
112,488.46,550.65,1,E,3,E
173,495.42,565.94,5,W,5,N
174,500.61,566.24,5,W,5,N
175,564.07,570.21,5,W,5,N
176,571.00,577.14,5,W,5,N
23,379.85,599.70,1,S,5,W
27,388.44,600.00,1,S,5,W
28,388.62,600.30,1,S,5,W
129,420.78,600.60,2,E,5,W
84,462.12,600.90,1,W,5,W
29,559.19,602.70,1,S,1,W
33,576.92,603.00,1,S,1,W
35,586.31,603.30,1,S,1,W
36,595.68,609.82,1,S,1,W
111,471.54,616.90,1,E,5,E
25,380.69,621.84,1,S,5,N
81,391.56,622.14,1,W,5,N
82,450.73,622.44,1,W,5,N
83,456.66,622.74,1,W,5,N
145,541.37,630.57,3,E,5,N
146,547.13,630.87,3,E,5,N
85,472.56,636.97,1,W,3,E
136,590.48,652.25,3,W,5,N
177,632.51,665.84,5,W,5,N
178,670.70,676.84,5,W,5,N
190,651.79,679.84,5,E,5,N
144,504.49,699.60,3,E,5,W
147,551.48,699.90,3,E,5,W
113,526.14,700.20,1,E,5,W
191,695.89,702.02,5,E,5,N
38,607.91,703.10,1,S,1,W
39,611.74,703.40,1,S,1,W
124,507.00,721.74,2,W,5,N
130,532.85,722.04,2,E,5,N
86,534.68,722.34,1,W,5,N
87,588.70,737.37,1,W,3,E
179,675.73,765.74,5,W,5,N
180,731.31,766.04,5,W,5,N
32,571.57,799.50,1,S,5,W
131,679.04,799.80,2,E,5,W
37,607.22,800.10,1,S,5,W
114,630.15,800.40,1,E,5,W
115,649.98,800.70,1,E,5,W
116,677.92,817.00,1,E,5,E
40,804.93,819.06,1,S,1,E
30,566.23,821.64,1,S,5,N
31,566.88,821.94,1,S,5,N
34,580.55,822.24,1,S,5,N
88,595.73,822.54,1,W,5,N
89,628.49,822.84,1,W,5,N
149,746.79,830.17,3,E,5,N
49,838.79,852.93,1,S,1,E
181,846.83,865.64,5,W,5,N
182,850.85,865.94,5,W,5,N
183,864.87,871.01,5,W,5,N
148,717.89,899.40,3,E,5,W
150,785.21,899.70,3,E,5,W
90,688.93,900.00,1,W,5,W
43,817.13,903.90,1,S,1,W
45,820.67,904.20,1,S,1,W
50,851.88,904.50,1,S,1,W
52,854.73,904.80,1,S,1,W
54,865.78,917.30,1,S,1,E
56,879.76,917.90,1,S,1,E
58,890.14,918.50,1,S,1,E
137,817.78,929.67,3,W,5,N
91,780.07,939.07,1,W,3,E
53,859.92,943.12,1,S,2,E
138,833.30,999.30,3,W,5,W
42,815.77,999.60,1,S,5,W
46,821.48,999.90,1,S,5,W
47,822.34,1000.20,1,S,5,W
92,785.86,1000.50,1,W,5,W
94,829.57,1000.80,1,W,5,W
117,866.62,1001.10,1,E,5,W
118,872.35,1001.40,1,E,5,W
125,810.73,1021.44,2,W,5,N
132,836.10,1021.74,2,E,5,N
41,810.49,1022.04,1,S,5,N
44,819.18,1022.34,1,S,5,N
48,828.37,1022.64,1,S,5,N
93,826.80,1022.94,1,W,5,N
95,865.50,1023.24,1,W,5,N
51,853.87,1099.20,1,S,5,W
55,871.74,1099.50,1,S,5,W
57,884.96,1099.80,1,S,5,W
97,885.14,1100.10,1,W,5,W
100,894.10,1100.40,1,W,5,W
96,879.96,1121.34,1,W,5,N
98,886.17,1121.64,1,W,5,N
99,893.00,1121.94,1,W,5,N