id,enter_time,exit_time,entrance_intersection,entrance_direction,exit_intersection,exit_direction
121,7.83,66.44,5,W,5,N
122,41.95,66.74,5,W,5,N
123,44.70,67.04,5,W,5,N
124,69.47,75.61,5,W,5,N
125,72.95,79.08,5,W,5,N
0,6.62,100.70,1,S,1,W
1,9.06,101.00,1,S,1,W
6,45.25,101.30,1,S,1,W
87,20.78,137.37,1,E,3,W
126,77.68,166.34,5,W,5,N
127,140.78,166.64,5,W,5,N
128,142.58,166.94,5,W,5,N
129,168.90,175.03,5,W,5,N
2,17.02,200.10,1,S,5,W
3,32.45,200.40,1,S,5,W
98,59.14,222.24,2,W,5,N
86,14.31,222.54,1,E,5,N
88,23.36,222.84,1,E,5,N
130,176.76,266.24,5,W,5,N
131,177.60,266.54,5,W,5,N
132,183.94,266.84,5,W,5,N
133,191.58,267.14,5,W,5,N
134,197.01,267.44,5,W,5,N
135,201.25,267.74,5,W,5,N
136,241.69,268.04,5,W,5,N
137,246.24,268.34,5,W,5,N
138,264.63,270.76,5,W,5,N
161,216.27,280.24,5,E,5,N
162,287.77,293.90,5,E,5,N
163,293.12,299.25,5,E,5,N
112,132.12,300.00,3,E,5,W
113,186.60,300.30,3,E,5,W
99,114.98,300.60,2,W,5,W
89,181.01,300.90,1,E,5,W
10,217.27,301.20,1,S,2,W
12,230.57,301.50,1,S,1,W
17,253.12,301.80,1,S,1,W
19,275.27,315.50,1,S,1,E
7,52.76,316.60,1,S,5,E
4,38.58,322.14,1,S,5,N
5,40.28,322.44,1,S,5,N
103,179.25,323.04,2,E,5,N
65,77.79,323.34,1,W,5,N
66,83.33,323.64,1,W,5,N
67,108.55,323.94,1,W,5,N
114,226.44,330.87,3,E,5,N
68,170.07,338.17,1,W,3,W
108,277.52,339.29,3,W,5,N
139,317.57,366.14,5,W,5,N
164,335.95,380.14,5,E,5,N
115,252.61,399.90,3,E,5,W
20,281.31,400.70,1,S,3,W
21,291.45,401.00,1,S,3,W
25,337.08,401.90,1,S,1,W
26,343.02,402.20,1,S,1,W
29,367.78,415.30,1,S,1,E
8,209.23,422.04,1,S,5,N
9,213.88,422.34,1,S,5,N
11,225.09,422.64,1,S,5,N
13,237.27,422.94,1,S,5,N
90,258.56,423.24,1,E,5,N
109,357.27,430.67,3,W,5,N
27,350.58,440.82,1,S,2,W
140,373.91,466.04,5,W,5,N
141,429.24,466.34,5,W,5,N
142,436.32,466.64,5,W,5,N
143,440.91,466.94,5,W,5,N
144,447.70,467.24,5,W,5,N
145,450.92,467.54,5,W,5,N
146,451.36,467.84,5,W,5,N
147,455.96,468.14,5,W,5,N
91,298.43,499.80,1,E,5,W
92,341.76,500.10,1,E,5,W
22,298.20,517.00,1,S,5,E
14,245.04,521.94,1,S,5,N
15,246.63,522.24,1,S,5,N
16,252.38,522.54,1,S,5,N
18,258.95,522.84,1,S,5,N
104,319.13,523.44,2,E,5,N
105,388.46,523.74,2,E,5,N
23,320.65,524.04,1,S,5,N
24,332.89,524.34,1,S,5,N
69,271.86,524.64,1,W,5,N
70,277.74,524.94,1,W,5,N
71,362.31,525.24,1,W,5,N
93,350.27,525.54,1,E,5,N
117,430.10,530.77,3,E,5,N
72,385.55,536.87,1,W,3,W
148,542.43,565.94,5,W,5,N
149,566.76,572.90,5,W,5,N
165,507.10,579.94,5,E,5,N
166,579.55,585.69,5,E,5,N
116,423.78,599.70,3,E,5,W
28,355.50,600.00,1,S,5,W
73,451.97,600.30,1,W,5,W
31,517.66,601.20,1,S,2,W
32,528.62,602.70,1,S,1,W
33,558.51,603.00,1,S,1,W
37,589.19,603.33,1,S,1,W
38,596.86,611.00,1,S,1,W
106,574.60,613.07,2,E,3,W
100,490.24,621.84,2,W,5,N
110,595.45,657.22,3,W,5,N
150,575.29,665.84,5,W,5,N
151,618.89,666.14,5,W,5,N
101,549.51,699.60,2,W,5,W
74,515.17,699.90,1,W,5,W
50,660.41,703.10,1,S,1,W
75,552.26,716.20,1,W,5,E
102,585.89,721.74,2,W,5,N
30,512.83,722.04,1,S,5,N
76,559.26,722.64,1,W,5,N
118,626.93,730.07,3,E,5,N
152,683.98,765.74,5,W,5,N
153,688.96,766.04,5,W,5,N
154,694.35,766.34,5,W,5,N
155,702.36,766.64,5,W,5,N
156,704.93,766.94,5,W,5,N
167,753.26,779.74,5,E,5,N
36,566.21,799.50,1,S,5,W
40,608.07,799.80,1,S,5,W
41,613.84,800.10,1,S,5,W
46,637.75,800.40,1,S,5,W
77,625.67,800.70,1,W,5,W
81,748.02,801.70,1,W,2,E
34,559.00,821.64,1,S,5,N
35,560.33,821.94,1,S,5,N
39,601.96,822.24,1,S,5,N
42,617.01,822.54,1,S,5,N
43,619.75,822.84,1,S,5,N
44,626.77,823.14,1,S,5,N
45,631.01,823.44,1,S,5,N
78,650.52,823.74,1,W,5,N
94,622.25,824.04,1,E,5,N
95,659.68,824.34,1,E,5,N
119,759.37,829.87,3,E,5,N
157,779.55,865.64,5,W,5,N
158,783.02,865.94,5,W,5,N
159,825.47,866.24,5,W,5,N
160,833.36,866.54,5,W,5,N
49,656.57,899.40,1,S,5,W
51,665.23,899.70,1,S,5,W
54,681.88,900.00,1,S,5,W
80,711.06,900.30,1,W,5,W
82,815.45,902.40,1,W,2,E
83,843.99,902.70,1,W,2,W
79,699.01,916.90,1,W,5,E
61,868.88,917.30,1,S,1,E
47,641.98,921.54,1,S,5,N
48,649.85,921.84,1,S,5,N
52,666.76,922.14,1,S,5,N
53,674.53,922.44,1,S,5,N
107,715.49,922.74,2,E,5,N
96,768.35,923.34,1,E,5,N
111,858.36,929.67,3,W,5,N
120,798.85,929.67,3,E,5,N
62,874.11,998.90,1,S,3,E
57,835.74,999.30,1,S,5,W
55,834.98,1021.44,1,S,5,N
56,835.21,1021.74,1,S,5,N
58,837.94,1022.04,1,S,5,N
84,850.63,1022.34,1,W,5,N
85,854.87,1022.64,1,W,5,N
97,879.05,1022.94,1,E,5,N
59,861.83,1099.20,1,S,5,W
64,875.38,1099.50,1,S,5,W
60,862.96,1115.20,1,S,5,E
63,874.60,1121.64,1,S,5,N