id,enter_time,exit_time,entrance_intersection,entrance_direction,exit_intersection,exit_direction
151,6.41,80.44,5,E,5,N
5,35.25,100.70,1,S,1,W
7,39.27,101.00,1,S,1,W
9,50.08,101.30,1,S,1,W
109,71.82,133.59,3,E,5,N
10,53.11,139.92,1,S,2,W
116,147.45,166.34,5,W,5,N
117,151.51,166.64,5,W,5,N
118,158.59,166.94,5,W,5,N
152,168.04,180.34,5,E,5,N
108,67.20,200.10,3,E,5,W
92,54.88,200.40,2,W,5,W
0,6.19,222.24,1,S,5,N
1,13.47,222.54,1,S,5,N
2,14.33,222.84,1,S,5,N
3,17.65,223.14,1,S,5,N
4,20.75,223.44,1,S,5,N
6,35.99,223.74,1,S,5,N
50,43.98,224.04,1,W,5,N
79,37.28,224.34,1,E,5,N
14,212.79,226.92,1,S,1,E
119,199.23,266.24,5,W,5,N
120,262.87,269.01,5,W,5,N
121,267.30,273.43,5,W,5,N
54,93.39,300.00,1,W,5,W
55,153.75,300.30,1,W,5,W
80,147.09,300.60,1,E,5,W
15,224.50,300.90,1,S,2,W
18,232.29,301.50,1,S,1,W
57,186.42,302.40,1,W,2,W
20,244.33,314.30,1,S,1,E
8,45.52,316.00,1,S,5,E
95,135.58,322.44,2,E,5,N
51,79.91,322.74,1,W,5,N
52,84.51,323.04,1,W,5,N
53,90.12,323.34,1,W,5,N
110,232.08,330.87,3,E,5,N
102,209.23,330.87,3,W,5,N
111,255.10,331.17,3,E,5,N
122,277.97,366.14,5,W,5,N
123,288.93,366.44,5,W,5,N
124,297.88,366.74,5,W,5,N
125,320.33,367.04,5,W,5,N
153,336.83,380.14,5,E,5,N
154,368.39,380.44,5,E,5,N
155,375.75,381.88,5,E,5,N
13,205.14,399.90,1,S,5,W
16,224.80,400.20,1,S,5,W
19,236.37,400.50,1,S,5,W
59,199.95,400.80,1,W,5,W
23,392.11,406.25,1,S,1,W
96,204.93,416.50,2,E,5,E
83,393.62,419.73,1,E,2,E
11,195.11,422.04,1,S,5,N
12,199.02,422.34,1,S,5,N
17,226.37,422.94,1,S,5,N
56,179.00,423.24,1,W,5,N
58,192.26,423.54,1,W,5,N
60,204.15,423.84,1,W,5,N
84,397.81,423.93,1,E,2,W
61,209.84,424.14,1,W,5,N
81,220.68,424.44,1,E,5,N
82,251.20,424.74,1,E,5,N
113,345.40,430.97,3,E,5,N
25,396.66,441.12,1,S,2,E
126,404.86,466.04,5,W,5,N
127,410.91,466.34,5,W,5,N
128,437.41,466.64,5,W,5,N
129,467.30,473.44,5,W,5,N
112,314.81,499.80,3,E,5,W
22,259.06,500.10,1,S,5,W
97,397.39,500.40,2,E,5,W
62,301.02,500.70,1,W,5,W
67,399.32,502.00,1,W,2,W
21,246.26,521.94,1,S,5,N
103,443.17,530.47,3,W,5,N
65,389.78,537.47,1,W,3,E
85,459.49,538.97,1,E,3,W
130,473.10,565.94,5,W,5,N
131,523.00,566.24,5,W,5,N
132,526.43,566.54,5,W,5,N
133,534.02,566.84,5,W,5,N
134,538.71,567.14,5,W,5,N
24,392.31,599.70,1,S,5,W
93,424.33,600.00,2,W,5,W
66,392.30,600.30,1,W,5,W
68,404.07,600.60,1,W,5,W
156,595.20,601.34,5,E,5,N
26,552.81,602.70,1,S,1,W
29,579.38,603.00,1,S,1,W
98,498.36,621.84,2,E,5,N
63,382.76,622.14,1,W,5,N
64,389.32,622.44,1,W,5,N
69,410.39,622.74,1,W,5,N
86,481.57,623.04,1,E,5,N
114,548.87,630.27,3,E,5,N
105,520.26,630.57,3,W,5,N
70,476.97,636.97,1,W,3,W
135,601.60,665.84,5,W,5,N
136,607.30,666.14,5,W,5,N
137,613.23,666.44,5,W,5,N
138,623.91,666.74,5,W,5,N
139,634.95,667.04,5,W,5,N
140,637.30,667.34,5,W,5,N
141,638.12,667.64,5,W,5,N
142,640.31,667.94,5,W,5,N
104,515.00,699.60,3,W,5,W
71,482.51,699.90,1,W,5,W
33,604.48,703.10,1,S,1,W
72,536.13,721.74,1,W,5,N
87,549.73,722.04,1,E,5,N
88,619.28,737.37,1,E,3,E
143,682.13,765.74,5,W,5,N
144,692.92,766.04,5,W,5,N
145,699.77,766.34,5,W,5,N
146,701.16,766.64,5,W,5,N
147,705.95,766.94,5,W,5,N
148,747.12,767.24,5,W,5,N
149,755.98,767.54,5,W,5,N
28,576.81,799.50,1,S,5,W
32,601.99,799.80,1,S,5,W
73,618.05,800.10,1,W,5,W
41,723.50,803.50,1,S,1,W
27,570.52,821.64,1,S,5,N
30,587.25,821.94,1,S,5,N
31,589.34,822.24,1,S,5,N
99,677.80,822.54,2,E,5,N
106,721.46,829.87,3,W,5,N
77,723.67,838.97,1,W,3,W
115,782.59,844.36,3,E,5,N
150,810.40,865.64,5,W,5,N
157,803.25,879.64,5,E,5,N
158,851.55,879.94,5,E,5,N
159,891.10,897.23,5,E,5,N
75,702.36,899.40,1,W,5,W
76,716.38,899.70,1,W,5,W
42,731.05,917.50,1,S,5,E
34,685.04,921.54,1,S,5,N
35,687.01,921.84,1,S,5,N
36,689.78,922.14,1,S,5,N
37,697.11,922.44,1,S,5,N
38,704.14,922.74,1,S,5,N
39,711.83,923.04,1,S,5,N
40,717.23,923.34,1,S,5,N
74,695.37,923.94,1,W,5,N
91,885.12,947.31,1,E,3,W
107,800.10,999.30,3,W,5,W
44,746.34,999.60,1,S,5,W
45,747.71,999.90,1,S,5,W
46,754.48,1000.20,1,S,5,W
47,760.27,1000.50,1,S,5,W
48,764.20,1000.80,1,S,5,W
49,768.62,1001.10,1,S,5,W
78,809.02,1001.40,1,W,5,W
90,857.17,1016.80,1,E,5,E
43,745.12,1021.44,1,S,5,N
94,806.82,1021.74,2,W,5,N
100,823.02,1022.04,2,E,5,N
101,899.38,1022.34,2,E,5,N
89,833.52,1022.64,1,E,5,N