id,enter_time,exit_time,entrance_intersection,entrance_direction,exit_intersection,exit_direction
0,2.60,42.85,1,S,2,W
133,5.10,66.44,5,W,5,N
134,8.76,66.74,5,W,5,N
135,19.90,67.04,5,W,5,N
2,92.90,107.04,1,S,1,W
125,53.11,131.27,3,E,5,N
117,54.15,131.57,3,W,5,N
126,82.44,144.21,3,E,5,N
136,75.55,166.34,5,W,5,N
137,83.24,166.64,5,W,5,N
138,90.80,166.94,5,W,5,N
139,131.54,167.24,5,W,5,N
140,157.25,167.54,5,W,5,N
141,161.76,167.89,5,W,5,N
142,169.59,175.72,5,W,5,N
143,170.24,176.38,5,W,5,N
163,163.51,180.34,5,E,5,N
164,165.82,180.64,5,E,5,N
165,166.37,180.94,5,E,5,N
116,11.34,200.10,3,W,5,W
118,58.64,200.40,3,W,5,W
105,73.17,200.70,2,W,5,W
104,19.45,222.24,2,W,5,N
106,76.25,222.54,2,W,5,N
83,135.06,238.07,1,E,3,E
144,180.47,266.24,5,W,5,N
145,180.51,266.54,5,W,5,N
146,210.22,266.84,5,W,5,N
147,217.06,267.14,5,W,5,N
148,223.14,267.44,5,W,5,N
149,228.39,267.74,5,W,5,N
150,229.77,268.04,5,W,5,N
166,229.31,280.24,5,E,5,N
167,260.91,280.54,5,E,5,N
4,127.73,300.00,1,S,5,W
5,129.04,300.30,1,S,5,W
53,76.33,300.60,1,W,5,W
54,83.81,300.90,1,W,5,W
84,153.71,301.20,1,E,5,W
85,166.94,301.50,1,E,5,W
1,89.32,322.14,1,S,5,N
3,99.56,322.44,1,S,5,N
111,184.97,322.74,2,E,5,N
107,186.46,323.04,2,W,5,N
55,137.00,323.34,1,W,5,N
127,206.85,324.73,3,E,5,E
151,287.93,366.14,5,W,5,N
152,295.10,366.44,5,W,5,N
153,355.80,366.74,5,W,5,N
154,362.05,368.19,5,W,5,N
168,356.05,380.14,5,E,5,N
169,378.42,384.56,5,E,5,N
57,294.64,400.70,1,W,2,E
90,325.75,401.60,1,E,2,W
11,369.63,401.90,1,S,1,W
17,392.34,406.48,1,S,1,W
18,398.44,417.40,1,S,1,E
56,204.79,422.04,1,W,5,N
86,240.29,422.34,1,E,5,N
87,265.61,422.64,1,E,5,N
119,306.19,430.67,3,W,5,N
6,276.49,499.80,1,S,5,W
89,318.32,500.10,1,E,5,W
91,384.03,501.85,1,E,5,W
26,429.28,502.00,1,S,2,W
24,425.69,502.30,1,S,1,W
28,431.49,502.60,1,S,1,W
36,459.77,502.90,1,S,1,W
108,320.15,521.94,2,W,5,N
112,379.91,522.24,2,E,5,N
88,304.17,522.54,1,E,5,N
129,438.69,530.77,3,E,5,N
60,464.44,539.57,1,W,3,E
155,494.19,565.94,5,W,5,N
156,522.24,566.24,5,W,5,N
157,532.39,566.54,5,W,5,N
128,432.37,599.70,3,E,5,W
120,414.93,600.00,3,W,5,W
130,444.40,600.30,3,E,5,W
7,356.93,600.60,1,S,5,W
14,385.56,600.90,1,S,5,W
15,386.33,601.20,1,S,5,W
170,595.28,601.41,5,E,5,N
19,399.78,601.50,1,S,5,W
22,415.75,601.80,1,S,5,W
25,429.06,602.10,1,S,5,W
171,595.97,602.10,5,E,5,N
94,445.64,602.40,1,E,5,W
96,462.16,602.70,1,E,5,W
16,387.09,617.20,1,S,5,E
20,401.76,617.50,1,S,5,E
8,357.36,621.84,1,S,5,N
9,360.75,622.14,1,S,5,N
10,369.33,622.44,1,S,5,N
12,375.86,622.74,1,S,5,N
13,379.03,623.04,1,S,5,N
109,440.99,623.94,2,W,5,N
21,410.61,624.24,1,S,5,N
23,418.46,624.54,1,S,5,N
27,429.51,624.84,1,S,5,N
29,436.52,625.14,1,S,5,N
58,381.52,625.44,1,W,5,N
59,385.83,625.74,1,W,5,N
92,415.30,626.04,1,E,5,N
93,437.34,626.34,1,E,5,N
95,452.40,626.64,1,E,5,N
97,497.39,626.94,1,E,5,N
40,618.09,632.23,1,S,1,E
158,573.32,665.84,5,W,5,N
159,577.27,666.14,5,W,5,N
160,584.09,666.44,5,W,5,N
172,625.94,679.84,5,E,5,N
173,644.26,680.14,5,E,5,N
30,441.08,699.60,1,S,5,W
34,453.93,699.90,1,S,5,W
62,538.65,700.20,1,W,5,W
99,512.31,700.50,1,E,5,W
100,532.96,700.80,1,E,5,W
66,599.12,701.90,1,W,2,E
42,620.46,703.10,1,S,1,W
43,636.51,703.40,1,S,1,W
45,648.28,703.70,1,S,1,W
31,448.35,721.74,1,S,5,N
32,448.88,722.04,1,S,5,N
33,451.70,722.34,1,S,5,N
35,457.41,722.64,1,S,5,N
113,556.44,722.94,2,E,5,N
61,472.14,723.24,1,W,5,N
63,552.33,723.54,1,W,5,N
64,554.18,723.84,1,W,5,N
98,506.30,724.14,1,E,5,N
131,659.81,730.07,3,E,5,N
121,650.53,730.07,3,W,5,N
41,618.23,737.37,1,S,3,E
67,604.82,738.27,1,W,3,E
161,714.42,765.74,5,W,5,N
174,757.67,779.74,5,E,5,N
175,759.48,780.04,5,E,5,N
176,790.37,796.50,5,E,5,N
37,599.07,799.50,1,S,5,W
101,605.92,799.80,1,E,5,W
74,754.87,802.60,1,W,2,E
48,784.82,803.50,1,S,1,W
38,604.43,821.64,1,S,5,N
39,615.98,821.94,1,S,5,N
65,597.34,822.24,1,W,5,N
68,658.63,822.54,1,W,5,N
122,767.88,829.65,3,W,5,N
70,688.38,837.47,1,W,3,W
75,767.21,838.97,1,W,3,W
162,820.70,865.64,5,W,5,N
44,639.55,899.40,1,S,5,W
69,680.48,899.70,1,W,5,W
71,696.03,900.00,1,W,5,W
73,749.47,900.30,1,W,5,W
103,783.45,901.27,1,E,5,W
114,718.96,921.54,2,E,5,N
72,734.94,921.84,1,W,5,N
102,779.36,922.14,1,E,5,N
123,884.53,946.30,3,W,5,N
124,886.80,948.57,3,W,5,N
132,894.66,956.43,3,E,5,N
110,822.63,999.30,2,W,5,W
115,897.46,999.60,2,E,5,W
79,836.01,999.90,1,W,5,W
80,843.46,1000.20,1,W,5,W
52,801.42,1016.80,1,S,5,E
46,773.21,1021.44,1,S,5,N
47,779.34,1021.74,1,S,5,N
49,786.63,1022.04,1,S,5,N
50,793.60,1022.34,1,S,5,N
51,794.75,1022.64,1,S,5,N
76,819.91,1023.24,1,W,5,N
77,824.17,1023.54,1,W,5,N
78,829.83,1023.84,1,W,5,N
81,870.55,1099.20,1,W,5,W
82,878.00,1121.34,1,W,5,N