id,enter_time,exit_time,entrance_intersection,entrance_direction,exit_intersection,exit_direction
2,9.36,23.49,1,S,1,E
148,4.96,80.44,5,E,5,N
149,38.82,80.74,5,E,5,N
0,0.84,100.70,1,S,1,W
105,28.78,126.03,3,E,5,E
95,10.47,131.27,3,W,5,N
103,14.26,131.57,3,E,5,N
104,21.60,131.87,3,E,5,N
3,16.44,136.77,1,S,3,W
115,141.74,166.34,5,W,5,N
116,170.67,176.80,5,W,5,N
102,7.02,200.10,3,E,5,W
7,28.41,200.40,1,S,5,W
72,21.90,200.70,1,E,5,W
74,41.15,201.00,1,E,5,W
11,192.11,214.80,1,S,1,E
1,6.92,222.24,1,S,5,N
4,26.31,222.54,1,S,5,N
5,26.38,222.84,1,S,5,N
6,28.10,223.14,1,S,5,N
32,6.14,223.44,1,W,5,N
71,4.13,223.74,1,E,5,N
73,33.97,224.04,1,E,5,N
18,217.22,231.35,1,S,1,E
34,78.87,236.87,1,W,3,E
10,184.70,240.62,1,S,2,W
117,178.62,266.24,5,W,5,N
118,243.05,266.54,5,W,5,N
119,250.19,266.84,5,W,5,N
33,65.04,300.00,1,W,5,W
36,89.97,300.30,1,W,5,W
13,199.24,301.50,1,S,1,W
16,204.41,301.80,1,S,1,W
90,182.81,322.14,2,E,5,N
35,85.60,322.44,1,W,5,N
37,119.38,322.74,1,W,5,N
96,226.60,330.87,3,W,5,N
40,221.14,337.57,1,W,3,W
120,369.49,375.62,5,W,5,N
121,371.10,377.24,5,W,5,N
150,332.23,380.14,5,E,5,N
106,234.34,399.90,3,E,5,W
8,177.72,400.20,1,S,5,W
15,204.36,400.50,1,S,5,W
39,192.69,400.80,1,W,5,W
20,386.13,401.90,1,S,1,W
76,226.95,418.00,1,E,5,E
9,180.88,422.04,1,S,5,N
12,196.59,422.34,1,S,5,N
14,200.48,422.64,1,S,5,N
17,211.68,422.94,1,S,5,N
38,182.18,423.24,1,W,5,N
41,228.26,423.54,1,W,5,N
75,215.43,423.84,1,E,5,N
97,346.38,430.67,3,W,5,N
42,314.53,436.77,1,W,3,W
44,335.20,437.37,1,W,3,W
107,379.46,441.23,3,E,5,N
122,375.17,466.04,5,W,5,N
123,379.36,466.34,5,W,5,N
124,437.51,466.64,5,W,5,N
125,445.01,466.94,5,W,5,N
126,450.85,467.24,5,W,5,N
127,454.04,467.54,5,W,5,N
128,460.08,467.84,5,W,5,N
129,463.70,469.84,5,W,5,N
91,358.01,499.80,2,E,5,W
83,383.96,500.10,2,W,5,W
43,321.15,500.40,1,W,5,W
108,417.82,530.47,3,E,5,N
130,507.28,565.94,5,W,5,N
131,558.24,566.24,5,W,5,N
132,563.23,569.36,5,W,5,N
133,569.89,576.02,5,W,5,N
151,523.55,579.94,5,E,5,N
152,536.91,580.24,5,E,5,N
153,542.99,580.54,5,E,5,N
98,461.82,599.70,3,W,5,W
99,480.78,600.00,3,W,5,W
92,459.55,600.30,2,E,5,W
84,478.41,600.60,2,W,5,W
22,406.87,600.90,1,S,5,W
48,450.25,601.20,1,W,5,W
50,462.56,601.50,1,W,5,W
46,441.81,616.60,1,W,5,E
19,377.83,621.84,1,S,5,N
21,400.22,622.14,1,S,5,N
45,402.74,622.44,1,W,5,N
47,444.21,623.04,1,W,5,N
49,455.99,623.34,1,W,5,N
77,477.55,623.64,1,E,5,N
109,540.21,624.13,3,E,5,E
134,575.66,665.84,5,W,5,N
135,671.99,678.13,5,W,5,N
154,612.90,679.84,5,E,5,N
155,680.75,686.89,5,E,5,N
78,500.61,699.60,1,E,5,W
51,469.32,699.90,1,W,5,W
54,543.31,700.20,1,W,5,W
55,553.31,700.50,1,W,5,W
58,652.83,701.60,1,W,2,W
156,697.81,703.95,5,E,5,N
79,570.95,716.50,1,E,5,E
85,532.81,721.74,2,W,5,N
52,530.66,722.04,1,W,5,N
53,535.48,722.34,1,W,5,N
80,576.78,722.94,1,E,5,N
110,611.19,730.07,3,E,5,N
136,697.33,765.74,5,W,5,N
137,771.72,777.86,5,W,5,N
157,723.97,779.74,5,E,5,N
158,744.87,780.04,5,E,5,N
159,750.73,780.34,5,E,5,N
27,573.45,799.50,1,S,5,W
29,581.59,799.80,1,S,5,W
93,653.29,800.10,2,E,5,W
56,629.62,800.40,1,W,5,W
60,665.15,800.70,1,W,5,W
23,556.71,821.64,1,S,5,N
24,558.52,821.94,1,S,5,N
25,564.15,822.24,1,S,5,N
26,570.56,822.54,1,S,5,N
28,575.15,822.84,1,S,5,N
86,660.90,823.14,2,W,5,N
57,631.16,823.44,1,W,5,N
59,659.55,823.74,1,W,5,N
100,713.75,829.87,3,W,5,N
111,779.66,841.43,3,E,5,N
138,778.88,865.64,5,W,5,N
139,803.74,865.94,5,W,5,N
140,833.53,866.24,5,W,5,N
141,839.03,866.54,5,W,5,N
142,845.26,866.84,5,W,5,N
143,850.49,867.14,5,W,5,N
144,857.54,867.44,5,W,5,N
145,866.11,872.25,5,W,5,N
160,870.57,879.64,5,E,5,N
161,892.00,898.13,5,E,5,N
112,786.26,899.40,3,E,5,W
113,793.80,899.70,3,E,5,W
63,787.64,901.50,1,W,2,E
82,828.03,903.90,1,E,2,E
94,851.11,913.37,2,E,3,W
87,705.69,921.54,2,W,5,N
88,707.17,921.84,2,W,5,N
61,669.21,922.14,1,W,5,N
81,771.27,922.44,1,E,5,N
114,857.79,923.53,3,E,5,E
101,822.36,923.53,3,W,5,E
146,875.36,965.54,5,W,5,N
147,876.77,965.84,5,W,5,N
89,861.74,999.30,2,W,5,W
65,802.12,999.60,1,W,5,W
66,815.03,999.90,1,W,5,W
67,828.74,1000.20,1,W,5,W
68,835.75,1016.50,1,W,5,E
69,843.69,1016.80,1,W,5,E
70,847.97,1017.10,1,W,5,E
30,765.78,1021.44,1,S,5,N
31,769.58,1021.74,1,S,5,N
62,773.12,1022.04,1,W,5,N
64,794.24,1022.34,1,W,5,N