id,enter_time,exit_time,entrance_intersection,entrance_direction,exit_intersection,exit_direction
120,6.64,66.44,5,W,5,N
121,16.77,66.74,5,W,5,N
122,32.70,67.04,5,W,5,N
123,37.46,67.34,5,W,5,N
124,67.45,73.58,5,W,5,N
125,72.02,78.15,5,W,5,N
155,19.55,80.44,5,E,5,N
0,2.61,100.70,1,S,1,W
126,84.00,166.34,5,W,5,N
127,140.49,166.64,5,W,5,N
128,143.45,166.94,5,W,5,N
129,152.80,167.24,5,W,5,N
130,159.95,167.54,5,W,5,N
131,164.04,170.18,5,W,5,N
97,26.30,200.10,2,W,5,W
98,55.77,200.40,2,W,5,W
83,20.03,200.70,1,E,5,W
5,165.76,201.10,1,S,1,W
60,125.92,201.70,1,W,2,E
1,17.15,222.24,1,S,5,N
84,73.42,222.54,1,E,5,N
85,82.24,222.84,1,E,5,N
3,163.24,240.32,1,S,2,E
156,230.54,280.24,5,E,5,N
157,234.85,280.54,5,E,5,N
158,238.72,280.84,5,E,5,N
159,245.02,281.14,5,E,5,N
160,282.35,288.49,5,E,5,N
115,138.91,300.00,3,E,5,W
108,111.76,300.30,3,W,5,W
56,71.21,300.60,1,W,5,W
8,181.09,300.90,1,S,3,W
12,292.86,314.90,1,S,1,E
102,198.70,322.14,2,E,5,N
57,109.86,322.44,1,W,5,N
58,116.88,322.74,1,W,5,N
59,121.59,323.04,1,W,5,N
62,195.77,336.97,1,W,3,W
132,322.57,366.14,5,W,5,N
133,353.56,366.44,5,W,5,N
161,303.60,380.14,5,E,5,N
162,308.18,380.44,5,E,5,N
163,309.09,380.74,5,E,5,N
10,283.09,399.50,1,S,3,W
65,215.67,399.90,1,W,5,W
86,283.38,401.21,1,E,5,W
2,161.80,422.04,1,S,5,N
4,163.81,422.34,1,S,5,N
6,172.61,422.64,1,S,5,N
7,172.69,422.94,1,S,5,N
9,184.33,423.24,1,S,5,N
61,188.17,423.54,1,W,5,N
63,201.71,423.84,1,W,5,N
64,215.65,424.14,1,W,5,N
66,220.46,424.44,1,W,5,N
109,321.47,424.53,3,W,5,E
87,288.45,424.74,1,E,5,N
116,370.39,432.16,3,E,5,N
134,393.96,466.04,5,W,5,N
135,402.56,466.34,5,W,5,N
136,402.62,466.64,5,W,5,N
137,409.50,466.94,5,W,5,N
164,400.20,480.04,5,E,5,N
99,380.34,499.80,2,W,5,W
67,298.03,500.10,1,W,5,W
68,298.20,500.40,1,W,5,W
89,365.21,500.70,1,E,5,W
74,412.58,502.30,1,W,2,W
11,286.70,521.94,1,S,5,N
103,331.98,522.24,2,E,5,N
69,312.54,522.54,1,W,5,N
70,319.10,522.84,1,W,5,N
88,332.23,523.14,1,E,5,N
93,487.65,549.84,1,E,3,W
138,504.21,565.94,5,W,5,N
139,514.57,566.24,5,W,5,N
140,515.48,566.54,5,W,5,N
141,521.82,566.84,5,W,5,N
14,431.94,599.70,1,S,5,W
71,383.15,600.00,1,W,5,W
72,384.32,600.30,1,W,5,W
90,407.68,600.60,1,E,5,W
91,413.77,600.90,1,E,5,W
92,415.35,601.20,1,E,5,W
105,452.67,616.30,2,E,5,E
100,426.95,621.84,2,W,5,N
104,403.34,622.14,2,E,5,N
13,430.18,622.74,1,S,5,N
73,411.35,623.04,1,W,5,N
142,586.60,665.84,5,W,5,N
143,648.80,666.14,5,W,5,N
144,648.98,666.44,5,W,5,N
145,650.49,666.74,5,W,5,N
165,618.75,679.84,5,E,5,N
110,578.12,699.60,3,W,5,W
19,599.08,699.80,1,S,3,W
94,505.20,699.90,1,E,5,W
20,603.93,703.10,1,S,1,W
21,613.18,703.40,1,S,1,W
23,631.29,703.70,1,S,1,W
15,455.89,721.74,1,S,5,N
75,484.63,722.04,1,W,5,N
76,550.75,722.34,1,W,5,N
22,619.43,737.07,1,S,3,W
77,629.04,737.67,1,W,3,E
95,612.16,737.97,1,E,3,W
35,736.07,750.20,1,S,1,E
146,676.54,765.74,5,W,5,N
147,677.97,766.04,5,W,5,N
148,687.03,766.34,5,W,5,N
149,688.05,766.64,5,W,5,N
150,695.36,766.94,5,W,5,N
151,702.88,767.24,5,W,5,N
152,731.99,767.54,5,W,5,N
153,736.13,767.84,5,W,5,N
154,762.01,768.14,5,W,5,N
117,603.74,799.50,3,E,5,W
111,687.08,799.80,3,W,5,W
112,697.19,800.10,3,W,5,W
18,596.38,800.40,1,S,5,W
106,631.73,800.70,2,E,5,W
34,714.48,803.50,1,S,1,W
36,743.11,803.80,1,S,1,W
39,782.08,804.10,1,S,1,W
41,798.54,812.67,1,S,1,W
43,807.07,821.20,1,S,1,E
16,587.79,821.64,1,S,5,N
17,589.02,821.94,1,S,5,N
24,633.95,822.24,1,S,5,N
101,787.66,823.73,2,W,3,E
118,796.55,858.32,3,E,5,N
33,713.59,899.40,1,S,5,W
78,716.38,899.70,1,W,5,W
48,839.55,903.90,1,S,1,W
49,841.92,904.20,1,S,1,W
55,885.79,904.50,1,S,1,W
107,830.32,913.37,2,E,3,E
25,643.17,921.54,1,S,5,N
26,649.66,921.84,1,S,5,N
27,654.09,922.14,1,S,5,N
28,662.53,922.44,1,S,5,N
29,665.66,922.74,1,S,5,N
30,671.52,923.04,1,S,5,N
31,678.71,923.34,1,S,5,N
32,701.44,923.64,1,S,5,N
119,802.10,929.67,3,E,5,N
114,857.08,929.97,3,W,5,N
79,783.75,938.47,1,W,3,E
54,881.04,944.02,1,S,2,W
113,801.83,999.30,3,W,5,W
42,801.16,999.60,1,S,5,W
45,821.63,999.90,1,S,5,W
80,847.92,1000.20,1,W,5,W
81,858.15,1000.50,1,W,5,W
37,774.02,1021.44,1,S,5,N
38,779.13,1021.74,1,S,5,N
40,783.82,1022.04,1,S,5,N
44,812.34,1022.34,1,S,5,N
46,834.21,1022.64,1,S,5,N
47,838.62,1022.94,1,S,5,N
96,873.67,1023.24,1,E,5,N
53,877.53,1116.10,1,S,5,E
50,846.67,1121.34,1,S,5,N
51,854.64,1121.64,1,S,5,N
52,872.21,1121.94,1,S,5,N
82,896.32,1122.54,1,W,5,N