id,enter_time,exit_time,entrance_intersection,entrance_direction,exit_intersection,exit_direction
143,5.92,66.44,5,W,5,N
182,12.66,80.44,5,E,5,N
183,44.70,80.74,5,E,5,N
0,14.36,100.70,1,S,1,W
5,32.02,101.00,1,S,1,W
7,38.44,101.30,1,S,1,W
9,53.04,101.60,1,S,1,W
10,54.57,101.90,1,S,1,W
12,61.37,102.20,1,S,1,W
96,26.85,102.20,1,E,2,W
16,96.02,110.16,1,S,1,W
135,6.97,125.13,3,E,5,E
1,17.86,136.47,1,S,3,W
4,29.79,137.37,1,S,3,E
144,130.69,166.34,5,W,5,N
145,138.22,166.64,5,W,5,N
124,77.08,200.10,2,E,5,W
2,18.03,200.40,1,S,5,W
69,4.03,200.70,1,W,5,W
19,108.99,201.10,1,S,1,W
22,132.70,201.40,1,S,1,W
114,44.05,222.24,2,W,5,N
115,48.55,222.54,2,W,5,N
3,22.96,222.84,1,S,5,N
6,32.87,223.14,1,S,5,N
97,86.03,223.44,1,E,5,N
136,196.93,258.70,3,E,5,N
146,206.97,266.24,5,W,5,N
147,213.35,266.54,5,W,5,N
148,215.70,266.84,5,W,5,N
149,259.65,267.14,5,W,5,N
150,262.60,268.73,5,W,5,N
151,268.60,274.74,5,W,5,N
184,260.59,280.24,5,E,5,N
185,261.39,280.54,5,E,5,N
11,60.16,300.00,1,S,5,W
13,73.03,300.30,1,S,5,W
14,82.80,300.60,1,S,5,W
116,150.50,300.90,2,W,5,W
125,129.18,301.20,2,E,5,W
18,108.80,301.50,1,S,5,W
21,125.89,301.80,1,S,5,W
98,193.74,311.56,1,E,5,W
8,46.00,322.14,1,S,5,N
15,90.12,322.44,1,S,5,N
117,199.44,322.74,2,W,5,N
17,105.23,323.04,1,S,5,N
20,114.47,323.34,1,S,5,N
70,106.32,323.64,1,W,5,N
138,244.08,325.03,3,E,5,E
137,203.81,330.87,3,E,5,N
75,247.55,337.87,1,W,3,E
152,274.93,366.14,5,W,5,N
153,286.11,366.44,5,W,5,N
154,289.87,366.74,5,W,5,N
155,294.90,367.04,5,W,5,N
156,302.90,367.34,5,W,5,N
157,307.42,367.64,5,W,5,N
158,313.53,367.94,5,W,5,N
159,355.84,368.24,5,W,5,N
99,196.50,399.90,1,E,5,W
131,214.76,400.20,3,W,5,W
71,167.14,400.50,1,W,5,W
72,170.21,400.80,1,W,5,W
74,182.16,401.10,1,W,5,W
101,231.35,401.40,1,E,5,W
28,309.34,401.90,1,S,1,W
30,319.07,402.20,1,S,1,W
35,334.56,402.50,1,S,1,W
44,382.63,402.80,1,S,1,W
103,342.15,403.70,1,E,2,E
23,139.90,422.04,1,S,5,N
118,241.69,422.34,2,W,5,N
119,290.82,422.64,2,W,5,N
73,175.02,422.94,1,W,5,N
76,254.47,423.24,1,W,5,N
100,216.68,423.54,1,E,5,N
42,371.49,442.62,1,S,2,W
43,379.26,442.92,1,S,2,W
160,384.59,466.04,5,W,5,N
161,392.14,466.34,5,W,5,N
162,402.94,466.64,5,W,5,N
163,431.41,466.94,5,W,5,N
139,393.81,499.80,3,E,5,W
25,300.07,500.10,1,S,5,W
29,316.08,500.40,1,S,5,W
31,319.49,500.70,1,S,5,W
34,329.57,501.00,1,S,5,W
104,345.46,501.30,1,E,5,W
102,303.30,518.50,1,E,5,E
24,298.84,521.94,1,S,5,N
120,339.25,522.24,2,W,5,N
126,324.78,522.54,2,E,5,N
26,305.32,522.84,1,S,5,N
27,308.96,523.14,1,S,5,N
32,323.68,523.44,1,S,5,N
33,328.77,523.74,1,S,5,N
77,321.60,524.04,1,W,5,N
78,361.23,524.34,1,W,5,N
132,452.83,530.47,3,W,5,N
164,563.34,569.47,5,W,5,N
165,569.09,575.22,5,W,5,N
186,552.73,579.94,5,E,5,N
187,561.22,580.24,5,E,5,N
188,563.50,580.54,5,E,5,N
189,566.39,580.84,5,E,5,N
36,341.27,599.70,1,S,5,W
38,353.20,600.00,1,S,5,W
41,363.55,600.30,1,S,5,W
45,385.73,600.60,1,S,5,W
46,577.27,602.70,1,S,1,W
48,593.31,615.80,1,S,1,E
37,347.41,621.84,1,S,5,N
39,359.63,622.14,1,S,5,N
40,360.83,622.44,1,S,5,N
127,424.31,622.74,2,E,5,N
79,463.23,623.04,1,W,5,N
105,473.80,623.34,1,E,5,N
140,564.44,630.27,3,E,5,N
81,480.46,637.27,1,W,3,E
59,632.99,647.12,1,S,1,E
166,575.80,665.84,5,W,5,N
167,606.02,666.14,5,W,5,N
168,615.33,666.44,5,W,5,N
169,654.09,666.74,5,W,5,N
170,654.94,667.04,5,W,5,N
82,540.63,699.60,1,W,5,W
53,610.66,703.10,1,S,1,W
54,614.94,703.40,1,S,1,W
61,642.51,703.70,1,S,1,W
80,468.21,721.74,1,W,5,N
106,552.21,722.04,1,E,5,N
107,574.78,722.34,1,E,5,N
141,633.12,730.07,3,E,5,N
57,621.60,737.97,1,S,3,W
84,596.07,738.87,1,W,3,E
171,721.73,765.74,5,W,5,N
172,725.89,766.04,5,W,5,N
190,741.91,779.74,5,E,5,N
191,780.01,786.15,5,E,5,N
63,652.32,799.30,1,S,3,W
133,671.99,799.50,3,W,5,W
134,683.33,799.80,3,W,5,W
47,583.22,800.10,1,S,5,W
52,610.27,800.40,1,S,5,W
83,592.57,800.70,1,W,5,W
85,602.87,801.00,1,W,5,W
86,610.47,801.30,1,W,5,W
49,600.00,821.64,1,S,5,N
50,604.02,821.94,1,S,5,N
51,604.54,822.24,1,S,5,N
128,616.69,822.54,2,E,5,N
121,659.05,822.84,2,W,5,N
55,616.39,823.14,1,S,5,N
56,618.90,823.44,1,S,5,N
58,629.59,823.74,1,S,5,N
87,616.17,824.04,1,W,5,N
88,624.53,824.34,1,W,5,N
108,615.99,824.64,1,E,5,N
109,623.50,824.94,1,E,5,N
90,692.45,837.47,1,W,3,W
173,848.46,865.64,5,W,5,N
174,854.46,865.94,5,W,5,N
175,859.03,866.24,5,W,5,N
176,865.94,872.07,5,W,5,N
142,785.76,899.40,3,E,5,W
62,645.85,899.70,1,S,5,W
129,792.62,900.00,2,E,5,W
91,696.31,900.30,1,W,5,W
64,825.81,903.90,1,S,1,W
110,769.19,916.60,1,E,5,E
60,639.42,921.54,1,S,5,N
122,791.46,921.84,2,W,5,N
89,686.53,922.14,1,W,5,N
92,703.18,922.44,1,W,5,N
177,876.07,965.54,5,W,5,N
178,876.30,965.84,5,W,5,N
179,881.30,966.14,5,W,5,N
180,890.19,966.44,5,W,5,N
181,890.99,966.74,5,W,5,N
123,851.46,999.30,2,W,5,W
130,843.15,1021.44,2,E,5,N
93,781.09,1021.74,1,W,5,N
111,823.89,1022.04,1,E,5,N
112,864.95,1022.34,1,E,5,N
113,871.91,1022.64,1,E,5,N
67,850.70,1099.20,1,S,5,W
95,889.52,1099.50,1,W,5,W
65,847.41,1121.34,1,S,5,N
66,849.72,1121.64,1,S,5,N
68,851.30,1121.94,1,S,5,N
94,884.72,1122.24,1,W,5,N