id,enter_time,exit_time,entrance_intersection,entrance_direction,exit_intersection,exit_direction
3,22.33,36.47,1,S,1,E
143,11.12,66.44,5,W,5,N
144,14.91,66.74,5,W,5,N
145,23.89,67.04,5,W,5,N
146,26.60,67.34,5,W,5,N
147,37.16,67.64,5,W,5,N
148,39.22,67.94,5,W,5,N
183,22.78,80.44,5,E,5,N
7,44.27,100.70,1,S,1,W
56,11.48,102.50,1,W,2,W
59,26.19,103.40,1,W,2,W
10,53.79,114.10,1,S,1,E
11,60.30,140.52,1,S,2,W
15,91.03,141.72,1,S,2,W
149,99.93,166.34,5,W,5,N
150,143.83,166.64,5,W,5,N
151,151.05,166.94,5,W,5,N
152,157.74,167.24,5,W,5,N
153,157.81,167.54,5,W,5,N
154,164.16,170.30,5,W,5,N
135,32.03,200.10,3,E,5,W
1,12.13,200.40,1,S,5,W
4,25.96,200.70,1,S,5,W
55,6.81,201.00,1,W,5,W
57,15.88,201.30,1,W,5,W
95,76.54,201.60,1,E,5,W
62,41.44,219.40,1,W,5,E
94,9.86,219.70,1,E,5,E
108,33.00,222.24,2,W,5,N
120,71.74,222.54,2,E,5,N
109,53.59,222.84,2,W,5,N
110,95.11,223.14,2,W,5,N
0,6.96,223.44,1,S,5,N
2,18.89,223.74,1,S,5,N
5,28.73,224.04,1,S,5,N
6,35.78,224.34,1,S,5,N
58,20.46,224.64,1,W,5,N
60,33.37,224.94,1,W,5,N
61,38.14,225.24,1,W,5,N
155,204.79,266.24,5,W,5,N
156,213.63,266.54,5,W,5,N
157,217.90,266.84,5,W,5,N
158,252.49,267.14,5,W,5,N
159,254.02,267.44,5,W,5,N
160,259.56,267.74,5,W,5,N
8,45.80,300.00,1,S,5,W
9,46.01,300.30,1,S,5,W
12,67.40,300.60,1,S,5,W
13,72.11,300.90,1,S,5,W
14,86.21,301.20,1,S,5,W
18,227.77,301.50,1,S,1,W
111,104.08,301.50,2,W,5,W
64,112.74,301.80,1,W,5,W
112,205.53,312.77,2,W,3,W
21,239.68,314.30,1,S,1,E
16,102.83,322.14,1,S,5,N
121,190.43,322.44,2,E,5,N
63,111.17,322.74,1,W,5,N
65,116.89,323.04,1,W,5,N
66,124.32,323.34,1,W,5,N
96,115.32,323.64,1,E,5,N
128,277.26,339.03,3,W,5,N
161,313.63,366.14,5,W,5,N
162,322.92,366.44,5,W,5,N
163,327.31,366.74,5,W,5,N
164,333.01,367.04,5,W,5,N
165,334.04,367.34,5,W,5,N
166,339.41,367.64,5,W,5,N
184,304.39,380.14,5,E,5,N
136,212.41,399.90,3,E,5,W
137,240.59,400.20,3,E,5,W
20,237.67,400.50,1,S,5,W
67,195.52,400.80,1,W,5,W
98,266.97,401.10,1,E,5,W
25,384.37,401.90,1,S,1,W
26,385.06,402.20,1,S,1,W
27,389.41,403.55,1,S,1,W
28,395.51,409.64,1,S,1,W
113,245.56,415.90,2,W,5,E
97,233.09,417.40,1,E,5,E
17,222.92,422.34,1,S,5,N
19,230.17,422.64,1,S,5,N
68,251.60,422.94,1,W,5,N
69,256.26,423.24,1,W,5,N
99,288.87,423.84,1,E,5,N
100,352.18,437.67,1,E,3,W
24,369.19,441.42,1,S,2,W
129,381.55,443.32,3,W,5,N
167,460.37,466.50,5,W,5,N
185,405.32,480.04,5,E,5,N
186,406.25,480.34,5,E,5,N
187,411.29,480.64,5,E,5,N
122,359.87,499.80,2,E,5,W
33,429.13,501.10,1,S,2,W
31,411.06,502.30,1,S,1,W
114,372.12,521.94,2,W,5,N
70,340.65,522.24,1,W,5,N
71,348.51,522.54,1,W,5,N
72,351.96,522.84,1,W,5,N
101,390.56,523.14,1,E,5,N
139,481.58,543.35,3,E,5,N
130,489.15,550.92,3,W,5,N
168,488.58,565.94,5,W,5,N
169,496.45,566.24,5,W,5,N
170,563.51,569.65,5,W,5,N
171,569.11,575.25,5,W,5,N
188,578.53,584.67,5,E,5,N
189,585.32,591.46,5,E,5,N
138,436.84,599.70,3,E,5,W
23,368.80,600.00,1,S,5,W
30,404.60,600.30,1,S,5,W
34,437.99,600.60,1,S,5,W
102,433.78,600.90,1,E,5,W
73,404.47,616.90,1,W,5,E
22,364.64,621.84,1,S,5,N
29,396.34,622.14,1,S,5,N
123,418.88,622.44,2,E,5,N
32,416.48,622.74,1,S,5,N
132,574.03,635.80,3,W,5,N
104,561.83,638.77,1,E,3,W
172,573.21,665.84,5,W,5,N
173,579.96,666.14,5,W,5,N
174,584.61,666.44,5,W,5,N
175,618.12,666.74,5,W,5,N
176,642.52,667.04,5,W,5,N
177,671.04,677.17,5,W,5,N
190,632.22,679.84,5,E,5,N
131,573.25,699.60,3,W,5,W
35,441.67,699.90,1,S,5,W
115,501.07,700.20,2,W,5,W
106,681.53,707.65,1,E,2,W
125,606.84,713.17,2,E,3,E
47,643.04,715.90,1,S,1,E
76,519.59,717.10,1,W,5,E
36,446.88,721.74,1,S,5,N
124,506.94,722.04,2,E,5,N
116,556.02,722.34,2,W,5,N
74,471.76,722.64,1,W,5,N
75,514.75,722.94,1,W,5,N
77,522.85,723.54,1,W,5,N
78,523.36,723.84,1,W,5,N
103,503.70,724.14,1,E,5,N
133,656.54,730.07,3,W,5,N
79,610.35,738.87,1,W,3,E
140,695.52,757.29,3,E,5,N
178,701.91,765.74,5,W,5,N
191,736.48,779.74,5,E,5,N
40,602.70,799.50,1,S,5,W
43,622.58,799.80,1,S,5,W
44,629.28,800.10,1,S,5,W
49,751.33,803.50,1,S,1,W
50,756.54,803.80,1,S,1,W
38,595.30,815.80,1,S,5,E
105,668.80,817.90,1,E,5,E
37,589.31,821.64,1,S,5,N
39,600.70,822.24,1,S,5,N
117,636.16,822.54,2,W,5,N
41,610.84,822.84,1,S,5,N
42,622.57,823.14,1,S,5,N
45,637.09,823.44,1,S,5,N
46,638.05,823.74,1,S,5,N
142,727.70,824.03,3,E,5,E
179,816.26,865.64,5,W,5,N
180,843.97,865.94,5,W,5,N
192,809.40,879.64,5,E,5,N
193,821.98,879.94,5,E,5,N
141,721.93,899.40,3,E,5,W
134,776.39,899.70,3,W,5,W
118,775.64,900.00,2,W,5,W
81,682.08,900.30,1,W,5,W
85,732.01,900.60,1,W,5,W
87,771.08,901.20,1,W,2,W
51,881.24,903.90,1,S,1,W
126,709.14,921.54,2,E,5,N
80,679.01,921.84,1,W,5,N
82,689.41,922.14,1,W,5,N
83,695.48,922.44,1,W,5,N
84,725.04,922.74,1,W,5,N
86,737.55,923.04,1,W,5,N
107,761.22,923.34,1,E,5,N
54,899.86,943.42,1,S,2,W
181,885.93,965.54,5,W,5,N
182,889.44,965.84,5,W,5,N
48,744.19,1015.30,1,S,5,E
127,875.07,1015.60,2,E,5,E
119,827.54,1022.04,2,W,5,N
88,775.97,1022.34,1,W,5,N
89,812.07,1022.64,1,W,5,N
90,819.44,1022.94,1,W,5,N
91,833.59,1023.24,1,W,5,N
92,839.70,1023.54,1,W,5,N
53,892.27,1115.50,1,S,5,E
52,886.90,1121.34,1,S,5,N
93,896.69,1121.94,1,W,5,N