id,enter_time,exit_time,entrance_intersection,entrance_direction,exit_intersection,exit_direction
194,14.45,80.44,5,E,5,N
195,15.66,80.74,5,E,5,N
5,47.93,100.70,1,S,1,W
6,54.31,101.00,1,S,1,W
66,1.32,101.60,1,W,2,W
149,5.59,131.27,3,E,5,N
150,30.11,131.57,3,E,5,N
69,23.79,138.57,1,W,3,W
4,38.66,139.62,1,S,2,W
160,155.54,166.34,5,W,5,N
161,165.26,171.40,5,W,5,N
162,172.83,178.97,5,W,5,N
151,36.78,200.10,3,E,5,W
152,44.22,200.40,3,E,5,W
68,12.11,200.70,1,W,5,W
70,33.55,201.00,1,W,5,W
75,155.10,201.70,1,W,2,E
0,2.64,222.24,1,S,5,N
136,55.42,222.54,2,E,5,N
127,54.82,222.84,2,W,5,N
1,10.36,223.14,1,S,5,N
2,11.38,223.44,1,S,5,N
3,31.39,223.74,1,S,5,N
65,0.25,224.04,1,W,5,N
67,6.95,224.34,1,W,5,N
110,4.37,224.64,1,E,5,N
163,180.77,266.24,5,W,5,N
164,182.77,266.54,5,W,5,N
165,235.95,266.84,5,W,5,N
166,259.97,267.14,5,W,5,N
196,222.48,280.24,5,E,5,N
197,224.18,280.54,5,E,5,N
128,107.07,300.00,2,W,5,W
72,128.87,300.30,1,W,5,W
76,161.49,300.60,1,W,5,W
13,234.50,301.50,1,S,1,W
17,255.09,301.80,1,S,1,W
18,256.18,302.10,1,S,1,W
77,221.18,302.40,1,W,2,W
78,226.42,302.70,1,W,2,W
137,147.35,316.00,2,E,5,E
73,138.92,316.60,1,W,5,E
71,115.58,322.44,1,W,5,N
74,150.76,323.04,1,W,5,N
111,126.77,323.34,1,E,5,N
142,225.02,330.87,3,W,5,N
153,242.45,330.87,3,E,5,N
146,266.45,332.07,3,W,5,N
167,325.90,366.14,5,W,5,N
168,333.53,366.44,5,W,5,N
169,345.37,366.74,5,W,5,N
170,353.83,367.04,5,W,5,N
171,358.89,367.34,5,W,5,N
172,361.58,367.72,5,W,5,N
173,361.75,367.88,5,W,5,N
198,310.69,380.14,5,E,5,N
143,241.16,399.90,3,W,5,W
144,258.25,400.20,3,W,5,W
145,260.43,400.50,3,W,5,W
9,216.51,400.80,1,S,5,W
80,290.40,401.00,1,W,2,W
12,228.42,401.10,1,S,5,W
112,238.44,401.40,1,E,5,W
113,243.81,401.70,1,E,5,W
20,393.37,407.51,1,S,1,W
129,212.89,422.04,2,W,5,N
138,288.54,422.34,2,E,5,N
7,210.85,422.64,1,S,5,N
8,216.09,422.94,1,S,5,N
10,222.13,423.24,1,S,5,N
11,226.76,423.54,1,S,5,N
114,276.22,423.84,1,E,5,N
174,387.01,466.04,5,W,5,N
175,452.84,466.34,5,W,5,N
176,457.63,466.64,5,W,5,N
177,461.59,467.73,5,W,5,N
199,482.91,489.05,5,E,5,N
200,485.99,492.13,5,E,5,N
19,392.31,499.30,1,S,3,W
14,241.48,499.80,1,S,5,W
15,246.98,500.10,1,S,5,W
79,288.84,500.40,1,W,5,W
81,297.56,500.70,1,W,5,W
83,421.42,502.00,1,W,2,W
25,415.88,502.30,1,S,1,W
36,489.15,503.28,1,S,1,W
37,495.18,509.31,1,S,1,W
16,252.93,521.94,1,S,5,N
130,339.89,522.24,2,W,5,N
131,369.64,522.54,2,W,5,N
82,322.72,522.84,1,W,5,N
115,349.64,523.14,1,E,5,N
154,399.61,530.47,3,E,5,N
155,454.90,530.77,3,E,5,N
147,476.75,538.52,3,W,5,N
178,523.34,565.94,5,W,5,N
179,534.80,566.24,5,W,5,N
180,566.38,572.51,5,W,5,N
181,569.35,575.49,5,W,5,N
201,510.79,579.94,5,E,5,N
202,584.95,591.08,5,E,5,N
203,590.89,597.03,5,E,5,N
23,407.64,599.70,1,S,5,W
27,425.14,600.00,1,S,5,W
39,508.60,602.70,1,S,1,W
44,533.64,603.00,1,S,1,W
45,537.59,603.30,1,S,1,W
21,398.05,621.84,1,S,5,N
22,400.18,622.14,1,S,5,N
139,418.10,622.44,2,E,5,N
24,411.85,622.74,1,S,5,N
26,417.85,623.04,1,S,5,N
84,428.82,623.34,1,W,5,N
116,440.32,623.64,1,E,5,N
182,576.17,665.84,5,W,5,N
183,578.25,666.14,5,W,5,N
184,581.14,666.44,5,W,5,N
185,585.85,666.74,5,W,5,N
186,593.21,667.04,5,W,5,N
187,600.02,667.34,5,W,5,N
188,602.93,667.64,5,W,5,N
189,610.98,667.94,5,W,5,N
190,615.23,668.24,5,W,5,N
29,448.72,699.60,1,S,5,W
30,456.70,699.90,1,S,5,W
31,459.92,700.20,1,S,5,W
32,469.10,700.50,1,S,5,W
40,514.26,700.80,1,S,5,W
42,522.85,701.10,1,S,5,W
87,504.46,701.40,1,W,5,W
92,531.46,701.70,1,W,5,W
117,548.71,702.00,1,E,5,W
28,444.20,721.74,1,S,5,N
33,474.58,722.04,1,S,5,N
34,479.17,722.34,1,S,5,N
35,486.18,722.64,1,S,5,N
38,502.71,722.94,1,S,5,N
140,553.14,723.24,2,E,5,N
41,518.11,723.54,1,S,5,N
43,526.79,723.84,1,S,5,N
85,494.78,724.14,1,W,5,N
86,498.26,724.44,1,W,5,N
88,512.19,724.74,1,W,5,N
89,513.43,725.04,1,W,5,N
90,520.19,725.34,1,W,5,N
91,525.81,725.64,1,W,5,N
93,545.12,725.94,1,W,5,N
118,561.59,726.24,1,E,5,N
156,651.12,730.07,3,E,5,N
120,667.03,737.97,1,E,3,W
191,673.89,765.74,5,W,5,N
204,710.17,779.74,5,E,5,N
205,766.90,780.04,5,E,5,N
206,769.27,780.34,5,E,5,N
46,544.31,799.50,1,S,5,W
95,628.53,799.80,1,W,5,W
52,726.95,803.50,1,S,1,W
53,730.75,803.80,1,S,1,W
59,758.16,804.10,1,S,1,W
119,601.98,821.64,1,E,5,N
47,551.65,821.94,1,S,5,N
132,676.69,822.24,2,W,5,N
133,696.52,822.54,2,W,5,N
94,623.70,822.84,1,W,5,N
96,629.20,823.14,1,W,5,N
121,693.46,823.44,1,E,5,N
148,719.54,829.87,3,W,5,N
99,727.99,838.37,1,W,3,W
192,827.84,865.64,5,W,5,N
193,871.69,877.82,5,W,5,N
207,884.55,890.69,5,E,5,N
141,750.93,899.40,2,E,5,W
135,770.88,899.70,2,W,5,W
54,733.53,900.00,1,S,5,W
97,691.34,900.30,1,W,5,W
63,781.09,900.60,1,S,3,E
122,745.24,900.60,1,E,5,W
64,786.58,900.90,1,S,3,E
102,822.89,901.50,1,W,2,W
125,787.56,905.38,1,E,5,W
49,677.71,915.70,1,S,5,E
48,675.72,921.54,1,S,5,N
50,700.37,922.14,1,S,5,N
134,717.09,922.44,2,W,5,N
51,720.53,922.74,1,S,5,N
98,697.22,923.04,1,W,5,N
100,732.53,923.34,1,W,5,N
123,759.09,923.64,1,E,5,N
124,781.33,923.94,1,E,5,N
157,857.68,929.67,3,E,5,N
159,885.17,946.94,3,E,5,N
158,863.20,999.30,3,E,5,W
56,746.63,999.60,1,S,5,W
60,763.87,999.90,1,S,5,W
104,852.63,1000.20,1,W,5,W
103,838.18,1017.10,1,W,5,E
55,740.97,1021.44,1,S,5,N
57,750.65,1021.74,1,S,5,N
58,752.02,1022.04,1,S,5,N
61,775.20,1022.34,1,S,5,N
62,778.19,1022.64,1,S,5,N
101,817.56,1022.94,1,W,5,N
105,856.82,1023.54,1,W,5,N
106,859.59,1023.84,1,W,5,N
126,824.11,1024.14,1,E,5,N
107,873.37,1121.34,1,W,5,N
108,880.81,1121.64,1,W,5,N
109,888.30,1121.94,1,W,5,N