id,enter_time,exit_time,entrance_intersection,entrance_direction,exit_intersection,exit_direction
134,35.37,80.44,5,E,5,N
88,37.25,131.27,3,W,5,N
95,33.26,131.27,3,E,5,N
135,111.58,180.34,5,E,5,N
72,48.83,200.10,2,W,5,W
59,159.47,202.00,1,E,2,W
60,186.54,212.66,1,E,2,W
30,31.26,216.70,1,W,5,E
0,2.70,222.24,1,S,5,N
81,61.27,222.54,2,E,5,N
1,124.76,236.57,1,S,3,W
31,96.77,237.17,1,W,3,E
101,186.05,266.24,5,W,5,N
102,189.55,266.54,5,W,5,N
103,199.50,266.84,5,W,5,N
104,205.82,267.14,5,W,5,N
82,173.27,300.00,2,E,5,W
32,111.36,300.30,1,W,5,W
7,285.75,301.50,1,S,1,W
4,272.22,314.60,1,S,1,E
73,177.12,322.14,2,W,5,N
2,129.53,322.44,1,S,5,N
58,113.69,322.74,1,E,5,N
97,233.13,331.17,3,E,5,N
63,236.53,338.17,1,E,3,W
64,269.71,338.47,1,E,3,E
105,277.16,366.14,5,W,5,N
106,294.99,366.44,5,W,5,N
107,303.61,366.74,5,W,5,N
108,307.31,367.04,5,W,5,N
109,314.44,367.34,5,W,5,N
110,355.90,367.64,5,W,5,N
111,360.11,367.94,5,W,5,N
112,366.59,372.72,5,W,5,N
136,307.33,380.14,5,E,5,N
137,311.12,380.44,5,E,5,N
138,332.59,380.74,5,E,5,N
139,354.63,381.04,5,E,5,N
96,228.17,399.90,3,E,5,W
34,258.94,400.20,1,W,5,W
35,261.52,400.50,1,W,5,W
61,203.89,400.80,1,E,5,W
15,333.54,401.90,1,S,1,W
83,228.55,422.04,2,E,5,N
74,276.09,422.34,2,W,5,N
33,176.12,422.64,1,W,5,N
62,229.68,422.94,1,E,5,N
113,401.66,466.04,5,W,5,N
114,409.07,466.34,5,W,5,N
115,452.98,466.64,5,W,5,N
116,461.32,467.45,5,W,5,N
89,314.14,499.80,3,W,5,W
90,396.69,500.10,3,W,5,W
6,280.82,500.40,1,S,5,W
10,323.52,500.70,1,S,5,W
12,326.83,501.00,1,S,5,W
13,330.93,501.30,1,S,5,W
14,332.00,501.60,1,S,5,W
75,314.38,516.40,2,W,5,E
8,306.09,517.30,1,S,5,E
3,271.20,521.94,1,S,5,N
5,275.98,522.24,1,S,5,N
76,354.54,522.84,2,W,5,N
84,390.75,523.14,2,E,5,N
9,310.60,523.74,1,S,5,N
11,324.30,524.04,1,S,5,N
36,295.70,524.34,1,W,5,N
37,354.52,524.64,1,W,5,N
38,354.58,524.94,1,W,5,N
39,361.91,525.24,1,W,5,N
65,333.81,525.54,1,E,5,N
98,434.28,530.47,3,E,5,N
91,464.94,530.47,3,W,5,N
66,425.54,538.97,1,E,3,W
117,493.71,565.94,5,W,5,N
118,495.23,566.24,5,W,5,N
119,501.19,566.54,5,W,5,N
120,561.42,567.55,5,W,5,N
121,565.45,571.59,5,W,5,N
140,558.97,579.94,5,E,5,N
18,354.74,599.70,1,S,5,W
77,494.00,600.00,2,W,5,W
41,379.46,600.30,1,W,5,W
43,399.67,600.60,1,W,5,W
67,466.29,600.90,1,E,5,W
16,340.98,621.84,1,S,5,N
17,352.04,622.14,1,S,5,N
40,374.40,622.44,1,W,5,N
42,395.29,622.74,1,W,5,N
44,405.88,623.04,1,W,5,N
45,411.47,623.34,1,W,5,N
46,412.20,623.64,1,W,5,N
122,573.81,665.84,5,W,5,N
123,581.50,666.14,5,W,5,N
124,590.85,666.44,5,W,5,N
92,555.50,699.60,3,W,5,W
21,494.15,699.90,1,S,5,W
85,559.88,700.20,2,E,5,W
48,534.36,700.50,1,W,5,W
25,652.97,716.50,1,S,1,E
22,517.04,716.50,1,S,5,E
19,488.21,721.74,1,S,5,N
20,488.74,722.04,1,S,5,N
78,551.68,722.34,2,W,5,N
47,501.63,722.94,1,W,5,N
68,623.35,737.67,1,E,3,W
125,703.72,765.74,5,W,5,N
126,708.65,766.04,5,W,5,N
127,712.71,766.34,5,W,5,N
128,741.54,766.64,5,W,5,N
129,742.40,766.94,5,W,5,N
130,768.74,774.88,5,W,5,N
141,744.13,779.74,5,E,5,N
142,745.93,780.04,5,E,5,N
99,619.90,799.50,3,E,5,W
86,671.55,799.80,2,E,5,W
79,636.83,821.64,2,W,5,N
49,601.67,821.94,1,W,5,N
50,637.34,822.24,1,W,5,N
51,704.11,837.17,1,W,3,W
131,780.47,865.64,5,W,5,N
132,786.58,865.94,5,W,5,N
133,827.18,866.24,5,W,5,N
100,784.37,899.40,3,E,5,W
23,647.21,899.70,1,S,5,W
24,651.79,900.00,1,S,5,W
53,714.64,900.30,1,W,5,W
69,736.14,900.60,1,E,5,W
26,655.00,921.54,1,S,5,N
27,658.76,921.84,1,S,5,N
80,753.52,922.14,2,W,5,N
52,709.14,922.44,1,W,5,N
54,752.16,922.74,1,W,5,N
70,777.70,923.04,1,E,5,N
93,804.17,929.67,3,W,5,N
94,805.88,929.97,3,W,5,N
87,865.80,999.30,2,E,5,W
55,791.76,999.60,1,W,5,W
56,798.86,999.90,1,W,5,W
28,785.51,1021.44,1,S,5,N
29,791.08,1021.74,1,S,5,N
71,850.64,1022.04,1,E,5,N
57,876.18,1121.34,1,W,5,N