id,enter_time,exit_time,entrance_intersection,entrance_direction,exit_intersection,exit_direction
128,4.20,66.44,5,W,5,N
129,15.28,66.74,5,W,5,N
168,16.61,80.44,5,E,5,N
51,6.72,100.70,1,W,2,W
4,57.72,100.70,1,S,1,W
6,61.62,101.00,1,S,1,W
2,51.23,113.80,1,S,1,E
83,42.97,138.27,1,E,3,E
130,155.15,166.34,5,W,5,N
131,163.11,169.25,5,W,5,N
132,168.29,174.43,5,W,5,N
114,21.97,200.10,3,W,5,W
3,55.40,200.20,1,S,3,E
0,14.15,200.40,1,S,5,W
53,24.22,200.70,1,W,5,W
85,89.94,207.76,1,E,5,W
99,43.34,216.10,2,W,5,E
52,10.87,222.54,1,W,5,N
54,30.30,222.84,1,W,5,N
55,30.89,223.14,1,W,5,N
84,83.08,223.44,1,E,5,N
107,199.94,236.01,2,E,3,E
133,174.07,266.24,5,W,5,N
134,175.09,266.54,5,W,5,N
135,180.38,266.84,5,W,5,N
136,181.65,267.14,5,W,5,N
137,193.47,267.44,5,W,5,N
138,201.03,267.74,5,W,5,N
139,212.26,268.04,5,W,5,N
140,213.67,268.34,5,W,5,N
141,246.44,268.64,5,W,5,N
142,248.35,268.94,5,W,5,N
169,230.49,280.24,5,E,5,N
170,234.41,280.54,5,E,5,N
122,191.83,300.00,3,E,5,W
171,296.35,302.48,5,E,5,N
172,297.25,303.38,5,E,5,N
1,45.64,322.14,1,S,5,N
5,60.93,322.44,1,S,5,N
100,181.42,322.74,2,W,5,N
56,119.18,323.04,1,W,5,N
123,220.04,330.87,3,E,5,N
59,215.15,337.27,1,W,3,W
61,251.94,337.87,1,W,3,W
143,276.81,366.14,5,W,5,N
144,278.46,366.44,5,W,5,N
145,278.78,366.74,5,W,5,N
146,284.22,367.04,5,W,5,N
173,369.52,380.14,5,E,5,N
174,372.38,380.44,5,E,5,N
115,233.89,399.90,3,W,5,W
63,256.88,400.20,1,W,5,W
87,250.21,400.50,1,E,5,W
8,393.97,408.11,1,S,1,W
11,407.16,421.29,1,S,1,E
57,195.54,422.04,1,W,5,N
58,208.21,422.34,1,W,5,N
60,229.14,422.64,1,W,5,N
62,254.75,422.94,1,W,5,N
86,246.59,423.24,1,E,5,N
12,412.97,427.10,1,S,1,E
147,399.53,466.04,5,W,5,N
175,450.05,480.04,5,E,5,N
176,457.40,480.34,5,E,5,N
7,254.89,499.80,1,S,5,W
108,386.02,500.10,2,E,5,W
64,293.60,500.40,1,W,5,W
67,331.91,500.70,1,W,5,W
88,303.82,501.00,1,E,5,W
10,401.23,502.30,1,S,1,W
20,481.97,516.90,1,S,1,E
65,295.07,521.94,1,W,5,N
66,302.84,522.24,1,W,5,N
89,308.08,522.54,1,E,5,N
90,323.35,522.84,1,E,5,N
91,391.95,523.14,1,E,5,N
124,421.81,530.47,3,E,5,N
69,415.22,537.47,1,W,3,W
17,461.77,542.12,1,S,2,W
148,527.50,565.94,5,W,5,N
149,531.54,566.24,5,W,5,N
150,536.64,566.54,5,W,5,N
151,536.95,566.84,5,W,5,N
152,546.95,567.14,5,W,5,N
153,554.91,567.44,5,W,5,N
125,485.66,599.70,3,E,5,W
101,491.50,600.00,2,W,5,W
13,420.05,600.30,1,S,5,W
72,508.15,601.20,1,W,2,W
92,448.94,616.90,1,E,5,E
9,398.99,621.84,1,S,5,N
109,493.82,622.14,2,E,5,N
68,413.29,622.44,1,W,5,N
70,421.61,622.74,1,W,5,N
93,484.88,623.34,1,E,5,N
94,491.67,623.64,1,E,5,N
71,500.71,636.97,1,W,3,W
25,633.43,647.57,1,S,1,E
154,582.22,665.84,5,W,5,N
155,592.38,666.14,5,W,5,N
156,604.31,666.44,5,W,5,N
157,611.26,666.74,5,W,5,N
158,617.73,667.04,5,W,5,N
159,659.97,667.34,5,W,5,N
116,512.91,699.60,3,W,5,W
103,586.12,699.90,2,W,5,W
24,630.80,701.60,1,S,2,W
22,619.43,703.10,1,S,1,W
34,683.83,703.40,1,S,1,W
35,687.41,703.70,1,S,1,W
37,692.07,706.20,1,S,1,W
30,660.86,717.10,1,S,1,E
102,539.90,717.10,2,W,5,E
14,449.90,721.74,1,S,5,N
15,450.41,722.04,1,S,5,N
16,455.63,722.34,1,S,5,N
18,473.69,722.64,1,S,5,N
19,474.22,722.94,1,S,5,N
73,512.87,723.54,1,W,5,N
74,552.28,723.84,1,W,5,N
160,694.24,765.74,5,W,5,N
161,699.73,766.04,5,W,5,N
162,702.89,766.34,5,W,5,N
177,729.91,779.74,5,E,5,N
126,691.97,799.50,3,E,5,W
76,590.91,799.80,1,W,5,W
38,696.51,801.10,1,S,3,W
43,712.73,803.50,1,S,1,W
95,767.66,804.40,1,E,2,W
75,586.07,817.00,1,W,5,E
110,643.87,821.64,2,E,5,N
104,685.83,821.94,2,W,5,N
111,696.62,822.24,2,E,5,N
21,616.67,822.54,1,S,5,N
23,623.46,822.84,1,S,5,N
77,666.68,823.44,1,W,5,N
45,722.76,838.07,1,S,3,E
49,729.06,839.27,1,S,3,E
163,818.50,865.64,5,W,5,N
164,826.36,865.94,5,W,5,N
165,856.32,866.24,5,W,5,N
178,837.56,879.64,5,E,5,N
179,840.82,879.94,5,E,5,N
180,863.14,880.24,5,E,5,N
127,717.75,899.40,3,E,5,W
117,746.54,899.70,3,W,5,W
118,780.37,900.00,3,W,5,W
26,643.69,900.30,1,S,5,W
27,644.71,900.60,1,S,5,W
28,646.16,900.90,1,S,5,W
29,653.04,901.20,1,S,5,W
31,664.58,901.50,1,S,5,W
33,674.24,901.80,1,S,5,W
36,689.83,902.10,1,S,5,W
98,814.73,902.10,1,E,2,W
46,723.14,902.40,1,S,5,W
78,704.41,918.70,1,W,5,E
32,671.01,921.54,1,S,5,N
39,697.00,921.84,1,S,5,N
40,702.88,922.14,1,S,5,N
105,740.04,922.44,2,W,5,N
112,795.25,922.74,2,E,5,N
41,708.87,923.04,1,S,5,N
42,710.92,923.34,1,S,5,N
44,718.10,923.64,1,S,5,N
47,725.86,923.94,1,S,5,N
48,726.53,924.24,1,S,5,N
50,730.84,924.54,1,S,5,N
79,714.35,925.14,1,W,5,N
96,788.43,925.44,1,E,5,N
119,851.49,929.67,3,W,5,N
120,863.00,929.97,3,W,5,N
121,889.36,951.13,3,W,5,N
166,881.18,965.54,5,W,5,N
167,890.95,965.84,5,W,5,N
80,804.69,999.30,1,W,5,W
106,843.03,1021.44,2,W,5,N
113,873.54,1021.74,2,E,5,N
81,809.38,1022.04,1,W,5,N
97,804.69,1022.34,1,E,5,N
82,873.63,1099.20,1,W,5,W