id,enter_time,exit_time,entrance_intersection,entrance_direction,exit_intersection,exit_direction
121,67.57,73.71,5,W,5,N
122,70.37,76.50,5,W,5,N
155,74.66,80.80,5,E,5,N
1,10.99,100.70,1,S,2,W
7,32.66,100.70,1,S,1,W
156,97.12,103.25,5,E,5,N
157,98.65,104.78,5,E,5,N
16,95.36,109.50,1,S,1,W
106,39.01,131.27,3,W,5,N
56,9.25,138.57,1,W,3,W
123,80.78,166.34,5,W,5,N
124,91.02,166.64,5,W,5,N
125,109.67,166.94,5,W,5,N
126,114.06,167.24,5,W,5,N
127,146.19,167.54,5,W,5,N
128,150.92,167.84,5,W,5,N
158,101.43,180.34,5,E,5,N
101,58.01,200.10,2,E,5,W
0,7.35,200.40,1,S,5,W
85,78.47,200.70,1,E,5,W
57,68.92,201.40,1,W,2,W
13,84.13,201.40,1,S,3,E
91,46.00,216.10,2,W,5,E
84,68.46,217.90,1,E,5,E
2,16.37,222.54,1,S,5,N
3,17.17,222.84,1,S,5,N
4,19.96,223.14,1,S,5,N
5,26.70,223.44,1,S,5,N
6,30.57,223.74,1,S,5,N
58,74.98,237.77,1,W,3,W
129,183.68,266.24,5,W,5,N
130,246.61,266.54,5,W,5,N
159,274.15,280.29,5,E,5,N
8,39.84,300.00,1,S,5,W
9,42.91,300.30,1,S,5,W
12,77.19,300.60,1,S,5,W
14,84.64,300.90,1,S,5,W
18,107.61,301.20,1,S,5,W
19,109.83,301.50,1,S,5,W
20,117.38,301.80,1,S,5,W
60,83.87,302.10,1,W,5,W
62,91.63,302.40,1,W,5,W
29,293.62,307.76,1,S,1,W
112,198.05,322.14,3,E,5,N
10,71.74,322.44,1,S,5,N
11,75.48,322.74,1,S,5,N
15,90.21,323.04,1,S,5,N
17,101.61,323.34,1,S,5,N
59,79.64,323.64,1,W,5,N
61,86.55,323.94,1,W,5,N
113,219.56,330.87,3,E,5,N
39,326.16,340.30,1,S,1,E
25,281.32,341.62,1,S,2,W
131,303.89,366.14,5,W,5,N
132,311.18,366.44,5,W,5,N
133,342.14,366.74,5,W,5,N
134,348.21,367.04,5,W,5,N
135,356.46,367.34,5,W,5,N
160,356.86,380.14,5,E,5,N
107,286.82,399.90,3,W,5,W
92,203.20,400.20,2,W,5,W
102,200.77,400.50,2,E,5,W
64,172.49,400.80,1,W,5,W
35,315.66,401.90,1,S,1,W
40,333.56,402.20,1,S,1,W
93,253.68,422.04,2,W,5,N
63,171.44,422.34,1,W,5,N
65,177.27,422.64,1,W,5,N
114,358.60,430.67,3,E,5,N
34,310.66,436.77,1,S,3,W
136,411.96,466.04,5,W,5,N
137,418.64,466.34,5,W,5,N
138,423.16,466.64,5,W,5,N
139,431.33,466.94,5,W,5,N
140,439.28,467.24,5,W,5,N
141,468.06,474.20,5,W,5,N
115,365.94,499.80,3,E,5,W
28,289.18,500.10,1,S,5,W
30,293.74,500.40,1,S,5,W
67,271.32,500.70,1,W,5,W
43,456.70,502.30,1,S,1,W
44,479.58,502.60,1,S,1,W
21,257.10,521.94,1,S,5,N
22,268.92,522.24,1,S,5,N
23,269.55,522.54,1,S,5,N
24,276.18,522.84,1,S,5,N
26,284.16,523.14,1,S,5,N
27,286.79,523.44,1,S,5,N
31,296.41,523.74,1,S,5,N
32,299.67,524.04,1,S,5,N
33,304.07,524.34,1,S,5,N
94,376.72,524.64,2,W,5,N
103,387.69,524.94,2,E,5,N
36,320.93,525.24,1,S,5,N
37,322.23,525.54,1,S,5,N
38,325.75,525.84,1,S,5,N
66,267.40,526.14,1,W,5,N
68,307.47,526.44,1,W,5,N
86,336.53,526.74,1,E,5,N
116,486.70,542.33,3,E,5,E
161,553.98,579.94,5,E,5,N
117,492.82,599.70,3,E,5,W
42,428.18,600.00,1,S,5,W
104,542.65,613.07,2,E,3,W
87,423.68,616.30,1,E,5,E
41,340.98,621.84,1,S,5,N
69,373.19,622.14,1,W,5,N
88,484.59,622.74,1,E,5,N
109,573.96,635.73,3,W,5,N
89,517.58,638.77,1,E,3,W
142,588.59,665.84,5,W,5,N
143,663.74,669.87,5,W,5,N
162,653.95,679.84,5,E,5,N
108,548.94,699.60,3,W,5,W
110,585.23,699.90,3,W,5,W
70,469.86,700.20,1,W,5,W
72,513.57,700.50,1,W,5,W
73,519.12,700.80,1,W,5,W
47,617.24,701.00,1,S,2,E
75,566.00,701.10,1,W,5,W
46,613.21,703.10,1,S,1,W
45,487.48,721.74,1,S,5,N
95,513.10,722.04,2,W,5,N
96,597.11,722.34,2,W,5,N
71,505.77,722.64,1,W,5,N
74,526.43,722.94,1,W,5,N
144,690.54,765.74,5,W,5,N
145,694.22,766.04,5,W,5,N
146,698.50,766.34,5,W,5,N
147,741.31,766.64,5,W,5,N
148,767.07,773.20,5,W,5,N
163,722.54,779.74,5,E,5,N
164,723.86,780.04,5,E,5,N
165,745.77,780.34,5,E,5,N
118,651.42,799.50,3,E,5,W
97,686.05,799.80,2,W,5,W
76,615.79,800.10,1,W,5,W
77,653.53,815.50,1,W,5,E
78,662.45,821.94,1,W,5,N
149,776.75,865.64,5,W,5,N
150,781.90,865.94,5,W,5,N
151,789.43,866.24,5,W,5,N
152,791.37,866.54,5,W,5,N
153,854.53,866.84,5,W,5,N
154,860.72,866.86,5,W,5,N
98,731.07,899.40,2,W,5,W
99,782.97,899.70,2,W,5,W
48,730.66,900.00,1,S,5,W
50,739.16,900.30,1,S,5,W
79,725.21,900.60,1,W,5,W
51,872.75,903.90,1,S,1,W
54,881.76,904.20,1,S,1,W
55,889.53,904.50,1,S,1,W
100,827.41,913.37,2,W,3,E
105,730.62,921.54,2,E,5,N
49,734.02,921.84,1,S,5,N
80,731.88,922.14,1,W,5,N
90,750.40,922.44,1,E,5,N
111,827.42,929.67,3,W,5,N
81,784.86,937.27,1,W,3,W
52,874.56,942.82,1,S,2,W
119,798.68,999.30,3,E,5,W
120,842.70,999.60,3,E,5,W
83,843.28,999.90,1,W,5,W
82,828.78,1021.44,1,W,5,N
53,876.98,1121.34,1,S,5,N