id,enter_time,exit_time,entrance_intersection,entrance_direction,exit_intersection,exit_direction
155,1.42,66.44,5,W,5,N
0,2.65,100.70,1,S,1,W
1,8.80,101.00,1,S,1,W
2,13.41,101.30,1,S,1,W
11,85.04,101.60,1,S,1,W
12,87.90,102.04,1,S,1,W
13,88.08,102.22,1,S,1,W
14,91.73,105.87,1,S,1,W
146,7.05,131.27,3,E,5,N
135,15.31,131.27,3,W,5,N
24,128.06,142.20,1,S,1,E
156,159.71,166.34,5,W,5,N
157,163.66,169.80,5,W,5,N
158,171.05,177.19,5,W,5,N
97,7.44,200.10,1,E,5,W
17,101.76,201.10,1,S,1,W
120,51.82,222.24,2,W,5,N
121,92.35,222.54,2,W,5,N
3,16.00,222.84,1,S,5,N
4,22.71,223.14,1,S,5,N
5,30.21,223.44,1,S,5,N
6,30.65,223.74,1,S,5,N
59,15.24,224.04,1,W,5,N
60,55.00,224.34,1,W,5,N
136,114.59,231.07,3,W,5,N
62,110.07,239.27,1,W,3,E
27,146.97,240.02,1,S,2,W
159,181.62,266.24,5,W,5,N
160,189.94,266.54,5,W,5,N
161,220.03,266.84,5,W,5,N
162,223.04,267.14,5,W,5,N
163,236.26,267.44,5,W,5,N
182,260.60,280.24,5,E,5,N
137,151.74,300.00,3,W,5,W
61,103.76,300.30,1,W,5,W
100,130.58,300.60,1,E,5,W
102,150.18,300.90,1,E,5,W
103,223.37,302.10,1,E,2,W
7,48.35,316.00,1,S,5,E
18,108.35,318.40,1,S,5,E
22,118.88,319.60,1,S,5,E
25,128.42,320.20,1,S,5,E
8,48.54,322.44,1,S,5,N
9,54.74,322.74,1,S,5,N
10,62.50,323.04,1,S,5,N
15,92.69,323.34,1,S,5,N
16,100.62,323.64,1,S,5,N
122,116.26,323.94,2,W,5,N
130,191.60,324.24,2,E,5,N
19,108.63,324.84,1,S,5,N
20,112.81,325.14,1,S,5,N
21,118.49,325.44,1,S,5,N
23,125.82,326.04,1,S,5,N
26,133.47,326.64,1,S,5,N
98,116.24,326.94,1,E,5,N
99,126.33,327.24,1,E,5,N
101,138.97,327.54,1,E,5,N
147,214.93,330.87,3,E,5,N
148,293.45,355.22,3,E,5,N
183,362.67,380.14,5,E,5,N
184,387.17,393.31,5,E,5,N
105,258.38,399.90,1,E,5,W
28,324.81,400.70,1,S,2,W
34,382.94,401.90,1,S,1,W
36,392.44,415.90,1,S,1,E
63,173.99,422.04,1,W,5,N
64,180.12,422.34,1,W,5,N
65,186.82,422.64,1,W,5,N
66,190.98,422.94,1,W,5,N
67,232.68,423.24,1,W,5,N
104,227.19,423.54,1,E,5,N
138,363.33,430.67,3,W,5,N
30,337.34,437.37,1,S,3,W
164,434.47,466.04,5,W,5,N
165,435.67,466.34,5,W,5,N
166,439.99,466.64,5,W,5,N
167,440.44,466.94,5,W,5,N
168,450.61,467.24,5,W,5,N
169,458.20,467.54,5,W,5,N
29,331.75,499.80,1,S,5,W
69,296.02,500.10,1,W,5,W
107,325.46,500.40,1,E,5,W
110,423.80,501.70,1,E,2,W
37,479.60,515.10,1,S,1,E
38,484.03,515.40,1,S,1,E
70,326.55,516.40,1,W,5,E
131,356.66,521.94,2,E,5,N
68,289.38,522.24,1,W,5,N
71,327.75,522.84,1,W,5,N
106,302.31,523.14,1,E,5,N
108,399.55,523.51,1,E,5,N
139,452.00,530.47,3,W,5,N
149,461.24,530.47,3,E,5,N
73,457.47,599.70,1,W,5,W
112,571.47,602.40,1,E,2,E
31,339.25,615.70,1,S,5,E
32,344.52,622.14,1,S,5,N
33,375.34,622.44,1,S,5,N
35,387.06,622.74,1,S,5,N
123,481.73,623.04,2,W,5,N
72,405.66,623.34,1,W,5,N
109,423.63,623.64,1,E,5,N
140,515.95,630.27,3,W,5,N
170,576.47,665.84,5,W,5,N
171,585.24,666.14,5,W,5,N
172,663.16,669.30,5,W,5,N
173,669.38,675.52,5,W,5,N
185,604.64,679.84,5,E,5,N
186,605.24,680.14,5,E,5,N
141,561.54,699.60,3,W,5,W
74,494.23,699.90,1,W,5,W
39,619.35,701.00,1,S,2,W
76,503.45,716.50,1,W,5,E
124,534.00,721.74,2,W,5,N
132,506.20,722.04,2,E,5,N
75,498.79,722.34,1,W,5,N
77,513.60,722.94,1,W,5,N
111,530.21,723.24,1,E,5,N
113,580.04,723.54,1,E,5,N
142,647.84,730.07,3,W,5,N
150,697.25,759.02,3,E,5,N
174,747.38,765.74,5,W,5,N
133,691.07,799.50,2,E,5,W
78,598.46,799.80,1,W,5,W
43,772.57,816.90,1,S,1,E
83,663.80,817.60,1,W,5,E
125,659.41,821.64,2,W,5,N
126,694.21,821.94,2,W,5,N
40,629.12,822.24,1,S,5,N
79,602.83,822.54,1,W,5,N
80,609.95,822.84,1,W,5,N
81,623.86,823.14,1,W,5,N
82,625.67,823.44,1,W,5,N
143,711.53,823.73,3,W,5,E
151,701.74,829.87,3,E,5,N
144,731.43,830.17,3,W,5,N
145,748.08,830.47,3,W,5,N
50,825.65,839.78,1,S,1,E
52,836.00,850.14,1,S,1,E
175,776.94,865.64,5,W,5,N
176,784.68,865.94,5,W,5,N
177,812.84,866.24,5,W,5,N
178,819.17,866.54,5,W,5,N
179,845.61,866.84,5,W,5,N
180,849.44,867.14,5,W,5,N
181,853.26,867.44,5,W,5,N
187,819.71,879.64,5,E,5,N
114,695.60,899.40,1,E,5,W
84,667.56,899.70,1,W,5,W
85,672.97,900.00,1,W,5,W
87,681.26,900.30,1,W,5,W
88,687.07,900.60,1,W,5,W
89,692.39,900.90,1,W,5,W
91,763.13,901.20,1,W,5,W
115,706.42,901.50,1,E,5,W
49,818.95,903.90,1,S,1,W
55,877.57,904.20,1,S,1,W
56,883.91,904.50,1,S,1,W
117,778.55,916.90,1,E,5,E
127,744.55,921.54,2,W,5,N
128,768.34,921.84,2,W,5,N
86,673.47,922.14,1,W,5,N
90,697.47,922.44,1,W,5,N
116,764.57,922.74,1,E,5,N
118,783.36,923.34,1,E,5,N
119,799.39,923.35,1,E,5,N
53,866.86,998.30,1,S,3,W
152,824.71,999.30,3,E,5,W
153,828.79,999.60,3,E,5,W
154,854.26,999.90,3,E,5,W
44,780.52,1000.20,1,S,5,W
46,794.09,1000.50,1,S,5,W
47,800.31,1000.80,1,S,5,W
134,834.36,1001.10,2,E,5,W
48,810.60,1001.40,1,S,5,W
51,830.28,1001.70,1,S,5,W
41,752.59,1021.44,1,S,5,N
42,759.23,1021.74,1,S,5,N
45,781.19,1022.04,1,S,5,N
129,826.76,1022.34,2,W,5,N
92,818.03,1022.64,1,W,5,N
93,827.07,1022.94,1,W,5,N
94,832.41,1023.24,1,W,5,N
96,881.76,1037.67,1,W,3,E
54,871.00,1099.20,1,S,5,W
57,886.80,1099.50,1,S,5,W
58,894.13,1121.34,1,S,5,N
95,872.59,1121.64,1,W,5,N