id,enter_time,exit_time,entrance_intersection,entrance_direction,exit_intersection,exit_direction
0,4.16,18.30,1,S,1,E
96,5.10,66.44,5,W,5,N
97,11.09,66.74,5,W,5,N
98,14.64,67.04,5,W,5,N
99,21.86,67.34,5,W,5,N
100,23.79,67.64,5,W,5,N
101,32.51,67.94,5,W,5,N
102,34.40,68.24,5,W,5,N
103,69.78,75.92,5,W,5,N
128,31.73,80.44,5,E,5,N
129,54.47,80.74,5,E,5,N
1,6.99,100.70,1,S,1,W
104,75.53,166.34,5,W,5,N
105,138.07,166.64,5,W,5,N
106,145.47,166.94,5,W,5,N
78,4.39,200.10,3,W,5,W
30,60.15,200.40,1,W,5,W
2,134.28,200.50,1,S,2,E
4,156.89,201.10,1,S,1,W
65,45.56,222.24,2,W,5,N
79,117.23,231.07,3,W,5,N
85,189.94,251.71,3,E,5,N
107,253.88,266.24,5,W,5,N
108,267.76,273.90,5,W,5,N
66,105.10,300.00,2,W,5,W
58,114.17,317.50,1,E,5,E
72,104.42,322.14,2,E,5,N
31,125.37,322.44,1,W,5,N
32,129.88,322.74,1,W,5,N
33,141.43,323.04,1,W,5,N
57,109.39,323.34,1,E,5,N
86,240.27,330.87,3,E,5,N
80,201.42,330.87,3,W,5,N
81,255.85,331.17,3,W,5,N
87,262.20,331.17,3,E,5,N
7,330.14,344.27,1,S,1,E
109,277.63,366.14,5,W,5,N
110,283.52,366.44,5,W,5,N
111,289.62,366.74,5,W,5,N
112,296.32,367.04,5,W,5,N
113,301.10,367.34,5,W,5,N
130,334.00,380.14,5,E,5,N
3,151.54,399.90,1,S,5,W
73,289.11,400.20,2,E,5,W
37,201.50,400.50,1,W,5,W
10,337.97,401.90,1,S,1,W
15,384.87,402.20,1,S,1,W
40,336.04,402.20,1,W,2,W
13,375.31,415.30,1,S,1,E
16,385.77,415.90,1,S,1,E
67,256.57,422.04,2,W,5,N
34,176.57,422.34,1,W,5,N
35,188.70,422.64,1,W,5,N
36,195.42,422.94,1,W,5,N
38,251.11,423.24,1,W,5,N
59,241.01,423.54,1,E,5,N
5,318.89,436.77,1,S,3,W
61,391.09,453.28,1,E,3,W
114,413.57,466.04,5,W,5,N
115,418.44,466.34,5,W,5,N
116,424.55,466.64,5,W,5,N
117,468.18,474.32,5,W,5,N
69,393.13,499.80,2,W,5,W
6,322.51,500.10,1,S,5,W
41,342.15,500.40,1,W,5,W
74,345.72,521.94,2,E,5,N
68,339.90,522.24,2,W,5,N
8,333.99,522.54,1,S,5,N
9,336.11,522.84,1,S,5,N
39,328.92,523.14,1,W,5,N
42,349.35,523.44,1,W,5,N
60,345.78,523.74,1,E,5,N
88,438.22,530.47,3,E,5,N
18,533.85,547.99,1,S,1,E
118,492.43,565.94,5,W,5,N
119,500.34,566.24,5,W,5,N
120,505.29,566.54,5,W,5,N
121,534.04,566.84,5,W,5,N
122,543.46,567.14,5,W,5,N
131,537.70,579.94,5,E,5,N
82,474.99,599.70,3,W,5,W
89,484.75,600.00,3,E,5,W
43,413.54,600.30,1,W,5,W
44,419.02,600.60,1,W,5,W
47,535.71,601.50,1,W,2,W
11,340.55,621.84,1,S,5,N
12,354.79,622.14,1,S,5,N
14,383.11,622.44,1,S,5,N
17,394.89,622.74,1,S,5,N
46,481.19,637.27,1,W,3,E
49,619.48,701.30,1,W,2,W
75,502.10,721.74,2,E,5,N
70,506.07,722.04,2,W,5,N
45,477.13,722.34,1,W,5,N
62,579.53,722.64,1,E,5,N
90,663.69,730.07,3,E,5,N
76,698.92,735.00,2,E,3,E
123,688.32,765.74,5,W,5,N
124,688.36,766.04,5,W,5,N
132,707.00,779.74,5,E,5,N
133,728.29,780.04,5,E,5,N
50,626.54,799.50,1,W,5,W
23,707.17,801.10,1,S,2,W
19,548.31,821.64,1,S,5,N
20,551.29,821.94,1,S,5,N
21,567.11,822.24,1,S,5,N
22,568.86,822.54,1,S,5,N
48,611.76,822.84,1,W,5,N
51,665.15,823.14,1,W,5,N
83,739.45,829.87,3,W,5,N
125,835.94,865.64,5,W,5,N
126,842.95,865.94,5,W,5,N
127,845.83,866.24,5,W,5,N
134,808.66,879.64,5,E,5,N
135,867.02,879.94,5,E,5,N
136,868.21,880.24,5,E,5,N
137,873.97,880.54,5,E,5,N
28,888.95,903.90,1,S,1,W
77,854.65,913.37,2,E,3,E
24,717.17,921.54,1,S,5,N
52,757.22,921.84,1,W,5,N
63,768.36,922.14,1,E,5,N
91,806.13,929.67,3,E,5,N
84,822.90,929.67,3,W,5,N
92,861.86,929.97,3,E,5,N
93,867.23,999.30,3,E,5,W
94,874.11,999.60,3,E,5,W
95,881.62,999.90,3,E,5,W
25,740.27,1015.30,1,S,5,E
71,848.94,1021.74,2,W,5,N
53,826.79,1022.04,1,W,5,N
54,833.45,1022.34,1,W,5,N
55,839.96,1022.64,1,W,5,N
64,847.85,1022.94,1,E,5,N
26,876.36,1099.20,1,S,5,W
27,886.42,1099.50,1,S,5,W
29,894.72,1115.20,1,S,5,E
56,877.56,1121.64,1,W,5,N