id,enter_time,exit_time,entrance_intersection,entrance_direction,exit_intersection,exit_direction
130,7.37,80.44,5,E,5,N
1,12.17,100.70,1,S,1,W
2,15.71,101.00,1,S,1,W
5,35.71,101.30,1,S,1,W
80,62.49,131.57,3,W,5,N
97,111.42,166.34,5,W,5,N
98,160.26,166.40,5,W,5,N
87,22.60,200.10,3,E,5,W
79,25.57,200.40,3,W,5,W
81,78.01,200.70,3,W,5,W
88,86.11,201.00,3,E,5,W
73,72.87,201.30,2,E,5,W
3,23.22,201.60,1,S,5,W
7,196.89,211.03,1,S,1,W
0,6.71,222.24,1,S,5,N
4,33.75,222.54,1,S,5,N
27,48.60,222.84,1,W,5,N
52,178.82,241.01,1,E,3,E
99,217.59,266.24,5,W,5,N
100,251.74,266.54,5,W,5,N
101,256.30,266.84,5,W,5,N
89,114.32,300.00,3,E,5,W
90,187.02,300.30,3,E,5,W
69,178.49,300.60,2,W,5,W
28,133.22,300.90,1,W,5,W
50,112.93,301.20,1,E,5,W
9,206.42,301.50,1,S,1,W
67,137.17,322.14,2,W,5,N
74,121.43,322.44,2,E,5,N
68,146.30,322.74,2,W,5,N
51,134.98,323.04,1,E,5,N
54,261.54,339.37,1,E,3,W
102,281.54,366.14,5,W,5,N
103,282.52,366.44,5,W,5,N
104,289.62,366.74,5,W,5,N
105,358.75,367.04,5,W,5,N
106,365.84,371.97,5,W,5,N
107,372.06,378.20,5,W,5,N
131,300.45,380.14,5,E,5,N
132,323.87,380.44,5,E,5,N
75,287.37,399.90,2,E,5,W
11,210.67,400.20,1,S,5,W
12,212.99,400.50,1,S,5,W
30,191.09,400.80,1,W,5,W
13,219.63,416.80,1,S,5,E
6,192.83,422.04,1,S,5,N
8,201.78,422.34,1,S,5,N
10,206.53,422.64,1,S,5,N
14,225.93,423.24,1,S,5,N
15,228.58,423.54,1,S,5,N
29,165.73,423.84,1,W,5,N
53,209.15,424.14,1,E,5,N
82,330.76,430.67,3,W,5,N
91,340.51,430.67,3,E,5,N
16,397.96,440.82,1,S,2,W
83,381.56,443.33,3,W,5,N
108,374.92,466.04,5,W,5,N
109,381.98,466.34,5,W,5,N
110,390.19,466.64,5,W,5,N
111,399.56,466.94,5,W,5,N
112,403.95,467.24,5,W,5,N
113,410.53,467.54,5,W,5,N
114,415.83,467.84,5,W,5,N
115,425.76,468.14,5,W,5,N
116,433.94,468.44,5,W,5,N
117,469.19,475.32,5,W,5,N
118,471.72,477.86,5,W,5,N
33,354.21,499.80,1,W,5,W
55,305.42,500.10,1,E,5,W
31,285.81,521.94,1,W,5,N
32,295.67,522.24,1,W,5,N
56,329.07,522.54,1,E,5,N
57,376.31,522.84,1,E,5,N
84,469.48,531.25,3,W,5,N
94,482.87,544.64,3,E,5,N
20,535.51,549.64,1,S,1,E
119,498.37,565.94,5,W,5,N
120,508.01,566.24,5,W,5,N
121,514.85,566.54,5,W,5,N
122,552.72,566.84,5,W,5,N
92,417.98,599.70,3,E,5,W
93,453.76,600.00,3,E,5,W
35,415.11,600.30,1,W,5,W
17,520.64,602.70,1,S,1,W
18,521.10,603.00,1,S,1,W
76,460.40,615.70,2,E,5,E
34,409.68,622.14,1,W,5,N
58,444.58,622.44,1,E,5,N
19,527.87,636.97,1,S,3,W
123,649.61,665.84,5,W,5,N
124,661.00,667.13,5,W,5,N
125,661.26,667.40,5,W,5,N
133,623.40,679.84,5,E,5,N
85,528.18,699.60,3,W,5,W
37,489.83,699.90,1,W,5,W
39,558.35,700.20,1,W,5,W
59,548.81,700.50,1,E,5,W
46,657.15,702.80,1,W,2,E
61,633.71,703.10,1,E,2,W
22,678.00,703.10,1,S,1,W
134,697.70,703.84,5,E,5,N
24,696.43,716.20,1,S,1,E
60,591.90,716.50,1,E,5,E
70,507.15,721.74,2,W,5,N
36,481.96,722.04,1,W,5,N
38,495.33,722.34,1,W,5,N
95,616.58,730.07,3,E,5,N
45,649.38,738.57,1,W,3,W
26,703.43,743.69,1,S,2,E
126,728.28,765.74,5,W,5,N
127,733.19,766.04,5,W,5,N
135,721.00,779.74,5,E,5,N
136,791.99,798.13,5,E,5,N
40,622.84,799.50,1,W,5,W
41,625.20,799.80,1,W,5,W
62,644.22,817.30,1,E,5,E
21,541.49,821.64,1,S,5,N
77,646.76,821.94,2,E,5,N
71,656.56,822.24,2,W,5,N
42,632.65,822.54,1,W,5,N
43,640.42,822.84,1,W,5,N
44,645.37,823.14,1,W,5,N
63,678.78,823.74,1,E,5,N
86,732.33,829.87,3,W,5,N
128,775.24,865.64,5,W,5,N
129,815.92,865.94,5,W,5,N
137,865.30,879.64,5,E,5,N
138,870.89,879.94,5,E,5,N
72,706.51,899.40,2,W,5,W
64,757.18,899.70,1,E,5,W
139,894.42,900.55,5,E,5,N
23,690.50,921.54,1,S,5,N
25,700.84,921.84,1,S,5,N
47,729.72,922.14,1,W,5,N
48,756.42,922.44,1,W,5,N
96,827.15,929.67,3,E,5,N
78,832.28,999.30,2,E,5,W
49,836.65,1021.44,1,W,5,N
65,816.78,1021.74,1,E,5,N
66,823.22,1022.04,1,E,5,N