id,enter_time,exit_time,entrance_intersection,entrance_direction,exit_intersection,exit_direction
131,30.78,66.44,5,W,5,N
159,26.31,80.44,5,E,5,N
132,165.71,171.85,5,W,5,N
133,166.97,173.11,5,W,5,N
134,172.82,178.96,5,W,5,N
120,65.87,200.10,3,W,5,W
57,37.90,200.40,1,W,5,W
58,51.33,200.70,1,W,5,W
59,56.83,201.00,1,W,5,W
6,172.78,201.10,1,S,1,W
90,8.91,201.30,1,E,5,W
93,177.64,203.76,1,E,2,E
4,160.70,214.80,1,S,1,E
0,3.82,222.24,1,S,5,N
106,82.26,222.54,2,W,5,N
60,64.25,222.84,1,W,5,N
91,39.94,223.14,1,E,5,N
64,155.34,237.47,1,W,3,E
135,175.92,266.24,5,W,5,N
124,172.06,300.00,3,E,5,W
113,146.44,300.30,2,E,5,W
62,130.54,300.60,1,W,5,W
94,189.19,307.02,1,E,5,W
8,294.79,314.60,1,S,1,E
61,85.17,322.14,1,W,5,N
63,143.02,322.44,1,W,5,N
92,123.23,322.74,1,E,5,N
66,225.15,336.97,1,W,3,E
136,329.10,366.14,5,W,5,N
137,330.25,366.44,5,W,5,N
138,336.44,366.74,5,W,5,N
139,336.61,367.04,5,W,5,N
160,314.88,380.14,5,E,5,N
2,145.53,399.90,1,S,5,W
5,166.63,400.20,1,S,5,W
95,250.14,400.50,1,E,5,W
15,335.29,401.60,1,S,2,E
10,300.40,401.90,1,S,1,W
12,306.08,402.20,1,S,1,W
18,353.29,402.50,1,S,1,W
22,366.76,402.80,1,S,1,W
23,374.19,403.10,1,S,1,W
25,384.59,403.40,1,S,1,W
16,341.56,414.70,1,S,1,E
1,141.64,415.90,1,S,5,E
3,156.78,422.34,1,S,5,N
114,220.75,422.64,2,E,5,N
65,223.82,422.94,1,W,5,N
96,271.24,423.24,1,E,5,N
125,349.11,430.67,3,E,5,N
121,351.89,430.67,3,W,5,N
140,455.18,466.04,5,W,5,N
161,481.73,487.86,5,E,5,N
7,289.13,499.80,1,S,5,W
9,295.64,500.10,1,S,5,W
68,330.95,500.40,1,W,5,W
69,362.97,500.70,1,W,5,W
33,429.28,501.70,1,S,2,W
29,408.65,502.30,1,S,1,W
31,421.57,502.60,1,S,1,W
13,313.61,516.40,1,S,5,E
115,323.30,521.94,2,E,5,N
11,305.63,522.24,1,S,5,N
14,323.36,522.84,1,S,5,N
67,316.23,523.14,1,W,5,N
70,364.51,523.44,1,W,5,N
97,314.72,523.74,1,E,5,N
108,494.13,530.20,2,W,3,W
127,477.11,532.74,3,E,5,E
141,504.89,565.94,5,W,5,N
142,521.11,566.24,5,W,5,N
143,527.03,566.54,5,W,5,N
144,565.07,571.21,5,W,5,N
145,565.97,572.10,5,W,5,N
126,423.77,599.70,3,E,5,W
128,483.19,600.00,3,E,5,W
19,359.79,600.30,1,S,5,W
116,419.53,600.60,2,E,5,W
32,425.28,600.90,1,S,5,W
35,438.42,601.20,1,S,5,W
100,490.04,607.87,1,E,5,W
107,474.35,617.50,2,W,5,E
99,475.88,619.30,1,E,5,E
17,348.87,621.84,1,S,5,N
20,362.67,622.14,1,S,5,N
21,362.94,622.44,1,S,5,N
24,380.21,622.74,1,S,5,N
26,397.81,623.04,1,S,5,N
27,400.28,623.34,1,S,5,N
28,407.10,623.94,1,S,5,N
129,562.68,624.13,3,E,5,E
30,414.02,624.24,1,S,5,N
34,433.20,624.54,1,S,5,N
71,441.74,624.84,1,W,5,N
98,469.31,625.14,1,E,5,N
73,486.56,637.27,1,W,3,W
146,592.06,665.84,5,W,5,N
147,597.15,666.14,5,W,5,N
148,604.74,666.44,5,W,5,N
149,608.80,666.74,5,W,5,N
150,615.80,667.04,5,W,5,N
151,620.25,667.34,5,W,5,N
152,629.81,667.64,5,W,5,N
153,635.91,667.94,5,W,5,N
154,644.68,668.24,5,W,5,N
37,468.49,699.60,1,S,5,W
109,534.31,699.90,2,W,5,W
75,581.77,701.00,1,W,2,W
42,657.20,703.10,1,S,1,W
45,667.55,703.40,1,S,1,W
46,669.26,703.70,1,S,1,W
48,695.30,709.44,1,S,1,W
74,493.54,716.80,1,W,5,E
44,665.62,717.10,1,S,1,E
47,688.76,717.40,1,S,1,E
50,699.41,718.00,1,S,1,E
36,461.13,721.74,1,S,5,N
38,474.46,722.04,1,S,5,N
118,686.10,722.18,2,E,3,E
117,515.86,722.34,2,E,5,N
72,484.51,722.64,1,W,5,N
101,519.07,723.24,1,E,5,N
102,586.42,723.54,1,E,5,N
162,778.95,785.08,5,E,5,N
39,646.79,798.70,1,S,3,W
122,601.35,799.50,3,W,5,W
123,658.77,799.80,3,W,5,W
110,674.86,800.10,2,W,5,W
163,796.20,802.33,5,E,5,N
51,711.37,803.50,1,S,1,W
52,714.65,803.80,1,S,1,W
53,716.35,804.10,1,S,1,W
111,717.26,813.27,2,W,3,E
76,582.51,821.64,1,W,5,N
77,587.56,821.94,1,W,5,N
130,746.21,829.87,3,E,5,N
155,788.63,865.64,5,W,5,N
156,794.02,865.94,5,W,5,N
157,820.58,866.24,5,W,5,N
164,835.74,879.64,5,E,5,N
40,650.25,899.40,1,S,5,W
81,757.37,899.70,1,W,5,W
55,861.54,903.90,1,S,1,W
41,652.10,921.54,1,S,5,N
43,664.61,921.84,1,S,5,N
49,699.22,922.14,1,S,5,N
112,730.90,922.44,2,W,5,N
54,718.02,922.74,1,S,5,N
78,682.03,923.04,1,W,5,N
79,686.13,923.34,1,W,5,N
80,717.36,923.64,1,W,5,N
82,765.67,923.94,1,W,5,N
103,705.31,924.24,1,E,5,N
158,895.92,965.54,5,W,5,N
84,775.92,999.30,1,W,5,W
85,782.07,999.60,1,W,5,W
87,802.52,999.90,1,W,5,W
119,811.00,1021.44,2,E,5,N
83,770.74,1021.74,1,W,5,N
86,788.08,1022.04,1,W,5,N
88,809.33,1022.34,1,W,5,N
104,878.40,1022.64,1,E,5,N
105,899.88,1023.84,1,E,5,N
89,891.70,1099.20,1,W,5,W
56,867.94,1115.20,1,S,5,E