id,enter_time,exit_time,entrance_intersection,entrance_direction,exit_intersection,exit_direction
0,6.42,20.56,1,S,1,E
4,27.29,41.42,1,S,1,E
155,26.46,66.44,5,W,5,N
156,37.01,66.74,5,W,5,N
157,40.94,67.04,5,W,5,N
158,46.42,67.34,5,W,5,N
183,83.82,89.96,5,E,5,N
1,14.01,100.70,1,S,1,W
2,18.38,101.00,1,S,1,W
89,12.39,102.80,1,E,2,W
134,36.63,125.13,3,E,5,E
124,38.52,131.57,3,W,5,N
58,14.65,137.67,1,W,3,W
91,25.31,139.47,1,E,3,E
159,74.96,166.34,5,W,5,N
123,4.64,200.10,3,W,5,W
7,35.95,200.40,1,S,5,W
10,62.84,200.50,1,S,3,E
60,43.23,200.70,1,W,5,W
95,136.31,201.70,1,E,2,W
13,202.05,216.18,1,S,1,E
3,23.84,216.40,1,S,5,E
6,31.99,217.00,1,S,5,E
90,19.70,217.90,1,E,5,E
108,52.76,222.24,2,W,5,N
5,31.67,222.84,1,S,5,N
59,35.78,223.44,1,W,5,N
88,4.87,223.74,1,E,5,N
92,69.14,224.34,1,E,5,N
135,112.59,231.07,3,E,5,N
136,120.40,231.37,3,E,5,N
137,126.29,231.67,3,E,5,N
139,137.95,232.27,3,E,5,N
140,172.52,234.29,3,E,5,N
160,214.51,266.24,5,W,5,N
161,221.26,266.54,5,W,5,N
162,226.78,266.84,5,W,5,N
138,133.32,300.00,3,E,5,W
110,159.28,300.30,2,W,5,W
94,132.07,300.60,1,E,5,W
16,215.25,301.50,1,S,1,W
20,249.00,301.80,1,S,1,W
21,252.82,302.10,1,S,1,W
26,278.25,302.40,1,S,1,W
184,298.83,304.96,5,E,5,N
28,295.39,315.80,1,S,1,E
8,40.87,316.00,1,S,5,E
9,57.07,322.44,1,S,5,N
11,64.11,322.74,1,S,5,N
12,76.55,323.04,1,S,5,N
109,104.00,323.34,2,W,5,N
117,164.71,323.64,2,E,5,N
61,143.41,323.94,1,W,5,N
62,146.73,324.24,1,W,5,N
93,110.69,324.54,1,E,5,N
96,177.29,324.84,1,E,5,N
22,253.04,340.42,1,S,2,W
99,288.01,350.20,1,E,3,E
163,360.35,366.48,5,W,5,N
185,367.00,380.14,5,E,5,N
111,260.67,399.90,2,W,5,W
25,270.68,400.10,1,S,3,W
14,209.50,400.20,1,S,5,W
63,213.51,417.40,1,W,5,E
118,230.18,422.04,2,E,5,N
15,214.67,422.34,1,S,5,N
17,226.85,422.64,1,S,5,N
18,231.17,422.94,1,S,5,N
19,237.33,423.24,1,S,5,N
64,218.07,423.84,1,W,5,N
97,238.58,424.14,1,E,5,N
98,243.96,424.44,1,E,5,N
125,313.59,430.67,3,W,5,N
141,304.01,430.67,3,E,5,N
142,308.84,430.97,3,E,5,N
143,347.30,431.27,3,E,5,N
144,355.02,431.57,3,E,5,N
164,388.13,466.04,5,W,5,N
165,397.70,466.34,5,W,5,N
166,399.87,466.64,5,W,5,N
167,407.55,466.94,5,W,5,N
168,408.13,467.24,5,W,5,N
169,436.53,467.54,5,W,5,N
170,445.76,467.84,5,W,5,N
186,438.27,480.04,5,E,5,N
24,265.57,499.80,1,S,5,W
27,288.99,500.10,1,S,5,W
113,353.02,500.40,2,W,5,W
65,278.68,500.70,1,W,5,W
67,325.53,501.00,1,W,5,W
70,420.22,501.40,1,W,2,W
187,496.28,502.42,5,E,5,N
23,259.44,515.80,1,S,5,E
29,298.36,522.24,1,S,5,N
119,325.32,522.54,2,E,5,N
112,305.57,522.84,2,W,5,N
30,328.31,523.14,1,S,5,N
66,284.50,523.44,1,W,5,N
145,419.05,530.47,3,E,5,N
147,475.93,537.70,3,E,5,N
31,502.48,542.73,1,S,2,W
171,569.10,575.24,5,W,5,N
172,569.79,575.92,5,W,5,N
188,506.35,579.94,5,E,5,N
189,516.85,580.24,5,E,5,N
146,424.59,599.70,3,E,5,W
148,482.59,600.00,3,E,5,W
68,389.71,600.30,1,W,5,W
71,428.06,600.60,1,W,5,W
69,397.56,621.84,1,W,5,N
72,432.19,622.14,1,W,5,N
73,438.08,622.44,1,W,5,N
37,524.85,638.17,1,S,3,W
127,579.12,640.89,3,W,5,N
126,570.91,699.60,3,W,5,W
120,502.72,699.90,2,E,5,W
33,510.18,700.20,1,S,5,W
34,515.11,700.50,1,S,5,W
35,517.71,700.80,1,S,5,W
74,475.88,701.10,1,W,5,W
81,658.66,702.20,1,W,2,W
43,678.82,703.10,1,S,1,W
42,671.53,716.80,1,S,1,E
48,706.24,720.38,1,S,1,E
32,503.16,721.74,1,S,5,N
121,579.74,722.04,2,E,5,N
36,523.87,722.34,1,S,5,N
38,525.86,722.64,1,S,5,N
75,512.37,722.94,1,W,5,N
76,528.18,723.24,1,W,5,N
100,560.13,723.54,1,E,5,N
128,658.25,730.07,3,W,5,N
149,603.54,730.07,3,E,5,N
150,610.79,730.37,3,E,5,N
129,666.41,730.37,3,W,5,N
130,673.31,735.08,3,W,5,N
80,650.75,737.97,1,W,3,W
45,690.45,743.52,1,S,2,W
173,685.80,765.74,5,W,5,N
174,728.40,766.04,5,W,5,N
190,704.94,779.74,5,E,5,N
191,709.72,780.04,5,E,5,N
39,656.92,798.70,1,S,3,E
79,612.56,799.50,1,W,5,W
101,616.84,799.80,1,E,5,W
104,676.37,800.10,1,E,5,W
50,738.24,803.50,1,S,1,W
54,757.82,803.80,1,S,1,W
102,630.93,816.40,1,E,5,E
114,668.41,821.64,2,W,5,N
77,595.19,821.94,1,W,5,N
78,602.97,822.24,1,W,5,N
103,634.41,822.84,1,E,5,N
151,730.94,829.87,3,E,5,N
131,717.04,829.87,3,W,5,N
152,738.79,830.17,3,E,5,N
56,767.04,843.62,1,S,2,W
132,792.18,853.95,3,W,5,N
175,781.19,865.64,5,W,5,N
176,790.29,865.94,5,W,5,N
177,799.93,866.24,5,W,5,N
178,825.11,866.54,5,W,5,N
179,831.66,866.84,5,W,5,N
180,839.06,867.14,5,W,5,N
181,846.37,867.44,5,W,5,N
182,856.55,867.74,5,W,5,N
192,816.24,879.64,5,E,5,N
193,836.35,879.94,5,E,5,N
41,663.79,899.40,1,S,5,W
44,685.39,899.70,1,S,5,W
82,681.31,900.00,1,W,5,W
83,689.06,900.30,1,W,5,W
85,737.47,900.60,1,W,5,W
40,657.37,921.54,1,S,5,N
46,697.77,921.84,1,S,5,N
47,703.96,922.14,1,S,5,N
122,720.76,922.44,2,E,5,N
115,779.78,922.74,2,W,5,N
49,717.73,923.04,1,S,5,N
84,730.65,923.34,1,W,5,N
153,876.11,937.88,3,E,5,N
154,880.31,942.08,3,E,5,N
133,883.64,999.30,3,W,5,W
52,751.52,999.60,1,S,5,W
55,764.88,999.90,1,S,5,W
57,770.76,1000.20,1,S,5,W
116,832.10,1000.50,2,W,5,W
87,842.72,1000.80,1,W,5,W
53,756.74,1015.60,1,S,5,E
51,750.36,1021.44,1,S,5,N
86,775.66,1022.04,1,W,5,N
105,815.12,1022.34,1,E,5,N
106,838.53,1022.64,1,E,5,N
107,849.96,1022.94,1,E,5,N