id,enter_time,exit_time,entrance_intersection,entrance_direction,exit_intersection,exit_direction
129,20.38,66.44,5,W,5,N
120,4.59,131.27,3,E,5,N
113,55.11,131.27,3,W,5,N
130,79.67,166.34,5,W,5,N
131,85.18,166.64,5,W,5,N
132,108.20,166.94,5,W,5,N
133,113.64,167.24,5,W,5,N
0,4.54,200.10,1,S,5,W
4,159.66,214.50,1,S,1,E
97,58.31,222.24,2,W,5,N
1,9.31,222.54,1,S,5,N
77,23.13,222.84,1,E,5,N
114,122.99,231.07,3,W,5,N
115,128.93,231.37,3,W,5,N
50,155.10,236.87,1,W,3,E
134,246.10,266.24,5,W,5,N
155,274.11,280.25,5,E,5,N
156,274.74,280.88,5,E,5,N
157,289.41,295.54,5,E,5,N
98,154.52,300.00,2,W,5,W
99,172.81,300.30,2,W,5,W
78,101.53,300.60,1,E,5,W
12,199.69,301.50,1,S,1,W
79,217.04,302.10,1,E,2,W
108,189.72,322.14,2,E,5,N
49,90.10,322.44,1,W,5,N
121,224.11,330.87,3,E,5,N
123,285.53,347.30,3,E,5,N
135,365.86,372.00,5,W,5,N
136,371.88,378.02,5,W,5,N
158,301.55,380.14,5,E,5,N
116,212.16,399.90,3,W,5,W
122,278.26,400.20,3,E,5,W
3,153.97,400.50,1,S,5,W
9,176.23,400.80,1,S,5,W
10,180.53,401.10,1,S,5,W
100,231.32,401.40,2,W,5,W
51,171.05,401.70,1,W,5,W
13,339.85,401.90,1,S,1,W
55,255.85,402.00,1,W,5,W
14,343.21,402.20,1,S,1,W
80,221.08,402.30,1,E,5,W
16,347.40,402.50,1,S,1,W
19,371.12,402.80,1,S,1,W
7,173.46,416.80,1,S,5,E
2,148.75,422.04,1,S,5,N
5,165.73,422.34,1,S,5,N
6,172.70,422.64,1,S,5,N
8,175.05,423.24,1,S,5,N
11,189.65,423.54,1,S,5,N
52,185.98,423.84,1,W,5,N
53,207.35,424.14,1,W,5,N
54,212.02,424.44,1,W,5,N
81,293.03,424.74,1,E,5,N
22,379.92,442.32,1,S,2,W
137,379.08,466.04,5,W,5,N
138,383.28,466.34,5,W,5,N
139,387.65,466.64,5,W,5,N
140,393.86,466.94,5,W,5,N
141,453.65,467.24,5,W,5,N
159,488.21,494.35,5,E,5,N
101,316.77,499.80,2,W,5,W
57,360.10,500.10,1,W,5,W
26,398.12,502.30,1,S,1,W
32,430.84,502.60,1,S,1,W
35,442.83,502.90,1,S,1,W
109,306.38,521.94,2,E,5,N
110,353.38,522.24,2,E,5,N
102,371.61,522.54,2,W,5,N
56,322.21,522.84,1,W,5,N
82,362.42,523.14,1,E,5,N
117,420.90,530.47,3,W,5,N
124,461.09,530.47,3,E,5,N
28,409.53,536.87,1,S,3,E
30,423.21,537.47,1,S,3,W
36,443.15,541.52,1,S,2,E
142,542.56,565.94,5,W,5,N
160,515.73,579.94,5,E,5,N
161,531.25,580.24,5,E,5,N
162,552.58,580.54,5,E,5,N
163,573.55,580.84,5,E,5,N
164,578.21,584.34,5,E,5,N
20,373.51,599.70,1,S,5,W
21,379.91,600.00,1,S,5,W
23,383.55,600.30,1,S,5,W
25,396.11,600.60,1,S,5,W
27,402.92,600.90,1,S,5,W
31,423.57,601.20,1,S,5,W
59,415.01,601.50,1,W,5,W
85,457.44,618.70,1,E,5,E
15,344.46,621.84,1,S,5,N
17,359.29,622.14,1,S,5,N
18,365.79,622.44,1,S,5,N
24,390.03,622.74,1,S,5,N
29,420.14,623.04,1,S,5,N
33,432.77,623.34,1,S,5,N
58,413.72,623.64,1,W,5,N
60,451.92,623.94,1,W,5,N
83,404.87,624.24,1,E,5,N
84,417.26,624.54,1,E,5,N
86,493.53,625.14,1,E,5,N
89,579.50,641.68,1,E,3,W
143,586.00,665.84,5,W,5,N
144,592.06,666.14,5,W,5,N
165,600.55,679.84,5,E,5,N
39,566.57,699.50,1,S,3,W
125,522.95,699.60,3,E,5,W
34,439.90,699.90,1,S,5,W
103,516.33,700.20,2,W,5,W
61,493.72,700.50,1,W,5,W
62,497.96,700.80,1,W,5,W
63,534.94,701.10,1,W,5,W
87,509.94,701.40,1,E,5,W
66,645.15,701.60,1,W,2,W
111,531.98,721.74,2,E,5,N
104,542.89,722.04,2,W,5,N
88,566.00,722.34,1,E,5,N
118,681.39,743.16,3,W,5,N
145,726.54,765.74,5,W,5,N
146,764.15,770.29,5,W,5,N
38,565.66,799.50,1,S,5,W
65,605.76,799.80,1,W,5,W
46,792.84,806.98,1,S,1,W
90,690.46,808.29,1,E,5,W
112,717.85,813.27,2,E,3,E
37,564.48,821.64,1,S,5,N
40,572.88,821.94,1,S,5,N
105,662.56,822.24,2,W,5,N
64,602.44,822.54,1,W,5,N
126,708.67,823.73,3,E,5,E
91,731.14,837.47,1,E,3,E
147,773.92,865.64,5,W,5,N
148,779.81,865.94,5,W,5,N
149,798.79,866.24,5,W,5,N
150,850.87,866.54,5,W,5,N
151,858.29,866.84,5,W,5,N
152,870.08,876.21,5,W,5,N
166,805.52,879.64,5,E,5,N
107,799.19,899.40,2,W,5,W
67,716.93,915.70,1,W,5,E
48,896.49,916.70,1,S,1,E
106,718.21,921.54,2,W,5,N
92,749.68,922.14,1,E,5,N
127,883.14,944.91,3,E,5,N
128,889.28,944.92,3,E,5,E
153,872.92,965.54,5,W,5,N
154,878.88,965.84,5,W,5,N
119,889.72,999.30,3,W,5,W
41,756.81,999.60,1,S,5,W
71,801.51,999.90,1,W,5,W
73,813.00,1000.20,1,W,5,W
74,863.42,1000.50,1,W,5,W
75,867.52,1000.80,1,W,5,W
95,869.09,1001.10,1,E,5,W
42,763.69,1021.44,1,S,5,N
43,776.97,1021.74,1,S,5,N
44,778.03,1022.04,1,S,5,N
45,788.10,1022.34,1,S,5,N
47,793.87,1022.64,1,S,5,N
68,777.26,1022.94,1,W,5,N
69,787.14,1023.24,1,W,5,N
70,796.69,1023.54,1,W,5,N
72,808.65,1023.84,1,W,5,N
93,823.60,1024.14,1,E,5,N
94,833.53,1024.44,1,E,5,N
96,870.51,1024.74,1,E,5,N
76,880.36,1099.20,1,W,5,W