id,enter_time,exit_time,entrance_intersection,entrance_direction,exit_intersection,exit_direction
0,5.78,19.91,1,S,1,E
6,28.52,42.66,1,S,1,E
157,7.13,80.44,5,E,5,N
158,92.99,99.13,5,E,5,N
2,13.72,100.70,1,S,1,W
111,18.10,131.27,3,W,5,N
5,23.08,137.37,1,S,3,E
127,109.27,166.34,5,W,5,N
128,118.08,166.64,5,W,5,N
129,123.41,166.94,5,W,5,N
130,136.39,167.24,5,W,5,N
159,115.87,180.34,5,E,5,N
160,133.08,180.64,5,E,5,N
161,158.40,180.94,5,E,5,N
112,23.28,200.10,3,W,5,W
4,17.31,200.40,1,S,5,W
7,28.61,200.70,1,S,5,W
41,6.89,201.00,1,W,5,W
80,10.51,201.30,1,E,5,W
9,198.52,214.20,1,S,1,E
42,20.18,217.00,1,W,5,E
106,98.97,222.24,2,E,5,N
1,8.45,222.54,1,S,5,N
3,15.52,222.84,1,S,5,N
43,50.01,223.44,1,W,5,N
117,185.88,247.65,3,E,5,N
118,190.20,251.97,3,E,5,N
131,177.02,266.24,5,W,5,N
132,182.14,266.54,5,W,5,N
133,183.78,266.84,5,W,5,N
134,222.73,267.14,5,W,5,N
135,253.05,267.44,5,W,5,N
162,201.52,280.24,5,E,5,N
163,230.86,280.54,5,E,5,N
164,287.20,293.34,5,E,5,N
44,65.62,300.00,1,W,5,W
45,118.93,300.30,1,W,5,W
46,158.81,300.60,1,W,5,W
11,202.49,301.50,1,S,1,W
19,246.98,301.80,1,S,1,W
81,116.14,322.14,1,E,5,N
82,146.01,322.44,1,E,5,N
136,336.60,366.14,5,W,5,N
137,346.29,366.44,5,W,5,N
138,371.71,377.84,5,W,5,N
165,308.37,380.14,5,E,5,N
166,310.74,380.44,5,E,5,N
107,283.72,399.90,2,E,5,W
15,215.22,400.20,1,S,5,W
83,218.00,400.50,1,E,5,W
86,275.96,400.80,1,E,5,W
8,193.31,415.90,1,S,5,E
10,201.97,416.20,1,S,5,E
14,212.16,417.10,1,S,5,E
17,235.30,417.70,1,S,5,E
12,203.12,422.64,1,S,5,N
13,207.10,422.94,1,S,5,N
16,227.40,423.54,1,S,5,N
47,215.53,424.14,1,W,5,N
48,216.40,424.44,1,W,5,N
84,241.97,424.74,1,E,5,N
85,275.15,425.04,1,E,5,N
119,339.09,430.67,3,E,5,N
113,321.12,430.67,3,W,5,N
120,345.09,430.97,3,E,5,N
121,351.69,431.27,3,E,5,N
122,359.50,431.57,3,E,5,N
123,393.16,454.93,3,E,5,N
49,271.21,499.80,1,W,5,W
51,356.77,500.10,1,W,5,W
53,365.70,500.40,1,W,5,W
90,340.32,500.70,1,E,5,W
21,466.49,502.30,1,S,1,W
22,474.19,502.60,1,S,1,W
100,301.85,516.10,2,W,5,E
18,240.68,521.94,1,S,5,N
50,277.57,522.54,1,W,5,N
52,361.29,522.84,1,W,5,N
87,302.84,523.14,1,E,5,N
88,329.45,523.44,1,E,5,N
89,340.15,523.74,1,E,5,N
91,383.64,524.04,1,E,5,N
93,470.23,539.57,1,E,3,E
139,492.35,565.94,5,W,5,N
140,497.83,566.24,5,W,5,N
141,506.51,566.54,5,W,5,N
20,367.38,599.70,1,S,5,W
55,380.28,600.00,1,W,5,W
60,444.46,600.30,1,W,5,W
57,416.36,617.20,1,W,5,E
101,428.88,621.84,2,W,5,N
108,449.74,622.14,2,E,5,N
102,487.85,622.44,2,W,5,N
54,372.64,622.74,1,W,5,N
56,414.83,623.04,1,W,5,N
58,431.23,623.64,1,W,5,N
59,438.99,623.94,1,W,5,N
61,456.61,624.24,1,W,5,N
92,403.18,624.54,1,E,5,N
62,511.68,636.97,1,W,3,W
142,621.16,665.84,5,W,5,N
143,627.05,666.14,5,W,5,N
144,634.74,666.44,5,W,5,N
145,639.28,666.74,5,W,5,N
146,665.62,671.76,5,W,5,N
147,668.28,674.41,5,W,5,N
167,604.27,679.84,5,E,5,N
114,548.62,699.60,3,W,5,W
63,546.49,699.90,1,W,5,W
31,674.07,703.10,1,S,1,W
95,563.95,716.20,1,E,5,E
28,647.71,716.50,1,S,1,E
103,592.29,721.74,2,W,5,N
94,546.65,722.04,1,E,5,N
124,607.94,730.07,3,E,5,N
115,600.65,730.07,3,W,5,N
148,692.65,765.74,5,W,5,N
149,693.06,766.04,5,W,5,N
150,699.23,766.34,5,W,5,N
151,710.78,766.64,5,W,5,N
96,623.94,799.50,1,E,5,W
36,704.43,803.50,1,S,1,W
109,610.79,815.80,2,E,5,E
97,699.59,818.80,1,E,5,E
104,635.68,821.64,2,W,5,N
105,683.29,822.24,2,W,5,N
23,621.13,822.54,1,S,5,N
24,625.62,822.84,1,S,5,N
25,638.79,823.14,1,S,5,N
64,614.21,823.44,1,W,5,N
65,614.90,823.74,1,W,5,N
66,621.67,824.04,1,W,5,N
67,662.25,824.34,1,W,5,N
68,667.13,824.64,1,W,5,N
125,792.93,854.70,3,E,5,N
152,777.69,865.64,5,W,5,N
153,810.54,865.94,5,W,5,N
154,841.04,866.24,5,W,5,N
155,866.11,872.24,5,W,5,N
156,871.88,878.02,5,W,5,N
168,806.06,879.64,5,E,5,N
26,641.18,899.40,1,S,5,W
30,670.09,899.70,1,S,5,W
110,757.07,900.00,2,E,5,W
73,690.85,900.30,1,W,5,W
74,729.73,900.60,1,W,5,W
75,735.43,900.90,1,W,5,W
99,784.34,902.17,1,E,5,W
40,853.36,903.90,1,S,1,W
27,641.34,921.54,1,S,5,N
29,668.55,921.84,1,S,5,N
32,678.35,922.14,1,S,5,N
33,680.28,922.44,1,S,5,N
34,681.94,922.74,1,S,5,N
35,687.05,923.04,1,S,5,N
69,670.22,923.34,1,W,5,N
70,675.25,923.64,1,W,5,N
71,681.48,923.94,1,W,5,N
72,687.36,924.24,1,W,5,N
76,740.04,924.54,1,W,5,N
98,743.38,924.84,1,E,5,N
116,821.69,929.67,3,W,5,N
126,849.53,999.30,3,E,5,W
78,840.80,999.60,1,W,5,W
77,836.27,1021.44,1,W,5,N
79,846.77,1021.74,1,W,5,N
39,846.77,1099.20,1,S,5,W
37,841.44,1121.34,1,S,5,N
38,845.47,1121.64,1,S,5,N