id,enter_time,exit_time,entrance_intersection,entrance_direction,exit_intersection,exit_direction
105,7.76,66.44,5,W,5,N
106,11.96,66.74,5,W,5,N
107,50.47,67.04,5,W,5,N
108,56.54,67.34,5,W,5,N
0,4.57,100.40,1,S,2,E
95,6.11,131.27,3,E,5,N
109,84.86,166.34,5,W,5,N
110,91.30,166.64,5,W,5,N
111,119.63,166.94,5,W,5,N
112,145.93,167.24,5,W,5,N
96,11.78,200.10,3,E,5,W
81,60.72,200.40,2,W,5,W
35,33.07,200.70,1,W,5,W
1,151.01,201.10,1,S,1,W
2,158.15,201.40,1,S,1,W
7,186.70,201.70,1,S,1,W
3,174.14,213.90,1,S,1,E
4,175.30,214.20,1,S,1,E
34,5.76,216.40,1,W,5,E
80,17.08,222.24,2,W,5,N
66,14.37,222.84,1,E,5,N
97,139.19,231.07,3,E,5,N
113,212.23,266.24,5,W,5,N
114,213.08,266.54,5,W,5,N
133,271.81,280.24,5,E,5,N
98,173.29,300.00,3,E,5,W
85,162.83,300.30,2,E,5,W
38,146.93,300.60,1,W,5,W
67,128.85,300.90,1,E,5,W
70,271.65,302.10,1,E,2,W
37,90.09,316.60,1,W,5,E
82,155.15,322.14,2,W,5,N
36,85.46,322.44,1,W,5,N
115,279.54,366.14,5,W,5,N
91,295.49,399.90,3,W,5,W
99,299.36,400.20,3,E,5,W
83,248.54,400.50,2,W,5,W
69,229.16,400.80,1,E,5,W
14,348.70,401.90,1,S,1,W
17,359.42,402.20,1,S,1,W
5,177.62,415.90,1,S,5,E
6,178.83,422.34,1,S,5,N
8,188.60,422.64,1,S,5,N
9,191.06,422.94,1,S,5,N
39,242.72,423.24,1,W,5,N
40,250.62,423.54,1,W,5,N
41,256.07,423.84,1,W,5,N
68,206.09,424.14,1,E,5,N
116,399.63,466.04,5,W,5,N
117,408.80,466.34,5,W,5,N
134,480.46,486.59,5,E,5,N
10,324.83,499.80,1,S,5,W
42,294.19,500.10,1,W,5,W
43,319.86,500.40,1,W,5,W
20,499.28,515.10,1,S,1,E
86,317.56,521.94,2,E,5,N
11,332.63,522.24,1,S,5,N
44,324.18,522.54,1,W,5,N
71,342.45,522.84,1,E,5,N
72,357.70,523.14,1,E,5,N
73,394.09,523.44,1,E,5,N
101,442.28,524.63,3,E,5,E
100,436.92,530.47,3,E,5,N
24,524.77,538.91,1,S,1,E
118,516.36,565.94,5,W,5,N
119,521.76,566.24,5,W,5,N
120,528.45,566.54,5,W,5,N
121,534.23,566.84,5,W,5,N
122,560.82,566.96,5,W,5,N
123,562.90,569.03,5,W,5,N
124,565.33,571.47,5,W,5,N
12,340.18,599.70,1,S,5,W
13,347.45,600.00,1,S,5,W
18,366.18,600.30,1,S,5,W
74,408.24,600.60,1,E,5,W
19,498.98,602.70,1,S,1,W
25,533.62,603.00,1,S,1,W
26,540.45,603.30,1,S,1,W
29,562.99,616.10,1,S,1,E
15,351.38,621.84,1,S,5,N
16,356.62,622.14,1,S,5,N
87,483.80,622.44,2,E,5,N
45,412.24,622.74,1,W,5,N
46,414.50,623.04,1,W,5,N
125,625.13,665.84,5,W,5,N
135,675.13,681.27,5,E,5,N
92,553.75,699.60,3,W,5,W
22,511.39,699.90,1,S,5,W
23,518.20,700.20,1,S,5,W
47,481.79,700.50,1,W,5,W
48,489.29,700.80,1,W,5,W
49,503.23,701.10,1,W,5,W
75,532.18,701.40,1,E,5,W
21,505.05,721.74,1,S,5,N
50,510.28,722.04,1,W,5,N
102,651.43,723.93,3,E,5,E
93,602.91,730.07,3,W,5,N
103,689.26,751.03,3,E,5,N
126,734.75,765.74,5,W,5,N
127,742.03,766.04,5,W,5,N
136,786.94,793.08,5,E,5,N
27,547.37,799.50,1,S,5,W
30,576.41,799.80,1,S,5,W
84,633.41,800.10,2,W,5,W
54,671.20,801.40,1,W,2,W
78,786.57,812.69,1,E,2,E
28,552.34,815.50,1,S,5,E
88,677.60,816.10,2,E,5,E
31,596.72,821.94,1,S,5,N
51,613.63,822.54,1,W,5,N
52,619.96,822.84,1,W,5,N
53,658.96,823.14,1,W,5,N
76,640.69,823.44,1,E,5,N
128,776.33,865.64,5,W,5,N
129,835.66,865.94,5,W,5,N
130,839.84,866.24,5,W,5,N
131,840.61,866.54,5,W,5,N
132,860.15,866.84,5,W,5,N
137,806.61,879.64,5,E,5,N
89,721.78,899.40,2,E,5,W
56,686.91,899.70,1,W,5,W
57,692.42,900.00,1,W,5,W
59,740.35,900.30,1,W,5,W
77,713.86,900.60,1,E,5,W
32,736.37,921.54,1,S,5,N
55,677.17,921.84,1,W,5,N
58,697.84,922.14,1,W,5,N
94,814.71,929.67,3,W,5,N
79,891.01,953.20,1,E,3,W
104,893.13,999.30,3,E,5,W
62,848.66,999.60,1,W,5,W
64,865.42,999.90,1,W,5,W
33,745.29,1021.44,1,S,5,N
90,831.25,1021.74,2,E,5,N
60,834.01,1022.04,1,W,5,N
61,841.96,1022.34,1,W,5,N
63,859.40,1022.64,1,W,5,N
65,881.30,1115.20,1,W,5,E