id,enter_time,exit_time,entrance_intersection,entrance_direction,exit_intersection,exit_direction
0,1.55,15.69,1,S,1,E
1,3.53,43.79,1,S,2,W
513,1.52,66.44,5,W,5,N
514,3.03,66.74,5,W,5,N
515,4.61,67.04,5,W,5,N
516,15.29,67.34,5,W,5,N
517,17.36,67.64,5,W,5,N
518,21.34,67.94,5,W,5,N
519,29.94,68.24,5,W,5,N
520,39.17,68.54,5,W,5,N
521,40.91,68.84,5,W,5,N
522,42.88,69.14,5,W,5,N
523,44.35,69.44,5,W,5,N
524,45.77,69.74,5,W,5,N
525,47.48,70.04,5,W,5,N
526,48.92,70.34,5,W,5,N
527,51.51,70.64,5,W,5,N
528,52.88,70.94,5,W,5,N
529,61.40,71.24,5,W,5,N
530,64.15,71.54,5,W,5,N
660,23.85,80.44,5,E,5,N
661,25.22,80.74,5,E,5,N
662,25.81,81.04,5,E,5,N
663,29.71,81.34,5,E,5,N
664,73.01,81.64,5,E,5,N
4,6.59,100.70,1,S,1,W
10,44.86,101.00,1,S,1,W
6,42.04,113.50,1,S,1,E
17,100.77,116.50,1,S,1,E
449,2.02,131.27,3,W,5,N
480,1.50,131.27,3,E,5,N
483,74.02,135.79,3,E,5,N
484,75.55,137.32,3,E,5,N
485,80.70,142.47,3,E,5,N
531,100.46,166.34,5,W,5,N
532,102.58,166.64,5,W,5,N
533,103.79,166.94,5,W,5,N
534,106.30,167.24,5,W,5,N
535,107.38,167.54,5,W,5,N
536,109.22,167.84,5,W,5,N
537,110.42,168.14,5,W,5,N
538,118.43,168.44,5,W,5,N
539,119.61,168.74,5,W,5,N
540,130.20,169.04,5,W,5,N
541,131.77,169.34,5,W,5,N
542,133.41,169.64,5,W,5,N
543,135.09,169.94,5,W,5,N
544,136.97,170.24,5,W,5,N
545,139.33,170.54,5,W,5,N
546,146.44,170.84,5,W,5,N
547,147.99,171.14,5,W,5,N
548,158.20,171.44,5,W,5,N
665,138.31,180.34,5,E,5,N
666,192.79,198.92,5,E,5,N
481,43.22,200.10,3,E,5,W
450,4.76,200.40,3,W,5,W
451,20.54,200.70,3,W,5,W
482,62.12,201.00,3,E,5,W
20,104.87,201.10,1,S,1,W
452,84.75,201.30,3,W,5,W
29,144.47,201.40,1,S,1,W
421,36.93,201.60,2,E,5,W
35,184.30,201.70,1,S,1,W
14,94.88,201.70,1,S,3,W
388,33.58,201.90,2,W,5,W
3,4.85,202.20,1,S,5,W
5,8.52,202.50,1,S,5,W
198,1.84,202.80,1,W,5,W
205,42.40,203.10,1,W,5,W
206,46.15,203.40,1,W,5,W
332,72.89,203.70,1,E,5,W
39,189.99,204.12,1,S,1,W
333,87.56,205.38,1,E,5,W
41,192.94,207.08,1,S,1,W
43,194.72,208.86,1,S,1,W
426,177.46,213.53,2,E,3,W
28,143.17,214.20,1,S,1,E
33,181.43,215.40,1,S,1,E
454,99.17,216.40,3,W,5,E
453,99.16,222.24,3,W,5,N
389,67.83,222.84,2,W,5,N
422,79.94,223.14,2,E,5,N
390,90.04,223.44,2,W,5,N
423,92.34,223.74,2,E,5,N
2,4.73,224.04,1,S,5,N
199,2.26,224.34,1,W,5,N
200,12.16,224.64,1,W,5,N
201,13.59,224.94,1,W,5,N
202,17.15,225.24,1,W,5,N
203,17.71,225.54,1,W,5,N
204,19.00,225.84,1,W,5,N
329,1.97,226.14,1,E,5,N
330,14.74,226.44,1,E,5,N
331,46.30,226.74,1,E,5,N
486,132.72,231.07,3,E,5,N
456,168.34,231.37,3,W,5,N
487,134.18,231.37,3,E,5,N
457,169.07,231.67,3,W,5,N
489,167.40,231.97,3,E,5,N
22,109.41,236.87,1,S,3,E
30,145.39,240.62,1,S,2,E
335,129.01,241.97,1,E,3,W
44,195.59,243.62,1,S,2,W
458,185.29,247.06,3,W,5,N
549,189.91,266.24,5,W,5,N
550,192.17,266.54,5,W,5,N
551,193.08,266.84,5,W,5,N
552,194.27,267.14,5,W,5,N
553,195.56,267.44,5,W,5,N
554,196.24,267.74,5,W,5,N
555,203.83,268.04,5,W,5,N
556,206.92,268.34,5,W,5,N
557,207.55,268.64,5,W,5,N
558,216.12,268.94,5,W,5,N
559,217.38,269.24,5,W,5,N
560,218.07,269.54,5,W,5,N
561,221.21,269.84,5,W,5,N
562,228.84,270.14,5,W,5,N
563,261.46,270.44,5,W,5,N
564,262.46,270.74,5,W,5,N
565,263.45,271.04,5,W,5,N
566,265.02,271.15,5,W,5,N
567,267.93,274.06,5,W,5,N
568,268.05,274.18,5,W,5,N
667,245.35,280.24,5,E,5,N
668,246.83,280.54,5,E,5,N
669,252.80,280.84,5,E,5,N
670,257.96,281.14,5,E,5,N
671,265.04,281.44,5,E,5,N
672,283.47,289.60,5,E,5,N
673,283.80,289.94,5,E,5,N
455,158.04,300.00,3,W,5,W
488,153.00,300.30,3,E,5,W
34,182.83,300.60,1,S,3,W
7,43.55,300.60,1,S,5,W
50,232.15,300.90,1,S,2,W
11,91.71,300.90,1,S,5,W
13,94.37,301.20,1,S,5,W
47,198.23,301.50,1,S,1,W
16,99.02,301.50,1,S,5,W
58,271.49,301.80,1,S,1,W
19,102.99,301.80,1,S,5,W
59,272.59,302.10,1,S,1,W
42,193.30,302.10,1,S,3,W
395,189.16,302.10,2,W,5,W
60,274.15,302.40,1,S,1,W
23,109.83,302.40,1,S,5,W
211,128.04,302.70,1,W,5,W
212,130.78,303.00,1,W,5,W
220,175.13,303.30,1,W,2,W
214,133.58,303.30,1,W,5,W
215,134.79,303.60,1,W,5,W
216,153.05,303.90,1,W,5,W
223,210.02,304.20,1,W,2,W
217,154.50,304.20,1,W,5,W
339,181.35,304.50,1,E,5,W
229,257.85,306.00,1,W,2,W
429,243.37,313.07,2,E,3,E
25,109.88,320.20,1,S,5,E
8,44.34,322.14,1,S,5,N
9,44.83,322.44,1,S,5,N
12,91.87,322.74,1,S,5,N
15,96.88,323.04,1,S,5,N
18,102.08,323.34,1,S,5,N
391,127.71,323.64,2,W,5,N
424,134.00,323.94,2,E,5,N
425,148.19,324.24,2,E,5,N
392,163.59,324.54,2,W,5,N
393,176.35,324.84,2,W,5,N
394,178.71,325.14,2,W,5,N
427,196.89,325.44,2,E,5,N
21,108.37,325.74,1,S,5,N
24,109.83,326.04,1,S,5,N
26,111.71,326.64,1,S,5,N
207,71.95,326.94,1,W,5,N
208,73.30,327.24,1,W,5,N
209,82.76,327.54,1,W,5,N
210,108.38,327.84,1,W,5,N
213,132.44,328.14,1,W,5,N
334,114.34,328.44,1,E,5,N
336,133.62,328.74,1,E,5,N
337,135.36,329.04,1,E,5,N
338,144.19,329.34,1,E,5,N
340,185.25,329.64,1,E,5,N
490,219.11,330.87,3,E,5,N
491,225.90,331.17,3,E,5,N
51,233.24,337.27,1,S,3,W
341,207.88,343.57,1,E,3,E
569,281.34,366.14,5,W,5,N
570,283.18,366.44,5,W,5,N
571,284.67,366.74,5,W,5,N
572,285.95,367.04,5,W,5,N
573,288.87,367.34,5,W,5,N
574,289.64,367.64,5,W,5,N
575,335.16,367.94,5,W,5,N
576,337.15,368.24,5,W,5,N
577,350.57,368.54,5,W,5,N
578,353.29,368.84,5,W,5,N
579,355.10,369.14,5,W,5,N
580,368.62,374.76,5,W,5,N
581,372.89,379.02,5,W,5,N
674,329.44,380.14,5,E,5,N
675,330.00,380.44,5,E,5,N
676,356.16,380.74,5,E,5,N
459,237.52,399.90,3,W,5,W
492,280.99,400.20,3,E,5,W
38,188.56,400.50,1,S,5,W
69,332.96,400.70,1,S,2,W
46,196.57,400.80,1,S,5,W
430,280.91,401.10,2,E,5,W
49,230.95,401.40,1,S,5,W
54,237.03,401.70,1,S,5,W
67,332.05,401.90,1,S,1,W
55,237.70,402.00,1,S,5,W
68,332.44,402.20,1,S,1,W
218,172.05,402.30,1,W,5,W
70,333.30,402.50,1,S,1,W
227,255.41,402.60,1,W,5,W
228,257.41,402.90,1,W,5,W
233,262.41,403.20,1,W,5,W
343,242.13,403.50,1,E,5,W
344,248.38,403.80,1,E,5,W
347,263.13,404.10,1,E,5,W
398,306.52,412.87,2,W,3,W
400,325.05,413.47,2,W,3,E
74,376.10,415.60,1,S,1,E
40,191.10,417.40,1,S,5,E
428,227.70,418.30,2,E,5,E
222,192.06,420.40,1,W,5,E
225,230.71,421.00,1,W,5,E
27,143.00,422.04,1,S,5,N
31,146.92,422.34,1,S,5,N
32,181.06,422.64,1,S,5,N
36,185.01,422.94,1,S,5,N
37,186.80,423.24,1,S,5,N
45,195.73,423.84,1,S,5,N
48,198.81,424.14,1,S,5,N
396,202.30,424.74,2,W,5,N
397,281.23,425.04,2,W,5,N
462,351.31,425.13,3,W,5,E
52,233.73,425.34,1,S,5,N
463,357.53,425.43,3,W,5,E
53,234.96,425.64,1,S,5,N
219,173.19,425.94,1,W,5,N
221,179.03,426.24,1,W,5,N
224,229.15,426.84,1,W,5,N
226,253.97,427.44,1,W,5,N
230,258.18,427.74,1,W,5,N
231,259.68,428.04,1,W,5,N
232,259.78,428.34,1,W,5,N
342,222.99,428.64,1,E,5,N
345,258.43,428.94,1,E,5,N
346,259.68,429.24,1,E,5,N
348,274.11,429.54,1,E,5,N
349,274.71,429.84,1,E,5,N
351,294.82,430.14,1,E,5,N
460,309.33,430.67,3,W,5,N
493,321.63,430.67,3,E,5,N
461,325.29,430.97,3,W,5,N
494,367.00,430.97,3,E,5,N
464,359.43,431.87,3,W,5,N
238,290.75,438.27,1,W,3,E
239,294.05,438.57,1,W,3,W
582,373.27,466.04,5,W,5,N
583,382.99,466.34,5,W,5,N
584,393.53,466.64,5,W,5,N
585,394.33,466.94,5,W,5,N
586,410.65,467.24,5,W,5,N
587,410.76,467.54,5,W,5,N
588,412.10,467.84,5,W,5,N
589,419.55,468.14,5,W,5,N
590,425.60,468.44,5,W,5,N
591,438.84,468.74,5,W,5,N
592,440.87,469.04,5,W,5,N
593,467.09,473.22,5,W,5,N
594,468.65,474.79,5,W,5,N
595,470.39,476.52,5,W,5,N
596,471.18,477.31,5,W,5,N
597,472.70,478.84,5,W,5,N
677,430.16,480.04,5,E,5,N
678,457.69,480.34,5,E,5,N
350,294.39,499.80,1,E,5,W
465,375.07,500.10,3,W,5,W
56,237.82,500.40,1,S,5,W
63,277.19,500.70,1,S,5,W
66,286.78,501.00,1,S,5,W
434,386.25,501.30,2,E,5,W
236,274.24,501.60,1,W,5,W
237,275.34,501.90,1,W,5,W
243,323.76,502.20,1,W,5,W
78,412.47,502.30,1,S,1,W
245,329.44,502.50,1,W,5,W
83,465.71,502.60,1,S,1,W
88,470.24,502.90,1,S,1,W
93,473.60,503.20,1,S,1,W
96,474.70,503.50,1,S,1,W
354,386.36,504.19,1,E,5,W
62,277.06,516.40,1,S,5,E
99,479.70,519.00,1,S,1,E
57,239.63,521.94,1,S,5,N
61,274.67,522.24,1,S,5,N
64,283.09,522.84,1,S,5,N
65,284.81,523.14,1,S,5,N
431,309.19,523.44,2,E,5,N
399,317.79,523.74,2,W,5,N
432,320.45,524.04,2,E,5,N
466,430.29,524.33,3,W,5,E
433,367.21,524.34,2,E,5,N
234,269.82,524.64,1,W,5,N
235,273.47,524.94,1,W,5,N
240,295.96,525.24,1,W,5,N
241,298.66,525.54,1,W,5,N
242,314.50,525.84,1,W,5,N
244,325.64,526.14,1,W,5,N
246,351.47,526.44,1,W,5,N
247,365.42,526.74,1,W,5,N
352,350.06,527.04,1,E,5,N
353,357.60,527.34,1,E,5,N
496,453.59,530.77,3,E,5,N
250,390.33,538.97,1,W,3,E
261,427.85,542.27,1,W,3,E
92,473.42,543.62,1,S,2,W
356,437.37,546.77,1,E,3,W
598,479.71,565.94,5,W,5,N
599,482.00,566.24,5,W,5,N
600,483.86,566.54,5,W,5,N
601,510.56,566.84,5,W,5,N
602,519.43,567.14,5,W,5,N
603,523.41,567.44,5,W,5,N
604,526.35,567.74,5,W,5,N
605,527.47,568.04,5,W,5,N
606,528.40,568.34,5,W,5,N
607,546.88,568.64,5,W,5,N
608,554.10,568.94,5,W,5,N
609,557.42,569.24,5,W,5,N
610,558.28,569.54,5,W,5,N
611,572.01,578.14,5,W,5,N
679,500.56,579.94,5,E,5,N
680,519.82,580.24,5,E,5,N
681,521.07,580.54,5,E,5,N
682,526.76,580.84,5,E,5,N
683,528.12,581.14,5,E,5,N
84,466.82,599.40,1,S,3,E
85,468.62,599.70,1,S,3,W
495,420.93,599.70,3,E,5,W
467,492.23,600.00,3,W,5,W
71,366.86,600.30,1,S,5,W
75,377.33,600.60,1,S,5,W
90,471.64,600.90,1,S,3,W
435,427.82,600.90,2,E,5,W
404,458.86,601.20,2,W,5,W
405,496.40,601.50,2,W,5,W
76,410.67,601.80,1,S,5,W
79,413.24,602.10,1,S,5,W
80,413.47,602.40,1,S,5,W
81,434.01,602.70,1,S,5,W
104,519.91,602.70,1,S,1,W
262,428.97,603.00,1,W,5,W
105,552.90,603.00,1,S,1,W
264,432.23,603.30,1,W,5,W
107,584.66,603.30,1,S,1,W
265,435.00,603.60,1,W,5,W
271,445.91,603.90,1,W,5,W
281,527.77,603.90,1,W,2,W
272,461.24,604.20,1,W,5,W
357,464.58,604.50,1,E,5,W
684,598.56,604.69,5,E,5,N
359,469.45,604.80,1,E,5,W
363,539.82,606.60,1,E,2,E
436,477.61,617.20,2,E,5,E
248,368.79,617.80,1,W,5,E
254,410.17,619.30,1,W,5,E
72,367.02,621.84,1,S,5,N
73,368.32,622.14,1,S,5,N
401,411.11,622.44,2,W,5,N
402,425.88,622.74,2,W,5,N
403,435.82,623.04,2,W,5,N
77,412.32,623.64,1,S,5,N
249,388.53,624.24,1,W,5,N
251,391.05,624.54,1,W,5,N
499,537.73,624.73,3,E,5,E
252,408.00,624.84,1,W,5,N
253,409.04,625.14,1,W,5,N
255,411.84,625.74,1,W,5,N
256,413.42,626.04,1,W,5,N
257,414.77,626.34,1,W,5,N
258,424.23,626.64,1,W,5,N
259,425.93,626.94,1,W,5,N
260,426.54,627.24,1,W,5,N
263,430.53,627.54,1,W,5,N
266,436.15,627.84,1,W,5,N
267,437.21,628.14,1,W,5,N
268,439.02,628.44,1,W,5,N
269,442.30,628.74,1,W,5,N
270,444.22,629.04,1,W,5,N
273,462.89,629.34,1,W,5,N
274,464.56,629.64,1,W,5,N
355,434.72,629.94,1,E,5,N
358,467.86,630.24,1,E,5,N
468,516.41,630.27,3,W,5,N
469,522.86,630.57,3,W,5,N
470,541.00,630.87,3,W,5,N
500,548.97,631.17,3,E,5,N
502,589.12,650.89,3,E,5,N
612,587.13,665.84,5,W,5,N
613,587.38,666.14,5,W,5,N
614,589.48,666.44,5,W,5,N
615,592.07,666.74,5,W,5,N
616,599.63,667.04,5,W,5,N
617,600.84,667.34,5,W,5,N
618,603.40,667.64,5,W,5,N
619,604.24,667.94,5,W,5,N
620,616.49,668.24,5,W,5,N
621,617.37,668.54,5,W,5,N
622,617.62,668.84,5,W,5,N
623,618.92,669.14,5,W,5,N
624,650.93,669.44,5,W,5,N
625,652.49,669.74,5,W,5,N
685,601.90,679.84,5,E,5,N
686,676.68,682.82,5,E,5,N
687,685.83,691.96,5,E,5,N
497,501.40,699.60,3,E,5,W
498,502.40,699.90,3,E,5,W
471,568.11,700.20,3,W,5,W
501,587.23,700.50,3,E,5,W
472,593.85,700.80,3,W,5,W
82,464.28,701.10,1,S,5,W
95,474.24,701.40,1,S,5,W
97,477.04,701.70,1,S,5,W
406,536.18,702.00,2,W,5,W
440,594.10,702.30,2,E,5,W
100,480.57,702.60,1,S,5,W
276,475.83,702.90,1,W,5,W
116,631.20,703.10,1,S,1,W
277,484.75,703.20,1,W,5,W
118,634.20,703.40,1,S,1,W
278,498.30,703.50,1,W,5,W
292,646.89,703.70,1,W,2,W
121,638.19,703.70,1,S,1,W
279,522.64,703.80,1,W,5,W
293,648.00,704.00,1,W,2,W
126,643.34,704.00,1,S,1,W
280,524.56,704.10,1,W,5,W
294,656.32,704.30,1,W,2,W
128,684.90,704.30,1,S,1,W
286,557.39,704.40,1,W,5,W
360,505.33,704.70,1,E,5,W
361,532.12,705.00,1,E,5,W
368,577.95,705.30,1,E,5,W
372,621.97,706.70,1,E,2,W
91,472.48,716.50,1,S,5,E
94,474.20,716.80,1,S,5,E
130,694.06,717.70,1,S,1,E
101,482.54,718.30,1,S,5,E
86,469.58,721.74,1,S,5,N
443,685.74,721.81,2,E,3,W
87,469.91,722.04,1,S,5,N
89,470.86,722.34,1,S,5,N
98,479.66,723.24,1,S,5,N
437,510.78,723.54,2,E,5,N
438,537.48,723.84,2,E,5,N
439,555.02,724.14,2,E,5,N
102,482.97,724.74,1,S,5,N
103,484.49,725.04,1,S,5,N
275,474.01,725.34,1,W,5,N
282,529.74,725.64,1,W,5,N
283,531.53,725.94,1,W,5,N
284,552.72,726.24,1,W,5,N
285,555.95,726.54,1,W,5,N
362,537.73,726.84,1,E,5,N
364,541.08,727.14,1,E,5,N
365,551.68,727.44,1,E,5,N
366,557.23,727.74,1,E,5,N
367,559.15,728.04,1,E,5,N
473,665.47,730.07,3,W,5,N
504,640.11,730.37,3,E,5,N
474,669.27,731.04,3,W,5,N
117,632.55,737.37,1,S,3,E
287,580.10,738.27,1,W,3,E
289,605.96,738.87,1,W,3,E
151,727.89,742.02,1,S,1,E
505,684.14,745.91,3,E,5,N
626,680.88,765.74,5,W,5,N
627,681.82,766.04,5,W,5,N
628,683.65,766.34,5,W,5,N
629,702.13,766.64,5,W,5,N
630,712.00,766.94,5,W,5,N
631,713.55,767.24,5,W,5,N
632,714.73,767.54,5,W,5,N
633,728.31,767.84,5,W,5,N
634,729.62,768.14,5,W,5,N
635,744.58,768.44,5,W,5,N
636,745.70,768.74,5,W,5,N
637,747.87,769.04,5,W,5,N
638,748.91,769.34,5,W,5,N
639,748.95,769.64,5,W,5,N
640,756.30,769.94,5,W,5,N
641,767.06,773.19,5,W,5,N
688,735.13,779.74,5,E,5,N
689,776.07,782.21,5,E,5,N
690,777.91,784.05,5,E,5,N
691,781.56,787.69,5,E,5,N
123,641.02,799.00,1,S,3,W
503,633.37,799.50,3,E,5,W
110,587.73,799.80,1,S,5,W
111,589.29,800.10,1,S,5,W
112,590.22,800.40,1,S,5,W
113,592.07,800.70,1,S,5,W
441,634.24,801.00,2,E,5,W
408,644.23,801.30,2,W,5,W
409,654.77,801.60,2,W,5,W
119,634.99,801.90,1,S,5,W
290,625.83,802.20,1,W,5,W
291,645.03,802.50,1,W,5,W
295,656.47,802.80,1,W,5,W
297,661.03,803.10,1,W,5,W
369,602.46,803.40,1,E,5,W
139,706.46,803.50,1,S,1,W
370,603.68,803.70,1,E,5,W
145,718.77,803.80,1,S,1,W
148,724.93,804.10,1,S,1,W
149,725.48,804.40,1,S,1,W
150,727.25,804.70,1,S,1,W
155,730.97,805.00,1,S,1,W
160,763.53,805.30,1,S,1,W
166,771.15,805.60,1,S,1,W
168,773.33,805.90,1,S,1,W
444,730.47,813.27,2,E,3,E
413,701.32,813.27,2,W,3,W
109,585.91,816.10,1,S,5,E
163,768.21,818.10,1,S,1,E
120,637.61,818.50,1,S,5,E
167,771.94,819.00,1,S,1,E
174,786.07,820.80,1,S,1,E
106,584.27,821.64,1,S,5,N
108,584.73,821.94,1,S,5,N
114,593.75,822.54,1,S,5,N
407,633.13,822.84,2,W,5,N
442,658.49,823.14,2,E,5,N
410,668.20,823.44,2,W,5,N
411,690.54,823.74,2,W,5,N
412,693.35,824.04,2,W,5,N
115,629.67,824.34,1,S,5,N
288,590.71,824.94,1,W,5,N
296,659.64,825.24,1,W,5,N
298,662.58,825.54,1,W,5,N
371,612.07,825.84,1,E,5,N
373,686.52,826.14,1,E,5,N
374,687.89,826.44,1,E,5,N
506,719.67,829.87,3,E,5,N
507,737.97,830.17,3,E,5,N
509,747.58,830.77,3,E,5,N
510,780.74,842.51,3,E,5,N
177,830.05,844.18,1,S,1,E
642,774.79,865.64,5,W,5,N
643,774.90,865.94,5,W,5,N
644,776.84,866.24,5,W,5,N
645,777.45,866.54,5,W,5,N
646,779.13,866.84,5,W,5,N
647,785.35,867.14,5,W,5,N
648,786.79,867.44,5,W,5,N
649,792.53,867.74,5,W,5,N
650,794.23,868.04,5,W,5,N
651,817.30,868.34,5,W,5,N
652,818.87,868.64,5,W,5,N
653,832.45,868.94,5,W,5,N
654,833.05,869.24,5,W,5,N
655,840.41,869.54,5,W,5,N
656,841.96,869.84,5,W,5,N
657,864.88,871.01,5,W,5,N
658,867.62,873.76,5,W,5,N
659,869.40,875.53,5,W,5,N
692,855.37,879.64,5,E,5,N
693,862.99,879.94,5,E,5,N
694,881.42,887.56,5,E,5,N
695,887.70,893.83,5,E,5,N
696,888.54,894.67,5,E,5,N
475,730.73,899.40,3,W,5,W
508,746.03,899.70,3,E,5,W
124,641.47,900.00,1,S,5,W
125,641.90,900.30,1,S,5,W
127,684.51,900.60,1,S,5,W
134,697.62,900.90,1,S,5,W
135,699.32,901.20,1,S,5,W
446,779.21,901.50,2,E,5,W
137,701.55,901.80,1,S,5,W
141,708.55,902.10,1,S,5,W
299,670.50,902.40,1,W,5,W
300,671.95,902.70,1,W,5,W
178,831.51,902.70,1,S,2,W
302,717.58,903.00,1,W,5,W
306,744.10,903.30,1,W,5,W
308,746.40,903.60,1,W,5,W
309,761.58,903.90,1,W,5,W
176,828.49,903.90,1,S,1,W
377,728.42,904.20,1,E,5,W
182,838.40,904.20,1,S,1,W
380,757.36,904.50,1,E,5,W
188,851.84,904.50,1,S,1,W
312,791.90,904.80,1,W,2,W
381,788.51,906.33,1,E,5,W
194,893.47,907.60,1,S,1,W
122,639.65,915.40,1,S,5,E
185,843.88,917.00,1,S,1,E
146,720.16,919.60,1,S,5,E
129,686.71,921.84,1,S,5,N
131,696.54,922.14,1,S,5,N
132,696.55,922.44,1,S,5,N
133,697.09,922.74,1,S,5,N
445,755.81,923.04,2,E,5,N
414,715.02,923.34,2,W,5,N
415,798.34,923.64,2,W,5,N
136,699.93,923.94,1,S,5,N
138,704.32,924.24,1,S,5,N
140,706.66,924.54,1,S,5,N
142,714.39,924.84,1,S,5,N
143,716.13,925.14,1,S,5,N
144,717.57,925.44,1,S,5,N
147,722.94,926.04,1,S,5,N
152,728.12,926.34,1,S,5,N
153,729.02,926.64,1,S,5,N
154,729.97,926.94,1,S,5,N
301,691.72,927.24,1,W,5,N
303,724.16,927.54,1,W,5,N
304,725.61,927.84,1,W,5,N
305,726.91,928.14,1,W,5,N
307,744.93,928.44,1,W,5,N
375,715.95,928.74,1,E,5,N
376,724.97,929.04,1,E,5,N
378,733.76,929.34,1,E,5,N
379,753.26,929.64,1,E,5,N
477,826.95,929.97,3,W,5,N
478,827.90,930.27,3,W,5,N
479,850.29,930.57,3,W,5,N
181,836.37,939.67,1,S,3,W
189,888.45,944.02,1,S,2,W
195,894.59,945.52,1,S,2,W
387,886.10,948.29,1,E,3,W
382,797.76,999.30,1,E,5,W
383,799.32,999.60,1,E,5,W
476,799.76,999.90,3,W,5,W
511,837.64,1000.20,3,E,5,W
512,880.86,1000.50,3,E,5,W
158,760.26,1000.80,1,S,5,W
159,760.39,1001.10,1,S,5,W
161,764.34,1001.40,1,S,5,W
165,770.16,1001.70,1,S,5,W
447,817.50,1002.00,2,E,5,W
419,863.70,1002.30,2,W,5,W
314,824.76,1002.60,1,W,5,W
385,805.72,1002.90,1,E,5,W
386,834.54,1003.20,1,E,5,W
384,801.42,1021.44,1,E,5,N
156,756.22,1021.74,1,S,5,N
157,758.67,1022.04,1,S,5,N
162,766.26,1022.34,1,S,5,N
317,837.04,1022.50,1,W,5,E
164,769.00,1022.64,1,S,5,N
169,775.71,1022.94,1,S,5,N
416,806.18,1023.24,2,W,5,N
448,866.01,1023.54,2,E,5,N
417,819.62,1023.84,2,W,5,N
418,833.52,1024.14,2,W,5,N
420,874.57,1024.44,2,W,5,N
170,777.22,1024.74,1,S,5,N
171,780.78,1025.04,1,S,5,N
172,780.96,1025.34,1,S,5,N
173,785.89,1025.64,1,S,5,N
175,789.42,1025.94,1,S,5,N
179,833.26,1026.24,1,S,5,N
180,834.84,1026.54,1,S,5,N
183,839.93,1026.84,1,S,5,N
310,780.16,1027.14,1,W,5,N
311,790.10,1027.44,1,W,5,N
313,808.00,1027.74,1,W,5,N
315,826.14,1028.04,1,W,5,N
316,835.82,1028.34,1,W,5,N
318,844.73,1028.94,1,W,5,N
196,895.35,1037.37,1,S,3,W
197,896.47,1037.67,1,S,3,E
324,876.61,1039.47,1,W,3,E
186,849.16,1099.20,1,S,5,W
187,849.50,1099.50,1,S,5,W
191,891.03,1099.80,1,S,5,W
193,892.28,1100.10,1,S,5,W
320,870.18,1100.40,1,W,5,W
192,891.24,1115.80,1,S,5,E
184,841.04,1121.34,1,S,5,N
190,890.36,1121.64,1,S,5,N
319,868.10,1122.24,1,W,5,N
321,871.87,1122.54,1,W,5,N
322,873.17,1122.84,1,W,5,N
323,874.96,1123.14,1,W,5,N
325,877.41,1123.44,1,W,5,N
326,877.61,1123.74,1,W,5,N
327,881.37,1124.04,1,W,5,N
328,882.96,1124.34,1,W,5,N