id,enter_time,exit_time,entrance_intersection,entrance_direction,exit_intersection,exit_direction
13,21.91,36.05,1,S,1,E
437,1.09,66.44,5,W,5,N
438,2.26,66.74,5,W,5,N
439,3.81,67.04,5,W,5,N
440,14.16,67.34,5,W,5,N
441,22.45,67.64,5,W,5,N
442,69.49,75.63,5,W,5,N
443,72.17,78.31,5,W,5,N
444,73.17,79.31,5,W,5,N
445,73.39,79.52,5,W,5,N
573,0.90,80.44,5,E,5,N
574,51.99,80.74,5,E,5,N
575,53.23,81.04,5,E,5,N
576,56.00,81.34,5,E,5,N
577,77.95,84.09,5,E,5,N
3,4.38,100.70,1,S,1,W
7,10.20,101.00,1,S,1,W
10,17.65,101.30,1,S,1,W
17,25.50,101.60,1,S,1,W
18,59.32,101.90,1,S,1,W
19,59.99,102.20,1,S,1,W
14,22.84,102.50,1,S,2,W
255,81.42,108.20,1,E,2,E
21,68.86,113.80,1,S,1,E
394,34.30,131.27,3,E,5,N
369,58.90,131.27,3,W,5,N
396,36.67,131.87,3,E,5,N
24,119.62,133.76,1,S,1,E
9,12.32,137.67,1,S,3,W
136,5.90,140.07,1,W,3,E
397,95.47,157.24,3,E,5,N
258,99.02,161.21,1,E,3,W
446,75.29,166.34,5,W,5,N
447,77.72,166.64,5,W,5,N
448,78.87,166.94,5,W,5,N
449,98.32,167.24,5,W,5,N
450,99.71,167.54,5,W,5,N
451,101.35,167.84,5,W,5,N
452,102.88,168.14,5,W,5,N
453,104.30,168.44,5,W,5,N
454,106.16,168.74,5,W,5,N
455,107.33,169.04,5,W,5,N
456,118.20,169.34,5,W,5,N
457,119.78,169.64,5,W,5,N
458,124.67,169.94,5,W,5,N
459,126.05,170.24,5,W,5,N
460,170.69,176.82,5,W,5,N
578,143.69,180.34,5,E,5,N
579,143.73,180.64,5,E,5,N
580,145.11,180.94,5,E,5,N
581,155.71,181.24,5,E,5,N
582,176.61,182.75,5,E,5,N
583,178.03,184.17,5,E,5,N
584,188.39,194.53,5,E,5,N
395,35.47,200.10,3,E,5,W
0,1.21,200.40,1,S,5,W
309,10.19,200.70,2,W,5,W
4,5.42,201.00,1,S,5,W
23,117.62,201.10,1,S,1,W
6,8.50,201.30,1,S,5,W
26,121.58,201.40,1,S,1,W
11,18.81,201.60,1,S,5,W
27,122.44,201.70,1,S,1,W
146,67.02,201.70,1,W,2,W
16,24.31,201.90,1,S,5,W
30,162.59,202.00,1,S,1,W
134,2.66,202.20,1,W,5,W
34,173.67,202.30,1,S,1,W
138,27.74,202.50,1,W,5,W
139,50.07,202.80,1,W,5,W
140,51.90,203.10,1,W,5,W
143,54.67,203.40,1,W,5,W
253,41.59,203.70,1,E,5,W
251,18.80,221.80,1,E,5,E
1,2.41,222.24,1,S,5,N
2,3.46,222.54,1,S,5,N
343,36.22,222.84,2,E,5,N
344,72.21,223.14,2,E,5,N
310,42.28,223.44,2,W,5,N
311,54.96,223.74,2,W,5,N
312,81.08,224.04,2,W,5,N
313,81.16,224.34,2,W,5,N
314,93.19,224.64,2,W,5,N
5,6.80,224.94,1,S,5,N
8,11.46,225.24,1,S,5,N
400,140.85,225.53,3,E,5,E
12,20.75,225.54,1,S,5,N
15,23.19,225.84,1,S,5,N
135,4.47,226.14,1,W,5,N
137,26.67,226.44,1,W,5,N
141,52.59,226.74,1,W,5,N
142,54.23,227.04,1,W,5,N
144,64.38,227.34,1,W,5,N
250,15.81,227.64,1,E,5,N
252,41.03,228.24,1,E,5,N
254,43.12,228.54,1,E,5,N
256,86.96,228.84,1,E,5,N
370,114.52,231.07,3,W,5,N
398,107.53,231.07,3,E,5,N
399,108.57,231.37,3,E,5,N
401,141.97,231.97,3,E,5,N
371,171.67,233.44,3,W,5,N
261,133.01,241.97,1,E,3,E
461,183.80,266.24,5,W,5,N
462,185.05,266.54,5,W,5,N
463,186.21,266.84,5,W,5,N
464,187.68,267.14,5,W,5,N
465,193.81,267.44,5,W,5,N
466,196.59,267.74,5,W,5,N
467,197.04,268.04,5,W,5,N
468,198.73,268.34,5,W,5,N
469,200.55,268.64,5,W,5,N
470,214.05,268.94,5,W,5,N
471,220.26,269.24,5,W,5,N
472,251.75,269.54,5,W,5,N
473,253.82,269.84,5,W,5,N
585,241.58,280.24,5,E,5,N
586,243.58,280.54,5,E,5,N
587,263.08,280.84,5,E,5,N
588,269.63,281.14,5,E,5,N
257,96.22,300.00,1,E,5,W
402,154.91,300.30,3,E,5,W
20,61.58,300.60,1,S,5,W
345,113.89,300.90,2,E,5,W
22,111.86,301.20,1,S,5,W
39,210.66,301.50,1,S,1,W
148,70.12,301.50,1,W,5,W
40,212.15,301.80,1,S,1,W
152,109.98,301.80,1,W,5,W
156,159.40,302.10,1,W,5,W
157,159.90,302.40,1,W,5,W
265,170.22,302.70,1,E,5,W
46,288.62,302.76,1,S,1,W
266,181.09,303.00,1,E,5,W
269,227.14,303.60,1,E,2,W
319,266.77,313.67,2,W,3,W
25,121.14,316.60,1,S,5,E
28,123.42,316.90,1,S,5,E
151,100.32,318.40,1,W,5,E
346,154.00,322.14,2,E,5,N
315,191.36,322.44,2,W,5,N
145,65.57,323.34,1,W,5,N
147,67.30,323.64,1,W,5,N
149,78.86,323.94,1,W,5,N
150,98.75,324.24,1,W,5,N
153,125.77,324.84,1,W,5,N
154,145.71,325.14,1,W,5,N
155,145.95,325.44,1,W,5,N
259,107.10,325.74,1,E,5,N
260,117.21,326.04,1,E,5,N
408,252.51,326.23,3,E,5,E
262,143.16,326.34,1,E,5,N
263,151.41,326.64,1,E,5,N
264,165.96,326.94,1,E,5,N
267,190.05,327.24,1,E,5,N
372,224.87,330.87,3,W,5,N
403,202.34,330.87,3,E,5,N
373,229.35,331.17,3,W,5,N
374,256.66,331.47,3,W,5,N
405,238.79,331.47,3,E,5,N
375,266.90,331.77,3,W,5,N
406,249.75,331.77,3,E,5,N
409,265.43,332.67,3,E,5,N
410,266.71,332.97,3,E,5,N
158,169.86,337.87,1,W,3,E
162,244.06,339.07,1,W,3,W
474,283.10,366.14,5,W,5,N
475,290.97,366.44,5,W,5,N
476,292.94,366.74,5,W,5,N
477,295.15,367.04,5,W,5,N
478,296.59,367.34,5,W,5,N
479,326.19,367.64,5,W,5,N
480,327.39,367.94,5,W,5,N
481,355.14,368.24,5,W,5,N
482,356.32,368.54,5,W,5,N
483,363.54,369.68,5,W,5,N
484,366.32,372.46,5,W,5,N
485,367.79,373.92,5,W,5,N
486,369.47,375.60,5,W,5,N
487,369.53,375.66,5,W,5,N
488,372.24,378.38,5,W,5,N
489,372.47,378.61,5,W,5,N
589,320.48,380.14,5,E,5,N
590,385.49,391.63,5,E,5,N
591,385.90,392.04,5,E,5,N
592,391.75,397.89,5,E,5,N
268,200.58,399.90,1,E,5,W
404,237.13,400.20,3,E,5,W
376,270.03,400.50,3,W,5,W
407,250.93,400.80,3,E,5,W
33,173.42,401.10,1,S,5,W
35,175.27,401.40,1,S,5,W
347,200.87,401.70,2,E,5,W
47,329.41,401.90,1,S,1,W
348,246.76,402.00,2,E,5,W
50,338.78,402.20,1,S,1,W
317,229.33,402.30,2,W,5,W
54,342.10,402.50,1,S,1,W
349,262.84,402.60,2,E,5,W
350,298.32,402.90,2,E,5,W
38,208.58,403.20,1,S,5,W
41,212.83,403.50,1,S,5,W
159,192.49,403.80,1,W,5,W
161,218.96,404.10,1,W,5,W
58,394.19,408.33,1,S,1,W
270,291.21,409.03,1,E,5,W
352,343.12,413.17,2,E,3,W
57,344.59,416.20,1,S,1,E
29,160.64,422.04,1,S,5,N
31,164.45,422.34,1,S,5,N
32,167.82,422.64,1,S,5,N
36,175.27,422.94,1,S,5,N
316,203.78,423.24,2,W,5,N
318,260.83,423.54,2,W,5,N
320,298.03,423.84,2,W,5,N
37,207.41,424.14,1,S,5,N
42,213.96,424.44,1,S,5,N
160,194.08,424.74,1,W,5,N
163,260.01,425.04,1,W,5,N
411,320.12,430.67,3,E,5,N
377,322.25,430.67,3,W,5,N
412,322.04,430.97,3,E,5,N
378,346.02,430.97,3,W,5,N
413,370.44,432.21,3,E,5,N
170,329.13,439.17,1,W,3,W
273,335.68,441.27,1,E,3,E
65,431.37,445.51,1,S,1,E
490,373.65,466.04,5,W,5,N
491,414.18,466.34,5,W,5,N
492,414.42,466.64,5,W,5,N
493,425.07,466.94,5,W,5,N
494,426.78,467.24,5,W,5,N
495,428.31,467.54,5,W,5,N
496,429.75,467.84,5,W,5,N
497,437.31,468.14,5,W,5,N
498,463.53,469.67,5,W,5,N
499,466.50,472.63,5,W,5,N
500,469.23,475.37,5,W,5,N
593,407.25,480.04,5,E,5,N
594,408.00,480.34,5,E,5,N
595,437.78,480.64,5,E,5,N
596,442.87,480.94,5,E,5,N
597,465.85,481.24,5,E,5,N
598,476.93,483.07,5,E,5,N
51,340.58,499.30,1,S,3,W
321,311.23,499.80,2,W,5,W
351,319.78,500.10,2,E,5,W
353,356.78,500.40,2,E,5,W
324,358.25,500.70,2,W,5,W
325,383.05,501.00,2,W,5,W
48,333.06,501.30,1,S,5,W
164,280.34,501.60,1,W,5,W
63,429.79,501.70,1,S,2,W
167,306.88,501.90,1,W,5,W
168,308.36,502.20,1,W,5,W
68,463.52,502.30,1,S,1,W
172,347.20,502.50,1,W,5,W
71,467.92,502.60,1,S,1,W
272,316.16,502.80,1,E,5,W
275,384.36,503.10,1,E,5,W
279,404.25,505.60,1,E,2,W
283,451.21,506.80,1,E,2,W
284,478.70,507.10,1,E,2,E
277,393.89,511.71,1,E,5,W
326,392.96,517.60,2,W,5,E
43,247.74,521.94,1,S,5,N
44,287.53,522.24,1,S,5,N
45,288.62,522.54,1,S,5,N
322,343.90,522.84,2,W,5,N
323,345.28,523.14,2,W,5,N
354,376.49,523.44,2,E,5,N
49,334.20,524.04,1,S,5,N
165,289.09,524.34,1,W,5,N
166,290.53,524.64,1,W,5,N
169,328.30,524.94,1,W,5,N
171,330.64,525.24,1,W,5,N
173,355.07,525.54,1,W,5,N
174,356.50,525.84,1,W,5,N
271,314.17,526.14,1,E,5,N
274,345.78,526.44,1,E,5,N
276,385.41,526.74,1,E,5,N
278,395.58,527.04,1,E,5,N
414,426.55,530.47,3,E,5,N
415,484.41,540.05,3,E,5,E
70,466.89,542.12,1,S,2,E
417,496.41,558.18,3,E,5,N
501,513.45,565.94,5,W,5,N
502,514.76,566.24,5,W,5,N
503,516.15,566.54,5,W,5,N
504,517.54,566.84,5,W,5,N
505,519.23,567.14,5,W,5,N
506,523.31,567.44,5,W,5,N
507,523.46,567.74,5,W,5,N
508,525.01,568.04,5,W,5,N
509,526.77,568.34,5,W,5,N
510,559.96,568.64,5,W,5,N
511,562.32,568.94,5,W,5,N
512,563.98,570.11,5,W,5,N
513,566.53,572.66,5,W,5,N
514,568.49,574.63,5,W,5,N
515,570.13,576.27,5,W,5,N
516,572.32,578.45,5,W,5,N
599,518.45,579.94,5,E,5,N
600,571.26,580.24,5,E,5,N
601,576.65,582.79,5,E,5,N
379,416.02,599.70,3,W,5,W
72,496.70,600.00,1,S,3,E
380,466.98,600.00,3,W,5,W
416,485.65,600.30,3,E,5,W
356,445.18,600.60,2,E,5,W
327,481.43,600.90,2,W,5,W
328,495.31,601.20,2,W,5,W
60,426.64,601.50,1,S,5,W
64,430.12,601.80,1,S,5,W
175,372.33,602.10,1,W,5,W
177,375.65,602.40,1,W,5,W
180,410.10,602.70,1,W,5,W
74,540.99,602.70,1,S,1,W
281,406.96,603.00,1,E,5,W
77,543.33,603.00,1,S,1,W
78,545.63,603.30,1,S,1,W
84,580.83,617.90,1,S,1,E
179,390.02,619.00,1,W,5,E
359,584.06,620.14,2,E,3,W
282,409.29,621.10,1,E,5,E
52,340.62,621.84,1,S,5,N
53,340.79,622.14,1,S,5,N
55,343.00,622.44,1,S,5,N
56,343.54,622.74,1,S,5,N
59,395.21,623.04,1,S,5,N
355,425.27,623.34,2,E,5,N
357,492.84,623.64,2,E,5,N
61,426.93,623.94,1,S,5,N
62,428.92,624.24,1,S,5,N
176,374.73,624.54,1,W,5,N
178,388.40,624.84,1,W,5,N
181,425.12,625.44,1,W,5,N
182,425.60,625.74,1,W,5,N
183,439.29,626.04,1,W,5,N
184,456.27,626.34,1,W,5,N
185,458.26,626.64,1,W,5,N
280,405.67,626.94,1,E,5,N
285,484.25,627.54,1,E,5,N
286,489.53,627.84,1,E,5,N
419,512.51,630.57,3,E,5,N
421,575.07,636.84,3,E,5,N
188,488.80,637.57,1,W,3,E
382,583.22,644.99,3,W,5,N
422,587.82,649.59,3,E,5,N
292,589.57,651.76,1,E,3,W
384,590.98,652.75,3,W,5,N
517,574.39,665.84,5,W,5,N
518,575.91,666.14,5,W,5,N
519,583.38,666.44,5,W,5,N
520,585.36,666.74,5,W,5,N
521,586.95,667.04,5,W,5,N
522,594.00,667.34,5,W,5,N
523,594.86,667.64,5,W,5,N
524,596.63,667.94,5,W,5,N
525,598.81,668.24,5,W,5,N
526,609.42,668.54,5,W,5,N
527,611.67,668.84,5,W,5,N
528,613.25,669.14,5,W,5,N
529,621.00,669.44,5,W,5,N
530,622.82,669.74,5,W,5,N
531,623.84,670.04,5,W,5,N
532,654.18,670.34,5,W,5,N
533,656.04,670.64,5,W,5,N
534,665.67,671.81,5,W,5,N
535,667.51,673.65,5,W,5,N
536,668.53,674.67,5,W,5,N
537,668.57,674.70,5,W,5,N
538,669.27,675.41,5,W,5,N
539,672.05,678.19,5,W,5,N
540,672.68,678.82,5,W,5,N
602,624.11,679.84,5,E,5,N
603,667.67,680.14,5,E,5,N
604,669.93,680.44,5,E,5,N
605,691.22,697.36,5,E,5,N
287,498.56,699.60,1,E,5,W
381,531.72,699.90,3,W,5,W
418,510.86,700.20,3,E,5,W
420,520.72,700.50,3,E,5,W
383,590.73,700.80,3,W,5,W
66,462.26,701.10,1,S,5,W
330,518.30,701.40,2,W,5,W
189,500.69,701.70,1,W,5,W
192,507.30,702.00,1,W,5,W
289,531.13,702.30,1,E,5,W
86,615.52,703.10,1,S,1,W
94,629.59,703.40,1,S,1,W
104,642.33,703.70,1,S,1,W
332,605.55,713.17,2,W,3,W
103,640.89,715.90,1,S,1,E
67,463.14,721.74,1,S,5,N
69,465.26,722.04,1,S,5,N
358,538.14,722.34,2,E,5,N
329,506.73,722.64,2,W,5,N
331,528.51,722.94,2,W,5,N
360,596.64,723.24,2,E,5,N
186,479.81,723.54,1,W,5,N
187,485.21,723.84,1,W,5,N
190,502.09,724.14,1,W,5,N
191,504.09,724.44,1,W,5,N
193,529.99,724.74,1,W,5,N
194,543.07,725.04,1,W,5,N
195,545.03,725.34,1,W,5,N
196,548.41,725.64,1,W,5,N
288,516.68,725.94,1,E,5,N
290,564.80,726.24,1,E,5,N
291,578.60,726.54,1,E,5,N
335,693.84,729.92,2,W,3,W
423,644.78,730.07,3,E,5,N
386,651.60,730.37,3,W,5,N
89,624.16,737.97,1,S,3,W
425,677.09,738.86,3,E,5,N
198,570.24,742.17,1,W,3,W
199,571.57,742.47,1,W,3,W
295,628.39,746.67,1,E,3,W
297,662.86,747.27,1,E,3,E
541,673.85,765.74,5,W,5,N
542,675.33,766.04,5,W,5,N
543,677.20,766.34,5,W,5,N
544,684.44,766.64,5,W,5,N
545,694.79,766.94,5,W,5,N
546,701.13,767.24,5,W,5,N
547,709.86,767.54,5,W,5,N
548,720.39,767.84,5,W,5,N
549,735.67,768.14,5,W,5,N
550,737.16,768.44,5,W,5,N
551,743.34,768.74,5,W,5,N
552,750.95,769.04,5,W,5,N
553,752.87,769.34,5,W,5,N
554,754.35,769.64,5,W,5,N
555,755.49,769.94,5,W,5,N
556,757.73,770.24,5,W,5,N
557,767.96,774.09,5,W,5,N
558,769.45,775.59,5,W,5,N
606,720.31,779.74,5,E,5,N
607,726.85,780.04,5,E,5,N
608,732.37,780.34,5,E,5,N
609,755.78,780.64,5,E,5,N
385,650.42,799.50,3,W,5,W
424,675.16,799.80,3,E,5,W
73,540.93,800.10,1,S,5,W
76,542.87,800.40,1,S,5,W
81,554.18,800.70,1,S,5,W
361,620.39,801.00,2,E,5,W
362,669.98,801.30,2,E,5,W
85,614.64,801.60,1,S,5,W
87,617.22,801.90,1,S,5,W
91,627.63,802.20,1,S,5,W
96,630.72,802.50,1,S,5,W
213,670.14,802.60,1,W,2,W
101,636.26,802.80,1,S,5,W
205,609.30,803.10,1,W,5,W
208,646.16,803.40,1,W,5,W
210,666.73,803.70,1,W,5,W
610,797.78,803.92,5,E,5,N
296,634.54,804.00,1,E,5,W
298,668.42,804.30,1,E,5,W
222,748.37,805.30,1,W,2,W
79,548.84,815.80,1,S,5,E
113,768.34,816.30,1,S,1,E
363,688.40,817.60,2,E,5,E
90,627.14,818.20,1,S,5,E
102,638.28,820.60,1,S,5,E
75,541.92,821.64,1,S,5,N
80,552.54,822.24,1,S,5,N
82,575.16,822.54,1,S,5,N
83,577.09,822.84,1,S,5,N
333,641.62,823.14,2,W,5,N
334,680.35,823.44,2,W,5,N
293,616.24,823.60,1,E,5,E
88,622.23,824.04,1,S,5,N
92,627.87,824.64,1,S,5,N
93,629.17,824.94,1,S,5,N
95,630.17,825.24,1,S,5,N
97,630.94,825.54,1,S,5,N
98,632.35,825.84,1,S,5,N
99,634.23,826.14,1,S,5,N
100,635.44,826.44,1,S,5,N
197,569.89,827.04,1,W,5,N
200,572.90,827.34,1,W,5,N
201,589.11,827.64,1,W,5,N
202,590.18,827.94,1,W,5,N
203,591.74,828.24,1,W,5,N
204,593.30,828.54,1,W,5,N
206,624.24,828.84,1,W,5,N
207,625.63,829.14,1,W,5,N
209,665.05,829.44,1,W,5,N
294,617.70,830.04,1,E,5,N
387,726.49,830.34,3,W,5,N
426,735.56,830.64,3,E,5,N
428,738.17,830.94,3,E,5,N
217,683.44,839.87,1,W,3,W
225,754.22,842.27,1,W,3,E
302,727.54,843.47,1,E,3,W
118,776.14,843.92,1,S,2,E
559,776.64,865.64,5,W,5,N
560,777.93,865.94,5,W,5,N
561,817.76,866.24,5,W,5,N
562,819.55,866.54,5,W,5,N
563,857.36,866.84,5,W,5,N
564,858.45,867.14,5,W,5,N
565,864.52,870.65,5,W,5,N
566,864.55,870.69,5,W,5,N
611,827.12,879.64,5,E,5,N
612,873.26,879.94,5,E,5,N
427,737.00,899.40,3,E,5,W
388,746.35,899.70,3,W,5,W
389,748.56,900.00,3,W,5,W
390,774.57,900.30,3,W,5,W
429,774.88,900.60,3,E,5,W
105,646.83,900.90,1,S,5,W
108,686.18,901.20,1,S,5,W
364,737.01,901.50,2,E,5,W
336,776.70,901.80,2,W,5,W
112,737.47,902.10,1,S,5,W
218,693.38,902.40,1,W,5,W
219,719.08,902.70,1,W,5,W
220,722.30,903.00,1,W,5,W
221,733.00,903.30,1,W,5,W
224,752.27,903.60,1,W,5,W
301,724.61,903.90,1,E,5,W
122,846.73,903.90,1,S,1,W
109,686.24,916.00,1,S,5,E
365,780.75,916.30,2,E,5,E
106,647.57,921.54,1,S,5,N
107,684.49,921.84,1,S,5,N
337,787.56,922.74,2,W,5,N
338,800.19,923.04,2,W,5,N
110,734.79,923.34,1,S,5,N
111,735.54,923.64,1,S,5,N
211,668.24,923.94,1,W,5,N
212,669.08,924.24,1,W,5,N
214,671.64,924.54,1,W,5,N
215,671.72,924.84,1,W,5,N
216,673.61,925.14,1,W,5,N
223,750.34,925.44,1,W,5,N
299,712.02,925.74,1,E,5,N
300,717.63,926.04,1,E,5,N
303,756.36,926.34,1,E,5,N
304,763.89,926.64,1,E,5,N
305,782.00,926.94,1,E,5,N
342,892.68,928.75,2,W,3,W
391,830.67,929.67,3,W,5,N
430,822.19,929.67,3,E,5,N
432,825.25,930.27,3,E,5,N
433,844.74,930.57,3,E,5,N
435,860.20,931.17,3,E,5,N
436,866.22,931.47,3,E,5,N
120,820.05,937.57,1,S,3,E
229,785.61,938.77,1,W,3,E
234,818.47,940.27,1,W,3,E
126,850.51,944.02,1,S,2,W
567,877.95,965.54,5,W,5,N
568,879.33,965.84,5,W,5,N
569,881.31,966.14,5,W,5,N
570,882.51,966.44,5,W,5,N
571,884.21,966.74,5,W,5,N
572,895.09,967.04,5,W,5,N
431,823.52,999.30,3,E,5,W
392,848.64,999.60,3,W,5,W
434,858.59,999.90,3,E,5,W
129,853.70,1000.10,1,S,3,E
393,875.81,1000.20,3,W,5,W
114,770.25,1000.50,1,S,5,W
117,774.50,1000.80,1,S,5,W
366,826.91,1001.10,2,E,5,W
339,815.15,1001.40,2,W,5,W
340,850.45,1001.70,2,W,5,W
367,869.17,1002.00,2,E,5,W
226,768.83,1002.30,1,W,5,W
227,770.75,1002.60,1,W,5,W
232,816.01,1002.90,1,W,5,W
239,845.27,1003.20,1,W,5,W
242,862.52,1003.50,1,W,5,W
243,864.19,1003.80,1,W,5,W
236,820.37,1018.30,1,W,5,E
306,809.53,1019.80,1,E,5,E
115,771.15,1021.44,1,S,5,N
116,773.02,1021.74,1,S,5,N
341,882.87,1022.04,2,W,5,N
368,897.04,1022.34,2,E,5,N
119,818.98,1022.64,1,S,5,N
228,784.30,1022.94,1,W,5,N
230,801.11,1023.24,1,W,5,N
231,807.25,1023.54,1,W,5,N
233,817.08,1023.84,1,W,5,N
235,819.09,1024.14,1,W,5,N
237,840.09,1024.74,1,W,5,N
238,841.97,1025.04,1,W,5,N
240,849.02,1025.34,1,W,5,N
241,852.27,1025.64,1,W,5,N
307,818.96,1026.24,1,E,5,N
308,866.27,1026.54,1,E,5,N
133,892.30,1037.67,1,S,3,W
248,895.20,1039.17,1,W,3,W
121,846.58,1099.20,1,S,5,W
123,846.76,1099.50,1,S,5,W
124,848.15,1099.80,1,S,5,W
130,853.77,1100.10,1,S,5,W
132,890.90,1100.40,1,S,5,W
125,850.28,1115.20,1,S,5,E
244,881.15,1116.40,1,W,5,E
127,852.16,1121.64,1,S,5,N
128,853.40,1121.94,1,S,5,N
131,890.29,1122.24,1,S,5,N
245,881.65,1122.84,1,W,5,N
246,883.07,1123.14,1,W,5,N
247,888.12,1123.44,1,W,5,N
249,896.69,1123.74,1,W,5,N