id,enter_time,exit_time,entrance_intersection,entrance_direction,exit_intersection,exit_direction
511,1.76,66.44,5,W,5,N
512,8.55,66.74,5,W,5,N
513,10.04,67.04,5,W,5,N
514,13.16,67.34,5,W,5,N
515,14.24,67.64,5,W,5,N
516,22.03,67.94,5,W,5,N
517,22.58,68.24,5,W,5,N
518,22.74,68.54,5,W,5,N
519,24.86,68.84,5,W,5,N
520,25.95,69.14,5,W,5,N
521,28.86,69.44,5,W,5,N
522,38.67,69.74,5,W,5,N
523,53.44,70.04,5,W,5,N
524,54.53,70.34,5,W,5,N
632,7.57,80.44,5,E,5,N
633,12.79,80.74,5,E,5,N
634,18.51,81.04,5,E,5,N
635,46.52,81.34,5,E,5,N
636,51.08,81.64,5,E,5,N
637,56.69,81.94,5,E,5,N
1,29.87,100.70,1,S,1,W
6,75.05,101.00,1,S,1,W
4,31.98,101.30,1,S,2,W
9,77.66,101.30,1,S,1,W
22,95.93,110.07,1,S,1,W
23,96.67,110.81,1,S,1,W
8,76.66,113.80,1,S,1,E
12,81.25,114.70,1,S,1,E
13,85.08,115.00,1,S,1,E
481,65.03,125.73,3,E,5,E
441,22.23,125.73,3,W,5,E
439,14.70,131.27,3,W,5,N
479,50.75,131.27,3,E,5,N
440,18.02,131.57,3,W,5,N
480,58.61,131.57,3,E,5,N
24,98.00,143.82,1,S,2,W
442,86.83,148.60,3,W,5,N
525,76.32,166.34,5,W,5,N
526,76.94,166.64,5,W,5,N
527,78.34,166.94,5,W,5,N
528,80.68,167.24,5,W,5,N
529,93.18,167.54,5,W,5,N
530,96.59,167.84,5,W,5,N
531,137.42,168.14,5,W,5,N
532,167.59,173.73,5,W,5,N
533,169.14,175.27,5,W,5,N
638,130.64,180.34,5,E,5,N
639,151.31,180.64,5,E,5,N
640,165.14,180.94,5,E,5,N
380,3.18,200.10,2,W,5,W
0,28.74,200.40,1,S,5,W
5,33.83,200.70,1,S,5,W
14,88.81,200.80,1,S,3,W
190,1.92,201.00,1,W,5,W
27,105.77,201.10,1,S,1,W
194,13.09,201.30,1,W,5,W
29,143.27,201.40,1,S,1,W
195,13.92,201.60,1,W,5,W
45,161.98,201.70,1,S,1,W
199,55.80,201.90,1,W,5,W
47,164.30,202.00,1,S,1,W
52,170.65,202.30,1,S,1,W
206,125.49,202.60,1,W,2,W
30,144.02,213.90,1,S,1,E
35,147.03,215.40,1,S,1,E
36,154.61,215.70,1,S,1,E
383,59.21,217.30,2,W,5,E
44,161.15,218.10,1,S,1,E
323,74.61,221.20,1,E,5,E
411,44.17,222.24,2,E,5,N
412,76.20,222.54,2,E,5,N
381,37.45,222.84,2,W,5,N
382,48.65,223.14,2,W,5,N
384,85.70,223.74,2,W,5,N
2,30.49,224.04,1,S,5,N
3,30.70,224.34,1,S,5,N
191,9.85,224.64,1,W,5,N
192,11.35,224.94,1,W,5,N
193,11.69,225.24,1,W,5,N
196,23.66,225.54,1,W,5,N
197,31.40,225.84,1,W,5,N
198,53.85,226.14,1,W,5,N
320,5.10,226.44,1,E,5,N
321,20.16,226.74,1,E,5,N
322,46.66,227.04,1,E,5,N
482,111.81,231.07,3,E,5,N
444,173.96,235.73,3,W,5,N
210,134.97,239.87,1,W,3,W
445,184.21,245.98,3,W,5,N
446,190.26,252.03,3,W,5,N
485,193.73,255.50,3,E,5,N
534,176.06,266.24,5,W,5,N
535,177.46,266.54,5,W,5,N
536,181.19,266.84,5,W,5,N
537,188.43,267.14,5,W,5,N
538,219.91,267.44,5,W,5,N
539,221.39,267.74,5,W,5,N
540,228.91,268.04,5,W,5,N
541,229.49,268.34,5,W,5,N
542,230.74,268.64,5,W,5,N
543,245.17,268.94,5,W,5,N
544,259.75,269.24,5,W,5,N
641,209.55,280.24,5,E,5,N
642,214.71,280.54,5,E,5,N
643,215.81,280.84,5,E,5,N
644,217.40,281.14,5,E,5,N
645,233.77,281.44,5,E,5,N
646,236.76,281.74,5,E,5,N
647,244.44,282.04,5,E,5,N
648,260.61,282.34,5,E,5,N
443,109.13,300.00,3,W,5,W
33,146.40,300.30,1,S,3,W
483,113.25,300.30,3,E,5,W
34,146.70,300.60,1,S,3,W
484,159.27,300.60,3,E,5,W
21,95.53,300.90,1,S,5,W
25,98.57,301.20,1,S,5,W
55,237.75,301.50,1,S,1,W
26,100.09,301.50,1,S,5,W
57,239.81,301.80,1,S,1,W
40,158.23,301.80,1,S,3,W
385,113.81,301.80,2,W,5,W
61,244.78,302.10,1,S,1,W
414,152.36,302.10,2,E,5,W
65,282.69,302.40,1,S,1,W
204,84.11,302.40,1,W,5,W
67,283.68,302.70,1,S,1,W
205,104.09,302.70,1,W,5,W
207,126.16,303.00,1,W,5,W
211,136.46,303.30,1,W,5,W
219,201.90,303.60,1,W,2,E
212,154.52,303.60,1,W,5,W
213,155.91,303.90,1,W,5,W
71,290.70,304.83,1,S,1,W
418,247.63,313.37,2,E,3,W
447,199.56,322.14,3,W,5,N
7,76.51,322.44,1,S,5,N
10,78.85,322.74,1,S,5,N
11,80.67,323.04,1,S,5,N
15,89.10,323.34,1,S,5,N
16,90.35,323.64,1,S,5,N
17,90.47,323.94,1,S,5,N
18,94.29,324.24,1,S,5,N
19,94.63,324.54,1,S,5,N
20,95.16,324.84,1,S,5,N
413,106.30,325.14,2,E,5,N
415,162.66,325.44,2,E,5,N
28,107.42,325.74,1,S,5,N
200,68.82,326.04,1,W,5,N
201,70.59,326.34,1,W,5,N
202,80.07,326.64,1,W,5,N
203,82.59,326.94,1,W,5,N
208,128.04,327.24,1,W,5,N
209,131.77,327.54,1,W,5,N
324,119.67,327.84,1,E,5,N
325,122.55,328.14,1,E,5,N
326,147.66,328.44,1,E,5,N
327,178.63,328.74,1,E,5,N
486,210.76,330.87,3,E,5,N
448,215.26,330.87,3,W,5,N
449,232.78,331.17,3,W,5,N
450,232.85,331.47,3,W,5,N
488,264.23,331.47,3,E,5,N
331,225.59,342.97,1,E,3,E
72,291.38,343.72,1,S,2,W
451,287.68,349.45,3,W,5,N
452,287.71,349.48,3,W,5,N
545,283.60,366.14,5,W,5,N
546,290.17,366.44,5,W,5,N
547,300.41,366.74,5,W,5,N
548,302.64,367.04,5,W,5,N
549,303.88,367.34,5,W,5,N
550,311.29,367.64,5,W,5,N
551,313.09,367.94,5,W,5,N
552,341.35,368.24,5,W,5,N
553,342.31,368.54,5,W,5,N
554,343.91,368.84,5,W,5,N
555,371.99,378.12,5,W,5,N
649,314.37,380.14,5,E,5,N
650,364.39,380.44,5,E,5,N
651,374.33,380.47,5,E,5,N
652,379.97,386.11,5,E,5,N
487,263.08,399.90,3,E,5,W
453,290.63,400.20,3,W,5,W
653,394.11,400.25,5,E,5,N
39,158.02,400.50,1,S,5,W
48,165.50,400.80,1,S,5,W
416,209.09,401.10,2,E,5,W
386,211.19,401.40,2,W,5,W
419,283.90,401.70,2,E,5,W
76,332.48,401.90,1,S,1,W
78,334.59,401.90,1,S,2,W
50,166.74,402.00,1,S,5,W
81,336.74,402.20,1,S,1,W
53,175.67,402.30,1,S,5,W
82,337.65,402.50,1,S,1,W
54,215.85,402.60,1,S,5,W
85,379.04,402.80,1,S,1,W
227,267.20,402.80,1,W,2,W
224,247.00,402.90,1,W,5,W
330,217.04,403.20,1,E,5,W
332,236.10,403.50,1,E,5,W
341,369.57,408.50,1,E,2,W
344,382.36,409.40,1,E,2,W
84,378.92,415.00,1,S,1,E
387,292.33,418.60,2,W,5,E
31,145.30,422.04,1,S,5,N
32,146.23,422.34,1,S,5,N
37,156.17,422.64,1,S,5,N
38,156.23,422.94,1,S,5,N
41,158.73,423.24,1,S,5,N
42,159.30,423.54,1,S,5,N
43,160.56,423.84,1,S,5,N
335,274.52,424.00,1,E,5,E
46,162.62,424.14,1,S,5,N
417,227.57,424.44,2,E,5,N
49,166.62,425.04,1,S,5,N
51,167.54,425.34,1,S,5,N
214,180.31,425.64,1,W,5,N
215,181.60,425.94,1,W,5,N
216,181.66,426.24,1,W,5,N
217,192.04,426.54,1,W,5,N
496,328.20,426.63,3,E,5,E
218,200.02,426.84,1,W,5,N
220,205.20,427.14,1,W,5,N
221,230.66,427.44,1,W,5,N
222,239.90,427.74,1,W,5,N
223,243.18,428.04,1,W,5,N
225,248.46,428.34,1,W,5,N
226,250.36,428.64,1,W,5,N
328,209.81,428.94,1,E,5,N
329,215.45,429.24,1,E,5,N
333,254.73,429.54,1,E,5,N
334,257.28,429.84,1,E,5,N
454,303.27,430.67,3,W,5,N
490,318.86,430.97,3,E,5,N
455,320.23,430.97,3,W,5,N
491,320.43,431.27,3,E,5,N
456,325.05,431.27,3,W,5,N
492,321.48,431.57,3,E,5,N
493,323.14,431.87,3,E,5,N
494,324.76,432.17,3,E,5,N
73,328.05,436.77,1,S,3,E
228,268.52,439.17,1,W,3,W
93,432.34,446.47,1,S,1,E
95,433.91,448.05,1,S,1,E
497,386.34,448.11,3,E,5,N
556,401.17,466.04,5,W,5,N
557,419.41,466.34,5,W,5,N
558,420.23,466.64,5,W,5,N
559,421.54,466.94,5,W,5,N
560,423.26,467.24,5,W,5,N
561,424.96,467.54,5,W,5,N
562,434.29,467.84,5,W,5,N
563,434.45,468.14,5,W,5,N
564,439.18,468.44,5,W,5,N
565,447.95,468.74,5,W,5,N
566,449.66,469.04,5,W,5,N
567,455.68,469.34,5,W,5,N
568,456.30,469.64,5,W,5,N
569,458.15,469.94,5,W,5,N
570,459.94,470.24,5,W,5,N
571,461.52,470.54,5,W,5,N
572,462.23,470.84,5,W,5,N
654,441.25,480.04,5,E,5,N
489,317.07,499.80,3,E,5,W
495,326.32,500.10,3,E,5,W
457,381.09,500.40,3,W,5,W
56,238.11,500.70,1,S,5,W
58,241.90,501.00,1,S,5,W
62,245.18,501.30,1,S,5,W
63,276.15,501.60,1,S,5,W
66,283.33,501.90,1,S,5,W
68,285.22,502.20,1,S,5,W
99,439.67,502.30,1,S,1,W
69,285.32,502.50,1,S,5,W
102,442.45,502.60,1,S,1,W
70,285.41,502.80,1,S,5,W
390,356.88,503.10,2,W,5,W
77,334.48,503.40,1,S,5,W
244,377.40,503.50,1,W,2,W
79,335.01,503.70,1,S,5,W
80,336.53,504.00,1,S,5,W
230,289.53,504.30,1,W,5,W
231,304.19,504.60,1,W,5,W
232,304.34,504.90,1,W,5,W
233,306.00,505.20,1,W,5,W
236,343.67,505.50,1,W,5,W
240,360.76,505.80,1,W,5,W
339,361.74,506.10,1,E,5,W
342,379.24,506.40,1,E,5,W
345,384.70,506.70,1,E,5,W
351,442.90,510.40,1,E,2,E
101,441.40,515.40,1,S,1,E
59,243.83,521.94,1,S,5,N
60,243.92,522.24,1,S,5,N
64,281.42,522.54,1,S,5,N
420,317.44,522.84,2,E,5,N
388,330.75,523.14,2,W,5,N
389,344.67,523.44,2,W,5,N
421,345.67,523.74,2,E,5,N
422,393.44,524.04,2,E,5,N
74,329.68,524.34,1,S,5,N
75,330.78,524.64,1,S,5,N
393,488.81,524.88,2,W,3,W
229,287.70,524.94,1,W,5,N
234,308.92,525.24,1,W,5,N
235,333.96,525.54,1,W,5,N
237,345.29,525.84,1,W,5,N
238,347.51,526.14,1,W,5,N
239,348.67,526.44,1,W,5,N
336,315.71,526.74,1,E,5,N
337,318.69,527.04,1,E,5,N
338,360.40,527.34,1,E,5,N
340,366.76,527.64,1,E,5,N
343,381.25,527.94,1,E,5,N
346,385.64,528.24,1,E,5,N
347,393.67,528.54,1,E,5,N
458,402.18,530.47,3,W,5,N
573,475.68,565.94,5,W,5,N
574,478.37,566.24,5,W,5,N
575,494.16,566.54,5,W,5,N
576,495.77,566.84,5,W,5,N
577,506.27,567.14,5,W,5,N
578,524.85,567.44,5,W,5,N
579,525.53,567.74,5,W,5,N
580,534.87,568.04,5,W,5,N
581,535.46,568.34,5,W,5,N
582,536.94,568.64,5,W,5,N
583,539.20,568.94,5,W,5,N
584,541.44,569.24,5,W,5,N
585,542.72,569.54,5,W,5,N
586,543.82,569.84,5,W,5,N
587,547.74,570.14,5,W,5,N
588,549.79,570.44,5,W,5,N
589,549.80,570.74,5,W,5,N
590,556.83,571.04,5,W,5,N
591,558.44,571.34,5,W,5,N
592,563.31,571.64,5,W,5,N
593,563.39,571.94,5,W,5,N
655,515.05,579.94,5,E,5,N
656,538.57,580.24,5,E,5,N
657,541.85,580.54,5,E,5,N
658,560.65,580.84,5,E,5,N
659,561.76,581.14,5,E,5,N
660,568.56,581.44,5,E,5,N
661,581.00,587.13,5,E,5,N
662,582.86,588.99,5,E,5,N
663,588.25,594.38,5,E,5,N
498,430.51,599.70,3,E,5,W
459,403.21,600.00,3,W,5,W
460,427.38,600.30,3,W,5,W
499,480.41,600.60,3,E,5,W
461,483.74,600.90,3,W,5,W
83,377.33,601.20,1,S,5,W
391,444.36,601.50,2,W,5,W
96,434.93,601.80,1,S,5,W
245,380.44,602.10,1,W,5,W
246,388.60,602.40,1,W,5,W
248,391.89,602.70,1,W,5,W
110,543.39,602.70,1,S,1,W
251,395.24,603.00,1,W,5,W
112,546.12,603.00,1,S,1,W
252,400.62,603.30,1,W,5,W
272,557.71,603.30,1,W,2,W
118,581.03,603.30,1,S,1,W
253,401.95,603.60,1,W,5,W
257,434.88,603.90,1,W,5,W
259,441.22,604.20,1,W,5,W
275,560.83,604.20,1,W,2,W
262,462.55,604.50,1,W,5,W
263,463.86,604.80,1,W,5,W
349,414.35,605.10,1,E,5,W
354,531.40,605.10,1,E,2,W
424,459.81,617.50,2,E,5,E
425,488.19,618.10,2,E,5,E
92,431.95,619.00,1,S,5,E
247,390.40,621.10,1,W,5,E
86,380.77,621.84,1,S,5,N
87,381.57,622.14,1,S,5,N
88,382.95,622.44,1,S,5,N
89,384.11,622.74,1,S,5,N
90,385.79,623.04,1,S,5,N
423,435.94,623.34,2,E,5,N
392,484.31,623.94,2,W,5,N
350,433.66,624.10,1,E,5,E
352,448.17,624.40,1,E,5,E
394,493.45,624.54,2,W,5,N
91,427.88,624.84,1,S,5,N
462,513.20,625.00,3,W,5,E
501,567.47,625.30,3,E,5,E
94,432.67,625.44,1,S,5,N
97,436.70,625.74,1,S,5,N
98,438.11,626.04,1,S,5,N
241,371.23,626.34,1,W,5,N
242,372.63,626.64,1,W,5,N
243,375.83,626.94,1,W,5,N
249,393.16,627.54,1,W,5,N
250,393.89,627.84,1,W,5,N
254,403.68,628.14,1,W,5,N
255,424.77,628.44,1,W,5,N
256,433.03,628.74,1,W,5,N
258,435.82,629.04,1,W,5,N
260,442.98,629.34,1,W,5,N
261,460.73,629.64,1,W,5,N
348,410.50,629.94,1,E,5,N
500,510.80,630.84,3,E,5,N
465,580.27,642.04,3,W,5,N
119,582.23,644.62,1,S,2,W
594,579.93,665.84,5,W,5,N
595,582.89,666.14,5,W,5,N
596,584.89,666.44,5,W,5,N
597,618.04,666.74,5,W,5,N
598,665.13,671.27,5,W,5,N
664,642.15,679.84,5,E,5,N
665,643.47,680.14,5,E,5,N
666,646.56,680.44,5,E,5,N
463,514.53,699.60,3,W,5,W
464,517.31,699.90,3,W,5,W
100,439.87,700.20,1,S,5,W
103,491.07,700.50,1,S,5,W
426,534.19,700.80,2,E,5,W
395,504.72,701.10,2,W,5,W
428,583.86,701.40,2,E,5,W
265,503.44,701.70,1,W,5,W
120,582.79,701.90,1,S,3,W
268,524.86,702.00,1,W,5,W
270,538.90,702.30,1,W,5,W
276,562.31,702.60,1,W,5,W
126,628.80,703.10,1,S,1,W
141,684.35,703.40,1,S,1,W
356,617.12,705.50,1,E,2,E
144,692.81,706.94,1,S,1,W
361,650.41,707.00,1,E,2,E
362,667.87,707.30,1,E,2,W
267,519.45,717.70,1,W,5,E
139,682.33,718.60,1,S,1,E
104,491.23,721.74,1,S,5,N
105,491.37,722.04,1,S,5,N
396,536.37,722.34,2,W,5,N
427,562.73,722.64,2,E,5,N
397,572.96,722.94,2,W,5,N
264,478.32,723.24,1,W,5,N
266,505.19,723.54,1,W,5,N
269,532.23,724.14,1,W,5,N
271,555.83,724.44,1,W,5,N
273,558.04,724.74,1,W,5,N
274,559.47,725.04,1,W,5,N
353,515.34,725.34,1,E,5,N
502,611.17,730.07,3,E,5,N
467,656.19,730.37,3,W,5,N
468,680.36,742.13,3,W,5,N
358,628.76,742.17,1,E,3,W
138,680.39,744.42,1,S,2,W
599,675.77,765.74,5,W,5,N
600,684.00,766.04,5,W,5,N
601,707.73,766.34,5,W,5,N
602,708.65,766.64,5,W,5,N
603,710.62,766.94,5,W,5,N
604,712.34,767.24,5,W,5,N
605,713.37,767.54,5,W,5,N
606,714.46,767.84,5,W,5,N
607,747.74,768.14,5,W,5,N
608,754.38,768.44,5,W,5,N
609,755.60,768.74,5,W,5,N
610,763.45,769.58,5,W,5,N
611,764.24,770.38,5,W,5,N
612,764.68,770.82,5,W,5,N
613,771.49,777.62,5,W,5,N
667,712.38,779.74,5,E,5,N
668,735.15,780.04,5,E,5,N
131,672.40,799.30,1,S,3,E
355,597.39,799.50,1,E,5,W
466,655.23,799.80,3,W,5,W
503,653.52,800.10,3,E,5,W
504,670.05,800.40,3,E,5,W
106,540.68,800.70,1,S,5,W
111,544.72,801.00,1,S,5,W
121,583.14,801.30,1,S,5,W
429,630.77,801.60,2,E,5,W
400,621.13,801.90,2,W,5,W
404,648.68,802.20,2,W,5,W
129,631.80,802.50,1,S,5,W
278,599.60,802.80,1,W,5,W
288,702.43,802.90,1,W,2,W
282,643.86,803.10,1,W,5,W
360,640.19,803.40,1,E,5,W
145,715.29,803.50,1,S,1,W
147,716.86,803.80,1,S,1,W
148,717.04,804.10,1,S,1,W
293,735.64,804.40,1,W,2,E
150,717.78,804.40,1,S,1,W
294,750.72,804.70,1,W,2,W
156,756.16,804.70,1,S,1,W
158,791.17,805.31,1,S,1,W
159,792.36,806.50,1,S,1,W
367,720.42,806.80,1,E,2,W
164,798.70,812.84,1,S,1,W
408,777.66,814.17,2,W,3,W
113,546.41,816.40,1,S,5,E
163,796.96,819.00,1,S,1,E
170,803.86,820.50,1,S,1,E
128,630.71,821.20,1,S,5,E
107,540.71,821.64,1,S,5,N
108,542.10,821.94,1,S,5,N
109,542.61,822.24,1,S,5,N
114,548.38,822.84,1,S,5,N
115,549.52,823.14,1,S,5,N
116,550.08,823.44,1,S,5,N
359,638.96,823.60,1,E,5,E
117,550.66,823.74,1,S,5,N
398,608.92,824.04,2,W,5,N
399,611.60,824.34,2,W,5,N
401,630.51,824.64,2,W,5,N
430,678.16,824.94,2,E,5,N
402,631.15,825.24,2,W,5,N
403,638.01,825.54,2,W,5,N
122,585.04,825.84,1,S,5,N
123,586.24,826.14,1,S,5,N
124,586.44,826.44,1,S,5,N
125,586.75,826.74,1,S,5,N
127,629.86,827.04,1,S,5,N
277,577.17,827.64,1,W,5,N
279,603.26,827.94,1,W,5,N
280,604.29,828.24,1,W,5,N
281,618.70,828.54,1,W,5,N
283,657.50,828.84,1,W,5,N
284,661.48,829.14,1,W,5,N
357,626.16,829.44,1,E,5,N
363,681.61,830.04,1,E,5,N
364,693.40,830.34,1,E,5,N
505,716.65,830.64,3,E,5,N
506,724.18,830.94,3,E,5,N
507,731.56,831.24,3,E,5,N
143,687.42,837.17,1,S,3,W
508,778.78,840.55,3,E,5,N
295,752.00,841.07,1,W,3,E
366,710.10,842.57,1,E,3,W
614,779.08,865.64,5,W,5,N
615,780.88,865.94,5,W,5,N
616,782.98,866.24,5,W,5,N
617,784.63,866.54,5,W,5,N
618,784.70,866.84,5,W,5,N
619,787.57,867.14,5,W,5,N
620,788.98,867.44,5,W,5,N
621,790.06,867.74,5,W,5,N
622,793.88,868.04,5,W,5,N
623,795.96,868.34,5,W,5,N
624,802.16,868.64,5,W,5,N
625,818.13,868.94,5,W,5,N
626,867.62,873.76,5,W,5,N
627,868.80,874.94,5,W,5,N
669,800.15,879.64,5,E,5,N
670,801.68,879.94,5,E,5,N
671,856.35,880.24,5,E,5,N
469,754.17,899.40,3,W,5,W
470,755.42,899.70,3,W,5,W
365,701.89,900.00,1,E,5,W
130,671.71,900.30,1,S,5,W
133,674.99,900.60,1,S,5,W
136,679.58,900.90,1,S,5,W
140,682.66,901.20,1,S,5,W
431,718.95,901.50,2,E,5,W
433,784.69,901.80,2,E,5,W
149,717.48,902.10,1,S,5,W
286,691.84,902.40,1,W,5,W
289,710.28,902.70,1,W,5,W
297,759.34,903.00,1,W,5,W
298,760.66,903.30,1,W,5,W
368,725.81,903.60,1,E,5,W
165,799.75,903.90,1,S,1,W
171,804.64,904.20,1,S,1,W
174,808.92,904.50,1,S,1,W
178,815.63,904.80,1,S,1,W
179,817.42,905.10,1,S,1,W
182,857.61,905.40,1,S,1,W
311,844.16,907.20,1,W,2,E
189,898.57,912.71,1,S,1,W
134,677.26,915.70,1,S,5,E
432,761.27,917.20,2,E,5,E
132,673.92,921.54,1,S,5,N
373,782.74,921.70,1,E,5,E
135,678.88,922.14,1,S,5,N
137,679.66,922.44,1,S,5,N
142,685.82,922.74,1,S,5,N
405,726.59,923.04,2,W,5,N
406,753.27,923.64,2,W,5,N
407,765.71,923.94,2,W,5,N
146,716.15,924.24,1,S,5,N
285,670.92,924.54,1,W,5,N
287,693.37,924.84,1,W,5,N
290,718.43,925.14,1,W,5,N
291,719.42,925.44,1,W,5,N
292,735.14,925.74,1,W,5,N
296,757.35,926.04,1,W,5,N
299,760.86,926.34,1,W,5,N
369,732.49,926.64,1,E,5,N
370,757.70,926.94,1,E,5,N
371,760.03,927.24,1,E,5,N
372,765.12,927.54,1,E,5,N
509,837.00,929.67,3,E,5,N
472,810.01,929.97,3,W,5,N
473,866.44,930.27,3,W,5,N
169,803.47,937.87,1,S,3,E
180,818.04,939.67,1,S,3,E
303,797.97,940.87,1,W,3,W
185,860.74,943.72,1,S,2,W
510,889.72,951.49,3,E,5,N
475,892.24,954.01,3,W,5,N
476,892.30,954.07,3,W,5,N
478,894.25,956.02,3,W,5,N
628,885.30,965.54,5,W,5,N
629,896.04,965.84,5,W,5,N
630,896.80,966.14,5,W,5,N
631,899.61,966.44,5,W,5,N
471,808.50,999.30,3,W,5,W
474,872.60,999.60,3,W,5,W
477,892.35,999.90,3,W,5,W
153,753.59,1000.20,1,S,5,W
155,755.04,1000.50,1,S,5,W
162,795.11,1000.80,1,S,5,W
436,844.12,1001.10,2,E,5,W
438,897.35,1001.40,2,E,5,W
172,805.54,1001.70,1,S,5,W
173,807.46,1002.00,1,S,5,W
175,811.71,1002.30,1,S,5,W
177,814.31,1002.60,1,S,5,W
304,799.38,1002.90,1,W,5,W
305,803.31,1003.20,1,W,5,W
313,847.65,1003.50,1,W,5,W
314,848.96,1003.80,1,W,5,W
377,878.14,1004.10,1,E,5,W
176,813.41,1019.80,1,S,5,E
374,800.37,1021.44,1,E,5,N
308,838.72,1021.60,1,W,5,E
151,751.23,1021.74,1,S,5,N
152,752.41,1022.04,1,S,5,N
154,754.85,1022.34,1,S,5,N
312,845.76,1022.50,1,W,5,E
157,787.16,1022.64,1,S,5,N
160,792.82,1022.94,1,S,5,N
161,794.41,1023.24,1,S,5,N
166,799.77,1023.54,1,S,5,N
434,818.42,1023.84,2,E,5,N
409,802.69,1024.14,2,W,5,N
435,833.54,1024.44,2,E,5,N
410,840.98,1024.74,2,W,5,N
437,863.61,1025.04,2,E,5,N
167,800.51,1025.34,1,S,5,N
168,802.75,1025.64,1,S,5,N
300,771.15,1026.24,1,W,5,N
301,774.79,1026.54,1,W,5,N
302,791.73,1026.84,1,W,5,N
306,806.00,1027.14,1,W,5,N
307,822.25,1027.44,1,W,5,N
309,840.55,1028.04,1,W,5,N
310,841.12,1028.34,1,W,5,N
315,850.19,1028.94,1,W,5,N
316,852.97,1029.24,1,W,5,N
317,862.46,1029.54,1,W,5,N
375,805.28,1029.84,1,E,5,N
376,820.69,1030.14,1,E,5,N
378,880.56,1030.44,1,E,5,N
379,890.93,1030.74,1,E,5,N
181,856.84,1099.20,1,S,5,W
183,857.70,1099.50,1,S,5,W
186,861.32,1099.80,1,S,5,W
188,865.11,1100.10,1,S,5,W
318,868.36,1100.40,1,W,5,W
184,858.85,1121.34,1,S,5,N
187,863.34,1121.64,1,S,5,N
319,888.44,1121.94,1,W,5,N