id,enter_time,exit_time,entrance_intersection,entrance_direction,exit_intersection,exit_direction
545,0.32,66.44,5,W,5,N
546,1.95,66.74,5,W,5,N
547,4.18,67.04,5,W,5,N
548,5.55,67.34,5,W,5,N
549,6.66,67.64,5,W,5,N
550,8.42,67.94,5,W,5,N
551,9.75,68.24,5,W,5,N
552,11.35,68.54,5,W,5,N
553,13.16,68.84,5,W,5,N
554,13.98,69.14,5,W,5,N
555,17.79,69.44,5,W,5,N
556,18.55,69.74,5,W,5,N
557,67.41,73.54,5,W,5,N
558,68.66,74.80,5,W,5,N
685,6.67,80.44,5,E,5,N
686,7.42,80.74,5,E,5,N
687,13.75,81.04,5,E,5,N
688,15.08,81.34,5,E,5,N
689,15.44,81.64,5,E,5,N
690,20.17,81.94,5,E,5,N
691,91.91,98.04,5,E,5,N
692,93.29,99.43,5,E,5,N
693,93.72,99.86,5,E,5,N
0,0.89,100.10,1,S,3,W
1,1.76,100.70,1,S,1,W
4,82.40,101.00,1,S,1,W
220,1.57,101.30,1,W,2,W
694,99.88,106.02,5,E,5,N
486,54.36,132.17,3,W,5,N
5,84.13,139.62,1,S,2,W
348,21.16,140.37,1,E,3,W
559,82.63,166.34,5,W,5,N
560,89.33,166.64,5,W,5,N
561,95.91,166.94,5,W,5,N
562,95.99,167.24,5,W,5,N
563,116.03,167.54,5,W,5,N
564,117.85,167.84,5,W,5,N
565,119.57,168.14,5,W,5,N
566,130.28,168.44,5,W,5,N
567,144.51,168.74,5,W,5,N
695,107.62,180.34,5,E,5,N
696,109.64,180.64,5,E,5,N
697,113.49,180.94,5,E,5,N
698,118.31,181.24,5,E,5,N
699,123.94,181.54,5,E,5,N
700,178.69,184.82,5,E,5,N
701,179.50,185.64,5,E,5,N
702,187.33,193.47,5,E,5,N
505,50.49,200.10,3,E,5,W
483,10.50,200.40,3,W,5,W
484,24.90,200.70,3,W,5,W
485,53.31,201.00,3,W,5,W
487,80.66,201.30,3,W,5,W
506,85.45,201.60,3,E,5,W
3,33.80,201.90,1,S,5,W
219,0.83,202.20,1,W,5,W
223,27.56,202.50,1,W,5,W
225,33.10,202.80,1,W,5,W
228,52.35,203.10,1,W,5,W
229,52.47,203.40,1,W,5,W
349,25.33,203.70,1,E,5,W
353,75.95,204.00,1,E,5,W
354,78.08,204.30,1,E,5,W
242,124.41,204.70,1,W,2,W
8,162.06,213.90,1,S,1,E
227,36.96,219.10,1,W,5,E
457,45.41,222.24,2,E,5,N
419,23.17,222.54,2,W,5,N
420,62.10,222.84,2,W,5,N
458,80.63,223.14,2,E,5,N
421,96.67,223.44,2,W,5,N
2,31.96,223.74,1,S,5,N
221,11.30,224.04,1,W,5,N
222,27.29,224.34,1,W,5,N
224,29.42,224.64,1,W,5,N
226,36.40,224.94,1,W,5,N
350,28.17,225.54,1,E,5,N
351,33.59,225.84,1,E,5,N
352,34.70,226.14,1,E,5,N
488,154.02,231.07,3,W,5,N
507,126.84,231.07,3,E,5,N
508,127.93,231.37,3,E,5,N
510,146.40,231.97,3,E,5,N
357,131.16,242.57,1,E,3,W
360,178.48,243.47,1,E,3,E
511,193.85,255.62,3,E,5,N
568,175.55,266.24,5,W,5,N
569,176.61,266.54,5,W,5,N
570,176.65,266.84,5,W,5,N
571,177.99,267.14,5,W,5,N
572,178.64,267.44,5,W,5,N
573,179.84,267.74,5,W,5,N
574,203.69,268.04,5,W,5,N
575,210.12,268.34,5,W,5,N
576,210.38,268.64,5,W,5,N
577,252.46,268.94,5,W,5,N
578,254.12,269.24,5,W,5,N
579,255.64,269.54,5,W,5,N
580,257.56,269.84,5,W,5,N
581,259.72,270.14,5,W,5,N
582,261.02,270.44,5,W,5,N
583,261.47,270.74,5,W,5,N
584,263.39,271.04,5,W,5,N
585,264.91,271.05,5,W,5,N
586,266.26,272.39,5,W,5,N
587,267.83,273.97,5,W,5,N
588,267.95,274.08,5,W,5,N
703,241.58,280.24,5,E,5,N
509,129.19,300.00,3,E,5,W
422,102.16,300.30,2,W,5,W
460,162.62,300.60,2,E,5,W
426,168.06,300.90,2,W,5,W
7,119.66,301.20,1,S,5,W
9,209.94,301.50,1,S,1,W
230,72.44,301.50,1,W,5,W
21,275.34,301.80,1,S,1,W
237,114.87,301.80,1,W,5,W
22,276.37,302.10,1,S,1,W
239,117.27,302.10,1,W,5,W
704,296.13,302.26,5,E,5,N
23,277.30,302.40,1,S,1,W
241,120.47,302.40,1,W,5,W
27,281.29,302.70,1,S,1,W
243,149.87,302.70,1,W,5,W
32,287.84,303.00,1,S,1,W
244,151.33,303.00,1,W,5,W
355,123.17,303.30,1,E,5,W
361,182.79,303.60,1,E,5,W
36,290.65,304.78,1,S,1,W
38,291.62,305.75,1,S,1,W
254,251.69,306.00,1,W,2,W
362,221.34,307.50,1,E,2,W
39,293.25,317.90,1,S,1,E
45,305.54,319.67,1,S,1,E
47,307.47,321.60,1,S,1,E
459,122.03,322.14,2,E,5,N
423,112.00,322.44,2,W,5,N
424,145.98,322.74,2,W,5,N
425,157.93,323.04,2,W,5,N
427,180.01,323.34,2,W,5,N
428,186.37,323.64,2,W,5,N
429,189.97,323.94,2,W,5,N
6,118.25,324.24,1,S,5,N
231,74.01,324.54,1,W,5,N
232,75.17,324.84,1,W,5,N
513,242.42,325.03,3,E,5,E
233,100.22,325.14,1,W,5,N
514,243.61,325.33,3,E,5,E
234,105.80,325.44,1,W,5,N
235,107.59,325.74,1,W,5,N
516,250.90,325.93,3,E,5,E
236,113.41,326.04,1,W,5,N
238,116.13,326.34,1,W,5,N
240,119.19,326.64,1,W,5,N
245,152.29,326.94,1,W,5,N
356,128.68,327.24,1,E,5,N
358,132.68,327.54,1,E,5,N
359,176.39,327.84,1,E,5,N
489,218.90,330.87,3,W,5,N
491,247.84,331.47,3,W,5,N
249,190.62,340.57,1,W,3,W
35,290.53,343.42,1,S,2,W
37,291.01,343.72,1,S,2,W
366,252.14,344.77,1,E,3,W
517,297.07,358.84,3,E,5,N
589,288.44,366.14,5,W,5,N
590,288.95,366.44,5,W,5,N
591,299.69,366.74,5,W,5,N
592,307.50,367.04,5,W,5,N
593,308.12,367.34,5,W,5,N
594,309.81,367.64,5,W,5,N
595,311.07,367.94,5,W,5,N
596,317.13,368.24,5,W,5,N
597,318.79,368.54,5,W,5,N
598,333.72,368.84,5,W,5,N
599,335.65,369.14,5,W,5,N
600,335.75,369.44,5,W,5,N
601,336.87,369.74,5,W,5,N
602,344.13,370.04,5,W,5,N
603,345.56,370.34,5,W,5,N
604,355.67,370.64,5,W,5,N
605,366.23,372.36,5,W,5,N
606,367.80,373.93,5,W,5,N
705,348.30,380.14,5,E,5,N
706,373.04,380.44,5,E,5,N
512,241.31,399.90,3,E,5,W
490,221.39,400.20,3,W,5,W
515,245.39,400.50,3,E,5,W
461,201.20,400.80,2,E,5,W
431,239.70,401.10,2,W,5,W
15,217.97,401.40,1,S,5,W
17,219.77,401.70,1,S,5,W
48,308.59,401.90,1,S,1,W
18,220.23,402.00,1,S,5,W
58,364.24,402.20,1,S,1,W
247,187.03,402.30,1,W,5,W
60,366.45,402.50,1,S,1,W
250,192.47,402.60,1,W,5,W
62,370.84,402.80,1,S,1,W
251,209.36,402.90,1,W,5,W
68,380.00,403.10,1,S,1,W
252,231.84,403.20,1,W,5,W
255,254.89,403.50,1,W,5,W
256,256.52,403.80,1,W,5,W
430,226.31,415.90,2,W,5,E
66,375.45,418.60,1,S,1,E
246,170.71,419.50,1,W,5,E
462,229.09,422.34,2,E,5,N
432,275.00,422.64,2,W,5,N
463,256.01,422.94,2,E,5,N
464,298.28,423.24,2,E,5,N
10,211.20,423.54,1,S,5,N
11,212.67,423.84,1,S,5,N
12,213.80,424.14,1,S,5,N
13,215.31,424.44,1,S,5,N
14,216.11,424.74,1,S,5,N
16,219.44,425.04,1,S,5,N
19,220.51,425.34,1,S,5,N
248,187.36,425.94,1,W,5,N
253,232.30,426.24,1,W,5,N
257,257.66,426.54,1,W,5,N
258,260.60,426.84,1,W,5,N
363,229.73,427.14,1,E,5,N
364,231.94,427.44,1,E,5,N
365,242.59,427.74,1,E,5,N
367,278.35,428.04,1,E,5,N
70,414.55,428.69,1,S,1,E
492,305.24,430.67,3,W,5,N
518,335.42,430.67,3,E,5,N
493,369.15,430.92,3,W,5,N
49,311.13,437.67,1,S,3,E
371,356.28,441.87,1,E,3,W
67,378.12,445.02,1,S,2,W
523,394.73,456.50,3,E,5,N
607,375.28,466.04,5,W,5,N
608,376.78,466.34,5,W,5,N
609,377.03,466.64,5,W,5,N
610,377.93,466.94,5,W,5,N
611,385.66,467.24,5,W,5,N
612,400.14,467.54,5,W,5,N
613,400.62,467.84,5,W,5,N
614,400.65,468.14,5,W,5,N
615,406.72,468.44,5,W,5,N
616,419.29,468.74,5,W,5,N
617,435.03,469.04,5,W,5,N
618,448.13,469.34,5,W,5,N
619,450.27,469.64,5,W,5,N
620,468.08,474.21,5,W,5,N
621,469.63,475.77,5,W,5,N
622,470.40,476.53,5,W,5,N
623,472.33,478.47,5,W,5,N
707,400.30,480.04,5,E,5,N
708,441.45,480.34,5,E,5,N
709,442.96,480.64,5,E,5,N
710,486.14,492.27,5,E,5,N
711,489.36,495.49,5,E,5,N
519,354.30,499.80,3,E,5,W
520,356.23,500.10,3,E,5,W
521,392.35,500.40,3,E,5,W
522,393.41,500.70,3,E,5,W
20,241.09,501.00,1,S,5,W
25,278.12,501.30,1,S,5,W
72,417.59,501.40,1,S,2,W
28,282.30,501.60,1,S,5,W
30,286.80,501.90,1,S,5,W
34,289.66,502.20,1,S,5,W
79,455.86,502.30,1,S,1,W
42,304.31,502.50,1,S,5,W
81,458.32,502.60,1,S,1,W
64,371.20,502.60,1,S,3,W
262,300.75,502.80,1,W,5,W
83,459.55,502.90,1,S,1,W
65,372.23,502.90,1,S,3,W
263,314.57,503.10,1,W,5,W
266,336.41,503.40,1,W,5,W
268,353.09,503.70,1,W,5,W
275,405.29,503.80,1,W,2,W
370,341.08,504.00,1,E,5,W
372,356.48,504.30,1,E,5,W
712,498.51,504.64,5,E,5,N
713,498.68,504.81,5,E,5,N
76,452.21,515.70,1,S,1,E
78,454.49,516.30,1,S,1,E
33,288.05,517.00,1,S,5,E
41,300.87,517.60,1,S,5,E
24,277.70,521.94,1,S,5,N
26,279.46,522.24,1,S,5,N
29,285.98,522.54,1,S,5,N
31,287.25,522.84,1,S,5,N
40,299.14,523.44,1,S,5,N
465,345.27,524.04,2,E,5,N
494,432.25,524.33,3,W,5,E
433,302.56,524.34,2,W,5,N
495,450.54,524.63,3,W,5,E
434,331.32,524.64,2,W,5,N
466,377.85,524.94,2,E,5,N
43,304.40,525.24,1,S,5,N
44,304.46,525.54,1,S,5,N
46,306.67,525.84,1,S,5,N
259,266.98,526.14,1,W,5,N
260,281.79,526.44,1,W,5,N
261,297.88,526.74,1,W,5,N
264,315.75,527.04,1,W,5,N
265,335.92,527.34,1,W,5,N
267,338.22,527.64,1,W,5,N
368,327.34,527.94,1,E,5,N
369,332.60,528.24,1,E,5,N
373,358.67,528.54,1,E,5,N
374,372.19,528.84,1,E,5,N
525,454.95,530.77,3,E,5,N
526,470.42,532.19,3,E,5,N
271,373.65,538.67,1,W,3,W
527,477.67,539.44,3,E,5,N
279,442.15,541.07,1,W,3,W
528,484.46,546.23,3,E,5,N
529,486.24,548.01,3,E,5,N
530,487.52,549.29,3,E,5,N
121,537.31,551.44,1,S,1,E
624,502.76,565.94,5,W,5,N
625,504.14,566.24,5,W,5,N
626,506.09,566.54,5,W,5,N
627,506.98,566.84,5,W,5,N
628,517.66,567.14,5,W,5,N
629,519.33,567.44,5,W,5,N
630,535.63,567.74,5,W,5,N
631,537.57,568.04,5,W,5,N
632,540.32,568.34,5,W,5,N
633,542.20,568.64,5,W,5,N
634,543.26,568.94,5,W,5,N
714,502.43,579.94,5,E,5,N
715,507.77,580.24,5,E,5,N
716,560.19,580.54,5,E,5,N
717,561.46,580.84,5,E,5,N
524,453.19,599.70,3,E,5,W
51,355.25,600.00,1,S,5,W
52,356.61,600.30,1,S,5,W
53,357.07,600.60,1,S,5,W
85,494.36,600.90,1,S,3,W
54,358.81,600.90,1,S,5,W
55,359.82,601.20,1,S,5,W
57,362.40,601.50,1,S,5,W
467,422.25,601.80,2,E,5,W
435,416.57,602.10,2,W,5,W
468,463.27,602.40,2,E,5,W
437,441.00,602.70,2,W,5,W
91,502.40,602.70,1,S,1,W
439,468.16,603.00,2,W,5,W
96,508.26,603.00,1,S,1,W
469,479.18,603.30,2,E,5,W
97,509.77,603.30,1,S,1,W
440,479.48,603.60,2,W,5,W
103,516.89,603.60,1,S,1,W
272,377.29,603.90,1,W,5,W
105,517.91,603.90,1,S,1,W
375,410.97,604.20,1,E,5,W
113,526.81,604.20,1,S,1,W
376,413.32,604.50,1,E,5,W
116,531.54,604.50,1,S,1,W
377,420.45,604.80,1,E,5,W
120,537.06,604.80,1,S,1,W
380,431.39,605.10,1,E,5,W
127,551.23,605.10,1,S,1,W
137,573.31,605.40,1,S,1,W
142,578.75,605.70,1,S,1,W
145,584.08,606.00,1,S,1,W
149,590.12,606.30,1,S,1,W
118,534.04,606.90,1,S,2,W
283,471.65,608.10,1,W,2,E
270,373.23,619.60,1,W,5,E
50,350.82,621.84,1,S,5,N
56,361.29,622.14,1,S,5,N
379,428.41,622.30,1,E,5,E
59,364.92,622.44,1,S,5,N
61,367.64,622.74,1,S,5,N
63,371.00,623.04,1,S,5,N
436,428.83,623.34,2,W,5,N
438,455.81,623.64,2,W,5,N
441,493.51,623.94,2,W,5,N
470,497.72,624.24,2,E,5,N
69,380.62,624.54,1,S,5,N
71,416.52,624.84,1,S,5,N
73,419.55,625.14,1,S,5,N
269,371.35,625.44,1,W,5,N
273,379.11,626.04,1,W,5,N
274,382.95,626.34,1,W,5,N
276,415.08,626.64,1,W,5,N
277,417.02,626.94,1,W,5,N
278,420.83,627.24,1,W,5,N
280,456.77,627.54,1,W,5,N
281,460.33,627.84,1,W,5,N
378,423.20,628.14,1,E,5,N
381,433.84,628.74,1,E,5,N
382,499.45,629.04,1,E,5,N
531,499.46,630.27,3,E,5,N
532,507.98,630.57,3,E,5,N
533,567.24,630.87,3,E,5,N
95,507.63,637.87,1,S,3,W
115,528.89,642.37,1,S,3,W
133,569.12,644.32,1,S,2,W
635,579.49,665.84,5,W,5,N
636,599.23,666.14,5,W,5,N
637,626.33,666.44,5,W,5,N
638,626.93,666.74,5,W,5,N
639,628.69,667.04,5,W,5,N
640,629.50,667.34,5,W,5,N
641,630.92,667.64,5,W,5,N
642,644.07,667.94,5,W,5,N
643,644.73,668.24,5,W,5,N
718,609.80,679.84,5,E,5,N
719,651.88,680.14,5,E,5,N
496,515.33,699.60,3,W,5,W
497,578.62,699.90,3,W,5,W
86,495.67,700.20,1,S,5,W
88,498.89,700.50,1,S,5,W
89,499.58,700.80,1,S,5,W
472,561.17,701.10,2,E,5,W
442,582.56,701.40,2,W,5,W
473,597.14,701.70,2,E,5,W
100,513.75,702.00,1,S,5,W
101,515.39,702.30,1,S,5,W
106,519.37,702.60,1,S,5,W
107,519.65,702.90,1,S,5,W
153,630.71,703.10,1,S,1,W
109,521.77,703.20,1,S,5,W
161,675.22,703.40,1,S,1,W
112,526.59,703.50,1,S,5,W
165,681.18,703.70,1,S,1,W
287,487.45,703.80,1,W,5,W
290,527.38,704.10,1,W,5,W
291,534.57,704.40,1,W,5,W
384,544.33,704.61,1,E,5,W
386,566.00,705.21,1,E,5,W
171,691.63,705.76,1,S,1,W
306,603.20,707.60,1,W,2,W
476,680.34,716.41,2,E,3,E
158,671.58,716.50,1,S,1,E
170,689.12,719.50,1,S,1,E
98,511.38,719.50,1,S,5,E
172,692.70,719.80,1,S,1,E
99,512.04,719.80,1,S,5,E
74,451.28,721.74,1,S,5,N
75,451.97,722.04,1,S,5,N
77,453.70,722.34,1,S,5,N
80,457.82,722.64,1,S,5,N
282,470.13,722.80,1,W,5,E
82,459.02,722.94,1,S,5,N
84,460.67,723.24,1,S,5,N
285,473.89,723.40,1,W,5,E
87,498.59,723.54,1,S,5,N
90,500.62,723.84,1,S,5,N
471,544.32,724.14,2,E,5,N
289,507.56,724.30,1,W,5,E
443,593.71,724.44,2,W,5,N
92,503.33,724.74,1,S,5,N
93,503.54,725.04,1,S,5,N
94,507.09,725.34,1,S,5,N
102,516.70,726.24,1,S,5,N
104,516.94,726.54,1,S,5,N
108,521.36,726.84,1,S,5,N
110,522.76,727.14,1,S,5,N
111,522.80,727.44,1,S,5,N
114,528.66,727.74,1,S,5,N
117,532.25,728.04,1,S,5,N
119,535.55,728.34,1,S,5,N
122,538.17,728.64,1,S,5,N
284,472.85,729.24,1,W,5,N
286,474.64,729.84,1,W,5,N
288,488.88,730.14,1,W,5,N
292,535.07,730.74,1,W,5,N
293,535.26,731.04,1,W,5,N
294,542.10,731.34,1,W,5,N
295,543.44,731.64,1,W,5,N
296,564.20,731.94,1,W,5,N
297,565.83,732.24,1,W,5,N
383,526.35,732.54,1,E,5,N
385,547.23,732.84,1,E,5,N
387,584.89,733.14,1,E,5,N
477,697.24,733.31,2,E,3,E
388,596.52,733.44,1,E,5,N
499,609.79,733.74,3,W,5,N
535,625.28,734.04,3,E,5,N
500,667.91,734.34,3,W,5,N
536,669.11,734.64,3,E,5,N
141,577.73,737.97,1,S,3,W
151,593.17,740.07,1,S,3,W
155,637.77,740.97,1,S,3,E
299,592.82,741.57,1,W,3,E
537,680.47,742.24,3,E,5,N
394,646.98,748.47,1,E,3,E
398,693.59,755.78,1,E,3,W
644,675.49,765.74,5,W,5,N
645,676.47,766.04,5,W,5,N
646,677.82,766.34,5,W,5,N
647,679.39,766.64,5,W,5,N
648,680.60,766.94,5,W,5,N
649,682.04,767.24,5,W,5,N
650,688.64,767.54,5,W,5,N
651,690.41,767.84,5,W,5,N
652,696.78,768.14,5,W,5,N
653,698.23,768.44,5,W,5,N
654,698.70,768.74,5,W,5,N
655,698.73,769.04,5,W,5,N
656,701.22,769.34,5,W,5,N
657,703.47,769.64,5,W,5,N
658,719.01,769.94,5,W,5,N
659,720.80,770.24,5,W,5,N
660,721.98,770.54,5,W,5,N
661,723.20,770.84,5,W,5,N
662,724.67,771.14,5,W,5,N
663,726.34,771.44,5,W,5,N
664,727.67,771.74,5,W,5,N
665,730.40,772.04,5,W,5,N
666,732.51,772.34,5,W,5,N
667,734.21,772.64,5,W,5,N
720,706.07,779.74,5,E,5,N
721,710.05,780.04,5,E,5,N
722,764.77,780.34,5,E,5,N
159,673.25,799.30,1,S,3,E
534,623.33,799.50,3,E,5,W
498,607.33,799.80,3,W,5,W
123,539.84,800.10,1,S,5,W
124,547.63,800.40,1,S,5,W
128,559.18,800.70,1,S,5,W
129,559.73,801.00,1,S,5,W
167,684.99,801.10,1,S,3,E
130,561.69,801.30,1,S,5,W
131,562.60,801.60,1,S,5,W
135,571.61,801.90,1,S,5,W
444,614.04,802.20,2,W,5,W
445,653.28,802.50,2,W,5,W
447,697.03,802.80,2,W,5,W
139,574.39,803.10,1,S,5,W
144,581.56,803.40,1,S,5,W
178,703.12,803.50,1,S,1,W
150,592.10,803.70,1,S,5,W
180,705.68,803.80,1,S,1,W
298,591.10,804.00,1,W,5,W
185,743.63,804.10,1,S,1,W
303,601.20,804.30,1,W,5,W
309,630.66,804.60,1,W,5,W
321,692.15,804.70,1,W,2,W
390,619.50,804.90,1,E,5,W
391,628.69,805.20,1,E,5,W
396,669.38,805.50,1,E,5,W
397,675.64,805.80,1,E,5,W
327,742.67,806.50,1,W,2,W
192,793.98,808.11,1,S,1,W
478,741.73,813.27,2,E,3,E
188,788.29,817.20,1,S,1,E
193,794.35,818.40,1,S,1,E
389,602.12,821.64,1,E,5,N
125,548.95,821.94,1,S,5,N
126,550.49,822.24,1,S,5,N
132,564.23,822.54,1,S,5,N
134,569.63,822.84,1,S,5,N
136,571.83,823.14,1,S,5,N
474,626.15,823.44,2,E,5,N
475,637.74,823.74,2,E,5,N
446,674.39,824.04,2,W,5,N
138,574.16,824.34,1,S,5,N
140,574.86,824.64,1,S,5,N
317,663.49,824.80,1,W,5,E
143,580.19,824.94,1,S,5,N
146,585.37,825.24,1,S,5,N
147,586.66,825.54,1,S,5,N
148,588.28,825.84,1,S,5,N
152,594.80,826.14,1,S,5,N
154,635.87,826.44,1,S,5,N
300,594.65,826.74,1,W,5,N
301,596.45,827.04,1,W,5,N
302,597.91,827.34,1,W,5,N
304,602.31,827.64,1,W,5,N
305,602.71,827.94,1,W,5,N
307,629.06,828.24,1,W,5,N
308,629.46,828.54,1,W,5,N
310,632.42,828.84,1,W,5,N
311,633.67,829.14,1,W,5,N
312,650.19,829.44,1,W,5,N
313,657.13,829.74,1,W,5,N
314,658.05,830.04,1,W,5,N
315,659.67,830.34,1,W,5,N
316,660.25,830.64,1,W,5,N
392,637.76,831.24,1,E,5,N
393,642.18,831.54,1,E,5,N
395,663.57,831.84,1,E,5,N
399,695.70,832.14,1,E,5,N
538,726.86,832.44,3,E,5,N
501,724.47,832.74,3,W,5,N
539,777.29,839.06,3,E,5,N
190,790.53,843.92,1,S,2,E
668,778.91,865.64,5,W,5,N
669,788.69,865.94,5,W,5,N
670,789.78,866.24,5,W,5,N
671,790.34,866.54,5,W,5,N
672,797.17,866.84,5,W,5,N
673,799.11,867.14,5,W,5,N
674,829.54,867.44,5,W,5,N
675,837.45,867.74,5,W,5,N
676,838.55,868.04,5,W,5,N
677,840.18,868.34,5,W,5,N
678,841.89,868.64,5,W,5,N
679,854.40,868.94,5,W,5,N
723,815.24,879.64,5,E,5,N
724,815.32,879.94,5,E,5,N
725,816.47,880.24,5,E,5,N
726,821.61,880.54,5,E,5,N
727,828.49,880.84,5,E,5,N
728,882.11,888.25,5,E,5,N
729,885.50,891.63,5,E,5,N
730,887.46,893.60,5,E,5,N
502,781.60,899.40,3,W,5,W
540,794.21,899.70,3,E,5,W
194,795.64,900.00,1,S,3,E
157,670.36,900.00,1,S,5,W
195,796.08,900.30,1,S,3,E
164,677.81,900.30,1,S,5,W
169,688.30,900.60,1,S,5,W
480,776.71,900.90,2,E,5,W
448,796.38,901.20,2,W,5,W
174,696.00,901.50,1,S,5,W
175,697.54,901.80,1,S,5,W
199,798.55,901.80,1,S,2,W
176,697.67,902.10,1,S,5,W
179,704.00,902.40,1,S,5,W
201,833.33,902.40,1,S,2,W
181,706.85,902.70,1,S,5,W
322,694.11,903.00,1,W,5,W
325,720.20,903.30,1,W,5,W
328,751.86,903.60,1,W,5,W
329,752.96,903.90,1,W,5,W
205,874.55,903.90,1,S,1,W
400,706.67,904.20,1,E,5,W
404,728.07,904.50,1,E,5,W
405,732.28,904.80,1,E,5,W
408,778.18,905.10,1,E,5,W
338,797.12,905.40,1,W,2,W
409,788.06,905.88,1,E,5,W
410,807.66,907.80,1,E,2,W
449,808.60,913.37,2,W,3,E
481,821.07,913.37,2,E,3,W
450,822.90,913.67,2,W,3,W
206,878.44,917.00,1,S,1,E
479,758.07,917.20,2,E,5,E
208,881.04,917.60,1,S,1,E
326,730.08,920.20,1,W,5,E
156,669.81,921.54,1,S,5,N
160,674.30,921.84,1,S,5,N
162,675.73,922.14,1,S,5,N
163,676.99,922.44,1,S,5,N
166,682.95,922.74,1,S,5,N
168,686.68,923.04,1,S,5,N
173,694.14,923.64,1,S,5,N
177,700.81,923.94,1,S,5,N
543,860.26,924.13,3,E,5,E
182,706.86,924.24,1,S,5,N
183,707.36,924.54,1,S,5,N
318,669.72,924.84,1,W,5,N
319,690.20,925.14,1,W,5,N
320,690.84,925.44,1,W,5,N
323,695.71,925.74,1,W,5,N
324,716.34,926.04,1,W,5,N
330,753.96,926.64,1,W,5,N
401,708.54,926.94,1,E,5,N
402,718.40,927.24,1,E,5,N
403,719.83,927.54,1,E,5,N
406,750.47,927.84,1,E,5,N
407,769.29,928.14,1,E,5,N
503,838.44,929.67,3,W,5,N
541,807.97,929.67,3,E,5,N
542,858.31,929.97,3,E,5,N
333,780.41,939.97,1,W,3,W
335,782.67,940.57,1,W,3,E
416,886.71,948.90,1,E,3,W
504,895.87,957.64,3,W,5,N
680,881.03,965.54,5,W,5,N
681,881.83,965.84,5,W,5,N
682,889.58,966.14,5,W,5,N
683,897.25,966.44,5,W,5,N
684,898.64,966.74,5,W,5,N
204,873.17,998.30,1,S,3,W
210,883.22,999.20,1,S,3,W
544,878.48,999.30,3,E,5,W
186,787.67,999.60,1,S,5,W
482,866.51,999.90,2,E,5,W
213,886.47,1000.10,1,S,3,E
451,833.52,1000.20,2,W,5,W
452,845.90,1000.50,2,W,5,W
454,863.06,1000.80,2,W,5,W
456,889.11,1001.10,2,W,5,W
197,797.10,1001.40,1,S,5,W
198,797.26,1001.70,1,S,5,W
217,889.62,1001.90,1,S,2,W
200,833.27,1002.00,1,S,5,W
202,835.96,1002.30,1,S,5,W
332,771.10,1002.60,1,W,5,W
341,825.18,1002.90,1,W,5,W
343,834.90,1003.20,1,W,5,W
344,856.12,1003.50,1,W,5,W
414,878.39,1003.80,1,E,5,W
417,888.63,1006.45,1,E,5,W
184,741.26,1021.44,1,S,5,N
187,787.80,1021.74,1,S,5,N
189,788.84,1022.04,1,S,5,N
191,792.65,1022.34,1,S,5,N
196,796.38,1022.64,1,S,5,N
453,852.35,1022.94,2,W,5,N
455,877.72,1023.24,2,W,5,N
203,836.73,1023.54,1,S,5,N
331,770.79,1023.84,1,W,5,N
334,782.39,1024.14,1,W,5,N
336,795.77,1024.44,1,W,5,N
337,797.00,1024.74,1,W,5,N
339,809.04,1025.04,1,W,5,N
340,810.62,1025.34,1,W,5,N
342,833.02,1025.64,1,W,5,N
345,865.29,1025.94,1,W,5,N
411,851.86,1026.24,1,E,5,N
412,869.52,1026.54,1,E,5,N
413,872.02,1026.84,1,E,5,N
415,878.69,1027.14,1,E,5,N
418,892.56,1027.44,1,E,5,N
209,882.95,1099.20,1,S,5,W
214,886.52,1099.50,1,S,5,W
216,888.30,1099.80,1,S,5,W
346,868.20,1100.10,1,W,5,W
347,877.93,1100.40,1,W,5,W
207,879.22,1121.34,1,S,5,N
211,883.88,1121.64,1,S,5,N
212,884.98,1121.94,1,S,5,N
215,888.03,1122.24,1,S,5,N
218,889.87,1122.54,1,S,5,N