id,enter_time,exit_time,entrance_intersection,entrance_direction,exit_intersection,exit_direction
486,0.79,66.44,5,W,5,N
487,11.33,66.74,5,W,5,N
488,28.61,67.04,5,W,5,N
489,29.87,67.34,5,W,5,N
490,32.49,67.64,5,W,5,N
491,33.40,67.94,5,W,5,N
492,35.26,68.24,5,W,5,N
493,37.03,68.54,5,W,5,N
494,39.04,68.84,5,W,5,N
495,44.27,69.14,5,W,5,N
496,46.36,69.44,5,W,5,N
497,47.75,69.74,5,W,5,N
498,70.50,76.63,5,W,5,N
499,72.06,78.19,5,W,5,N
619,65.51,80.44,5,E,5,N
620,70.69,80.74,5,E,5,N
621,71.63,81.04,5,E,5,N
622,73.51,81.34,5,E,5,N
2,1.60,100.70,1,S,1,W
3,2.22,101.00,1,S,1,W
5,3.68,101.30,1,S,1,W
6,4.97,101.60,1,S,1,W
11,76.63,101.90,1,S,1,W
12,78.38,102.20,1,S,1,W
458,15.67,126.03,3,E,5,E
456,12.63,131.57,3,E,5,N
457,14.06,131.87,3,E,5,N
459,67.30,132.47,3,E,5,N
431,73.94,135.71,3,W,5,N
189,49.91,138.87,1,W,3,W
500,73.44,166.34,5,W,5,N
501,87.41,166.64,5,W,5,N
502,89.05,166.94,5,W,5,N
503,90.45,167.24,5,W,5,N
504,91.58,167.54,5,W,5,N
505,93.15,167.84,5,W,5,N
506,103.33,168.14,5,W,5,N
507,103.83,168.44,5,W,5,N
508,105.48,168.74,5,W,5,N
509,107.30,169.04,5,W,5,N
510,109.08,169.34,5,W,5,N
511,112.02,169.64,5,W,5,N
512,134.72,169.94,5,W,5,N
513,141.28,170.24,5,W,5,N
514,143.65,170.54,5,W,5,N
515,145.17,170.84,5,W,5,N
516,145.23,171.14,5,W,5,N
517,160.91,171.44,5,W,5,N
518,162.21,171.74,5,W,5,N
519,164.01,172.04,5,W,5,N
520,165.96,172.10,5,W,5,N
521,166.45,172.58,5,W,5,N
623,138.76,180.34,5,E,5,N
624,151.52,180.64,5,E,5,N
625,153.41,180.94,5,E,5,N
626,166.16,181.24,5,E,5,N
627,182.03,188.16,5,E,5,N
8,37.59,199.90,1,S,3,W
455,1.05,200.10,3,E,5,W
1,1.47,200.40,1,S,5,W
369,10.37,200.70,2,W,5,W
405,41.00,201.00,2,E,5,W
19,123.25,201.10,1,S,1,W
373,86.76,201.30,2,W,5,W
22,125.97,201.40,1,S,1,W
375,99.92,201.60,2,W,5,W
23,126.80,201.70,1,S,1,W
183,7.27,201.90,1,W,5,W
26,132.02,202.00,1,S,1,W
186,24.19,202.20,1,W,5,W
28,134.25,202.30,1,S,1,W
192,57.65,202.50,1,W,5,W
29,134.28,202.60,1,S,1,W
24,130.22,202.60,1,S,2,W
34,145.18,202.90,1,S,1,W
25,131.59,202.90,1,S,2,W
41,186.22,203.20,1,S,1,W
32,137.00,204.10,1,S,2,W
628,198.09,204.23,5,E,5,N
197,74.61,205.00,1,W,2,W
629,199.03,205.17,5,E,5,N
199,90.06,205.60,1,W,2,E
201,101.20,206.20,1,W,2,W
208,157.69,208.30,1,W,2,W
213,164.67,209.80,1,W,2,W
48,196.88,211.02,1,S,1,W
49,197.11,211.24,1,S,1,W
188,41.69,220.00,1,W,5,E
322,35.31,221.50,1,E,5,E
0,0.91,222.24,1,S,5,N
4,3.36,222.54,1,S,5,N
404,27.96,222.84,2,E,5,N
370,13.90,223.14,2,W,5,N
371,39.07,223.44,2,W,5,N
372,65.47,223.74,2,W,5,N
406,88.10,224.04,2,E,5,N
374,98.50,224.34,2,W,5,N
7,6.30,224.64,1,S,5,N
182,5.40,224.94,1,W,5,N
184,21.82,225.24,1,W,5,N
185,23.57,225.54,1,W,5,N
187,25.35,225.84,1,W,5,N
190,51.56,226.44,1,W,5,N
191,56.64,226.74,1,W,5,N
193,59.05,227.04,1,W,5,N
194,62.07,227.34,1,W,5,N
460,110.12,231.07,3,E,5,N
461,125.18,231.37,3,E,5,N
434,154.20,231.67,3,W,5,N
435,155.33,231.97,3,W,5,N
436,178.68,240.45,3,W,5,N
43,188.64,242.42,1,S,2,W
202,102.26,242.57,1,W,3,W
212,164.19,245.57,1,W,3,E
326,127.53,247.07,1,E,3,W
522,182.61,266.24,5,W,5,N
523,190.18,266.54,5,W,5,N
524,192.14,266.84,5,W,5,N
525,194.13,267.14,5,W,5,N
526,210.12,267.44,5,W,5,N
527,242.33,267.74,5,W,5,N
528,250.19,268.04,5,W,5,N
529,253.16,268.34,5,W,5,N
530,254.70,268.64,5,W,5,N
531,257.12,268.94,5,W,5,N
630,204.77,280.24,5,E,5,N
631,224.09,280.54,5,E,5,N
632,225.68,280.84,5,E,5,N
633,227.21,281.14,5,E,5,N
634,233.07,281.44,5,E,5,N
635,240.87,281.74,5,E,5,N
432,130.89,300.00,3,W,5,W
433,131.93,300.30,3,W,5,W
462,169.36,300.60,3,E,5,W
38,150.49,300.90,1,S,3,W
13,78.55,300.90,1,S,5,W
54,234.12,301.20,1,S,2,W
407,121.73,301.20,2,E,5,W
50,198.59,301.50,1,S,1,W
409,150.10,301.50,2,E,5,W
15,119.17,301.80,1,S,5,W
16,120.35,302.10,1,S,5,W
17,122.02,302.40,1,S,5,W
21,125.17,302.70,1,S,5,W
198,89.66,303.00,1,W,5,W
205,120.05,303.30,1,W,5,W
206,127.15,303.60,1,W,5,W
210,162.79,303.90,1,W,5,W
211,163.12,304.20,1,W,5,W
224,215.11,304.50,1,W,2,E
323,102.25,304.50,1,E,5,W
324,119.57,304.80,1,E,5,W
328,154.90,305.10,1,E,5,W
333,257.05,309.00,1,E,2,W
10,43.11,316.30,1,S,5,E
9,37.90,322.14,1,S,5,N
408,137.82,322.74,2,E,5,N
410,173.04,323.04,2,E,5,N
411,186.63,323.34,2,E,5,N
376,198.96,323.64,2,W,5,N
14,117.85,323.94,1,S,5,N
18,123.12,324.24,1,S,5,N
20,124.55,324.54,1,S,5,N
27,133.30,324.84,1,S,5,N
30,134.53,325.14,1,S,5,N
31,136.41,325.44,1,S,5,N
195,71.50,325.74,1,W,5,N
196,72.63,326.04,1,W,5,N
200,91.97,326.34,1,W,5,N
203,109.55,326.64,1,W,5,N
204,118.50,326.94,1,W,5,N
207,134.31,327.24,1,W,5,N
209,161.01,327.54,1,W,5,N
325,122.04,327.84,1,E,5,N
327,136.70,328.14,1,E,5,N
329,192.09,328.44,1,E,5,N
330,196.69,328.74,1,E,5,N
437,231.83,330.87,3,W,5,N
463,203.39,330.87,3,E,5,N
465,264.11,331.47,3,E,5,N
379,298.93,335.00,2,W,3,W
532,274.02,366.14,5,W,5,N
533,275.75,366.44,5,W,5,N
534,277.69,366.74,5,W,5,N
535,279.12,367.04,5,W,5,N
536,281.87,367.34,5,W,5,N
537,321.87,367.64,5,W,5,N
538,334.51,367.94,5,W,5,N
539,335.04,368.24,5,W,5,N
540,337.64,368.54,5,W,5,N
541,338.74,368.84,5,W,5,N
542,340.46,369.14,5,W,5,N
543,357.47,369.44,5,W,5,N
544,363.36,369.49,5,W,5,N
545,364.92,371.05,5,W,5,N
546,371.87,378.00,5,W,5,N
636,312.31,380.14,5,E,5,N
637,381.76,387.90,5,E,5,N
464,262.27,399.90,3,E,5,W
438,243.33,400.20,3,W,5,W
39,181.04,400.50,1,S,5,W
40,184.54,400.80,1,S,5,W
45,189.97,401.10,1,S,5,W
51,199.73,401.40,1,S,5,W
377,227.33,401.70,2,W,5,W
66,341.77,401.90,1,S,1,W
53,232.89,402.00,1,S,5,W
214,166.25,402.30,1,W,5,W
215,167.34,402.60,1,W,5,W
218,170.67,402.90,1,W,5,W
219,187.62,403.20,1,W,5,W
220,199.88,403.50,1,W,5,W
221,200.89,403.80,1,W,5,W
226,228.90,404.10,1,W,5,W
229,233.60,404.40,1,W,5,W
230,235.29,404.70,1,W,5,W
231,245.27,405.00,1,W,5,W
233,257.33,405.30,1,W,5,W
234,258.46,405.60,1,W,5,W
252,328.82,406.40,1,W,2,W
256,361.64,407.60,1,W,2,W
37,149.68,417.10,1,S,5,E
412,223.94,418.60,2,E,5,E
439,298.32,422.04,3,W,5,N
33,144.74,422.34,1,S,5,N
236,261.24,422.50,1,W,5,E
35,146.76,422.64,1,S,5,N
36,148.13,422.94,1,S,5,N
42,187.33,423.54,1,S,5,N
44,189.64,423.84,1,S,5,N
46,193.67,424.14,1,S,5,N
47,195.60,424.44,1,S,5,N
378,261.27,425.04,2,W,5,N
413,266.08,425.34,2,E,5,N
52,231.34,425.64,1,S,5,N
216,168.84,425.94,1,W,5,N
217,169.45,426.24,1,W,5,N
222,202.49,426.54,1,W,5,N
223,214.08,426.84,1,W,5,N
225,228.86,427.14,1,W,5,N
227,230.52,427.44,1,W,5,N
228,231.98,427.74,1,W,5,N
232,247.66,428.04,1,W,5,N
235,260.12,428.34,1,W,5,N
331,243.90,428.94,1,E,5,N
332,253.55,429.24,1,E,5,N
334,274.06,429.54,1,E,5,N
335,278.20,429.84,1,E,5,N
467,343.41,430.97,3,E,5,N
78,421.02,435.15,1,S,1,E
338,333.28,444.87,1,E,3,E
469,397.48,459.25,3,E,5,N
547,373.39,466.04,5,W,5,N
548,403.43,466.34,5,W,5,N
549,417.33,466.64,5,W,5,N
550,418.21,466.94,5,W,5,N
551,419.68,467.24,5,W,5,N
552,445.03,467.54,5,W,5,N
553,448.00,467.84,5,W,5,N
554,461.20,468.14,5,W,5,N
555,468.81,474.95,5,W,5,N
556,469.90,476.03,5,W,5,N
557,471.11,477.25,5,W,5,N
638,432.17,480.04,5,E,5,N
639,433.01,480.34,5,E,5,N
640,434.87,480.64,5,E,5,N
466,308.98,499.80,3,E,5,W
440,356.76,500.10,3,W,5,W
468,355.06,500.40,3,E,5,W
57,295.41,500.70,1,S,5,W
383,385.06,501.00,2,W,5,W
62,332.75,501.30,1,S,5,W
237,266.84,501.60,1,W,5,W
239,269.28,501.90,1,W,5,W
244,291.78,502.20,1,W,5,W
84,428.92,502.30,1,S,1,W
246,295.87,502.50,1,W,5,W
86,429.89,502.60,1,S,1,W
247,296.70,502.80,1,W,5,W
88,431.50,502.90,1,S,1,W
254,344.09,503.10,1,W,5,W
93,464.12,503.20,1,S,1,W
336,311.93,503.40,1,E,5,W
94,465.84,503.50,1,S,1,W
95,465.92,503.80,1,S,1,W
417,409.04,512.97,2,E,3,E
59,330.82,519.10,1,S,5,E
238,267.38,520.00,1,W,5,E
470,398.93,521.94,3,E,5,N
55,259.78,522.24,1,S,5,N
56,259.83,522.54,1,S,5,N
58,296.92,522.84,1,S,5,N
380,328.11,523.14,2,W,5,N
414,312.34,523.44,2,E,5,N
381,342.31,523.74,2,W,5,N
415,324.27,524.04,2,E,5,N
416,370.56,524.34,2,E,5,N
382,364.77,524.64,2,W,5,N
384,387.66,524.94,2,W,5,N
342,386.55,525.10,1,E,5,E
343,387.94,525.40,1,E,5,E
60,330.86,525.54,1,S,5,N
61,332.54,525.84,1,S,5,N
240,270.21,526.44,1,W,5,N
241,271.42,526.74,1,W,5,N
242,273.41,527.04,1,W,5,N
243,291.03,527.34,1,W,5,N
245,294.64,527.64,1,W,5,N
248,297.93,527.94,1,W,5,N
249,298.24,528.24,1,W,5,N
250,317.50,528.54,1,W,5,N
251,318.60,528.84,1,W,5,N
253,338.49,529.14,1,W,5,N
255,352.61,529.44,1,W,5,N
257,364.94,529.74,1,W,5,N
337,322.64,530.04,1,E,5,N
339,342.23,530.34,1,E,5,N
340,358.31,530.64,1,E,5,N
341,372.22,530.94,1,E,5,N
471,406.81,531.84,3,E,5,N
472,463.25,532.14,3,E,5,N
260,397.43,542.27,1,W,3,W
443,481.02,542.79,3,W,5,N
265,448.96,543.77,1,W,3,W
269,461.15,544.97,1,W,3,W
558,473.22,565.94,5,W,5,N
559,475.22,566.24,5,W,5,N
560,490.50,566.54,5,W,5,N
561,492.36,566.84,5,W,5,N
562,492.49,567.14,5,W,5,N
563,493.27,567.44,5,W,5,N
564,500.99,567.74,5,W,5,N
565,509.69,568.04,5,W,5,N
566,511.58,568.34,5,W,5,N
567,512.77,568.64,5,W,5,N
568,513.72,568.94,5,W,5,N
569,515.78,569.24,5,W,5,N
570,521.50,569.54,5,W,5,N
571,535.49,569.84,5,W,5,N
572,535.78,570.14,5,W,5,N
573,535.97,570.44,5,W,5,N
574,536.71,570.74,5,W,5,N
575,538.77,571.04,5,W,5,N
576,546.05,571.34,5,W,5,N
577,555.02,571.64,5,W,5,N
578,555.35,571.94,5,W,5,N
579,558.34,572.24,5,W,5,N
580,560.77,572.54,5,W,5,N
581,562.72,572.84,5,W,5,N
641,500.88,579.94,5,E,5,N
642,550.05,580.24,5,E,5,N
643,552.02,580.54,5,E,5,N
644,555.66,580.84,5,E,5,N
344,396.90,599.70,1,E,5,W
345,399.31,600.00,1,E,5,W
441,413.49,600.30,3,W,5,W
442,427.77,600.60,3,W,5,W
65,340.74,600.90,1,S,5,W
101,475.49,601.20,1,S,3,W
69,375.22,601.20,1,S,5,W
72,409.87,601.50,1,S,5,W
75,413.10,601.80,1,S,5,W
76,414.07,602.10,1,S,5,W
80,422.57,602.40,1,S,5,W
83,427.41,602.70,1,S,5,W
111,559.59,602.70,1,S,1,W
85,429.54,603.00,1,S,5,W
112,561.12,603.00,1,S,1,W
262,419.50,603.30,1,W,5,W
114,563.38,603.30,1,S,1,W
263,430.87,603.60,1,W,5,W
267,456.90,603.90,1,W,5,W
270,462.00,604.20,1,W,5,W
346,401.68,604.50,1,E,5,W
347,445.39,604.80,1,E,5,W
348,465.28,605.10,1,E,5,W
349,479.18,605.40,1,E,5,W
350,481.11,605.70,1,E,5,W
285,566.48,606.00,1,W,2,W
73,410.09,618.40,1,S,5,E
63,338.17,621.84,1,S,5,N
64,338.81,622.14,1,S,5,N
67,373.34,622.44,1,S,5,N
68,373.67,622.74,1,S,5,N
70,376.86,623.04,1,S,5,N
385,421.00,623.34,2,W,5,N
418,453.46,623.64,2,E,5,N
419,499.63,623.94,2,E,5,N
71,409.24,624.24,1,S,5,N
74,411.41,624.84,1,S,5,N
77,415.79,625.14,1,S,5,N
79,421.08,625.44,1,S,5,N
81,422.79,625.74,1,S,5,N
82,425.54,626.04,1,S,5,N
87,430.36,626.34,1,S,5,N
89,432.02,626.64,1,S,5,N
90,432.11,626.94,1,S,5,N
258,381.83,627.24,1,W,5,N
259,382.43,627.54,1,W,5,N
261,417.11,627.84,1,W,5,N
264,432.09,628.14,1,W,5,N
266,449.38,628.44,1,W,5,N
268,459.31,628.74,1,W,5,N
271,463.90,629.04,1,W,5,N
444,510.59,630.27,3,W,5,N
446,526.11,630.87,3,W,5,N
447,550.06,631.17,3,W,5,N
284,563.39,641.77,1,W,3,E
582,591.97,665.84,5,W,5,N
583,621.06,666.14,5,W,5,N
584,634.35,666.44,5,W,5,N
585,641.23,666.74,5,W,5,N
586,648.42,667.04,5,W,5,N
587,655.66,667.34,5,W,5,N
588,657.07,667.64,5,W,5,N
589,663.34,669.48,5,W,5,N
590,665.79,671.93,5,W,5,N
591,669.86,676.00,5,W,5,N
645,610.42,679.84,5,E,5,N
646,611.26,680.14,5,E,5,N
647,614.91,680.44,5,E,5,N
648,627.82,680.74,5,E,5,N
649,631.00,681.04,5,E,5,N
650,637.53,681.34,5,E,5,N
651,678.75,684.89,5,E,5,N
473,504.69,699.60,3,E,5,W
445,520.85,699.90,3,W,5,W
115,564.42,700.10,1,S,3,E
474,563.56,700.20,3,E,5,W
92,463.13,700.50,1,S,5,W
96,467.36,700.80,1,S,5,W
97,472.75,701.10,1,S,5,W
98,474.58,701.40,1,S,5,W
99,474.64,701.70,1,S,5,W
103,479.37,702.00,1,S,5,W
420,520.46,702.30,2,E,5,W
422,552.42,702.60,2,E,5,W
423,595.14,702.90,2,E,5,W
126,649.63,703.10,1,S,1,W
104,510.83,703.20,1,S,5,W
129,689.20,703.34,1,S,1,W
272,467.30,703.50,1,W,5,W
273,468.32,703.80,1,W,5,W
274,469.38,704.10,1,W,5,W
276,491.03,704.40,1,W,5,W
352,614.98,704.60,1,E,2,W
277,492.64,704.70,1,W,5,W
353,629.53,704.90,1,E,2,W
278,495.89,705.00,1,W,5,W
282,539.46,705.30,1,W,5,W
283,561.69,705.60,1,W,5,W
356,660.40,705.80,1,E,2,W
388,550.84,717.40,2,W,5,E
279,496.47,719.50,1,W,5,E
91,462.81,721.74,1,S,5,N
100,475.47,722.04,1,S,5,N
102,476.07,722.34,1,S,5,N
386,514.87,722.64,2,W,5,N
421,536.27,722.94,2,E,5,N
387,521.87,723.24,2,W,5,N
389,556.01,723.84,2,W,5,N
390,576.26,724.14,2,W,5,N
105,510.84,724.44,1,S,5,N
106,510.97,724.74,1,S,5,N
107,512.60,725.04,1,S,5,N
275,487.45,725.34,1,W,5,N
280,517.27,725.94,1,W,5,N
281,517.97,726.24,1,W,5,N
351,546.86,726.54,1,E,5,N
475,605.65,730.07,3,E,5,N
448,621.29,730.07,3,W,5,N
476,606.94,730.37,3,E,5,N
478,667.92,730.97,3,E,5,N
449,672.79,734.56,3,W,5,N
292,636.03,738.87,1,W,3,W
296,654.27,740.07,1,W,3,W
357,676.89,742.17,1,E,3,E
592,677.61,765.74,5,W,5,N
593,681.45,766.04,5,W,5,N
594,690.25,766.34,5,W,5,N
595,691.67,766.64,5,W,5,N
596,693.34,766.94,5,W,5,N
597,694.97,767.24,5,W,5,N
598,732.58,767.54,5,W,5,N
599,734.22,767.84,5,W,5,N
600,748.70,768.14,5,W,5,N
601,749.07,768.44,5,W,5,N
652,750.69,779.74,5,E,5,N
477,666.75,799.50,3,E,5,W
110,559.57,799.80,1,S,5,W
117,596.50,800.10,1,S,5,W
119,600.32,800.40,1,S,5,W
120,601.76,800.70,1,S,5,W
288,579.31,801.00,1,W,5,W
289,588.80,801.30,1,W,5,W
290,605.89,801.60,1,W,5,W
297,658.19,801.90,1,W,5,W
354,634.32,802.20,1,E,5,W
358,682.01,802.50,1,E,5,W
301,709.26,802.60,1,W,2,W
138,771.03,803.50,1,S,1,W
143,776.22,803.80,1,S,1,W
145,777.33,804.10,1,S,1,W
148,782.04,804.40,1,S,1,W
393,629.44,817.90,2,W,5,E
394,643.96,818.20,2,W,5,E
294,639.95,820.60,1,W,5,E
295,654.07,820.90,1,W,5,E
359,699.20,821.50,1,E,5,E
108,556.05,821.64,1,S,5,N
109,559.02,821.94,1,S,5,N
113,562.47,822.24,1,S,5,N
116,564.76,822.54,1,S,5,N
118,598.48,822.84,1,S,5,N
424,642.26,823.14,2,E,5,N
391,610.44,823.44,2,W,5,N
479,711.63,823.73,3,E,5,E
392,618.69,823.74,2,W,5,N
395,667.75,824.64,2,W,5,N
396,690.33,824.94,2,W,5,N
425,690.65,825.24,2,E,5,N
286,574.09,825.54,1,W,5,N
287,577.88,825.84,1,W,5,N
291,619.88,826.14,1,W,5,N
293,636.45,826.44,1,W,5,N
355,652.64,827.34,1,E,5,N
450,743.96,829.87,3,W,5,N
480,719.74,830.17,3,E,5,N
481,772.79,834.56,3,E,5,N
302,724.62,838.97,1,W,3,W
160,825.28,839.42,1,S,1,E
306,730.63,840.17,1,W,3,W
134,743.87,842.42,1,S,2,W
136,749.73,843.02,1,S,2,W
139,772.44,843.62,1,S,2,W
141,774.73,844.22,1,S,2,W
482,785.92,847.69,3,E,5,N
451,794.66,856.43,3,W,5,N
602,777.74,865.64,5,W,5,N
603,780.76,865.94,5,W,5,N
604,781.88,866.24,5,W,5,N
605,782.06,866.54,5,W,5,N
606,795.29,866.84,5,W,5,N
607,801.53,867.14,5,W,5,N
608,804.16,867.44,5,W,5,N
609,806.94,867.74,5,W,5,N
610,808.25,868.04,5,W,5,N
611,836.14,868.34,5,W,5,N
612,852.55,868.64,5,W,5,N
613,854.48,868.94,5,W,5,N
614,857.16,869.24,5,W,5,N
653,815.69,879.64,5,E,5,N
654,858.52,879.94,5,E,5,N
655,865.35,880.24,5,E,5,N
656,871.12,880.54,5,E,5,N
657,876.94,883.08,5,E,5,N
483,791.48,899.40,3,E,5,W
123,645.78,899.70,1,S,5,W
128,651.65,900.00,1,S,5,W
130,690.50,900.30,1,S,5,W
397,724.95,900.60,2,W,5,W
398,756.27,900.90,2,W,5,W
300,694.16,901.20,1,W,5,W
305,729.57,901.50,1,W,5,W
308,754.22,901.80,1,W,5,W
360,737.74,902.10,1,E,5,W
361,742.69,902.40,1,E,5,W
658,897.42,903.56,5,E,5,N
157,823.29,903.90,1,S,1,W
158,823.88,904.20,1,S,1,W
163,832.11,904.50,1,S,1,W
166,832.39,904.80,1,S,1,W
168,874.42,905.10,1,S,1,W
173,883.77,905.40,1,S,1,W
363,805.17,908.10,1,E,2,W
180,895.64,909.78,1,S,1,W
426,733.90,917.20,2,E,5,E
172,882.95,917.90,1,S,1,E
175,888.10,918.50,1,S,1,E
307,732.51,919.90,1,W,5,E
121,641.66,921.54,1,S,5,N
122,644.15,921.84,1,S,5,N
124,648.05,922.14,1,S,5,N
125,648.56,922.44,1,S,5,N
127,651.50,922.74,1,S,5,N
131,692.04,923.04,1,S,5,N
427,764.47,923.64,2,E,5,N
399,779.65,923.94,2,W,5,N
132,738.47,924.24,1,S,5,N
133,738.52,924.54,1,S,5,N
298,677.24,924.84,1,W,5,N
299,678.45,925.14,1,W,5,N
303,725.16,925.44,1,W,5,N
304,728.71,925.74,1,W,5,N
309,757.82,926.34,1,W,5,N
452,814.78,929.67,3,W,5,N
484,829.17,929.67,3,E,5,N
454,839.22,930.27,3,W,5,N
174,884.59,944.32,1,S,2,E
615,888.96,965.54,5,W,5,N
616,891.25,965.84,5,W,5,N
617,892.66,966.14,5,W,5,N
618,895.34,966.44,5,W,5,N
362,799.20,999.30,1,E,5,W
453,834.30,999.60,3,W,5,W
485,873.80,999.90,3,E,5,W
135,749.17,1000.20,1,S,5,W
140,773.37,1000.50,1,S,5,W
147,780.49,1000.80,1,S,5,W
401,828.39,1001.10,2,W,5,W
430,883.27,1001.40,2,E,5,W
150,783.79,1001.70,1,S,5,W
154,819.61,1002.00,1,S,5,W
159,824.02,1002.30,1,S,5,W
162,826.16,1002.60,1,S,5,W
164,832.18,1002.90,1,S,5,W
165,832.29,1003.20,1,S,5,W
311,778.03,1003.50,1,W,5,W
312,797.22,1003.80,1,W,5,W
313,798.74,1004.10,1,W,5,W
315,816.01,1004.40,1,W,5,W
316,817.03,1004.70,1,W,5,W
367,860.41,1005.00,1,E,5,W
317,838.79,1020.70,1,W,5,E
137,769.75,1021.44,1,S,5,N
142,775.74,1021.74,1,S,5,N
144,776.38,1022.04,1,S,5,N
146,779.65,1022.34,1,S,5,N
428,812.26,1022.64,2,E,5,N
400,813.80,1022.94,2,W,5,N
429,856.76,1023.24,2,E,5,N
402,841.75,1023.54,2,W,5,N
403,854.64,1023.84,2,W,5,N
149,783.17,1024.14,1,S,5,N
151,784.60,1024.44,1,S,5,N
152,787.06,1024.74,1,S,5,N
153,788.31,1025.04,1,S,5,N
155,821.65,1025.34,1,S,5,N
156,823.29,1025.64,1,S,5,N
161,826.10,1025.94,1,S,5,N
310,769.84,1026.24,1,W,5,N
314,801.10,1026.54,1,W,5,N
318,861.65,1027.14,1,W,5,N
319,861.73,1027.44,1,W,5,N
364,810.97,1027.74,1,E,5,N
365,812.24,1028.04,1,E,5,N
366,843.73,1028.34,1,E,5,N
368,878.34,1028.64,1,E,5,N
167,872.99,1099.20,1,S,5,W
176,888.79,1099.50,1,S,5,W
320,883.73,1099.80,1,W,5,W
321,885.25,1100.10,1,W,5,W
169,875.46,1121.34,1,S,5,N
170,877.01,1121.64,1,S,5,N
171,880.79,1121.94,1,S,5,N
177,889.78,1122.24,1,S,5,N
178,891.02,1122.54,1,S,5,N
179,893.03,1122.84,1,S,5,N
181,898.92,1123.14,1,S,5,N