id,enter_time,exit_time,entrance_intersection,entrance_direction,exit_intersection,exit_direction
3,5.47,19.61,1,S,1,E
2,4.01,44.26,1,S,2,W
472,7.56,66.44,5,W,5,N
473,8.79,66.74,5,W,5,N
474,11.03,67.04,5,W,5,N
475,11.95,67.34,5,W,5,N
476,13.00,67.64,5,W,5,N
477,14.83,67.94,5,W,5,N
478,17.88,68.24,5,W,5,N
479,45.40,68.54,5,W,5,N
480,48.12,68.84,5,W,5,N
481,50.18,69.14,5,W,5,N
482,59.75,69.44,5,W,5,N
483,72.62,78.76,5,W,5,N
582,0.36,80.44,5,E,5,N
583,46.36,80.74,5,E,5,N
584,47.01,81.04,5,E,5,N
585,94.01,100.14,5,E,5,N
4,7.47,100.40,1,S,2,W
0,1.35,100.70,1,S,1,W
5,46.02,101.00,1,S,1,W
362,14.54,112.57,2,W,3,W
440,50.07,131.27,3,E,5,N
17,118.35,132.48,1,S,1,E
175,7.60,137.97,1,W,3,E
8,83.35,140.22,1,S,2,E
187,56.98,141.57,1,W,3,W
484,74.06,166.34,5,W,5,N
485,115.29,166.64,5,W,5,N
486,117.14,166.94,5,W,5,N
487,118.72,167.24,5,W,5,N
488,125.16,167.54,5,W,5,N
489,126.34,167.84,5,W,5,N
490,129.03,168.14,5,W,5,N
491,129.33,168.44,5,W,5,N
492,130.89,168.74,5,W,5,N
493,132.81,169.04,5,W,5,N
494,143.22,169.34,5,W,5,N
495,155.36,169.64,5,W,5,N
586,120.25,180.34,5,E,5,N
587,123.86,180.64,5,E,5,N
588,129.03,180.94,5,E,5,N
589,174.43,181.24,5,E,5,N
6,80.94,199.90,1,S,3,W
414,53.24,200.10,3,W,5,W
415,58.98,200.40,3,W,5,W
441,95.15,200.70,3,E,5,W
388,44.30,201.00,2,E,5,W
14,116.40,201.10,1,S,1,W
364,58.78,201.30,2,W,5,W
15,116.49,201.40,1,S,1,W
365,72.24,201.60,2,W,5,W
27,159.95,201.70,1,S,1,W
366,97.16,201.90,2,W,5,W
173,4.13,202.20,1,W,5,W
176,8.28,202.50,1,W,5,W
177,9.44,202.80,1,W,5,W
182,46.65,203.10,1,W,5,W
184,53.33,203.40,1,W,5,W
308,66.57,203.70,1,E,5,W
309,69.91,204.00,1,E,5,W
195,106.71,206.20,1,W,2,W
25,157.67,214.20,1,S,1,E
306,63.12,221.20,1,E,5,E
1,2.71,222.24,1,S,5,N
363,24.64,222.54,2,W,5,N
389,92.71,222.84,2,E,5,N
171,1.49,223.14,1,W,5,N
172,3.08,223.44,1,W,5,N
174,5.87,223.74,1,W,5,N
178,24.60,224.04,1,W,5,N
179,26.20,224.34,1,W,5,N
180,42.37,224.64,1,W,5,N
181,45.41,224.94,1,W,5,N
443,169.44,225.08,3,E,5,E
183,50.28,225.24,1,W,5,N
185,54.30,225.54,1,W,5,N
186,55.88,225.84,1,W,5,N
302,17.30,226.14,1,E,5,N
303,48.52,226.44,1,E,5,N
304,53.55,226.74,1,E,5,N
305,57.15,227.04,1,E,5,N
307,64.98,227.64,1,E,5,N
310,71.86,227.94,1,E,5,N
442,112.11,231.07,3,E,5,N
417,111.73,231.37,3,W,5,N
418,119.90,231.67,3,W,5,N
188,66.85,240.17,1,W,3,E
317,188.72,250.91,1,E,3,W
496,194.09,266.24,5,W,5,N
497,201.17,266.54,5,W,5,N
498,203.06,266.84,5,W,5,N
499,204.42,267.14,5,W,5,N
500,206.02,267.44,5,W,5,N
501,206.18,267.74,5,W,5,N
502,207.76,268.04,5,W,5,N
503,215.63,268.34,5,W,5,N
504,228.92,268.64,5,W,5,N
505,229.22,268.94,5,W,5,N
506,230.41,269.24,5,W,5,N
507,232.03,269.54,5,W,5,N
508,242.11,269.84,5,W,5,N
509,244.23,270.14,5,W,5,N
510,254.49,270.44,5,W,5,N
511,261.37,270.74,5,W,5,N
512,261.80,271.04,5,W,5,N
513,262.81,271.34,5,W,5,N
514,268.29,274.42,5,W,5,N
590,202.32,280.24,5,E,5,N
591,220.56,280.54,5,E,5,N
592,220.80,280.84,5,E,5,N
593,261.20,281.14,5,E,5,N
594,264.12,281.44,5,E,5,N
595,291.86,298.00,5,E,5,N
416,109.68,300.00,3,W,5,W
419,145.47,300.30,3,W,5,W
367,111.21,300.60,2,W,5,W
9,113.87,300.90,1,S,5,W
11,115.08,301.20,1,S,5,W
34,201.99,301.50,1,S,1,W
16,116.55,301.50,1,S,5,W
35,204.18,301.80,1,S,1,W
20,120.67,301.80,1,S,5,W
22,124.32,302.10,1,S,5,W
191,72.02,302.40,1,W,5,W
196,113.50,302.70,1,W,5,W
315,183.03,303.00,1,E,5,W
321,240.87,307.80,1,E,2,E
43,275.24,316.10,1,S,1,E
19,120.62,318.40,1,S,5,E
311,110.19,321.70,1,E,5,E
7,82.02,322.14,1,S,5,N
390,134.91,322.44,2,E,5,N
368,135.23,322.74,2,W,5,N
391,160.41,323.04,2,E,5,N
10,115.03,323.34,1,S,5,N
12,115.67,323.64,1,S,5,N
13,116.12,323.94,1,S,5,N
18,119.80,324.24,1,S,5,N
21,123.06,324.84,1,S,5,N
23,126.18,325.14,1,S,5,N
189,68.32,325.44,1,W,5,N
190,70.06,325.74,1,W,5,N
192,73.87,326.04,1,W,5,N
193,74.94,326.34,1,W,5,N
194,82.70,326.64,1,W,5,N
197,133.15,326.94,1,W,5,N
198,141.98,327.24,1,W,5,N
199,143.98,327.54,1,W,5,N
312,124.94,328.14,1,E,5,N
313,153.26,328.44,1,E,5,N
314,172.96,328.74,1,E,5,N
316,186.01,329.04,1,E,5,N
318,190.10,329.34,1,E,5,N
444,217.56,330.87,3,E,5,N
445,257.87,331.17,3,E,5,N
446,259.09,331.47,3,E,5,N
203,173.64,337.87,1,W,3,W
423,286.54,348.31,3,W,5,N
515,277.02,366.14,5,W,5,N
516,313.49,366.44,5,W,5,N
517,319.64,366.74,5,W,5,N
518,319.98,367.04,5,W,5,N
519,329.63,367.34,5,W,5,N
520,331.78,367.64,5,W,5,N
521,341.92,367.94,5,W,5,N
522,342.25,368.24,5,W,5,N
523,347.64,368.54,5,W,5,N
596,302.23,380.14,5,E,5,N
597,348.78,380.44,5,E,5,N
598,353.80,380.74,5,E,5,N
599,380.23,386.37,5,E,5,N
600,386.02,392.16,5,E,5,N
601,390.74,396.88,5,E,5,N
602,392.42,398.56,5,E,5,N
603,392.65,398.79,5,E,5,N
420,215.17,399.90,3,W,5,W
421,231.24,400.20,3,W,5,W
422,282.59,400.50,3,W,5,W
26,157.99,400.80,1,S,5,W
32,201.01,401.10,1,S,5,W
44,276.93,401.30,1,S,3,E
392,207.73,401.40,2,E,5,W
393,249.14,401.70,2,E,5,W
57,325.77,401.90,1,S,1,W
58,326.88,401.90,1,S,2,W
394,294.32,402.00,2,E,5,W
65,375.85,402.20,1,S,1,W
36,205.50,402.30,1,S,5,W
201,169.81,402.60,1,W,5,W
204,177.19,402.90,1,W,5,W
205,177.95,403.20,1,W,5,W
216,220.59,403.50,1,W,5,W
217,241.02,403.80,1,W,5,W
370,309.63,412.87,2,W,3,E
200,168.02,418.00,1,W,5,E
210,185.44,419.80,1,W,5,E
24,157.54,422.04,1,S,5,N
28,161.03,422.34,1,S,5,N
66,408.41,422.54,1,S,1,E
29,161.92,422.64,1,S,5,N
30,162.21,422.94,1,S,5,N
31,164.82,423.24,1,S,5,N
33,201.72,423.54,1,S,5,N
369,221.63,423.84,2,W,5,N
202,171.74,424.44,1,W,5,N
206,179.31,424.74,1,W,5,N
207,180.53,425.04,1,W,5,N
449,345.68,425.13,3,E,5,E
208,180.60,425.34,1,W,5,N
450,365.31,425.43,3,E,5,E
209,184.54,425.64,1,W,5,N
211,186.84,426.24,1,W,5,N
212,195.90,426.54,1,W,5,N
213,210.72,426.84,1,W,5,N
214,212.11,427.14,1,W,5,N
215,218.92,427.44,1,W,5,N
218,242.10,427.74,1,W,5,N
219,251.20,428.04,1,W,5,N
220,252.30,428.34,1,W,5,N
319,209.21,428.64,1,E,5,N
320,218.97,428.94,1,E,5,N
322,265.13,429.24,1,E,5,N
424,304.54,430.67,3,W,5,N
448,313.77,430.97,3,E,5,N
425,308.09,430.97,3,W,5,N
72,416.85,430.98,1,S,1,E
73,419.79,433.93,1,S,1,E
225,310.46,439.77,1,W,3,W
231,335.51,441.57,1,W,3,W
86,428.34,442.47,1,S,1,E
524,386.83,466.04,5,W,5,N
525,389.07,466.34,5,W,5,N
526,390.98,466.64,5,W,5,N
527,392.77,466.94,5,W,5,N
528,394.11,467.24,5,W,5,N
529,395.52,467.54,5,W,5,N
530,402.96,467.84,5,W,5,N
531,410.20,468.14,5,W,5,N
532,418.07,468.44,5,W,5,N
533,418.79,468.74,5,W,5,N
534,418.97,469.04,5,W,5,N
535,420.13,469.34,5,W,5,N
536,421.27,469.64,5,W,5,N
537,428.12,469.94,5,W,5,N
538,429.34,470.24,5,W,5,N
539,431.16,470.54,5,W,5,N
540,441.68,470.84,5,W,5,N
541,450.36,471.14,5,W,5,N
542,458.16,471.44,5,W,5,N
604,403.12,480.04,5,E,5,N
605,407.95,480.34,5,E,5,N
606,413.66,480.64,5,E,5,N
607,434.12,480.94,5,E,5,N
608,457.85,481.24,5,E,5,N
609,476.30,482.43,5,E,5,N
610,485.78,491.92,5,E,5,N
611,490.61,496.75,5,E,5,N
447,307.30,499.80,3,E,5,W
426,363.76,500.10,3,W,5,W
37,239.26,500.40,1,S,5,W
39,241.64,500.70,1,S,5,W
40,241.65,501.00,1,S,5,W
42,242.06,501.30,1,S,5,W
46,277.73,501.60,1,S,5,W
49,281.53,501.90,1,S,5,W
51,284.12,502.20,1,S,5,W
67,411.97,502.30,1,S,1,W
395,324.37,502.50,2,E,5,W
69,412.93,502.60,1,S,1,W
81,423.72,502.60,1,S,2,W
396,363.65,502.80,2,E,5,W
70,414.10,502.90,1,S,1,W
372,347.93,503.10,2,W,5,W
71,415.55,503.20,1,S,1,W
374,372.42,503.40,2,W,5,W
76,421.31,503.50,1,S,1,W
397,393.95,503.70,2,E,5,W
77,421.50,503.80,1,S,1,W
55,292.16,504.00,1,S,5,W
93,467.28,504.10,1,S,1,W
56,324.27,504.30,1,S,5,W
59,326.89,504.60,1,S,5,W
221,266.09,504.90,1,W,5,W
228,314.05,505.20,1,W,5,W
229,315.68,505.50,1,W,5,W
230,335.31,505.80,1,W,5,W
232,345.69,506.10,1,W,5,W
245,432.34,508.30,1,W,2,E
48,280.88,517.00,1,S,5,E
53,285.97,518.50,1,S,5,E
38,240.75,521.94,1,S,5,N
41,242.05,522.24,1,S,5,N
45,277.00,522.54,1,S,5,N
47,279.73,522.84,1,S,5,N
50,282.36,523.44,1,S,5,N
52,284.66,523.74,1,S,5,N
371,313.63,524.04,2,W,5,N
451,403.89,524.33,3,E,5,E
373,362.02,524.34,2,W,5,N
54,287.56,524.94,1,S,5,N
222,276.09,525.24,1,W,5,N
223,279.39,525.54,1,W,5,N
224,297.13,525.84,1,W,5,N
226,312.28,526.14,1,W,5,N
227,312.85,526.44,1,W,5,N
233,346.86,526.74,1,W,5,N
234,348.08,527.04,1,W,5,N
235,356.66,527.34,1,W,5,N
323,322.29,527.64,1,E,5,N
324,378.94,527.94,1,E,5,N
325,393.62,528.24,1,E,5,N
427,438.27,530.47,3,W,5,N
452,405.65,530.77,3,E,5,N
429,464.82,531.07,3,W,5,N
454,449.73,531.37,3,E,5,N
90,433.71,541.07,1,S,3,W
237,368.27,541.97,1,W,3,E
109,534.78,548.91,1,S,1,E
430,489.17,550.94,3,W,5,N
543,482.16,565.94,5,W,5,N
544,514.89,566.24,5,W,5,N
545,515.17,566.54,5,W,5,N
546,515.36,566.84,5,W,5,N
547,516.99,567.14,5,W,5,N
548,556.58,567.44,5,W,5,N
549,572.28,578.42,5,W,5,N
612,542.51,579.94,5,E,5,N
613,542.86,580.24,5,E,5,N
614,584.70,590.83,5,E,5,N
428,438.28,599.70,3,W,5,W
453,406.85,600.00,3,E,5,W
60,367.31,600.30,1,S,5,W
62,373.02,600.60,1,S,5,W
398,441.60,600.90,2,E,5,W
399,472.65,601.20,2,E,5,W
80,422.74,601.50,1,S,5,W
82,425.82,601.80,1,S,5,W
87,429.36,602.10,1,S,5,W
238,384.42,602.40,1,W,5,W
239,388.42,602.70,1,W,5,W
100,520.79,602.70,1,S,1,W
240,400.26,603.00,1,W,5,W
110,535.99,603.00,1,S,1,W
243,411.33,603.30,1,W,5,W
244,411.76,603.60,1,W,5,W
326,401.63,603.90,1,E,5,W
118,593.35,607.49,1,S,1,W
121,598.03,612.17,1,S,1,W
122,598.40,617.30,1,S,1,E
123,601.77,617.60,1,S,1,E
88,430.61,619.60,1,S,5,E
61,367.47,621.84,1,S,5,N
63,374.48,622.14,1,S,5,N
64,375.41,622.44,1,S,5,N
375,465.61,622.74,2,W,5,N
400,483.11,623.04,2,E,5,N
68,412.27,623.34,1,S,5,N
74,419.86,623.64,1,S,5,N
128,609.67,623.80,1,S,1,E
75,420.70,623.94,1,S,5,N
78,421.98,624.24,1,S,5,N
333,481.39,624.40,1,E,5,E
79,422.48,624.54,1,S,5,N
83,425.85,624.84,1,S,5,N
84,427.37,625.14,1,S,5,N
85,428.06,625.44,1,S,5,N
456,509.18,625.60,3,E,5,E
457,516.12,625.90,3,E,5,E
89,433.66,626.04,1,S,5,N
91,435.12,626.34,1,S,5,N
236,366.51,626.64,1,W,5,N
241,400.73,626.94,1,W,5,N
242,410.69,627.24,1,W,5,N
246,441.81,627.54,1,W,5,N
247,443.05,627.84,1,W,5,N
248,449.77,628.14,1,W,5,N
249,465.57,628.44,1,W,5,N
327,427.76,628.74,1,E,5,N
328,429.31,629.04,1,E,5,N
329,439.28,629.34,1,E,5,N
330,442.22,629.64,1,E,5,N
331,468.43,629.94,1,E,5,N
332,476.84,630.24,1,E,5,N
334,497.67,630.84,1,E,5,N
455,500.52,631.14,3,E,5,N
431,562.30,631.44,3,W,5,N
105,527.63,639.37,1,S,3,W
111,536.47,640.57,1,S,3,W
432,579.41,641.18,3,W,5,N
251,504.97,641.77,1,W,3,W
119,596.27,642.82,1,S,2,W
433,586.43,648.20,3,W,5,N
550,601.69,665.84,5,W,5,N
551,616.94,666.14,5,W,5,N
552,618.92,666.44,5,W,5,N
553,662.63,668.77,5,W,5,N
554,663.38,669.52,5,W,5,N
555,663.75,669.88,5,W,5,N
556,671.14,677.28,5,W,5,N
615,657.79,679.84,5,E,5,N
616,658.70,680.14,5,E,5,N
617,659.97,680.44,5,E,5,N
618,667.37,680.74,5,E,5,N
458,570.87,699.60,3,E,5,W
459,579.51,699.90,3,E,5,W
94,468.06,700.20,1,S,5,W
98,517.10,700.50,1,S,5,W
103,525.69,700.80,1,S,5,W
106,529.05,701.10,1,S,5,W
108,533.74,701.40,1,S,5,W
112,537.18,701.70,1,S,5,W
113,538.93,702.00,1,S,5,W
258,575.93,702.20,1,W,2,W
337,575.03,702.30,1,E,5,W
124,603.38,703.10,1,S,1,W
126,607.69,703.40,1,S,1,W
127,609.05,703.70,1,S,1,W
265,632.53,704.30,1,W,2,W
338,606.85,706.40,1,E,2,E
136,663.30,717.10,1,S,1,E
147,673.16,720.40,1,S,1,E
255,550.37,721.00,1,W,5,E
92,465.65,721.74,1,S,5,N
95,471.21,722.04,1,S,5,N
401,532.79,722.34,2,E,5,N
154,693.68,722.50,1,S,1,E
376,548.41,722.64,2,W,5,N
402,549.11,722.94,2,E,5,N
377,552.15,723.24,2,W,5,N
403,585.81,723.54,2,E,5,N
96,515.77,723.84,1,S,5,N
97,517.06,724.14,1,S,5,N
99,517.86,724.44,1,S,5,N
101,523.12,724.74,1,S,5,N
102,524.25,725.04,1,S,5,N
104,527.55,725.34,1,S,5,N
107,530.51,725.64,1,S,5,N
250,488.27,725.94,1,W,5,N
252,506.93,726.24,1,W,5,N
253,528.06,726.54,1,W,5,N
254,529.11,726.84,1,W,5,N
256,566.45,727.44,1,W,5,N
335,544.99,727.74,1,E,5,N
336,564.27,728.04,1,E,5,N
434,607.91,730.07,3,W,5,N
461,623.47,730.37,3,E,5,N
435,666.51,730.37,3,W,5,N
462,673.49,735.26,3,E,5,N
257,568.39,737.97,1,W,3,E
464,682.28,744.05,3,E,5,N
557,681.34,765.74,5,W,5,N
558,681.67,766.04,5,W,5,N
559,684.41,766.34,5,W,5,N
560,685.71,766.64,5,W,5,N
561,686.17,766.94,5,W,5,N
562,713.46,767.24,5,W,5,N
563,752.79,767.54,5,W,5,N
564,755.21,767.84,5,W,5,N
565,761.28,768.14,5,W,5,N
566,763.25,769.39,5,W,5,N
567,763.85,769.98,5,W,5,N
568,766.53,772.67,5,W,5,N
569,768.58,774.72,5,W,5,N
619,710.95,779.74,5,E,5,N
620,713.65,780.04,5,E,5,N
621,767.97,780.34,5,E,5,N
134,659.81,799.30,1,S,3,E
460,618.36,799.50,3,E,5,W
463,680.46,799.80,3,E,5,W
115,541.63,800.10,1,S,5,W
120,596.33,800.40,1,S,5,W
125,604.43,800.70,1,S,5,W
378,637.01,801.00,2,W,5,W
379,648.35,801.30,2,W,5,W
405,635.08,801.60,2,E,5,W
380,669.14,801.90,2,W,5,W
407,687.81,802.20,2,E,5,W
266,635.96,802.50,1,W,5,W
267,652.61,802.80,1,W,5,W
340,658.01,803.10,1,E,5,W
152,690.52,803.20,1,S,2,W
341,667.51,803.40,1,E,5,W
342,668.59,803.70,1,E,5,W
404,610.58,816.40,2,E,5,E
114,539.95,821.64,1,S,5,N
345,692.89,821.80,1,E,5,E
116,590.74,821.94,1,S,5,N
117,592.03,822.24,1,S,5,N
406,646.47,822.84,2,E,5,N
129,611.37,823.14,1,S,5,N
130,619.07,823.44,1,S,5,N
436,726.44,823.73,3,W,5,E
131,620.33,823.74,1,S,5,N
259,577.52,824.04,1,W,5,N
260,587.56,824.34,1,W,5,N
261,589.21,824.64,1,W,5,N
262,599.99,824.94,1,W,5,N
263,609.50,825.24,1,W,5,N
264,617.11,825.54,1,W,5,N
268,656.28,825.84,1,W,5,N
269,657.42,826.14,1,W,5,N
270,659.20,826.44,1,W,5,N
271,661.02,826.74,1,W,5,N
339,610.26,827.04,1,E,5,N
343,672.12,827.34,1,E,5,N
344,672.95,827.64,1,E,5,N
465,732.16,829.87,3,E,5,N
466,740.39,830.17,3,E,5,N
467,782.05,837.68,3,E,5,E
273,682.16,840.47,1,W,3,W
283,744.47,843.47,1,W,3,W
348,752.92,844.97,1,E,3,W
437,795.81,857.58,3,W,5,N
570,778.72,865.64,5,W,5,N
571,780.30,865.94,5,W,5,N
572,818.08,866.24,5,W,5,N
573,818.11,866.54,5,W,5,N
574,837.97,866.84,5,W,5,N
575,839.70,867.14,5,W,5,N
576,853.61,867.44,5,W,5,N
577,855.80,867.74,5,W,5,N
578,856.46,868.04,5,W,5,N
579,858.44,868.34,5,W,5,N
580,864.67,870.81,5,W,5,N
581,865.81,871.95,5,W,5,N
622,809.44,879.64,5,E,5,N
623,810.95,879.94,5,E,5,N
624,865.67,880.24,5,E,5,N
625,882.96,889.10,5,E,5,N
132,658.51,899.40,1,S,5,W
133,659.67,899.70,1,S,5,W
137,663.89,900.00,1,S,5,W
140,666.38,900.30,1,S,5,W
141,667.97,900.60,1,S,5,W
142,668.62,900.90,1,S,5,W
381,746.18,901.20,2,W,5,W
409,769.84,901.50,2,E,5,W
150,683.47,901.80,1,S,5,W
153,691.91,902.10,1,S,5,W
155,701.13,902.40,1,S,5,W
272,667.39,902.70,1,W,5,W
274,683.51,903.00,1,W,5,W
276,685.93,903.30,1,W,5,W
280,731.63,903.60,1,W,5,W
284,746.20,903.90,1,W,5,W
161,861.59,903.90,1,S,1,W
285,747.51,904.20,1,W,5,W
164,869.03,904.20,1,S,1,W
351,770.70,904.50,1,E,5,W
167,871.58,904.50,1,S,1,W
353,814.95,906.30,1,E,2,W
438,797.85,915.40,3,W,5,E
166,870.17,917.60,1,S,1,E
135,661.53,921.84,1,S,5,N
138,664.75,922.14,1,S,5,N
139,665.37,922.44,1,S,5,N
143,670.08,922.74,1,S,5,N
408,729.73,923.04,2,E,5,N
382,767.14,923.34,2,W,5,N
383,788.58,923.64,2,W,5,N
144,670.98,923.94,1,S,5,N
145,671.14,924.24,1,S,5,N
146,672.02,924.54,1,S,5,N
148,675.48,924.84,1,S,5,N
149,678.33,925.14,1,S,5,N
151,684.72,925.44,1,S,5,N
275,684.62,925.74,1,W,5,N
277,687.68,926.04,1,W,5,N
278,698.31,926.34,1,W,5,N
279,712.33,926.64,1,W,5,N
281,735.27,926.94,1,W,5,N
282,736.92,927.24,1,W,5,N
346,731.83,927.54,1,E,5,N
347,736.93,927.84,1,E,5,N
349,755.07,928.14,1,E,5,N
350,755.32,928.44,1,E,5,N
468,832.89,929.67,3,E,5,N
469,870.76,932.53,3,E,5,N
352,814.45,942.07,1,E,3,E
354,817.50,942.67,1,E,3,W
355,818.77,942.97,1,E,3,W
169,872.38,944.32,1,S,2,W
470,889.49,951.26,3,E,5,N
439,848.55,999.30,3,W,5,W
170,872.76,999.50,1,S,3,E
471,890.64,999.60,3,E,5,W
157,780.56,999.90,1,S,5,W
158,780.60,1000.20,1,S,5,W
412,857.19,1000.50,2,E,5,W
159,825.65,1000.80,1,S,5,W
160,827.13,1001.10,1,S,5,W
288,770.99,1001.40,1,W,5,W
301,881.93,1001.60,1,W,2,W
289,772.76,1001.70,1,W,5,W
290,773.02,1002.00,1,W,5,W
291,792.23,1002.30,1,W,5,W
293,794.01,1002.60,1,W,5,W
294,806.15,1002.90,1,W,5,W
295,808.08,1003.20,1,W,5,W
297,830.93,1003.50,1,W,5,W
358,872.32,1003.80,1,E,5,W
361,882.92,1004.10,1,E,5,W
156,748.69,1021.44,1,S,5,N
384,827.86,1021.74,2,W,5,N
410,802.74,1022.04,2,E,5,N
411,836.09,1022.34,2,E,5,N
385,856.54,1022.64,2,W,5,N
386,867.35,1022.94,2,W,5,N
387,887.63,1023.24,2,W,5,N
413,898.78,1023.54,2,E,5,N
286,769.97,1023.84,1,W,5,N
287,770.47,1024.14,1,W,5,N
292,792.37,1024.44,1,W,5,N
296,828.11,1024.74,1,W,5,N
298,850.71,1025.04,1,W,5,N
299,867.11,1025.34,1,W,5,N
356,824.57,1025.64,1,E,5,N
357,845.92,1025.94,1,E,5,N
359,874.49,1026.24,1,E,5,N
360,877.65,1026.54,1,E,5,N
163,866.18,1099.20,1,S,5,W
168,871.58,1115.80,1,S,5,E
162,862.28,1121.34,1,S,5,N
165,869.08,1121.64,1,S,5,N
300,868.24,1122.24,1,W,5,N