id,enter_time,exit_time,entrance_intersection,entrance_direction,exit_intersection,exit_direction
523,1.01,66.44,5,W,5,N
524,3.35,66.74,5,W,5,N
525,4.41,67.04,5,W,5,N
526,6.05,67.34,5,W,5,N
527,12.54,67.64,5,W,5,N
528,12.87,67.94,5,W,5,N
529,20.39,68.24,5,W,5,N
530,21.06,68.54,5,W,5,N
531,21.74,68.84,5,W,5,N
532,22.06,69.14,5,W,5,N
533,30.02,69.44,5,W,5,N
534,31.25,69.74,5,W,5,N
535,39.35,70.04,5,W,5,N
536,55.53,70.34,5,W,5,N
537,56.50,70.64,5,W,5,N
538,57.08,70.94,5,W,5,N
539,61.78,71.24,5,W,5,N
540,68.80,74.93,5,W,5,N
541,70.75,76.89,5,W,5,N
542,72.52,78.65,5,W,5,N
649,0.84,80.44,5,E,5,N
650,1.55,80.74,5,E,5,N
651,2.36,81.04,5,E,5,N
652,6.11,81.34,5,E,5,N
653,56.52,81.64,5,E,5,N
654,57.86,81.94,5,E,5,N
7,7.80,100.70,1,S,1,W
6,6.76,101.00,1,S,2,E
8,8.33,101.00,1,S,1,W
9,11.57,101.30,1,S,1,W
16,39.42,101.60,1,S,1,W
209,56.31,104.60,1,W,2,E
433,22.56,112.57,2,E,3,W
17,41.02,114.40,1,S,1,E
485,10.55,131.87,3,E,5,N
486,19.60,132.17,3,E,5,N
487,74.20,135.97,3,E,5,N
5,5.84,136.77,1,S,3,W
459,75.88,137.65,3,W,5,N
27,128.24,142.37,1,S,1,E
336,50.78,143.07,1,E,3,W
460,95.02,156.79,3,W,5,N
543,73.86,166.34,5,W,5,N
544,74.00,166.64,5,W,5,N
545,75.79,166.94,5,W,5,N
546,76.97,167.24,5,W,5,N
547,77.88,167.54,5,W,5,N
548,85.15,167.84,5,W,5,N
549,115.63,168.14,5,W,5,N
550,131.99,168.44,5,W,5,N
551,133.97,168.74,5,W,5,N
552,144.66,169.04,5,W,5,N
553,146.61,169.34,5,W,5,N
554,146.87,169.64,5,W,5,N
555,148.74,169.94,5,W,5,N
556,149.94,170.24,5,W,5,N
557,151.30,170.54,5,W,5,N
558,157.70,170.84,5,W,5,N
559,158.41,171.14,5,W,5,N
655,112.80,180.34,5,E,5,N
656,113.29,180.64,5,E,5,N
657,121.37,180.94,5,E,5,N
658,167.54,181.24,5,E,5,N
659,169.77,181.54,5,E,5,N
458,21.07,200.10,3,W,5,W
483,1.69,200.40,3,E,5,W
484,2.77,200.70,3,E,5,W
1,0.73,201.00,1,S,5,W
22,120.13,201.10,1,S,1,W
400,11.70,201.30,2,W,5,W
401,25.14,201.60,2,W,5,W
403,41.36,201.90,2,W,5,W
404,69.64,202.20,2,W,5,W
11,34.09,202.50,1,S,5,W
12,35.64,202.80,1,S,5,W
201,0.90,203.10,1,W,5,W
205,39.75,203.40,1,W,5,W
206,41.21,203.70,1,W,5,W
208,52.62,204.00,1,W,5,W
329,2.92,204.30,1,E,5,W
330,4.43,204.60,1,E,5,W
331,10.25,204.90,1,E,5,W
334,45.35,205.20,1,E,5,W
335,47.70,205.50,1,E,5,W
223,154.50,205.90,1,W,2,W
10,12.47,218.20,1,S,5,E
346,192.69,218.80,1,E,2,W
333,39.71,220.00,1,E,5,E
0,0.51,222.24,1,S,5,N
2,1.12,222.54,1,S,5,N
3,3.25,222.84,1,S,5,N
434,65.77,223.14,2,E,5,N
402,35.52,223.44,2,W,5,N
435,93.74,223.74,2,E,5,N
4,4.67,224.04,1,S,5,N
202,10.74,224.64,1,W,5,N
203,16.92,224.94,1,W,5,N
204,38.81,225.24,1,W,5,N
490,167.52,225.53,3,E,5,E
207,50.88,225.54,1,W,5,N
332,19.79,225.84,1,E,5,N
337,59.13,226.44,1,E,5,N
35,212.33,226.47,1,S,1,E
338,85.44,226.74,1,E,5,N
488,124.84,231.07,3,E,5,N
489,126.12,231.37,3,E,5,N
215,91.83,239.57,1,W,3,W
218,116.26,240.47,1,W,3,W
45,228.50,242.63,1,S,1,E
344,180.30,243.77,1,E,3,W
491,183.91,245.68,3,E,5,N
560,199.56,266.24,5,W,5,N
561,210.30,266.54,5,W,5,N
562,213.31,266.84,5,W,5,N
563,226.15,267.14,5,W,5,N
564,228.70,267.44,5,W,5,N
565,230.12,267.74,5,W,5,N
566,231.83,268.04,5,W,5,N
567,239.58,268.34,5,W,5,N
568,241.37,268.64,5,W,5,N
569,250.20,268.94,5,W,5,N
570,260.67,269.24,5,W,5,N
571,271.54,277.68,5,W,5,N
660,221.68,280.24,5,E,5,N
661,222.51,280.54,5,E,5,N
662,250.49,280.84,5,E,5,N
663,258.40,281.14,5,E,5,N
664,271.49,281.44,5,E,5,N
461,150.08,300.00,3,W,5,W
462,154.70,300.30,3,W,5,W
15,38.95,300.60,1,S,5,W
18,42.25,300.90,1,S,5,W
19,76.66,301.20,1,S,5,W
36,213.60,301.50,1,S,1,W
26,126.09,301.50,1,S,5,W
44,223.49,301.80,1,S,1,W
28,131.91,301.80,1,S,5,W
211,78.34,302.10,1,W,5,W
340,127.95,302.40,1,E,5,W
343,174.60,302.70,1,E,5,W
665,297.28,303.42,5,E,5,N
47,230.80,303.60,1,S,2,W
666,298.70,304.84,5,E,5,N
63,295.51,309.65,1,S,1,W
408,229.83,313.07,2,W,3,W
60,290.44,317.00,1,S,1,E
405,154.07,317.50,2,W,5,E
23,120.66,318.40,1,S,5,E
13,37.16,322.14,1,S,5,N
14,38.61,322.44,1,S,5,N
20,77.73,322.74,1,S,5,N
21,83.01,323.04,1,S,5,N
436,141.70,323.34,2,E,5,N
406,179.75,323.94,2,W,5,N
71,310.09,324.23,1,S,1,E
437,181.80,324.24,2,E,5,N
24,122.82,324.84,1,S,5,N
25,124.45,325.14,1,S,5,N
210,76.22,325.44,1,W,5,N
212,82.29,325.74,1,W,5,N
213,86.27,326.04,1,W,5,N
214,88.11,326.34,1,W,5,N
216,92.91,326.64,1,W,5,N
217,94.31,326.94,1,W,5,N
219,128.02,327.24,1,W,5,N
220,129.08,327.54,1,W,5,N
221,143.01,327.84,1,W,5,N
222,153.31,328.14,1,W,5,N
339,101.11,328.44,1,E,5,N
341,154.01,328.74,1,E,5,N
342,156.46,329.04,1,E,5,N
345,189.99,329.34,1,E,5,N
492,223.73,330.87,3,E,5,N
463,212.70,330.87,3,W,5,N
493,225.71,331.17,3,E,5,N
494,272.08,333.85,3,E,5,N
495,273.21,334.98,3,E,5,N
464,276.91,338.68,3,W,5,N
232,242.65,343.27,1,W,3,E
572,288.08,366.14,5,W,5,N
573,295.81,366.44,5,W,5,N
574,325.71,366.74,5,W,5,N
575,336.07,367.04,5,W,5,N
576,337.29,367.34,5,W,5,N
577,345.24,367.64,5,W,5,N
578,348.69,367.94,5,W,5,N
579,361.43,368.24,5,W,5,N
580,362.16,368.30,5,W,5,N
667,307.81,380.14,5,E,5,N
668,330.05,380.44,5,E,5,N
669,335.11,380.74,5,E,5,N
29,137.90,399.90,1,S,5,W
31,202.09,400.20,1,S,5,W
32,203.43,400.50,1,S,5,W
407,217.87,400.80,2,W,5,W
38,216.35,401.10,1,S,5,W
73,311.49,401.30,1,S,2,W
41,220.54,401.40,1,S,5,W
49,234.15,401.70,1,S,5,W
65,299.16,401.90,1,S,1,W
225,191.69,402.00,1,W,5,W
69,304.23,402.20,1,S,1,W
230,215.60,402.30,1,W,5,W
79,321.48,402.50,1,S,1,W
233,245.70,402.60,1,W,5,W
234,247.56,402.90,1,W,5,W
347,210.48,403.20,1,E,5,W
349,229.53,403.50,1,E,5,W
350,259.60,403.80,1,E,5,W
351,263.03,404.10,1,E,5,W
352,272.30,404.40,1,E,5,W
439,242.22,416.50,2,E,5,E
30,168.30,422.04,1,S,5,N
438,207.91,422.34,2,E,5,N
440,258.93,422.94,2,E,5,N
33,204.94,423.24,1,S,5,N
34,206.51,423.54,1,S,5,N
37,215.07,423.84,1,S,5,N
39,217.29,424.14,1,S,5,N
40,219.11,424.44,1,S,5,N
42,220.68,424.74,1,S,5,N
43,222.02,425.04,1,S,5,N
46,228.96,425.34,1,S,5,N
48,232.51,425.64,1,S,5,N
50,235.34,425.94,1,S,5,N
224,174.49,426.24,1,W,5,N
226,193.24,426.54,1,W,5,N
227,196.98,426.84,1,W,5,N
228,213.58,427.14,1,W,5,N
229,213.62,427.44,1,W,5,N
231,232.28,427.74,1,W,5,N
348,227.84,428.04,1,E,5,N
465,328.90,430.67,3,W,5,N
497,342.01,430.97,3,E,5,N
466,333.84,430.97,3,W,5,N
498,358.60,431.27,3,E,5,N
499,365.45,431.57,3,E,5,N
500,366.71,431.87,3,E,5,N
77,321.00,438.57,1,S,3,E
243,320.61,441.57,1,W,3,W
257,362.93,445.77,1,W,3,E
258,364.45,446.07,1,W,3,E
467,388.01,449.78,3,W,5,N
581,377.46,466.04,5,W,5,N
582,394.22,466.34,5,W,5,N
583,394.97,466.64,5,W,5,N
584,397.29,466.94,5,W,5,N
585,397.83,467.24,5,W,5,N
586,408.05,467.54,5,W,5,N
587,408.18,467.84,5,W,5,N
588,417.58,468.14,5,W,5,N
589,425.42,468.44,5,W,5,N
590,427.96,468.74,5,W,5,N
591,428.91,469.04,5,W,5,N
592,430.41,469.34,5,W,5,N
593,443.35,469.64,5,W,5,N
594,443.99,469.94,5,W,5,N
595,445.81,470.24,5,W,5,N
596,447.62,470.54,5,W,5,N
597,448.40,470.84,5,W,5,N
598,449.89,471.14,5,W,5,N
599,450.96,471.44,5,W,5,N
600,452.78,471.74,5,W,5,N
601,454.52,472.04,5,W,5,N
670,402.40,480.04,5,E,5,N
671,405.30,480.34,5,E,5,N
672,406.13,480.64,5,E,5,N
673,416.89,480.94,5,E,5,N
674,426.70,481.24,5,E,5,N
675,436.72,481.54,5,E,5,N
676,462.64,481.84,5,E,5,N
677,466.97,482.14,5,E,5,N
678,484.59,490.73,5,E,5,N
496,310.11,499.80,3,E,5,W
51,270.33,500.10,1,S,5,W
52,271.46,500.40,1,S,5,W
55,284.86,500.70,1,S,5,W
56,286.00,501.00,1,S,5,W
58,288.53,501.30,1,S,5,W
59,290.44,501.60,1,S,5,W
62,292.09,501.90,1,S,5,W
64,295.72,502.20,1,S,5,W
81,401.43,502.30,1,S,1,W
68,302.92,502.50,1,S,5,W
86,437.93,502.60,1,S,1,W
262,408.51,502.60,1,W,2,E
410,322.22,502.80,2,W,5,W
91,448.89,502.90,1,S,1,W
72,310.31,503.10,1,S,5,W
93,451.36,503.20,1,S,1,W
76,319.80,503.40,1,S,5,W
96,453.71,503.50,1,S,1,W
236,273.49,503.70,1,W,5,W
98,454.71,503.80,1,S,1,W
364,401.66,503.80,1,E,2,W
238,285.51,504.00,1,W,5,W
99,455.65,504.10,1,S,1,W
240,309.08,504.30,1,W,5,W
106,460.08,504.40,1,S,1,W
241,312.23,504.60,1,W,5,W
107,460.89,504.70,1,S,1,W
242,319.59,504.90,1,W,5,W
368,464.88,505.00,1,E,2,W
244,322.18,505.20,1,W,5,W
369,475.71,505.30,1,E,2,W
245,323.90,505.50,1,W,5,W
249,330.72,505.80,1,W,5,W
250,342.21,506.10,1,W,5,W
251,343.14,506.40,1,W,5,W
254,354.20,506.70,1,W,5,W
255,360.72,507.00,1,W,5,W
361,388.99,507.30,1,E,5,W
411,410.80,512.97,2,W,3,E
74,313.66,519.10,1,S,5,E
116,504.30,521.10,1,S,1,E
53,273.32,521.94,1,S,5,N
54,280.92,522.24,1,S,5,N
57,287.85,522.54,1,S,5,N
61,290.66,522.84,1,S,5,N
66,300.77,523.14,1,S,5,N
67,301.52,523.44,1,S,5,N
356,331.05,523.60,1,E,5,E
441,308.06,523.74,2,E,5,N
409,310.46,524.04,2,W,5,N
442,335.31,524.34,2,E,5,N
443,381.82,524.64,2,E,5,N
70,310.06,524.94,1,S,5,N
75,313.95,525.54,1,S,5,N
78,321.41,525.84,1,S,5,N
235,266.80,526.14,1,W,5,N
237,273.81,526.44,1,W,5,N
239,289.24,526.74,1,W,5,N
246,325.60,527.04,1,W,5,N
247,327.38,527.34,1,W,5,N
248,329.37,527.64,1,W,5,N
252,344.98,527.94,1,W,5,N
253,352.24,528.24,1,W,5,N
256,361.98,528.54,1,W,5,N
353,303.78,528.84,1,E,5,N
354,325.69,529.14,1,E,5,N
355,327.50,529.44,1,E,5,N
357,335.01,530.04,1,E,5,N
358,381.43,530.34,1,E,5,N
359,384.18,530.64,1,E,5,N
360,385.72,530.94,1,E,5,N
362,397.57,531.24,1,E,5,N
363,399.85,531.54,1,E,5,N
501,422.38,531.84,3,E,5,N
502,473.40,535.17,3,E,5,N
90,448.20,541.82,1,S,2,W
469,483.02,544.79,3,W,5,N
602,495.64,565.94,5,W,5,N
603,528.91,566.24,5,W,5,N
604,528.98,566.54,5,W,5,N
605,531.39,566.84,5,W,5,N
606,533.68,567.14,5,W,5,N
607,536.22,567.44,5,W,5,N
608,546.31,567.74,5,W,5,N
609,556.87,568.04,5,W,5,N
610,559.76,568.34,5,W,5,N
611,567.41,573.54,5,W,5,N
679,513.83,579.94,5,E,5,N
680,527.17,580.24,5,E,5,N
681,568.38,580.54,5,E,5,N
682,568.80,580.84,5,E,5,N
683,569.01,581.14,5,E,5,N
468,457.34,599.70,3,W,5,W
503,475.35,600.00,3,E,5,W
82,402.09,600.30,1,S,5,W
445,468.42,600.60,2,E,5,W
97,454.43,600.90,1,S,3,E
414,449.70,600.90,2,W,5,W
85,407.16,601.20,1,S,5,W
261,406.31,601.50,1,W,5,W
264,452.50,601.80,1,W,5,W
112,466.45,601.80,1,S,2,E
105,458.99,602.70,1,S,3,W
114,499.78,602.70,1,S,1,W
121,553.29,603.00,1,S,1,W
684,597.47,603.60,5,E,5,N
276,522.09,605.70,1,W,2,W
418,542.59,613.67,2,W,3,W
120,552.56,616.40,1,S,1,E
87,438.10,618.10,1,S,5,E
263,428.73,619.00,1,W,5,E
80,363.48,621.84,1,S,5,N
83,404.60,622.14,1,S,5,N
444,425.55,622.44,2,E,5,N
412,423.84,622.74,2,W,5,N
413,438.60,623.04,2,W,5,N
415,471.04,623.34,2,W,5,N
446,483.62,623.64,2,E,5,N
84,405.55,623.94,1,S,5,N
471,513.82,624.43,3,W,5,E
259,387.10,624.54,1,W,5,N
260,402.92,624.84,1,W,5,N
265,466.39,625.44,1,W,5,N
365,404.13,625.74,1,E,5,N
366,430.22,626.04,1,E,5,N
367,432.80,626.34,1,E,5,N
370,478.10,626.64,1,E,5,N
371,488.47,626.94,1,E,5,N
373,496.80,627.24,1,E,5,N
374,498.97,627.54,1,E,5,N
470,510.61,630.27,3,W,5,N
504,523.96,630.27,3,E,5,N
505,567.66,630.57,3,E,5,N
472,533.21,630.87,3,W,5,N
449,594.94,631.01,2,E,3,W
132,619.45,633.59,1,S,1,E
612,576.34,665.84,5,W,5,N
613,577.30,666.14,5,W,5,N
614,586.85,666.44,5,W,5,N
615,588.60,666.74,5,W,5,N
616,598.63,667.04,5,W,5,N
617,600.58,667.34,5,W,5,N
618,622.03,667.64,5,W,5,N
619,623.80,667.94,5,W,5,N
620,624.88,668.24,5,W,5,N
621,631.88,668.54,5,W,5,N
622,647.26,668.84,5,W,5,N
623,648.80,669.14,5,W,5,N
624,659.12,669.44,5,W,5,N
625,659.93,669.74,5,W,5,N
626,661.17,670.04,5,W,5,N
685,604.90,679.84,5,E,5,N
686,620.01,680.14,5,E,5,N
687,670.57,680.44,5,E,5,N
688,671.54,680.74,5,E,5,N
689,681.22,687.35,5,E,5,N
690,681.77,687.90,5,E,5,N
691,689.82,695.96,5,E,5,N
117,548.20,698.90,1,S,3,W
372,494.05,699.60,1,E,5,W
89,446.86,699.90,1,S,5,W
104,458.93,700.20,1,S,5,W
416,507.55,700.50,2,W,5,W
448,545.37,700.80,2,E,5,W
111,465.52,701.10,1,S,5,W
115,501.07,701.40,1,S,5,W
267,468.37,701.70,1,W,5,W
268,479.14,702.00,1,W,5,W
271,502.17,702.30,1,W,5,W
272,503.65,702.60,1,W,5,W
277,544.89,702.90,1,W,5,W
135,626.25,703.10,1,S,1,W
380,517.29,703.20,1,E,5,W
137,627.50,703.40,1,S,1,W
153,678.54,703.70,1,S,1,W
155,682.91,704.00,1,S,1,W
280,580.37,705.80,1,W,2,W
164,691.68,705.82,1,S,1,W
384,652.99,709.40,1,E,2,W
421,639.96,713.17,2,W,3,E
94,452.81,716.50,1,S,5,E
152,677.78,718.30,1,S,1,E
420,554.46,719.50,2,W,5,E
375,501.08,721.74,1,E,5,N
88,438.95,722.04,1,S,5,N
92,449.97,722.34,1,S,5,N
95,453.14,722.94,1,S,5,N
100,456.07,723.24,1,S,5,N
101,456.18,723.54,1,S,5,N
102,458.20,723.84,1,S,5,N
103,458.87,724.14,1,S,5,N
108,461.56,724.44,1,S,5,N
447,532.98,724.74,2,E,5,N
417,521.17,725.04,2,W,5,N
419,552.88,725.34,2,W,5,N
109,461.78,725.94,1,S,5,N
110,464.15,726.24,1,S,5,N
113,498.26,726.54,1,S,5,N
266,467.93,726.84,1,W,5,N
269,480.31,727.14,1,W,5,N
270,499.66,727.44,1,W,5,N
273,505.51,727.74,1,W,5,N
274,505.77,728.04,1,W,5,N
275,522.03,728.34,1,W,5,N
278,558.65,728.64,1,W,5,N
376,503.72,728.94,1,E,5,N
377,508.00,729.24,1,E,5,N
378,513.59,729.54,1,E,5,N
379,514.65,729.84,1,E,5,N
381,521.05,730.14,1,E,5,N
382,563.07,730.44,1,E,5,N
473,602.26,730.74,3,W,5,N
508,622.04,731.04,3,E,5,N
475,621.58,731.34,3,W,5,N
166,722.99,737.12,1,S,1,E
128,616.72,737.67,1,S,3,E
288,650.02,744.27,1,W,3,W
627,680.74,765.74,5,W,5,N
628,682.16,766.04,5,W,5,N
629,683.66,766.34,5,W,5,N
630,685.22,766.64,5,W,5,N
631,700.51,766.94,5,W,5,N
632,708.25,767.24,5,W,5,N
633,711.16,767.54,5,W,5,N
634,739.56,767.84,5,W,5,N
635,740.90,768.14,5,W,5,N
636,743.72,768.44,5,W,5,N
637,745.04,768.74,5,W,5,N
692,707.46,779.74,5,E,5,N
693,708.89,780.04,5,E,5,N
694,714.17,780.34,5,E,5,N
695,719.24,780.64,5,E,5,N
696,737.29,780.94,5,E,5,N
697,742.39,781.24,5,E,5,N
506,612.89,799.50,3,E,5,W
474,620.09,799.80,3,W,5,W
507,614.72,800.10,3,E,5,W
509,623.52,800.40,3,E,5,W
476,647.08,800.70,3,W,5,W
151,677.20,800.80,1,S,3,W
510,643.14,801.00,3,E,5,W
511,683.07,801.30,3,E,5,W
118,550.22,801.60,1,S,5,W
124,588.34,801.90,1,S,5,W
451,656.11,802.20,2,E,5,W
130,617.74,802.50,1,S,5,W
138,628.70,802.80,1,S,5,W
143,634.82,803.10,1,S,5,W
283,591.81,803.40,1,W,5,W
167,724.67,803.50,1,S,1,W
285,617.69,803.70,1,W,5,W
169,731.93,803.80,1,S,1,W
287,634.37,804.00,1,W,5,W
171,738.07,804.10,1,S,1,W
172,738.65,804.40,1,S,1,W
173,739.06,804.70,1,S,1,W
177,749.86,805.00,1,S,1,W
181,788.38,805.30,1,S,1,W
182,789.70,805.60,1,S,1,W
302,746.24,807.10,1,W,2,W
125,590.79,816.40,1,S,5,E
140,632.18,820.30,1,S,5,E
119,550.68,821.64,1,S,5,N
122,554.47,821.94,1,S,5,N
123,558.34,822.24,1,S,5,N
450,630.54,822.84,2,E,5,N
290,666.50,823.00,1,W,5,E
422,652.23,823.14,2,W,5,N
423,679.22,823.44,2,W,5,N
452,698.73,823.74,2,E,5,N
126,614.06,824.04,1,S,5,N
127,615.76,824.34,1,S,5,N
129,616.86,824.64,1,S,5,N
131,617.77,824.94,1,S,5,N
133,619.80,825.24,1,S,5,N
134,620.84,825.54,1,S,5,N
136,626.55,825.84,1,S,5,N
139,630.49,826.14,1,S,5,N
141,633.07,826.74,1,S,5,N
142,633.55,827.04,1,S,5,N
279,577.66,827.34,1,W,5,N
281,589.86,827.64,1,W,5,N
282,591.14,827.94,1,W,5,N
284,598.65,828.24,1,W,5,N
429,792.39,828.47,2,W,3,W
286,619.54,828.54,1,W,5,N
289,664.28,828.84,1,W,5,N
383,622.35,829.44,1,E,5,N
385,675.82,829.74,1,E,5,N
513,743.85,830.17,3,E,5,N
514,763.15,830.47,3,E,5,N
479,770.37,832.14,3,W,5,N
161,687.92,838.07,1,S,3,E
301,722.23,842.87,1,W,3,E
178,751.48,843.32,1,S,2,W
305,749.98,844.07,1,W,3,E
515,782.51,844.28,3,E,5,N
387,706.99,844.97,1,E,3,E
389,752.84,845.57,1,E,3,E
638,774.39,865.64,5,W,5,N
639,783.13,865.94,5,W,5,N
640,798.31,866.24,5,W,5,N
641,800.17,866.54,5,W,5,N
642,800.52,866.84,5,W,5,N
643,803.49,867.14,5,W,5,N
644,811.43,867.44,5,W,5,N
645,813.89,867.74,5,W,5,N
646,833.55,868.04,5,W,5,N
647,860.38,868.34,5,W,5,N
698,816.30,879.64,5,E,5,N
699,823.80,879.94,5,E,5,N
700,827.01,880.24,5,E,5,N
701,827.13,880.54,5,E,5,N
702,831.84,880.84,5,E,5,N
703,854.56,881.14,5,E,5,N
704,876.73,882.86,5,E,5,N
705,882.10,888.24,5,E,5,N
706,887.04,893.18,5,E,5,N
512,732.06,899.40,3,E,5,W
477,701.41,899.70,3,W,5,W
478,766.83,900.00,3,W,5,W
480,789.01,900.30,3,W,5,W
144,669.96,900.60,1,S,5,W
148,674.18,900.90,1,S,5,W
149,674.62,901.20,1,S,5,W
157,683.89,901.50,1,S,5,W
424,716.81,901.80,2,W,5,W
425,754.69,902.10,2,W,5,W
426,767.88,902.40,2,W,5,W
159,687.56,902.70,1,S,5,W
162,690.30,903.00,1,S,5,W
163,691.25,903.30,1,S,5,W
291,667.55,903.60,1,W,5,W
299,716.59,903.90,1,W,5,W
184,821.34,903.90,1,S,1,W
386,704.62,904.20,1,E,5,W
186,824.20,904.20,1,S,1,W
196,867.81,904.50,1,S,1,W
198,869.12,904.80,1,S,1,W
199,869.61,905.10,1,S,1,W
319,830.24,905.70,1,W,2,W
321,856.02,906.30,1,W,2,W
189,861.37,917.00,1,S,1,E
427,778.50,917.80,2,W,5,E
158,684.83,918.70,1,S,5,E
457,884.81,920.88,2,E,3,W
145,670.24,921.54,1,S,5,N
146,672.01,921.84,1,S,5,N
147,672.69,922.14,1,S,5,N
150,676.11,922.44,1,S,5,N
154,682.18,922.74,1,S,5,N
156,683.60,923.04,1,S,5,N
453,733.18,923.34,2,E,5,N
454,766.76,923.64,2,E,5,N
391,778.69,924.10,1,E,5,E
428,787.70,924.24,2,W,5,N
455,787.80,924.54,2,E,5,N
160,687.70,925.14,1,S,5,N
165,692.86,925.44,1,S,5,N
168,730.35,925.74,1,S,5,N
170,732.26,926.04,1,S,5,N
292,668.76,926.34,1,W,5,N
293,672.46,926.64,1,W,5,N
294,674.13,926.94,1,W,5,N
295,674.75,927.24,1,W,5,N
296,677.87,927.54,1,W,5,N
297,699.05,927.84,1,W,5,N
298,700.94,928.14,1,W,5,N
300,718.92,928.44,1,W,5,N
303,747.58,928.74,1,W,5,N
304,749.40,929.04,1,W,5,N
306,751.15,929.34,1,W,5,N
388,710.13,929.64,1,E,5,N
390,768.83,929.94,1,E,5,N
517,824.46,930.54,3,E,5,N
482,860.33,930.84,3,W,5,N
519,859.80,931.14,3,E,5,N
520,861.37,931.44,3,E,5,N
522,864.95,931.47,3,E,5,N
187,824.30,937.87,1,S,3,E
395,850.30,944.17,1,E,3,W
648,899.43,965.54,5,W,5,N
707,899.51,979.54,5,E,5,N
481,844.70,999.30,3,W,5,W
516,819.08,999.60,3,E,5,W
518,825.72,999.90,3,E,5,W
521,863.16,1000.20,3,E,5,W
174,741.14,1000.50,1,S,5,W
180,787.39,1000.80,1,S,5,W
431,833.89,1001.10,2,W,5,W
309,772.82,1001.40,1,W,5,W
311,775.85,1001.70,1,W,5,W
316,826.58,1002.00,1,W,5,W
322,856.96,1002.30,1,W,5,W
328,897.15,1002.50,1,W,2,W
323,857.95,1002.60,1,W,5,W
393,830.74,1002.90,1,E,5,W
396,851.73,1003.20,1,E,5,W
456,835.04,1016.20,2,E,5,E
175,746.19,1021.44,1,S,5,N
176,748.15,1021.74,1,S,5,N
179,787.14,1022.04,1,S,5,N
430,821.87,1022.64,2,W,5,N
432,848.84,1022.94,2,W,5,N
183,820.23,1023.24,1,S,5,N
185,823.04,1023.54,1,S,5,N
307,767.94,1023.84,1,W,5,N
308,771.20,1024.14,1,W,5,N
310,774.24,1024.44,1,W,5,N
312,784.22,1024.74,1,W,5,N
313,806.13,1025.04,1,W,5,N
314,815.77,1025.34,1,W,5,N
315,824.92,1025.64,1,W,5,N
317,828.13,1025.94,1,W,5,N
318,829.97,1026.24,1,W,5,N
320,833.39,1026.54,1,W,5,N
392,827.84,1026.84,1,E,5,N
394,848.62,1027.14,1,E,5,N
397,878.10,1027.44,1,E,5,N
398,880.91,1027.74,1,E,5,N
399,883.53,1028.04,1,E,5,N
188,859.86,1099.20,1,S,5,W
192,863.84,1099.50,1,S,5,W
194,865.24,1099.80,1,S,5,W
197,868.92,1100.10,1,S,5,W
327,895.53,1100.40,1,W,5,W
326,892.31,1117.30,1,W,5,E
190,862.31,1121.34,1,S,5,N
191,863.54,1121.64,1,S,5,N
193,864.71,1121.94,1,S,5,N
195,866.87,1122.24,1,S,5,N
200,871.49,1122.54,1,S,5,N
324,872.15,1122.84,1,W,5,N
325,873.23,1123.14,1,W,5,N