id,enter_time,exit_time,entrance_intersection,entrance_direction,exit_intersection,exit_direction
500,10.49,66.44,5,W,5,N
501,11.79,66.74,5,W,5,N
502,33.11,67.04,5,W,5,N
503,36.02,67.34,5,W,5,N
504,50.61,67.64,5,W,5,N
505,52.41,67.94,5,W,5,N
506,53.59,68.24,5,W,5,N
507,55.29,68.54,5,W,5,N
508,56.65,68.84,5,W,5,N
509,56.72,69.14,5,W,5,N
510,58.17,69.44,5,W,5,N
511,58.23,69.74,5,W,5,N
637,5.89,80.44,5,E,5,N
638,76.85,82.98,5,E,5,N
2,6.66,100.40,1,S,2,W
10,49.24,100.70,1,S,1,W
11,50.17,101.00,1,S,1,W
13,78.44,101.30,1,S,1,W
20,85.99,101.60,1,S,1,W
7,18.66,101.90,1,S,2,W
432,37.69,125.43,3,W,5,E
431,19.44,131.27,3,W,5,N
24,118.98,133.11,1,S,1,E
174,6.62,139.17,1,W,3,E
19,85.30,141.42,1,S,2,W
312,78.05,142.47,1,E,3,W
459,81.11,142.88,3,E,5,N
460,86.71,148.48,3,E,5,N
461,97.08,158.85,3,E,5,N
512,95.68,166.34,5,W,5,N
513,120.11,166.64,5,W,5,N
514,120.66,166.94,5,W,5,N
515,122.02,167.24,5,W,5,N
516,129.62,167.54,5,W,5,N
517,132.07,167.84,5,W,5,N
518,134.66,168.14,5,W,5,N
519,144.95,168.44,5,W,5,N
520,146.27,168.74,5,W,5,N
521,147.10,169.04,5,W,5,N
522,154.45,169.34,5,W,5,N
523,160.39,169.64,5,W,5,N
639,126.71,180.34,5,E,5,N
640,126.93,180.64,5,E,5,N
641,192.82,198.95,5,E,5,N
458,41.24,200.10,3,E,5,W
433,42.89,200.40,3,W,5,W
434,57.48,200.70,3,W,5,W
372,86.95,201.00,2,W,5,W
37,170.89,201.10,1,S,1,W
5,12.33,201.30,1,S,5,W
39,179.93,201.40,1,S,1,W
9,21.94,201.60,1,S,5,W
176,25.69,201.90,1,W,5,W
307,27.51,202.20,1,E,5,W
313,79.94,202.50,1,E,5,W
183,82.99,202.90,1,W,2,E
319,141.30,207.40,1,E,2,W
36,170.41,216.60,1,S,1,E
8,20.72,218.80,1,S,5,E
462,98.93,222.24,3,E,5,N
0,2.30,222.54,1,S,5,N
1,3.93,222.84,1,S,5,N
406,47.35,223.14,2,E,5,N
407,65.76,223.44,2,E,5,N
373,97.16,223.74,2,W,5,N
3,7.78,224.04,1,S,5,N
4,8.86,224.34,1,S,5,N
6,18.06,224.64,1,S,5,N
411,188.86,224.93,2,E,3,W
463,109.89,224.93,3,E,5,E
173,1.14,225.24,1,W,5,N
175,15.27,225.54,1,W,5,N
466,167.21,225.83,3,E,5,E
177,38.99,225.84,1,W,5,N
178,61.43,226.14,1,W,5,N
179,64.77,226.44,1,W,5,N
308,28.62,226.74,1,E,5,N
309,66.04,227.04,1,E,5,N
310,68.97,227.34,1,E,5,N
311,74.23,227.64,1,E,5,N
314,100.25,227.94,1,E,5,N
436,131.52,231.37,3,W,5,N
464,124.01,231.37,3,E,5,N
28,160.98,240.32,1,S,2,W
53,227.38,241.52,1,S,1,E
193,150.98,241.97,1,W,3,W
44,187.85,244.52,1,S,2,W
437,191.85,253.62,3,W,5,N
524,194.58,266.24,5,W,5,N
525,196.54,266.54,5,W,5,N
526,203.06,266.84,5,W,5,N
527,236.87,267.14,5,W,5,N
528,239.27,267.44,5,W,5,N
529,240.80,267.74,5,W,5,N
530,241.85,268.04,5,W,5,N
531,264.62,270.75,5,W,5,N
532,265.71,271.85,5,W,5,N
642,236.35,280.24,5,E,5,N
643,236.70,280.54,5,E,5,N
644,289.19,295.33,5,E,5,N
435,118.74,300.00,3,W,5,W
465,165.64,300.30,3,E,5,W
16,81.44,300.60,1,S,5,W
374,122.11,300.90,2,W,5,W
375,132.69,301.20,2,W,5,W
47,220.47,301.50,1,S,1,W
25,119.83,301.50,1,S,5,W
48,220.68,301.80,1,S,1,W
182,81.41,301.80,1,W,5,W
49,221.84,302.10,1,S,1,W
184,83.97,302.10,1,W,5,W
51,224.32,302.40,1,S,1,W
188,124.58,302.40,1,W,5,W
41,183.05,302.70,1,S,3,W
190,126.80,302.70,1,W,5,W
42,184.51,303.00,1,S,3,W
315,103.22,303.00,1,E,5,W
317,139.36,303.30,1,E,5,W
318,141.04,303.60,1,E,5,W
204,248.20,304.80,1,W,2,W
327,201.78,306.30,1,E,2,W
57,297.63,311.76,1,S,1,W
12,76.02,316.00,1,S,5,E
316,113.27,322.00,1,E,5,E
14,80.12,322.44,1,S,5,N
15,80.96,322.74,1,S,5,N
17,83.84,323.04,1,S,5,N
18,84.23,323.34,1,S,5,N
408,114.01,323.64,2,E,5,N
409,133.02,323.94,2,E,5,N
410,145.03,324.24,2,E,5,N
21,115.62,324.54,1,S,5,N
22,117.48,324.84,1,S,5,N
23,118.57,325.14,1,S,5,N
26,121.28,325.44,1,S,5,N
180,78.63,325.74,1,W,5,N
181,80.41,326.04,1,W,5,N
185,106.35,326.34,1,W,5,N
186,107.50,326.64,1,W,5,N
187,109.34,326.94,1,W,5,N
189,125.51,327.24,1,W,5,N
191,146.50,327.54,1,W,5,N
69,313.55,327.69,1,S,1,E
192,147.97,327.84,1,W,5,N
320,149.64,328.44,1,E,5,N
321,157.69,328.74,1,E,5,N
322,164.19,329.04,1,E,5,N
323,169.70,329.34,1,E,5,N
324,170.11,329.64,1,E,5,N
325,196.16,329.94,1,E,5,N
438,248.88,330.87,3,W,5,N
467,223.17,330.87,3,E,5,N
469,282.64,338.28,3,E,5,E
55,294.44,340.72,1,S,2,W
207,264.47,341.77,1,W,3,W
61,302.76,343.01,1,S,2,W
470,283.82,345.59,3,E,5,N
533,279.05,366.14,5,W,5,N
534,280.59,366.44,5,W,5,N
535,293.72,366.74,5,W,5,N
536,296.43,367.04,5,W,5,N
537,325.98,367.34,5,W,5,N
538,335.34,367.64,5,W,5,N
539,336.88,367.94,5,W,5,N
540,344.65,368.24,5,W,5,N
541,353.05,368.54,5,W,5,N
542,354.86,368.84,5,W,5,N
645,306.18,380.14,5,E,5,N
646,314.98,380.44,5,E,5,N
647,356.40,380.74,5,E,5,N
648,363.72,381.04,5,E,5,N
649,368.95,381.34,5,E,5,N
468,224.97,399.90,3,E,5,W
38,178.83,400.20,1,S,5,W
40,181.44,400.50,1,S,5,W
412,231.44,400.80,2,E,5,W
413,255.65,401.10,2,E,5,W
378,242.78,401.40,2,W,5,W
45,219.68,401.70,1,S,5,W
650,395.62,401.76,5,E,5,N
59,299.19,401.90,1,S,1,W
195,179.38,402.00,1,W,5,W
60,301.97,402.20,1,S,1,W
198,204.09,402.30,1,W,5,W
62,304.68,402.50,1,S,1,W
200,208.52,402.60,1,W,5,W
73,355.82,402.80,1,S,1,W
203,232.97,402.90,1,W,5,W
206,263.29,403.20,1,W,5,W
328,221.72,403.50,1,E,5,W
332,260.10,403.80,1,E,5,W
417,376.07,413.47,2,E,3,W
33,166.76,417.40,1,S,5,E
27,159.94,422.04,1,S,5,N
29,163.64,422.34,1,S,5,N
30,164.38,422.64,1,S,5,N
31,165.71,422.94,1,S,5,N
32,166.70,423.24,1,S,5,N
34,168.50,423.84,1,S,5,N
334,300.15,424.00,1,E,5,E
35,169.07,424.14,1,S,5,N
43,186.09,424.44,1,S,5,N
376,212.08,424.74,2,W,5,N
377,214.45,425.04,2,W,5,N
414,285.23,425.34,2,E,5,N
46,219.69,425.64,1,S,5,N
50,222.51,425.94,1,S,5,N
52,225.73,426.24,1,S,5,N
194,170.25,426.54,1,W,5,N
196,202.38,426.84,1,W,5,N
197,202.65,427.14,1,W,5,N
199,204.53,427.44,1,W,5,N
201,209.78,427.74,1,W,5,N
202,230.30,428.04,1,W,5,N
205,248.22,428.34,1,W,5,N
326,201.55,428.64,1,E,5,N
329,235.86,428.94,1,E,5,N
330,236.98,429.24,1,E,5,N
331,255.21,429.54,1,E,5,N
333,267.39,429.84,1,E,5,N
471,299.41,430.67,3,E,5,N
473,343.71,431.27,3,E,5,N
64,307.63,437.07,1,S,3,W
71,316.46,438.87,1,S,3,E
214,327.63,440.97,1,W,3,W
79,365.91,442.62,1,S,2,W
474,383.40,445.17,3,E,5,N
440,388.94,450.71,3,W,5,N
543,383.21,466.04,5,W,5,N
544,385.04,466.34,5,W,5,N
545,393.20,466.64,5,W,5,N
546,394.81,466.94,5,W,5,N
547,396.23,467.24,5,W,5,N
548,396.99,467.54,5,W,5,N
549,398.54,467.84,5,W,5,N
550,399.74,468.14,5,W,5,N
551,401.07,468.44,5,W,5,N
552,428.41,468.74,5,W,5,N
553,431.15,469.04,5,W,5,N
554,432.23,469.34,5,W,5,N
555,433.60,469.64,5,W,5,N
556,435.01,469.94,5,W,5,N
557,445.64,470.24,5,W,5,N
558,452.55,470.54,5,W,5,N
559,453.82,470.84,5,W,5,N
560,464.67,471.14,5,W,5,N
561,470.80,476.94,5,W,5,N
562,471.96,478.10,5,W,5,N
651,448.06,480.04,5,E,5,N
652,449.74,480.34,5,E,5,N
653,465.40,480.64,5,E,5,N
654,467.34,480.94,5,E,5,N
655,485.60,491.74,5,E,5,N
656,492.93,499.07,5,E,5,N
439,314.01,499.80,3,W,5,W
472,335.81,500.10,3,E,5,W
76,362.77,500.20,1,S,3,E
54,260.65,500.40,1,S,5,W
416,351.86,500.70,2,E,5,W
380,356.23,501.00,2,W,5,W
383,397.79,501.30,2,W,5,W
66,310.25,501.60,1,S,5,W
68,311.60,501.90,1,S,5,W
208,271.45,502.20,1,W,5,W
80,399.66,502.30,1,S,1,W
213,310.70,502.50,1,W,5,W
87,477.10,502.60,1,S,1,W
216,329.80,502.80,1,W,5,W
95,486.08,502.90,1,S,1,W
220,359.76,503.10,1,W,5,W
234,440.47,505.00,1,W,2,W
235,442.02,505.30,1,W,2,W
419,443.08,513.27,2,E,3,E
91,481.48,517.20,1,S,1,E
56,296.25,521.94,1,S,5,N
58,299.04,522.24,1,S,5,N
415,305.26,522.54,2,E,5,N
379,330.75,522.84,2,W,5,N
381,369.85,523.14,2,W,5,N
382,377.24,523.44,2,W,5,N
63,305.78,523.74,1,S,5,N
65,308.27,524.04,1,S,5,N
67,311.24,524.34,1,S,5,N
70,316.28,524.64,1,S,5,N
209,280.40,524.94,1,W,5,N
210,281.67,525.24,1,W,5,N
211,302.51,525.54,1,W,5,N
212,304.00,525.84,1,W,5,N
215,327.98,526.14,1,W,5,N
217,330.84,526.44,1,W,5,N
218,356.29,526.74,1,W,5,N
219,358.23,527.04,1,W,5,N
335,361.38,527.34,1,E,5,N
336,370.87,527.64,1,E,5,N
346,501.68,527.79,1,E,2,E
337,400.72,527.94,1,E,5,N
475,433.63,530.47,3,E,5,N
441,444.70,530.47,3,W,5,N
476,465.66,530.77,3,E,5,N
226,394.40,538.67,1,W,3,W
477,477.03,538.80,3,E,5,N
478,483.30,538.94,3,E,5,E
231,414.78,540.17,1,W,3,W
86,475.74,542.12,1,S,2,W
88,477.69,542.42,1,S,2,W
106,538.92,553.05,1,S,1,E
563,473.67,565.94,5,W,5,N
564,487.25,566.24,5,W,5,N
565,487.76,566.54,5,W,5,N
566,492.79,566.84,5,W,5,N
567,493.96,567.14,5,W,5,N
568,496.66,567.44,5,W,5,N
569,499.11,567.74,5,W,5,N
570,503.70,568.04,5,W,5,N
571,518.04,568.34,5,W,5,N
572,518.58,568.64,5,W,5,N
573,553.64,568.94,5,W,5,N
574,554.41,569.24,5,W,5,N
575,555.54,569.54,5,W,5,N
576,555.60,569.84,5,W,5,N
577,557.36,570.14,5,W,5,N
657,500.28,579.94,5,E,5,N
658,501.40,580.24,5,E,5,N
659,502.68,580.54,5,E,5,N
660,521.11,580.84,5,E,5,N
661,521.94,581.14,5,E,5,N
662,590.58,596.72,5,E,5,N
77,362.78,599.70,1,S,5,W
385,462.21,600.00,2,W,5,W
420,453.11,600.30,2,E,5,W
221,373.48,600.60,1,W,5,W
222,374.52,600.90,1,W,5,W
223,375.15,601.20,1,W,5,W
225,377.45,601.50,1,W,5,W
228,403.79,601.80,1,W,5,W
663,595.91,602.05,5,E,5,N
98,493.15,602.10,1,S,3,W
236,450.40,602.10,1,W,5,W
338,427.47,602.40,1,E,5,W
664,596.29,602.42,5,E,5,N
339,472.39,602.70,1,E,5,W
105,537.43,602.70,1,S,1,W
113,577.71,603.00,1,S,1,W
114,578.88,603.30,1,S,1,W
116,581.90,603.60,1,S,1,W
117,582.98,603.90,1,S,1,W
118,584.05,604.20,1,S,1,W
243,507.62,604.50,1,W,2,W
119,584.60,617.60,1,S,1,E
479,497.75,621.84,3,E,5,N
72,355.14,622.14,1,S,5,N
74,357.71,622.44,1,S,5,N
75,359.69,622.74,1,S,5,N
78,364.09,623.04,1,S,5,N
81,401.57,623.34,1,S,5,N
418,402.11,623.64,2,E,5,N
384,434.44,623.94,2,W,5,N
421,499.95,624.24,2,E,5,N
481,538.70,624.43,3,E,5,E
82,436.24,624.54,1,S,5,N
224,376.38,624.84,1,W,5,N
445,533.97,625.03,3,W,5,E
227,396.18,625.14,1,W,5,N
446,561.77,625.33,3,W,5,E
229,409.46,625.44,1,W,5,N
230,411.23,625.74,1,W,5,N
232,423.88,626.04,1,W,5,N
233,425.22,626.34,1,W,5,N
340,475.26,626.64,1,E,5,N
341,480.96,626.94,1,E,5,N
342,484.41,627.24,1,E,5,N
356,601.39,627.51,1,E,2,W
343,486.71,627.54,1,E,5,N
344,488.71,627.84,1,E,5,N
345,498.93,628.14,1,E,5,N
480,499.68,630.27,3,E,5,N
442,506.83,630.27,3,W,5,N
443,530.95,630.57,3,W,5,N
444,532.84,630.87,3,W,5,N
482,554.51,630.87,3,E,5,N
447,562.32,631.77,3,W,5,N
103,535.34,638.17,1,S,3,W
237,469.84,638.77,1,W,3,E
448,577.16,638.93,3,W,5,N
449,579.52,641.29,3,W,5,N
347,507.77,642.37,1,E,3,W
484,581.02,642.79,3,E,5,N
450,596.10,657.87,3,W,5,N
578,574.22,665.84,5,W,5,N
579,576.27,666.14,5,W,5,N
580,579.25,666.44,5,W,5,N
581,593.87,666.74,5,W,5,N
582,595.68,667.04,5,W,5,N
583,597.99,667.34,5,W,5,N
584,599.71,667.64,5,W,5,N
585,607.00,667.94,5,W,5,N
586,608.77,668.24,5,W,5,N
587,622.58,668.54,5,W,5,N
588,625.40,668.84,5,W,5,N
589,632.78,669.14,5,W,5,N
590,634.04,669.44,5,W,5,N
591,634.12,669.74,5,W,5,N
592,644.60,670.04,5,W,5,N
593,651.87,670.34,5,W,5,N
594,652.03,670.64,5,W,5,N
595,653.78,670.94,5,W,5,N
596,655.00,671.24,5,W,5,N
597,667.76,673.90,5,W,5,N
598,668.30,674.44,5,W,5,N
599,668.35,674.49,5,W,5,N
600,672.38,678.52,5,W,5,N
665,601.60,679.84,5,E,5,N
666,668.27,680.14,5,E,5,N
483,568.49,699.60,3,E,5,W
485,582.22,699.90,3,E,5,W
85,475.62,700.20,1,S,5,W
93,483.30,700.50,1,S,5,W
422,543.48,700.80,2,E,5,W
122,634.95,701.00,1,S,2,W
248,566.64,701.10,1,W,5,W
348,513.14,701.40,1,E,5,W
354,563.53,701.70,1,E,5,W
129,643.68,703.10,1,S,1,W
131,647.51,703.40,1,S,1,W
132,649.20,703.70,1,S,1,W
133,686.67,704.00,1,S,1,W
134,686.81,704.30,1,S,1,W
135,688.30,704.60,1,S,1,W
259,608.17,705.20,1,W,2,W
261,619.27,705.80,1,W,2,W
262,621.44,706.10,1,W,2,E
264,633.17,706.70,1,W,2,E
273,655.46,709.40,1,W,2,W
360,671.55,711.20,1,E,2,W
97,488.10,717.70,1,S,5,E
102,534.00,720.70,1,S,5,E
425,684.82,720.89,2,E,3,W
83,469.27,721.74,1,S,5,N
84,474.35,722.04,1,S,5,N
89,479.53,722.34,1,S,5,N
90,480.55,722.64,1,S,5,N
92,481.62,722.94,1,S,5,N
94,483.88,723.24,1,S,5,N
96,488.03,723.54,1,S,5,N
386,544.83,724.14,2,W,5,N
350,549.53,724.30,1,E,5,E
387,557.36,724.44,2,W,5,N
388,570.55,724.74,2,W,5,N
389,582.84,725.04,2,W,5,N
390,583.73,725.34,2,W,5,N
423,593.36,725.64,2,E,5,N
99,493.23,725.94,1,S,5,N
100,494.74,726.24,1,S,5,N
101,533.67,726.54,1,S,5,N
104,536.02,727.14,1,S,5,N
238,490.74,727.44,1,W,5,N
239,497.33,727.74,1,W,5,N
240,498.47,728.04,1,W,5,N
241,499.66,728.34,1,W,5,N
242,500.79,728.64,1,W,5,N
244,529.02,728.94,1,W,5,N
245,530.10,729.24,1,W,5,N
246,531.94,729.54,1,W,5,N
247,551.88,729.84,1,W,5,N
349,547.43,730.14,1,E,5,N
351,549.79,730.74,1,E,5,N
352,555.45,731.04,1,E,5,N
353,558.38,731.34,1,E,5,N
355,583.75,731.64,1,E,5,N
486,613.31,731.94,3,E,5,N
451,624.16,732.24,3,W,5,N
489,633.49,732.54,3,E,5,N
249,567.63,738.27,1,W,3,E
255,598.42,740.07,1,W,3,E
268,645.36,743.97,1,W,3,W
269,647.22,744.27,1,W,3,E
601,674.14,765.74,5,W,5,N
602,706.88,766.04,5,W,5,N
603,709.32,766.34,5,W,5,N
604,725.63,766.64,5,W,5,N
605,732.24,766.94,5,W,5,N
606,734.38,767.24,5,W,5,N
607,736.90,767.54,5,W,5,N
608,738.56,767.84,5,W,5,N
609,740.54,768.14,5,W,5,N
610,747.83,768.44,5,W,5,N
611,755.45,768.74,5,W,5,N
612,762.60,769.04,5,W,5,N
613,763.64,769.78,5,W,5,N
614,763.86,769.99,5,W,5,N
615,765.69,771.82,5,W,5,N
616,767.27,773.41,5,W,5,N
617,769.08,775.21,5,W,5,N
618,770.54,776.67,5,W,5,N
667,713.60,779.74,5,E,5,N
668,783.42,789.56,5,E,5,N
669,784.75,790.89,5,E,5,N
487,614.48,799.50,3,E,5,W
488,616.21,799.80,3,E,5,W
490,635.43,800.10,3,E,5,W
670,794.09,800.22,5,E,5,N
491,686.72,800.40,3,E,5,W
138,691.59,800.50,1,S,3,E
110,542.69,800.70,1,S,5,W
121,588.23,801.00,1,S,5,W
397,691.99,801.30,2,W,5,W
123,635.82,801.60,1,S,5,W
125,639.02,801.90,1,S,5,W
671,795.79,801.92,5,E,5,N
252,574.42,802.20,1,W,5,W
257,604.77,802.50,1,W,5,W
260,617.74,802.80,1,W,5,W
263,631.24,803.10,1,W,5,W
270,648.67,803.40,1,W,5,W
272,651.49,803.70,1,W,5,W
274,656.46,804.00,1,W,5,W
672,799.04,805.17,5,E,5,N
141,744.13,816.90,1,S,1,E
120,586.38,817.60,1,S,5,E
144,782.67,817.80,1,S,1,E
391,604.13,818.20,2,W,5,E
395,645.61,819.40,2,W,5,E
452,698.56,821.64,3,W,5,N
107,540.85,821.94,1,S,5,N
108,541.39,822.24,1,S,5,N
109,542.44,822.54,1,S,5,N
111,544.09,822.84,1,S,5,N
112,545.01,823.14,1,S,5,N
115,580.44,823.44,1,S,5,N
424,639.53,824.04,2,E,5,N
392,616.67,824.64,2,W,5,N
393,624.24,824.94,2,W,5,N
394,633.01,825.24,2,W,5,N
396,681.63,825.84,2,W,5,N
124,638.89,826.14,1,S,5,N
250,569.48,826.44,1,W,5,N
251,572.76,826.74,1,W,5,N
253,576.86,827.04,1,W,5,N
254,580.04,827.34,1,W,5,N
256,601.51,827.64,1,W,5,N
258,604.90,827.94,1,W,5,N
265,634.63,828.24,1,W,5,N
266,643.89,828.54,1,W,5,N
267,644.93,828.84,1,W,5,N
271,650.00,829.14,1,W,5,N
275,657.80,829.44,1,W,5,N
357,609.78,829.74,1,E,5,N
358,614.07,830.04,1,E,5,N
359,668.94,830.34,1,E,5,N
453,700.00,830.64,3,W,5,N
492,730.46,830.94,3,E,5,N
455,763.71,831.24,3,W,5,N
150,819.03,833.17,1,S,1,E
151,821.64,835.78,1,S,1,E
493,785.73,847.50,3,E,5,N
619,806.95,865.64,5,W,5,N
620,814.31,865.94,5,W,5,N
621,815.82,866.24,5,W,5,N
622,828.85,866.54,5,W,5,N
623,829.96,866.84,5,W,5,N
624,836.09,867.14,5,W,5,N
625,837.72,867.44,5,W,5,N
626,838.64,867.74,5,W,5,N
627,856.38,868.04,5,W,5,N
628,870.48,876.61,5,W,5,N
629,871.22,877.35,5,W,5,N
673,810.83,879.64,5,E,5,N
674,811.41,879.94,5,E,5,N
675,882.79,888.92,5,E,5,N
676,884.53,890.67,5,E,5,N
454,709.05,899.40,3,W,5,W
494,793.27,899.70,3,E,5,W
126,640.72,900.00,1,S,5,W
427,773.14,900.30,2,E,5,W
428,785.13,900.60,2,E,5,W
276,676.87,900.90,1,W,5,W
277,696.03,901.20,1,W,5,W
278,711.96,901.50,1,W,5,W
146,815.99,901.50,1,S,2,W
282,735.05,901.80,1,W,5,W
284,765.39,902.10,1,W,5,W
285,767.35,902.40,1,W,5,W
364,781.95,902.70,1,E,5,W
286,783.19,903.00,1,W,2,E
156,863.22,903.90,1,S,1,W
161,871.76,904.20,1,S,1,W
163,873.22,904.50,1,S,1,W
168,883.35,904.80,1,S,1,W
171,890.18,905.10,1,S,1,W
366,792.03,909.85,1,E,5,W
430,879.80,915.87,2,E,3,E
426,724.91,916.90,2,E,5,E
281,733.33,918.40,1,W,5,E
127,641.75,921.54,1,S,5,N
128,642.86,921.84,1,S,5,N
130,645.52,922.14,1,S,5,N
136,689.04,922.44,1,S,5,N
137,690.51,922.74,1,S,5,N
398,713.23,923.34,2,W,5,N
399,799.71,923.64,2,W,5,N
279,713.61,923.94,1,W,5,N
280,716.72,924.24,1,W,5,N
283,755.74,924.84,1,W,5,N
361,704.97,925.14,1,E,5,N
362,709.13,925.44,1,E,5,N
363,743.76,925.74,1,E,5,N
365,791.01,926.04,1,E,5,N
496,809.94,929.97,3,E,5,N
497,819.39,930.27,3,E,5,N
498,820.65,930.57,3,E,5,N
153,855.72,942.82,1,S,2,W
630,873.93,965.54,5,W,5,N
631,875.90,965.84,5,W,5,N
632,877.29,966.14,5,W,5,N
633,879.69,966.44,5,W,5,N
634,882.67,966.74,5,W,5,N
635,897.71,967.04,5,W,5,N
636,899.34,967.34,5,W,5,N
495,803.25,999.30,3,E,5,W
456,833.03,999.60,3,W,5,W
457,843.65,999.90,3,W,5,W
499,864.51,1000.20,3,E,5,W
139,740.05,1000.50,1,S,5,W
429,834.93,1000.80,2,E,5,W
405,884.28,1001.10,2,W,5,W
145,815.25,1001.40,1,S,5,W
148,816.76,1001.70,1,S,5,W
291,801.56,1002.00,1,W,5,W
292,803.53,1002.30,1,W,5,W
293,820.23,1002.60,1,W,5,W
296,843.75,1002.90,1,W,5,W
368,839.28,1003.20,1,E,5,W
370,843.61,1003.50,1,E,5,W
371,884.96,1003.80,1,E,5,W
143,781.90,1015.90,1,S,5,E
401,813.89,1016.50,2,W,5,E
300,853.98,1021.30,1,W,5,E
140,742.89,1021.44,1,S,5,N
142,779.95,1021.74,1,S,5,N
400,803.10,1022.34,2,W,5,N
402,824.89,1022.94,2,W,5,N
403,832.48,1023.24,2,W,5,N
404,846.29,1023.54,2,W,5,N
147,816.47,1023.84,1,S,5,N
149,818.51,1024.14,1,S,5,N
152,823.07,1024.44,1,S,5,N
287,784.98,1024.74,1,W,5,N
288,785.55,1025.04,1,W,5,N
289,787.08,1025.34,1,W,5,N
290,792.25,1025.64,1,W,5,N
294,825.70,1025.94,1,W,5,N
295,842.14,1026.24,1,W,5,N
297,844.29,1026.54,1,W,5,N
298,847.82,1026.84,1,W,5,N
299,851.81,1027.14,1,W,5,N
301,863.59,1027.74,1,W,5,N
367,830.59,1028.04,1,E,5,N
369,840.51,1028.34,1,E,5,N
170,889.94,1038.27,1,S,3,W
154,858.81,1099.20,1,S,5,W
155,860.41,1099.50,1,S,5,W
162,872.38,1099.80,1,S,5,W
166,876.07,1100.10,1,S,5,W
305,888.79,1100.40,1,W,5,W
306,898.02,1100.70,1,W,5,W
157,864.91,1115.20,1,S,5,E
165,875.25,1116.70,1,S,5,E
158,865.91,1121.64,1,S,5,N
159,867.14,1121.94,1,S,5,N
160,869.06,1122.24,1,S,5,N
164,873.48,1122.54,1,S,5,N
167,877.51,1123.14,1,S,5,N
169,889.12,1123.44,1,S,5,N
172,890.65,1123.74,1,S,5,N
302,877.19,1124.04,1,W,5,N
303,885.13,1124.34,1,W,5,N
304,887.04,1124.64,1,W,5,N