id,enter_time,exit_time,entrance_intersection,entrance_direction,exit_intersection,exit_direction
5,5.61,19.75,1,S,1,E
449,2.36,66.44,5,W,5,N
450,4.12,66.74,5,W,5,N
451,5.15,67.04,5,W,5,N
452,10.84,67.34,5,W,5,N
453,12.20,67.64,5,W,5,N
454,29.19,67.94,5,W,5,N
455,33.04,68.24,5,W,5,N
456,34.21,68.54,5,W,5,N
457,36.58,68.84,5,W,5,N
458,49.60,69.14,5,W,5,N
459,52.13,69.44,5,W,5,N
460,53.83,69.74,5,W,5,N
461,55.66,70.04,5,W,5,N
462,58.00,70.34,5,W,5,N
463,62.19,70.64,5,W,5,N
464,65.18,71.31,5,W,5,N
465,65.32,71.46,5,W,5,N
583,54.28,80.44,5,E,5,N
584,59.12,80.74,5,E,5,N
585,59.61,81.04,5,E,5,N
586,60.14,81.34,5,E,5,N
587,64.26,81.64,5,E,5,N
588,65.38,81.94,5,E,5,N
589,68.56,82.24,5,E,5,N
590,73.82,82.54,5,E,5,N
591,83.47,89.61,5,E,5,N
3,4.42,100.70,1,S,1,W
6,43.53,101.00,1,S,1,W
11,52.13,101.30,1,S,1,W
12,53.27,101.60,1,S,1,W
145,46.48,102.50,1,W,2,W
18,91.14,105.27,1,S,1,W
7,45.37,113.50,1,S,1,E
8,47.31,113.80,1,S,1,E
368,4.17,131.27,3,W,5,N
369,28.50,131.57,3,W,5,N
139,9.85,136.77,1,W,3,W
141,18.51,137.37,1,W,3,W
143,22.21,137.97,1,W,3,W
146,48.23,138.87,1,W,3,W
147,50.13,139.17,1,W,3,E
370,84.40,140.03,3,W,5,E
466,95.09,166.34,5,W,5,N
467,97.14,166.64,5,W,5,N
468,98.56,166.94,5,W,5,N
469,112.70,167.24,5,W,5,N
470,119.36,167.54,5,W,5,N
471,126.53,167.84,5,W,5,N
472,142.83,168.14,5,W,5,N
473,144.94,168.44,5,W,5,N
474,146.90,168.74,5,W,5,N
475,161.08,169.04,5,W,5,N
476,162.60,169.34,5,W,5,N
477,169.64,175.78,5,W,5,N
592,129.56,180.34,5,E,5,N
593,181.97,188.11,5,E,5,N
401,50.91,200.10,3,E,5,W
402,58.62,200.40,3,E,5,W
403,59.84,200.70,3,E,5,W
14,55.42,200.80,1,S,3,E
1,2.14,201.00,1,S,5,W
20,123.36,201.10,1,S,1,W
2,3.06,201.30,1,S,5,W
21,130.81,201.40,1,S,1,W
16,88.00,201.40,1,S,3,E
142,19.89,201.60,1,W,5,W
22,132.14,201.70,1,S,1,W
262,5.63,201.90,1,E,5,W
23,133.98,202.00,1,S,1,W
264,43.99,202.20,1,E,5,W
24,168.48,202.30,1,S,1,W
25,168.82,202.60,1,S,1,W
28,173.77,202.90,1,S,1,W
345,110.04,212.67,2,E,3,W
347,164.46,213.27,2,E,3,E
140,10.85,217.90,1,W,5,E
0,1.26,222.24,1,S,5,N
342,44.24,222.54,2,E,5,N
343,60.08,222.84,2,E,5,N
317,86.08,223.14,2,W,5,N
344,99.12,223.44,2,E,5,N
4,5.24,223.74,1,S,5,N
144,29.52,224.34,1,W,5,N
148,51.61,224.64,1,W,5,N
263,9.47,224.94,1,E,5,N
405,114.08,225.23,3,E,5,E
372,157.87,225.23,3,W,5,E
266,99.00,225.24,1,E,5,N
373,158.94,231.67,3,W,5,N
406,132.32,231.67,3,E,5,N
410,160.47,232.87,3,E,5,N
156,111.08,238.97,1,W,3,W
159,125.86,239.87,1,W,3,E
269,136.84,242.57,1,E,3,W
271,153.07,243.17,1,E,3,E
478,208.65,266.24,5,W,5,N
479,225.78,266.54,5,W,5,N
480,270.68,276.82,5,W,5,N
481,271.75,277.88,5,W,5,N
594,208.18,280.24,5,E,5,N
595,220.47,280.54,5,E,5,N
596,221.42,280.84,5,E,5,N
597,273.21,281.14,5,E,5,N
265,97.84,300.00,1,E,5,W
404,112.40,300.30,3,E,5,W
371,149.44,300.60,3,W,5,W
407,133.93,300.90,3,E,5,W
374,159.62,301.20,3,W,5,W
29,223.38,301.50,1,S,1,W
408,141.87,301.50,3,E,5,W
31,271.38,301.80,1,S,1,W
409,143.85,301.80,3,E,5,W
37,283.39,302.10,1,S,1,W
411,166.26,302.10,3,E,5,W
412,167.39,302.40,3,E,5,W
375,181.07,302.70,3,W,5,W
9,49.21,303.00,1,S,5,W
10,50.25,303.30,1,S,5,W
15,87.03,303.60,1,S,5,W
17,88.72,303.90,1,S,5,W
346,147.19,304.20,2,E,5,W
320,189.82,304.50,2,W,5,W
19,122.00,304.80,1,S,5,W
41,290.71,304.85,1,S,1,W
161,128.91,305.10,1,W,5,W
267,118.70,305.40,1,E,5,W
268,134.08,305.70,1,E,5,W
270,147.22,306.00,1,E,5,W
272,156.65,306.30,1,E,5,W
46,294.93,309.07,1,S,1,W
33,273.85,314.60,1,S,1,E
34,275.33,314.90,1,S,1,E
150,66.99,317.50,1,W,5,E
45,293.49,317.60,1,S,1,E
155,110.68,319.00,1,W,5,E
160,127.76,319.90,1,W,5,E
13,53.96,322.14,1,S,5,N
318,111.93,322.44,2,W,5,N
348,189.12,322.74,2,E,5,N
319,189.53,323.04,2,W,5,N
149,65.67,323.34,1,W,5,N
151,68.13,323.94,1,W,5,N
152,69.48,324.24,1,W,5,N
153,72.79,324.54,1,W,5,N
154,93.67,324.84,1,W,5,N
157,114.54,325.44,1,W,5,N
158,125.80,325.74,1,W,5,N
162,138.88,326.34,1,W,5,N
163,160.75,326.64,1,W,5,N
164,161.95,326.94,1,W,5,N
165,163.14,327.24,1,W,5,N
273,182.40,327.54,1,E,5,N
413,221.52,330.87,3,E,5,N
377,228.65,331.17,3,W,5,N
414,235.88,331.17,3,E,5,N
379,257.18,331.77,3,W,5,N
380,261.45,332.07,3,W,5,N
42,291.60,342.82,1,S,2,W
50,298.80,344.92,1,S,2,W
278,296.88,359.07,1,E,3,E
482,280.36,366.14,5,W,5,N
483,282.50,366.44,5,W,5,N
484,299.14,366.74,5,W,5,N
485,320.90,367.04,5,W,5,N
486,322.51,367.34,5,W,5,N
487,340.98,367.64,5,W,5,N
488,347.60,367.94,5,W,5,N
489,349.54,368.24,5,W,5,N
490,357.73,368.54,5,W,5,N
491,360.57,368.84,5,W,5,N
492,361.89,369.14,5,W,5,N
598,323.59,380.14,5,E,5,N
599,329.18,380.44,5,E,5,N
600,336.32,380.74,5,E,5,N
601,386.92,393.05,5,E,5,N
376,205.02,399.90,3,W,5,W
378,240.14,400.20,3,W,5,W
38,286.24,400.40,1,S,3,W
415,249.44,400.50,3,E,5,W
416,261.02,400.80,3,E,5,W
417,297.37,401.10,3,E,5,W
27,173.60,401.40,1,S,5,W
321,203.30,401.70,2,W,5,W
54,303.82,401.90,1,S,1,W
350,270.93,402.00,2,E,5,W
56,339.83,402.20,1,S,1,W
323,239.18,402.30,2,W,5,W
60,346.13,402.50,1,S,1,W
325,267.56,402.60,2,W,5,W
61,347.95,402.80,1,S,1,W
169,228.39,402.90,1,W,5,W
274,219.68,403.20,1,E,5,W
275,238.99,403.50,1,E,5,W
276,262.21,403.80,1,E,5,W
277,265.30,404.10,1,E,5,W
26,171.64,422.04,1,S,5,N
349,234.48,422.34,2,E,5,N
322,208.69,422.64,2,W,5,N
324,253.23,422.94,2,W,5,N
351,295.65,423.24,2,E,5,N
30,223.88,423.54,1,S,5,N
166,186.56,423.84,1,W,5,N
167,193.20,424.14,1,W,5,N
168,213.70,424.44,1,W,5,N
170,229.25,424.74,1,W,5,N
171,229.74,425.04,1,W,5,N
172,236.51,425.34,1,W,5,N
74,411.22,425.35,1,S,1,E
173,238.16,425.64,1,W,5,N
174,254.71,425.94,1,W,5,N
77,414.30,428.44,1,S,1,E
420,374.73,430.36,3,E,5,E
418,310.62,430.67,3,E,5,N
419,356.49,430.97,3,E,5,N
382,348.52,430.97,3,W,5,N
383,365.67,431.27,3,W,5,N
52,300.70,437.07,1,S,3,E
177,290.69,438.27,1,W,3,W
282,346.64,442.17,1,E,3,E
493,392.61,466.04,5,W,5,N
494,393.50,466.34,5,W,5,N
495,393.69,466.64,5,W,5,N
496,395.74,466.94,5,W,5,N
497,404.36,467.24,5,W,5,N
498,411.64,467.54,5,W,5,N
499,423.76,467.84,5,W,5,N
500,431.45,468.14,5,W,5,N
501,432.64,468.44,5,W,5,N
502,433.34,468.74,5,W,5,N
503,445.47,469.04,5,W,5,N
504,447.94,469.34,5,W,5,N
505,449.04,469.64,5,W,5,N
506,450.84,469.94,5,W,5,N
507,460.36,470.24,5,W,5,N
508,462.25,470.54,5,W,5,N
509,472.34,478.47,5,W,5,N
602,409.97,480.04,5,E,5,N
603,481.22,487.36,5,E,5,N
279,298.11,499.80,1,E,5,W
381,320.20,500.10,3,W,5,W
384,388.98,500.40,3,W,5,W
32,272.11,500.70,1,S,5,W
35,280.49,501.00,1,S,5,W
40,288.93,501.30,1,S,5,W
326,304.84,501.60,2,W,5,W
327,315.77,501.90,2,W,5,W
353,355.48,502.20,2,E,5,W
66,402.71,502.30,1,S,1,W
184,352.49,502.50,1,W,5,W
67,403.15,502.60,1,S,1,W
280,315.71,502.80,1,E,5,W
283,364.07,503.10,1,E,5,W
49,298.54,517.60,1,S,5,E
328,329.02,518.50,2,W,5,E
36,281.83,521.94,1,S,5,N
39,287.40,522.24,1,S,5,N
43,292.27,522.54,1,S,5,N
44,292.89,522.84,1,S,5,N
47,295.41,523.14,1,S,5,N
48,297.05,523.44,1,S,5,N
352,335.73,524.04,2,E,5,N
354,369.33,524.34,2,E,5,N
51,300.52,524.94,1,S,5,N
53,302.02,525.24,1,S,5,N
175,271.68,525.54,1,W,5,N
176,287.27,525.84,1,W,5,N
178,305.08,526.14,1,W,5,N
179,306.11,526.44,1,W,5,N
180,306.46,526.74,1,W,5,N
181,308.37,527.04,1,W,5,N
182,328.85,527.34,1,W,5,N
183,350.74,527.64,1,W,5,N
185,354.20,527.94,1,W,5,N
186,357.29,528.24,1,W,5,N
187,363.82,528.54,1,W,5,N
281,343.89,528.84,1,E,5,N
284,390.42,529.14,1,E,5,N
421,421.40,530.47,3,E,5,N
385,418.00,530.47,3,W,5,N
386,433.35,530.77,3,W,5,N
423,462.01,531.07,3,E,5,N
70,408.60,537.47,1,S,3,W
73,411.16,538.37,1,S,3,E
79,448.79,541.52,1,S,2,W
286,420.63,543.17,1,E,3,W
289,433.12,544.07,1,E,3,W
510,473.63,565.94,5,W,5,N
511,484.50,566.24,5,W,5,N
512,501.30,566.54,5,W,5,N
513,502.96,566.84,5,W,5,N
514,506.10,567.14,5,W,5,N
515,507.16,567.44,5,W,5,N
516,507.78,567.74,5,W,5,N
517,512.75,568.04,5,W,5,N
518,513.21,568.34,5,W,5,N
519,515.30,568.64,5,W,5,N
520,525.75,568.94,5,W,5,N
521,542.19,569.24,5,W,5,N
522,549.86,569.54,5,W,5,N
523,551.53,569.84,5,W,5,N
524,554.80,570.14,5,W,5,N
525,556.96,570.44,5,W,5,N
526,558.47,570.74,5,W,5,N
527,565.38,571.52,5,W,5,N
604,551.03,579.94,5,E,5,N
605,551.26,580.24,5,E,5,N
606,557.97,580.54,5,E,5,N
607,581.65,587.79,5,E,5,N
608,585.58,591.72,5,E,5,N
78,447.81,599.10,1,S,3,W
422,431.07,599.70,3,E,5,W
57,340.30,600.00,1,S,5,W
59,343.79,600.30,1,S,5,W
65,401.14,600.60,1,S,5,W
72,409.81,600.90,1,S,5,W
75,412.39,601.20,1,S,5,W
198,458.52,601.50,1,W,5,W
199,459.87,601.80,1,W,5,W
287,421.02,602.10,1,E,5,W
290,442.63,602.40,1,E,5,W
86,535.30,602.70,1,S,1,W
95,580.69,603.00,1,S,1,W
97,582.26,603.30,1,S,1,W
292,488.76,606.59,1,E,5,W
332,548.95,613.67,2,W,3,E
188,367.35,619.60,1,W,5,E
190,399.09,620.20,1,W,5,E
191,417.35,620.50,1,W,5,E
55,338.25,621.84,1,S,5,N
196,441.34,622.00,1,W,5,E
58,342.25,622.14,1,S,5,N
62,348.64,622.44,1,S,5,N
63,352.74,622.74,1,S,5,N
64,354.36,623.04,1,S,5,N
355,412.27,623.34,2,E,5,N
329,420.14,623.64,2,W,5,N
356,461.60,623.94,2,E,5,N
357,479.04,624.24,2,E,5,N
68,406.13,624.54,1,S,5,N
69,406.97,624.84,1,S,5,N
71,408.66,625.14,1,S,5,N
76,413.46,625.44,1,S,5,N
189,383.79,626.04,1,W,5,N
192,420.50,626.94,1,W,5,N
193,430.37,627.24,1,W,5,N
194,438.44,627.54,1,W,5,N
195,440.14,627.84,1,W,5,N
197,443.09,628.44,1,W,5,N
285,410.18,628.74,1,E,5,N
288,426.51,629.04,1,E,5,N
291,478.86,629.34,1,E,5,N
293,499.18,629.64,1,E,5,N
388,507.10,630.57,3,W,5,N
425,530.50,630.57,3,E,5,N
426,531.76,630.87,3,E,5,N
389,510.98,630.87,3,W,5,N
390,524.26,631.17,3,W,5,N
427,533.34,631.17,3,E,5,N
85,534.13,637.87,1,S,3,W
430,579.32,641.09,3,E,5,N
294,509.66,642.97,1,E,3,W
299,562.09,644.47,1,E,3,E
528,572.94,665.84,5,W,5,N
529,574.87,666.14,5,W,5,N
530,582.23,666.44,5,W,5,N
531,583.90,666.74,5,W,5,N
532,597.12,667.04,5,W,5,N
533,598.26,667.34,5,W,5,N
534,599.82,667.64,5,W,5,N
535,622.90,667.94,5,W,5,N
536,624.32,668.24,5,W,5,N
537,626.29,668.54,5,W,5,N
538,650.74,668.84,5,W,5,N
539,653.49,669.14,5,W,5,N
609,638.13,679.84,5,E,5,N
610,656.47,680.14,5,E,5,N
387,503.90,699.60,3,W,5,W
424,500.47,699.90,3,E,5,W
428,567.64,700.20,3,E,5,W
429,577.55,700.50,3,E,5,W
358,529.02,700.80,2,E,5,W
331,538.22,701.10,2,W,5,W
359,570.74,701.40,2,E,5,W
334,572.28,701.70,2,W,5,W
82,529.47,702.00,1,S,5,W
84,533.29,702.30,1,S,5,W
200,467.17,702.60,1,W,5,W
211,536.95,702.90,1,W,5,W
99,625.35,703.10,1,S,1,W
300,567.86,703.20,1,E,5,W
100,626.37,703.40,1,S,1,W
103,628.01,703.70,1,S,1,W
105,628.64,704.00,1,S,1,W
108,666.03,716.20,1,S,1,E
205,488.36,718.60,1,W,5,E
391,598.03,721.74,3,W,5,N
80,481.84,722.04,1,S,5,N
81,486.17,722.34,1,S,5,N
330,508.21,722.64,2,W,5,N
333,560.23,722.94,2,W,5,N
83,531.33,723.24,1,S,5,N
201,473.88,723.54,1,W,5,N
202,475.26,723.84,1,W,5,N
203,478.51,724.14,1,W,5,N
204,487.14,724.44,1,W,5,N
206,489.55,725.04,1,W,5,N
207,490.83,725.34,1,W,5,N
208,512.88,725.64,1,W,5,N
209,518.36,725.94,1,W,5,N
210,535.34,726.24,1,W,5,N
212,538.87,726.54,1,W,5,N
213,554.74,726.84,1,W,5,N
214,556.66,727.14,1,W,5,N
215,556.97,727.44,1,W,5,N
295,527.88,727.74,1,E,5,N
296,549.95,728.04,1,E,5,N
297,551.71,728.34,1,E,5,N
298,553.15,728.64,1,E,5,N
301,573.43,728.94,1,E,5,N
431,616.35,730.07,3,E,5,N
393,606.70,730.37,3,W,5,N
394,668.61,730.38,3,W,5,N
395,669.76,731.53,3,W,5,N
102,626.85,737.67,1,S,3,W
106,630.08,738.27,1,S,3,E
223,608.35,740.67,1,W,3,W
540,687.30,765.74,5,W,5,N
541,703.92,766.04,5,W,5,N
542,731.45,766.34,5,W,5,N
543,732.61,766.64,5,W,5,N
544,734.61,766.94,5,W,5,N
545,735.25,767.24,5,W,5,N
546,735.93,767.54,5,W,5,N
547,738.05,767.84,5,W,5,N
548,758.69,768.14,5,W,5,N
549,766.67,772.80,5,W,5,N
550,768.05,774.19,5,W,5,N
551,770.00,776.14,5,W,5,N
552,770.65,776.78,5,W,5,N
611,710.47,779.74,5,E,5,N
612,739.95,780.04,5,E,5,N
613,780.54,786.67,5,E,5,N
614,782.74,788.88,5,E,5,N
615,783.11,789.24,5,E,5,N
392,602.49,799.50,3,W,5,W
432,648.31,799.80,3,E,5,W
433,696.53,800.10,3,E,5,W
89,573.65,800.40,1,S,5,W
92,575.67,800.70,1,S,5,W
94,579.54,801.00,1,S,5,W
337,672.56,801.30,2,W,5,W
362,700.44,801.60,2,E,5,W
101,626.68,801.90,1,S,5,W
218,577.56,802.20,1,W,5,W
224,609.61,802.50,1,W,5,W
226,648.21,802.80,1,W,5,W
227,651.42,803.10,1,W,5,W
232,683.99,803.50,1,W,2,W
123,764.99,803.50,1,S,1,W
124,792.19,806.32,1,S,1,W
363,736.88,813.27,2,E,3,E
338,754.32,813.27,2,W,3,W
88,568.21,815.80,1,S,5,E
222,606.98,820.60,1,W,5,E
87,567.00,821.64,1,S,5,N
90,573.73,822.24,1,S,5,N
91,573.80,822.54,1,S,5,N
93,578.02,822.84,1,S,5,N
96,580.95,823.14,1,S,5,N
335,657.66,823.44,2,W,5,N
360,613.12,823.74,2,E,5,N
361,654.45,824.04,2,E,5,N
336,669.62,824.34,2,W,5,N
98,622.85,824.64,1,S,5,N
104,628.29,824.94,1,S,5,N
216,573.43,825.24,1,W,5,N
217,574.69,825.54,1,W,5,N
219,579.33,825.84,1,W,5,N
220,598.46,826.14,1,W,5,N
221,606.79,826.44,1,W,5,N
225,626.34,827.04,1,W,5,N
228,651.52,827.34,1,W,5,N
229,657.25,827.64,1,W,5,N
302,627.30,827.94,1,E,5,N
303,629.70,828.24,1,E,5,N
304,658.81,828.54,1,E,5,N
305,667.45,828.84,1,E,5,N
306,678.11,829.14,1,E,5,N
307,681.49,829.44,1,E,5,N
308,690.85,829.74,1,E,5,N
309,697.11,830.04,1,E,5,N
434,750.89,830.34,3,E,5,N
435,756.19,830.64,3,E,5,N
235,719.83,840.47,1,W,3,W
436,788.48,850.25,3,E,5,N
553,773.29,865.64,5,W,5,N
554,773.84,865.94,5,W,5,N
555,783.95,866.24,5,W,5,N
556,801.48,866.54,5,W,5,N
557,806.61,866.84,5,W,5,N
558,821.98,867.14,5,W,5,N
559,824.47,867.44,5,W,5,N
560,826.33,867.74,5,W,5,N
561,826.87,868.04,5,W,5,N
562,834.12,868.34,5,W,5,N
563,842.07,868.64,5,W,5,N
564,842.26,868.94,5,W,5,N
565,843.92,869.24,5,W,5,N
566,844.94,869.54,5,W,5,N
567,846.33,869.84,5,W,5,N
568,848.57,870.14,5,W,5,N
569,850.08,870.44,5,W,5,N
570,851.70,870.74,5,W,5,N
571,852.77,871.04,5,W,5,N
572,854.08,871.34,5,W,5,N
573,855.14,871.64,5,W,5,N
574,855.55,871.94,5,W,5,N
575,857.54,872.24,5,W,5,N
576,859.07,872.54,5,W,5,N
577,872.10,878.23,5,W,5,N
616,799.29,879.64,5,E,5,N
617,811.98,879.94,5,E,5,N
618,813.10,880.24,5,E,5,N
619,856.21,880.54,5,E,5,N
396,720.09,899.40,3,W,5,W
397,776.83,899.70,3,W,5,W
310,701.09,900.00,1,E,5,W
110,667.69,900.30,1,S,5,W
113,670.86,900.60,1,S,5,W
364,765.33,900.90,2,E,5,W
115,713.02,901.20,1,S,5,W
117,717.90,901.50,1,S,5,W
119,721.17,901.80,1,S,5,W
240,741.72,902.10,1,W,5,W
620,897.65,903.78,5,E,5,N
130,843.86,903.90,1,S,1,W
135,887.88,904.20,1,S,1,W
137,891.58,905.71,1,S,1,W
313,788.80,906.62,1,E,5,W
138,893.32,907.46,1,S,1,W
231,682.96,918.40,1,W,5,E
312,783.51,921.10,1,E,5,E
107,664.06,921.54,1,S,5,N
109,667.09,921.84,1,S,5,N
111,669.18,922.14,1,S,5,N
112,669.86,922.44,1,S,5,N
114,672.67,922.74,1,S,5,N
339,755.06,923.04,2,W,5,N
116,714.70,923.34,1,S,5,N
118,718.18,923.64,1,S,5,N
399,853.91,923.83,3,W,5,E
120,722.49,923.94,1,S,5,N
230,682.27,924.24,1,W,5,N
233,693.42,924.84,1,W,5,N
234,713.12,925.14,1,W,5,N
236,721.50,925.44,1,W,5,N
237,731.33,925.74,1,W,5,N
238,732.88,926.04,1,W,5,N
239,739.73,926.34,1,W,5,N
241,758.10,926.64,1,W,5,N
311,730.65,926.94,1,E,5,N
398,799.14,929.67,3,W,5,N
437,808.00,929.67,3,E,5,N
438,809.13,929.97,3,E,5,N
440,818.46,930.57,3,E,5,N
441,820.04,930.87,3,E,5,N
442,821.72,931.17,3,E,5,N
443,870.35,932.12,3,E,5,N
444,872.29,934.06,3,E,5,N
445,873.89,935.66,3,E,5,N
400,874.23,936.00,3,W,5,N
245,820.76,938.47,1,W,3,W
126,840.66,942.82,1,S,2,W
446,888.64,950.41,3,E,5,N
447,896.00,957.77,3,E,5,N
578,874.79,965.54,5,W,5,N
579,881.15,965.84,5,W,5,N
580,882.25,966.14,5,W,5,N
581,897.24,966.44,5,W,5,N
582,898.57,966.74,5,W,5,N
439,810.48,999.30,3,E,5,W
340,845.17,999.60,2,W,5,W
367,898.21,999.90,2,E,5,W
242,784.05,1000.20,1,W,5,W
136,889.89,1000.40,1,S,3,E
244,807.79,1000.50,1,W,5,W
247,823.70,1000.80,1,W,5,W
249,826.30,1001.10,1,W,5,W
256,875.95,1001.30,1,W,2,W
251,847.37,1001.40,1,W,5,W
253,864.01,1001.70,1,W,5,W
255,866.35,1002.00,1,W,5,W
314,813.90,1002.30,1,E,5,W
315,814.31,1002.60,1,E,5,W
316,877.90,1002.90,1,E,5,W
366,856.57,1016.80,2,E,5,E
448,897.98,1021.44,3,E,5,N
121,764.59,1021.74,1,S,5,N
122,764.70,1022.04,1,S,5,N
365,810.67,1022.34,2,E,5,N
341,847.67,1022.64,2,W,5,N
125,838.82,1023.24,1,S,5,N
243,791.30,1023.54,1,W,5,N
246,822.30,1023.84,1,W,5,N
248,825.09,1024.14,1,W,5,N
250,827.62,1024.44,1,W,5,N
252,848.52,1024.74,1,W,5,N
254,865.28,1025.04,1,W,5,N
129,843.63,1099.20,1,S,5,W
131,883.11,1099.50,1,S,5,W
132,884.30,1099.80,1,S,5,W
133,884.80,1100.10,1,S,5,W
260,898.08,1100.40,1,W,5,W
261,899.73,1100.70,1,W,5,W
127,841.84,1121.34,1,S,5,N
128,842.36,1121.64,1,S,5,N
134,884.99,1121.94,1,S,5,N
257,877.62,1122.24,1,W,5,N
258,879.24,1122.54,1,W,5,N
259,883.01,1122.84,1,W,5,N