id,enter_time,exit_time,entrance_intersection,entrance_direction,exit_intersection,exit_direction
4,3.81,17.95,1,S,1,E
0,1.70,41.95,1,S,2,W
492,1.58,66.44,5,W,5,N
493,4.29,66.74,5,W,5,N
494,4.58,67.04,5,W,5,N
495,19.84,67.34,5,W,5,N
496,21.72,67.64,5,W,5,N
497,28.68,67.94,5,W,5,N
498,48.51,68.24,5,W,5,N
499,49.93,68.54,5,W,5,N
500,50.76,68.84,5,W,5,N
501,51.65,69.14,5,W,5,N
502,52.99,69.44,5,W,5,N
503,54.94,69.74,5,W,5,N
623,3.85,80.44,5,E,5,N
624,20.15,80.74,5,E,5,N
625,60.51,81.04,5,E,5,N
626,61.89,81.34,5,E,5,N
627,85.37,91.50,5,E,5,N
628,91.07,97.20,5,E,5,N
7,6.15,100.70,1,S,2,E
12,11.14,100.70,1,S,1,W
21,87.39,101.52,1,S,1,W
22,88.50,115.90,1,S,1,E
23,89.69,116.20,1,S,1,E
452,33.53,131.27,3,E,5,N
453,43.54,131.57,3,E,5,N
10,8.98,137.67,1,S,3,W
29,124.95,139.09,1,S,1,E
504,74.05,166.34,5,W,5,N
505,99.42,166.64,5,W,5,N
506,101.26,166.94,5,W,5,N
507,102.65,167.24,5,W,5,N
508,118.48,167.54,5,W,5,N
509,119.58,167.84,5,W,5,N
510,121.25,168.14,5,W,5,N
511,123.34,168.44,5,W,5,N
512,132.46,168.74,5,W,5,N
513,138.85,169.04,5,W,5,N
514,148.90,169.34,5,W,5,N
515,162.46,169.64,5,W,5,N
629,161.79,180.34,5,E,5,N
429,53.66,200.10,3,W,5,W
430,57.71,200.40,3,W,5,W
454,94.83,200.70,3,E,5,W
455,96.00,201.00,3,E,5,W
24,117.13,201.10,1,S,1,W
2,3.39,201.30,1,S,5,W
26,120.43,201.40,1,S,1,W
3,3.69,201.60,1,S,5,W
33,130.80,201.70,1,S,1,W
5,4.41,201.90,1,S,5,W
34,132.10,202.00,1,S,1,W
402,47.64,202.20,2,E,5,W
36,164.53,202.30,1,S,1,W
367,41.71,202.50,2,W,5,W
39,168.88,202.60,1,S,1,W
6,5.19,202.80,1,S,5,W
190,28.84,203.10,1,W,5,W
197,133.53,203.80,1,W,2,W
192,50.73,220.00,1,W,5,E
1,3.07,222.24,1,S,5,N
365,10.44,222.54,2,W,5,N
366,11.55,222.84,2,W,5,N
368,74.18,223.14,2,W,5,N
403,85.61,223.44,2,E,5,N
8,7.29,223.74,1,S,5,N
9,8.52,224.04,1,S,5,N
11,10.97,224.34,1,S,5,N
186,1.81,224.64,1,W,5,N
187,5.14,224.94,1,W,5,N
188,12.73,225.24,1,W,5,N
458,113.11,225.53,3,E,5,E
189,23.35,225.54,1,W,5,N
191,30.10,225.84,1,W,5,N
304,0.27,226.44,1,E,5,N
305,1.30,226.74,1,E,5,N
306,31.02,227.04,1,E,5,N
307,33.77,227.34,1,E,5,N
308,52.63,227.64,1,E,5,N
309,66.77,227.94,1,E,5,N
310,99.53,228.24,1,E,5,N
456,104.27,231.07,3,E,5,N
431,119.94,231.07,3,W,5,N
432,120.46,231.37,3,W,5,N
457,111.12,231.37,3,E,5,N
433,122.23,231.67,3,W,5,N
40,170.71,240.62,1,S,2,E
516,198.07,266.24,5,W,5,N
517,200.04,266.54,5,W,5,N
518,202.41,266.84,5,W,5,N
519,204.29,267.14,5,W,5,N
520,205.41,267.44,5,W,5,N
521,207.79,267.74,5,W,5,N
522,208.59,268.04,5,W,5,N
523,209.75,268.34,5,W,5,N
524,211.49,268.64,5,W,5,N
525,213.17,268.94,5,W,5,N
526,220.26,269.24,5,W,5,N
527,220.75,269.54,5,W,5,N
528,221.82,269.84,5,W,5,N
529,223.05,270.14,5,W,5,N
530,236.83,270.44,5,W,5,N
531,253.52,270.74,5,W,5,N
532,254.80,271.04,5,W,5,N
533,256.50,271.34,5,W,5,N
534,269.22,275.35,5,W,5,N
535,270.29,276.42,5,W,5,N
536,271.60,277.74,5,W,5,N
537,273.11,279.24,5,W,5,N
630,205.39,280.24,5,E,5,N
631,257.39,280.54,5,E,5,N
632,263.17,280.84,5,E,5,N
633,263.84,281.14,5,E,5,N
634,285.99,292.12,5,E,5,N
459,114.86,300.00,3,E,5,W
41,170.74,300.30,1,S,3,W
460,116.18,300.30,3,E,5,W
461,176.06,300.60,3,E,5,W
44,221.47,300.90,1,S,2,W
434,179.44,300.90,3,W,5,W
14,50.16,301.20,1,S,5,W
52,273.64,301.50,1,S,1,W
19,55.65,301.50,1,S,5,W
53,274.53,301.80,1,S,1,W
20,57.12,301.80,1,S,5,W
54,275.73,302.10,1,S,1,W
405,152.42,302.10,2,E,5,W
27,122.38,302.40,1,S,5,W
32,128.69,302.70,1,S,5,W
205,197.17,303.00,1,W,2,W
194,95.25,303.00,1,W,5,W
195,111.56,303.30,1,W,5,W
316,152.91,303.60,1,E,5,W
218,265.41,306.90,1,W,2,W
16,52.60,316.60,1,S,5,E
17,54.19,316.90,1,S,5,E
406,181.18,318.40,2,E,5,E
196,116.89,321.10,1,W,5,E
13,49.48,322.14,1,S,5,N
15,51.16,322.44,1,S,5,N
314,138.99,323.20,1,E,5,E
18,54.53,323.34,1,S,5,N
315,142.08,323.50,1,E,5,E
404,103.97,323.64,2,E,5,N
369,102.28,323.94,2,W,5,N
370,180.23,324.24,2,W,5,N
371,191.36,324.84,2,W,5,N
407,197.59,325.14,2,E,5,N
25,118.59,325.44,1,S,5,N
28,123.55,325.74,1,S,5,N
466,269.85,325.93,3,E,5,E
30,126.47,326.04,1,S,5,N
31,128.24,326.34,1,S,5,N
35,133.49,326.64,1,S,5,N
193,70.22,326.94,1,W,5,N
198,135.21,327.54,1,W,5,N
199,144.25,327.84,1,W,5,N
200,163.81,328.14,1,W,5,N
311,103.84,328.44,1,E,5,N
312,111.55,328.74,1,E,5,N
313,121.94,329.04,1,E,5,N
317,161.03,329.94,1,E,5,N
318,161.72,330.24,1,E,5,N
319,166.73,330.54,1,E,5,N
463,261.76,331.17,3,E,5,N
465,264.25,331.77,3,E,5,N
216,247.34,342.37,1,W,3,E
538,274.77,366.14,5,W,5,N
539,276.57,366.44,5,W,5,N
540,277.69,366.74,5,W,5,N
541,279.22,367.04,5,W,5,N
542,289.91,367.34,5,W,5,N
543,290.61,367.64,5,W,5,N
544,292.95,367.94,5,W,5,N
545,302.97,368.24,5,W,5,N
546,328.96,368.54,5,W,5,N
547,336.49,368.84,5,W,5,N
548,346.13,369.14,5,W,5,N
549,346.94,369.44,5,W,5,N
550,347.08,369.74,5,W,5,N
551,349.08,370.04,5,W,5,N
552,352.12,370.34,5,W,5,N
553,353.48,370.64,5,W,5,N
554,357.06,370.94,5,W,5,N
555,364.36,371.24,5,W,5,N
556,367.10,373.24,5,W,5,N
557,368.43,374.56,5,W,5,N
635,327.17,380.14,5,E,5,N
636,381.08,387.21,5,E,5,N
462,231.66,399.90,3,E,5,W
435,246.99,400.20,3,W,5,W
436,247.24,400.50,3,W,5,W
464,262.83,400.80,3,E,5,W
467,285.82,401.10,3,E,5,W
372,205.31,401.40,2,W,5,W
409,268.64,401.70,2,E,5,W
56,324.29,401.90,1,S,1,W
62,330.97,401.90,1,S,2,E
373,214.69,402.00,2,W,5,W
57,325.12,402.20,1,S,1,W
219,279.50,402.20,1,W,2,W
410,284.97,402.30,2,E,5,W
59,326.82,402.50,1,S,1,W
46,222.80,402.60,1,S,5,W
63,331.32,402.80,1,S,1,W
201,173.47,402.90,1,W,5,W
65,373.66,403.10,1,S,1,W
206,198.47,403.20,1,W,5,W
207,201.81,403.50,1,W,5,W
224,287.54,403.70,1,W,2,W
210,207.14,403.80,1,W,5,W
214,238.01,404.10,1,W,5,W
233,362.32,406.40,1,W,2,W
203,194.81,419.20,1,W,5,E
37,166.63,422.04,1,S,5,N
38,167.14,422.34,1,S,5,N
42,173.27,422.64,1,S,5,N
408,238.99,422.94,2,E,5,N
374,237.17,423.24,2,W,5,N
375,252.13,423.54,2,W,5,N
376,266.64,423.84,2,W,5,N
377,269.65,424.14,2,W,5,N
43,221.33,424.44,1,S,5,N
45,222.67,424.74,1,S,5,N
202,174.89,425.04,1,W,5,N
204,195.66,425.64,1,W,5,N
208,203.26,425.94,1,W,5,N
209,205.13,426.24,1,W,5,N
211,226.47,426.54,1,W,5,N
212,227.66,426.84,1,W,5,N
213,237.34,427.14,1,W,5,N
215,245.80,427.44,1,W,5,N
217,263.58,427.74,1,W,5,N
320,204.98,428.04,1,E,5,N
321,260.67,428.34,1,E,5,N
322,261.81,428.64,1,E,5,N
323,289.24,428.94,1,E,5,N
324,299.93,429.24,1,E,5,N
437,301.26,430.67,3,W,5,N
468,304.17,430.67,3,E,5,N
469,306.00,430.97,3,E,5,N
470,321.02,431.27,3,E,5,N
471,322.26,431.57,3,E,5,N
438,373.38,435.15,3,W,5,N
64,365.87,440.82,1,S,2,W
230,335.16,441.57,1,W,3,E
231,336.55,441.87,1,W,3,E
70,379.22,442.32,1,S,2,E
331,387.84,450.03,1,E,3,E
558,401.52,466.04,5,W,5,N
559,410.17,466.34,5,W,5,N
560,416.77,466.64,5,W,5,N
561,424.29,466.94,5,W,5,N
562,424.87,467.24,5,W,5,N
563,427.08,467.54,5,W,5,N
564,429.21,467.84,5,W,5,N
565,438.69,468.14,5,W,5,N
566,446.39,468.44,5,W,5,N
567,447.91,468.74,5,W,5,N
568,464.39,470.53,5,W,5,N
569,466.63,472.76,5,W,5,N
637,446.39,480.04,5,E,5,N
325,301.05,499.80,1,E,5,W
472,380.42,500.10,3,E,5,W
473,396.69,500.40,3,E,5,W
47,262.55,500.70,1,S,5,W
72,382.15,500.80,1,S,3,E
50,271.33,501.00,1,S,5,W
379,330.99,501.30,2,W,5,W
380,363.17,501.60,2,W,5,W
61,329.79,501.90,1,S,5,W
220,281.43,502.20,1,W,5,W
74,412.94,502.30,1,S,1,W
221,285.36,502.50,1,W,5,W
78,436.55,502.60,1,S,1,W
327,328.97,502.80,1,E,5,W
84,443.52,502.90,1,S,1,W
93,456.64,503.20,1,S,1,W
238,413.28,503.80,1,W,2,W
341,484.50,510.62,1,E,2,W
105,497.38,511.52,1,S,1,W
106,498.32,512.46,1,S,1,W
413,409.96,512.97,2,E,3,W
81,439.77,515.10,1,S,1,E
48,262.86,515.80,1,S,5,E
85,443.81,516.00,1,S,1,E
411,326.33,516.70,2,E,5,E
412,371.17,517.30,2,E,5,E
95,457.12,518.70,1,S,1,E
49,268.81,522.24,1,S,5,N
332,398.46,522.40,1,E,5,E
51,272.73,522.54,1,S,5,N
378,309.40,523.14,2,W,5,N
381,363.53,523.74,2,W,5,N
415,487.69,523.77,2,E,3,W
55,322.48,524.04,1,S,5,N
58,325.62,524.34,1,S,5,N
60,327.94,524.64,1,S,5,N
222,285.51,524.94,1,W,5,N
223,286.81,525.24,1,W,5,N
225,309.81,525.54,1,W,5,N
226,311.17,525.84,1,W,5,N
227,326.69,526.14,1,W,5,N
228,327.33,526.44,1,W,5,N
229,328.36,526.74,1,W,5,N
232,338.14,527.04,1,W,5,N
326,315.47,527.34,1,E,5,N
328,332.37,527.64,1,E,5,N
329,359.72,527.94,1,E,5,N
330,379.37,528.24,1,E,5,N
474,456.04,530.47,3,E,5,N
439,437.34,530.47,3,W,5,N
475,457.86,530.77,3,E,5,N
234,378.12,538.67,1,W,3,E
333,402.63,542.87,1,E,3,W
89,451.22,543.32,1,S,2,W
91,454.94,543.92,1,S,2,W
339,445.04,544.67,1,E,3,W
440,495.56,557.33,3,W,5,N
570,490.93,565.94,5,W,5,N
571,492.02,566.24,5,W,5,N
572,493.13,566.54,5,W,5,N
573,503.74,566.84,5,W,5,N
574,505.86,567.14,5,W,5,N
575,507.74,567.44,5,W,5,N
576,518.67,567.74,5,W,5,N
577,519.16,568.04,5,W,5,N
578,522.16,568.34,5,W,5,N
579,561.57,568.64,5,W,5,N
638,500.28,579.94,5,E,5,N
639,505.85,580.24,5,E,5,N
640,506.59,580.54,5,E,5,N
641,557.64,580.84,5,E,5,N
642,574.14,581.14,5,E,5,N
82,440.60,599.10,1,S,3,E
66,375.40,599.70,1,S,5,W
416,500.32,600.00,2,E,5,W
77,434.73,600.30,1,S,5,W
79,436.65,600.60,1,S,5,W
80,438.06,600.90,1,S,5,W
235,379.50,601.20,1,W,5,W
239,413.65,601.50,1,W,5,W
243,426.00,601.80,1,W,5,W
246,451.94,602.10,1,W,5,W
334,406.40,602.40,1,E,5,W
336,410.24,602.70,1,E,5,W
109,504.26,602.70,1,S,1,W
338,439.64,603.00,1,E,5,W
124,587.21,603.00,1,S,1,W
255,515.38,609.90,1,W,2,E
345,558.78,612.90,1,E,2,W
242,422.50,620.50,1,W,5,E
67,376.03,621.84,1,S,5,N
337,420.40,622.00,1,E,5,E
68,378.03,622.14,1,S,5,N
69,379.15,622.44,1,S,5,N
71,381.11,622.74,1,S,5,N
382,448.99,623.04,2,W,5,N
414,453.10,623.34,2,E,5,N
383,462.70,623.64,2,W,5,N
384,473.01,623.94,2,W,5,N
385,497.27,624.24,2,W,5,N
73,412.25,624.54,1,S,5,N
75,413.63,624.84,1,S,5,N
76,414.63,625.14,1,S,5,N
236,395.75,625.44,1,W,5,N
237,411.51,625.74,1,W,5,N
240,421.28,626.04,1,W,5,N
241,421.91,626.34,1,W,5,N
244,450.48,626.94,1,W,5,N
245,450.75,627.24,1,W,5,N
247,453.01,627.54,1,W,5,N
335,407.40,627.84,1,E,5,N
340,483.42,628.44,1,E,5,N
476,500.75,630.27,3,E,5,N
477,537.25,630.57,3,E,5,N
478,577.87,633.51,3,E,5,E
442,574.51,636.28,3,W,5,N
97,459.61,636.97,1,S,3,W
99,462.14,637.57,1,S,3,W
117,515.96,642.07,1,S,3,W
120,520.04,642.97,1,S,3,E
251,506.63,644.77,1,W,3,E
443,586.77,648.54,3,W,5,N
580,578.79,665.84,5,W,5,N
581,602.55,666.14,5,W,5,N
582,603.41,666.44,5,W,5,N
583,607.40,666.74,5,W,5,N
584,630.90,667.04,5,W,5,N
585,644.57,667.34,5,W,5,N
586,646.34,667.64,5,W,5,N
587,647.11,667.94,5,W,5,N
588,663.54,669.68,5,W,5,N
589,664.84,670.97,5,W,5,N
590,667.56,673.69,5,W,5,N
643,649.09,679.84,5,E,5,N
644,649.80,680.14,5,E,5,N
441,505.52,699.60,3,W,5,W
94,456.78,699.90,1,S,5,W
386,503.27,700.20,2,W,5,W
387,511.13,700.50,2,W,5,W
418,569.76,700.80,2,E,5,W
419,583.23,701.10,2,E,5,W
100,466.47,701.40,1,S,5,W
110,506.04,701.70,1,S,5,W
112,507.42,702.00,1,S,5,W
113,512.40,702.30,1,S,5,W
116,515.29,702.60,1,S,5,W
118,517.71,702.90,1,S,5,W
128,625.83,703.10,1,S,1,W
119,518.78,703.20,1,S,5,W
262,587.61,703.40,1,W,2,W
130,628.76,703.40,1,S,1,W
121,520.48,703.50,1,S,5,W
143,681.71,703.70,1,S,1,W
248,469.40,703.80,1,W,5,W
645,697.78,703.91,5,E,5,N
249,485.86,704.10,1,W,5,W
256,516.41,704.40,1,W,5,W
261,562.37,704.70,1,W,5,W
343,521.21,705.00,1,E,5,W
347,581.02,705.21,1,E,5,W
351,662.49,707.30,1,E,2,W
391,643.35,713.47,2,W,3,E
137,642.14,716.20,1,S,1,E
417,547.54,717.70,2,E,5,E
104,470.60,719.80,1,S,5,E
83,442.32,721.74,1,S,5,N
86,444.70,722.04,1,S,5,N
87,450.38,722.34,1,S,5,N
88,450.38,722.64,1,S,5,N
90,452.13,722.94,1,S,5,N
92,455.02,723.24,1,S,5,N
96,458.49,723.54,1,S,5,N
388,518.51,724.14,2,W,5,N
389,600.19,724.44,2,W,5,N
98,461.43,724.74,1,S,5,N
101,466.66,725.04,1,S,5,N
479,608.94,725.20,3,E,5,E
102,468.61,725.34,1,S,5,N
103,470.11,725.64,1,S,5,N
107,499.79,726.24,1,S,5,N
108,502.74,726.54,1,S,5,N
111,506.16,726.84,1,S,5,N
114,512.46,727.14,1,S,5,N
115,513.98,727.44,1,S,5,N
122,521.28,727.74,1,S,5,N
250,502.83,728.04,1,W,5,N
252,508.58,728.34,1,W,5,N
253,512.19,728.64,1,W,5,N
254,513.53,728.94,1,W,5,N
257,516.88,729.24,1,W,5,N
258,536.56,729.54,1,W,5,N
259,557.04,729.84,1,W,5,N
260,560.79,730.14,1,W,5,N
342,516.50,730.44,1,E,5,N
344,523.15,730.74,1,E,5,N
346,566.88,731.04,1,E,5,N
481,663.88,731.64,3,E,5,N
445,669.84,731.94,3,W,5,N
126,617.11,737.07,1,S,3,W
129,627.09,737.67,1,S,3,W
269,649.67,741.57,1,W,3,W
348,619.20,742.47,1,E,3,W
352,667.52,743.67,1,E,3,E
156,736.55,750.68,1,S,1,E
591,676.49,765.74,5,W,5,N
592,677.78,766.04,5,W,5,N
593,679.60,766.34,5,W,5,N
594,692.73,766.64,5,W,5,N
595,730.81,766.94,5,W,5,N
596,740.15,767.24,5,W,5,N
597,740.24,767.54,5,W,5,N
598,741.11,767.84,5,W,5,N
599,757.87,768.14,5,W,5,N
600,760.15,768.44,5,W,5,N
601,761.84,768.74,5,W,5,N
602,763.27,769.40,5,W,5,N
603,763.40,769.54,5,W,5,N
646,725.14,779.74,5,E,5,N
647,732.57,780.04,5,E,5,N
648,733.41,780.34,5,E,5,N
649,736.27,780.64,5,E,5,N
650,750.58,780.94,5,E,5,N
651,756.16,781.24,5,E,5,N
652,765.93,781.54,5,E,5,N
653,766.45,781.84,5,E,5,N
444,661.02,799.50,3,W,5,W
480,655.05,799.80,3,E,5,W
482,669.16,800.10,3,E,5,W
390,633.19,800.40,2,W,5,W
394,699.16,800.70,2,W,5,W
133,634.54,801.00,1,S,5,W
135,639.23,801.30,1,S,5,W
267,640.48,801.60,1,W,5,W
268,641.73,801.90,1,W,5,W
270,665.68,802.20,1,W,5,W
157,738.03,803.20,1,S,2,E
147,723.13,803.50,1,S,1,W
154,734.54,803.80,1,S,1,W
164,782.47,804.10,1,S,1,W
353,708.64,809.20,1,E,2,W
162,743.21,817.20,1,S,1,E
131,629.47,817.90,1,S,5,E
271,665.71,820.00,1,W,5,E
446,697.78,821.64,3,W,5,N
123,553.99,821.94,1,S,5,N
125,588.57,822.24,1,S,5,N
420,624.08,822.54,2,E,5,N
421,665.55,822.84,2,E,5,N
392,646.04,823.14,2,W,5,N
393,685.28,823.44,2,W,5,N
127,624.74,823.74,1,S,5,N
132,632.86,824.34,1,S,5,N
134,636.61,824.64,1,S,5,N
263,612.04,824.94,1,W,5,N
264,628.35,825.24,1,W,5,N
265,638.64,825.54,1,W,5,N
266,639.33,825.84,1,W,5,N
349,627.97,826.44,1,E,5,N
350,656.07,826.74,1,E,5,N
165,814.75,828.89,1,S,1,E
447,702.61,829.87,3,W,5,N
483,711.71,829.87,3,E,5,N
484,713.43,830.17,3,E,5,N
448,756.50,830.17,3,W,5,N
149,724.32,837.47,1,S,3,E
151,727.04,838.07,1,S,3,W
286,762.14,844.07,1,W,3,E
487,795.73,857.50,3,E,5,N
604,779.21,865.64,5,W,5,N
605,779.61,865.94,5,W,5,N
606,781.43,866.24,5,W,5,N
607,797.28,866.54,5,W,5,N
608,834.08,866.84,5,W,5,N
609,835.87,867.14,5,W,5,N
610,836.21,867.44,5,W,5,N
611,837.65,867.74,5,W,5,N
612,838.32,868.04,5,W,5,N
613,844.63,868.34,5,W,5,N
614,859.06,868.64,5,W,5,N
615,861.80,868.94,5,W,5,N
616,862.09,869.24,5,W,5,N
617,863.31,869.45,5,W,5,N
618,865.35,871.49,5,W,5,N
619,865.64,871.78,5,W,5,N
620,866.45,872.59,5,W,5,N
621,867.51,873.64,5,W,5,N
654,837.36,879.64,5,E,5,N
485,733.40,899.40,3,E,5,W
486,743.88,899.70,3,E,5,W
140,679.32,900.00,1,S,5,W
145,684.71,900.30,1,S,5,W
422,708.89,900.60,2,E,5,W
395,726.47,900.90,2,W,5,W
423,735.67,901.20,2,E,5,W
166,816.48,901.20,1,S,2,W
152,727.57,901.50,1,S,5,W
153,729.02,901.80,1,S,5,W
155,736.27,902.10,1,S,5,W
158,739.45,902.40,1,S,5,W
272,685.76,902.70,1,W,5,W
273,695.34,903.00,1,W,5,W
275,720.10,903.30,1,W,5,W
277,737.44,903.60,1,W,5,W
281,742.38,903.90,1,W,5,W
185,885.28,903.90,1,S,1,W
355,723.58,904.20,1,E,5,W
362,863.06,906.30,1,E,2,W
428,883.80,919.88,2,E,3,W
280,741.39,919.90,1,W,5,E
179,876.75,920.00,1,S,1,E
136,640.07,921.54,1,S,5,N
138,643.58,921.84,1,S,5,N
139,677.32,922.14,1,S,5,N
141,680.02,922.44,1,S,5,N
142,681.16,922.74,1,S,5,N
144,683.07,923.04,1,S,5,N
146,686.06,923.34,1,S,5,N
396,766.09,923.64,2,W,5,N
424,781.32,923.94,2,E,5,N
148,723.76,924.24,1,S,5,N
150,725.57,924.54,1,S,5,N
274,718.55,924.84,1,W,5,N
276,720.54,925.14,1,W,5,N
278,738.69,925.44,1,W,5,N
279,740.13,925.74,1,W,5,N
282,742.50,926.34,1,W,5,N
283,748.19,926.64,1,W,5,N
284,750.04,926.94,1,W,5,N
285,759.68,927.24,1,W,5,N
287,763.56,927.54,1,W,5,N
288,764.29,927.84,1,W,5,N
289,766.30,928.14,1,W,5,N
354,718.31,928.44,1,E,5,N
356,733.02,928.74,1,E,5,N
488,849.03,929.67,3,E,5,N
450,834.78,929.97,3,W,5,N
489,864.87,929.97,3,E,5,N
359,808.83,941.47,1,E,3,W
491,880.62,942.39,3,E,5,N
363,872.80,942.67,1,E,3,W
622,881.89,965.54,5,W,5,N
449,813.08,999.30,3,W,5,W
490,866.15,999.60,3,E,5,W
451,863.53,999.90,3,W,5,W
174,872.40,1000.10,1,S,3,W
159,741.24,1000.20,1,S,5,W
397,801.56,1000.50,2,W,5,W
426,832.82,1000.80,2,E,5,W
399,820.74,1001.10,2,W,5,W
427,848.29,1001.40,2,E,5,W
167,820.29,1001.70,1,S,5,W
290,768.38,1002.00,1,W,5,W
293,804.33,1002.30,1,W,5,W
295,829.46,1002.60,1,W,5,W
300,863.42,1002.90,1,W,5,W
360,851.72,1003.20,1,E,5,W
357,802.84,1021.44,1,E,5,N
160,741.53,1021.74,1,S,5,N
161,741.95,1022.04,1,S,5,N
163,743.85,1022.34,1,S,5,N
425,802.52,1022.64,2,E,5,N
398,809.84,1022.94,2,W,5,N
400,855.01,1023.24,2,W,5,N
401,865.60,1023.54,2,W,5,N
291,784.20,1023.84,1,W,5,N
292,800.80,1024.14,1,W,5,N
294,826.46,1024.44,1,W,5,N
296,846.23,1024.74,1,W,5,N
297,847.27,1025.04,1,W,5,N
298,848.90,1025.34,1,W,5,N
299,849.89,1025.64,1,W,5,N
358,806.16,1025.94,1,E,5,N
361,857.09,1026.24,1,E,5,N
364,875.42,1026.54,1,E,5,N
180,878.66,1037.67,1,S,3,E
168,868.15,1099.20,1,S,5,W
169,869.56,1099.50,1,S,5,W
173,872.18,1099.80,1,S,5,W
177,874.75,1100.10,1,S,5,W
301,888.80,1100.40,1,W,5,W
302,890.67,1100.70,1,W,5,W
303,899.83,1101.00,1,W,5,W
175,872.73,1116.10,1,S,5,E
170,870.07,1121.34,1,S,5,N
171,871.54,1121.64,1,S,5,N
172,871.59,1121.94,1,S,5,N
176,872.93,1122.54,1,S,5,N
178,876.02,1122.84,1,S,5,N
181,879.88,1123.14,1,S,5,N
182,880.67,1123.44,1,S,5,N
183,883.44,1123.74,1,S,5,N
184,885.18,1124.04,1,S,5,N