id,enter_time,exit_time,entrance_intersection,entrance_direction,exit_intersection,exit_direction
509,0.11,66.44,5,W,5,N
510,33.65,66.74,5,W,5,N
511,35.08,67.04,5,W,5,N
512,36.63,67.34,5,W,5,N
513,38.21,67.64,5,W,5,N
514,39.36,67.94,5,W,5,N
515,39.84,68.24,5,W,5,N
516,40.91,68.54,5,W,5,N
517,61.54,68.84,5,W,5,N
518,63.19,69.32,5,W,5,N
519,64.75,70.88,5,W,5,N
520,65.94,72.07,5,W,5,N
638,17.49,80.44,5,E,5,N
639,23.47,80.74,5,E,5,N
1,4.47,100.70,1,S,1,W
8,45.42,101.00,1,S,1,W
640,95.98,102.11,5,E,5,N
222,38.14,103.10,1,W,2,W
21,94.10,108.24,1,S,1,W
6,42.11,113.80,1,S,1,E
472,1.63,131.27,3,E,5,N
454,61.74,131.27,3,W,5,N
473,11.48,131.57,3,E,5,N
475,31.14,132.17,3,E,5,N
352,2.35,140.07,1,E,3,W
480,84.83,140.47,3,E,5,E
481,97.27,159.04,3,E,5,N
521,75.29,166.34,5,W,5,N
522,76.96,166.64,5,W,5,N
523,112.05,166.94,5,W,5,N
524,112.73,167.24,5,W,5,N
525,153.81,167.54,5,W,5,N
526,154.79,167.84,5,W,5,N
527,164.31,170.45,5,W,5,N
528,166.00,172.14,5,W,5,N
529,167.31,173.45,5,W,5,N
530,168.58,174.72,5,W,5,N
641,137.40,180.34,5,E,5,N
642,180.77,186.90,5,E,5,N
643,184.38,190.52,5,E,5,N
644,185.83,191.97,5,E,5,N
5,42.07,199.90,1,S,3,W
474,29.67,200.10,3,E,5,W
476,32.41,200.40,3,E,5,W
477,50.25,200.70,3,E,5,W
478,51.86,201.00,3,E,5,W
25,145.75,201.10,1,S,1,W
227,68.38,201.10,1,W,2,W
479,53.33,201.30,3,E,5,W
4,7.17,201.60,1,S,5,W
216,15.88,201.90,1,W,5,W
219,36.01,202.20,1,W,5,W
221,37.45,202.50,1,W,5,W
232,77.39,202.60,1,W,2,W
353,6.79,202.80,1,E,5,W
410,131.05,212.97,2,W,3,W
411,159.10,213.27,2,W,3,E
0,2.22,222.24,1,S,5,N
408,5.73,222.54,2,W,5,N
430,44.64,222.84,2,E,5,N
431,67.72,223.14,2,E,5,N
2,4.82,223.44,1,S,5,N
3,6.37,223.74,1,S,5,N
217,19.47,224.04,1,W,5,N
27,210.05,224.19,1,S,1,E
218,34.90,224.34,1,W,5,N
220,37.22,224.64,1,W,5,N
223,62.27,224.94,1,W,5,N
224,63.97,225.24,1,W,5,N
354,15.26,225.54,1,E,5,N
355,30.02,225.84,1,E,5,N
356,32.91,226.14,1,E,5,N
455,124.11,231.07,3,W,5,N
30,218.53,232.67,1,S,1,E
23,144.81,240.02,1,S,2,W
456,195.29,257.06,3,W,5,N
531,207.28,266.24,5,W,5,N
532,209.46,266.54,5,W,5,N
533,211.04,266.84,5,W,5,N
534,211.05,267.14,5,W,5,N
535,213.44,267.44,5,W,5,N
536,215.81,267.74,5,W,5,N
537,216.97,268.04,5,W,5,N
538,218.45,268.34,5,W,5,N
539,231.03,268.64,5,W,5,N
540,232.95,268.94,5,W,5,N
541,233.45,269.24,5,W,5,N
542,234.75,269.54,5,W,5,N
543,236.42,269.84,5,W,5,N
544,238.29,270.14,5,W,5,N
545,239.74,270.44,5,W,5,N
645,256.36,280.24,5,E,5,N
646,282.41,288.55,5,E,5,N
482,145.43,300.00,3,E,5,W
483,190.84,300.30,3,E,5,W
10,49.24,300.60,1,S,5,W
12,50.18,300.90,1,S,5,W
13,50.89,301.20,1,S,5,W
28,210.42,301.50,1,S,1,W
15,53.14,301.50,1,S,5,W
16,55.08,301.80,1,S,5,W
18,58.34,302.10,1,S,5,W
433,145.03,302.40,2,E,5,W
434,190.43,302.70,2,E,5,W
226,66.98,303.00,1,W,5,W
234,95.41,303.30,1,W,5,W
235,120.33,303.60,1,W,5,W
236,129.99,303.90,1,W,5,W
239,157.12,304.20,1,W,5,W
363,160.50,304.50,1,E,5,W
364,164.02,304.80,1,E,5,W
366,176.08,305.10,1,E,5,W
253,241.72,305.40,1,W,2,W
368,190.09,307.91,1,E,5,W
51,297.50,311.64,1,S,1,W
52,299.41,319.70,1,S,1,E
7,43.55,322.14,1,S,5,N
9,46.23,322.44,1,S,5,N
11,49.26,322.74,1,S,5,N
14,52.75,323.04,1,S,5,N
17,57.00,323.34,1,S,5,N
19,92.11,323.64,1,S,5,N
20,93.95,323.94,1,S,5,N
22,95.63,324.24,1,S,5,N
409,103.99,324.54,2,W,5,N
432,116.79,324.84,2,E,5,N
412,189.18,325.14,2,W,5,N
225,65.89,325.44,1,W,5,N
228,69.08,325.74,1,W,5,N
229,70.20,326.04,1,W,5,N
230,72.60,326.34,1,W,5,N
231,76.10,326.64,1,W,5,N
233,78.30,326.94,1,W,5,N
237,139.59,327.24,1,W,5,N
238,140.75,327.54,1,W,5,N
357,102.32,327.84,1,E,5,N
358,106.11,328.14,1,E,5,N
359,106.78,328.44,1,E,5,N
360,131.16,328.74,1,E,5,N
361,150.79,329.04,1,E,5,N
362,159.08,329.34,1,E,5,N
365,174.17,329.64,1,E,5,N
367,181.79,329.94,1,E,5,N
369,192.25,330.24,1,E,5,N
370,194.11,330.54,1,E,5,N
371,198.11,330.84,1,E,5,N
484,205.40,330.87,3,E,5,N
457,204.04,330.87,3,W,5,N
485,244.70,331.17,3,E,5,N
458,260.02,331.17,3,W,5,N
242,179.22,338.17,1,W,3,W
486,287.91,349.68,3,E,5,N
378,295.76,357.95,1,E,3,W
546,283.11,366.14,5,W,5,N
547,303.08,366.44,5,W,5,N
548,311.54,366.74,5,W,5,N
549,321.58,367.04,5,W,5,N
550,322.98,367.34,5,W,5,N
551,324.22,367.64,5,W,5,N
552,325.75,367.94,5,W,5,N
553,351.23,368.24,5,W,5,N
554,352.62,368.54,5,W,5,N
647,336.44,380.14,5,E,5,N
648,352.62,380.44,5,E,5,N
649,353.89,380.74,5,E,5,N
435,225.35,399.90,2,E,5,W
437,292.59,400.20,2,E,5,W
32,220.67,400.50,1,S,5,W
243,203.58,400.80,1,W,5,W
245,211.86,401.10,1,W,5,W
39,283.59,401.30,1,S,3,W
252,240.58,401.40,1,W,5,W
376,243.44,401.70,1,E,5,W
53,301.17,401.90,1,S,1,W
55,306.55,402.20,1,S,1,W
57,308.64,402.50,1,S,1,W
65,360.53,402.80,1,S,1,W
66,361.84,403.10,1,S,1,W
68,365.46,403.40,1,S,1,W
439,356.17,413.17,2,E,3,W
31,219.24,417.40,1,S,5,E
248,215.56,419.20,1,W,5,E
24,145.00,422.04,1,S,5,N
26,181.54,422.34,1,S,5,N
436,270.57,422.64,2,E,5,N
413,282.15,422.94,2,W,5,N
29,212.64,423.24,1,S,5,N
240,173.93,423.84,1,W,5,N
241,177.67,424.14,1,W,5,N
244,204.12,424.44,1,W,5,N
246,213.83,424.74,1,W,5,N
247,214.92,425.04,1,W,5,N
249,216.76,425.64,1,W,5,N
250,218.41,425.94,1,W,5,N
440,390.09,426.17,2,E,3,E
251,221.70,426.24,1,W,5,N
254,243.43,426.54,1,W,5,N
255,244.60,426.84,1,W,5,N
256,246.10,427.14,1,W,5,N
372,208.32,427.44,1,E,5,N
373,211.29,427.74,1,E,5,N
374,225.54,428.04,1,E,5,N
375,233.76,428.34,1,E,5,N
377,271.19,428.64,1,E,5,N
489,374.07,429.70,3,E,5,E
459,333.85,430.67,3,W,5,N
488,365.29,430.97,3,E,5,N
49,295.09,436.77,1,S,3,E
56,308.06,437.67,1,S,3,W
264,311.92,440.07,1,W,3,E
67,363.74,442.92,1,S,2,W
384,384.95,447.14,1,E,3,E
460,386.46,448.23,3,W,5,N
85,438.56,452.70,1,S,1,E
555,389.18,466.04,5,W,5,N
556,390.18,466.34,5,W,5,N
557,390.59,466.64,5,W,5,N
558,419.13,466.94,5,W,5,N
559,422.01,467.24,5,W,5,N
560,423.61,467.54,5,W,5,N
561,424.65,467.84,5,W,5,N
562,439.70,468.14,5,W,5,N
563,446.72,468.44,5,W,5,N
564,457.71,468.74,5,W,5,N
565,459.70,469.04,5,W,5,N
566,459.75,469.34,5,W,5,N
567,461.50,469.64,5,W,5,N
568,468.28,474.41,5,W,5,N
569,469.77,475.90,5,W,5,N
570,471.84,477.97,5,W,5,N
650,422.96,480.04,5,E,5,N
651,424.15,480.34,5,E,5,N
652,447.23,480.64,5,E,5,N
487,320.05,499.80,3,E,5,W
34,247.48,500.10,1,S,5,W
35,248.54,500.40,1,S,5,W
38,251.16,500.70,1,S,5,W
45,290.18,501.00,1,S,5,W
64,359.05,501.10,1,S,3,W
46,290.68,501.30,1,S,5,W
47,290.86,501.60,1,S,5,W
438,306.45,501.90,2,E,5,W
415,387.99,502.20,2,W,5,W
73,401.77,502.30,1,S,1,W
54,304.73,502.50,1,S,5,W
76,425.85,502.60,1,S,1,W
82,434.79,502.60,1,S,2,W
257,268.48,502.80,1,W,5,W
80,431.49,502.90,1,S,1,W
261,293.25,503.10,1,W,5,W
88,441.37,503.20,1,S,1,W
269,327.33,503.40,1,W,5,W
90,443.68,503.50,1,S,1,W
271,342.38,503.70,1,W,5,W
93,452.74,503.80,1,S,1,W
273,351.87,504.00,1,W,5,W
95,454.68,504.10,1,S,1,W
278,379.97,504.10,1,W,2,W
275,364.92,504.30,1,W,5,W
97,460.52,504.40,1,S,1,W
379,306.54,504.60,1,E,5,W
381,347.61,504.90,1,E,5,W
382,380.20,505.20,1,E,5,W
653,499.28,505.41,5,E,5,N
383,382.64,505.50,1,E,5,W
270,340.48,521.80,1,W,5,E
33,247.09,521.94,1,S,5,N
36,249.70,522.24,1,S,5,N
37,250.82,522.54,1,S,5,N
40,283.79,522.84,1,S,5,N
41,285.64,523.14,1,S,5,N
42,287.59,523.44,1,S,5,N
43,289.02,523.74,1,S,5,N
44,289.34,524.04,1,S,5,N
48,293.83,524.34,1,S,5,N
414,373.02,524.64,2,W,5,N
50,296.01,524.94,1,S,5,N
258,287.61,525.24,1,W,5,N
259,291.24,525.54,1,W,5,N
260,292.37,525.84,1,W,5,N
262,294.57,526.14,1,W,5,N
263,295.91,526.44,1,W,5,N
265,315.02,526.74,1,W,5,N
266,316.47,527.04,1,W,5,N
267,319.80,527.34,1,W,5,N
268,326.22,527.64,1,W,5,N
272,344.56,528.24,1,W,5,N
274,358.27,528.54,1,W,5,N
380,308.76,528.84,1,E,5,N
385,393.19,529.14,1,E,5,N
461,412.35,530.47,3,W,5,N
491,433.55,530.77,3,E,5,N
276,378.56,539.57,1,W,3,W
279,380.06,540.47,1,W,3,E
87,440.59,541.52,1,S,2,W
288,406.92,543.17,1,W,3,W
462,483.39,545.16,3,W,5,N
388,462.99,545.87,1,E,3,W
463,488.37,550.14,3,W,5,N
492,489.15,550.92,3,E,5,N
571,473.99,565.94,5,W,5,N
572,475.21,566.24,5,W,5,N
573,476.58,566.54,5,W,5,N
574,499.22,566.84,5,W,5,N
575,500.70,567.14,5,W,5,N
576,507.23,567.44,5,W,5,N
577,515.66,567.74,5,W,5,N
578,516.95,568.04,5,W,5,N
579,518.51,568.34,5,W,5,N
580,525.58,568.64,5,W,5,N
581,526.37,568.94,5,W,5,N
582,527.37,569.24,5,W,5,N
583,527.55,569.54,5,W,5,N
584,533.30,569.84,5,W,5,N
585,545.89,570.14,5,W,5,N
586,547.41,570.44,5,W,5,N
587,549.82,570.74,5,W,5,N
654,500.74,579.94,5,E,5,N
655,509.98,580.24,5,E,5,N
656,580.82,586.95,5,E,5,N
86,439.17,599.10,1,S,3,E
490,418.28,599.70,3,E,5,W
92,449.20,600.00,1,S,3,W
59,346.92,600.00,1,S,5,W
69,367.37,600.30,1,S,5,W
70,369.09,600.60,1,S,5,W
441,419.55,600.90,2,E,5,W
442,459.41,601.20,2,E,5,W
74,422.79,601.50,1,S,5,W
84,436.93,601.80,1,S,5,W
277,379.73,602.10,1,W,5,W
280,382.50,602.40,1,W,5,W
284,398.73,602.70,1,W,5,W
110,546.61,602.70,1,S,1,W
289,431.98,603.00,1,W,5,W
293,459.93,603.30,1,W,5,W
294,461.02,603.60,1,W,5,W
657,598.22,604.36,5,E,5,N
304,550.98,605.10,1,W,2,E
307,565.49,606.00,1,W,2,W
78,428.55,619.00,1,S,5,E
79,429.61,619.30,1,S,5,E
287,405.41,621.70,1,W,5,E
58,346.30,621.84,1,S,5,N
60,347.77,622.14,1,S,5,N
291,456.71,622.30,1,W,5,E
61,353.76,622.44,1,S,5,N
62,355.21,622.74,1,S,5,N
63,357.08,623.04,1,S,5,N
71,400.53,623.34,1,S,5,N
72,400.60,623.64,1,S,5,N
416,401.45,623.94,2,W,5,N
417,497.74,624.24,2,W,5,N
75,424.89,624.54,1,S,5,N
77,426.31,624.84,1,S,5,N
81,433.46,625.74,1,S,5,N
83,435.03,626.04,1,S,5,N
281,395.81,626.34,1,W,5,N
282,396.58,626.64,1,W,5,N
283,398.42,626.94,1,W,5,N
285,400.31,627.24,1,W,5,N
286,402.20,627.54,1,W,5,N
290,447.49,628.14,1,W,5,N
292,458.61,628.74,1,W,5,N
386,419.79,629.04,1,E,5,N
387,424.96,629.34,1,E,5,N
389,481.93,629.64,1,E,5,N
390,500.83,629.94,1,E,5,N
464,512.00,630.27,3,W,5,N
493,509.12,630.27,3,E,5,N
465,571.52,633.29,3,W,5,N
109,513.86,638.17,1,S,3,W
295,475.88,638.47,1,W,3,W
588,586.42,665.84,5,W,5,N
589,586.90,666.14,5,W,5,N
590,587.69,666.44,5,W,5,N
591,589.71,666.74,5,W,5,N
592,590.56,667.04,5,W,5,N
593,619.44,667.34,5,W,5,N
594,628.18,667.64,5,W,5,N
595,641.61,667.94,5,W,5,N
596,653.64,668.24,5,W,5,N
597,655.02,668.54,5,W,5,N
598,656.15,668.84,5,W,5,N
599,656.98,669.14,5,W,5,N
600,658.40,669.44,5,W,5,N
601,660.04,669.74,5,W,5,N
602,667.41,673.55,5,W,5,N
603,668.88,675.01,5,W,5,N
604,670.88,677.01,5,W,5,N
605,672.66,678.80,5,W,5,N
658,647.53,679.84,5,E,5,N
659,658.66,680.14,5,E,5,N
660,663.88,680.44,5,E,5,N
661,669.07,680.74,5,E,5,N
662,673.95,681.04,5,E,5,N
494,567.81,699.60,3,E,5,W
89,441.69,699.90,1,S,5,W
96,456.85,700.20,1,S,5,W
103,472.18,700.50,1,S,5,W
443,505.71,700.80,2,E,5,W
419,523.91,701.10,2,W,5,W
105,509.37,701.40,1,S,5,W
296,494.56,701.70,1,W,5,W
299,508.83,702.00,1,W,5,W
129,609.21,703.10,1,S,1,W
131,612.87,703.40,1,S,1,W
133,616.16,703.70,1,S,1,W
134,620.57,704.00,1,S,1,W
137,685.37,704.30,1,S,1,W
140,691.20,705.33,1,S,1,W
141,691.92,706.06,1,S,1,W
91,448.88,721.74,1,S,5,N
303,531.04,721.90,1,W,5,E
94,454.20,722.04,1,S,5,N
98,462.50,722.34,1,S,5,N
99,463.46,722.64,1,S,5,N
100,465.24,722.94,1,S,5,N
101,467.15,723.24,1,S,5,N
102,470.48,723.54,1,S,5,N
104,474.29,723.84,1,S,5,N
418,509.65,724.14,2,W,5,N
444,548.57,724.44,2,E,5,N
497,624.38,724.53,3,E,5,E
445,568.48,724.74,2,E,5,N
420,535.92,725.04,2,W,5,N
421,546.30,725.34,2,W,5,N
106,510.46,725.64,1,S,5,N
107,512.38,725.94,1,S,5,N
108,513.75,726.24,1,S,5,N
297,494.66,726.54,1,W,5,N
298,494.68,726.84,1,W,5,N
300,525.81,727.14,1,W,5,N
301,529.02,727.44,1,W,5,N
302,529.28,727.74,1,W,5,N
305,561.71,728.34,1,W,5,N
306,563.66,728.64,1,W,5,N
391,529.11,728.94,1,E,5,N
392,546.70,729.24,1,E,5,N
466,636.01,730.07,3,W,5,N
496,615.88,730.37,3,E,5,N
498,631.12,730.97,3,E,5,N
499,661.39,731.27,3,E,5,N
135,621.31,739.17,1,S,3,E
500,696.13,757.90,3,E,5,N
606,674.46,765.74,5,W,5,N
607,674.67,766.04,5,W,5,N
608,675.81,766.34,5,W,5,N
609,677.55,766.64,5,W,5,N
610,688.44,766.94,5,W,5,N
611,697.26,767.24,5,W,5,N
612,701.92,767.54,5,W,5,N
613,703.26,767.84,5,W,5,N
614,704.67,768.14,5,W,5,N
615,728.11,768.44,5,W,5,N
616,728.31,768.74,5,W,5,N
617,730.51,769.04,5,W,5,N
618,748.93,769.34,5,W,5,N
619,750.73,769.64,5,W,5,N
620,751.28,769.94,5,W,5,N
621,762.24,770.24,5,W,5,N
622,763.25,770.54,5,W,5,N
623,764.58,770.71,5,W,5,N
663,725.09,779.74,5,E,5,N
664,753.63,780.04,5,E,5,N
665,762.36,780.34,5,E,5,N
495,614.66,799.50,3,E,5,W
111,554.24,799.80,1,S,5,W
113,556.27,800.10,1,S,5,W
116,559.85,800.40,1,S,5,W
123,600.69,800.70,1,S,5,W
422,634.00,801.00,2,W,5,W
446,616.92,801.30,2,E,5,W
447,666.14,801.60,2,E,5,W
126,603.10,801.90,1,S,5,W
128,605.32,802.20,1,S,5,W
130,610.47,802.50,1,S,5,W
308,581.72,802.80,1,W,5,W
309,583.47,803.10,1,W,5,W
310,603.32,803.40,1,W,5,W
150,738.37,803.50,1,S,1,W
312,607.32,803.70,1,W,5,W
153,742.90,803.80,1,S,1,W
321,638.33,804.00,1,W,5,W
157,750.93,804.10,1,S,1,W
396,677.04,804.30,1,E,5,W
159,755.69,804.40,1,S,1,W
161,757.37,804.70,1,S,1,W
162,759.25,805.00,1,S,1,W
160,757.36,817.50,1,S,1,E
314,624.17,820.30,1,W,5,E
318,633.31,821.50,1,W,5,E
112,555.05,821.64,1,S,5,N
114,556.69,821.94,1,S,5,N
115,558.43,822.24,1,S,5,N
117,560.30,822.54,1,S,5,N
323,643.42,822.70,1,W,5,E
118,593.43,822.84,1,S,5,N
324,647.03,823.00,1,W,5,E
119,595.01,823.14,1,S,5,N
120,597.12,823.44,1,S,5,N
121,598.94,823.74,1,S,5,N
122,600.36,824.04,1,S,5,N
423,667.98,824.34,2,W,5,N
124,601.21,824.64,1,S,5,N
125,601.42,824.94,1,S,5,N
127,603.58,825.24,1,S,5,N
132,613.36,825.54,1,S,5,N
311,605.14,825.84,1,W,5,N
313,609.13,826.14,1,W,5,N
315,625.60,826.74,1,W,5,N
316,627.03,827.04,1,W,5,N
317,630.08,827.34,1,W,5,N
319,635.09,827.94,1,W,5,N
320,636.63,828.24,1,W,5,N
322,641.82,828.54,1,W,5,N
393,608.48,829.44,1,E,5,N
394,647.94,829.74,1,E,5,N
395,674.23,830.04,1,E,5,N
501,733.09,830.34,3,E,5,N
467,705.58,830.64,3,W,5,N
178,819.76,833.90,1,S,1,E
468,780.35,835.99,3,W,5,E
147,735.66,838.67,1,S,3,E
186,829.08,843.22,1,S,1,E
624,782.55,865.64,5,W,5,N
625,786.01,865.94,5,W,5,N
626,796.12,866.24,5,W,5,N
627,826.41,866.54,5,W,5,N
628,828.27,866.84,5,W,5,N
629,828.42,867.14,5,W,5,N
630,836.71,867.44,5,W,5,N
631,852.15,867.74,5,W,5,N
632,854.03,868.04,5,W,5,N
666,807.88,879.64,5,E,5,N
667,809.10,879.94,5,E,5,N
668,821.81,880.24,5,E,5,N
669,866.08,880.54,5,E,5,N
670,871.59,880.84,5,E,5,N
671,872.46,881.14,5,E,5,N
672,890.53,896.67,5,E,5,N
673,891.70,897.84,5,E,5,N
502,787.48,899.40,3,E,5,W
503,788.68,899.70,3,E,5,W
504,790.20,900.00,3,E,5,W
136,654.29,900.30,1,S,5,W
166,800.67,900.60,1,S,3,W
448,715.96,900.60,2,E,5,W
449,728.30,900.90,2,E,5,W
168,803.02,901.20,1,S,3,E
450,777.82,901.20,2,E,5,W
148,736.08,901.50,1,S,5,W
326,668.93,901.80,1,W,5,W
327,669.96,902.10,1,W,5,W
172,809.25,902.10,1,S,2,E
329,688.61,902.40,1,W,5,W
334,730.75,902.70,1,W,5,W
175,814.05,903.00,1,S,2,W
182,822.89,903.90,1,S,1,W
190,832.82,904.20,1,S,1,W
194,836.67,904.50,1,S,1,W
199,843.43,904.80,1,S,1,W
184,825.94,905.10,1,S,2,E
211,891.34,905.48,1,S,1,W
195,838.49,907.50,1,S,2,E
347,857.62,910.80,1,W,2,W
407,868.07,912.60,1,E,2,W
429,869.63,913.97,2,W,3,W
212,892.04,920.60,1,S,1,E
138,689.38,921.54,1,S,5,N
139,689.47,921.84,1,S,5,N
424,751.68,922.14,2,W,5,N
425,764.52,922.44,2,W,5,N
426,800.15,922.74,2,W,5,N
142,726.86,923.04,1,S,5,N
143,728.15,923.34,1,S,5,N
469,802.49,923.53,3,W,5,E
144,730.92,923.64,1,S,5,N
145,732.48,923.94,1,S,5,N
146,733.49,924.24,1,S,5,N
149,737.77,924.54,1,S,5,N
151,738.96,924.84,1,S,5,N
152,739.61,925.14,1,S,5,N
325,667.53,925.44,1,W,5,N
328,686.83,925.74,1,W,5,N
330,690.30,926.04,1,W,5,N
331,696.74,926.34,1,W,5,N
332,705.71,926.64,1,W,5,N
333,721.59,926.94,1,W,5,N
335,755.76,927.24,1,W,5,N
336,755.79,927.54,1,W,5,N
337,759.17,927.84,1,W,5,N
397,712.18,928.14,1,E,5,N
398,737.12,928.44,1,E,5,N
399,746.08,928.74,1,E,5,N
400,752.78,929.04,1,E,5,N
401,755.76,929.34,1,E,5,N
506,852.42,929.97,3,E,5,N
170,805.96,937.57,1,S,3,W
338,781.51,944.17,1,W,3,E
345,836.72,946.27,1,W,3,E
406,858.34,948.37,1,E,3,W
471,887.02,948.79,3,W,5,N
507,888.80,950.57,3,E,5,N
633,882.90,965.54,5,W,5,N
634,883.51,965.84,5,W,5,N
635,884.75,966.14,5,W,5,N
636,887.62,966.44,5,W,5,N
637,896.80,966.74,5,W,5,N
674,899.82,979.54,5,E,5,N
505,798.72,999.30,3,E,5,W
470,831.42,999.60,3,W,5,W
508,890.31,999.90,3,E,5,W
155,743.28,1000.20,1,S,5,W
205,880.77,1000.40,1,S,3,W
156,750.52,1000.50,1,S,5,W
158,752.86,1000.80,1,S,5,W
427,837.25,1001.10,2,W,5,W
453,855.60,1001.40,2,E,5,W
171,807.59,1001.70,1,S,5,W
174,813.40,1002.00,1,S,5,W
177,818.03,1002.30,1,S,5,W
183,824.43,1002.60,1,S,5,W
187,830.55,1002.90,1,S,5,W
192,834.84,1003.20,1,S,5,W
193,836.31,1003.50,1,S,5,W
339,781.63,1003.80,1,W,5,W
341,815.45,1004.10,1,W,5,W
342,819.41,1004.40,1,W,5,W
344,833.28,1004.70,1,W,5,W
404,852.16,1005.00,1,E,5,W
405,857.06,1005.30,1,E,5,W
173,811.33,1018.00,1,S,5,E
340,798.58,1021.00,1,W,5,E
343,821.29,1021.30,1,W,5,E
154,742.96,1021.44,1,S,5,N
163,759.30,1021.74,1,S,5,N
164,761.11,1022.04,1,S,5,N
165,764.78,1022.34,1,S,5,N
167,801.73,1022.64,1,S,5,N
451,803.47,1022.94,2,E,5,N
428,868.87,1023.24,2,W,5,N
452,826.09,1023.54,2,E,5,N
169,804.67,1023.84,1,S,5,N
176,815.54,1024.44,1,S,5,N
179,821.37,1024.74,1,S,5,N
180,821.44,1025.04,1,S,5,N
181,822.41,1025.34,1,S,5,N
185,827.56,1025.64,1,S,5,N
188,830.78,1025.94,1,S,5,N
189,831.89,1026.24,1,S,5,N
191,833.66,1026.54,1,S,5,N
196,839.86,1026.84,1,S,5,N
346,856.40,1027.74,1,W,5,N
402,810.19,1028.04,1,E,5,N
403,846.45,1028.34,1,E,5,N
208,887.23,1037.37,1,S,3,E
200,844.85,1099.20,1,S,5,W
207,885.86,1099.50,1,S,5,W
210,889.95,1099.80,1,S,5,W
214,898.61,1100.10,1,S,5,W
215,899.31,1100.40,1,S,5,W
348,879.65,1100.70,1,W,5,W
350,886.29,1101.00,1,W,5,W
197,841.41,1121.34,1,S,5,N
198,843.18,1121.64,1,S,5,N
201,846.48,1121.94,1,S,5,N
202,879.62,1122.24,1,S,5,N
203,880.32,1122.54,1,S,5,N
204,880.60,1122.84,1,S,5,N
206,881.99,1123.14,1,S,5,N
209,888.98,1123.44,1,S,5,N
213,897.56,1123.74,1,S,5,N
349,883.15,1124.04,1,W,5,N
351,886.96,1124.34,1,W,5,N