id,enter_time,exit_time,entrance_intersection,entrance_direction,exit_intersection,exit_direction
9,9.95,24.09,1,S,1,E
500,1.86,66.44,5,W,5,N
501,5.62,66.74,5,W,5,N
502,6.84,67.04,5,W,5,N
503,9.73,67.34,5,W,5,N
504,13.45,67.64,5,W,5,N
505,14.61,67.94,5,W,5,N
506,31.52,68.24,5,W,5,N
507,39.74,68.54,5,W,5,N
508,41.21,68.84,5,W,5,N
509,54.16,69.14,5,W,5,N
510,61.28,69.44,5,W,5,N
637,0.52,80.44,5,E,5,N
638,23.68,80.74,5,E,5,N
639,47.22,81.04,5,E,5,N
3,5.50,100.70,1,S,1,W
6,6.86,101.00,1,S,1,W
14,17.94,101.30,1,S,1,W
23,58.36,101.60,1,S,1,W
12,15.30,102.20,1,S,2,E
15,18.33,102.80,1,S,2,W
18,20.80,103.70,1,S,2,W
640,97.74,103.87,5,E,5,N
208,62.81,105.50,1,W,2,W
440,27.78,125.13,3,W,5,E
464,45.08,131.27,3,E,5,N
465,52.69,131.57,3,E,5,N
13,16.74,138.57,1,S,3,W
20,52.87,139.62,1,S,2,W
24,60.79,140.52,1,S,2,W
207,60.99,141.27,1,W,3,E
28,98.55,141.72,1,S,2,W
441,86.91,142.54,3,W,5,E
511,77.64,166.34,5,W,5,N
512,79.01,166.64,5,W,5,N
513,80.38,166.94,5,W,5,N
514,81.85,167.24,5,W,5,N
515,109.44,167.54,5,W,5,N
516,117.61,167.84,5,W,5,N
517,125.86,168.14,5,W,5,N
518,127.36,168.44,5,W,5,N
519,130.05,168.74,5,W,5,N
520,131.46,169.04,5,W,5,N
521,132.75,169.34,5,W,5,N
522,135.75,169.64,5,W,5,N
523,137.16,169.94,5,W,5,N
524,139.98,170.24,5,W,5,N
525,142.75,170.54,5,W,5,N
526,144.24,170.84,5,W,5,N
527,167.08,173.22,5,W,5,N
528,168.22,174.35,5,W,5,N
529,168.42,174.56,5,W,5,N
530,170.38,176.52,5,W,5,N
531,171.56,177.70,5,W,5,N
641,103.05,180.34,5,E,5,N
642,122.27,180.64,5,E,5,N
643,173.30,180.94,5,E,5,N
644,182.62,188.76,5,E,5,N
645,185.56,191.69,5,E,5,N
1,2.91,200.10,1,S,5,W
22,56.76,200.20,1,S,3,W
415,44.14,200.40,2,E,5,W
416,87.58,200.70,2,E,5,W
31,135.21,200.80,1,S,2,W
7,7.75,201.00,1,S,5,W
35,173.91,201.10,1,S,1,W
10,11.52,201.30,1,S,5,W
17,20.39,201.60,1,S,5,W
206,47.98,201.90,1,W,5,W
210,63.45,202.20,1,W,5,W
329,66.27,202.50,1,E,5,W
330,70.35,202.80,1,E,5,W
216,97.89,202.90,1,W,2,W
417,129.66,212.67,2,E,3,W
2,3.70,216.40,1,S,5,E
0,1.83,222.24,1,S,5,N
389,10.35,222.84,2,W,5,N
4,5.85,223.14,1,S,5,N
5,6.77,223.44,1,S,5,N
8,9.58,223.74,1,S,5,N
11,15.04,224.04,1,S,5,N
16,19.18,224.34,1,S,5,N
19,22.11,224.64,1,S,5,N
204,8.48,224.94,1,W,5,N
205,28.12,225.24,1,W,5,N
209,63.11,225.54,1,W,5,N
326,0.68,225.84,1,E,5,N
327,55.66,226.14,1,E,5,N
328,61.35,226.44,1,E,5,N
331,85.39,226.74,1,E,5,N
466,102.44,231.07,3,E,5,N
469,144.24,231.97,3,E,5,N
213,82.13,238.07,1,W,3,E
471,177.02,238.79,3,E,5,N
221,125.60,240.47,1,W,3,E
222,148.31,240.77,1,W,3,E
532,176.20,266.24,5,W,5,N
533,177.55,266.54,5,W,5,N
534,185.79,266.84,5,W,5,N
535,187.28,267.14,5,W,5,N
536,200.40,267.44,5,W,5,N
537,202.02,267.74,5,W,5,N
538,204.89,268.04,5,W,5,N
539,206.58,268.34,5,W,5,N
540,220.92,268.64,5,W,5,N
541,221.89,268.94,5,W,5,N
542,229.00,269.24,5,W,5,N
543,229.27,269.54,5,W,5,N
544,231.53,269.84,5,W,5,N
545,232.09,270.14,5,W,5,N
646,234.78,280.24,5,E,5,N
647,240.62,280.54,5,E,5,N
648,291.05,297.19,5,E,5,N
442,152.69,300.00,3,W,5,W
467,104.00,300.30,3,E,5,W
468,134.32,300.60,3,E,5,W
470,175.45,300.90,3,E,5,W
27,98.43,301.20,1,S,5,W
40,203.42,301.50,1,S,1,W
418,161.49,301.50,2,E,5,W
44,207.16,301.80,1,S,1,W
419,177.27,301.80,2,E,5,W
45,207.56,302.10,1,S,1,W
212,81.00,302.10,1,W,5,W
50,222.19,302.40,1,S,2,W
49,217.96,302.40,1,S,1,W
217,119.95,302.40,1,W,5,W
51,255.51,302.70,1,S,1,W
220,123.91,302.70,1,W,5,W
64,270.78,303.00,1,S,1,W
332,105.24,303.00,1,E,5,W
65,272.30,303.30,1,S,1,W
239,263.34,307.50,1,W,2,W
62,267.26,317.30,1,S,1,E
32,136.25,318.10,1,S,5,E
68,275.35,318.50,1,S,1,E
214,82.70,318.70,1,W,5,E
72,282.96,319.70,1,S,1,E
334,192.47,320.20,1,E,5,E
77,287.12,321.20,1,S,1,E
21,54.87,322.14,1,S,5,N
25,62.14,322.44,1,S,5,N
26,97.23,322.74,1,S,5,N
29,99.68,323.04,1,S,5,N
390,100.44,323.34,2,W,5,N
391,186.18,323.64,2,W,5,N
30,134.51,323.94,1,S,5,N
211,64.85,324.54,1,W,5,N
443,213.47,324.73,3,W,5,E
215,96.61,325.14,1,W,5,N
218,121.84,325.44,1,W,5,N
219,122.84,325.74,1,W,5,N
333,142.98,326.04,1,E,5,N
473,210.20,331.17,3,E,5,N
475,213.41,331.77,3,E,5,N
339,282.13,345.67,1,E,3,W
546,277.73,366.14,5,W,5,N
547,279.36,366.44,5,W,5,N
548,280.58,366.74,5,W,5,N
549,282.39,367.04,5,W,5,N
550,284.00,367.34,5,W,5,N
551,297.61,367.64,5,W,5,N
552,307.76,367.94,5,W,5,N
553,323.56,368.24,5,W,5,N
554,325.02,368.54,5,W,5,N
555,335.05,368.84,5,W,5,N
556,362.86,369.00,5,W,5,N
557,363.90,370.04,5,W,5,N
558,366.57,372.71,5,W,5,N
559,368.84,374.98,5,W,5,N
649,310.80,380.14,5,E,5,N
650,311.04,380.44,5,E,5,N
651,312.68,380.74,5,E,5,N
652,327.55,381.04,5,E,5,N
653,356.28,381.34,5,E,5,N
472,208.90,399.90,3,E,5,W
444,217.83,400.20,3,W,5,W
55,259.24,400.40,1,S,3,E
474,211.88,400.50,3,E,5,W
476,214.96,400.80,3,E,5,W
477,216.13,401.10,3,E,5,W
478,262.28,401.40,3,E,5,W
445,278.15,401.70,3,W,5,W
86,336.74,401.90,1,S,1,W
39,202.15,402.00,1,S,5,W
91,343.69,402.20,1,S,1,W
61,266.27,402.20,1,S,3,E
421,260.75,402.30,2,E,5,W
93,343.87,402.50,1,S,1,W
63,267.63,402.50,1,S,3,W
394,258.64,402.60,2,W,5,W
94,375.14,402.80,1,S,1,W
42,205.28,402.90,1,S,5,W
80,291.07,403.10,1,S,2,W
46,209.10,403.20,1,S,5,W
81,292.36,403.40,1,S,2,E
48,217.41,403.50,1,S,5,W
224,174.01,403.80,1,W,5,W
226,188.29,404.10,1,W,5,W
228,189.73,404.40,1,W,5,W
229,191.00,404.70,1,W,5,W
230,192.28,405.00,1,W,5,W
242,266.63,405.20,1,W,2,W
232,195.74,405.30,1,W,5,W
234,200.81,405.60,1,W,5,W
240,264.24,405.90,1,W,5,W
241,265.47,406.20,1,W,5,W
102,392.21,406.35,1,S,1,W
336,229.74,406.50,1,E,5,W
338,256.57,406.80,1,E,5,W
259,359.34,410.30,1,W,2,W
105,397.16,411.30,1,S,1,W
92,343.70,415.60,1,S,1,E
33,141.77,415.90,1,S,5,E
225,182.11,419.80,1,W,5,E
238,246.31,421.90,1,W,5,E
335,211.55,422.20,1,E,5,E
34,172.34,422.34,1,S,5,N
36,176.51,422.64,1,S,5,N
37,178.37,422.94,1,S,5,N
38,202.05,423.24,1,S,5,N
420,220.90,423.54,2,E,5,N
392,219.98,423.84,2,W,5,N
393,248.18,424.14,2,W,5,N
395,286.97,424.44,2,W,5,N
41,204.80,424.74,1,S,5,N
43,207.11,425.04,1,S,5,N
47,211.75,425.34,1,S,5,N
223,173.99,425.64,1,W,5,N
227,188.73,426.24,1,W,5,N
231,194.21,426.54,1,W,5,N
233,199.41,426.84,1,W,5,N
235,210.81,427.14,1,W,5,N
236,212.54,427.44,1,W,5,N
237,223.27,427.74,1,W,5,N
337,240.09,428.64,1,E,5,N
479,302.05,430.67,3,E,5,N
480,343.83,430.97,3,E,5,N
448,350.47,431.27,3,W,5,N
99,386.53,443.22,1,S,2,E
256,338.64,445.47,1,W,3,W
257,345.06,445.77,1,W,3,E
560,379.29,466.04,5,W,5,N
561,379.33,466.34,5,W,5,N
562,394.71,466.64,5,W,5,N
563,428.17,466.94,5,W,5,N
564,436.07,467.24,5,W,5,N
565,444.29,467.54,5,W,5,N
566,472.29,478.43,5,W,5,N
654,405.89,480.04,5,E,5,N
655,411.77,480.34,5,E,5,N
656,412.24,480.64,5,E,5,N
657,438.58,480.94,5,E,5,N
658,462.96,481.24,5,E,5,N
446,338.19,499.80,3,W,5,W
447,342.75,500.10,3,W,5,W
481,395.67,500.40,3,E,5,W
53,256.25,500.70,1,S,5,W
54,257.59,501.00,1,S,5,W
56,262.06,501.30,1,S,5,W
59,265.73,501.60,1,S,5,W
60,266.14,501.90,1,S,5,W
422,307.02,502.20,2,E,5,W
106,398.97,502.30,1,S,1,W
396,371.87,502.50,2,W,5,W
107,399.95,502.60,1,S,1,W
425,393.19,502.80,2,E,5,W
118,447.89,502.90,1,S,1,W
71,279.11,503.10,1,S,5,W
124,487.96,503.20,1,S,1,W
73,284.94,503.40,1,S,5,W
79,289.46,503.70,1,S,5,W
82,292.43,504.00,1,S,5,W
84,296.44,504.30,1,S,5,W
85,335.65,504.60,1,S,5,W
243,269.02,504.90,1,W,5,W
271,451.14,505.00,1,W,2,E
245,272.25,505.20,1,W,5,W
252,303.56,505.50,1,W,5,W
254,313.68,505.80,1,W,5,W
340,327.41,506.10,1,E,5,W
341,336.41,506.40,1,E,5,W
342,340.17,506.70,1,E,5,W
344,386.38,507.00,1,E,5,W
397,469.63,512.97,2,W,3,W
113,443.57,515.40,1,S,1,E
52,256.18,521.94,1,S,5,N
57,262.24,522.24,1,S,5,N
58,264.19,522.54,1,S,5,N
66,272.47,522.84,1,S,5,N
67,274.20,523.14,1,S,5,N
69,277.09,523.44,1,S,5,N
423,338.04,523.74,2,E,5,N
424,348.34,524.04,2,E,5,N
70,277.75,524.34,1,S,5,N
74,285.61,524.64,1,S,5,N
75,286.25,524.94,1,S,5,N
76,286.35,525.24,1,S,5,N
78,288.27,525.54,1,S,5,N
83,296.03,525.84,1,S,5,N
87,337.84,526.14,1,S,5,N
244,270.56,526.44,1,W,5,N
246,286.29,526.74,1,W,5,N
247,289.31,527.04,1,W,5,N
248,290.15,527.34,1,W,5,N
249,291.71,527.64,1,W,5,N
250,295.29,527.94,1,W,5,N
251,298.11,528.24,1,W,5,N
253,313.04,528.54,1,W,5,N
255,317.26,528.84,1,W,5,N
258,358.26,529.14,1,W,5,N
343,348.90,529.44,1,E,5,N
345,388.43,529.74,1,E,5,N
482,439.75,530.47,3,E,5,N
450,425.47,530.77,3,W,5,N
451,445.59,531.07,3,W,5,N
452,472.75,534.52,3,W,5,N
110,436.99,537.17,1,S,3,W
347,436.06,541.37,1,E,3,W
483,480.25,542.02,3,E,5,N
119,449.08,543.02,1,S,2,W
354,499.11,561.30,1,E,3,W
567,474.57,565.94,5,W,5,N
568,476.11,566.24,5,W,5,N
569,501.44,566.54,5,W,5,N
570,507.78,566.84,5,W,5,N
571,509.65,567.14,5,W,5,N
572,510.68,567.44,5,W,5,N
573,512.33,567.74,5,W,5,N
574,514.70,568.04,5,W,5,N
575,523.49,568.34,5,W,5,N
576,527.84,568.64,5,W,5,N
577,533.61,568.94,5,W,5,N
578,535.53,569.24,5,W,5,N
579,537.37,569.54,5,W,5,N
580,547.90,569.84,5,W,5,N
581,562.98,570.14,5,W,5,N
582,570.63,576.77,5,W,5,N
583,572.57,578.71,5,W,5,N
659,532.27,579.94,5,E,5,N
112,443.17,599.40,1,S,3,W
346,400.32,599.70,1,E,5,W
449,422.11,600.00,3,W,5,W
116,446.91,600.30,1,S,3,W
453,490.29,600.30,3,W,5,W
454,498.58,600.60,3,W,5,W
95,377.21,600.90,1,S,5,W
97,380.31,601.20,1,S,5,W
98,384.97,601.50,1,S,5,W
101,391.70,601.80,1,S,5,W
426,432.55,602.10,2,E,5,W
109,435.24,602.40,1,S,5,W
127,493.41,602.70,1,S,3,E
265,409.45,602.70,1,W,5,W
132,499.49,602.70,1,S,1,W
349,448.45,603.00,1,E,5,W
660,598.36,604.50,5,E,5,N
261,390.72,619.30,1,W,5,E
262,405.92,619.60,1,W,5,E
267,445.16,620.80,1,W,5,E
270,449.22,621.70,1,W,5,E
88,339.32,621.84,1,S,5,N
89,340.41,622.14,1,S,5,N
350,452.23,622.30,1,E,5,E
90,340.78,622.44,1,S,5,N
96,378.72,622.74,1,S,5,N
100,390.05,623.04,1,S,5,N
353,493.27,623.20,1,E,5,E
103,392.89,623.34,1,S,5,N
104,394.43,623.64,1,S,5,N
108,401.59,623.94,1,S,5,N
363,597.90,624.02,1,E,2,E
427,482.10,624.24,2,E,5,N
398,495.30,624.54,2,W,5,N
486,548.02,624.73,3,E,5,E
111,437.46,624.84,1,S,5,N
260,373.99,625.14,1,W,5,N
263,406.73,626.04,1,W,5,N
264,407.68,626.34,1,W,5,N
266,429.13,626.64,1,W,5,N
268,446.95,627.24,1,W,5,N
269,448.83,627.54,1,W,5,N
348,438.98,628.14,1,E,5,N
351,456.11,628.74,1,E,5,N
352,482.39,629.04,1,E,5,N
485,546.06,630.57,3,E,5,N
134,535.71,638.47,1,S,3,W
144,626.40,640.54,1,S,1,E
358,531.73,642.97,1,E,3,W
361,545.18,643.87,1,E,3,W
364,599.19,661.38,1,E,3,W
584,574.00,665.84,5,W,5,N
585,576.71,666.14,5,W,5,N
586,591.33,666.44,5,W,5,N
587,598.10,666.74,5,W,5,N
588,599.95,667.04,5,W,5,N
589,644.84,667.34,5,W,5,N
590,654.98,667.64,5,W,5,N
591,655.35,667.94,5,W,5,N
592,662.95,669.08,5,W,5,N
593,672.05,678.19,5,W,5,N
661,601.64,679.84,5,E,5,N
662,650.30,680.14,5,E,5,N
663,656.26,680.44,5,E,5,N
664,670.37,680.74,5,E,5,N
665,671.27,681.04,5,E,5,N
666,673.36,681.34,5,E,5,N
667,677.91,684.04,5,E,5,N
668,679.87,686.00,5,E,5,N
455,563.05,699.60,3,W,5,W
484,536.27,699.90,3,E,5,W
456,592.51,700.20,3,W,5,W
114,444.95,700.50,1,S,5,W
120,450.27,700.80,1,S,5,W
122,485.80,701.10,1,S,5,W
123,486.94,701.40,1,S,5,W
126,492.09,701.70,1,S,5,W
399,525.36,702.00,2,W,5,W
431,576.25,702.30,2,E,5,W
432,590.59,702.60,2,E,5,W
130,497.54,702.90,1,S,5,W
143,620.54,703.10,1,S,1,W
131,498.98,703.20,1,S,5,W
145,631.58,703.40,1,S,1,W
273,468.52,703.50,1,W,5,W
151,672.39,703.70,1,S,1,W
276,510.12,703.80,1,W,5,W
157,684.04,704.00,1,S,1,W
277,515.65,704.10,1,W,5,W
160,687.65,704.30,1,S,1,W
357,526.97,704.40,1,E,5,W
161,689.51,704.60,1,S,1,W
360,541.63,704.70,1,E,5,W
163,692.20,706.34,1,S,1,W
367,606.03,707.00,1,E,2,W
150,671.24,717.10,1,S,1,E
371,692.40,718.51,1,E,2,W
156,682.97,718.60,1,S,1,E
403,580.15,718.90,2,W,5,E
164,695.79,719.80,1,S,1,E
167,699.89,720.70,1,S,1,E
168,701.00,721.00,1,S,1,E
355,501.27,721.74,1,E,5,N
115,446.50,722.04,1,S,5,N
117,447.44,722.34,1,S,5,N
121,453.36,722.64,1,S,5,N
125,490.73,722.94,1,S,5,N
428,501.67,723.24,2,E,5,N
400,533.05,723.54,2,W,5,N
429,522.37,723.84,2,E,5,N
430,543.66,724.14,2,E,5,N
401,544.40,724.44,2,W,5,N
402,556.42,724.74,2,W,5,N
128,494.06,725.34,1,S,5,N
129,495.71,725.64,1,S,5,N
133,534.01,725.94,1,S,5,N
272,467.07,726.24,1,W,5,N
274,484.62,726.54,1,W,5,N
275,500.62,726.84,1,W,5,N
278,516.88,727.14,1,W,5,N
279,526.01,727.44,1,W,5,N
280,544.64,727.74,1,W,5,N
281,546.15,728.04,1,W,5,N
282,553.09,728.34,1,W,5,N
283,554.84,728.64,1,W,5,N
356,516.67,728.94,1,E,5,N
359,537.29,729.24,1,E,5,N
362,595.69,729.54,1,E,5,N
487,604.94,730.07,3,E,5,N
488,660.58,730.37,3,E,5,N
489,668.29,730.67,3,E,5,N
491,671.81,733.58,3,E,5,N
287,594.98,740.07,1,W,3,E
289,617.57,740.67,1,W,3,W
153,678.86,743.82,1,S,2,W
493,691.04,752.81,3,E,5,N
594,710.61,765.74,5,W,5,N
595,712.07,766.04,5,W,5,N
596,713.68,766.34,5,W,5,N
597,714.93,766.64,5,W,5,N
598,723.49,766.94,5,W,5,N
599,726.30,767.24,5,W,5,N
600,739.80,767.54,5,W,5,N
601,763.91,770.04,5,W,5,N
602,766.07,772.21,5,W,5,N
669,703.38,779.74,5,E,5,N
670,704.22,780.04,5,E,5,N
671,706.05,780.34,5,E,5,N
672,777.66,783.79,5,E,5,N
457,648.96,799.50,3,W,5,W
147,665.89,799.60,1,S,3,W
490,670.23,799.80,3,E,5,W
492,684.18,800.10,3,E,5,W
365,601.41,800.40,1,E,5,W
434,669.00,800.70,2,E,5,W
138,610.48,801.00,1,S,5,W
288,616.51,801.30,1,W,5,W
171,705.49,802.30,1,S,2,W
296,681.61,803.20,1,W,2,W
170,703.47,803.50,1,S,1,W
173,709.79,803.80,1,S,1,W
175,715.56,804.10,1,S,1,W
140,613.67,818.50,1,S,5,E
284,570.52,819.40,1,W,5,E
291,637.58,820.60,1,W,5,E
135,574.17,821.64,1,S,5,N
433,622.54,821.94,2,E,5,N
404,608.06,822.24,2,W,5,N
368,616.93,822.40,1,E,5,E
405,622.79,822.54,2,W,5,N
369,679.64,822.70,1,E,5,E
406,654.19,822.84,2,W,5,N
407,678.40,823.14,2,W,5,N
408,692.71,823.44,2,W,5,N
458,722.46,823.73,3,W,5,E
136,608.18,823.74,1,S,5,N
137,609.76,824.04,1,S,5,N
139,611.71,824.34,1,S,5,N
141,616.79,824.94,1,S,5,N
191,811.09,825.23,1,S,1,E
142,618.24,825.24,1,S,5,N
285,576.13,825.84,1,W,5,N
286,591.77,826.14,1,W,5,N
290,636.29,826.44,1,W,5,N
292,638.64,827.04,1,W,5,N
293,653.96,827.34,1,W,5,N
294,663.77,827.64,1,W,5,N
295,665.05,827.94,1,W,5,N
366,602.97,828.24,1,E,5,N
370,681.72,829.14,1,E,5,N
372,700.44,829.44,1,E,5,N
495,757.04,830.17,3,E,5,N
496,758.56,830.47,3,E,5,N
460,756.89,830.47,3,W,5,N
162,690.43,837.17,1,S,3,W
165,696.71,837.47,1,S,3,E
174,711.86,838.97,1,S,3,W
301,702.75,840.77,1,W,3,W
302,717.78,841.07,1,W,3,E
178,760.16,843.02,1,S,2,W
603,792.64,865.64,5,W,5,N
604,793.17,865.94,5,W,5,N
605,800.47,866.24,5,W,5,N
606,801.58,866.54,5,W,5,N
607,802.73,866.84,5,W,5,N
608,804.39,867.14,5,W,5,N
609,807.25,867.44,5,W,5,N
610,808.31,867.74,5,W,5,N
611,809.64,868.04,5,W,5,N
612,820.09,868.34,5,W,5,N
613,820.77,868.64,5,W,5,N
614,823.29,868.94,5,W,5,N
615,824.03,869.24,5,W,5,N
616,825.88,869.54,5,W,5,N
617,827.14,869.84,5,W,5,N
618,835.15,870.14,5,W,5,N
619,836.34,870.44,5,W,5,N
620,851.44,870.74,5,W,5,N
621,858.59,871.04,5,W,5,N
622,860.04,871.34,5,W,5,N
623,862.23,871.64,5,W,5,N
673,805.01,879.64,5,E,5,N
674,806.13,879.94,5,E,5,N
675,807.60,880.24,5,E,5,N
676,825.53,880.54,5,E,5,N
677,867.50,880.84,5,E,5,N
678,876.09,882.23,5,E,5,N
679,892.09,898.23,5,E,5,N
176,758.71,898.50,1,S,3,W
494,748.21,899.40,3,E,5,W
459,743.47,899.70,3,W,5,W
373,701.80,900.00,1,E,5,W
146,663.31,900.30,1,S,5,W
148,668.46,900.60,1,S,5,W
154,679.73,900.90,1,S,5,W
186,768.46,901.20,1,S,3,W
158,685.53,901.20,1,S,5,W
409,703.95,901.50,2,W,5,W
410,712.34,901.80,2,W,5,W
166,699.36,902.10,1,S,5,W
305,743.45,902.40,1,W,5,W
309,765.79,902.70,1,W,5,W
375,706.65,903.00,1,E,5,W
378,740.48,903.30,1,E,5,W
379,744.83,903.60,1,E,5,W
195,820.94,903.90,1,S,1,W
319,831.51,906.00,1,W,2,W
198,893.31,907.44,1,S,1,W
381,805.28,907.50,1,E,2,W
199,894.07,908.21,1,S,1,W
438,827.90,913.67,2,E,3,W
435,718.31,916.90,2,E,5,E
411,712.56,917.50,2,W,5,E
297,683.25,918.70,1,W,5,E
307,762.15,920.80,1,W,5,E
374,702.40,921.54,1,E,5,N
149,669.97,921.84,1,S,5,N
152,673.40,922.14,1,S,5,N
155,682.62,922.44,1,S,5,N
159,686.94,922.74,1,S,5,N
436,762.48,923.34,2,E,5,N
412,791.66,923.94,2,W,5,N
169,701.63,924.24,1,S,5,N
172,709.40,924.54,1,S,5,N
298,684.94,925.14,1,W,5,N
299,700.17,925.44,1,W,5,N
388,899.41,925.52,1,E,2,W
300,702.73,925.74,1,W,5,N
303,727.05,926.04,1,W,5,N
304,728.34,926.34,1,W,5,N
306,746.10,926.64,1,W,5,N
308,763.99,927.24,1,W,5,N
310,766.10,927.54,1,W,5,N
376,709.68,927.84,1,E,5,N
377,726.36,928.14,1,E,5,N
497,812.07,929.67,3,E,5,N
461,821.10,929.67,3,W,5,N
498,845.08,929.97,3,E,5,N
192,812.95,938.47,1,S,3,E
193,813.48,938.77,1,S,3,E
311,771.77,939.67,1,W,3,W
462,884.50,946.27,3,W,5,N
499,896.43,958.20,3,E,5,N
624,875.79,965.54,5,W,5,N
625,876.83,965.84,5,W,5,N
626,876.97,966.14,5,W,5,N
627,880.40,966.44,5,W,5,N
628,882.28,966.74,5,W,5,N
629,884.48,967.04,5,W,5,N
630,886.10,967.34,5,W,5,N
631,887.36,967.64,5,W,5,N
632,888.27,967.94,5,W,5,N
633,896.16,968.24,5,W,5,N
634,896.22,968.54,5,W,5,N
635,897.88,968.84,5,W,5,N
636,899.31,969.14,5,W,5,N
202,899.10,999.20,1,S,3,W
180,761.58,999.30,1,S,5,W
182,764.01,999.60,1,S,5,W
184,765.91,999.90,1,S,5,W
437,811.91,1000.20,2,E,5,W
414,859.68,1000.50,2,W,5,W
187,770.94,1000.80,1,S,5,W
188,771.04,1001.10,1,S,5,W
313,778.69,1001.40,1,W,5,W
318,829.67,1001.70,1,W,5,W
320,850.77,1002.00,1,W,5,W
385,885.52,1003.34,1,E,5,W
315,783.30,1019.50,1,W,5,E
382,820.11,1021.30,1,E,5,E
463,897.58,1021.44,3,W,5,N
177,759.83,1021.74,1,S,5,N
179,761.37,1022.04,1,S,5,N
181,762.83,1022.34,1,S,5,N
183,765.25,1022.64,1,S,5,N
185,767.58,1022.94,1,S,5,N
413,827.92,1023.24,2,W,5,N
439,875.31,1023.54,2,E,5,N
189,804.98,1023.84,1,S,5,N
190,805.75,1024.14,1,S,5,N
194,819.02,1024.44,1,S,5,N
196,823.17,1024.74,1,S,5,N
312,775.23,1025.04,1,W,5,N
314,780.48,1025.34,1,W,5,N
316,785.03,1025.94,1,W,5,N
317,810.12,1026.24,1,W,5,N
321,851.65,1026.54,1,W,5,N
322,854.86,1026.84,1,W,5,N
380,804.69,1027.14,1,E,5,N
383,838.94,1027.74,1,E,5,N
384,858.66,1028.04,1,E,5,N
386,894.05,1028.34,1,E,5,N
387,897.68,1028.64,1,E,5,N
325,884.31,1037.97,1,W,3,E
197,844.81,1099.20,1,S,5,W
201,898.54,1099.50,1,S,5,W
324,871.60,1099.80,1,W,5,W
200,894.37,1121.34,1,S,5,N
203,899.21,1121.64,1,S,5,N
323,869.75,1121.94,1,W,5,N