id,enter_time,exit_time,entrance_intersection,entrance_direction,exit_intersection,exit_direction
501,7.20,66.44,5,W,5,N
502,8.90,66.74,5,W,5,N
503,11.16,67.04,5,W,5,N
504,41.75,67.34,5,W,5,N
505,44.62,67.64,5,W,5,N
506,45.07,67.94,5,W,5,N
651,71.85,80.44,5,E,5,N
652,77.50,83.64,5,E,5,N
653,82.14,88.27,5,E,5,N
654,88.03,94.17,5,E,5,N
655,93.81,99.95,5,E,5,N
4,8.89,100.70,1,S,1,W
7,39.41,101.00,1,S,1,W
11,74.39,101.30,1,S,1,W
13,76.71,101.60,1,S,1,W
163,2.12,101.90,1,W,2,W
14,76.86,101.90,1,S,1,W
171,42.29,104.30,1,W,2,W
173,53.10,104.90,1,W,2,W
406,88.77,124.84,2,E,3,E
430,25.80,131.87,3,W,5,N
316,36.23,141.87,1,E,3,E
454,83.17,144.94,3,E,5,N
455,85.00,146.77,3,E,5,N
456,94.35,156.12,3,E,5,N
507,77.79,166.34,5,W,5,N
508,85.69,166.64,5,W,5,N
509,86.90,166.94,5,W,5,N
510,97.22,167.24,5,W,5,N
511,97.22,167.54,5,W,5,N
512,99.17,167.84,5,W,5,N
513,107.10,168.14,5,W,5,N
514,113.91,168.44,5,W,5,N
515,114.85,168.74,5,W,5,N
516,117.71,169.04,5,W,5,N
517,119.07,169.34,5,W,5,N
518,120.61,169.64,5,W,5,N
519,123.55,169.94,5,W,5,N
520,127.92,170.24,5,W,5,N
521,130.75,170.54,5,W,5,N
522,132.18,170.84,5,W,5,N
523,145.14,171.14,5,W,5,N
524,160.28,171.44,5,W,5,N
525,161.54,171.74,5,W,5,N
526,164.61,172.04,5,W,5,N
527,166.63,172.77,5,W,5,N
528,166.94,173.07,5,W,5,N
656,144.88,180.34,5,E,5,N
452,49.79,200.10,3,E,5,W
428,14.05,200.40,3,W,5,W
429,14.15,200.70,3,W,5,W
453,51.55,201.00,3,E,5,W
16,109.43,201.10,1,S,1,W
15,78.25,201.10,1,S,3,W
431,82.69,201.30,3,W,5,W
24,175.20,201.40,1,S,1,W
0,3.36,201.60,1,S,5,W
28,180.80,201.70,1,S,1,W
377,5.59,201.90,2,W,5,W
405,47.02,202.20,2,E,5,W
167,29.58,202.50,1,W,5,W
168,32.59,202.80,1,W,5,W
174,54.83,203.10,1,W,5,W
657,197.34,203.48,5,E,5,N
36,190.52,204.66,1,S,1,W
21,149.23,214.50,1,S,1,E
27,180.41,216.00,1,S,1,E
29,181.25,216.30,1,S,1,E
6,35.94,218.20,1,S,5,E
164,11.88,218.50,1,W,5,E
39,198.60,218.70,1,S,1,E
378,89.71,222.24,2,W,5,N
379,91.83,222.54,2,W,5,N
407,99.74,222.84,2,E,5,N
1,5.30,223.14,1,S,5,N
2,5.32,223.44,1,S,5,N
3,8.07,223.74,1,S,5,N
5,35.76,224.04,1,S,5,N
165,18.43,224.94,1,W,5,N
166,19.66,225.24,1,W,5,N
169,33.66,225.54,1,W,5,N
170,34.97,225.84,1,W,5,N
172,43.97,226.14,1,W,5,N
462,131.90,226.43,3,E,5,E
315,5.26,226.44,1,E,5,N
317,39.72,226.74,1,E,5,N
318,68.44,227.04,1,E,5,N
319,86.70,227.34,1,E,5,N
320,96.73,227.64,1,E,5,N
432,112.63,231.07,3,W,5,N
457,102.69,231.07,3,E,5,N
459,119.77,231.67,3,E,5,N
460,121.56,231.97,3,E,5,N
464,138.63,233.17,3,E,5,N
26,178.86,241.82,1,S,2,E
326,180.38,245.57,1,E,3,E
465,195.11,256.88,3,E,5,N
434,196.81,258.58,3,W,5,N
529,194.55,266.24,5,W,5,N
530,196.18,266.54,5,W,5,N
531,196.98,266.84,5,W,5,N
532,199.97,267.14,5,W,5,N
533,200.67,267.44,5,W,5,N
534,223.24,267.74,5,W,5,N
535,225.02,268.04,5,W,5,N
536,228.29,268.34,5,W,5,N
537,230.73,268.64,5,W,5,N
538,230.95,268.94,5,W,5,N
539,232.01,269.24,5,W,5,N
540,233.82,269.54,5,W,5,N
541,236.82,269.84,5,W,5,N
542,244.38,270.14,5,W,5,N
543,245.93,270.44,5,W,5,N
544,246.97,270.74,5,W,5,N
545,249.70,271.04,5,W,5,N
546,269.59,275.72,5,W,5,N
547,271.00,277.13,5,W,5,N
658,265.76,280.24,5,E,5,N
659,266.31,280.54,5,E,5,N
321,100.02,300.00,1,E,5,W
458,117.87,300.30,3,E,5,W
461,122.97,300.60,3,E,5,W
463,136.96,300.90,3,E,5,W
433,175.28,301.20,3,W,5,W
38,198.39,301.50,1,S,1,W
466,196.50,301.50,3,E,5,W
47,207.22,301.80,1,S,1,W
8,40.46,301.80,1,S,5,W
50,209.44,302.10,1,S,1,W
10,74.31,302.10,1,S,5,W
12,76.66,302.40,1,S,5,W
18,111.98,302.70,1,S,5,W
37,196.41,303.00,1,S,3,E
175,68.11,303.00,1,W,5,W
199,165.80,303.30,1,W,2,E
182,101.49,303.30,1,W,5,W
184,111.23,303.60,1,W,5,W
187,114.11,303.90,1,W,5,W
188,114.44,304.20,1,W,5,W
189,115.57,304.50,1,W,5,W
190,116.28,304.80,1,W,5,W
193,123.04,305.10,1,W,5,W
206,250.78,305.40,1,W,2,E
194,147.43,305.40,1,W,5,W
195,149.19,305.70,1,W,5,W
197,157.63,306.00,1,W,5,W
328,215.66,306.30,1,E,2,W
322,123.83,306.30,1,E,5,W
324,143.67,306.60,1,E,5,W
9,41.91,322.14,1,S,5,N
408,112.34,322.44,2,E,5,N
409,145.69,322.74,2,E,5,N
380,179.31,323.04,2,W,5,N
381,192.50,323.34,2,W,5,N
410,193.41,323.64,2,E,5,N
382,196.42,323.94,2,W,5,N
17,110.82,324.24,1,S,5,N
176,71.20,324.54,1,W,5,N
177,81.15,324.84,1,W,5,N
178,86.53,325.14,1,W,5,N
179,95.75,325.44,1,W,5,N
180,96.99,325.74,1,W,5,N
181,99.87,326.04,1,W,5,N
183,109.69,326.34,1,W,5,N
185,112.81,326.64,1,W,5,N
186,114.00,326.94,1,W,5,N
191,121.56,327.24,1,W,5,N
192,121.86,327.54,1,W,5,N
196,150.18,327.84,1,W,5,N
198,159.34,328.14,1,W,5,N
323,127.56,328.44,1,E,5,N
325,169.73,328.74,1,E,5,N
327,197.08,329.04,1,E,5,N
435,254.25,330.87,3,W,5,N
52,254.27,340.72,1,S,2,W
205,234.17,341.17,1,W,3,E
548,278.32,366.14,5,W,5,N
549,285.28,366.44,5,W,5,N
550,292.74,366.74,5,W,5,N
551,301.76,367.04,5,W,5,N
552,307.83,367.34,5,W,5,N
553,308.42,367.64,5,W,5,N
554,310.20,367.94,5,W,5,N
555,311.80,368.24,5,W,5,N
556,311.87,368.54,5,W,5,N
557,312.84,368.84,5,W,5,N
558,323.33,369.14,5,W,5,N
559,330.79,369.44,5,W,5,N
560,331.20,369.74,5,W,5,N
561,341.93,370.04,5,W,5,N
562,342.06,370.34,5,W,5,N
563,343.57,370.64,5,W,5,N
564,344.30,370.94,5,W,5,N
565,345.96,371.24,5,W,5,N
566,354.82,371.54,5,W,5,N
567,365.07,371.84,5,W,5,N
568,365.89,372.02,5,W,5,N
569,369.77,375.91,5,W,5,N
660,314.08,380.14,5,E,5,N
661,323.63,380.44,5,E,5,N
467,255.59,399.90,3,E,5,W
20,149.06,400.20,1,S,5,W
23,153.28,400.50,1,S,5,W
31,185.63,400.80,1,S,5,W
43,202.14,401.10,1,S,5,W
46,205.90,401.40,1,S,5,W
49,208.14,401.70,1,S,5,W
59,331.51,401.90,1,S,1,W
208,252.65,402.00,1,W,5,W
62,364.36,402.20,1,S,1,W
329,225.71,402.30,1,E,5,W
662,396.80,402.93,5,E,5,N
222,351.66,405.20,1,W,2,W
60,362.55,414.70,1,S,1,E
19,145.16,416.20,1,S,5,E
30,183.18,417.10,1,S,5,E
411,241.64,418.90,2,E,5,E
40,200.09,419.50,1,S,5,E
468,298.39,422.04,3,E,5,N
22,150.88,422.64,1,S,5,N
25,177.04,422.94,1,S,5,N
32,187.60,423.54,1,S,5,N
33,188.19,423.84,1,S,5,N
34,188.40,424.14,1,S,5,N
35,189.85,424.44,1,S,5,N
383,206.78,424.74,2,W,5,N
412,287.24,425.34,2,E,5,N
41,200.38,425.94,1,S,5,N
42,200.69,426.24,1,S,5,N
44,203.74,426.54,1,S,5,N
45,204.12,426.84,1,S,5,N
48,207.71,427.14,1,S,5,N
200,176.07,427.44,1,W,5,N
201,196.94,427.74,1,W,5,N
202,214.53,428.04,1,W,5,N
203,217.21,428.34,1,W,5,N
204,218.41,428.64,1,W,5,N
207,250.88,428.94,1,W,5,N
330,225.87,429.24,1,E,5,N
331,262.93,429.54,1,E,5,N
332,295.07,429.84,1,E,5,N
469,305.92,430.67,3,E,5,N
436,307.29,430.67,3,W,5,N
437,362.61,430.97,3,W,5,N
470,307.81,430.97,3,E,5,N
471,357.84,431.27,3,E,5,N
213,300.29,438.57,1,W,3,W
570,377.77,466.04,5,W,5,N
571,379.51,466.34,5,W,5,N
572,386.16,466.64,5,W,5,N
573,387.94,466.94,5,W,5,N
574,389.43,467.24,5,W,5,N
575,390.49,467.54,5,W,5,N
576,398.92,467.84,5,W,5,N
577,406.52,468.14,5,W,5,N
578,407.67,468.44,5,W,5,N
579,408.79,468.74,5,W,5,N
580,410.09,469.04,5,W,5,N
581,455.44,469.34,5,W,5,N
663,402.04,480.04,5,E,5,N
664,474.03,480.17,5,E,5,N
665,478.80,484.94,5,E,5,N
472,359.20,499.80,3,E,5,W
473,365.41,500.10,3,E,5,W
438,373.68,500.40,3,W,5,W
439,385.80,500.70,3,W,5,W
55,299.30,501.00,1,S,5,W
413,301.05,501.30,2,E,5,W
387,361.38,501.60,2,W,5,W
415,389.02,501.90,2,E,5,W
209,267.67,502.20,1,W,5,W
66,444.05,502.30,1,S,1,W
211,288.36,502.50,1,W,5,W
73,454.19,502.60,1,S,1,W
216,314.79,502.80,1,W,5,W
217,314.98,503.10,1,W,5,W
218,322.94,503.40,1,W,5,W
221,351.23,503.70,1,W,5,W
56,301.13,516.70,1,S,5,E
386,321.39,517.90,2,W,5,E
210,268.77,519.10,1,W,5,E
81,470.55,519.60,1,S,1,E
214,309.78,519.70,1,W,5,E
215,313.66,520.00,1,W,5,E
51,252.45,521.94,1,S,5,N
53,256.16,522.24,1,S,5,N
54,299.01,522.54,1,S,5,N
384,303.14,523.14,2,W,5,N
414,348.41,523.44,2,E,5,N
385,317.55,523.74,2,W,5,N
388,388.83,524.34,2,W,5,N
57,325.76,524.64,1,S,5,N
58,330.99,524.94,1,S,5,N
212,298.93,525.54,1,W,5,N
219,324.01,526.44,1,W,5,N
220,349.59,526.74,1,W,5,N
333,321.92,527.04,1,E,5,N
334,336.22,527.34,1,E,5,N
440,459.95,530.47,3,W,5,N
475,412.36,530.77,3,E,5,N
476,414.09,531.07,3,E,5,N
477,448.44,531.37,3,E,5,N
480,457.89,532.27,3,E,5,N
87,525.10,539.24,1,S,1,E
230,403.84,539.27,1,W,3,E
231,419.74,539.57,1,W,3,E
68,448.15,542.12,1,S,2,E
582,491.89,565.94,5,W,5,N
583,492.18,566.24,5,W,5,N
584,494.76,566.54,5,W,5,N
585,509.61,566.84,5,W,5,N
586,510.62,567.14,5,W,5,N
587,511.31,567.44,5,W,5,N
588,522.28,567.74,5,W,5,N
589,524.45,568.04,5,W,5,N
590,550.83,568.34,5,W,5,N
591,551.22,568.64,5,W,5,N
592,559.17,568.94,5,W,5,N
593,562.31,569.24,5,W,5,N
594,564.97,571.11,5,W,5,N
666,531.38,579.94,5,E,5,N
667,535.09,580.24,5,E,5,N
668,540.41,580.54,5,E,5,N
669,541.56,580.84,5,E,5,N
670,543.01,581.14,5,E,5,N
474,410.55,599.70,3,E,5,W
478,449.58,600.00,3,E,5,W
479,455.95,600.30,3,E,5,W
481,489.36,600.60,3,E,5,W
61,363.67,600.90,1,S,5,W
416,437.27,601.20,2,E,5,W
417,465.84,601.50,2,E,5,W
223,367.61,601.80,1,W,5,W
224,376.62,602.10,1,W,5,W
78,465.44,602.40,1,S,3,W
226,379.40,602.40,1,W,5,W
79,466.86,602.70,1,S,3,E
227,380.85,602.70,1,W,5,W
84,523.58,602.70,1,S,1,W
228,382.39,603.00,1,W,5,W
88,525.31,603.00,1,S,1,W
339,440.13,603.30,1,E,5,W
93,535.61,603.30,1,S,1,W
94,537.07,603.60,1,S,2,W
99,542.66,603.60,1,S,1,W
103,577.68,603.90,1,S,1,W
236,470.62,604.80,1,W,2,W
242,534.34,606.60,1,W,2,W
392,525.99,613.07,2,W,3,W
335,404.38,618.10,1,E,5,E
389,411.42,621.84,2,W,5,N
390,422.95,622.14,2,W,5,N
391,500.10,622.44,2,W,5,N
63,407.37,622.74,1,S,5,N
225,377.50,623.04,1,W,5,N
229,401.93,623.34,1,W,5,N
232,422.63,623.64,1,W,5,N
233,446.99,623.94,1,W,5,N
336,405.98,624.54,1,E,5,N
337,406.87,624.84,1,E,5,N
338,425.72,625.14,1,E,5,N
340,472.88,625.44,1,E,5,N
341,489.71,625.74,1,E,5,N
342,500.20,626.04,1,E,5,N
482,531.93,630.27,3,E,5,N
92,534.03,639.37,1,S,3,E
243,535.82,642.97,1,W,3,W
345,563.98,644.17,1,E,3,E
595,579.78,665.84,5,W,5,N
596,580.00,666.14,5,W,5,N
597,605.54,666.44,5,W,5,N
598,615.72,666.74,5,W,5,N
599,616.88,667.04,5,W,5,N
600,626.89,667.34,5,W,5,N
601,637.24,667.64,5,W,5,N
602,637.94,667.94,5,W,5,N
603,639.48,668.24,5,W,5,N
604,641.17,668.54,5,W,5,N
605,642.38,668.84,5,W,5,N
606,655.34,669.14,5,W,5,N
607,661.37,669.44,5,W,5,N
608,665.21,671.35,5,W,5,N
609,671.23,677.36,5,W,5,N
671,608.24,679.84,5,E,5,N
672,608.84,680.14,5,E,5,N
673,609.99,680.44,5,E,5,N
674,633.54,680.74,5,E,5,N
675,674.07,681.04,5,E,5,N
676,679.03,685.17,5,E,5,N
677,691.64,697.77,5,E,5,N
98,541.16,699.50,1,S,3,W
441,522.93,699.60,3,W,5,W
442,591.30,699.90,3,W,5,W
483,591.33,700.20,3,E,5,W
67,444.74,700.50,1,S,5,W
72,452.62,700.80,1,S,5,W
76,458.33,701.10,1,S,5,W
80,468.86,701.40,1,S,5,W
83,473.92,701.70,1,S,5,W
91,533.88,702.00,1,S,5,W
234,470.23,702.30,1,W,5,W
239,498.06,702.60,1,W,5,W
240,499.27,702.90,1,W,5,W
104,611.78,703.10,1,S,1,W
241,518.71,703.20,1,W,5,W
107,617.84,703.40,1,S,1,W
343,510.15,703.50,1,E,5,W
110,652.30,703.70,1,S,1,W
344,537.76,703.80,1,E,5,W
346,577.36,704.10,1,E,5,W
115,691.39,705.52,1,S,1,W
260,665.65,706.70,1,W,2,E
119,696.66,718.00,1,S,1,E
121,697.93,718.60,1,S,1,E
64,441.13,721.74,1,S,5,N
65,443.68,722.04,1,S,5,N
69,449.19,722.34,1,S,5,N
70,450.59,722.64,1,S,5,N
71,452.29,722.94,1,S,5,N
74,456.69,723.24,1,S,5,N
75,458.28,723.54,1,S,5,N
77,464.22,723.84,1,S,5,N
418,513.11,724.14,2,E,5,N
393,540.26,724.44,2,W,5,N
419,552.75,724.74,2,E,5,N
420,596.78,725.04,2,E,5,N
82,472.20,725.34,1,S,5,N
85,523.67,725.64,1,S,5,N
86,524.00,725.94,1,S,5,N
89,526.55,726.24,1,S,5,N
90,528.48,726.54,1,S,5,N
95,538.16,726.84,1,S,5,N
235,470.42,727.14,1,W,5,N
237,472.32,727.44,1,W,5,N
238,491.74,727.74,1,W,5,N
244,550.92,728.04,1,W,5,N
347,594.36,728.34,1,E,5,N
443,656.82,730.07,3,W,5,N
444,658.95,730.37,3,W,5,N
486,639.00,730.67,3,E,5,N
489,643.62,731.57,3,E,5,N
120,696.72,744.42,1,S,2,W
123,698.38,745.32,1,S,2,W
490,688.31,750.08,3,E,5,N
491,689.53,751.30,3,E,5,N
610,679.25,765.74,5,W,5,N
611,680.45,766.04,5,W,5,N
612,683.19,766.34,5,W,5,N
613,684.86,766.64,5,W,5,N
614,686.59,766.94,5,W,5,N
615,696.02,767.24,5,W,5,N
616,697.14,767.54,5,W,5,N
617,706.53,767.84,5,W,5,N
618,708.05,768.14,5,W,5,N
619,709.38,768.44,5,W,5,N
620,710.70,768.74,5,W,5,N
621,740.33,769.04,5,W,5,N
622,741.97,769.34,5,W,5,N
623,743.93,769.64,5,W,5,N
624,745.48,769.94,5,W,5,N
625,746.51,770.24,5,W,5,N
626,747.26,770.54,5,W,5,N
627,748.91,770.84,5,W,5,N
628,752.55,771.14,5,W,5,N
629,762.91,771.44,5,W,5,N
630,770.08,776.22,5,W,5,N
678,700.71,779.74,5,E,5,N
679,703.05,780.04,5,E,5,N
680,705.63,780.34,5,E,5,N
681,706.06,780.64,5,E,5,N
682,753.99,780.94,5,E,5,N
683,758.42,781.24,5,E,5,N
684,759.92,781.54,5,E,5,N
685,768.02,781.84,5,E,5,N
686,768.20,782.14,5,E,5,N
687,781.18,787.32,5,E,5,N
688,790.14,796.27,5,E,5,N
484,636.03,799.50,3,E,5,W
485,637.84,799.80,3,E,5,W
487,640.52,800.10,3,E,5,W
117,693.41,800.20,1,S,3,E
488,641.87,800.40,3,E,5,W
118,695.00,800.50,1,S,3,E
689,794.40,800.54,5,E,5,N
100,544.39,800.70,1,S,5,W
397,673.25,801.00,2,W,5,W
125,700.86,801.10,1,S,2,E
106,614.21,801.30,1,S,5,W
108,618.45,801.60,1,S,5,W
249,601.09,801.90,1,W,5,W
252,608.33,802.20,1,W,5,W
253,619.03,802.50,1,W,5,W
254,620.28,802.80,1,W,5,W
255,621.38,803.10,1,W,5,W
348,613.54,803.40,1,E,5,W
124,700.12,803.50,1,S,1,W
349,616.13,803.70,1,E,5,W
131,743.41,803.80,1,S,1,W
352,632.02,804.00,1,E,5,W
139,784.96,804.10,1,S,1,W
353,641.21,804.30,1,E,5,W
354,643.14,804.60,1,E,5,W
270,709.55,804.70,1,W,2,W
355,648.92,804.90,1,E,5,W
279,747.29,807.40,1,W,2,W
365,740.78,810.40,1,E,2,W
399,714.38,813.27,2,W,3,W
425,776.23,813.87,2,E,3,E
130,743.03,816.90,1,S,1,E
132,744.25,817.20,1,S,1,E
138,783.85,819.00,1,S,1,E
257,624.64,821.20,1,W,5,E
96,539.33,821.64,1,S,5,N
97,540.50,821.94,1,S,5,N
101,574.72,822.24,1,S,5,N
351,630.20,822.40,1,E,5,E
102,577.59,822.54,1,S,5,N
394,634.48,822.84,2,W,5,N
421,620.73,823.14,2,E,5,N
422,660.99,823.44,2,E,5,N
445,718.52,823.73,3,W,5,E
395,657.12,823.74,2,W,5,N
396,671.20,824.04,2,W,5,N
398,699.53,824.34,2,W,5,N
105,612.49,824.64,1,S,5,N
109,620.18,824.94,1,S,5,N
245,567.16,825.24,1,W,5,N
246,568.51,825.54,1,W,5,N
247,583.67,825.84,1,W,5,N
248,597.34,826.14,1,W,5,N
250,606.50,826.44,1,W,5,N
251,606.86,826.74,1,W,5,N
256,622.65,827.04,1,W,5,N
258,640.68,827.64,1,W,5,N
259,663.69,827.94,1,W,5,N
350,621.05,828.24,1,E,5,N
356,659.21,828.84,1,E,5,N
357,661.92,829.14,1,E,5,N
358,672.92,829.44,1,E,5,N
359,677.93,829.74,1,E,5,N
492,700.18,829.87,3,E,5,N
493,707.90,830.17,3,E,5,N
446,744.47,830.17,3,W,5,N
447,752.35,830.47,3,W,5,N
448,773.60,835.37,3,W,5,N
266,686.51,839.57,1,W,3,W
146,829.28,843.42,1,S,1,E
495,781.79,843.56,3,E,5,N
369,766.39,847.67,1,E,3,E
370,791.00,853.19,1,E,3,E
631,785.85,865.64,5,W,5,N
632,793.32,865.94,5,W,5,N
633,801.31,866.24,5,W,5,N
634,808.80,866.54,5,W,5,N
635,810.31,866.84,5,W,5,N
636,811.51,867.14,5,W,5,N
637,814.47,867.44,5,W,5,N
638,832.39,867.74,5,W,5,N
639,861.02,868.04,5,W,5,N
640,861.86,868.34,5,W,5,N
641,872.57,878.71,5,W,5,N
690,801.29,879.64,5,E,5,N
691,802.57,879.94,5,E,5,N
692,807.93,880.24,5,E,5,N
693,857.18,880.54,5,E,5,N
694,859.56,880.84,5,E,5,N
695,870.33,881.14,5,E,5,N
696,887.36,893.50,5,E,5,N
494,724.37,899.40,3,E,5,W
111,654.22,899.70,1,S,5,W
114,690.51,900.00,1,S,5,W
122,698.13,900.30,1,S,5,W
423,709.49,900.60,2,E,5,W
424,758.24,900.90,2,E,5,W
400,741.96,901.20,2,W,5,W
401,762.82,901.50,2,W,5,W
126,702.39,901.80,1,S,5,W
127,704.35,902.10,1,S,5,W
261,667.40,902.40,1,W,5,W
264,684.26,902.70,1,W,5,W
271,719.92,903.00,1,W,5,W
273,723.10,903.30,1,W,5,W
274,724.37,903.60,1,W,5,W
277,744.94,903.90,1,W,5,W
142,825.14,903.90,1,S,1,W
281,763.02,904.20,1,W,5,W
154,877.54,904.20,1,S,1,W
283,765.66,904.50,1,W,5,W
360,716.77,904.80,1,E,5,W
362,723.54,905.10,1,E,5,W
368,758.91,905.40,1,E,5,W
402,774.16,916.30,2,W,5,E
152,869.84,916.70,1,S,1,E
275,731.44,918.70,1,W,5,E
112,687.56,921.54,1,S,5,N
113,689.29,921.84,1,S,5,N
116,691.58,922.14,1,S,5,N
262,674.14,922.74,1,W,5,N
263,680.76,923.04,1,W,5,N
265,685.55,923.34,1,W,5,N
267,688.16,923.64,1,W,5,N
497,801.39,923.83,3,E,5,E
268,708.06,923.94,1,W,5,N
269,708.13,924.24,1,W,5,N
272,723.05,924.54,1,W,5,N
276,731.82,925.14,1,W,5,N
278,745.71,925.44,1,W,5,N
280,747.60,925.74,1,W,5,N
282,764.09,926.04,1,W,5,N
361,722.48,926.34,1,E,5,N
363,732.85,926.64,1,E,5,N
364,734.86,926.94,1,E,5,N
366,742.06,927.24,1,E,5,N
367,744.38,927.54,1,E,5,N
371,798.45,927.84,1,E,5,N
449,826.52,929.67,3,W,5,N
498,802.52,930.27,3,E,5,N
404,896.52,932.59,2,W,3,E
285,782.46,940.57,1,W,3,E
298,807.94,944.47,1,W,3,W
160,891.11,944.92,1,S,2,W
303,854.28,945.97,1,W,3,W
451,890.97,952.74,3,W,5,N
642,872.79,965.54,5,W,5,N
643,873.11,965.84,5,W,5,N
644,885.73,966.14,5,W,5,N
645,887.35,966.44,5,W,5,N
646,888.59,966.74,5,W,5,N
647,896.32,967.04,5,W,5,N
648,896.82,967.34,5,W,5,N
649,898.26,967.64,5,W,5,N
650,899.78,967.94,5,W,5,N
496,799.60,999.30,3,E,5,W
450,834.23,999.60,3,W,5,W
499,803.66,999.90,3,E,5,W
500,858.10,1000.20,3,E,5,W
133,773.61,1000.50,1,S,5,W
137,782.09,1000.80,1,S,5,W
403,867.80,1001.10,2,W,5,W
304,869.62,1001.30,1,W,2,W
426,823.76,1001.40,2,E,5,W
144,827.42,1001.70,1,S,5,W
145,828.82,1002.00,1,S,5,W
147,832.63,1002.30,1,S,5,W
150,836.52,1002.60,1,S,5,W
284,780.52,1002.90,1,W,5,W
286,784.27,1003.20,1,W,5,W
287,785.61,1003.50,1,W,5,W
292,792.03,1003.80,1,W,5,W
299,809.90,1004.10,1,W,5,W
300,810.46,1004.40,1,W,5,W
373,826.58,1004.70,1,E,5,W
375,870.91,1005.00,1,E,5,W
128,740.65,1021.44,1,S,5,N
129,741.16,1021.74,1,S,5,N
302,828.49,1021.90,1,W,5,E
134,774.61,1022.04,1,S,5,N
135,776.54,1022.34,1,S,5,N
136,781.44,1022.64,1,S,5,N
427,871.91,1022.94,2,E,5,N
140,822.33,1023.24,1,S,5,N
141,823.69,1023.54,1,S,5,N
143,827.10,1023.84,1,S,5,N
148,832.84,1024.14,1,S,5,N
149,834.59,1024.44,1,S,5,N
151,838.73,1024.74,1,S,5,N
288,786.83,1025.04,1,W,5,N
289,788.09,1025.34,1,W,5,N
290,789.39,1025.64,1,W,5,N
291,790.44,1025.94,1,W,5,N
293,795.89,1026.24,1,W,5,N
294,797.66,1026.54,1,W,5,N
295,799.53,1026.84,1,W,5,N
296,805.57,1027.14,1,W,5,N
297,806.63,1027.44,1,W,5,N
301,826.87,1027.74,1,W,5,N
372,808.49,1028.34,1,E,5,N
374,827.96,1028.64,1,E,5,N
376,874.18,1028.94,1,E,5,N
153,870.35,1099.20,1,S,5,W
155,885.25,1099.50,1,S,5,W
305,871.07,1099.80,1,W,5,W
310,885.98,1100.10,1,W,5,W
313,890.65,1100.40,1,W,5,W
312,887.09,1118.50,1,W,5,E
156,887.25,1121.34,1,S,5,N
157,888.64,1121.64,1,S,5,N
158,889.77,1121.94,1,S,5,N
159,890.85,1122.24,1,S,5,N
161,891.66,1122.54,1,S,5,N
162,892.70,1122.84,1,S,5,N
306,872.72,1123.14,1,W,5,N
307,873.22,1123.44,1,W,5,N
308,882.56,1123.74,1,W,5,N
309,884.42,1124.04,1,W,5,N
311,886.05,1124.34,1,W,5,N
314,892.50,1124.94,1,W,5,N