id,enter_time,exit_time,entrance_intersection,entrance_direction,exit_intersection,exit_direction
493,2.07,66.44,5,W,5,N
494,2.13,66.74,5,W,5,N
495,18.81,67.04,5,W,5,N
496,20.41,67.34,5,W,5,N
497,56.58,67.64,5,W,5,N
498,66.74,72.87,5,W,5,N
499,66.78,72.91,5,W,5,N
500,68.51,74.65,5,W,5,N
631,40.14,80.44,5,E,5,N
632,41.02,80.74,5,E,5,N
633,41.93,81.04,5,E,5,N
634,49.79,81.34,5,E,5,N
635,93.79,99.93,5,E,5,N
5,39.10,100.70,1,S,1,W
3,34.34,101.00,1,S,2,E
8,39.51,101.00,1,S,1,W
13,77.60,101.30,1,S,1,W
15,81.10,101.60,1,S,1,W
17,85.85,101.90,1,S,1,W
19,88.28,102.42,1,S,1,W
21,89.53,103.67,1,S,1,W
636,98.83,104.96,5,E,5,N
314,20.16,105.50,1,E,2,E
20,88.69,116.20,1,S,1,E
426,60.64,131.27,3,W,5,N
454,12.16,131.57,3,E,5,N
456,30.02,132.17,3,E,5,N
457,86.56,148.33,3,E,5,N
501,76.31,166.34,5,W,5,N
502,83.02,166.64,5,W,5,N
503,84.23,166.94,5,W,5,N
504,95.17,167.24,5,W,5,N
505,103.23,167.54,5,W,5,N
506,105.11,167.84,5,W,5,N
507,106.22,168.14,5,W,5,N
508,108.45,168.44,5,W,5,N
509,109.19,168.74,5,W,5,N
510,111.42,169.04,5,W,5,N
511,112.79,169.34,5,W,5,N
512,113.75,169.64,5,W,5,N
513,122.46,169.94,5,W,5,N
514,123.19,170.24,5,W,5,N
515,125.95,170.54,5,W,5,N
516,126.82,170.84,5,W,5,N
517,128.75,171.14,5,W,5,N
518,130.27,171.44,5,W,5,N
519,131.33,171.74,5,W,5,N
520,131.84,172.04,5,W,5,N
521,133.01,172.34,5,W,5,N
522,134.40,172.64,5,W,5,N
523,136.33,172.94,5,W,5,N
524,138.15,173.24,5,W,5,N
525,139.20,173.54,5,W,5,N
526,140.42,173.84,5,W,5,N
527,142.18,174.14,5,W,5,N
528,142.90,174.44,5,W,5,N
529,153.47,174.74,5,W,5,N
637,124.19,180.34,5,E,5,N
638,131.52,180.64,5,E,5,N
639,185.36,191.49,5,E,5,N
640,187.10,193.24,5,E,5,N
641,190.61,196.75,5,E,5,N
642,191.10,197.24,5,E,5,N
453,6.02,200.10,3,E,5,W
455,13.45,200.40,3,E,5,W
403,64.02,200.70,2,E,5,W
376,45.75,201.00,2,W,5,W
23,98.35,201.10,1,S,1,W
1,33.42,201.30,1,S,5,W
25,145.40,201.40,1,S,1,W
189,6.36,201.60,1,W,5,W
27,148.02,201.70,1,S,1,W
191,29.36,201.90,1,W,5,W
29,170.80,202.00,1,S,1,W
192,39.12,202.20,1,W,5,W
34,180.27,202.30,1,S,1,W
193,55.59,202.50,1,W,5,W
35,181.04,202.60,1,S,1,W
195,57.14,202.80,1,W,5,W
38,183.93,202.90,1,S,1,W
315,23.90,203.10,1,E,5,W
41,187.18,203.20,1,S,1,W
327,174.42,206.50,1,E,2,W
44,195.55,209.68,1,S,1,W
45,196.13,210.27,1,S,1,W
381,175.76,213.57,2,W,3,W
402,48.83,216.70,2,E,5,E
0,1.07,222.24,1,S,5,N
374,10.90,222.54,2,W,5,N
375,31.34,223.14,2,W,5,N
377,54.46,223.44,2,W,5,N
2,34.00,223.74,1,S,5,N
4,35.30,224.04,1,S,5,N
187,1.11,224.34,1,W,5,N
188,4.47,224.64,1,W,5,N
190,27.63,224.94,1,W,5,N
194,55.77,225.24,1,W,5,N
196,64.58,225.54,1,W,5,N
311,5.27,225.84,1,E,5,N
312,14.91,226.14,1,E,5,N
313,19.04,226.44,1,E,5,N
316,54.30,226.74,1,E,5,N
458,125.00,231.07,3,E,5,N
427,115.45,231.07,3,W,5,N
459,165.34,231.37,3,E,5,N
429,149.19,231.67,3,W,5,N
430,176.55,238.32,3,W,5,N
460,196.76,258.53,3,E,5,N
530,179.20,266.24,5,W,5,N
531,185.59,266.54,5,W,5,N
532,188.34,266.84,5,W,5,N
533,214.60,267.14,5,W,5,N
534,217.43,267.44,5,W,5,N
535,223.64,267.74,5,W,5,N
536,225.20,268.04,5,W,5,N
537,225.54,268.34,5,W,5,N
538,226.86,268.64,5,W,5,N
539,228.09,268.94,5,W,5,N
540,228.35,269.24,5,W,5,N
541,230.19,269.54,5,W,5,N
542,238.67,269.84,5,W,5,N
543,254.50,270.14,5,W,5,N
544,255.84,270.44,5,W,5,N
545,257.21,270.74,5,W,5,N
546,257.82,271.04,5,W,5,N
547,258.26,271.34,5,W,5,N
548,260.79,271.64,5,W,5,N
549,262.74,271.94,5,W,5,N
550,270.85,276.99,5,W,5,N
551,271.31,277.45,5,W,5,N
552,272.94,279.08,5,W,5,N
643,235.71,280.24,5,E,5,N
644,237.51,280.54,5,E,5,N
645,290.04,296.18,5,E,5,N
428,144.77,300.00,3,W,5,W
6,39.19,300.30,1,S,5,W
52,206.26,300.60,1,S,2,W
10,41.48,300.60,1,S,5,W
14,77.92,300.90,1,S,5,W
33,174.95,301.20,1,S,3,E
378,149.23,301.20,2,W,5,W
47,198.04,301.50,1,S,1,W
404,112.19,301.50,2,E,5,W
48,199.88,301.80,1,S,1,W
197,87.99,301.80,1,W,5,W
49,200.58,302.10,1,S,1,W
39,184.89,302.10,1,S,3,E
198,107.32,302.10,1,W,5,W
51,202.24,302.40,1,S,1,W
201,125.14,302.40,1,W,5,W
56,251.97,302.70,1,S,1,W
203,127.99,302.70,1,W,5,W
58,253.87,303.00,1,S,1,W
318,122.75,303.00,1,E,5,W
61,256.04,303.30,1,S,1,W
321,151.40,303.30,1,E,5,W
62,256.92,303.60,1,S,1,W
63,262.17,303.90,1,S,1,W
66,266.38,304.20,1,S,1,W
379,150.47,318.40,2,W,5,E
407,196.04,319.60,2,E,5,E
199,108.29,319.90,1,W,5,E
204,144.16,320.80,1,W,5,E
319,139.73,322.00,1,E,5,E
7,39.45,322.14,1,S,5,N
9,40.28,322.44,1,S,5,N
11,42.68,322.74,1,S,5,N
12,43.53,323.04,1,S,5,N
16,84.74,323.34,1,S,5,N
18,86.61,323.64,1,S,5,N
22,90.66,323.94,1,S,5,N
24,100.13,324.24,1,S,5,N
405,154.37,324.84,2,E,5,N
380,164.63,325.14,2,W,5,N
406,181.21,325.44,2,E,5,N
200,108.75,326.34,1,W,5,N
202,126.29,326.64,1,W,5,N
205,145.41,327.24,1,W,5,N
206,159.70,327.54,1,W,5,N
317,119.89,327.84,1,E,5,N
320,148.16,328.44,1,E,5,N
322,158.81,328.74,1,E,5,N
323,164.59,329.04,1,E,5,N
324,166.51,329.34,1,E,5,N
325,167.58,329.64,1,E,5,N
326,169.19,329.94,1,E,5,N
431,232.43,330.87,3,W,5,N
461,242.55,330.87,3,E,5,N
462,244.27,331.17,3,E,5,N
81,322.69,336.82,1,S,1,E
53,206.51,336.97,1,S,3,W
208,201.97,337.57,1,W,3,E
332,276.98,340.87,1,E,3,W
65,265.09,342.22,1,S,2,E
463,293.27,355.04,3,E,5,N
464,294.28,356.05,3,E,5,N
553,305.20,366.14,5,W,5,N
554,307.27,366.44,5,W,5,N
555,313.17,366.74,5,W,5,N
556,314.74,367.04,5,W,5,N
557,314.76,367.34,5,W,5,N
558,328.04,367.64,5,W,5,N
559,329.04,367.94,5,W,5,N
560,330.94,368.24,5,W,5,N
561,331.82,368.54,5,W,5,N
562,333.80,368.84,5,W,5,N
563,335.67,369.14,5,W,5,N
564,338.24,369.44,5,W,5,N
565,340.67,369.74,5,W,5,N
566,341.96,370.04,5,W,5,N
567,344.20,370.34,5,W,5,N
568,344.94,370.64,5,W,5,N
569,355.23,370.94,5,W,5,N
570,356.52,371.24,5,W,5,N
646,337.45,380.14,5,E,5,N
647,386.04,392.17,5,E,5,N
648,391.53,397.66,5,E,5,N
649,392.93,399.07,5,E,5,N
432,251.09,399.90,3,W,5,W
433,256.95,400.20,3,W,5,W
650,394.29,400.42,5,E,5,N
26,146.60,400.50,1,S,5,W
28,149.99,400.80,1,S,5,W
30,172.49,401.10,1,S,5,W
31,173.65,401.40,1,S,5,W
40,186.06,401.70,1,S,5,W
75,314.63,401.90,1,S,1,W
43,194.45,402.00,1,S,5,W
76,315.59,402.20,1,S,1,W
72,309.70,402.20,1,S,2,W
50,201.05,402.30,1,S,5,W
83,324.07,402.50,1,S,1,W
383,289.54,402.60,2,W,5,W
92,340.94,402.80,1,S,1,W
410,296.60,402.90,2,E,5,W
94,342.55,403.10,1,S,1,W
211,233.75,403.20,1,W,5,W
95,344.27,403.40,1,S,1,W
328,213.85,403.50,1,E,5,W
98,347.75,403.70,1,S,1,W
329,214.10,403.80,1,E,5,W
106,361.91,404.00,1,S,1,W
107,392.91,407.04,1,S,1,W
108,395.39,409.52,1,S,1,W
226,321.73,410.30,1,W,2,E
227,323.72,410.60,1,W,2,W
334,293.01,410.84,1,E,5,W
109,397.80,411.94,1,S,1,W
333,287.30,421.00,1,E,5,E
32,174.04,422.04,1,S,5,N
36,182.57,422.34,1,S,5,N
37,182.64,422.64,1,S,5,N
42,189.26,422.94,1,S,5,N
46,198.00,423.24,1,S,5,N
408,238.33,423.54,2,E,5,N
382,267.27,423.84,2,W,5,N
409,255.79,424.14,2,E,5,N
384,294.15,424.44,2,W,5,N
465,303.79,424.53,3,E,5,E
207,176.45,424.74,1,W,5,N
209,216.52,425.04,1,W,5,N
210,217.02,425.34,1,W,5,N
212,235.13,425.64,1,W,5,N
213,236.38,425.94,1,W,5,N
214,252.05,426.24,1,W,5,N
330,223.69,426.54,1,E,5,N
331,250.16,426.84,1,E,5,N
335,296.34,427.44,1,E,5,N
434,321.98,430.67,3,W,5,N
466,336.79,430.97,3,E,5,N
435,323.69,430.97,3,W,5,N
467,338.60,431.27,3,E,5,N
436,338.55,431.27,3,W,5,N
67,305.75,436.77,1,S,3,W
77,316.17,439.17,1,S,3,E
225,320.58,446.07,1,W,3,E
228,325.11,446.97,1,W,3,W
229,331.45,447.27,1,W,3,W
468,389.27,451.04,3,E,5,N
571,374.04,466.04,5,W,5,N
572,382.97,466.34,5,W,5,N
573,384.83,466.64,5,W,5,N
574,420.06,466.94,5,W,5,N
575,427.66,467.24,5,W,5,N
576,430.47,467.54,5,W,5,N
577,445.03,467.84,5,W,5,N
578,446.11,468.14,5,W,5,N
579,447.64,468.44,5,W,5,N
580,448.00,468.74,5,W,5,N
581,455.77,469.04,5,W,5,N
582,457.95,469.34,5,W,5,N
583,459.11,469.64,5,W,5,N
584,461.36,469.94,5,W,5,N
585,462.48,470.24,5,W,5,N
651,464.77,480.04,5,E,5,N
652,469.28,480.34,5,E,5,N
469,390.33,499.80,3,E,5,W
55,251.49,500.10,1,S,5,W
99,349.65,500.20,1,S,3,W
64,263.27,500.40,1,S,5,W
412,352.08,500.70,2,E,5,W
68,306.41,501.00,1,S,5,W
69,307.96,501.30,1,S,5,W
79,319.62,501.60,1,S,5,W
104,356.93,501.70,1,S,3,W
80,320.09,501.90,1,S,5,W
82,322.93,502.20,1,S,5,W
110,400.81,502.30,1,S,1,W
87,330.55,502.50,1,S,5,W
113,404.39,502.60,1,S,1,W
88,331.01,502.80,1,S,5,W
124,425.17,502.90,1,S,1,W
89,332.82,503.10,1,S,5,W
130,478.03,503.20,1,S,1,W
91,335.18,503.40,1,S,5,W
131,481.82,503.50,1,S,1,W
215,267.74,503.70,1,W,5,W
136,486.24,503.80,1,S,1,W
218,276.24,504.00,1,W,5,W
219,286.06,504.30,1,W,5,W
222,306.96,504.60,1,W,5,W
223,307.60,504.90,1,W,5,W
231,342.50,505.20,1,W,5,W
233,364.63,505.50,1,W,5,W
337,338.39,505.80,1,E,5,W
245,463.47,506.80,1,W,2,W
341,416.05,507.40,1,E,2,W
413,397.98,518.20,2,E,5,E
437,399.06,521.94,3,W,5,N
54,249.04,522.24,1,S,5,N
57,253.45,522.54,1,S,5,N
59,255.39,522.84,1,S,5,N
60,255.67,523.14,1,S,5,N
336,337.76,523.30,1,E,5,E
385,304.01,523.44,2,W,5,N
411,312.09,523.74,2,E,5,N
386,390.17,524.04,2,W,5,N
70,309.17,524.64,1,S,5,N
71,309.37,524.94,1,S,5,N
73,310.44,525.24,1,S,5,N
74,312.84,525.54,1,S,5,N
78,316.74,525.84,1,S,5,N
84,328.08,526.14,1,S,5,N
85,328.09,526.44,1,S,5,N
86,328.75,526.74,1,S,5,N
90,333.38,527.04,1,S,5,N
216,270.97,527.34,1,W,5,N
217,274.32,527.64,1,W,5,N
220,287.28,527.94,1,W,5,N
221,288.56,528.24,1,W,5,N
224,311.24,528.54,1,W,5,N
230,341.38,528.84,1,W,5,N
232,358.29,529.14,1,W,5,N
338,386.12,529.74,1,E,5,N
339,398.11,530.04,1,E,5,N
340,398.43,530.34,1,E,5,N
470,427.82,530.47,3,E,5,N
471,429.26,530.77,3,E,5,N
234,366.06,539.57,1,W,3,E
235,383.04,539.87,1,W,3,E
586,474.89,565.94,5,W,5,N
587,476.58,566.24,5,W,5,N
588,478.24,566.54,5,W,5,N
589,506.63,566.84,5,W,5,N
590,508.51,567.14,5,W,5,N
591,515.00,567.44,5,W,5,N
592,525.92,567.74,5,W,5,N
593,527.12,568.04,5,W,5,N
594,539.47,568.34,5,W,5,N
595,542.35,568.64,5,W,5,N
596,543.97,568.94,5,W,5,N
597,544.47,569.24,5,W,5,N
598,545.55,569.54,5,W,5,N
653,519.63,579.94,5,E,5,N
654,548.30,580.24,5,E,5,N
655,567.27,580.54,5,E,5,N
656,571.90,580.84,5,E,5,N
438,411.35,599.70,3,W,5,W
472,468.26,600.00,3,E,5,W
439,476.99,600.30,3,W,5,W
93,342.03,600.60,1,S,5,W
414,431.85,600.90,2,E,5,W
415,480.75,601.20,2,E,5,W
117,411.93,601.50,1,S,5,W
118,412.89,601.80,1,S,5,W
119,414.48,602.10,1,S,5,W
238,402.03,602.40,1,W,5,W
243,436.41,602.70,1,W,5,W
141,522.66,602.70,1,S,1,W
344,446.68,603.00,1,E,5,W
347,484.10,603.30,1,E,5,W
260,536.19,607.50,1,W,2,W
96,345.59,621.84,1,S,5,N
97,345.60,622.14,1,S,5,N
100,350.89,622.44,1,S,5,N
101,353.22,622.74,1,S,5,N
102,354.46,623.04,1,S,5,N
103,356.36,623.34,1,S,5,N
105,361.19,623.64,1,S,5,N
111,402.62,623.94,1,S,5,N
112,402.67,624.24,1,S,5,N
114,404.59,624.54,1,S,5,N
387,424.60,624.84,2,W,5,N
388,458.26,625.14,2,W,5,N
473,502.31,625.30,3,E,5,E
389,468.39,625.44,2,W,5,N
115,409.75,625.74,1,S,5,N
116,411.08,626.04,1,S,5,N
120,415.12,626.34,1,S,5,N
478,558.95,626.50,3,E,5,E
121,422.51,626.64,1,S,5,N
122,423.78,626.94,1,S,5,N
123,424.84,627.24,1,S,5,N
236,388.50,627.54,1,W,5,N
237,392.00,627.84,1,W,5,N
239,403.16,628.14,1,W,5,N
240,404.72,628.44,1,W,5,N
241,420.65,628.74,1,W,5,N
242,435.32,629.04,1,W,5,N
244,461.86,629.34,1,W,5,N
246,464.78,629.64,1,W,5,N
342,417.68,629.94,1,E,5,N
343,420.31,630.24,1,E,5,N
345,451.98,630.54,1,E,5,N
156,616.52,630.66,1,S,1,E
346,457.57,630.84,1,E,5,N
348,489.51,631.14,1,E,5,N
474,503.64,631.74,3,E,5,N
441,516.56,632.04,3,W,5,N
476,513.93,632.34,3,E,5,N
479,570.17,632.94,3,E,5,N
442,573.74,635.51,3,W,5,N
443,575.16,636.93,3,W,5,N
137,518.96,636.97,1,S,3,W
149,567.90,642.22,1,S,2,W
264,545.58,644.77,1,W,3,W
444,584.84,646.61,3,W,5,N
599,593.50,665.84,5,W,5,N
600,594.58,666.14,5,W,5,N
601,613.12,666.44,5,W,5,N
602,613.45,666.74,5,W,5,N
603,619.19,667.04,5,W,5,N
604,620.67,667.34,5,W,5,N
605,622.39,667.64,5,W,5,N
606,658.83,667.94,5,W,5,N
607,660.78,668.24,5,W,5,N
608,663.62,669.76,5,W,5,N
657,620.87,679.84,5,E,5,N
440,499.32,699.60,3,W,5,W
475,504.81,699.90,3,E,5,W
658,693.93,700.07,5,E,5,N
477,553.65,700.20,3,E,5,W
153,572.11,700.40,1,S,3,W
445,585.04,700.50,3,W,5,W
446,594.65,700.80,3,W,5,W
127,473.94,701.10,1,S,5,W
129,476.70,701.40,1,S,5,W
140,521.81,701.70,1,S,5,W
143,524.19,702.00,1,S,5,W
146,529.97,702.30,1,S,5,W
266,591.13,702.50,1,W,2,W
247,489.83,702.60,1,W,5,W
248,491.17,702.90,1,W,5,W
154,611.62,703.10,1,S,1,W
253,517.27,703.20,1,W,5,W
160,623.12,703.40,1,S,1,W
254,519.02,703.50,1,W,5,W
255,520.90,703.80,1,W,5,W
271,648.58,704.00,1,W,2,W
263,544.73,704.10,1,W,5,W
659,697.96,704.10,5,E,5,N
272,664.61,704.30,1,W,2,W
353,576.68,704.40,1,E,5,W
357,668.87,705.80,1,E,2,E
417,551.70,718.60,2,E,5,E
250,496.49,721.00,1,W,5,E
125,473.55,721.74,1,S,5,N
126,473.91,722.04,1,S,5,N
128,475.45,722.34,1,S,5,N
132,482.19,722.64,1,S,5,N
133,483.11,722.94,1,S,5,N
134,483.67,723.24,1,S,5,N
135,484.98,723.54,1,S,5,N
416,502.31,723.84,2,E,5,N
390,547.76,724.14,2,W,5,N
391,562.60,724.44,2,W,5,N
418,597.94,725.04,2,E,5,N
138,520.57,725.34,1,S,5,N
139,521.33,725.64,1,S,5,N
142,524.05,725.94,1,S,5,N
144,525.70,726.24,1,S,5,N
145,528.13,726.54,1,S,5,N
249,492.94,726.84,1,W,5,N
251,505.65,727.44,1,W,5,N
252,516.51,727.74,1,W,5,N
256,522.25,728.04,1,W,5,N
257,532.17,728.34,1,W,5,N
258,532.62,728.64,1,W,5,N
259,535.83,728.94,1,W,5,N
261,541.46,729.24,1,W,5,N
262,543.25,729.54,1,W,5,N
349,552.47,729.84,1,E,5,N
350,566.57,730.14,1,E,5,N
351,569.34,730.44,1,E,5,N
352,573.62,730.74,1,E,5,N
480,620.15,731.04,3,E,5,N
447,661.23,731.34,3,W,5,N
481,651.79,731.64,3,E,5,N
482,659.73,731.94,3,E,5,N
394,700.58,736.66,2,W,3,W
167,694.63,743.82,1,S,2,W
485,689.21,744.85,3,E,5,E
484,687.33,749.10,3,E,5,N
486,690.74,752.51,3,E,5,N
609,698.16,765.74,5,W,5,N
610,701.80,766.04,5,W,5,N
611,707.75,766.34,5,W,5,N
612,709.43,766.64,5,W,5,N
613,711.03,766.94,5,W,5,N
614,711.77,767.24,5,W,5,N
615,719.48,767.54,5,W,5,N
616,721.62,767.84,5,W,5,N
617,739.86,768.14,5,W,5,N
618,743.21,768.44,5,W,5,N
619,751.98,768.74,5,W,5,N
620,771.95,778.09,5,W,5,N
660,699.80,779.74,5,E,5,N
661,708.84,780.04,5,E,5,N
662,727.66,780.34,5,E,5,N
663,736.15,780.64,5,E,5,N
664,788.87,795.00,5,E,5,N
483,668.78,799.50,3,E,5,W
148,562.59,799.80,1,S,5,W
419,632.37,800.10,2,E,5,W
420,673.08,800.40,2,E,5,W
155,614.74,800.70,1,S,5,W
157,618.28,801.00,1,S,5,W
265,570.38,801.30,1,W,5,W
275,677.73,801.40,1,W,2,W
356,654.72,801.60,1,E,5,W
366,734.44,807.40,1,E,2,W
269,615.81,818.50,1,W,5,E
147,562.30,821.64,1,S,5,N
150,569.10,821.94,1,S,5,N
151,570.96,822.24,1,S,5,N
152,571.38,822.54,1,S,5,N
392,662.55,822.84,2,W,5,N
393,671.47,823.14,2,W,5,N
158,619.61,823.44,1,S,5,N
159,622.44,823.74,1,S,5,N
267,607.49,824.04,1,W,5,N
268,608.24,824.34,1,W,5,N
270,632.41,824.94,1,W,5,N
273,665.75,825.24,1,W,5,N
354,612.56,825.54,1,E,5,N
355,649.30,825.84,1,E,5,N
358,683.51,826.14,1,E,5,N
359,688.56,826.44,1,E,5,N
360,696.03,826.74,1,E,5,N
449,766.59,830.17,3,W,5,N
277,694.95,838.07,1,W,3,E
283,731.91,839.87,1,W,3,E
621,786.21,865.64,5,W,5,N
622,817.56,865.94,5,W,5,N
623,826.47,866.24,5,W,5,N
624,829.93,866.54,5,W,5,N
625,866.33,872.47,5,W,5,N
626,868.62,874.76,5,W,5,N
665,843.76,879.64,5,E,5,N
666,849.37,879.94,5,E,5,N
487,743.32,899.40,3,E,5,W
448,715.26,899.70,3,W,5,W
450,770.14,900.00,3,W,5,W
488,785.37,900.30,3,E,5,W
165,692.53,900.60,1,S,5,W
170,697.46,900.90,1,S,5,W
395,724.34,901.20,2,W,5,W
276,679.37,901.50,1,W,5,W
284,733.40,901.80,1,W,5,W
285,735.36,902.10,1,W,5,W
286,737.12,902.40,1,W,5,W
287,755.29,902.70,1,W,5,W
289,766.11,903.00,1,W,5,W
363,730.07,903.30,1,E,5,W
365,732.87,903.60,1,E,5,W
369,772.16,903.90,1,E,5,W
182,839.79,903.90,1,S,1,W
423,806.84,913.37,2,E,3,W
288,755.69,920.20,1,W,5,E
161,653.75,921.54,1,S,5,N
162,684.81,921.84,1,S,5,N
370,786.92,922.00,1,E,5,E
163,685.79,922.14,1,S,5,N
164,689.42,922.44,1,S,5,N
166,693.90,922.74,1,S,5,N
168,696.04,923.04,1,S,5,N
169,697.45,923.34,1,S,5,N
421,716.79,923.64,2,E,5,N
422,759.24,923.94,2,E,5,N
396,730.54,924.24,2,W,5,N
274,676.35,924.54,1,W,5,N
278,715.28,924.84,1,W,5,N
279,716.63,925.14,1,W,5,N
280,718.27,925.44,1,W,5,N
281,720.16,925.74,1,W,5,N
282,730.53,926.04,1,W,5,N
361,713.25,926.64,1,E,5,N
362,719.16,926.94,1,E,5,N
364,731.26,927.24,1,E,5,N
367,760.61,927.54,1,E,5,N
368,762.96,927.84,1,E,5,N
451,834.23,929.67,3,W,5,N
489,826.03,929.67,3,E,5,N
490,843.07,929.97,3,E,5,N
290,775.39,937.27,1,W,3,W
184,840.44,943.12,1,S,2,W
491,888.41,944.05,3,E,5,E
452,888.23,950.00,3,W,5,N
492,889.99,951.76,3,E,5,N
627,892.15,965.54,5,W,5,N
628,893.23,965.84,5,W,5,N
629,895.99,966.14,5,W,5,N
630,896.45,966.44,5,W,5,N
371,799.25,999.30,1,E,5,W
173,746.38,999.60,1,S,5,W
175,748.37,999.90,1,S,5,W
177,751.10,1000.20,1,S,5,W
179,798.00,1000.50,1,S,5,W
424,846.42,1000.80,2,E,5,W
296,801.68,1001.10,1,W,5,W
302,863.62,1001.40,1,W,5,W
181,804.42,1017.10,1,S,5,E
292,796.00,1019.50,1,W,5,E
298,810.79,1021.00,1,W,5,E
171,744.94,1021.44,1,S,5,N
172,745.76,1021.74,1,S,5,N
174,748.12,1022.04,1,S,5,N
176,749.89,1022.34,1,S,5,N
178,751.37,1022.64,1,S,5,N
180,803.81,1022.94,1,S,5,N
397,813.33,1023.54,2,W,5,N
398,823.57,1023.84,2,W,5,N
399,851.58,1024.14,2,W,5,N
400,866.53,1024.44,2,W,5,N
425,883.40,1024.74,2,E,5,N
401,886.66,1025.04,2,W,5,N
291,794.76,1025.34,1,W,5,N
293,797.64,1025.94,1,W,5,N
294,799.00,1026.24,1,W,5,N
295,800.48,1026.54,1,W,5,N
297,803.26,1026.84,1,W,5,N
299,812.56,1027.44,1,W,5,N
300,833.28,1027.74,1,W,5,N
301,840.04,1028.04,1,W,5,N
303,864.83,1028.34,1,W,5,N
372,813.30,1028.64,1,E,5,N
373,858.05,1028.94,1,E,5,N
310,899.38,1039.17,1,W,3,W
185,842.11,1099.20,1,S,5,W
307,894.48,1099.50,1,W,5,W
309,897.42,1099.80,1,W,5,W
183,840.42,1115.20,1,S,5,E
186,875.84,1121.64,1,S,5,N
304,881.75,1121.94,1,W,5,N
305,892.45,1122.24,1,W,5,N
306,892.64,1122.54,1,W,5,N
308,896.04,1122.84,1,W,5,N