id,enter_time,exit_time,entrance_intersection,entrance_direction,exit_intersection,exit_direction
506,34.44,66.44,5,W,5,N
507,35.89,66.74,5,W,5,N
508,37.09,67.04,5,W,5,N
509,37.78,67.34,5,W,5,N
510,37.84,67.64,5,W,5,N
511,38.97,67.94,5,W,5,N
512,40.47,68.24,5,W,5,N
513,42.10,68.54,5,W,5,N
514,42.71,68.84,5,W,5,N
515,46.41,69.14,5,W,5,N
516,48.00,69.44,5,W,5,N
517,50.77,69.74,5,W,5,N
518,51.91,70.04,5,W,5,N
519,59.23,70.34,5,W,5,N
520,67.57,73.71,5,W,5,N
521,70.43,76.57,5,W,5,N
522,71.11,77.24,5,W,5,N
523,72.56,78.70,5,W,5,N
638,9.57,80.44,5,E,5,N
639,78.05,84.18,5,E,5,N
640,83.78,89.92,5,E,5,N
0,1.96,100.10,1,S,3,E
5,7.65,100.70,1,S,1,W
6,9.77,101.00,1,S,1,W
7,11.71,101.30,1,S,2,W
12,15.85,101.30,1,S,1,W
20,54.10,101.60,1,S,1,W
327,70.37,104.00,1,E,2,W
17,48.89,114.70,1,S,1,E
469,6.71,131.27,3,E,5,N
445,58.32,131.27,3,W,5,N
470,49.71,131.57,3,E,5,N
472,82.13,143.90,3,E,5,N
474,92.22,147.86,3,E,5,E
473,90.25,152.02,3,E,5,N
524,102.08,166.34,5,W,5,N
525,103.22,166.64,5,W,5,N
526,130.51,166.94,5,W,5,N
527,147.71,167.24,5,W,5,N
641,103.68,180.34,5,E,5,N
642,175.69,181.83,5,E,5,N
471,66.39,200.10,3,E,5,W
386,14.45,200.40,2,W,5,W
2,5.00,200.70,1,S,5,W
10,13.28,201.00,1,S,5,W
24,133.14,201.10,1,S,1,W
11,14.83,201.30,1,S,5,W
25,135.59,201.40,1,S,1,W
217,21.59,201.60,1,W,5,W
26,137.19,201.70,1,S,1,W
219,62.85,201.90,1,W,5,W
34,174.90,202.00,1,S,1,W
643,197.70,203.83,5,E,5,N
644,198.70,204.84,5,E,5,N
421,128.51,212.67,2,E,3,W
392,124.10,212.97,2,W,3,W
393,148.89,213.27,2,W,3,E
36,176.69,216.30,1,S,1,E
389,76.00,217.30,2,W,5,E
3,6.35,218.20,1,S,5,E
1,3.35,222.24,1,S,5,N
419,48.19,222.54,2,E,5,N
387,26.56,222.84,2,W,5,N
388,39.03,223.14,2,W,5,N
390,86.45,223.74,2,W,5,N
420,96.27,224.04,2,E,5,N
4,6.73,224.64,1,S,5,N
8,12.19,224.94,1,S,5,N
9,12.63,225.24,1,S,5,N
218,42.49,225.54,1,W,5,N
326,67.18,225.84,1,E,5,N
328,88.58,226.14,1,E,5,N
476,147.23,231.37,3,E,5,N
477,148.68,231.67,3,E,5,N
28,169.80,240.32,1,S,2,W
43,226.44,240.58,1,S,1,E
35,175.57,242.12,1,S,2,W
40,180.04,243.62,1,S,2,W
478,185.73,247.50,3,E,5,N
528,185.07,266.24,5,W,5,N
529,192.54,266.54,5,W,5,N
530,225.45,266.84,5,W,5,N
531,227.93,267.14,5,W,5,N
532,228.61,267.44,5,W,5,N
533,230.60,267.74,5,W,5,N
534,238.51,268.04,5,W,5,N
535,244.93,268.34,5,W,5,N
536,245.64,268.64,5,W,5,N
537,256.17,268.94,5,W,5,N
538,259.14,269.24,5,W,5,N
539,269.43,275.56,5,W,5,N
540,269.81,275.95,5,W,5,N
541,272.40,278.53,5,W,5,N
645,270.24,280.24,5,E,5,N
646,273.54,280.54,5,E,5,N
446,123.52,300.00,3,W,5,W
475,145.73,300.30,3,E,5,W
31,171.80,300.60,1,S,3,W
447,194.26,300.60,3,W,5,W
448,195.39,300.90,3,W,5,W
13,45.59,301.20,1,S,5,W
49,243.20,301.50,1,S,1,W
14,46.83,301.50,1,S,5,W
50,244.97,301.80,1,S,1,W
16,48.21,301.80,1,S,5,W
51,245.56,302.10,1,S,1,W
19,52.38,302.10,1,S,5,W
56,251.64,302.40,1,S,1,W
21,93.49,302.40,1,S,5,W
61,260.77,302.70,1,S,1,W
22,94.59,302.70,1,S,5,W
65,269.22,303.00,1,S,1,W
422,139.79,303.00,2,E,5,W
222,95.61,303.30,1,W,5,W
223,117.15,303.60,1,W,5,W
224,118.96,303.90,1,W,5,W
226,129.65,304.20,1,W,5,W
329,158.16,304.50,1,E,5,W
237,206.65,305.10,1,W,2,W
48,241.33,314.30,1,S,1,E
15,47.72,322.14,1,S,5,N
18,51.31,322.44,1,S,5,N
391,112.45,322.74,2,W,5,N
423,180.20,323.04,2,E,5,N
394,186.54,323.34,2,W,5,N
23,131.72,323.64,1,S,5,N
220,73.41,323.94,1,W,5,N
221,92.92,324.24,1,W,5,N
225,128.32,324.54,1,W,5,N
479,232.98,324.73,3,E,5,E
227,146.34,324.84,1,W,5,N
330,159.94,325.14,1,E,5,N
331,165.44,325.44,1,E,5,N
332,182.62,325.74,1,E,5,N
449,216.45,330.87,3,W,5,N
450,269.40,331.17,3,W,5,N
45,230.40,337.57,1,S,3,E
236,189.97,340.87,1,W,3,E
53,246.52,341.02,1,S,2,W
63,262.59,343.42,1,S,2,W
69,336.05,350.19,1,S,1,E
481,294.86,350.50,3,E,5,E
542,273.97,366.14,5,W,5,N
543,276.81,366.44,5,W,5,N
544,277.51,366.74,5,W,5,N
545,278.87,367.04,5,W,5,N
546,287.35,367.34,5,W,5,N
547,289.19,367.64,5,W,5,N
548,290.82,367.94,5,W,5,N
549,292.07,368.24,5,W,5,N
550,293.45,368.54,5,W,5,N
551,294.57,368.84,5,W,5,N
552,312.26,369.14,5,W,5,N
553,313.27,369.44,5,W,5,N
554,315.15,369.74,5,W,5,N
555,341.87,370.04,5,W,5,N
556,342.09,370.34,5,W,5,N
557,343.11,370.64,5,W,5,N
558,369.87,376.01,5,W,5,N
559,371.37,377.51,5,W,5,N
647,319.24,380.14,5,E,5,N
648,323.89,380.44,5,E,5,N
649,330.10,380.74,5,E,5,N
650,330.31,381.04,5,E,5,N
651,337.44,381.34,5,E,5,N
652,342.77,381.64,5,E,5,N
653,371.07,381.94,5,E,5,N
480,246.07,399.90,3,E,5,W
30,171.19,400.20,1,S,5,W
33,173.78,400.50,1,S,5,W
395,218.23,400.80,2,W,5,W
59,256.24,401.00,1,S,3,W
426,296.94,401.10,2,E,5,W
397,298.04,401.40,2,W,5,W
228,167.94,401.70,1,W,5,W
229,168.93,402.00,1,W,5,W
232,182.01,402.30,1,W,5,W
238,215.72,402.60,1,W,5,W
239,219.59,402.90,1,W,5,W
241,244.71,403.20,1,W,5,W
333,201.57,403.50,1,E,5,W
334,206.02,403.80,1,E,5,W
343,357.61,404.30,1,E,2,W
230,170.41,420.10,1,W,5,E
349,394.68,420.80,1,E,2,E
234,185.56,421.00,1,W,5,E
27,169.06,422.04,1,S,5,N
29,170.87,422.34,1,S,5,N
32,172.93,422.64,1,S,5,N
37,176.91,422.94,1,S,5,N
38,177.68,423.24,1,S,5,N
39,179.21,423.54,1,S,5,N
424,212.81,423.84,2,E,5,N
425,249.76,424.14,2,E,5,N
396,218.99,424.44,2,W,5,N
41,223.94,424.74,1,S,5,N
42,225.52,425.04,1,S,5,N
44,227.80,425.34,1,S,5,N
46,233.66,425.64,1,S,5,N
47,236.07,425.94,1,S,5,N
231,171.70,426.54,1,W,5,N
233,183.87,426.84,1,W,5,N
235,188.74,427.44,1,W,5,N
240,228.83,427.74,1,W,5,N
242,247.02,428.04,1,W,5,N
335,250.01,428.34,1,E,5,N
336,253.38,428.64,1,E,5,N
337,255.87,428.94,1,E,5,N
338,258.26,429.24,1,E,5,N
339,266.27,429.54,1,E,5,N
451,337.41,430.67,3,W,5,N
482,338.85,430.67,3,E,5,N
452,350.43,430.97,3,W,5,N
453,362.31,431.27,3,W,5,N
247,311.84,438.27,1,W,3,E
248,312.91,438.57,1,W,3,E
84,425.70,439.83,1,S,1,E
483,380.79,442.56,3,E,5,N
87,428.47,442.61,1,S,1,E
484,391.58,447.22,3,E,5,E
347,389.91,452.10,1,E,3,W
560,387.07,466.04,5,W,5,N
561,399.83,466.34,5,W,5,N
562,401.74,466.64,5,W,5,N
563,429.23,466.94,5,W,5,N
564,429.83,467.24,5,W,5,N
565,431.26,467.54,5,W,5,N
566,433.96,467.84,5,W,5,N
567,450.77,468.14,5,W,5,N
568,450.88,468.44,5,W,5,N
569,458.81,468.74,5,W,5,N
570,469.19,475.33,5,W,5,N
571,470.09,476.22,5,W,5,N
572,471.20,477.34,5,W,5,N
654,436.88,480.04,5,E,5,N
655,437.25,480.34,5,E,5,N
656,438.02,480.64,5,E,5,N
657,438.68,480.94,5,E,5,N
658,444.52,481.24,5,E,5,N
659,445.38,481.54,5,E,5,N
660,471.20,481.84,5,E,5,N
661,472.62,482.14,5,E,5,N
662,476.51,482.64,5,E,5,N
663,481.60,487.73,5,E,5,N
454,383.58,499.80,3,W,5,W
52,246.40,500.10,1,S,5,W
54,247.96,500.40,1,S,5,W
55,249.72,500.70,1,S,5,W
67,300.13,501.00,1,S,5,W
399,314.89,501.30,2,W,5,W
400,325.31,501.60,2,W,5,W
403,380.69,501.90,2,W,5,W
405,396.78,502.20,2,W,5,W
76,407.64,502.30,1,S,1,W
406,397.93,502.50,2,W,5,W
79,414.52,502.60,1,S,1,W
246,297.45,502.80,1,W,5,W
86,427.49,502.90,1,S,1,W
249,325.55,503.10,1,W,5,W
89,430.00,503.20,1,S,1,W
344,362.92,503.40,1,E,5,W
90,432.92,503.50,1,S,1,W
95,476.04,503.80,1,S,1,W
96,476.04,504.10,1,S,1,W
102,483.38,504.40,1,S,1,W
113,491.93,506.06,1,S,1,W
352,410.28,507.40,1,E,2,W
355,443.70,508.30,1,E,2,W
348,391.03,508.86,1,E,5,W
116,494.99,509.12,1,S,1,W
119,496.46,510.59,1,S,1,W
66,299.37,517.30,1,S,5,E
101,480.76,517.50,1,S,1,E
341,325.61,521.50,1,E,5,E
57,253.57,521.94,1,S,5,N
58,254.35,522.24,1,S,5,N
60,257.65,522.54,1,S,5,N
62,261.44,522.84,1,S,5,N
64,268.26,523.14,1,S,5,N
68,301.77,523.74,1,S,5,N
427,315.20,524.04,2,E,5,N
398,309.51,524.34,2,W,5,N
456,408.46,524.63,3,W,5,E
428,364.82,524.64,2,E,5,N
401,336.43,524.94,2,W,5,N
402,344.15,525.24,2,W,5,N
404,386.22,525.54,2,W,5,N
70,338.02,525.84,1,S,5,N
243,270.12,526.14,1,W,5,N
244,279.99,526.44,1,W,5,N
245,281.15,526.74,1,W,5,N
250,342.48,527.04,1,W,5,N
340,319.40,527.34,1,E,5,N
342,351.89,527.94,1,E,5,N
345,373.89,528.24,1,E,5,N
346,379.17,528.54,1,E,5,N
485,404.95,530.47,3,E,5,N
486,456.38,530.77,3,E,5,N
457,437.40,531.07,3,W,5,N
77,412.44,537.47,1,S,3,E
81,416.42,538.37,1,S,3,E
252,381.93,540.17,1,W,3,E
253,383.28,540.47,1,W,3,E
487,486.47,548.24,3,E,5,N
573,477.30,565.94,5,W,5,N
574,487.79,566.24,5,W,5,N
575,489.52,566.54,5,W,5,N
576,490.82,566.84,5,W,5,N
577,497.50,567.14,5,W,5,N
578,498.50,567.44,5,W,5,N
579,500.40,567.74,5,W,5,N
580,547.37,568.04,5,W,5,N
581,549.76,568.34,5,W,5,N
582,571.19,577.32,5,W,5,N
664,509.83,579.94,5,E,5,N
665,513.67,580.24,5,E,5,N
666,515.54,580.54,5,E,5,N
667,520.87,580.84,5,E,5,N
668,530.08,581.14,5,E,5,N
669,530.59,581.44,5,E,5,N
670,570.91,581.74,5,E,5,N
671,588.27,594.41,5,E,5,N
350,398.73,599.70,1,E,5,W
455,404.52,600.00,3,W,5,W
458,437.51,600.30,3,W,5,W
429,409.22,600.60,2,E,5,W
74,405.06,600.90,1,S,5,W
75,406.35,601.20,1,S,5,W
85,427.30,601.50,1,S,5,W
256,425.54,601.80,1,W,5,W
258,436.76,602.10,1,W,5,W
260,449.75,602.40,1,W,5,W
261,451.60,602.70,1,W,5,W
120,528.62,602.70,1,S,1,W
351,404.60,603.00,1,E,5,W
123,576.74,603.00,1,S,1,W
354,440.76,603.30,1,E,5,W
357,449.26,603.60,1,E,5,W
267,490.88,605.10,1,W,2,W
271,503.76,606.30,1,W,2,W
83,418.33,618.40,1,S,5,E
254,386.48,619.30,1,W,5,E
353,439.35,620.50,1,E,5,E
71,338.24,621.84,1,S,5,N
361,477.30,622.00,1,E,5,E
72,374.43,622.14,1,S,5,N
73,375.05,622.44,1,S,5,N
430,442.92,622.74,2,E,5,N
431,489.60,623.04,2,E,5,N
407,494.04,623.34,2,W,5,N
78,413.45,623.64,1,S,5,N
80,415.76,623.94,1,S,5,N
82,417.32,624.24,1,S,5,N
88,429.50,624.84,1,S,5,N
251,368.42,625.14,1,W,5,N
255,411.92,625.74,1,W,5,N
257,428.86,626.04,1,W,5,N
259,445.96,626.34,1,W,5,N
356,445.59,626.94,1,E,5,N
358,451.50,627.24,1,E,5,N
359,467.22,627.54,1,E,5,N
360,468.53,627.84,1,E,5,N
459,506.13,630.27,3,W,5,N
488,504.67,630.27,3,E,5,N
109,488.22,637.27,1,S,3,E
114,493.51,638.47,1,S,3,W
138,625.29,639.43,1,S,1,E
460,579.36,641.13,3,W,5,N
145,632.70,646.84,1,S,1,E
583,582.09,665.84,5,W,5,N
584,583.72,666.14,5,W,5,N
585,584.94,666.44,5,W,5,N
586,587.35,666.74,5,W,5,N
587,596.00,667.04,5,W,5,N
588,603.35,667.34,5,W,5,N
589,637.02,667.64,5,W,5,N
590,647.28,667.94,5,W,5,N
591,648.67,668.24,5,W,5,N
592,650.59,668.54,5,W,5,N
593,651.56,668.84,5,W,5,N
594,658.60,669.14,5,W,5,N
595,668.11,674.25,5,W,5,N
596,669.16,675.30,5,W,5,N
597,669.40,675.53,5,W,5,N
598,670.69,676.82,5,W,5,N
672,639.56,679.84,5,E,5,N
673,646.04,680.14,5,E,5,N
674,646.11,680.44,5,E,5,N
675,670.47,680.74,5,E,5,N
489,551.69,699.60,3,E,5,W
490,588.25,699.90,3,E,5,W
94,475.38,700.20,1,S,5,W
98,477.64,700.50,1,S,5,W
105,485.87,700.80,1,S,5,W
106,486.42,701.10,1,S,5,W
434,584.67,701.40,2,E,5,W
110,488.50,701.70,1,S,5,W
117,495.45,702.00,1,S,5,W
263,469.32,702.30,1,W,5,W
264,469.68,702.60,1,W,5,W
268,492.22,702.90,1,W,5,W
141,627.92,703.10,1,S,2,W
133,620.45,703.10,1,S,1,W
270,502.45,703.20,1,W,5,W
137,623.77,703.40,1,S,1,W
273,531.28,703.50,1,W,5,W
140,626.58,703.70,1,S,1,W
274,547.20,703.80,1,W,5,W
149,637.07,704.00,1,S,1,W
150,637.99,704.30,1,S,1,W
151,639.62,704.60,1,S,1,W
154,643.11,704.90,1,S,1,W
158,677.29,705.20,1,S,1,W
163,682.91,705.50,1,S,1,W
166,684.91,705.80,1,S,1,W
153,641.38,716.20,1,S,1,E
157,677.00,717.10,1,S,1,E
161,680.46,718.00,1,S,1,E
107,486.96,718.00,1,S,5,E
91,465.37,721.74,1,S,5,N
92,467.83,722.04,1,S,5,N
93,473.71,722.34,1,S,5,N
97,476.06,722.64,1,S,5,N
99,478.47,722.94,1,S,5,N
100,480.17,723.24,1,S,5,N
103,484.93,723.54,1,S,5,N
104,485.79,723.84,1,S,5,N
408,514.91,724.44,2,W,5,N
462,652.18,724.60,3,W,5,E
432,530.97,724.74,2,E,5,N
492,651.00,724.90,3,E,5,E
409,520.91,725.04,2,W,5,N
433,573.34,725.34,2,E,5,N
410,534.93,725.64,2,W,5,N
435,597.28,725.94,2,E,5,N
108,487.82,726.24,1,S,5,N
111,489.36,726.54,1,S,5,N
112,491.63,726.84,1,S,5,N
115,493.78,727.14,1,S,5,N
118,495.83,727.44,1,S,5,N
262,468.17,727.74,1,W,5,N
265,472.70,728.04,1,W,5,N
266,476.31,728.34,1,W,5,N
269,493.19,728.64,1,W,5,N
272,505.67,728.94,1,W,5,N
275,555.72,729.24,1,W,5,N
362,514.03,729.54,1,E,5,N
363,522.18,729.84,1,E,5,N
364,558.70,730.14,1,E,5,N
491,644.31,730.44,3,E,5,N
493,652.62,731.34,3,E,5,N
495,669.43,731.64,3,E,5,N
496,677.07,738.84,3,E,5,N
497,678.61,740.38,3,E,5,N
279,592.73,742.17,1,W,3,E
175,730.70,744.83,1,S,1,E
599,673.56,765.74,5,W,5,N
600,684.52,766.04,5,W,5,N
601,704.84,766.34,5,W,5,N
602,722.20,766.64,5,W,5,N
603,723.90,766.94,5,W,5,N
604,726.39,767.24,5,W,5,N
605,728.21,767.54,5,W,5,N
606,728.82,767.84,5,W,5,N
607,736.99,768.14,5,W,5,N
608,744.06,768.44,5,W,5,N
609,745.99,768.74,5,W,5,N
610,756.45,769.04,5,W,5,N
611,756.76,769.34,5,W,5,N
612,758.93,769.64,5,W,5,N
613,761.61,769.94,5,W,5,N
614,768.94,775.08,5,W,5,N
676,712.81,779.74,5,E,5,N
677,759.01,780.04,5,E,5,N
370,700.65,798.70,1,E,3,E
365,598.78,799.50,1,E,5,W
461,650.93,799.80,3,W,5,W
494,654.24,800.10,3,E,5,W
160,679.93,800.20,1,S,3,W
463,674.97,800.40,3,W,5,W
125,579.49,800.70,1,S,5,W
126,579.76,801.00,1,S,5,W
129,583.98,801.30,1,S,5,W
130,614.74,801.60,1,S,5,W
134,621.86,801.90,1,S,5,W
172,728.13,802.00,1,S,2,W
139,626.11,802.20,1,S,5,W
142,629.61,802.50,1,S,5,W
144,631.45,802.80,1,S,5,W
146,633.54,803.10,1,S,5,W
276,581.04,803.40,1,W,5,W
168,720.10,803.50,1,S,1,W
277,584.22,803.70,1,W,5,W
179,767.05,803.80,1,S,1,W
284,630.40,804.00,1,W,5,W
287,655.71,804.30,1,W,5,W
288,657.50,804.60,1,W,5,W
373,737.99,806.20,1,E,2,W
375,757.67,806.80,1,E,2,W
143,631.18,819.40,1,S,5,E
283,629.32,821.50,1,W,5,E
121,573.91,821.64,1,S,5,N
285,632.65,821.80,1,W,5,E
122,573.91,821.94,1,S,5,N
124,579.24,822.24,1,S,5,N
127,582.18,822.54,1,S,5,N
128,583.33,822.84,1,S,5,N
436,629.13,823.14,2,E,5,N
411,617.08,823.44,2,W,5,N
412,640.05,823.74,2,W,5,N
437,677.93,824.04,2,E,5,N
131,617.95,824.34,1,S,5,N
132,619.57,824.64,1,S,5,N
135,622.03,824.94,1,S,5,N
136,622.73,825.24,1,S,5,N
147,634.30,825.84,1,S,5,N
148,635.70,826.14,1,S,5,N
278,591.25,826.44,1,W,5,N
280,596.11,826.74,1,W,5,N
281,613.49,827.04,1,W,5,N
282,619.62,827.34,1,W,5,N
286,634.57,828.24,1,W,5,N
366,625.14,828.54,1,E,5,N
367,630.02,828.84,1,E,5,N
368,635.13,829.14,1,E,5,N
369,641.90,829.44,1,E,5,N
498,726.41,829.87,3,E,5,N
500,778.16,839.93,3,E,5,N
197,834.62,848.76,1,S,1,E
615,779.54,865.64,5,W,5,N
616,779.92,865.94,5,W,5,N
617,782.02,866.24,5,W,5,N
618,783.51,866.54,5,W,5,N
619,785.10,866.84,5,W,5,N
620,795.45,867.14,5,W,5,N
621,796.75,867.44,5,W,5,N
622,807.34,867.74,5,W,5,N
623,808.88,868.04,5,W,5,N
624,810.00,868.34,5,W,5,N
625,826.17,868.64,5,W,5,N
626,834.14,868.94,5,W,5,N
627,835.68,869.24,5,W,5,N
628,836.15,869.54,5,W,5,N
629,836.87,869.84,5,W,5,N
630,838.39,870.14,5,W,5,N
631,855.30,870.44,5,W,5,N
632,856.93,870.74,5,W,5,N
633,858.88,871.04,5,W,5,N
634,866.94,873.08,5,W,5,N
635,868.70,874.83,5,W,5,N
636,869.92,876.06,5,W,5,N
678,809.69,879.64,5,E,5,N
679,812.37,879.94,5,E,5,N
680,817.93,880.24,5,E,5,N
681,869.91,880.54,5,E,5,N
176,763.19,898.50,1,S,3,W
464,737.97,899.40,3,W,5,W
499,776.60,899.70,3,E,5,W
152,640.84,900.00,1,S,5,W
155,644.33,900.30,1,S,5,W
159,679.16,900.60,1,S,5,W
164,683.38,900.90,1,S,5,W
167,686.41,901.20,1,S,5,W
438,718.48,901.50,2,E,5,W
414,753.80,901.80,2,W,5,W
170,722.85,902.10,1,S,5,W
171,723.10,902.40,1,S,5,W
173,728.47,902.70,1,S,5,W
174,730.31,903.00,1,S,5,W
291,707.16,903.30,1,W,5,W
292,713.42,903.60,1,W,5,W
294,740.74,903.90,1,W,5,W
189,824.48,903.90,1,S,1,W
295,741.98,904.20,1,W,5,W
203,874.21,904.20,1,S,1,W
296,743.38,904.50,1,W,5,W
193,829.73,904.50,1,S,2,W
207,886.94,904.50,1,S,1,W
371,708.06,904.80,1,E,5,W
210,889.55,904.80,1,S,1,W
211,890.82,904.95,1,S,1,W
372,711.02,905.10,1,E,5,W
374,747.24,905.40,1,E,5,W
305,841.00,908.10,1,W,2,E
306,844.67,908.40,1,W,2,W
214,897.15,911.29,1,S,1,W
439,766.16,916.60,2,E,5,E
415,754.52,916.90,2,W,5,E
200,867.50,917.00,1,S,1,E
205,885.90,918.20,1,S,1,E
293,730.20,918.70,1,W,5,E
156,646.35,921.54,1,S,5,N
162,681.90,921.84,1,S,5,N
165,683.89,922.14,1,S,5,N
413,724.46,922.44,2,W,5,N
416,782.10,923.34,2,W,5,N
417,794.02,923.64,2,W,5,N
169,721.75,923.94,1,S,5,N
503,832.57,924.13,3,E,5,E
289,680.43,924.24,1,W,5,N
290,681.97,924.54,1,W,5,N
297,763.42,925.14,1,W,5,N
376,763.98,925.44,1,E,5,N
465,803.77,929.67,3,W,5,N
467,825.50,930.27,3,W,5,N
182,810.97,937.57,1,S,3,E
183,810.99,937.87,1,S,3,E
504,879.09,940.86,3,E,5,N
298,782.02,942.07,1,W,3,W
299,783.85,942.37,1,W,3,W
300,785.13,942.67,1,W,3,W
307,845.89,944.77,1,W,3,W
505,891.87,953.64,3,E,5,N
637,884.35,965.54,5,W,5,N
501,821.28,999.30,3,E,5,W
466,820.71,999.60,3,W,5,W
502,823.18,999.90,3,E,5,W
468,892.72,1000.20,3,W,5,W
440,808.51,1000.50,2,E,5,W
186,815.61,1000.80,1,S,5,W
196,834.31,1001.10,1,S,5,W
198,834.82,1001.40,1,S,5,W
302,803.13,1001.70,1,W,5,W
309,849.75,1002.00,1,W,5,W
377,810.42,1002.30,1,E,5,W
378,818.29,1002.60,1,E,5,W
379,829.54,1002.90,1,E,5,W
383,861.81,1003.71,1,E,5,W
442,859.61,1016.50,2,E,5,E
188,821.49,1018.90,1,S,5,E
191,827.25,1019.50,1,S,5,E
304,821.12,1021.30,1,W,5,E
177,764.99,1021.44,1,S,5,N
178,765.06,1021.74,1,S,5,N
310,850.78,1021.90,1,W,5,E
180,767.35,1022.04,1,S,5,N
441,843.99,1022.34,2,E,5,N
443,874.78,1022.94,2,E,5,N
418,880.39,1023.24,2,W,5,N
444,896.11,1023.54,2,E,5,N
181,809.22,1023.84,1,S,5,N
184,813.05,1024.14,1,S,5,N
185,814.86,1024.44,1,S,5,N
187,819.87,1024.74,1,S,5,N
190,827.14,1025.34,1,S,5,N
192,828.71,1025.94,1,S,5,N
194,831.31,1026.24,1,S,5,N
195,834.14,1026.54,1,S,5,N
301,801.59,1026.84,1,W,5,N
303,819.97,1027.14,1,W,5,N
308,847.05,1027.74,1,W,5,N
311,851.93,1028.34,1,W,5,N
380,830.83,1028.64,1,E,5,N
381,850.51,1028.94,1,E,5,N
382,851.14,1029.24,1,E,5,N
384,870.66,1029.54,1,E,5,N
385,890.22,1029.84,1,E,5,N
323,895.19,1041.57,1,W,3,W
212,891.53,1099.20,1,S,5,W
216,898.04,1099.50,1,S,5,W
314,872.82,1099.80,1,W,5,W
316,875.54,1100.10,1,W,5,W
317,883.49,1100.40,1,W,5,W
208,888.55,1116.70,1,S,5,E
315,873.83,1118.50,1,W,5,E
199,866.38,1121.34,1,S,5,N
201,868.23,1121.64,1,S,5,N
202,873.67,1121.94,1,S,5,N
204,881.34,1122.24,1,S,5,N
206,886.38,1122.54,1,S,5,N
209,889.35,1123.14,1,S,5,N
213,893.15,1123.44,1,S,5,N
215,897.69,1123.74,1,S,5,N
312,868.87,1124.04,1,W,5,N
313,870.69,1124.34,1,W,5,N
318,889.00,1124.94,1,W,5,N
319,890.70,1125.24,1,W,5,N
320,891.70,1125.54,1,W,5,N
321,893.48,1125.84,1,W,5,N
322,893.48,1126.14,1,W,5,N
324,896.44,1126.44,1,W,5,N
325,898.03,1126.74,1,W,5,N