id,enter_time,exit_time,entrance_intersection,entrance_direction,exit_intersection,exit_direction
4,6.62,20.76,1,S,1,E
538,2.89,66.44,5,W,5,N
539,5.50,66.74,5,W,5,N
540,6.87,67.04,5,W,5,N
541,13.96,67.34,5,W,5,N
542,16.59,67.64,5,W,5,N
543,17.97,67.94,5,W,5,N
544,19.61,68.24,5,W,5,N
545,21.27,68.54,5,W,5,N
546,50.09,68.84,5,W,5,N
547,51.11,69.14,5,W,5,N
548,52.27,69.44,5,W,5,N
549,59.62,69.74,5,W,5,N
550,67.93,74.06,5,W,5,N
551,73.22,79.36,5,W,5,N
664,2.07,80.44,5,E,5,N
665,15.32,80.74,5,E,5,N
666,16.40,81.04,5,E,5,N
667,42.68,81.34,5,E,5,N
668,55.42,81.64,5,E,5,N
0,0.91,100.70,1,S,1,W
2,4.86,101.00,1,S,1,W
213,8.00,102.20,1,W,2,E
343,39.68,106.40,1,E,2,W
9,53.62,113.80,1,S,1,E
11,55.48,114.40,1,S,1,E
501,1.91,131.27,3,E,5,N
471,19.50,131.27,3,W,5,N
503,58.95,131.87,3,E,5,N
5,9.92,136.77,1,S,3,W
216,13.63,139.17,1,W,3,W
8,51.38,139.62,1,S,2,W
223,36.00,141.27,1,W,3,W
17,102.54,142.79,1,S,2,W
472,89.14,150.91,3,W,5,N
473,93.04,154.81,3,W,5,N
504,98.04,159.81,3,E,5,N
552,74.49,166.34,5,W,5,N
553,76.06,166.64,5,W,5,N
554,77.82,166.94,5,W,5,N
555,83.40,167.24,5,W,5,N
556,84.94,167.54,5,W,5,N
557,97.99,167.84,5,W,5,N
558,128.53,168.14,5,W,5,N
559,129.61,168.44,5,W,5,N
560,146.48,168.74,5,W,5,N
561,156.60,169.04,5,W,5,N
562,158.03,169.34,5,W,5,N
563,159.38,169.64,5,W,5,N
564,160.47,169.94,5,W,5,N
669,124.04,180.34,5,E,5,N
670,174.46,180.60,5,E,5,N
671,180.41,186.55,5,E,5,N
672,180.80,186.94,5,E,5,N
673,183.17,189.30,5,E,5,N
674,186.09,192.22,5,E,5,N
502,18.73,200.10,3,E,5,W
408,66.66,200.40,2,W,5,W
449,84.95,200.70,2,E,5,W
6,11.89,201.00,1,S,5,W
24,169.06,201.10,1,S,1,W
214,11.57,201.30,1,W,5,W
25,169.30,201.40,1,S,1,W
217,23.25,201.60,1,W,5,W
26,169.32,201.70,1,S,1,W
221,30.72,201.90,1,W,5,W
28,172.50,202.00,1,S,1,W
413,152.46,213.27,2,W,3,E
409,79.36,217.60,2,W,5,E
212,4.69,219.10,1,W,5,E
1,1.86,222.24,1,S,5,N
405,28.57,222.54,2,W,5,N
448,38.04,222.84,2,E,5,N
406,41.52,223.14,2,W,5,N
407,55.03,223.44,2,W,5,N
410,92.89,224.04,2,W,5,N
3,6.17,224.34,1,S,5,N
7,13.29,224.64,1,S,5,N
211,1.04,224.94,1,W,5,N
507,156.18,225.53,3,E,5,E
215,11.84,225.54,1,W,5,N
218,24.60,225.84,1,W,5,N
219,26.12,226.14,1,W,5,N
220,27.58,226.44,1,W,5,N
222,32.13,226.74,1,W,5,N
224,44.48,227.04,1,W,5,N
225,45.78,227.34,1,W,5,N
226,47.75,227.64,1,W,5,N
344,45.33,227.94,1,E,5,N
345,75.10,228.24,1,E,5,N
346,84.14,228.54,1,E,5,N
474,122.05,231.07,3,W,5,N
505,152.89,231.07,3,E,5,N
506,154.68,231.37,3,E,5,N
475,144.68,231.37,3,W,5,N
508,161.95,231.97,3,E,5,N
233,94.50,238.37,1,W,3,E
236,133.18,239.27,1,W,3,W
22,161.94,240.92,1,S,2,W
352,175.16,241.67,1,E,3,W
353,190.97,253.16,1,E,3,W
565,204.47,266.24,5,W,5,N
566,206.36,266.54,5,W,5,N
567,212.46,266.84,5,W,5,N
568,215.03,267.14,5,W,5,N
569,222.65,267.44,5,W,5,N
570,222.68,267.74,5,W,5,N
571,224.30,268.04,5,W,5,N
572,224.40,268.34,5,W,5,N
573,226.73,268.64,5,W,5,N
574,229.07,268.94,5,W,5,N
575,236.17,269.24,5,W,5,N
576,237.25,269.54,5,W,5,N
577,239.94,269.84,5,W,5,N
578,241.54,270.14,5,W,5,N
579,243.11,270.44,5,W,5,N
580,244.93,270.74,5,W,5,N
581,272.11,278.25,5,W,5,N
675,234.03,280.24,5,E,5,N
676,235.72,280.54,5,E,5,N
677,252.08,280.84,5,E,5,N
678,254.03,281.14,5,E,5,N
679,258.35,281.44,5,E,5,N
10,55.25,300.00,1,S,5,W
14,60.83,300.30,1,S,5,W
411,129.76,300.60,2,W,5,W
229,77.06,300.90,1,W,5,W
231,91.34,301.20,1,W,5,W
36,222.29,301.50,1,S,1,W
34,221.52,301.50,1,S,2,W
232,93.19,301.50,1,W,5,W
53,268.06,301.80,1,S,1,W
350,147.76,301.80,1,E,5,W
252,228.06,307.20,1,W,2,E
416,235.31,313.07,2,W,3,E
476,198.13,322.14,3,W,5,N
12,56.60,322.44,1,S,5,N
13,60.38,322.74,1,S,5,N
15,98.32,323.04,1,S,5,N
16,100.76,323.34,1,S,5,N
18,103.72,323.64,1,S,5,N
450,125.32,323.94,2,E,5,N
451,162.83,324.24,2,E,5,N
412,141.57,324.54,2,W,5,N
414,165.98,324.84,2,W,5,N
227,67.23,325.14,1,W,5,N
228,68.67,325.44,1,W,5,N
230,84.29,325.74,1,W,5,N
234,95.89,326.04,1,W,5,N
235,117.97,326.34,1,W,5,N
237,155.83,326.64,1,W,5,N
238,157.50,326.94,1,W,5,N
347,118.52,327.24,1,E,5,N
348,121.16,327.54,1,E,5,N
349,135.11,327.84,1,E,5,N
351,165.52,328.14,1,E,5,N
509,201.47,330.87,3,E,5,N
477,265.93,330.87,3,W,5,N
510,251.40,331.17,3,E,5,N
64,321.53,335.66,1,S,1,E
38,226.22,338.47,1,S,3,E
243,185.45,340.57,1,W,3,E
245,187.97,341.17,1,W,3,E
73,333.34,347.47,1,S,1,E
479,295.47,357.24,3,W,5,N
582,277.71,366.14,5,W,5,N
583,278.15,366.44,5,W,5,N
584,278.46,366.74,5,W,5,N
585,280.37,367.04,5,W,5,N
586,294.59,367.34,5,W,5,N
587,295.68,367.64,5,W,5,N
588,296.68,367.94,5,W,5,N
589,298.45,368.24,5,W,5,N
590,338.44,368.54,5,W,5,N
591,347.24,368.84,5,W,5,N
592,357.55,369.14,5,W,5,N
593,359.04,369.44,5,W,5,N
594,367.66,373.79,5,W,5,N
680,331.31,380.14,5,E,5,N
681,346.37,380.44,5,E,5,N
682,388.84,394.98,5,E,5,N
478,270.30,399.90,3,W,5,W
511,293.51,400.20,3,E,5,W
19,153.05,400.50,1,S,5,W
20,153.89,400.80,1,S,5,W
29,174.24,401.10,1,S,5,W
63,320.25,401.30,1,S,2,W
452,206.14,401.40,2,E,5,W
415,203.94,401.70,2,W,5,W
60,316.62,401.90,1,S,1,W
418,278.78,402.00,2,W,5,W
61,318.88,402.20,1,S,1,W
454,298.60,402.30,2,E,5,W
62,319.57,402.50,1,S,1,W
32,219.81,402.60,1,S,5,W
65,323.11,402.80,1,S,1,W
40,227.95,402.90,1,S,5,W
71,329.30,403.10,1,S,1,W
54,269.20,403.10,1,S,3,W
254,261.13,403.20,1,W,5,W
75,335.32,403.40,1,S,1,W
255,261.55,403.50,1,W,5,W
83,381.54,403.70,1,S,1,W
354,229.16,403.80,1,E,5,W
85,383.24,404.00,1,S,1,W
356,241.97,404.10,1,E,5,W
86,384.17,404.30,1,S,1,W
357,270.07,404.40,1,E,5,W
91,392.61,406.74,1,S,1,W
360,340.26,407.90,1,E,2,W
94,395.97,410.11,1,S,1,W
455,339.58,412.87,2,E,3,E
77,338.29,414.70,1,S,1,E
84,382.60,416.50,1,S,1,E
89,388.81,417.40,1,S,1,E
21,159.26,422.04,1,S,5,N
23,167.57,422.34,1,S,5,N
27,170.69,422.64,1,S,5,N
30,175.10,422.94,1,S,5,N
453,250.09,423.24,2,E,5,N
417,266.82,423.54,2,W,5,N
101,409.58,423.71,1,S,1,E
419,288.08,423.84,2,W,5,N
31,217.02,424.14,1,S,5,N
33,220.38,424.44,1,S,5,N
35,222.15,424.74,1,S,5,N
37,222.38,425.04,1,S,5,N
514,306.38,425.13,3,E,5,E
39,226.79,425.34,1,S,5,N
239,179.10,425.64,1,W,5,N
240,180.62,425.94,1,W,5,N
241,183.21,426.24,1,W,5,N
242,184.35,426.54,1,W,5,N
244,187.06,426.84,1,W,5,N
246,189.02,427.14,1,W,5,N
247,201.85,427.44,1,W,5,N
248,203.46,427.74,1,W,5,N
106,413.78,427.92,1,S,1,E
249,225.13,428.04,1,W,5,N
250,226.48,428.34,1,W,5,N
251,226.93,428.64,1,W,5,N
253,237.86,428.94,1,W,5,N
355,240.30,429.24,1,E,5,N
480,309.02,430.67,3,W,5,N
512,303.13,430.67,3,E,5,N
481,317.83,430.97,3,W,5,N
516,372.09,433.86,3,E,5,N
58,314.30,436.77,1,S,3,E
67,324.86,437.97,1,S,3,W
483,377.48,439.25,3,W,5,N
260,297.60,441.27,1,W,3,E
92,393.64,444.12,1,S,2,W
363,395.13,457.32,1,E,3,E
595,406.05,466.04,5,W,5,N
596,421.97,466.34,5,W,5,N
597,423.08,466.64,5,W,5,N
598,424.91,466.94,5,W,5,N
599,425.68,467.24,5,W,5,N
600,426.77,467.54,5,W,5,N
601,428.45,467.84,5,W,5,N
602,430.44,468.14,5,W,5,N
603,431.78,468.44,5,W,5,N
604,432.35,468.74,5,W,5,N
605,449.92,469.04,5,W,5,N
606,451.89,469.34,5,W,5,N
683,411.58,480.04,5,E,5,N
684,416.92,480.34,5,E,5,N
685,436.04,480.64,5,E,5,N
686,440.41,480.94,5,E,5,N
687,444.95,481.24,5,E,5,N
688,469.71,481.54,5,E,5,N
689,471.62,481.84,5,E,5,N
690,491.38,497.51,5,E,5,N
513,304.94,499.80,3,E,5,W
80,342.41,499.90,1,S,3,E
482,320.69,500.10,3,W,5,W
515,313.53,500.40,3,E,5,W
41,256.40,500.70,1,S,5,W
97,400.20,500.80,1,S,2,W
87,385.64,500.80,1,S,3,E
45,259.86,501.00,1,S,5,W
49,265.70,501.30,1,S,5,W
56,279.20,501.60,1,S,5,W
57,280.49,501.90,1,S,5,W
424,385.40,502.20,2,W,5,W
98,407.26,502.30,1,S,1,W
69,327.39,502.50,1,S,5,W
99,407.83,502.60,1,S,1,W
70,327.55,502.80,1,S,5,W
107,414.13,502.90,1,S,1,W
72,331.83,503.10,1,S,5,W
111,488.22,503.20,1,S,1,W
76,337.09,503.40,1,S,5,W
265,342.59,503.70,1,W,5,W
266,355.53,504.00,1,W,5,W
271,409.67,504.10,1,W,2,W
361,357.72,504.30,1,E,5,W
280,460.06,506.80,1,W,2,W
114,493.70,507.83,1,S,1,W
115,494.95,509.09,1,S,1,W
116,496.03,510.17,1,S,1,W
117,502.00,516.14,1,S,1,E
46,260.45,516.70,1,S,5,E
68,325.91,520.90,1,S,5,E
42,256.61,521.94,1,S,5,N
43,257.18,522.24,1,S,5,N
44,258.02,522.54,1,S,5,N
47,261.46,523.14,1,S,5,N
48,264.26,523.44,1,S,5,N
50,265.74,523.74,1,S,5,N
51,267.32,524.04,1,S,5,N
52,267.96,524.34,1,S,5,N
55,277.06,524.64,1,S,5,N
420,309.84,524.94,2,W,5,N
421,322.36,525.24,2,W,5,N
456,361.22,525.54,2,E,5,N
422,336.95,525.84,2,W,5,N
423,373.76,526.14,2,W,5,N
59,315.26,526.44,1,S,5,N
66,323.47,526.74,1,S,5,N
74,335.32,527.34,1,S,5,N
256,280.75,527.64,1,W,5,N
257,285.92,527.94,1,W,5,N
258,286.98,528.24,1,W,5,N
259,288.60,528.54,1,W,5,N
261,307.04,528.84,1,W,5,N
262,332.31,529.14,1,W,5,N
263,333.34,529.44,1,W,5,N
264,340.87,529.74,1,W,5,N
358,306.46,530.04,1,E,5,N
359,312.81,530.34,1,E,5,N
362,367.13,530.64,1,E,5,N
517,408.04,530.94,3,E,5,N
484,402.95,531.24,3,W,5,N
518,455.79,531.54,3,E,5,N
269,406.53,539.57,1,W,3,E
113,493.29,542.12,1,S,2,W
373,460.13,545.57,1,E,3,E
119,537.56,551.69,1,S,1,E
607,481.25,565.94,5,W,5,N
608,483.04,566.24,5,W,5,N
609,493.41,566.54,5,W,5,N
610,513.23,566.84,5,W,5,N
611,514.69,567.14,5,W,5,N
612,515.16,567.44,5,W,5,N
613,516.39,567.74,5,W,5,N
614,518.15,568.04,5,W,5,N
615,519.80,568.34,5,W,5,N
616,522.54,568.64,5,W,5,N
617,523.90,568.94,5,W,5,N
618,525.77,569.24,5,W,5,N
619,527.54,569.54,5,W,5,N
620,541.08,569.84,5,W,5,N
621,547.62,570.14,5,W,5,N
622,564.35,570.49,5,W,5,N
623,564.71,570.85,5,W,5,N
624,566.53,572.66,5,W,5,N
625,568.34,574.48,5,W,5,N
626,568.69,574.83,5,W,5,N
627,568.99,575.13,5,W,5,N
628,569.66,575.80,5,W,5,N
691,545.84,579.94,5,E,5,N
692,545.93,580.24,5,E,5,N
693,565.33,580.54,5,E,5,N
694,576.20,582.33,5,E,5,N
110,488.12,599.40,1,S,3,E
364,399.73,599.70,1,E,5,W
485,471.09,600.00,3,W,5,W
519,487.79,600.30,3,E,5,W
82,379.91,600.60,1,S,5,W
457,406.45,600.90,2,E,5,W
425,478.81,601.20,2,W,5,W
100,409.07,601.50,1,S,5,W
102,410.22,601.80,1,S,5,W
105,413.26,602.10,1,S,5,W
275,434.34,602.40,1,W,5,W
365,414.49,602.70,1,E,5,W
120,537.92,602.70,1,S,1,W
366,417.65,603.00,1,E,5,W
125,546.33,603.00,1,S,1,W
367,421.47,603.30,1,E,5,W
368,424.07,603.60,1,E,5,W
374,487.26,605.09,1,E,5,W
128,597.34,611.47,1,S,1,W
427,527.58,613.37,2,W,3,E
123,545.09,616.10,1,S,1,E
124,545.66,616.40,1,S,1,E
78,339.21,621.84,1,S,5,N
79,340.55,622.14,1,S,5,N
81,379.35,622.44,1,S,5,N
88,386.90,622.74,1,S,5,N
90,389.05,623.04,1,S,5,N
93,394.97,623.34,1,S,5,N
95,397.44,623.64,1,S,5,N
96,398.43,623.94,1,S,5,N
458,433.36,624.24,2,E,5,N
459,469.26,624.54,2,E,5,N
460,489.69,624.84,2,E,5,N
487,528.31,625.00,3,W,5,E
103,412.05,625.14,1,S,5,N
104,412.92,625.44,1,S,5,N
108,415.21,625.74,1,S,5,N
267,372.08,626.04,1,W,5,N
268,393.26,626.34,1,W,5,N
270,408.46,626.64,1,W,5,N
272,409.68,626.94,1,W,5,N
273,411.15,627.24,1,W,5,N
274,417.88,627.54,1,W,5,N
276,435.77,627.84,1,W,5,N
277,455.31,628.14,1,W,5,N
278,456.38,628.44,1,W,5,N
279,458.19,628.74,1,W,5,N
369,426.92,629.04,1,E,5,N
370,437.02,629.34,1,E,5,N
371,449.07,629.64,1,E,5,N
372,451.07,629.94,1,E,5,N
375,491.12,630.24,1,E,5,N
376,496.64,630.54,1,E,5,N
520,519.30,630.84,3,E,5,N
521,565.26,631.44,3,E,5,N
281,481.78,637.27,1,W,3,E
488,583.07,644.84,3,W,5,N
629,576.12,665.84,5,W,5,N
630,590.55,666.14,5,W,5,N
631,592.22,666.44,5,W,5,N
632,593.98,666.74,5,W,5,N
633,595.27,667.04,5,W,5,N
634,596.30,667.34,5,W,5,N
635,597.81,667.64,5,W,5,N
636,598.13,667.94,5,W,5,N
637,600.35,668.24,5,W,5,N
638,602.36,668.54,5,W,5,N
639,609.28,668.84,5,W,5,N
640,612.04,669.14,5,W,5,N
641,613.17,669.44,5,W,5,N
642,650.50,669.74,5,W,5,N
643,651.77,670.04,5,W,5,N
644,653.53,670.34,5,W,5,N
645,669.85,675.98,5,W,5,N
646,670.83,676.97,5,W,5,N
647,672.23,678.37,5,W,5,N
695,649.37,679.84,5,E,5,N
696,650.48,680.14,5,E,5,N
486,524.56,699.60,3,W,5,W
127,548.12,699.80,1,S,3,E
112,489.49,699.90,1,S,5,W
461,536.76,700.20,2,E,5,W
462,567.95,700.50,2,E,5,W
430,554.13,700.80,2,W,5,W
431,565.56,701.10,2,W,5,W
282,482.46,701.40,1,W,5,W
284,493.10,701.70,1,W,5,W
287,509.75,702.00,1,W,5,W
291,545.99,702.30,1,W,5,W
300,614.56,702.50,1,W,2,W
292,561.83,702.60,1,W,5,W
293,563.36,702.90,1,W,5,W
130,603.65,703.10,1,S,1,W
377,525.70,703.20,1,E,5,W
131,637.36,703.40,1,S,1,W
379,533.56,703.50,1,E,5,W
132,638.73,703.70,1,S,1,W
380,559.83,703.80,1,E,5,W
305,659.55,704.00,1,W,2,W
135,641.78,704.00,1,S,1,W
139,646.99,704.30,1,S,1,W
382,593.29,711.11,1,E,5,W
151,697.63,711.77,1,S,1,W
109,453.64,715.90,1,S,5,E
432,588.04,717.10,2,W,5,E
285,494.81,718.00,1,W,5,E
522,598.63,721.74,3,E,5,N
426,513.62,722.34,2,W,5,N
428,538.98,722.64,2,W,5,N
429,541.51,722.94,2,W,5,N
118,535.59,723.54,1,S,5,N
283,491.48,723.84,1,W,5,N
286,495.28,724.44,1,W,5,N
288,526.56,724.74,1,W,5,N
289,543.30,725.04,1,W,5,N
290,544.43,725.34,1,W,5,N
437,689.32,725.40,2,W,3,W
294,565.69,725.64,1,W,5,N
378,531.36,725.94,1,E,5,N
381,565.27,726.24,1,E,5,N
489,639.64,730.07,3,W,5,N
490,640.31,730.37,3,W,5,N
526,645.93,730.97,3,E,5,N
527,647.13,731.27,3,E,5,N
298,598.22,737.97,1,W,3,W
528,689.39,751.16,3,E,5,N
648,681.26,765.74,5,W,5,N
649,681.59,766.04,5,W,5,N
650,708.96,766.34,5,W,5,N
651,750.17,766.64,5,W,5,N
652,756.66,766.94,5,W,5,N
653,759.34,767.24,5,W,5,N
654,761.12,767.25,5,W,5,N
697,703.29,779.74,5,E,5,N
698,730.72,780.04,5,E,5,N
699,731.17,780.34,5,E,5,N
700,746.99,780.64,5,E,5,N
523,600.41,799.50,3,E,5,W
524,601.60,799.80,3,E,5,W
525,644.15,800.10,3,E,5,W
491,642.69,800.40,3,W,5,W
492,647.48,800.70,3,W,5,W
126,547.82,801.00,1,S,5,W
129,602.93,801.30,1,S,5,W
433,610.65,801.60,2,W,5,W
464,649.25,801.90,2,E,5,W
436,657.17,802.20,2,W,5,W
297,576.24,802.50,1,W,5,W
302,632.42,802.80,1,W,5,W
304,650.45,803.10,1,W,5,W
383,623.87,803.40,1,E,5,W
701,797.29,803.43,5,E,5,N
169,767.19,803.50,1,S,1,W
394,762.37,813.40,1,E,2,E
172,799.58,813.72,1,S,1,W
179,806.44,820.57,1,S,1,E
121,541.24,821.64,1,S,5,N
122,542.55,821.94,1,S,5,N
463,604.21,822.24,2,E,5,N
434,617.06,822.54,2,W,5,N
435,630.36,822.84,2,W,5,N
465,691.20,823.14,2,E,5,N
295,574.87,823.44,1,W,5,N
296,575.15,823.74,1,W,5,N
299,599.86,824.04,1,W,5,N
301,630.64,824.34,1,W,5,N
303,633.94,824.64,1,W,5,N
384,634.71,824.94,1,E,5,N
385,643.58,825.24,1,E,5,N
386,666.88,825.54,1,E,5,N
387,670.55,825.84,1,E,5,N
530,771.65,827.28,3,E,5,E
529,729.34,829.87,3,E,5,N
495,776.68,832.32,3,W,5,E
165,724.79,842.27,1,S,3,E
310,709.00,844.07,1,W,3,E
388,704.16,847.67,1,E,3,E
389,721.91,847.97,1,E,3,W
391,726.28,848.57,1,E,3,W
532,787.32,849.09,3,E,5,N
396,776.59,850.07,1,E,3,E
534,795.42,857.19,3,E,5,N
655,792.55,865.64,5,W,5,N
656,794.07,865.94,5,W,5,N
657,810.86,866.24,5,W,5,N
658,818.33,866.54,5,W,5,N
659,845.31,866.84,5,W,5,N
660,852.46,867.14,5,W,5,N
661,854.86,867.44,5,W,5,N
662,859.81,867.74,5,W,5,N
702,847.28,879.64,5,E,5,N
493,698.63,899.40,3,W,5,W
494,704.14,899.70,3,W,5,W
531,785.50,900.00,3,E,5,W
533,788.83,900.30,3,E,5,W
133,640.27,900.60,1,S,5,W
138,645.30,900.90,1,S,5,W
140,647.83,901.20,1,S,5,W
145,658.53,901.50,1,S,5,W
438,714.73,901.80,2,W,5,W
439,723.89,902.10,2,W,5,W
467,769.65,902.40,2,E,5,W
442,786.59,902.70,2,W,5,W
148,663.35,903.00,1,S,5,W
149,665.60,903.30,1,S,5,W
150,696.67,903.60,1,S,5,W
156,708.07,903.90,1,S,5,W
173,799.75,903.90,1,S,1,W
158,710.53,904.20,1,S,5,W
181,812.61,904.20,1,S,1,W
307,676.03,904.50,1,W,5,W
200,875.10,904.50,1,S,1,W
312,715.84,904.80,1,W,5,W
313,716.83,905.10,1,W,5,W
314,717.97,905.40,1,W,5,W
315,723.09,905.70,1,W,5,W
318,744.07,906.00,1,W,5,W
395,766.95,906.30,1,E,5,W
468,819.33,913.37,2,E,3,E
142,649.64,916.60,1,S,5,E
193,865.37,917.60,1,S,1,E
199,874.62,919.40,1,S,1,E
207,881.21,921.50,1,S,1,E
134,641.24,921.54,1,S,5,N
136,642.18,921.84,1,S,5,N
137,643.74,922.14,1,S,5,N
141,648.19,922.44,1,S,5,N
143,650.51,923.04,1,S,5,N
144,651.13,923.34,1,S,5,N
311,709.03,923.50,1,W,5,E
146,658.91,923.64,1,S,5,N
466,727.19,923.94,2,E,5,N
440,738.47,924.24,2,W,5,N
441,749.20,924.54,2,W,5,N
147,662.52,924.84,1,S,5,N
152,699.30,925.14,1,S,5,N
153,700.99,925.44,1,S,5,N
154,705.05,925.74,1,S,5,N
155,706.92,926.04,1,S,5,N
157,709.16,926.34,1,S,5,N
159,711.81,926.64,1,S,5,N
160,712.32,926.94,1,S,5,N
161,714.26,927.24,1,S,5,N
162,714.27,927.54,1,S,5,N
163,715.03,927.84,1,S,5,N
164,716.92,928.14,1,S,5,N
166,725.72,928.44,1,S,5,N
306,675.51,928.74,1,W,5,N
308,691.77,929.04,1,W,5,N
309,707.22,929.34,1,W,5,N
316,725.88,929.94,1,W,5,N
317,727.22,930.24,1,W,5,N
319,744.36,930.54,1,W,5,N
320,763.15,930.84,1,W,5,N
321,764.29,931.14,1,W,5,N
390,724.21,931.44,1,E,5,N
392,755.10,931.74,1,E,5,N
393,756.76,932.04,1,E,5,N
496,830.88,932.34,3,W,5,N
536,850.50,932.64,3,E,5,N
537,868.36,932.94,3,E,5,N
498,855.76,933.24,3,W,5,N
499,857.58,933.54,3,W,5,N
500,876.48,938.25,3,W,5,N
187,820.53,939.37,1,S,3,W
401,854.40,945.37,1,E,3,E
403,878.79,945.97,1,E,3,W
663,882.18,965.54,5,W,5,N
535,849.46,999.30,3,E,5,W
497,833.95,999.60,3,W,5,W
170,768.22,999.90,1,S,5,W
174,800.91,1000.20,1,S,5,W
445,853.19,1000.50,2,W,5,W
470,876.07,1000.80,2,E,5,W
446,867.49,1001.10,2,W,5,W
180,810.26,1001.40,1,S,5,W
183,814.81,1001.70,1,S,5,W
186,819.78,1002.00,1,S,5,W
327,814.19,1002.30,1,W,5,W
205,879.10,1002.50,1,S,2,W
333,855.61,1002.60,1,W,5,W
398,841.45,1002.90,1,E,5,W
402,860.04,1003.20,1,E,5,W
177,804.42,1016.80,1,S,5,E
167,766.35,1021.44,1,S,5,N
168,766.97,1021.74,1,S,5,N
171,798.42,1022.04,1,S,5,N
175,802.81,1022.34,1,S,5,N
331,842.40,1022.50,1,W,5,E
176,803.32,1022.64,1,S,5,N
443,809.89,1023.24,2,W,5,N
469,847.98,1023.54,2,E,5,N
399,851.78,1023.70,1,E,5,E
444,840.97,1023.84,2,W,5,N
447,878.50,1024.14,2,W,5,N
178,806.02,1024.44,1,S,5,N
182,813.94,1024.74,1,S,5,N
184,816.09,1025.04,1,S,5,N
185,817.91,1025.34,1,S,5,N
188,821.14,1025.64,1,S,5,N
189,821.20,1025.94,1,S,5,N
322,770.65,1026.24,1,W,5,N
323,780.53,1026.54,1,W,5,N
324,782.43,1026.84,1,W,5,N
325,798.78,1027.14,1,W,5,N
326,799.94,1027.44,1,W,5,N
328,829.41,1027.74,1,W,5,N
329,830.41,1028.04,1,W,5,N
330,832.37,1028.34,1,W,5,N
332,844.08,1028.94,1,W,5,N
334,862.51,1029.24,1,W,5,N
397,823.89,1029.54,1,E,5,N
400,852.97,1030.14,1,E,5,N
404,893.38,1030.44,1,E,5,N
209,889.75,1039.47,1,S,3,W
197,870.32,1099.20,1,S,5,W
201,875.89,1099.50,1,S,5,W
204,878.53,1099.80,1,S,5,W
335,876.58,1100.10,1,W,5,W
337,878.80,1100.40,1,W,5,W
190,854.37,1121.34,1,S,5,N
191,859.81,1121.64,1,S,5,N
192,861.66,1121.94,1,S,5,N
194,866.37,1122.24,1,S,5,N
195,868.76,1122.54,1,S,5,N
196,869.88,1122.84,1,S,5,N
198,870.90,1123.14,1,S,5,N
202,877.19,1123.44,1,S,5,N
203,878.18,1123.74,1,S,5,N
206,879.53,1124.04,1,S,5,N
208,884.04,1124.34,1,S,5,N
210,890.36,1124.64,1,S,5,N
336,878.37,1124.94,1,W,5,N
338,880.23,1125.24,1,W,5,N
339,890.03,1125.54,1,W,5,N
340,890.28,1125.84,1,W,5,N
341,894.10,1126.14,1,W,5,N
342,897.55,1126.44,1,W,5,N