id,enter_time,exit_time,entrance_intersection,entrance_direction,exit_intersection,exit_direction
465,1.95,66.44,5,W,5,N
466,2.04,66.74,5,W,5,N
467,36.80,67.04,5,W,5,N
468,38.35,67.34,5,W,5,N
469,39.87,67.64,5,W,5,N
470,40.93,67.94,5,W,5,N
471,48.28,68.24,5,W,5,N
472,50.92,68.54,5,W,5,N
473,52.64,68.84,5,W,5,N
474,55.22,69.14,5,W,5,N
475,56.87,69.44,5,W,5,N
476,66.93,73.06,5,W,5,N
584,65.43,80.44,5,E,5,N
1,49.05,100.70,1,S,1,W
5,53.28,101.00,1,S,1,W
6,53.49,101.30,1,S,1,W
369,48.90,112.57,2,E,3,W
2,50.27,113.80,1,S,1,E
4,52.90,114.40,1,S,1,E
12,100.17,116.20,1,S,1,E
396,51.47,131.27,3,W,5,N
427,73.75,135.52,3,E,5,N
477,81.32,166.34,5,W,5,N
478,83.58,166.64,5,W,5,N
479,83.70,166.94,5,W,5,N
480,85.31,167.24,5,W,5,N
481,88.51,167.54,5,W,5,N
482,95.70,167.84,5,W,5,N
483,97.75,168.14,5,W,5,N
484,100.05,168.44,5,W,5,N
485,140.53,168.74,5,W,5,N
486,143.13,169.04,5,W,5,N
487,145.10,169.34,5,W,5,N
488,146.07,169.64,5,W,5,N
489,148.05,169.94,5,W,5,N
490,150.04,170.24,5,W,5,N
491,151.55,170.54,5,W,5,N
492,168.39,174.53,5,W,5,N
585,131.75,180.34,5,E,5,N
586,150.29,180.64,5,E,5,N
424,1.34,200.10,3,E,5,W
425,47.08,200.40,3,E,5,W
426,55.76,200.70,3,E,5,W
428,86.22,201.00,3,E,5,W
14,142.13,201.10,1,S,1,W
429,87.34,201.30,3,E,5,W
17,174.37,201.40,1,S,1,W
370,66.03,201.60,2,E,5,W
178,130.51,201.70,1,W,2,W
345,21.05,201.90,2,W,5,W
164,12.89,202.20,1,W,5,W
170,46.91,202.50,1,W,5,W
284,0.72,202.80,1,E,5,W
285,9.14,203.10,1,E,5,W
287,45.24,203.40,1,E,5,W
289,67.36,203.70,1,E,5,W
291,172.83,204.10,1,E,2,W
26,204.72,218.85,1,S,1,E
173,64.58,219.10,1,W,5,E
344,8.14,222.24,2,W,5,N
371,87.21,222.54,2,E,5,N
163,9.06,222.84,1,W,5,N
165,13.68,223.14,1,W,5,N
166,14.79,223.44,1,W,5,N
167,24.79,223.74,1,W,5,N
168,27.82,224.04,1,W,5,N
169,43.67,224.34,1,W,5,N
171,62.09,224.64,1,W,5,N
172,63.64,224.94,1,W,5,N
286,21.73,225.54,1,E,5,N
288,50.16,225.84,1,E,5,N
397,115.59,231.07,3,W,5,N
430,137.31,231.07,3,E,5,N
431,143.90,231.37,3,E,5,N
398,181.57,243.34,3,W,5,N
432,181.73,243.50,3,E,5,N
433,183.55,245.32,3,E,5,N
293,188.70,250.89,1,E,3,W
434,192.92,254.69,3,E,5,N
435,194.43,256.20,3,E,5,N
493,199.54,266.24,5,W,5,N
494,207.23,266.54,5,W,5,N
495,215.83,266.84,5,W,5,N
496,218.11,267.14,5,W,5,N
497,242.96,267.44,5,W,5,N
498,245.23,267.74,5,W,5,N
499,245.45,268.04,5,W,5,N
587,204.63,280.24,5,E,5,N
588,256.36,280.54,5,E,5,N
589,263.96,280.84,5,E,5,N
590,275.21,281.35,5,E,5,N
11,99.95,300.00,1,S,5,W
18,175.67,300.30,1,S,3,E
13,100.93,300.30,1,S,5,W
372,129.24,300.60,2,E,5,W
373,147.73,300.90,2,E,5,W
174,74.24,301.20,1,W,5,W
38,259.62,301.50,1,S,1,W
176,92.65,301.50,1,W,5,W
179,131.31,301.80,1,W,5,W
180,154.23,302.10,1,W,5,W
25,203.68,302.40,1,S,3,E
183,157.74,302.40,1,W,5,W
188,211.64,303.90,1,W,2,W
347,180.81,318.40,2,W,5,E
348,191.60,318.70,2,W,5,E
177,114.06,319.30,1,W,5,E
290,131.23,320.50,1,E,5,E
0,47.40,322.14,1,S,5,N
3,51.98,322.44,1,S,5,N
7,57.65,322.74,1,S,5,N
8,59.33,323.04,1,S,5,N
9,60.04,323.34,1,S,5,N
10,61.27,323.64,1,S,5,N
346,103.28,323.94,2,W,5,N
374,176.68,324.24,2,E,5,N
399,211.08,324.73,3,W,5,E
175,76.16,325.14,1,W,5,N
181,155.69,325.74,1,W,5,N
182,155.74,326.04,1,W,5,N
184,159.42,326.34,1,W,5,N
292,175.49,326.94,1,E,5,N
294,194.04,327.24,1,E,5,N
295,198.15,327.54,1,E,5,N
400,262.70,331.17,3,W,5,N
438,278.47,334.10,3,E,5,E
30,209.94,337.57,1,S,3,E
437,277.46,339.23,3,E,5,N
401,286.27,348.04,3,W,5,N
500,280.22,366.14,5,W,5,N
501,293.30,366.44,5,W,5,N
502,301.65,366.74,5,W,5,N
503,304.07,367.04,5,W,5,N
504,304.59,367.34,5,W,5,N
505,306.58,367.64,5,W,5,N
506,308.30,367.94,5,W,5,N
507,310.70,368.24,5,W,5,N
508,338.02,368.54,5,W,5,N
509,347.28,368.84,5,W,5,N
510,352.94,369.14,5,W,5,N
511,353.96,369.44,5,W,5,N
512,361.49,369.74,5,W,5,N
513,370.13,376.27,5,W,5,N
514,372.08,378.21,5,W,5,N
591,329.69,380.14,5,E,5,N
592,331.66,380.44,5,E,5,N
593,332.77,380.74,5,E,5,N
594,337.60,381.04,5,E,5,N
595,342.96,381.34,5,E,5,N
436,229.33,399.90,3,E,5,W
15,142.40,400.20,1,S,5,W
23,201.79,400.50,1,S,5,W
24,201.92,400.80,1,S,5,W
27,205.19,401.10,1,S,5,W
29,209.92,401.40,1,S,5,W
186,194.24,401.70,1,W,5,W
43,308.51,401.90,1,S,1,W
187,196.11,402.00,1,W,5,W
45,311.96,402.20,1,S,1,W
190,220.95,402.30,1,W,5,W
55,320.61,402.50,1,S,1,W
191,237.66,402.60,1,W,5,W
63,362.53,402.80,1,S,1,W
193,240.53,402.90,1,W,5,W
67,365.95,403.10,1,S,1,W
68,366.17,403.40,1,S,1,W
301,287.72,405.54,1,E,5,W
200,312.13,406.70,1,W,2,W
304,351.62,407.90,1,E,2,W
61,356.28,415.30,1,S,1,E
34,220.94,420.40,1,S,5,E
16,143.08,422.04,1,S,5,N
19,176.97,422.34,1,S,5,N
20,177.10,422.64,1,S,5,N
21,177.64,422.94,1,S,5,N
22,200.24,423.24,1,S,5,N
349,204.42,423.54,2,W,5,N
375,219.37,423.84,2,E,5,N
376,257.05,424.14,2,E,5,N
350,211.91,424.44,2,W,5,N
377,268.13,424.74,2,E,5,N
351,219.86,425.04,2,W,5,N
28,209.16,425.34,1,S,5,N
31,210.12,425.64,1,S,5,N
32,212.03,425.94,1,S,5,N
33,213.50,426.24,1,S,5,N
185,168.78,426.84,1,W,5,N
189,220.14,427.14,1,W,5,N
192,238.65,427.44,1,W,5,N
194,250.07,427.74,1,W,5,N
296,212.50,428.04,1,E,5,N
297,213.86,428.34,1,E,5,N
298,256.18,428.64,1,E,5,N
299,259.17,428.94,1,E,5,N
300,285.65,429.24,1,E,5,N
302,292.97,429.54,1,E,5,N
402,340.71,430.67,3,W,5,N
403,357.63,430.97,3,W,5,N
303,345.90,443.67,1,E,3,W
306,362.26,444.57,1,E,3,E
405,383.03,444.80,3,W,5,N
440,384.92,446.69,3,E,5,N
441,391.35,453.12,3,E,5,N
309,400.92,463.11,1,E,3,W
515,375.98,466.04,5,W,5,N
516,377.06,466.34,5,W,5,N
517,378.72,466.64,5,W,5,N
518,380.42,466.94,5,W,5,N
519,380.51,467.24,5,W,5,N
520,381.73,467.54,5,W,5,N
521,384.67,467.84,5,W,5,N
522,432.32,468.14,5,W,5,N
523,442.07,468.44,5,W,5,N
524,450.67,468.74,5,W,5,N
596,408.55,480.04,5,E,5,N
597,421.59,480.34,5,E,5,N
598,422.80,480.64,5,E,5,N
599,438.54,480.94,5,E,5,N
600,439.15,481.24,5,E,5,N
601,493.10,499.23,5,E,5,N
439,331.48,499.80,3,E,5,W
404,378.06,500.10,3,W,5,W
35,256.58,500.40,1,S,5,W
40,304.10,500.70,1,S,5,W
379,347.60,501.00,2,E,5,W
70,410.62,501.10,1,S,2,E
380,359.87,501.30,2,E,5,W
41,305.02,501.60,1,S,5,W
47,314.51,501.90,1,S,5,W
50,315.64,502.20,1,S,5,W
75,416.68,502.30,1,S,1,W
56,322.89,502.50,1,S,5,W
81,430.26,502.60,1,S,1,W
57,323.82,502.80,1,S,5,W
83,432.44,502.90,1,S,1,W
199,290.05,503.10,1,W,5,W
201,334.94,503.40,1,W,5,W
305,354.04,503.70,1,E,5,W
602,497.78,503.92,5,E,5,N
307,393.85,511.67,1,E,5,W
319,486.23,512.35,1,E,2,W
383,442.74,513.27,2,E,3,E
381,389.95,517.60,2,E,5,E
36,259.38,521.94,1,S,5,N
37,259.43,522.24,1,S,5,N
39,304.01,522.54,1,S,5,N
352,314.78,522.84,2,W,5,N
378,303.30,523.14,2,E,5,N
353,339.24,523.44,2,W,5,N
42,306.85,524.04,1,S,5,N
44,310.48,524.34,1,S,5,N
46,313.16,524.64,1,S,5,N
48,314.80,524.94,1,S,5,N
49,315.05,525.24,1,S,5,N
51,316.41,525.54,1,S,5,N
52,316.86,525.84,1,S,5,N
53,318.38,526.14,1,S,5,N
54,318.96,526.44,1,S,5,N
58,326.07,526.74,1,S,5,N
195,272.59,527.04,1,W,5,N
196,288.18,527.34,1,W,5,N
197,289.48,527.64,1,W,5,N
198,289.69,527.94,1,W,5,N
202,355.82,528.24,1,W,5,N
308,395.52,528.54,1,E,5,N
406,411.57,530.47,3,W,5,N
442,437.92,530.47,3,E,5,N
443,439.27,530.77,3,E,5,N
408,441.24,531.07,3,W,5,N
409,444.46,531.37,3,W,5,N
78,424.12,539.27,1,S,3,W
444,495.03,556.80,3,E,5,N
410,496.38,558.15,3,W,5,N
525,485.70,565.94,5,W,5,N
526,487.48,566.24,5,W,5,N
527,492.66,566.54,5,W,5,N
528,499.68,566.84,5,W,5,N
529,499.76,567.14,5,W,5,N
530,501.67,567.44,5,W,5,N
531,503.61,567.74,5,W,5,N
532,511.21,568.04,5,W,5,N
533,518.31,568.34,5,W,5,N
534,528.92,568.64,5,W,5,N
535,566.36,572.50,5,W,5,N
603,547.83,579.94,5,E,5,N
604,567.67,580.24,5,E,5,N
407,437.42,599.70,3,W,5,W
445,496.46,600.00,3,E,5,W
65,365.09,600.30,1,S,5,W
71,412.27,600.60,1,S,5,W
72,413.31,600.90,1,S,5,W
88,509.01,600.90,1,S,2,W
84,434.38,601.20,1,S,5,W
203,375.32,601.50,1,W,5,W
204,376.50,601.80,1,W,5,W
208,423.42,602.10,1,W,5,W
212,452.10,602.40,1,W,5,W
311,423.95,602.70,1,E,5,W
89,510.92,602.70,1,S,1,W
90,511.77,603.00,1,S,1,W
323,568.54,605.10,1,E,2,W
93,589.03,616.10,1,S,1,E
102,599.26,618.80,1,S,1,E
82,431.12,621.40,1,S,5,E
59,352.92,621.84,1,S,5,N
60,354.75,622.14,1,S,5,N
62,357.16,622.44,1,S,5,N
362,586.42,622.49,2,W,3,E
64,364.90,622.74,1,S,5,N
66,365.70,623.04,1,S,5,N
354,427.05,623.34,2,W,5,N
382,410.44,623.64,2,E,5,N
355,460.80,623.94,2,W,5,N
356,474.14,624.24,2,W,5,N
357,486.35,624.54,2,W,5,N
384,486.44,624.84,2,E,5,N
314,453.85,625.00,1,E,5,E
358,497.11,625.14,2,W,5,N
69,409.77,625.44,1,S,5,N
316,465.26,625.60,1,E,5,E
73,414.09,625.74,1,S,5,N
74,416.14,626.04,1,S,5,N
76,418.42,626.34,1,S,5,N
77,419.85,626.64,1,S,5,N
79,425.27,626.94,1,S,5,N
80,429.58,627.24,1,S,5,N
205,382.50,627.84,1,W,5,N
206,402.37,628.14,1,W,5,N
207,421.85,628.44,1,W,5,N
209,437.98,628.74,1,W,5,N
210,439.87,629.04,1,W,5,N
211,450.61,629.34,1,W,5,N
213,453.75,629.64,1,W,5,N
214,455.22,629.94,1,W,5,N
310,406.84,630.24,1,E,5,N
312,425.30,630.54,1,E,5,N
313,426.44,630.84,1,E,5,N
315,455.86,631.44,1,E,5,N
317,465.59,632.04,1,E,5,N
318,484.01,632.34,1,E,5,N
320,500.75,632.64,1,E,5,N
446,529.29,632.94,3,E,5,N
218,514.12,638.17,1,W,3,E
221,516.90,639.07,1,W,3,E
103,628.34,642.48,1,S,1,E
448,589.80,651.57,3,E,5,N
449,591.12,652.89,3,E,5,N
536,576.23,665.84,5,W,5,N
537,592.39,666.14,5,W,5,N
538,593.82,666.44,5,W,5,N
539,595.12,666.74,5,W,5,N
540,602.17,667.04,5,W,5,N
541,604.12,667.34,5,W,5,N
542,606.13,667.64,5,W,5,N
543,607.76,667.94,5,W,5,N
544,608.34,668.24,5,W,5,N
545,610.30,668.54,5,W,5,N
546,612.80,668.84,5,W,5,N
547,627.32,669.14,5,W,5,N
548,628.71,669.44,5,W,5,N
549,630.17,669.74,5,W,5,N
550,630.38,670.04,5,W,5,N
551,631.64,670.34,5,W,5,N
552,632.38,670.64,5,W,5,N
553,633.99,670.94,5,W,5,N
554,641.03,671.24,5,W,5,N
555,641.24,671.54,5,W,5,N
556,641.72,671.84,5,W,5,N
557,648.85,672.14,5,W,5,N
605,619.03,679.84,5,E,5,N
606,661.12,680.14,5,E,5,N
94,591.51,699.50,1,S,3,W
411,556.37,699.60,3,W,5,W
447,582.31,699.90,3,E,5,W
87,476.83,700.20,1,S,5,W
216,496.35,700.50,1,W,5,W
217,498.48,700.80,1,W,5,W
223,556.78,701.10,1,W,5,W
224,558.36,701.40,1,W,5,W
322,567.27,701.70,1,E,5,W
112,682.44,703.10,1,S,1,W
239,650.34,705.80,1,W,2,E
325,593.04,710.86,1,E,5,W
110,679.67,716.80,1,S,1,E
360,568.62,716.80,2,W,5,E
215,476.37,718.00,1,W,5,E
124,704.26,720.40,1,S,1,E
85,474.23,721.74,1,S,5,N
86,476.02,722.04,1,S,5,N
359,533.05,722.34,2,W,5,N
385,505.47,722.64,2,E,5,N
386,551.81,723.24,2,E,5,N
387,573.40,723.54,2,E,5,N
361,583.35,723.84,2,W,5,N
412,611.98,723.93,3,W,5,E
219,514.49,724.44,1,W,5,N
220,515.14,724.74,1,W,5,N
222,534.22,725.04,1,W,5,N
225,560.04,725.34,1,W,5,N
321,522.62,725.64,1,E,5,N
324,587.17,725.94,1,E,5,N
326,594.44,726.24,1,E,5,N
413,614.00,730.37,3,W,5,N
415,658.87,730.97,3,W,5,N
417,680.40,742.17,3,W,5,N
418,682.24,744.01,3,W,5,N
452,686.32,748.09,3,E,5,N
329,687.96,750.15,1,E,3,W
558,689.44,765.74,5,W,5,N
559,690.08,766.04,5,W,5,N
560,692.02,766.34,5,W,5,N
561,693.47,766.64,5,W,5,N
562,703.99,766.94,5,W,5,N
563,711.31,767.24,5,W,5,N
564,712.41,767.54,5,W,5,N
565,713.63,767.84,5,W,5,N
566,715.35,768.14,5,W,5,N
567,723.72,768.44,5,W,5,N
568,726.26,768.74,5,W,5,N
569,726.90,769.04,5,W,5,N
570,728.72,769.34,5,W,5,N
571,760.51,769.64,5,W,5,N
572,761.80,769.94,5,W,5,N
607,715.44,779.74,5,E,5,N
608,766.19,780.04,5,E,5,N
609,768.00,780.34,5,E,5,N
610,769.80,780.64,5,E,5,N
450,631.96,799.50,3,E,5,W
451,644.00,799.80,3,E,5,W
414,634.14,800.10,3,W,5,W
416,670.25,800.40,3,W,5,W
388,607.70,800.70,2,E,5,W
389,625.14,801.00,2,E,5,W
364,619.40,801.30,2,W,5,W
226,575.51,801.60,1,W,5,W
232,634.68,801.90,1,W,5,W
234,636.74,802.20,1,W,5,W
235,638.53,802.50,1,W,5,W
120,699.41,803.50,1,S,1,W
129,746.46,803.80,1,S,1,W
133,753.38,804.10,1,S,1,W
393,768.02,813.57,2,E,3,W
97,592.24,816.70,1,S,5,E
130,746.76,817.20,1,S,1,E
104,629.06,819.40,1,S,5,E
230,623.74,821.20,1,W,5,E
91,547.11,821.64,1,S,5,N
92,549.88,821.94,1,S,5,N
95,591.67,822.24,1,S,5,N
96,591.88,822.54,1,S,5,N
98,594.20,823.14,1,S,5,N
99,596.03,823.44,1,S,5,N
100,596.52,823.74,1,S,5,N
243,665.49,823.90,1,W,5,E
101,597.77,824.04,1,S,5,N
363,614.70,824.34,2,W,5,N
390,651.95,824.64,2,E,5,N
391,692.58,824.94,2,E,5,N
365,697.71,825.24,2,W,5,N
105,636.84,825.84,1,S,5,N
106,636.91,826.14,1,S,5,N
227,577.21,826.44,1,W,5,N
228,601.48,826.74,1,W,5,N
229,604.54,827.04,1,W,5,N
231,633.22,827.64,1,W,5,N
233,635.21,827.94,1,W,5,N
236,642.25,828.24,1,W,5,N
237,646.08,828.54,1,W,5,N
142,814.50,828.63,1,S,1,E
238,649.38,828.84,1,W,5,N
240,655.87,829.14,1,W,5,N
241,659.84,829.44,1,W,5,N
242,663.56,829.74,1,W,5,N
327,605.53,830.34,1,E,5,N
328,654.42,830.64,1,E,5,N
330,689.57,830.94,1,E,5,N
453,728.67,831.24,3,E,5,N
145,817.39,831.52,1,S,1,E
454,743.41,831.54,3,E,5,N
455,745.04,831.84,3,E,5,N
456,746.55,832.14,3,E,5,N
250,735.21,840.17,1,W,3,W
460,781.18,842.95,3,E,5,N
461,782.26,844.03,3,E,5,N
134,754.21,844.22,1,S,2,W
573,776.77,865.64,5,W,5,N
574,786.32,865.94,5,W,5,N
575,796.03,866.24,5,W,5,N
576,798.80,866.54,5,W,5,N
577,799.89,866.84,5,W,5,N
578,801.09,867.14,5,W,5,N
579,826.28,867.44,5,W,5,N
580,826.49,867.74,5,W,5,N
581,833.74,868.04,5,W,5,N
582,861.10,868.34,5,W,5,N
611,819.20,879.64,5,E,5,N
612,861.18,879.94,5,E,5,N
419,705.52,899.40,3,W,5,W
420,725.32,899.70,3,W,5,W
457,747.66,900.00,3,E,5,W
458,756.68,900.30,3,E,5,W
459,771.30,900.60,3,E,5,W
421,791.95,900.90,3,W,5,W
107,669.79,901.20,1,S,5,W
113,683.16,901.50,1,S,5,W
119,697.51,901.80,1,S,5,W
121,701.08,902.10,1,S,5,W
140,811.19,902.10,1,S,2,W
244,668.54,902.40,1,W,5,W
246,684.99,902.70,1,W,5,W
247,701.91,903.00,1,W,5,W
249,724.76,903.30,1,W,5,W
251,736.95,903.60,1,W,5,W
259,766.33,903.90,1,W,5,W
144,815.67,903.90,1,S,1,W
332,735.49,904.20,1,E,5,W
147,817.46,904.20,1,S,1,W
335,768.49,904.50,1,E,5,W
156,860.62,904.50,1,S,1,W
267,785.24,907.80,1,W,2,W
270,789.18,908.70,1,W,2,W
340,863.64,913.80,1,E,2,W
341,867.76,914.10,1,E,2,W
114,687.06,916.30,1,S,5,E
159,864.35,917.30,1,S,1,E
118,695.61,917.50,1,S,5,E
108,677.02,921.54,1,S,5,N
109,677.31,921.84,1,S,5,N
111,680.83,922.14,1,S,5,N
115,688.54,922.74,1,S,5,N
116,689.88,923.04,1,S,5,N
117,695.19,923.34,1,S,5,N
392,733.45,923.94,2,E,5,N
366,795.94,924.24,2,W,5,N
122,702.17,924.54,1,S,5,N
123,702.81,924.84,1,S,5,N
125,739.21,925.14,1,S,5,N
245,683.96,925.44,1,W,5,N
248,717.65,925.74,1,W,5,N
252,738.63,926.04,1,W,5,N
253,739.91,926.34,1,W,5,N
254,741.06,926.64,1,W,5,N
255,742.12,926.94,1,W,5,N
256,743.23,927.24,1,W,5,N
257,744.44,927.54,1,W,5,N
258,765.20,927.84,1,W,5,N
331,706.69,928.14,1,E,5,N
333,744.62,928.44,1,E,5,N
334,750.38,928.74,1,E,5,N
464,855.67,930.27,3,E,5,N
151,822.88,940.27,1,S,3,E
423,890.15,951.92,3,W,5,N
583,899.47,965.54,5,W,5,N
157,861.78,998.30,1,S,3,E
462,800.92,999.30,3,E,5,W
422,821.36,999.60,3,W,5,W
463,854.12,999.90,3,E,5,W
127,744.11,1000.20,1,S,5,W
128,746.37,1000.50,1,S,5,W
131,747.51,1000.80,1,S,5,W
132,751.93,1001.10,1,S,5,W
395,859.37,1001.40,2,E,5,W
146,817.39,1001.70,1,S,5,W
154,832.52,1002.00,1,S,5,W
260,772.13,1002.30,1,W,5,W
265,781.75,1002.60,1,W,5,W
271,805.92,1002.90,1,W,5,W
272,807.16,1003.20,1,W,5,W
273,821.05,1003.50,1,W,5,W
275,833.01,1003.80,1,W,5,W
276,833.18,1004.10,1,W,5,W
339,844.12,1005.21,1,E,5,W
394,811.24,1016.50,2,E,5,E
262,775.27,1020.70,1,W,5,E
126,741.06,1021.44,1,S,5,N
135,803.14,1021.74,1,S,5,N
136,804.88,1022.04,1,S,5,N
367,806.31,1022.34,2,W,5,N
368,834.11,1022.94,2,W,5,N
137,806.59,1023.24,1,S,5,N
138,809.25,1023.54,1,S,5,N
139,809.43,1023.84,1,S,5,N
281,862.99,1024.00,1,W,5,E
141,813.11,1024.14,1,S,5,N
143,815.49,1024.44,1,S,5,N
148,818.67,1024.74,1,S,5,N
149,821.09,1025.04,1,S,5,N
150,821.41,1025.34,1,S,5,N
152,830.71,1025.64,1,S,5,N
153,831.88,1025.94,1,S,5,N
155,834.28,1026.24,1,S,5,N
261,773.45,1026.54,1,W,5,N
263,776.88,1027.14,1,W,5,N
264,780.08,1027.44,1,W,5,N
266,783.36,1027.74,1,W,5,N
268,786.65,1028.04,1,W,5,N
269,787.31,1028.34,1,W,5,N
274,824.80,1028.64,1,W,5,N
277,835.87,1028.94,1,W,5,N
278,836.80,1029.24,1,W,5,N
279,857.49,1029.54,1,W,5,N
280,861.19,1029.84,1,W,5,N
282,864.48,1030.44,1,W,5,N
336,807.95,1030.74,1,E,5,N
337,839.15,1031.04,1,E,5,N
338,842.31,1031.34,1,E,5,N
342,887.00,1031.64,1,E,5,N
343,895.64,1031.94,1,E,5,N
162,868.35,1099.20,1,S,5,W
283,884.24,1099.50,1,W,5,W
160,865.22,1115.50,1,S,5,E
158,862.53,1121.34,1,S,5,N
161,866.51,1121.94,1,S,5,N