id,enter_time,exit_time,entrance_intersection,entrance_direction,exit_intersection,exit_direction
459,1.60,66.44,5,W,5,N
460,6.00,66.74,5,W,5,N
461,18.64,67.04,5,W,5,N
462,19.11,67.34,5,W,5,N
463,21.70,67.64,5,W,5,N
464,22.87,67.94,5,W,5,N
465,23.17,68.24,5,W,5,N
466,37.98,68.54,5,W,5,N
467,40.55,68.84,5,W,5,N
468,42.68,69.14,5,W,5,N
469,50.43,69.44,5,W,5,N
470,51.42,69.74,5,W,5,N
604,48.60,80.44,5,E,5,N
605,58.41,80.74,5,E,5,N
606,60.09,81.04,5,E,5,N
607,81.25,87.38,5,E,5,N
153,3.78,101.00,1,W,2,E
608,98.32,104.45,5,E,5,N
399,66.33,131.27,3,W,5,N
423,93.40,155.17,3,E,5,N
424,95.08,156.85,3,E,5,N
471,81.99,166.34,5,W,5,N
472,83.23,166.64,5,W,5,N
473,85.11,166.94,5,W,5,N
474,86.75,167.24,5,W,5,N
475,88.71,167.54,5,W,5,N
476,90.57,167.84,5,W,5,N
477,91.78,168.14,5,W,5,N
478,100.40,168.44,5,W,5,N
479,130.84,168.74,5,W,5,N
480,131.08,169.04,5,W,5,N
481,132.16,169.34,5,W,5,N
482,133.21,169.64,5,W,5,N
483,134.86,169.94,5,W,5,N
484,138.20,170.24,5,W,5,N
485,144.50,170.54,5,W,5,N
486,145.03,170.84,5,W,5,N
487,147.89,171.14,5,W,5,N
488,149.07,171.44,5,W,5,N
489,150.39,171.74,5,W,5,N
490,150.78,172.04,5,W,5,N
491,152.75,172.34,5,W,5,N
609,151.09,180.34,5,E,5,N
4,68.00,199.90,1,S,3,W
420,13.08,200.10,3,E,5,W
421,14.66,200.40,3,E,5,W
422,44.79,200.70,3,E,5,W
1,3.34,201.00,1,S,5,W
10,107.97,201.10,1,S,1,W
376,72.84,201.30,2,E,5,W
16,146.52,201.40,1,S,1,W
352,90.98,201.60,2,W,5,W
20,183.19,201.70,1,S,1,W
285,1.71,201.90,1,E,5,W
289,114.50,206.20,1,E,2,E
14,145.11,214.50,1,S,1,E
18,179.91,215.40,1,S,1,E
22,184.27,216.30,1,S,1,E
3,35.36,217.30,1,S,5,E
286,7.14,218.20,1,E,5,E
0,1.30,222.24,1,S,5,N
374,20.09,222.54,2,E,5,N
375,32.95,222.84,2,E,5,N
2,33.44,223.14,1,S,5,N
154,25.73,223.74,1,W,5,N
155,47.49,224.04,1,W,5,N
287,74.30,224.64,1,E,5,N
288,85.03,224.94,1,E,5,N
400,116.36,231.07,3,W,5,N
426,135.16,231.37,3,E,5,N
161,84.52,238.37,1,W,3,E
427,178.17,239.94,3,E,5,N
169,138.26,240.77,1,W,3,E
428,179.82,241.59,3,E,5,N
19,181.62,241.82,1,S,2,W
28,232.29,246.42,1,S,1,E
402,192.61,248.25,3,W,5,E
31,236.02,250.16,1,S,1,E
492,190.92,266.24,5,W,5,N
493,194.22,266.54,5,W,5,N
494,196.89,266.84,5,W,5,N
495,199.88,267.14,5,W,5,N
496,201.45,267.44,5,W,5,N
497,203.96,267.74,5,W,5,N
498,205.24,268.04,5,W,5,N
499,212.98,268.34,5,W,5,N
500,213.69,268.64,5,W,5,N
501,213.86,268.94,5,W,5,N
502,215.37,269.24,5,W,5,N
503,225.43,269.54,5,W,5,N
504,228.17,269.84,5,W,5,N
505,228.84,270.14,5,W,5,N
506,234.03,270.44,5,W,5,N
507,268.08,274.21,5,W,5,N
610,221.54,280.24,5,E,5,N
611,229.02,280.54,5,E,5,N
612,235.35,280.84,5,E,5,N
613,236.77,281.14,5,E,5,N
614,279.45,285.59,5,E,5,N
425,128.80,300.00,3,E,5,W
401,175.90,300.30,3,W,5,W
429,180.84,300.60,3,E,5,W
5,68.69,300.90,1,S,5,W
8,100.11,301.20,1,S,5,W
26,230.68,301.50,1,S,1,W
353,102.14,301.50,2,W,5,W
32,240.19,301.80,1,S,1,W
377,120.14,301.80,2,E,5,W
378,161.00,302.10,2,E,5,W
354,177.83,302.40,2,W,5,W
156,66.03,302.70,1,W,5,W
160,81.07,303.00,1,W,5,W
164,101.99,303.30,1,W,5,W
166,113.31,303.60,1,W,5,W
170,139.68,303.90,1,W,5,W
173,165.17,304.20,1,W,5,W
293,180.16,304.50,1,E,5,W
294,185.87,304.80,1,E,5,W
186,236.98,305.70,1,W,2,W
6,99.28,322.14,1,S,5,N
7,99.34,322.44,1,S,5,N
9,104.19,322.74,1,S,5,N
355,190.11,323.04,2,W,5,N
379,197.52,323.34,2,E,5,N
11,109.87,323.64,1,S,5,N
157,69.41,323.94,1,W,5,N
158,71.25,324.24,1,W,5,N
159,78.51,324.54,1,W,5,N
162,87.29,324.84,1,W,5,N
163,96.55,325.14,1,W,5,N
165,112.15,325.44,1,W,5,N
167,123.02,325.74,1,W,5,N
168,131.58,326.04,1,W,5,N
171,149.23,326.34,1,W,5,N
172,164.92,326.64,1,W,5,N
290,116.63,326.94,1,E,5,N
291,146.05,327.24,1,E,5,N
292,148.46,327.54,1,E,5,N
295,188.57,327.84,1,E,5,N
430,234.42,330.87,3,E,5,N
403,244.62,330.87,3,W,5,N
431,272.86,334.63,3,E,5,N
27,231.50,337.27,1,S,3,E
175,176.16,338.47,1,W,3,W
183,216.43,340.87,1,W,3,W
188,241.97,342.37,1,W,3,W
508,276.49,366.14,5,W,5,N
509,277.91,366.44,5,W,5,N
510,278.29,366.74,5,W,5,N
511,279.03,367.04,5,W,5,N
512,285.70,367.34,5,W,5,N
513,286.93,367.64,5,W,5,N
514,288.02,367.94,5,W,5,N
515,304.13,368.24,5,W,5,N
516,304.31,368.54,5,W,5,N
517,306.09,368.84,5,W,5,N
518,307.71,369.14,5,W,5,N
519,308.75,369.44,5,W,5,N
520,310.46,369.74,5,W,5,N
521,311.81,370.04,5,W,5,N
522,313.01,370.34,5,W,5,N
523,342.40,370.64,5,W,5,N
524,342.48,370.94,5,W,5,N
525,344.79,371.24,5,W,5,N
526,351.83,371.54,5,W,5,N
527,359.63,371.84,5,W,5,N
528,361.61,372.14,5,W,5,N
529,362.35,372.44,5,W,5,N
530,363.75,372.74,5,W,5,N
531,364.47,373.04,5,W,5,N
615,332.36,380.14,5,E,5,N
616,384.61,390.74,5,E,5,N
13,144.43,399.90,1,S,5,W
15,145.98,400.20,1,S,5,W
17,179.77,400.50,1,S,5,W
356,218.97,400.80,2,W,5,W
40,310.89,401.00,1,S,2,E
358,255.99,401.10,2,W,5,W
360,286.57,401.40,2,W,5,W
24,229.22,401.70,1,S,5,W
45,343.97,401.90,1,S,1,W
29,233.63,402.00,1,S,5,W
47,346.96,402.20,1,S,1,W
30,235.26,402.30,1,S,5,W
48,347.48,402.50,1,S,1,W
179,201.35,402.60,1,W,5,W
54,353.58,402.80,1,S,1,W
182,208.07,402.90,1,W,5,W
196,307.28,403.10,1,W,2,W
190,264.93,403.20,1,W,5,W
296,217.49,403.50,1,E,5,W
299,245.44,403.80,1,E,5,W
308,347.14,406.40,1,E,2,W
313,381.19,407.90,1,E,2,W
44,343.70,415.30,1,S,1,E
21,184.07,416.20,1,S,5,E
51,349.69,416.50,1,S,1,E
55,379.29,417.40,1,S,1,E
184,232.16,420.10,1,W,5,E
297,220.72,421.30,1,E,5,E
12,143.13,422.04,1,S,5,N
23,184.71,422.64,1,S,5,N
380,242.24,422.94,2,E,5,N
381,270.86,423.24,2,E,5,N
357,227.44,423.54,2,W,5,N
359,257.21,423.84,2,W,5,N
25,230.37,424.14,1,S,5,N
174,175.41,424.44,1,W,5,N
176,177.58,424.74,1,W,5,N
177,178.42,425.04,1,W,5,N
178,187.90,425.34,1,W,5,N
180,202.72,425.64,1,W,5,N
181,206.46,425.94,1,W,5,N
185,235.00,426.54,1,W,5,N
187,238.70,426.84,1,W,5,N
189,261.29,427.14,1,W,5,N
298,241.46,427.74,1,E,5,N
300,249.35,428.04,1,E,5,N
301,250.42,428.34,1,E,5,N
302,253.87,428.64,1,E,5,N
303,270.54,428.94,1,E,5,N
304,272.87,429.24,1,E,5,N
305,282.28,429.54,1,E,5,N
404,318.55,430.67,3,W,5,N
434,364.31,431.27,3,E,5,N
39,310.42,436.77,1,S,3,E
43,343.52,441.12,1,S,2,W
46,345.56,441.72,1,S,2,W
532,380.04,466.04,5,W,5,N
533,421.96,466.34,5,W,5,N
534,429.29,466.64,5,W,5,N
535,430.50,466.94,5,W,5,N
536,432.20,467.24,5,W,5,N
537,440.84,467.54,5,W,5,N
538,442.59,467.84,5,W,5,N
539,450.32,468.14,5,W,5,N
540,451.77,468.44,5,W,5,N
541,453.71,468.74,5,W,5,N
542,455.58,469.04,5,W,5,N
543,466.34,472.47,5,W,5,N
544,469.25,475.39,5,W,5,N
545,470.63,476.77,5,W,5,N
617,431.82,480.04,5,E,5,N
618,475.58,481.72,5,E,5,N
619,476.29,482.43,5,E,5,N
432,317.92,499.80,3,E,5,W
433,363.06,500.10,3,E,5,W
405,387.53,500.40,3,W,5,W
361,310.45,500.70,2,W,5,W
362,334.83,501.00,2,W,5,W
193,301.41,501.30,1,W,5,W
194,304.62,501.60,1,W,5,W
195,305.95,501.90,1,W,5,W
197,309.03,502.20,1,W,5,W
66,477.77,502.30,1,S,1,W
200,330.45,502.50,1,W,5,W
309,352.76,502.80,1,E,5,W
311,371.20,503.10,1,E,5,W
71,492.59,506.72,1,S,1,W
323,464.64,508.60,1,E,2,W
65,474.97,516.90,1,S,1,E
383,348.12,517.90,2,E,5,E
192,277.45,519.10,1,W,5,E
33,240.28,521.94,1,S,5,N
34,276.18,522.24,1,S,5,N
35,276.77,522.54,1,S,5,N
36,277.03,522.84,1,S,5,N
37,278.70,523.14,1,S,5,N
38,279.98,523.44,1,S,5,N
382,318.21,523.74,2,E,5,N
384,388.47,524.34,2,E,5,N
41,311.80,524.64,1,S,5,N
191,273.71,524.94,1,W,5,N
198,328.16,525.54,1,W,5,N
199,328.76,525.84,1,W,5,N
201,331.05,526.14,1,W,5,N
202,344.36,526.44,1,W,5,N
203,350.03,526.74,1,W,5,N
204,351.52,527.04,1,W,5,N
306,309.02,527.34,1,E,5,N
307,342.67,527.64,1,E,5,N
310,361.40,527.94,1,E,5,N
312,373.38,528.24,1,E,5,N
314,390.89,528.54,1,E,5,N
315,392.28,528.84,1,E,5,N
435,401.47,530.47,3,E,5,N
436,435.69,530.77,3,E,5,N
407,458.97,530.77,3,W,5,N
437,452.99,531.07,3,E,5,N
438,454.26,531.37,3,E,5,N
59,466.97,541.22,1,S,2,W
317,418.09,542.87,1,E,3,W
546,480.65,565.94,5,W,5,N
547,481.99,566.24,5,W,5,N
548,515.37,566.54,5,W,5,N
549,531.72,566.84,5,W,5,N
550,533.06,567.14,5,W,5,N
551,534.21,567.44,5,W,5,N
552,535.61,567.74,5,W,5,N
553,537.48,568.04,5,W,5,N
554,544.47,568.34,5,W,5,N
555,550.85,568.64,5,W,5,N
556,551.21,568.94,5,W,5,N
557,553.01,569.24,5,W,5,N
558,559.79,569.54,5,W,5,N
559,560.41,569.84,5,W,5,N
560,563.36,570.14,5,W,5,N
561,565.18,571.32,5,W,5,N
620,500.41,579.94,5,E,5,N
621,510.14,580.24,5,E,5,N
622,560.94,580.54,5,E,5,N
623,566.53,580.84,5,E,5,N
624,567.33,581.14,5,E,5,N
625,569.57,581.44,5,E,5,N
626,578.12,584.26,5,E,5,N
627,583.22,589.35,5,E,5,N
628,587.68,593.82,5,E,5,N
406,441.33,599.70,3,W,5,W
439,497.47,600.00,3,E,5,W
42,341.81,600.30,1,S,5,W
49,347.60,600.60,1,S,5,W
364,434.51,600.90,2,W,5,W
212,397.52,601.20,1,W,5,W
216,433.72,601.50,1,W,5,W
318,421.44,601.80,1,E,5,W
224,470.57,602.40,1,W,2,W
72,523.15,602.70,1,S,1,W
80,565.28,603.00,1,S,1,W
333,559.99,608.70,1,E,2,W
52,351.70,616.00,1,S,5,E
53,353.51,616.30,1,S,5,E
366,479.67,618.40,2,W,5,E
367,490.47,618.70,2,W,5,E
213,397.55,621.40,1,W,5,E
50,348.76,621.84,1,S,5,N
56,380.12,622.74,1,S,5,N
57,382.01,623.04,1,S,5,N
220,454.58,623.20,1,W,5,E
385,433.79,623.34,2,E,5,N
363,423.11,623.64,2,W,5,N
365,447.37,623.94,2,W,5,N
386,479.21,624.24,2,E,5,N
320,434.33,624.70,1,E,5,E
58,420.29,625.14,1,S,5,N
205,370.91,625.44,1,W,5,N
206,372.89,625.74,1,W,5,N
207,374.22,626.04,1,W,5,N
208,387.76,626.34,1,W,5,N
327,494.61,626.50,1,E,5,E
209,394.40,626.64,1,W,5,N
210,395.59,626.94,1,W,5,N
211,396.36,627.24,1,W,5,N
214,419.93,627.84,1,W,5,N
215,420.60,628.14,1,W,5,N
217,440.56,628.44,1,W,5,N
218,443.57,628.74,1,W,5,N
219,445.17,629.04,1,W,5,N
221,457.42,629.64,1,W,5,N
222,465.23,629.94,1,W,5,N
316,403.08,630.24,1,E,5,N
319,432.28,630.54,1,E,5,N
321,439.54,631.14,1,E,5,N
322,450.47,631.44,1,E,5,N
324,465.83,631.74,1,E,5,N
325,468.53,632.04,1,E,5,N
326,491.17,632.34,1,E,5,N
408,516.98,632.94,3,W,5,N
441,561.38,633.24,3,E,5,N
442,562.87,633.54,3,E,5,N
88,638.00,652.14,1,S,1,E
562,608.75,665.84,5,W,5,N
563,610.60,666.14,5,W,5,N
564,613.10,666.44,5,W,5,N
565,613.53,666.74,5,W,5,N
566,626.99,667.04,5,W,5,N
567,634.18,667.34,5,W,5,N
568,647.94,667.64,5,W,5,N
569,654.84,667.94,5,W,5,N
570,662.59,668.73,5,W,5,N
629,629.52,679.84,5,E,5,N
630,638.69,680.14,5,E,5,N
631,655.59,680.44,5,E,5,N
632,672.75,680.74,5,E,5,N
440,551.49,699.60,3,E,5,W
409,539.58,699.90,3,W,5,W
410,593.71,700.20,3,W,5,W
328,501.00,700.50,1,E,5,W
63,471.96,700.80,1,S,5,W
85,635.64,701.00,1,S,2,E
68,488.53,701.10,1,S,5,W
70,491.34,701.40,1,S,5,W
87,637.64,701.60,1,S,2,E
387,528.09,701.70,2,E,5,W
74,526.22,702.00,1,S,5,W
75,528.00,702.30,1,S,5,W
76,528.38,702.60,1,S,5,W
225,472.38,702.90,1,W,5,W
82,599.15,703.10,1,S,1,W
226,472.48,703.20,1,W,5,W
93,646.43,703.40,1,S,1,W
233,505.50,703.50,1,W,5,W
94,647.03,703.70,1,S,1,W
235,518.82,703.80,1,W,5,W
247,633.93,704.00,1,W,2,E
96,650.14,704.00,1,S,1,W
237,530.52,704.10,1,W,5,W
97,650.16,704.30,1,S,1,W
330,512.07,704.40,1,E,5,W
101,655.12,704.60,1,S,1,W
331,518.65,704.70,1,E,5,W
332,545.75,705.00,1,E,5,W
105,694.44,708.57,1,S,1,W
388,554.13,718.00,2,E,5,E
104,692.69,718.60,1,S,1,E
223,469.00,718.90,1,W,5,E
60,467.30,721.74,1,S,5,N
239,548.80,721.90,1,W,5,E
61,471.13,722.04,1,S,5,N
62,471.56,722.34,1,S,5,N
64,473.12,722.64,1,S,5,N
67,483.48,722.94,1,S,5,N
69,490.35,723.24,1,S,5,N
368,504.06,723.54,2,W,5,N
369,527.98,723.84,2,W,5,N
389,596.08,724.44,2,E,5,N
445,635.76,724.53,3,E,5,E
73,524.63,724.74,1,S,5,N
227,473.02,725.34,1,W,5,N
416,658.68,725.43,3,W,5,E
228,474.60,725.64,1,W,5,N
229,475.20,725.94,1,W,5,N
230,476.41,726.24,1,W,5,N
231,491.57,726.54,1,W,5,N
232,498.05,726.84,1,W,5,N
234,516.09,727.14,1,W,5,N
236,520.59,727.44,1,W,5,N
238,546.27,727.74,1,W,5,N
240,550.72,728.34,1,W,5,N
329,504.62,728.64,1,E,5,N
334,581.84,728.94,1,E,5,N
413,647.37,730.67,3,W,5,N
446,637.19,730.97,3,E,5,N
89,639.10,737.97,1,S,3,E
241,568.04,738.27,1,W,3,W
242,591.37,738.57,1,W,3,W
245,610.83,739.47,1,W,3,E
339,663.65,741.87,1,E,3,E
98,650.28,743.22,1,S,2,W
571,696.58,765.74,5,W,5,N
572,697.67,766.04,5,W,5,N
573,700.14,766.34,5,W,5,N
574,700.38,766.64,5,W,5,N
575,707.77,766.94,5,W,5,N
576,708.96,767.24,5,W,5,N
577,709.52,767.54,5,W,5,N
578,711.96,767.84,5,W,5,N
579,746.86,768.14,5,W,5,N
580,750.65,768.44,5,W,5,N
633,744.26,779.74,5,E,5,N
92,645.52,799.30,1,S,3,W
443,618.97,799.50,3,E,5,W
411,609.33,799.80,3,W,5,W
444,630.19,800.10,3,E,5,W
412,627.43,800.40,3,W,5,W
414,654.08,800.70,3,W,5,W
415,657.75,801.00,3,W,5,W
447,655.90,801.30,3,E,5,W
448,698.42,801.60,3,E,5,W
251,669.92,801.70,1,W,2,E
83,599.43,801.90,1,S,5,W
252,679.73,802.00,1,W,2,W
371,686.14,802.20,2,W,5,W
243,608.06,802.50,1,W,5,W
254,683.81,802.60,1,W,2,E
244,609.85,802.80,1,W,5,W
634,796.73,802.87,5,E,5,N
246,632.56,803.10,1,W,5,W
249,666.34,803.40,1,W,5,W
109,699.55,803.50,1,S,1,W
338,646.61,803.70,1,E,5,W
110,700.73,803.80,1,S,1,W
341,674.99,804.00,1,E,5,W
111,743.20,804.10,1,S,1,W
117,754.18,804.40,1,S,1,W
120,760.52,804.70,1,S,1,W
130,782.57,805.00,1,S,1,W
131,782.89,805.30,1,S,1,W
372,782.31,818.39,2,W,3,W
86,636.65,818.80,1,S,5,E
126,776.62,819.90,1,S,1,E
335,601.84,821.64,1,E,5,N
77,558.97,821.94,1,S,5,N
78,559.07,822.24,1,S,5,N
79,562.62,822.54,1,S,5,N
81,598.89,822.84,1,S,5,N
84,599.59,823.14,1,S,5,N
370,608.43,823.44,2,W,5,N
390,636.13,823.74,2,E,5,N
391,651.79,824.04,2,E,5,N
392,664.23,824.34,2,E,5,N
393,687.51,824.64,2,E,5,N
248,656.42,825.24,1,W,5,N
336,629.27,825.54,1,E,5,N
337,638.43,825.84,1,E,5,N
340,669.50,826.14,1,E,5,N
417,709.47,829.87,3,W,5,N
449,709.35,829.87,3,E,5,N
450,754.07,830.17,3,E,5,N
451,765.38,830.47,3,E,5,N
108,696.37,837.17,1,S,3,E
253,680.81,838.37,1,W,3,E
418,777.20,838.97,3,W,5,N
344,756.70,843.17,1,E,3,E
143,830.52,844.66,1,S,1,E
452,785.02,846.79,3,E,5,N
453,786.33,848.10,3,E,5,N
581,778.62,865.64,5,W,5,N
582,780.26,865.94,5,W,5,N
583,782.23,866.24,5,W,5,N
584,783.91,866.54,5,W,5,N
585,786.75,866.84,5,W,5,N
586,807.00,867.14,5,W,5,N
587,808.66,867.44,5,W,5,N
588,809.71,867.74,5,W,5,N
589,811.10,868.04,5,W,5,N
590,812.58,868.34,5,W,5,N
591,815.48,868.64,5,W,5,N
592,822.50,868.94,5,W,5,N
593,824.34,869.24,5,W,5,N
594,825.44,869.54,5,W,5,N
595,841.58,869.84,5,W,5,N
596,843.39,870.14,5,W,5,N
597,845.20,870.44,5,W,5,N
598,861.46,870.74,5,W,5,N
599,862.95,871.04,5,W,5,N
600,869.74,875.88,5,W,5,N
601,870.83,876.97,5,W,5,N
602,872.28,878.42,5,W,5,N
635,820.14,879.64,5,E,5,N
636,833.01,879.94,5,E,5,N
637,836.60,880.24,5,E,5,N
638,852.24,880.54,5,E,5,N
639,877.26,883.40,5,E,5,N
90,639.64,899.40,1,S,5,W
95,648.60,899.70,1,S,5,W
106,695.21,900.00,1,S,5,W
107,695.66,900.30,1,S,5,W
396,800.34,900.60,2,E,5,W
250,668.14,900.90,1,W,5,W
258,710.05,901.20,1,W,5,W
128,779.34,901.80,1,S,2,E
640,896.56,902.70,5,E,5,N
136,821.72,903.90,1,S,1,W
151,873.90,904.20,1,S,1,W
282,853.46,910.50,1,W,2,W
256,692.60,917.80,1,W,5,E
257,708.50,918.10,1,W,5,E
264,742.25,919.90,1,W,5,E
345,775.97,921.40,1,E,5,E
91,643.49,921.54,1,S,5,N
99,651.45,921.84,1,S,5,N
100,653.23,922.14,1,S,5,N
102,655.83,922.44,1,S,5,N
103,657.00,922.74,1,S,5,N
394,721.70,923.04,2,E,5,N
395,764.76,923.34,2,E,5,N
419,830.31,923.53,3,W,5,E
255,690.72,923.64,1,W,5,N
259,733.06,924.54,1,W,5,N
456,868.99,924.63,3,E,5,E
260,734.59,924.84,1,W,5,N
261,736.35,925.14,1,W,5,N
262,736.75,925.44,1,W,5,N
263,740.71,925.74,1,W,5,N
265,756.30,926.34,1,W,5,N
266,757.49,926.64,1,W,5,N
342,705.24,926.94,1,E,5,N
343,722.51,927.24,1,E,5,N
346,795.40,927.84,1,E,5,N
454,845.40,929.67,3,E,5,N
457,875.22,936.99,3,E,5,N
273,817.11,943.87,1,W,3,W
274,822.19,944.17,1,W,3,W
278,825.05,945.37,1,W,3,W
350,866.79,947.47,1,E,3,E
603,872.68,965.54,5,W,5,N
347,799.01,999.30,1,E,5,W
455,861.09,999.60,3,E,5,W
458,876.98,999.90,3,E,5,W
115,752.09,1000.20,1,S,5,W
122,763.71,1000.50,1,S,5,W
123,764.89,1000.80,1,S,5,W
124,771.92,1001.10,1,S,5,W
283,878.43,1001.30,1,W,2,E
373,815.99,1001.40,2,W,5,W
397,833.86,1001.70,2,E,5,W
398,861.29,1002.00,2,E,5,W
140,825.28,1002.30,1,S,5,W
141,828.61,1002.60,1,S,5,W
145,832.62,1002.90,1,S,5,W
270,774.81,1003.20,1,W,5,W
275,823.03,1003.50,1,W,5,W
276,824.16,1003.80,1,W,5,W
277,824.58,1004.10,1,W,5,W
112,744.72,1015.30,1,S,5,E
268,770.30,1021.30,1,W,5,E
113,747.12,1021.74,1,S,5,N
114,750.80,1022.04,1,S,5,N
116,753.28,1022.34,1,S,5,N
118,755.77,1022.64,1,S,5,N
119,757.61,1022.94,1,S,5,N
121,762.24,1023.24,1,S,5,N
125,773.88,1023.54,1,S,5,N
127,778.40,1023.84,1,S,5,N
129,781.13,1024.14,1,S,5,N
132,783.09,1024.44,1,S,5,N
133,814.19,1024.74,1,S,5,N
134,815.86,1025.04,1,S,5,N
135,817.07,1025.34,1,S,5,N
137,822.31,1025.64,1,S,5,N
138,822.72,1025.94,1,S,5,N
139,823.90,1026.24,1,S,5,N
142,830.21,1026.54,1,S,5,N
144,831.13,1026.84,1,S,5,N
267,768.06,1027.14,1,W,5,N
269,773.04,1027.74,1,W,5,N
271,800.47,1028.04,1,W,5,N
272,802.56,1028.34,1,W,5,N
279,826.76,1028.64,1,W,5,N
280,830.33,1028.94,1,W,5,N
281,851.65,1029.24,1,W,5,N
348,816.10,1029.54,1,E,5,N
349,835.93,1029.84,1,E,5,N
351,887.40,1030.14,1,E,5,N
147,867.35,1099.20,1,S,5,W
284,885.72,1099.50,1,W,5,W
146,867.02,1121.34,1,S,5,N
148,868.15,1121.64,1,S,5,N
149,868.26,1121.94,1,S,5,N
150,869.55,1122.24,1,S,5,N
152,874.56,1122.54,1,S,5,N