id,enter_time,exit_time,entrance_intersection,entrance_direction,exit_intersection,exit_direction
482,1.15,66.44,5,W,5,N
483,13.75,66.74,5,W,5,N
484,23.24,67.04,5,W,5,N
485,23.49,67.34,5,W,5,N
486,30.15,67.64,5,W,5,N
487,31.87,67.94,5,W,5,N
488,42.15,68.24,5,W,5,N
489,43.44,68.54,5,W,5,N
490,47.43,68.84,5,W,5,N
612,3.78,80.44,5,E,5,N
613,11.98,80.74,5,E,5,N
614,18.69,81.04,5,E,5,N
615,20.09,81.34,5,E,5,N
616,21.16,81.64,5,E,5,N
617,23.87,81.94,5,E,5,N
618,24.60,82.24,5,E,5,N
619,29.90,82.54,5,E,5,N
620,71.17,82.84,5,E,5,N
621,79.35,85.48,5,E,5,N
622,81.40,87.54,5,E,5,N
623,82.36,88.50,5,E,5,N
624,84.33,90.46,5,E,5,N
625,95.45,101.58,5,E,5,N
626,97.78,103.91,5,E,5,N
285,62.17,105.20,1,E,2,W
375,80.82,116.89,2,E,3,E
405,57.93,131.27,3,W,5,N
434,61.95,131.57,3,E,5,N
16,120.78,134.92,1,S,1,E
491,79.83,166.34,5,W,5,N
492,81.09,166.64,5,W,5,N
493,101.85,166.94,5,W,5,N
494,150.18,167.24,5,W,5,N
495,151.42,167.54,5,W,5,N
496,153.37,167.84,5,W,5,N
497,155.31,168.14,5,W,5,N
498,162.75,168.89,5,W,5,N
627,168.17,180.34,5,E,5,N
433,51.29,200.10,3,E,5,W
435,63.20,200.40,3,E,5,W
436,98.08,200.70,3,E,5,W
1,3.69,201.00,1,S,5,W
14,117.52,201.10,1,S,1,W
2,3.82,201.30,1,S,5,W
21,127.62,201.40,1,S,1,W
17,124.42,201.40,1,S,2,W
373,39.94,201.60,2,E,5,W
22,128.70,201.70,1,S,1,W
374,60.52,201.90,2,E,5,W
25,135.67,202.00,1,S,1,W
3,4.91,202.20,1,S,5,W
28,137.43,202.30,1,S,1,W
6,7.67,202.50,1,S,5,W
29,139.28,202.60,1,S,1,W
150,10.04,202.80,1,W,5,W
31,143.58,202.90,1,S,1,W
152,35.48,203.10,1,W,5,W
32,145.53,203.20,1,S,1,W
154,38.60,203.40,1,W,5,W
33,168.07,203.50,1,S,1,W
155,62.25,203.70,1,W,5,W
281,1.68,204.00,1,E,5,W
283,46.13,204.30,1,E,5,W
286,66.96,204.60,1,E,5,W
159,70.03,204.70,1,W,2,W
288,87.80,205.62,1,E,5,W
30,140.80,213.90,1,S,1,E
36,203.48,217.62,1,S,1,E
0,1.36,222.24,1,S,5,N
345,23.62,222.54,2,W,5,N
4,5.88,222.84,1,S,5,N
5,6.01,223.14,1,S,5,N
148,7.21,223.44,1,W,5,N
149,8.42,223.74,1,W,5,N
151,11.76,224.04,1,W,5,N
153,36.68,224.34,1,W,5,N
282,25.43,224.64,1,E,5,N
284,47.10,224.94,1,E,5,N
287,85.93,225.24,1,E,5,N
42,211.74,225.88,1,S,1,E
437,132.47,231.07,3,E,5,N
438,148.88,231.37,3,E,5,N
440,151.19,231.97,3,E,5,N
441,159.44,232.27,3,E,5,N
442,161.06,232.57,3,E,5,N
443,162.71,232.87,3,E,5,N
444,171.03,233.17,3,E,5,N
407,176.20,237.97,3,W,5,N
26,135.73,239.27,1,S,3,E
162,106.60,241.67,1,W,3,W
499,184.74,266.24,5,W,5,N
500,200.57,266.54,5,W,5,N
501,208.57,266.84,5,W,5,N
502,211.44,267.14,5,W,5,N
503,213.02,267.44,5,W,5,N
504,214.39,267.74,5,W,5,N
505,215.94,268.04,5,W,5,N
506,217.25,268.34,5,W,5,N
507,230.49,268.64,5,W,5,N
508,233.22,268.94,5,W,5,N
509,234.20,269.24,5,W,5,N
510,250.88,269.54,5,W,5,N
511,253.56,269.84,5,W,5,N
512,261.24,270.14,5,W,5,N
513,262.95,270.44,5,W,5,N
514,262.99,270.74,5,W,5,N
515,264.86,270.99,5,W,5,N
516,266.02,272.16,5,W,5,N
517,266.28,272.42,5,W,5,N
518,268.90,275.03,5,W,5,N
628,242.01,280.24,5,E,5,N
629,271.55,280.54,5,E,5,N
35,201.41,300.00,1,S,3,W
406,114.82,300.00,3,W,5,W
439,150.00,300.30,3,E,5,W
8,73.62,300.60,1,S,5,W
10,75.57,300.90,1,S,5,W
346,109.18,301.20,2,W,5,W
45,213.37,301.50,1,S,1,W
377,147.47,301.50,2,E,5,W
52,253.81,301.80,1,S,1,W
24,131.91,301.80,1,S,5,W
59,267.43,302.10,1,S,1,W
156,66.18,302.10,1,W,5,W
157,67.10,302.40,1,W,5,W
46,214.60,302.70,1,S,2,W
158,68.12,302.70,1,W,5,W
166,139.91,303.00,1,W,5,W
168,151.89,303.30,1,W,5,W
170,154.49,303.60,1,W,5,W
171,156.15,303.90,1,W,5,W
293,183.30,304.20,1,E,5,W
176,208.41,305.10,1,W,2,E
351,260.80,313.37,2,W,3,W
347,194.96,317.50,2,W,5,E
20,126.69,319.60,1,S,5,E
160,86.57,320.50,1,W,5,E
167,143.74,322.00,1,W,5,E
7,42.03,322.14,1,S,5,N
9,74.63,322.44,1,S,5,N
11,79.18,322.74,1,S,5,N
376,123.50,323.04,2,E,5,N
378,162.96,323.34,2,E,5,N
348,198.04,323.94,2,W,5,N
12,114.00,324.24,1,S,5,N
13,115.53,324.54,1,S,5,N
15,119.04,324.84,1,S,5,N
18,125.20,325.14,1,S,5,N
447,238.96,325.33,3,E,5,E
19,126.58,325.44,1,S,5,N
23,131.23,326.04,1,S,5,N
27,136.72,326.34,1,S,5,N
161,88.16,326.94,1,W,5,N
163,110.11,327.24,1,W,5,N
65,313.30,327.44,1,S,1,E
164,119.13,327.54,1,W,5,N
165,122.98,327.84,1,W,5,N
169,152.64,328.44,1,W,5,N
289,107.27,328.74,1,E,5,N
290,124.17,329.04,1,E,5,N
291,127.23,329.34,1,E,5,N
292,165.35,329.64,1,E,5,N
408,201.70,330.87,3,W,5,N
445,228.01,330.87,3,E,5,N
446,237.22,331.17,3,E,5,N
409,227.05,331.17,3,W,5,N
410,237.12,331.47,3,W,5,N
448,240.46,331.77,3,E,5,N
411,243.03,331.77,3,W,5,N
449,247.14,332.07,3,E,5,N
450,259.20,332.37,3,E,5,N
43,211.84,338.17,1,S,3,E
175,207.11,340.87,1,W,3,W
182,236.87,342.97,1,W,3,E
185,239.24,343.87,1,W,3,E
197,261.65,347.47,1,W,3,W
300,279.46,349.57,1,E,3,E
301,288.95,351.14,1,E,3,W
451,290.13,351.90,3,E,5,N
519,276.32,366.14,5,W,5,N
520,279.00,366.44,5,W,5,N
521,281.00,366.74,5,W,5,N
522,281.18,367.04,5,W,5,N
523,292.01,367.34,5,W,5,N
524,294.20,367.64,5,W,5,N
525,294.94,367.94,5,W,5,N
526,295.33,368.24,5,W,5,N
527,298.07,368.54,5,W,5,N
528,300.35,368.84,5,W,5,N
529,310.38,369.14,5,W,5,N
530,311.59,369.44,5,W,5,N
531,319.28,369.74,5,W,5,N
532,320.21,370.04,5,W,5,N
533,327.24,370.34,5,W,5,N
534,354.58,370.64,5,W,5,N
535,356.40,370.94,5,W,5,N
630,319.56,380.14,5,E,5,N
631,325.02,380.44,5,E,5,N
632,353.60,380.74,5,E,5,N
34,170.52,399.90,1,S,5,W
349,202.58,400.20,2,W,5,W
382,273.07,400.50,2,E,5,W
37,204.70,400.80,1,S,5,W
40,209.83,401.10,1,S,5,W
44,213.17,401.40,1,S,5,W
49,219.16,401.70,1,S,5,W
62,304.41,401.90,1,S,1,W
172,166.75,402.00,1,W,5,W
63,309.86,402.20,1,S,1,W
177,209.43,402.30,1,W,5,W
64,312.00,402.50,1,S,1,W
179,225.37,402.60,1,W,5,W
71,354.51,402.80,1,S,1,W
180,227.08,402.90,1,W,5,W
186,239.37,403.20,1,W,5,W
190,247.27,403.50,1,W,5,W
192,249.96,403.80,1,W,5,W
209,351.36,404.00,1,W,2,W
196,260.16,404.10,1,W,5,W
295,227.82,404.40,1,E,5,W
299,278.29,404.91,1,E,5,W
78,391.69,405.83,1,S,1,W
74,387.41,416.80,1,S,1,E
181,234.98,420.40,1,W,5,E
379,207.96,422.04,2,E,5,N
350,231.13,422.34,2,W,5,N
380,237.90,422.64,2,E,5,N
381,255.94,422.94,2,E,5,N
352,269.38,423.24,2,W,5,N
353,284.20,423.54,2,W,5,N
383,284.80,423.84,2,E,5,N
38,207.45,424.14,1,S,5,N
39,208.36,424.44,1,S,5,N
41,210.91,424.74,1,S,5,N
47,216.20,425.04,1,S,5,N
48,217.32,425.34,1,S,5,N
173,169.25,425.64,1,W,5,N
174,189.43,425.94,1,W,5,N
178,223.66,426.24,1,W,5,N
183,237.02,426.84,1,W,5,N
184,237.42,427.14,1,W,5,N
187,240.27,427.44,1,W,5,N
188,241.75,427.74,1,W,5,N
189,243.39,428.04,1,W,5,N
191,248.69,428.34,1,W,5,N
193,255.77,428.64,1,W,5,N
194,257.46,428.94,1,W,5,N
195,259.14,429.24,1,W,5,N
294,217.69,429.54,1,E,5,N
296,247.33,429.84,1,E,5,N
297,249.36,430.14,1,E,5,N
298,267.31,430.44,1,E,5,N
413,365.91,430.97,3,W,5,N
414,368.10,431.27,3,W,5,N
203,310.61,438.27,1,W,3,W
204,327.58,438.57,1,W,3,E
455,378.00,439.77,3,E,5,N
80,395.32,444.42,1,S,2,W
456,385.99,447.76,3,E,5,N
536,381.42,466.04,5,W,5,N
537,383.47,466.34,5,W,5,N
538,414.66,466.64,5,W,5,N
539,415.13,466.94,5,W,5,N
540,432.76,467.24,5,W,5,N
541,434.05,467.54,5,W,5,N
542,472.02,478.15,5,W,5,N
633,402.45,480.04,5,E,5,N
634,403.02,480.34,5,E,5,N
635,410.88,480.64,5,E,5,N
636,436.62,480.94,5,E,5,N
637,455.29,481.24,5,E,5,N
638,456.71,481.54,5,E,5,N
639,460.34,481.84,5,E,5,N
67,347.98,499.60,1,S,3,W
452,330.00,499.80,3,E,5,W
412,307.33,500.10,3,W,5,W
453,331.08,500.40,3,E,5,W
454,336.63,500.70,3,E,5,W
54,256.88,501.00,1,S,5,W
60,301.55,501.30,1,S,5,W
61,302.56,501.60,1,S,5,W
76,389.77,501.70,1,S,3,W
388,398.44,501.90,2,E,5,W
199,297.19,502.20,1,W,5,W
88,435.25,502.30,1,S,1,W
205,329.49,502.50,1,W,5,W
210,360.67,502.80,1,W,5,W
302,303.02,503.10,1,E,5,W
305,347.49,503.40,1,E,5,W
215,372.51,503.50,1,W,2,W
306,348.53,503.70,1,E,5,W
217,387.99,504.10,1,W,2,E
312,461.55,507.70,1,E,2,W
51,251.82,516.10,1,S,5,E
198,277.62,520.00,1,W,5,E
208,344.20,521.80,1,W,5,E
50,250.63,521.94,1,S,5,N
53,254.94,522.54,1,S,5,N
55,257.38,522.84,1,S,5,N
56,259.05,523.14,1,S,5,N
57,260.80,523.44,1,S,5,N
58,261.53,523.74,1,S,5,N
354,323.46,524.04,2,W,5,N
384,301.23,524.34,2,E,5,N
355,334.33,524.64,2,W,5,N
385,311.59,524.94,2,E,5,N
386,326.93,525.24,2,E,5,N
356,346.34,525.54,2,W,5,N
387,350.97,525.84,2,E,5,N
200,306.69,526.44,1,W,5,N
201,308.26,526.74,1,W,5,N
202,309.73,527.04,1,W,5,N
206,335.32,527.34,1,W,5,N
207,336.81,527.64,1,W,5,N
419,472.22,527.86,3,W,5,E
211,362.36,528.24,1,W,5,N
212,365.42,528.54,1,W,5,N
303,336.41,528.84,1,E,5,N
304,340.28,529.14,1,E,5,N
307,363.23,529.44,1,E,5,N
416,426.15,530.77,3,W,5,N
417,444.13,531.07,3,W,5,N
102,519.39,533.53,1,S,1,E
89,435.97,538.37,1,S,3,E
90,436.88,538.67,1,S,3,E
224,466.19,542.27,1,W,3,E
459,496.56,558.33,3,E,5,N
543,473.51,565.94,5,W,5,N
544,475.89,566.24,5,W,5,N
545,508.39,566.54,5,W,5,N
546,516.34,566.84,5,W,5,N
547,518.17,567.14,5,W,5,N
548,519.31,567.44,5,W,5,N
549,519.55,567.74,5,W,5,N
550,534.45,568.04,5,W,5,N
551,537.14,568.34,5,W,5,N
552,537.55,568.64,5,W,5,N
553,538.76,568.94,5,W,5,N
554,540.25,569.24,5,W,5,N
555,550.54,569.54,5,W,5,N
556,550.74,569.84,5,W,5,N
557,552.69,570.14,5,W,5,N
558,560.79,570.44,5,W,5,N
559,563.95,570.74,5,W,5,N
560,565.74,571.88,5,W,5,N
561,567.22,573.35,5,W,5,N
562,568.81,574.95,5,W,5,N
640,508.80,579.94,5,E,5,N
641,581.62,587.75,5,E,5,N
642,582.54,588.67,5,E,5,N
457,437.95,599.70,3,E,5,W
415,426.14,600.00,3,W,5,W
418,468.73,600.30,3,W,5,W
458,494.84,600.60,3,E,5,W
66,347.07,600.90,1,S,5,W
68,349.38,601.20,1,S,5,W
69,350.53,601.50,1,S,5,W
72,385.96,601.80,1,S,5,W
79,394.82,602.10,1,S,5,W
358,459.00,602.40,2,W,5,W
359,470.41,602.70,2,W,5,W
97,515.18,602.70,1,S,1,W
391,492.33,603.00,2,E,5,W
98,515.70,603.00,1,S,1,W
85,399.27,603.30,1,S,5,W
99,516.80,603.30,1,S,1,W
86,431.59,603.60,1,S,5,W
101,517.96,603.60,1,S,1,W
218,403.26,603.90,1,W,5,W
104,521.56,603.90,1,S,1,W
220,428.57,604.20,1,W,5,W
221,429.57,604.50,1,W,5,W
311,431.33,604.80,1,E,5,W
314,480.40,605.10,1,E,5,W
110,553.94,617.00,1,S,1,E
84,397.27,618.70,1,S,5,E
70,353.20,621.84,1,S,5,N
73,386.38,622.14,1,S,5,N
75,388.78,622.44,1,S,5,N
77,390.09,622.74,1,S,5,N
81,395.63,623.04,1,S,5,N
82,396.60,623.34,1,S,5,N
357,445.85,623.64,2,W,5,N
389,438.61,623.94,2,E,5,N
390,448.70,624.24,2,E,5,N
83,397.00,624.54,1,S,5,N
87,433.44,625.14,1,S,5,N
213,366.64,625.44,1,W,5,N
214,370.63,625.74,1,W,5,N
216,380.48,626.04,1,W,5,N
219,405.16,626.34,1,W,5,N
222,430.75,626.64,1,W,5,N
223,452.74,626.94,1,W,5,N
308,412.62,627.24,1,E,5,N
309,417.18,627.54,1,E,5,N
310,426.27,627.84,1,E,5,N
313,461.68,628.14,1,E,5,N
460,505.46,630.27,3,E,5,N
420,522.50,630.27,3,W,5,N
461,506.84,630.57,3,E,5,N
462,518.43,630.87,3,E,5,N
225,468.30,637.57,1,W,3,E
118,634.00,648.14,1,S,1,E
563,576.98,665.84,5,W,5,N
564,578.18,666.14,5,W,5,N
565,584.18,666.44,5,W,5,N
566,585.42,666.74,5,W,5,N
567,586.59,667.04,5,W,5,N
568,587.96,667.34,5,W,5,N
569,588.69,667.64,5,W,5,N
570,634.69,667.94,5,W,5,N
571,637.30,668.24,5,W,5,N
572,638.10,668.54,5,W,5,N
573,639.37,668.84,5,W,5,N
574,667.04,673.17,5,W,5,N
575,668.63,674.76,5,W,5,N
576,668.88,675.02,5,W,5,N
577,671.12,677.26,5,W,5,N
643,633.35,679.84,5,E,5,N
463,576.05,699.60,3,E,5,W
421,595.35,699.90,3,W,5,W
92,472.13,700.20,1,S,5,W
94,474.01,700.50,1,S,5,W
392,504.60,700.80,2,E,5,W
394,573.11,701.10,2,E,5,W
362,588.72,701.40,2,W,5,W
363,595.44,701.70,2,W,5,W
229,498.74,702.00,1,W,5,W
231,518.59,702.30,1,W,5,W
234,523.71,702.60,1,W,5,W
235,545.24,702.90,1,W,5,W
236,552.56,703.20,1,W,5,W
318,566.98,703.50,1,E,5,W
319,585.60,703.80,1,E,5,W
244,618.67,704.30,1,W,2,W
246,621.73,704.90,1,W,2,W
644,699.21,705.34,5,E,5,N
125,695.95,710.09,1,S,1,W
393,523.29,717.10,2,E,5,E
226,469.34,718.30,1,W,5,E
91,470.99,721.74,1,S,5,N
93,472.40,722.04,1,S,5,N
95,474.41,722.34,1,S,5,N
96,474.74,722.64,1,S,5,N
360,503.66,722.94,2,W,5,N
361,583.69,723.54,2,W,5,N
100,517.28,723.84,1,S,5,N
103,520.73,724.14,1,S,5,N
227,471.20,724.74,1,W,5,N
228,497.03,725.04,1,W,5,N
230,515.10,725.34,1,W,5,N
232,521.42,725.64,1,W,5,N
233,522.57,725.94,1,W,5,N
237,555.94,726.24,1,W,5,N
238,557.81,726.54,1,W,5,N
315,515.36,726.84,1,E,5,N
316,552.82,727.14,1,E,5,N
317,558.13,727.44,1,E,5,N
320,591.88,727.74,1,E,5,N
321,596.95,728.04,1,E,5,N
322,600.66,728.34,1,E,5,N
465,666.23,730.37,3,E,5,N
423,671.91,733.68,3,W,5,N
424,672.51,734.28,3,W,5,N
127,729.03,743.17,1,S,1,E
325,618.78,743.67,1,E,3,W
469,692.49,754.26,3,E,5,N
470,694.40,756.17,3,E,5,N
578,699.94,765.74,5,W,5,N
579,701.25,766.04,5,W,5,N
580,709.17,766.34,5,W,5,N
581,710.27,766.64,5,W,5,N
582,725.11,766.94,5,W,5,N
583,730.70,767.24,5,W,5,N
584,730.84,767.54,5,W,5,N
585,732.15,767.84,5,W,5,N
586,739.57,768.14,5,W,5,N
587,740.92,768.44,5,W,5,N
588,759.66,768.74,5,W,5,N
589,760.86,769.04,5,W,5,N
590,760.99,769.34,5,W,5,N
591,762.07,769.64,5,W,5,N
592,763.47,769.94,5,W,5,N
593,770.92,777.06,5,W,5,N
594,771.40,777.53,5,W,5,N
645,699.95,779.74,5,E,5,N
646,700.66,780.04,5,E,5,N
647,703.92,780.34,5,E,5,N
648,753.39,780.64,5,E,5,N
422,668.20,799.50,3,W,5,W
464,616.55,799.80,3,E,5,W
466,676.29,800.10,3,E,5,W
467,688.95,800.40,3,E,5,W
468,690.70,800.70,3,E,5,W
108,550.60,801.00,1,S,5,W
112,626.65,801.30,1,S,5,W
115,630.35,801.60,1,S,5,W
116,631.70,801.90,1,S,5,W
247,631.12,802.20,1,W,5,W
249,633.36,802.50,1,W,5,W
252,656.43,802.80,1,W,5,W
649,796.67,802.81,5,E,5,N
328,633.12,803.10,1,E,5,W
132,766.86,803.50,1,S,1,W
134,771.98,803.80,1,S,1,W
650,797.78,803.92,5,E,5,N
329,688.15,805.97,1,E,5,W
398,717.38,813.57,2,E,3,W
400,752.65,814.17,2,E,3,W
243,606.50,820.30,1,W,5,E
105,548.29,821.64,1,S,5,N
106,549.11,821.94,1,S,5,N
107,550.53,822.24,1,S,5,N
109,552.40,822.54,1,S,5,N
111,588.05,822.84,1,S,5,N
395,614.66,823.14,2,E,5,N
364,605.99,823.44,2,W,5,N
396,661.91,823.74,2,E,5,N
365,688.91,824.04,2,W,5,N
113,627.91,824.34,1,S,5,N
114,630.28,824.64,1,S,5,N
117,632.50,824.94,1,S,5,N
239,580.61,825.24,1,W,5,N
137,811.38,825.52,1,S,1,E
240,581.66,825.54,1,W,5,N
241,582.97,825.84,1,W,5,N
242,586.78,826.14,1,W,5,N
245,620.22,826.74,1,W,5,N
248,632.27,827.04,1,W,5,N
250,635.03,827.34,1,W,5,N
251,636.03,827.64,1,W,5,N
323,603.23,827.94,1,E,5,N
324,613.74,828.24,1,E,5,N
326,624.18,828.54,1,E,5,N
327,625.72,828.84,1,E,5,N
425,738.69,829.87,3,W,5,N
472,742.60,830.17,3,E,5,N
426,754.96,830.17,3,W,5,N
473,773.19,834.96,3,E,5,N
474,774.80,836.57,3,E,5,N
256,691.87,838.67,1,W,3,W
475,779.83,841.60,3,E,5,N
428,779.95,841.72,3,W,5,N
476,781.15,842.92,3,E,5,N
595,773.07,865.64,5,W,5,N
596,775.89,865.94,5,W,5,N
597,782.66,866.24,5,W,5,N
598,797.25,866.54,5,W,5,N
599,798.12,866.84,5,W,5,N
600,798.43,867.14,5,W,5,N
601,800.63,867.44,5,W,5,N
602,829.25,867.74,5,W,5,N
603,837.00,868.04,5,W,5,N
604,837.94,868.34,5,W,5,N
605,856.30,868.64,5,W,5,N
606,857.12,868.94,5,W,5,N
607,858.51,869.24,5,W,5,N
651,849.64,879.64,5,E,5,N
471,740.66,899.40,3,E,5,W
427,773.24,899.70,3,W,5,W
477,790.49,900.00,3,E,5,W
478,796.07,900.30,3,E,5,W
120,671.15,900.60,1,S,5,W
121,672.45,900.90,1,S,5,W
399,742.42,901.20,2,E,5,W
135,806.36,901.20,1,S,2,E
401,797.91,901.50,2,E,5,W
136,809.84,901.50,1,S,2,W
253,672.60,901.80,1,W,5,W
257,701.25,902.10,1,W,5,W
258,702.18,902.40,1,W,5,W
259,704.34,902.70,1,W,5,W
260,705.68,903.00,1,W,5,W
261,713.50,903.30,1,W,5,W
330,714.60,903.60,1,E,5,W
270,806.94,903.60,1,W,2,E
334,772.57,903.90,1,E,5,W
139,814.94,903.90,1,S,1,W
142,849.44,904.20,1,S,1,W
342,878.76,907.20,1,E,2,W
144,882.43,917.60,1,S,1,E
119,670.07,921.54,1,S,5,N
122,693.02,921.84,1,S,5,N
123,693.98,922.14,1,S,5,N
124,695.34,922.44,1,S,5,N
397,705.97,922.74,2,E,5,N
366,787.92,923.04,2,W,5,N
126,728.12,923.34,1,S,5,N
128,730.29,923.64,1,S,5,N
254,689.18,923.94,1,W,5,N
255,689.95,924.24,1,W,5,N
262,715.24,924.54,1,W,5,N
263,738.81,924.84,1,W,5,N
264,752.86,925.14,1,W,5,N
331,758.55,925.44,1,E,5,N
332,761.04,925.74,1,E,5,N
333,762.44,926.04,1,E,5,N
335,780.25,926.34,1,E,5,N
480,839.37,929.97,3,E,5,N
432,871.04,932.81,3,W,5,N
275,842.05,941.17,1,W,3,W
344,899.50,961.68,1,E,3,E
608,878.58,965.54,5,W,5,N
609,880.38,965.84,5,W,5,N
610,881.90,966.14,5,W,5,N
611,883.72,966.44,5,W,5,N
141,849.43,998.60,1,S,3,W
336,794.82,999.30,1,E,5,W
479,807.67,999.60,3,E,5,W
429,803.54,999.90,3,W,5,W
430,805.40,1000.20,3,W,5,W
431,856.78,1000.50,3,W,5,W
481,881.32,1000.80,3,E,5,W
129,762.81,1001.10,1,S,5,W
367,817.47,1001.40,2,W,5,W
402,829.20,1001.70,2,E,5,W
403,874.14,1002.00,2,E,5,W
369,821.35,1002.30,2,W,5,W
265,778.18,1002.60,1,W,5,W
266,778.69,1002.90,1,W,5,W
269,804.82,1003.20,1,W,5,W
271,826.53,1003.50,1,W,5,W
343,881.58,1003.80,1,E,5,W
272,828.42,1018.60,1,W,5,E
130,763.90,1021.44,1,S,5,N
131,765.30,1021.74,1,S,5,N
133,770.03,1022.04,1,S,5,N
368,818.28,1022.34,2,W,5,N
370,835.86,1022.64,2,W,5,N
371,857.47,1022.94,2,W,5,N
372,872.27,1023.24,2,W,5,N
404,887.33,1023.54,2,E,5,N
138,812.98,1023.84,1,S,5,N
267,780.07,1024.14,1,W,5,N
268,803.51,1024.44,1,W,5,N
273,829.81,1025.04,1,W,5,N
274,831.52,1025.34,1,W,5,N
276,857.76,1025.64,1,W,5,N
337,815.17,1025.94,1,E,5,N
338,819.46,1026.24,1,E,5,N
339,820.50,1026.54,1,E,5,N
340,828.81,1026.84,1,E,5,N
341,877.41,1027.14,1,E,5,N
140,849.13,1099.20,1,S,5,W
147,884.22,1099.50,1,S,5,W
277,877.12,1099.80,1,W,5,W
279,896.23,1100.10,1,W,5,W
143,881.54,1121.34,1,S,5,N
145,883.05,1121.64,1,S,5,N
146,883.40,1121.94,1,S,5,N
278,877.16,1122.24,1,W,5,N
280,898.01,1122.54,1,W,5,N