id,enter_time,exit_time,entrance_intersection,entrance_direction,exit_intersection,exit_direction
494,43.89,66.44,5,W,5,N
495,45.08,66.74,5,W,5,N
496,67.51,73.65,5,W,5,N
497,68.57,74.71,5,W,5,N
498,69.83,75.97,5,W,5,N
499,70.96,77.09,5,W,5,N
615,28.01,80.44,5,E,5,N
616,30.82,80.74,5,E,5,N
617,60.74,81.04,5,E,5,N
1,1.61,100.40,1,S,3,E
6,6.82,100.70,1,S,1,W
7,7.51,101.00,1,S,1,W
306,39.90,105.80,1,E,2,W
17,85.89,114.10,1,S,1,E
456,12.14,131.27,3,E,5,N
457,55.87,131.57,3,E,5,N
19,120.35,134.49,1,S,1,E
11,10.21,137.97,1,S,3,W
432,85.45,147.22,3,W,5,N
500,86.18,166.34,5,W,5,N
501,92.38,166.64,5,W,5,N
502,93.34,166.94,5,W,5,N
503,94.65,167.24,5,W,5,N
504,95.80,167.54,5,W,5,N
505,102.05,167.84,5,W,5,N
506,103.05,168.14,5,W,5,N
507,104.67,168.44,5,W,5,N
508,107.20,168.74,5,W,5,N
509,108.95,169.04,5,W,5,N
510,110.92,169.34,5,W,5,N
511,121.74,169.64,5,W,5,N
512,122.97,169.94,5,W,5,N
513,124.57,170.24,5,W,5,N
514,154.45,170.54,5,W,5,N
515,156.05,170.84,5,W,5,N
516,158.77,171.14,5,W,5,N
517,160.28,171.44,5,W,5,N
518,161.58,171.74,5,W,5,N
519,163.44,172.04,5,W,5,N
520,164.51,172.34,5,W,5,N
521,166.27,172.40,5,W,5,N
618,114.48,180.34,5,E,5,N
619,116.41,180.64,5,E,5,N
620,124.68,180.94,5,E,5,N
621,191.17,197.31,5,E,5,N
431,59.84,200.10,3,W,5,W
0,1.26,200.40,1,S,5,W
373,49.19,200.70,2,W,5,W
8,8.20,201.00,1,S,5,W
22,136.58,201.10,1,S,1,W
21,128.62,201.10,1,S,2,W
10,9.51,201.30,1,S,5,W
29,160.06,201.40,1,S,1,W
12,11.60,201.60,1,S,5,W
32,166.40,201.70,1,S,1,W
13,12.07,201.90,1,S,5,W
33,168.04,202.00,1,S,1,W
209,26.41,202.20,1,W,5,W
210,48.28,202.50,1,W,5,W
622,196.37,202.51,5,E,5,N
211,50.36,202.80,1,W,5,W
212,64.63,203.10,1,W,5,W
304,3.77,203.40,1,E,5,W
305,25.76,203.70,1,E,5,W
307,68.89,204.00,1,E,5,W
311,120.30,206.20,1,E,2,W
316,179.84,207.70,1,E,2,W
25,145.60,214.50,1,S,1,E
34,168.46,216.30,1,S,1,E
405,42.84,217.00,2,E,5,E
374,86.51,217.30,2,W,5,E
2,2.74,222.24,1,S,5,N
3,3.24,222.54,1,S,5,N
372,38.38,222.84,2,W,5,N
406,91.83,223.74,2,E,5,N
4,4.95,224.04,1,S,5,N
5,5.57,224.34,1,S,5,N
9,9.11,224.64,1,S,5,N
14,14.76,224.94,1,S,5,N
206,1.83,225.24,1,W,5,N
207,5.17,225.54,1,W,5,N
208,6.18,225.84,1,W,5,N
433,150.77,231.07,3,W,5,N
460,157.41,231.67,3,E,5,N
461,159.22,231.97,3,E,5,N
215,94.78,238.07,1,W,3,E
218,113.89,238.97,1,W,3,E
224,142.29,240.77,1,W,3,W
308,107.42,241.37,1,E,3,E
312,123.95,242.57,1,E,3,E
522,191.22,266.24,5,W,5,N
523,198.74,266.54,5,W,5,N
524,207.95,266.84,5,W,5,N
525,209.65,267.14,5,W,5,N
526,210.35,267.44,5,W,5,N
527,212.99,267.74,5,W,5,N
528,214.70,268.04,5,W,5,N
529,224.25,268.34,5,W,5,N
530,230.56,268.64,5,W,5,N
531,244.72,268.94,5,W,5,N
532,247.57,269.24,5,W,5,N
533,249.20,269.54,5,W,5,N
534,254.99,269.84,5,W,5,N
535,256.97,270.14,5,W,5,N
536,259.67,270.44,5,W,5,N
537,261.50,270.74,5,W,5,N
538,263.85,271.04,5,W,5,N
623,200.19,280.24,5,E,5,N
624,252.46,280.54,5,E,5,N
625,272.64,280.84,5,E,5,N
626,280.18,286.31,5,E,5,N
458,106.21,300.00,3,E,5,W
434,151.92,300.30,3,W,5,W
459,151.76,300.60,3,E,5,W
16,84.05,300.90,1,S,5,W
30,161.74,301.20,1,S,3,E
407,132.44,301.20,2,E,5,W
44,214.85,301.50,1,S,1,W
31,165.42,301.50,1,S,3,W
408,157.23,301.50,2,E,5,W
52,227.08,301.80,1,S,1,W
20,125.84,301.80,1,S,5,W
48,224.90,302.10,1,S,2,E
58,258.29,302.10,1,S,1,W
220,117.13,302.10,1,W,5,W
59,258.82,302.40,1,S,1,W
221,118.79,302.40,1,W,5,W
60,258.87,302.70,1,S,1,W
309,113.00,302.70,1,E,5,W
315,166.52,303.00,1,E,5,W
230,209.68,306.00,1,W,2,W
232,227.71,306.60,1,W,2,W
323,268.34,309.30,1,E,2,E
225,142.76,319.30,1,W,5,E
313,130.23,319.90,1,E,5,E
317,181.93,320.50,1,E,5,E
15,52.44,322.14,1,S,5,N
375,125.15,322.44,2,W,5,N
409,170.89,322.74,2,E,5,N
18,119.39,323.04,1,S,5,N
213,78.66,323.34,1,W,5,N
214,80.02,323.64,1,W,5,N
216,97.28,323.94,1,W,5,N
217,98.49,324.24,1,W,5,N
219,115.22,324.54,1,W,5,N
222,119.10,324.84,1,W,5,N
223,123.01,325.14,1,W,5,N
310,116.43,325.74,1,E,5,N
314,140.43,326.34,1,E,5,N
318,192.53,326.94,1,E,5,N
435,214.63,330.87,3,W,5,N
462,203.57,330.87,3,E,5,N
463,239.18,331.17,3,E,5,N
436,227.70,331.17,3,W,5,N
464,274.36,336.13,3,E,5,N
234,254.90,343.27,1,W,3,E
320,220.17,344.47,1,E,3,W
321,259.35,344.77,1,E,3,W
322,267.74,345.07,1,E,3,E
437,297.44,359.21,3,W,5,N
539,298.87,366.14,5,W,5,N
540,300.23,366.44,5,W,5,N
541,326.41,366.74,5,W,5,N
542,359.13,367.04,5,W,5,N
543,366.37,372.50,5,W,5,N
544,368.14,374.27,5,W,5,N
545,370.30,376.43,5,W,5,N
627,351.20,380.14,5,E,5,N
628,365.50,380.44,5,E,5,N
23,141.67,399.90,1,S,5,W
28,154.41,400.20,1,S,5,W
36,169.43,400.50,1,S,5,W
37,171.19,400.80,1,S,5,W
40,174.90,401.10,1,S,5,W
376,216.44,401.40,2,W,5,W
410,207.86,401.70,2,E,5,W
65,311.42,401.90,1,S,1,W
411,224.87,402.00,2,E,5,W
66,313.39,402.20,1,S,1,W
377,298.83,402.30,2,W,5,W
74,360.71,402.50,1,S,1,W
42,211.45,402.60,1,S,5,W
75,361.34,402.80,1,S,1,W
53,227.99,402.90,1,S,5,W
79,367.19,403.10,1,S,1,W
56,229.92,403.20,1,S,5,W
83,375.05,403.40,1,S,1,W
226,167.05,403.50,1,W,5,W
88,388.41,403.70,1,S,1,W
231,221.34,403.80,1,W,5,W
69,356.79,415.00,1,S,1,E
412,272.78,418.00,2,E,5,E
84,378.09,418.30,1,S,1,E
86,385.92,418.90,1,S,1,E
24,143.12,422.04,1,S,5,N
233,252.92,422.20,1,W,5,E
26,151.38,422.34,1,S,5,N
27,153.20,422.64,1,S,5,N
35,169.01,422.94,1,S,5,N
38,172.83,423.24,1,S,5,N
39,172.95,423.54,1,S,5,N
41,175.17,423.84,1,S,5,N
43,212.84,424.44,1,S,5,N
45,215.64,424.74,1,S,5,N
466,325.39,424.83,3,E,5,E
46,221.08,425.04,1,S,5,N
47,223.32,425.34,1,S,5,N
382,389.55,425.63,2,W,3,W
49,226.06,425.64,1,S,5,N
50,226.78,425.94,1,S,5,N
51,226.88,426.24,1,S,5,N
54,228.41,426.54,1,S,5,N
55,228.55,426.84,1,S,5,N
57,231.82,427.14,1,S,5,N
227,185.73,427.44,1,W,5,N
228,187.91,427.74,1,W,5,N
229,189.87,428.04,1,W,5,N
235,256.36,428.64,1,W,5,N
236,259.43,428.94,1,W,5,N
319,202.50,429.24,1,E,5,N
324,272.00,429.54,1,E,5,N
325,273.57,429.84,1,E,5,N
326,291.40,430.14,1,E,5,N
439,346.00,430.97,3,W,5,N
468,371.32,433.09,3,E,5,N
91,419.33,433.47,1,S,1,E
68,355.73,440.82,1,S,2,W
470,393.28,455.05,3,E,5,N
546,375.81,466.04,5,W,5,N
547,377.16,466.34,5,W,5,N
548,396.28,466.64,5,W,5,N
549,398.02,466.94,5,W,5,N
550,398.02,467.24,5,W,5,N
551,398.09,467.54,5,W,5,N
552,399.74,467.84,5,W,5,N
553,408.92,468.14,5,W,5,N
554,440.38,468.44,5,W,5,N
555,448.81,468.74,5,W,5,N
556,449.81,469.04,5,W,5,N
557,454.14,469.34,5,W,5,N
558,462.15,469.64,5,W,5,N
559,464.84,470.97,5,W,5,N
629,431.99,480.04,5,E,5,N
630,472.56,480.34,5,E,5,N
438,320.93,499.80,3,W,5,W
465,324.33,500.10,3,E,5,W
467,369.50,500.40,3,E,5,W
469,377.06,500.70,3,E,5,W
61,259.72,501.00,1,S,5,W
631,494.90,501.04,5,E,5,N
413,302.76,501.30,2,E,5,W
414,313.73,501.60,2,E,5,W
380,351.21,501.90,2,W,5,W
416,395.52,502.20,2,E,5,W
92,420.33,502.30,1,S,1,W
67,317.06,502.50,1,S,5,W
95,423.81,502.60,1,S,1,W
237,267.76,502.80,1,W,5,W
99,426.18,502.90,1,S,1,W
243,336.59,503.10,1,W,5,W
100,427.57,503.20,1,S,1,W
114,475.70,503.50,1,S,1,W
108,437.67,505.30,1,S,2,W
252,439.15,507.40,1,W,2,W
378,327.64,516.70,2,W,5,E
379,338.31,517.00,2,W,5,E
239,300.32,518.20,1,W,5,E
62,260.18,521.94,1,S,5,N
63,263.90,522.24,1,S,5,N
64,264.55,522.54,1,S,5,N
415,353.84,523.44,2,E,5,N
381,356.14,523.74,2,W,5,N
238,284.50,524.04,1,W,5,N
240,318.82,524.64,1,W,5,N
241,333.44,524.94,1,W,5,N
242,335.39,525.24,1,W,5,N
244,360.38,525.54,1,W,5,N
245,363.58,525.84,1,W,5,N
327,353.76,526.14,1,E,5,N
328,391.06,526.44,1,E,5,N
329,393.43,526.74,1,E,5,N
330,395.45,527.04,1,E,5,N
440,408.95,530.47,3,W,5,N
441,435.38,530.77,3,W,5,N
442,444.78,531.07,3,W,5,N
473,459.90,531.07,3,E,5,N
443,456.98,531.37,3,W,5,N
474,470.53,532.30,3,E,5,N
475,481.64,537.27,3,E,5,E
90,418.95,537.47,1,S,3,W
253,440.47,543.77,1,W,3,E
560,473.39,565.94,5,W,5,N
561,508.03,566.24,5,W,5,N
562,508.05,566.54,5,W,5,N
563,509.40,566.84,5,W,5,N
564,510.69,567.14,5,W,5,N
565,511.83,567.44,5,W,5,N
566,512.83,567.74,5,W,5,N
567,514.77,568.04,5,W,5,N
568,564.05,570.19,5,W,5,N
569,564.69,570.83,5,W,5,N
570,566.06,572.19,5,W,5,N
632,500.61,579.94,5,E,5,N
633,506.77,580.24,5,E,5,N
634,560.19,580.54,5,E,5,N
471,436.79,599.70,3,E,5,W
472,442.07,600.00,3,E,5,W
444,466.50,600.30,3,W,5,W
445,476.77,600.60,3,W,5,W
476,496.55,600.90,3,E,5,W
417,418.30,601.20,2,E,5,W
384,413.58,601.50,2,W,5,W
385,447.99,601.80,2,W,5,W
387,488.91,602.10,2,W,5,W
87,387.79,602.40,1,S,5,W
94,421.85,602.70,1,S,5,W
118,523.44,602.70,1,S,1,W
97,424.36,603.00,1,S,5,W
106,435.26,603.30,1,S,5,W
246,382.47,603.60,1,W,5,W
260,485.00,603.60,1,W,2,W
251,422.30,603.90,1,W,5,W
254,442.23,604.20,1,W,5,W
331,423.64,604.50,1,E,5,W
333,462.24,604.80,1,E,5,W
334,467.25,605.10,1,E,5,W
335,493.18,611.01,1,E,5,W
419,504.48,613.07,2,E,3,W
418,458.96,619.60,2,E,5,E
477,498.46,621.84,3,E,5,N
70,357.11,622.14,1,S,5,N
71,357.92,622.44,1,S,5,N
72,359.16,622.74,1,S,5,N
73,359.58,623.04,1,S,5,N
107,436.41,623.20,1,S,5,E
76,362.45,623.34,1,S,5,N
77,363.89,623.64,1,S,5,N
78,366.55,623.94,1,S,5,N
80,367.70,624.24,1,S,5,N
81,372.43,624.54,1,S,5,N
82,373.04,624.84,1,S,5,N
85,378.24,625.14,1,S,5,N
383,402.55,625.44,2,W,5,N
386,455.34,626.04,2,W,5,N
388,499.42,626.34,2,W,5,N
89,388.59,626.64,1,S,5,N
480,571.18,626.81,3,E,5,E
93,420.34,626.94,1,S,5,N
96,423.89,627.24,1,S,5,N
98,426.06,627.54,1,S,5,N
101,430.55,627.84,1,S,5,N
102,430.58,628.14,1,S,5,N
103,430.71,628.44,1,S,5,N
104,432.23,628.74,1,S,5,N
105,434.12,629.04,1,S,5,N
247,393.46,629.64,1,W,5,N
482,574.19,629.83,3,E,5,E
248,394.56,629.94,1,W,5,N
249,402.24,630.24,1,W,5,N
250,422.11,630.54,1,W,5,N
255,442.54,630.84,1,W,5,N
256,446.33,631.14,1,W,5,N
332,426.33,631.44,1,E,5,N
336,494.15,631.74,1,E,5,N
446,534.93,632.04,3,W,5,N
479,535.27,632.34,3,E,5,N
258,477.39,639.07,1,W,3,E
262,505.62,640.27,1,W,3,E
571,574.05,665.84,5,W,5,N
572,586.86,666.14,5,W,5,N
573,588.27,666.44,5,W,5,N
574,594.81,666.74,5,W,5,N
575,601.60,667.04,5,W,5,N
576,603.52,667.34,5,W,5,N
577,614.16,667.64,5,W,5,N
578,616.70,667.94,5,W,5,N
579,627.36,668.24,5,W,5,N
580,670.08,676.22,5,W,5,N
635,607.51,679.84,5,E,5,N
636,657.59,680.14,5,E,5,N
127,604.74,699.20,1,S,3,W
478,500.18,699.60,3,E,5,W
481,572.84,699.90,3,E,5,W
391,571.32,700.20,2,W,5,W
421,563.74,700.50,2,E,5,W
124,535.09,700.80,1,S,5,W
259,478.82,701.10,1,W,5,W
264,523.65,701.40,1,W,5,W
270,598.99,701.60,1,W,2,W
126,604.22,703.10,1,S,1,W
128,605.14,703.40,1,S,1,W
130,645.82,703.70,1,S,1,W
134,654.03,704.00,1,S,1,W
137,687.60,704.30,1,S,1,W
138,690.58,704.72,1,S,1,W
140,691.44,705.58,1,S,1,W
348,656.39,706.10,1,E,2,W
350,678.09,706.70,1,E,2,W
423,637.63,713.47,2,E,3,W
109,438.92,721.74,1,S,5,N
110,439.49,722.04,1,S,5,N
111,472.66,722.34,1,S,5,N
112,473.53,722.64,1,S,5,N
113,474.11,722.94,1,S,5,N
115,476.99,723.24,1,S,5,N
116,482.63,723.54,1,S,5,N
117,482.96,723.84,1,S,5,N
389,535.70,724.14,2,W,5,N
420,524.27,724.44,2,E,5,N
390,558.14,724.74,2,W,5,N
448,628.55,724.90,3,W,5,E
392,582.29,725.04,2,W,5,N
393,592.36,725.34,2,W,5,N
119,524.11,725.64,1,S,5,N
120,525.70,725.94,1,S,5,N
121,526.84,726.24,1,S,5,N
122,527.44,726.54,1,S,5,N
123,534.87,726.84,1,S,5,N
257,466.53,727.14,1,W,5,N
261,504.53,727.44,1,W,5,N
263,521.84,727.74,1,W,5,N
265,535.91,728.04,1,W,5,N
266,537.68,728.34,1,W,5,N
267,554.47,728.64,1,W,5,N
268,566.47,728.94,1,W,5,N
337,534.23,729.24,1,E,5,N
338,535.38,729.54,1,E,5,N
339,550.25,729.84,1,E,5,N
340,598.96,730.14,1,E,5,N
447,599.79,730.44,3,W,5,N
484,643.75,730.74,3,E,5,N
485,651.71,731.34,3,E,5,N
449,654.65,731.64,3,W,5,N
450,654.91,731.94,3,W,5,N
341,606.93,740.07,1,E,3,E
581,675.32,765.74,5,W,5,N
582,677.59,766.04,5,W,5,N
583,679.35,766.34,5,W,5,N
584,692.32,766.64,5,W,5,N
585,694.04,766.94,5,W,5,N
586,727.54,767.24,5,W,5,N
587,744.43,767.54,5,W,5,N
588,756.93,767.84,5,W,5,N
589,758.85,768.14,5,W,5,N
637,710.86,779.74,5,E,5,N
638,719.69,780.04,5,E,5,N
483,628.56,799.50,3,E,5,W
639,793.50,799.64,5,E,5,N
486,689.32,799.80,3,E,5,W
394,619.76,800.10,2,W,5,W
271,600.63,800.40,1,W,5,W
272,601.24,800.70,1,W,5,W
275,632.31,801.00,1,W,5,W
342,610.25,801.30,1,E,5,W
346,638.20,801.60,1,E,5,W
347,642.15,801.90,1,E,5,W
145,699.53,803.50,1,S,1,W
148,735.77,803.80,1,S,1,W
151,739.77,804.10,1,S,1,W
153,742.27,804.40,1,S,1,W
169,791.73,805.87,1,S,1,W
172,795.51,809.64,1,S,1,W
351,688.19,819.70,1,E,5,E
125,569.32,821.64,1,S,5,N
422,604.81,821.94,2,E,5,N
395,645.44,822.24,2,W,5,N
424,658.89,822.54,2,E,5,N
129,606.30,822.84,1,S,5,N
269,573.14,823.14,1,W,5,N
273,604.87,823.44,1,W,5,N
274,606.44,823.74,1,W,5,N
452,716.91,824.03,3,W,5,E
276,652.21,824.04,1,W,5,N
489,764.68,824.33,3,E,5,E
277,660.07,824.34,1,W,5,N
343,624.26,824.64,1,E,5,N
344,628.19,824.94,1,E,5,N
345,636.40,825.24,1,E,5,N
349,675.71,825.54,1,E,5,N
352,693.63,826.14,1,E,5,N
451,712.66,829.87,3,W,5,N
490,771.67,833.44,3,E,5,N
180,838.18,852.32,1,S,1,E
590,773.89,865.64,5,W,5,N
591,774.53,865.94,5,W,5,N
592,774.75,866.24,5,W,5,N
593,777.25,866.54,5,W,5,N
594,778.76,866.84,5,W,5,N
595,780.61,867.14,5,W,5,N
596,781.70,867.44,5,W,5,N
597,784.52,867.74,5,W,5,N
598,792.97,868.04,5,W,5,N
599,794.20,868.34,5,W,5,N
600,795.23,868.64,5,W,5,N
601,796.65,868.94,5,W,5,N
602,798.19,869.24,5,W,5,N
603,807.03,869.54,5,W,5,N
604,808.55,869.84,5,W,5,N
605,824.33,870.14,5,W,5,N
606,841.04,870.44,5,W,5,N
607,841.41,870.74,5,W,5,N
640,816.01,879.64,5,E,5,N
641,821.85,879.94,5,E,5,N
642,836.43,880.24,5,E,5,N
643,853.52,880.54,5,E,5,N
644,870.98,880.84,5,E,5,N
645,871.78,881.14,5,E,5,N
365,801.28,898.50,1,E,3,E
353,695.32,899.40,1,E,5,W
487,728.88,899.70,3,E,5,W
488,746.62,900.00,3,E,5,W
453,728.71,900.30,3,W,5,W
159,750.22,900.60,1,S,3,W
454,792.01,900.60,3,W,5,W
131,646.02,900.90,1,S,5,W
132,650.88,901.20,1,S,5,W
135,655.41,901.50,1,S,5,W
136,685.68,901.80,1,S,5,W
139,691.25,902.10,1,S,5,W
144,698.44,902.40,1,S,5,W
425,707.31,902.70,2,E,5,W
396,729.52,903.00,2,W,5,W
171,794.80,903.00,1,S,2,W
149,736.58,903.30,1,S,5,W
280,695.32,903.60,1,W,5,W
282,700.96,903.90,1,W,5,W
177,800.65,903.90,1,S,1,W
286,721.71,904.20,1,W,5,W
201,866.86,904.20,1,S,1,W
288,740.33,904.50,1,W,5,W
202,867.16,904.50,1,S,1,W
289,759.92,904.80,1,W,5,W
290,761.04,905.10,1,W,5,W
356,712.68,905.40,1,E,5,W
187,845.10,917.90,1,S,1,E
147,734.55,918.40,1,S,5,E
196,859.38,920.60,1,S,1,E
198,862.12,921.20,1,S,1,E
133,651.16,921.54,1,S,5,N
141,692.87,921.84,1,S,5,N
358,741.27,922.00,1,E,5,E
142,697.36,922.14,1,S,5,N
143,697.79,922.44,1,S,5,N
397,733.24,922.74,2,W,5,N
426,729.87,923.04,2,E,5,N
427,764.77,923.34,2,E,5,N
398,735.87,923.64,2,W,5,N
399,762.65,923.94,2,W,5,N
146,733.19,924.24,1,S,5,N
150,738.18,924.84,1,S,5,N
278,682.00,925.14,1,W,5,N
279,683.72,925.44,1,W,5,N
281,697.20,925.74,1,W,5,N
283,702.95,926.04,1,W,5,N
284,704.95,926.34,1,W,5,N
285,706.02,926.64,1,W,5,N
287,738.55,926.94,1,W,5,N
354,706.30,927.24,1,E,5,N
355,710.49,927.54,1,E,5,N
357,714.70,927.84,1,E,5,N
359,743.56,928.44,1,E,5,N
360,745.30,928.74,1,E,5,N
361,747.22,929.04,1,E,5,N
362,764.00,929.34,1,E,5,N
363,778.52,929.64,1,E,5,N
364,781.39,929.94,1,E,5,N
455,854.67,930.24,3,W,5,N
175,799.16,939.97,1,S,3,E
181,839.07,941.17,1,S,3,W
294,781.86,942.67,1,W,3,W
295,791.73,942.97,1,W,3,E
185,841.94,943.42,1,S,2,W
188,846.73,944.32,1,S,2,W
300,843.46,944.47,1,W,3,E
369,877.13,945.97,1,E,3,E
371,894.23,956.42,1,E,3,E
608,872.80,965.54,5,W,5,N
609,874.37,965.84,5,W,5,N
610,875.31,966.14,5,W,5,N
611,875.96,966.44,5,W,5,N
612,877.15,966.74,5,W,5,N
613,878.24,967.04,5,W,5,N
614,880.08,967.34,5,W,5,N
184,841.22,998.60,1,S,3,E
491,806.60,999.30,3,E,5,W
492,863.97,999.60,3,E,5,W
493,872.83,999.90,3,E,5,W
152,740.67,1000.20,1,S,5,W
154,744.09,1000.50,1,S,5,W
158,749.72,1000.80,1,S,5,W
160,751.19,1001.10,1,S,5,W
161,783.58,1001.40,1,S,5,W
400,860.13,1001.70,2,W,5,W
428,811.24,1002.00,2,E,5,W
401,873.47,1002.30,2,W,5,W
168,790.76,1002.60,1,S,5,W
178,802.44,1002.90,1,S,5,W
292,779.88,1003.20,1,W,5,W
293,780.26,1003.50,1,W,5,W
301,845.00,1003.80,1,W,5,W
366,805.87,1004.10,1,E,5,W
370,885.11,1004.40,1,E,5,W
429,857.14,1016.80,2,E,5,E
164,784.61,1018.30,1,S,5,E
165,786.14,1018.60,1,S,5,E
155,745.44,1021.44,1,S,5,N
156,746.44,1021.74,1,S,5,N
157,747.18,1022.04,1,S,5,N
162,783.70,1022.34,1,S,5,N
163,784.46,1022.64,1,S,5,N
430,877.27,1023.24,2,E,5,N
402,884.25,1023.54,2,W,5,N
403,885.31,1023.84,2,W,5,N
404,898.61,1024.14,2,W,5,N
166,787.28,1025.04,1,S,5,N
167,788.45,1025.34,1,S,5,N
170,793.57,1025.64,1,S,5,N
173,796.62,1025.94,1,S,5,N
174,797.31,1026.24,1,S,5,N
176,799.21,1026.54,1,S,5,N
179,836.56,1026.84,1,S,5,N
182,839.21,1027.14,1,S,5,N
291,770.12,1027.44,1,W,5,N
296,810.88,1027.74,1,W,5,N
297,812.63,1028.04,1,W,5,N
298,813.21,1028.34,1,W,5,N
299,827.94,1028.64,1,W,5,N
367,810.95,1028.94,1,E,5,N
368,826.42,1029.24,1,E,5,N
183,840.87,1099.20,1,S,5,W
189,847.86,1099.50,1,S,5,W
191,851.51,1099.80,1,S,5,W
195,858.55,1100.10,1,S,5,W
197,860.79,1100.40,1,S,5,W
199,864.95,1100.70,1,S,5,W
200,866.82,1101.00,1,S,5,W
205,872.05,1101.30,1,S,5,W
203,869.83,1116.70,1,S,5,E
302,870.73,1117.30,1,W,5,E
186,843.18,1121.34,1,S,5,N
190,849.15,1121.64,1,S,5,N
192,852.80,1121.94,1,S,5,N
193,855.95,1122.24,1,S,5,N
194,857.00,1122.54,1,S,5,N
204,871.40,1123.14,1,S,5,N
303,887.54,1123.74,1,W,5,N