id,enter_time,exit_time,entrance_intersection,entrance_direction,exit_intersection,exit_direction
505,0.97,66.44,5,W,5,N
506,2.24,66.74,5,W,5,N
507,11.01,67.04,5,W,5,N
508,13.06,67.34,5,W,5,N
509,20.00,67.64,5,W,5,N
510,64.45,70.59,5,W,5,N
511,65.76,71.89,5,W,5,N
512,65.95,72.08,5,W,5,N
513,66.42,72.56,5,W,5,N
514,68.06,74.19,5,W,5,N
515,70.88,77.02,5,W,5,N
516,73.29,79.43,5,W,5,N
637,40.79,80.44,5,E,5,N
0,1.40,100.70,1,S,1,W
638,94.57,100.71,5,E,5,N
3,39.62,101.00,1,S,1,W
4,45.23,101.30,1,S,1,W
6,47.46,101.60,1,S,1,W
7,50.87,101.90,1,S,1,W
8,53.45,102.20,1,S,1,W
17,73.13,102.50,1,S,1,W
18,74.33,102.80,1,S,1,W
300,10.96,104.00,1,E,2,E
10,56.25,114.10,1,S,1,E
11,57.73,114.40,1,S,1,E
13,59.99,115.00,1,S,1,E
433,19.63,131.27,3,W,5,N
463,2.47,131.57,3,E,5,N
434,37.58,131.57,3,W,5,N
464,35.67,131.87,3,E,5,N
435,43.30,131.87,3,W,5,N
436,66.78,132.17,3,W,5,N
465,37.06,132.17,3,E,5,N
437,75.46,137.23,3,W,5,N
466,84.04,139.67,3,E,5,E
14,61.51,141.42,1,S,2,E
517,73.40,166.34,5,W,5,N
518,76.36,166.64,5,W,5,N
519,78.28,166.94,5,W,5,N
520,120.02,167.24,5,W,5,N
521,120.90,167.54,5,W,5,N
522,123.23,167.84,5,W,5,N
523,171.54,177.67,5,W,5,N
639,135.70,180.34,5,E,5,N
640,144.11,180.64,5,E,5,N
641,149.26,180.94,5,E,5,N
462,1.11,200.10,3,E,5,W
406,18.45,200.40,2,E,5,W
407,64.79,200.70,2,E,5,W
381,93.93,201.00,2,W,5,W
21,151.33,201.10,1,S,1,W
172,1.98,201.30,1,W,5,W
22,153.05,201.40,1,S,1,W
173,22.88,201.60,1,W,5,W
26,156.89,201.70,1,S,1,W
177,36.77,201.90,1,W,5,W
34,169.20,202.00,1,S,1,W
178,53.60,202.20,1,W,5,W
36,171.08,202.30,1,S,1,W
302,17.73,202.50,1,E,5,W
304,25.67,202.80,1,E,5,W
385,162.32,213.57,2,W,3,W
377,11.60,222.24,2,W,5,N
378,20.00,222.54,2,W,5,N
379,51.50,222.84,2,W,5,N
380,64.32,223.14,2,W,5,N
1,4.75,223.44,1,S,5,N
2,6.37,223.74,1,S,5,N
174,24.27,224.04,1,W,5,N
175,33.13,224.34,1,W,5,N
176,34.83,224.64,1,W,5,N
179,54.63,224.94,1,W,5,N
42,210.94,225.08,1,S,1,E
180,55.55,225.24,1,W,5,N
181,55.80,225.54,1,W,5,N
301,14.73,225.84,1,E,5,N
303,19.98,226.14,1,E,5,N
305,59.15,226.44,1,E,5,N
306,64.79,226.74,1,E,5,N
44,216.18,230.32,1,S,1,E
438,150.11,231.07,3,W,5,N
468,141.08,231.37,3,E,5,N
32,166.66,242.42,1,S,2,W
469,183.36,245.13,3,E,5,N
471,186.26,248.03,3,E,5,N
472,187.68,249.45,3,E,5,N
524,173.53,266.24,5,W,5,N
525,175.10,266.54,5,W,5,N
526,175.34,266.84,5,W,5,N
527,177.03,267.14,5,W,5,N
528,179.16,267.44,5,W,5,N
529,180.39,267.74,5,W,5,N
530,187.64,268.04,5,W,5,N
531,189.30,268.34,5,W,5,N
532,191.03,268.64,5,W,5,N
533,192.32,268.94,5,W,5,N
534,195.43,269.24,5,W,5,N
535,197.23,269.54,5,W,5,N
536,206.06,269.84,5,W,5,N
537,206.67,270.14,5,W,5,N
538,208.18,270.44,5,W,5,N
539,211.08,270.74,5,W,5,N
540,244.82,271.04,5,W,5,N
642,201.48,280.24,5,E,5,N
643,210.45,280.54,5,E,5,N
644,279.66,285.80,5,E,5,N
467,139.93,300.00,3,E,5,W
439,153.48,300.30,3,W,5,W
440,177.44,300.60,3,W,5,W
28,160.48,300.90,1,S,3,E
470,184.75,300.90,3,E,5,W
5,47.00,301.20,1,S,5,W
41,210.21,301.50,1,S,1,W
9,54.81,301.50,1,S,5,W
12,59.09,301.80,1,S,5,W
383,133.23,302.10,2,W,5,W
19,117.21,302.40,1,S,5,W
189,121.03,302.70,1,W,5,W
196,215.84,303.00,1,W,2,W
191,156.76,303.00,1,W,5,W
192,159.76,303.30,1,W,5,W
307,103.12,303.60,1,E,5,W
200,255.37,304.20,1,W,2,E
313,186.79,304.61,1,E,5,W
387,263.18,312.77,2,W,3,W
15,63.82,322.14,1,S,5,N
16,71.44,322.44,1,S,5,N
408,113.35,322.74,2,E,5,N
382,105.33,323.04,2,W,5,N
409,159.39,323.34,2,E,5,N
384,148.02,323.64,2,W,5,N
386,182.87,323.94,2,W,5,N
20,118.43,324.24,1,S,5,N
182,65.02,324.54,1,W,5,N
183,80.13,324.84,1,W,5,N
184,83.43,325.14,1,W,5,N
185,108.49,325.44,1,W,5,N
186,109.55,325.74,1,W,5,N
187,110.06,326.04,1,W,5,N
188,119.37,326.34,1,W,5,N
190,146.82,326.64,1,W,5,N
308,123.19,326.94,1,E,5,N
309,126.57,327.24,1,E,5,N
310,127.74,327.54,1,E,5,N
311,167.32,327.84,1,E,5,N
312,181.32,328.14,1,E,5,N
314,188.98,328.44,1,E,5,N
45,254.44,340.42,1,S,2,W
474,279.66,341.43,3,E,5,N
475,280.90,342.67,3,E,5,N
477,287.16,348.93,3,E,5,N
541,277.36,366.14,5,W,5,N
542,279.18,366.44,5,W,5,N
543,311.40,366.74,5,W,5,N
544,312.57,367.04,5,W,5,N
545,312.96,367.34,5,W,5,N
546,313.17,367.64,5,W,5,N
547,320.92,367.94,5,W,5,N
548,323.59,368.24,5,W,5,N
549,356.50,368.54,5,W,5,N
550,358.97,368.84,5,W,5,N
551,359.44,369.14,5,W,5,N
552,365.89,372.02,5,W,5,N
553,368.57,374.70,5,W,5,N
554,370.35,376.49,5,W,5,N
555,371.83,377.97,5,W,5,N
556,372.70,378.84,5,W,5,N
557,372.89,379.02,5,W,5,N
645,350.56,380.14,5,E,5,N
646,351.29,380.44,5,E,5,N
647,366.85,380.74,5,E,5,N
473,227.15,399.90,3,E,5,W
441,240.07,400.20,3,W,5,W
476,282.09,400.50,3,E,5,W
442,294.38,400.80,3,W,5,W
443,296.88,401.10,3,W,5,W
23,154.45,401.40,1,S,5,W
29,162.20,401.70,1,S,5,W
52,331.04,401.90,1,S,1,W
33,167.04,402.00,1,S,5,W
53,336.75,402.20,1,S,1,W
411,241.85,402.30,2,E,5,W
58,375.40,402.50,1,S,1,W
194,176.97,402.60,1,W,5,W
61,381.51,402.80,1,S,1,W
195,195.81,402.90,1,W,5,W
316,218.49,403.20,1,E,5,W
210,313.99,403.40,1,W,2,E
317,223.67,403.50,1,E,5,W
318,228.39,403.80,1,E,5,W
31,165.47,417.10,1,S,5,E
412,265.22,418.30,2,E,5,E
38,208.72,419.20,1,S,5,E
39,208.94,419.50,1,S,5,E
198,252.51,421.00,1,W,5,E
24,154.97,422.04,1,S,5,N
25,156.06,422.34,1,S,5,N
27,158.66,422.64,1,S,5,N
30,163.85,422.94,1,S,5,N
35,169.29,423.54,1,S,5,N
410,200.67,423.84,2,E,5,N
388,265.77,424.14,2,W,5,N
389,289.65,424.74,2,W,5,N
325,299.05,424.90,1,E,5,E
37,207.62,425.04,1,S,5,N
40,209.30,425.94,1,S,5,N
43,214.86,426.24,1,S,5,N
193,169.52,426.54,1,W,5,N
197,232.93,426.84,1,W,5,N
199,254.19,427.44,1,W,5,N
201,256.88,427.74,1,W,5,N
202,260.73,428.04,1,W,5,N
203,261.46,428.34,1,W,5,N
204,265.20,428.64,1,W,5,N
315,216.43,428.94,1,E,5,N
319,238.67,429.24,1,E,5,N
320,253.03,429.54,1,E,5,N
321,255.68,429.84,1,E,5,N
322,257.87,430.14,1,E,5,N
323,277.77,430.44,1,E,5,N
324,281.88,430.74,1,E,5,N
478,325.35,431.34,3,E,5,N
444,359.27,431.64,3,W,5,N
445,366.71,431.94,3,W,5,N
479,334.51,432.24,3,E,5,N
211,315.42,439.77,1,W,3,W
329,330.59,444.27,1,E,3,W
480,391.21,452.98,3,E,5,N
558,373.55,466.04,5,W,5,N
559,375.14,466.34,5,W,5,N
560,382.81,466.64,5,W,5,N
561,415.44,466.94,5,W,5,N
562,416.28,467.24,5,W,5,N
563,417.85,467.54,5,W,5,N
564,419.97,467.84,5,W,5,N
565,427.55,468.14,5,W,5,N
566,430.06,468.44,5,W,5,N
567,438.71,468.74,5,W,5,N
568,439.33,469.04,5,W,5,N
569,465.94,472.08,5,W,5,N
570,468.56,474.70,5,W,5,N
571,469.78,475.91,5,W,5,N
648,419.37,480.04,5,E,5,N
649,469.65,480.34,5,E,5,N
650,479.93,486.06,5,E,5,N
651,481.76,487.89,5,E,5,N
46,298.42,499.80,1,S,5,W
57,373.62,499.90,1,S,3,W
47,300.08,500.10,1,S,5,W
48,300.99,500.40,1,S,5,W
415,358.13,500.70,2,E,5,W
205,266.20,501.00,1,W,5,W
214,325.39,501.30,1,W,5,W
215,326.50,501.60,1,W,5,W
222,362.67,501.90,1,W,5,W
326,320.97,502.20,1,E,5,W
64,416.57,502.30,1,S,1,W
332,351.68,502.50,1,E,5,W
66,417.22,502.60,1,S,1,W
68,424.97,502.90,1,S,1,W
76,475.89,503.20,1,S,1,W
228,386.94,503.20,1,W,2,W
84,484.63,503.50,1,S,1,W
338,467.52,505.90,1,E,2,E
75,474.10,516.90,1,S,1,E
77,476.16,517.20,1,S,1,E
413,305.82,521.94,2,E,5,N
414,339.75,522.24,2,E,5,N
390,388.07,522.54,2,W,5,N
391,396.47,522.84,2,W,5,N
49,327.56,523.14,1,S,5,N
50,328.47,523.44,1,S,5,N
51,329.89,523.74,1,S,5,N
54,337.14,524.04,1,S,5,N
206,272.88,524.34,1,W,5,N
207,298.66,524.64,1,W,5,N
208,311.66,524.94,1,W,5,N
209,312.17,525.24,1,W,5,N
212,317.46,525.54,1,W,5,N
213,324.02,525.84,1,W,5,N
216,327.17,526.14,1,W,5,N
217,328.73,526.44,1,W,5,N
218,331.72,526.74,1,W,5,N
219,351.67,527.04,1,W,5,N
220,353.55,527.34,1,W,5,N
221,361.11,527.64,1,W,5,N
327,321.43,527.94,1,E,5,N
328,325.24,528.24,1,E,5,N
330,336.07,528.54,1,E,5,N
331,338.66,528.84,1,E,5,N
333,353.46,529.14,1,E,5,N
334,369.88,529.44,1,E,5,N
335,396.84,529.74,1,E,5,N
481,400.05,530.47,3,E,5,N
446,440.29,530.47,3,W,5,N
447,445.43,530.77,3,W,5,N
482,407.32,530.77,3,E,5,N
448,445.52,531.07,3,W,5,N
483,416.52,531.07,3,E,5,N
449,447.00,531.37,3,W,5,N
484,417.80,531.37,3,E,5,N
485,419.28,531.67,3,E,5,N
88,522.50,536.63,1,S,1,E
63,414.78,536.87,1,S,3,W
234,449.49,541.07,1,W,3,E
342,492.48,554.67,1,E,3,E
572,500.64,565.94,5,W,5,N
573,501.94,566.24,5,W,5,N
574,508.69,566.54,5,W,5,N
575,511.24,566.84,5,W,5,N
576,512.32,567.14,5,W,5,N
577,514.24,567.44,5,W,5,N
578,517.13,567.74,5,W,5,N
579,517.91,568.04,5,W,5,N
580,520.56,568.34,5,W,5,N
581,536.41,568.64,5,W,5,N
582,568.41,574.55,5,W,5,N
583,569.71,575.85,5,W,5,N
652,502.82,579.94,5,E,5,N
653,504.35,580.24,5,E,5,N
654,553.84,580.54,5,E,5,N
655,567.73,580.84,5,E,5,N
656,568.95,581.14,5,E,5,N
657,572.31,581.44,5,E,5,N
658,572.86,581.74,5,E,5,N
659,573.91,582.04,5,E,5,N
336,400.01,599.70,1,E,5,W
486,475.88,600.00,3,E,5,W
660,594.08,600.22,5,E,5,N
55,371.07,600.30,1,S,5,W
56,372.76,600.60,1,S,5,W
78,477.49,600.90,1,S,3,E
418,485.37,600.90,2,E,5,W
224,374.71,601.20,1,W,5,W
225,384.03,601.50,1,W,5,W
226,385.19,601.80,1,W,5,W
231,420.34,602.10,1,W,5,W
233,425.38,602.40,1,W,5,W
341,477.96,602.70,1,E,5,W
93,575.92,602.70,1,S,1,W
95,581.37,603.00,1,S,1,W
241,514.65,603.90,1,W,2,W
104,595.14,609.28,1,S,1,W
108,597.25,611.38,1,S,1,W
94,579.57,616.10,1,S,1,E
97,582.78,616.70,1,S,1,E
417,439.20,616.90,2,E,5,E
102,593.05,618.20,1,S,1,E
109,597.48,619.70,1,S,1,E
337,452.90,619.90,1,E,5,E
59,376.04,621.84,1,S,5,N
60,379.63,622.14,1,S,5,N
62,381.98,622.44,1,S,5,N
416,403.13,622.74,2,E,5,N
392,495.57,623.34,2,W,5,N
65,416.76,623.64,1,S,5,N
67,423.08,623.94,1,S,5,N
223,373.31,624.24,1,W,5,N
227,385.79,624.54,1,W,5,N
229,409.11,624.84,1,W,5,N
230,410.60,625.14,1,W,5,N
232,422.02,625.44,1,W,5,N
235,455.42,625.74,1,W,5,N
339,470.10,626.34,1,E,5,N
340,475.34,626.64,1,E,5,N
491,575.89,637.66,3,E,5,N
492,577.64,639.41,3,E,5,N
240,512.99,639.67,1,W,3,E
92,575.48,641.92,1,S,2,W
96,582.41,642.52,1,S,2,W
99,585.47,643.42,1,S,2,E
451,588.37,650.14,3,W,5,N
452,595.17,656.94,3,W,5,N
584,602.97,665.84,5,W,5,N
585,604.95,666.14,5,W,5,N
586,608.45,666.44,5,W,5,N
587,615.95,666.74,5,W,5,N
588,615.96,667.04,5,W,5,N
589,617.78,667.34,5,W,5,N
590,618.24,667.64,5,W,5,N
591,650.72,667.94,5,W,5,N
592,651.53,668.24,5,W,5,N
593,653.62,668.54,5,W,5,N
594,653.87,668.84,5,W,5,N
595,653.93,669.14,5,W,5,N
596,655.70,669.44,5,W,5,N
597,658.77,669.74,5,W,5,N
598,659.88,670.04,5,W,5,N
599,660.01,670.34,5,W,5,N
600,661.57,670.64,5,W,5,N
661,599.40,679.84,5,E,5,N
662,609.65,680.14,5,E,5,N
663,610.85,680.44,5,E,5,N
664,682.18,688.31,5,E,5,N
343,494.74,699.60,1,E,5,W
450,514.29,699.90,3,W,5,W
487,520.31,700.20,3,E,5,W
488,533.82,700.50,3,E,5,W
489,535.22,700.80,3,E,5,W
490,574.21,701.10,3,E,5,W
73,472.62,701.40,1,S,5,W
81,479.74,701.70,1,S,5,W
420,541.38,702.00,2,E,5,W
394,527.02,702.30,2,W,5,W
396,540.00,702.60,2,W,5,W
89,523.59,702.90,1,S,5,W
114,668.44,703.10,1,S,1,W
237,493.64,703.20,1,W,5,W
238,494.94,703.50,1,W,5,W
239,496.66,703.80,1,W,5,W
242,516.23,704.10,1,W,5,W
245,520.22,704.40,1,W,5,W
246,521.84,704.70,1,W,5,W
249,547.72,705.00,1,W,5,W
344,529.35,705.30,1,E,5,W
356,633.57,707.60,1,E,2,W
361,686.49,712.61,1,E,2,W
397,631.03,713.17,2,W,3,W
69,464.59,715.60,1,S,5,E
72,471.21,716.50,1,S,5,E
79,478.61,717.10,1,S,5,E
83,482.31,718.00,1,S,5,E
419,520.84,718.30,2,E,5,E
422,595.45,719.50,2,E,5,E
129,703.87,720.70,1,S,1,E
130,704.48,721.00,1,S,1,E
70,464.85,722.04,1,S,5,N
71,465.92,722.34,1,S,5,N
250,548.82,722.50,1,W,5,E
74,472.87,722.94,1,S,5,N
80,479.09,723.54,1,S,5,N
82,479.83,723.84,1,S,5,N
393,522.59,724.74,2,W,5,N
494,660.85,724.90,3,E,5,E
395,539.08,725.04,2,W,5,N
421,584.84,725.34,2,E,5,N
85,517.32,725.94,1,S,5,N
86,517.90,726.24,1,S,5,N
87,518.86,726.54,1,S,5,N
90,525.49,726.84,1,S,5,N
236,477.06,727.14,1,W,5,N
243,517.33,727.44,1,W,5,N
244,518.35,727.74,1,W,5,N
247,544.02,728.04,1,W,5,N
248,544.86,728.34,1,W,5,N
251,550.03,728.94,1,W,5,N
252,551.80,729.24,1,W,5,N
253,560.89,729.54,1,W,5,N
345,548.20,729.84,1,E,5,N
346,575.07,730.14,1,E,5,N
453,649.39,730.44,3,W,5,N
493,614.08,730.74,3,E,5,N
454,650.90,731.34,3,W,5,N
358,638.03,744.27,1,E,3,W
601,691.52,765.74,5,W,5,N
602,692.14,766.04,5,W,5,N
603,692.69,766.34,5,W,5,N
604,721.39,766.64,5,W,5,N
605,722.66,766.94,5,W,5,N
606,724.62,767.24,5,W,5,N
607,726.45,767.54,5,W,5,N
608,742.72,767.84,5,W,5,N
609,744.38,768.14,5,W,5,N
610,767.70,773.83,5,W,5,N
665,734.45,779.74,5,E,5,N
666,760.78,780.04,5,E,5,N
495,696.43,799.50,3,E,5,W
347,601.88,799.80,1,E,5,W
100,586.24,800.10,1,S,5,W
101,587.08,800.40,1,S,5,W
119,673.13,800.50,1,S,3,W
105,596.45,800.70,1,S,5,W
398,670.42,801.00,2,W,5,W
107,597.11,801.30,1,S,5,W
110,632.16,801.60,1,S,5,W
111,633.08,801.90,1,S,5,W
254,584.35,802.20,1,W,5,W
258,612.16,802.50,1,W,5,W
261,624.30,802.80,1,W,5,W
264,660.28,803.10,1,W,5,W
359,657.87,803.40,1,E,5,W
131,704.53,803.50,1,S,1,W
134,753.00,803.80,1,S,1,W
135,755.77,804.10,1,S,1,W
136,755.95,804.40,1,S,1,W
272,722.54,804.70,1,W,2,W
273,730.50,805.00,1,W,2,W
367,749.68,808.60,1,E,2,W
143,797.32,811.46,1,S,1,W
259,612.24,818.50,1,W,5,E
260,613.85,818.80,1,W,5,E
146,801.85,819.00,1,S,1,E
91,574.76,821.64,1,S,5,N
98,584.08,821.94,1,S,5,N
103,594.36,822.24,1,S,5,N
360,683.94,822.40,1,E,5,E
106,596.53,822.54,1,S,5,N
423,636.76,822.84,2,E,5,N
424,664.47,823.14,2,E,5,N
399,685.33,823.44,2,W,5,N
255,608.13,823.74,1,W,5,N
256,609.65,824.04,1,W,5,N
257,610.55,824.34,1,W,5,N
262,634.12,825.24,1,W,5,N
263,658.40,825.54,1,W,5,N
348,604.74,825.84,1,E,5,N
349,605.92,826.14,1,E,5,N
429,790.29,826.36,2,E,3,W
350,606.44,826.44,1,E,5,N
351,618.68,826.74,1,E,5,N
352,621.57,827.04,1,E,5,N
353,624.57,827.34,1,E,5,N
354,627.28,827.64,1,E,5,N
355,632.28,827.94,1,E,5,N
357,635.54,828.24,1,E,5,N
455,721.92,829.87,3,W,5,N
497,750.53,830.17,3,E,5,N
456,772.76,834.53,3,W,5,N
155,825.12,839.25,1,S,1,E
279,760.71,842.87,1,W,3,E
457,787.33,849.10,3,W,5,N
611,776.91,865.64,5,W,5,N
612,778.54,865.94,5,W,5,N
613,781.02,866.24,5,W,5,N
614,794.87,866.54,5,W,5,N
615,799.37,866.84,5,W,5,N
616,830.40,867.14,5,W,5,N
617,831.91,867.44,5,W,5,N
618,833.74,867.74,5,W,5,N
619,835.35,868.04,5,W,5,N
620,836.87,868.34,5,W,5,N
621,850.09,868.64,5,W,5,N
622,851.76,868.94,5,W,5,N
623,851.81,869.24,5,W,5,N
624,853.98,869.54,5,W,5,N
625,855.38,869.84,5,W,5,N
626,857.30,870.14,5,W,5,N
627,858.85,870.44,5,W,5,N
628,861.71,870.74,5,W,5,N
629,862.16,871.04,5,W,5,N
630,870.88,877.01,5,W,5,N
631,871.91,878.04,5,W,5,N
667,810.38,879.64,5,E,5,N
668,826.86,879.94,5,E,5,N
669,853.68,880.24,5,E,5,N
670,857.49,880.54,5,E,5,N
671,863.65,880.84,5,E,5,N
362,696.72,899.40,1,E,5,W
496,704.69,899.70,3,E,5,W
120,673.54,900.00,1,S,5,W
123,675.59,900.30,1,S,5,W
403,757.19,900.60,2,W,5,W
126,678.81,900.90,1,S,5,W
128,701.44,901.20,1,S,5,W
265,669.77,901.50,1,W,5,W
266,691.30,901.80,1,W,5,W
149,816.58,901.80,1,S,2,W
267,692.32,902.10,1,W,5,W
268,706.25,902.40,1,W,5,W
270,710.11,902.70,1,W,5,W
271,713.71,903.00,1,W,5,W
274,741.35,903.30,1,W,5,W
275,756.45,903.60,1,W,5,W
277,758.90,903.90,1,W,5,W
150,818.76,903.90,1,S,1,W
278,759.19,904.20,1,W,5,W
151,820.29,904.20,1,S,1,W
280,763.91,904.50,1,W,5,W
170,876.92,904.50,1,S,1,W
281,777.89,906.00,1,W,2,W
370,789.39,907.22,1,E,5,W
292,859.84,909.30,1,W,2,E
432,873.77,913.97,2,E,3,E
166,871.46,916.70,1,S,1,E
121,673.96,917.20,1,S,5,E
400,708.51,918.40,2,W,5,E
426,726.29,918.70,2,E,5,E
112,666.95,921.54,1,S,5,N
113,667.30,921.84,1,S,5,N
115,669.82,922.14,1,S,5,N
116,670.93,922.44,1,S,5,N
117,672.29,922.74,1,S,5,N
366,732.77,922.90,1,E,5,E
118,672.87,923.04,1,S,5,N
122,675.09,923.64,1,S,5,N
124,677.02,923.94,1,S,5,N
425,710.94,924.24,2,E,5,N
401,722.55,925.14,2,W,5,N
427,749.67,925.44,2,E,5,N
402,743.10,925.74,2,W,5,N
428,770.67,926.04,2,E,5,N
404,768.15,926.34,2,W,5,N
125,678.35,926.64,1,S,5,N
127,699.88,926.94,1,S,5,N
132,706.01,927.24,1,S,5,N
269,706.63,927.54,1,W,5,N
276,757.62,927.84,1,W,5,N
363,714.34,928.14,1,E,5,N
364,716.62,928.44,1,E,5,N
365,718.46,928.74,1,E,5,N
368,760.19,929.34,1,E,5,N
369,762.25,929.64,1,E,5,N
498,809.25,929.67,3,E,5,N
459,857.32,929.97,3,W,5,N
499,810.45,929.97,3,E,5,N
501,844.34,930.57,3,E,5,N
153,820.69,938.47,1,S,3,E
503,878.75,940.52,3,E,5,N
374,864.66,946.87,1,E,3,E
504,891.00,952.77,3,E,5,N
632,873.71,965.54,5,W,5,N
633,875.49,965.84,5,W,5,N
634,882.42,966.14,5,W,5,N
635,894.85,966.44,5,W,5,N
636,895.11,966.74,5,W,5,N
169,876.34,998.90,1,S,3,E
458,802.41,999.30,3,W,5,W
500,811.74,999.60,3,E,5,W
502,845.92,999.90,3,E,5,W
460,879.88,1000.20,3,W,5,W
461,884.18,1000.50,3,W,5,W
133,752.89,1000.80,1,S,5,W
138,789.65,1001.10,1,S,5,W
145,801.39,1001.40,1,S,5,W
405,863.12,1001.70,2,W,5,W
431,837.46,1002.00,2,E,5,W
152,820.55,1002.30,1,S,5,W
160,829.00,1002.60,1,S,5,W
161,834.83,1002.90,1,S,5,W
162,835.94,1003.20,1,S,5,W
163,836.03,1003.50,1,S,5,W
164,836.87,1003.80,1,S,5,W
284,816.60,1004.10,1,W,5,W
286,827.47,1004.40,1,W,5,W
288,843.02,1004.70,1,W,5,W
289,843.47,1005.00,1,W,5,W
291,858.26,1005.30,1,W,5,W
293,861.38,1005.60,1,W,5,W
371,808.43,1005.90,1,E,5,W
376,891.96,1009.78,1,E,5,W
140,792.75,1015.90,1,S,5,E
142,795.42,1016.50,1,S,5,E
285,825.86,1020.40,1,W,5,E
137,786.73,1021.44,1,S,5,N
139,791.21,1021.74,1,S,5,N
141,793.93,1022.34,1,S,5,N
144,799.55,1022.94,1,S,5,N
430,819.91,1023.24,2,E,5,N
147,809.77,1023.54,1,S,5,N
148,811.16,1023.84,1,S,5,N
154,823.48,1024.14,1,S,5,N
156,826.16,1024.44,1,S,5,N
157,826.32,1024.74,1,S,5,N
158,826.92,1025.04,1,S,5,N
159,827.72,1025.34,1,S,5,N
165,837.43,1025.64,1,S,5,N
282,803.55,1025.94,1,W,5,N
283,812.91,1026.24,1,W,5,N
287,829.09,1026.84,1,W,5,N
290,844.80,1027.14,1,W,5,N
372,813.85,1027.44,1,E,5,N
373,847.99,1027.74,1,E,5,N
375,865.78,1028.04,1,E,5,N
167,874.33,1099.20,1,S,5,W
168,875.57,1099.50,1,S,5,W
296,881.78,1099.80,1,W,5,W
297,883.29,1100.10,1,W,5,W
298,890.29,1100.40,1,W,5,W
171,898.55,1121.34,1,S,5,N
294,880.87,1121.64,1,W,5,N
295,881.07,1121.94,1,W,5,N
299,891.69,1122.24,1,W,5,N