id,enter_time,exit_time,entrance_intersection,entrance_direction,exit_intersection,exit_direction
2,2.65,16.79,1,S,1,E
7,31.66,45.79,1,S,1,E
517,1.31,66.44,5,W,5,N
518,9.07,66.74,5,W,5,N
519,10.72,67.04,5,W,5,N
520,11.33,67.34,5,W,5,N
521,12.49,67.64,5,W,5,N
522,15.49,67.94,5,W,5,N
523,16.28,68.24,5,W,5,N
524,26.95,68.54,5,W,5,N
525,28.21,68.84,5,W,5,N
526,35.66,69.14,5,W,5,N
527,37.05,69.44,5,W,5,N
528,47.88,69.74,5,W,5,N
529,49.68,70.04,5,W,5,N
530,55.76,70.34,5,W,5,N
531,57.55,70.64,5,W,5,N
532,58.77,70.94,5,W,5,N
533,58.92,71.24,5,W,5,N
534,67.16,73.29,5,W,5,N
535,67.53,73.66,5,W,5,N
536,68.77,74.90,5,W,5,N
537,70.63,76.77,5,W,5,N
649,0.13,80.44,5,E,5,N
650,2.12,80.74,5,E,5,N
651,8.10,81.04,5,E,5,N
652,9.07,81.34,5,E,5,N
653,11.44,81.64,5,E,5,N
654,54.26,81.94,5,E,5,N
655,76.43,82.56,5,E,5,N
656,80.75,86.89,5,E,5,N
657,86.16,92.29,5,E,5,N
658,86.97,93.11,5,E,5,N
659,89.18,95.32,5,E,5,N
5,28.99,100.40,1,S,2,W
4,3.77,100.70,1,S,3,W
0,0.39,100.70,1,S,1,W
9,33.30,101.00,1,S,1,W
13,42.83,101.30,1,S,1,W
26,64.46,101.60,1,S,1,W
27,65.16,101.90,1,S,1,W
30,68.29,102.20,1,S,1,W
334,62.54,106.10,1,E,2,E
452,60.66,131.27,3,W,5,N
479,16.63,131.27,3,E,5,N
480,69.00,131.57,3,E,5,N
201,20.00,138.87,1,W,3,E
204,27.86,139.77,1,W,3,E
333,57.81,141.87,1,E,3,E
24,59.47,142.92,1,S,2,W
483,90.20,151.97,3,E,5,N
538,81.51,166.34,5,W,5,N
539,94.93,166.64,5,W,5,N
540,97.24,166.94,5,W,5,N
541,113.15,167.24,5,W,5,N
542,119.20,167.54,5,W,5,N
543,129.29,167.84,5,W,5,N
544,131.06,168.14,5,W,5,N
545,133.72,168.44,5,W,5,N
546,146.21,168.74,5,W,5,N
547,147.17,169.04,5,W,5,N
548,148.20,169.34,5,W,5,N
549,155.57,169.64,5,W,5,N
550,158.21,169.94,5,W,5,N
551,169.08,175.21,5,W,5,N
660,161.29,180.34,5,E,5,N
661,183.29,189.42,5,E,5,N
481,70.61,200.10,3,E,5,W
482,72.28,200.40,3,E,5,W
393,26.76,200.70,2,W,5,W
34,115.94,200.80,1,S,2,W
16,49.36,200.80,1,S,3,W
426,61.69,201.00,2,E,5,W
38,124.52,201.10,1,S,1,W
10,33.81,201.30,1,S,5,W
44,162.67,201.40,1,S,1,W
200,19.29,201.60,1,W,5,W
47,164.68,201.70,1,S,1,W
203,26.28,201.90,1,W,5,W
51,171.99,202.00,1,S,1,W
332,56.97,202.20,1,E,5,W
56,176.79,202.30,1,S,1,W
21,56.37,202.30,1,S,3,W
216,129.69,205.60,1,W,2,E
340,136.91,207.40,1,E,2,W
45,162.81,214.50,1,S,1,E
1,0.75,222.24,1,S,5,N
3,3.02,222.54,1,S,5,N
425,16.34,222.84,2,E,5,N
6,30.81,223.14,1,S,5,N
8,32.96,223.44,1,S,5,N
11,35.79,223.74,1,S,5,N
198,16.94,224.04,1,W,5,N
199,17.98,224.34,1,W,5,N
202,23.85,224.64,1,W,5,N
205,43.30,224.94,1,W,5,N
206,59.80,225.24,1,W,5,N
329,2.27,225.54,1,E,5,N
487,132.07,225.83,3,E,5,E
330,12.78,225.84,1,E,5,N
331,38.56,226.14,1,E,5,N
335,71.88,226.44,1,E,5,N
336,91.60,226.74,1,E,5,N
337,96.49,227.04,1,E,5,N
338,98.32,227.34,1,E,5,N
484,109.00,231.07,3,E,5,N
454,133.62,231.37,3,W,5,N
455,158.38,231.67,3,W,5,N
486,116.13,231.67,3,E,5,N
488,133.22,232.27,3,E,5,N
489,144.35,232.57,3,E,5,N
46,164.10,240.92,1,S,2,W
217,130.95,241.97,1,W,3,E
342,145.92,244.07,1,E,3,E
346,196.90,259.09,1,E,3,E
552,177.40,266.24,5,W,5,N
553,177.41,266.54,5,W,5,N
554,180.93,266.84,5,W,5,N
555,187.15,267.14,5,W,5,N
556,188.72,267.44,5,W,5,N
557,191.31,267.74,5,W,5,N
558,192.49,268.04,5,W,5,N
559,205.40,268.34,5,W,5,N
560,207.90,268.64,5,W,5,N
561,215.19,268.94,5,W,5,N
562,217.95,269.24,5,W,5,N
563,219.50,269.54,5,W,5,N
564,234.07,269.84,5,W,5,N
565,236.50,270.14,5,W,5,N
566,236.69,270.44,5,W,5,N
567,238.27,270.74,5,W,5,N
568,239.99,271.04,5,W,5,N
569,263.18,271.34,5,W,5,N
662,235.56,280.24,5,E,5,N
663,242.19,280.54,5,E,5,N
664,247.56,280.84,5,E,5,N
665,247.88,281.14,5,E,5,N
453,129.21,300.00,3,W,5,W
485,110.66,300.30,3,E,5,W
490,151.29,300.60,3,E,5,W
14,45.92,300.90,1,S,5,W
18,52.32,301.20,1,S,5,W
25,61.48,301.50,1,S,5,W
394,105.65,301.80,2,W,5,W
428,144.38,302.10,2,E,5,W
429,161.87,302.40,2,E,5,W
398,158.49,302.70,2,W,5,W
33,115.34,303.00,1,S,5,W
36,121.67,303.30,1,S,5,W
37,122.88,303.60,1,S,5,W
40,125.78,303.90,1,S,5,W
41,126.04,304.20,1,S,5,W
207,67.85,304.50,1,W,5,W
209,86.66,304.80,1,W,5,W
210,101.90,305.10,1,W,5,W
211,109.83,305.40,1,W,5,W
213,124.21,305.70,1,W,5,W
219,140.54,306.00,1,W,5,W
341,140.63,306.30,1,E,5,W
344,180.25,306.60,1,E,5,W
241,265.04,307.20,1,W,2,W
348,223.94,307.80,1,E,2,W
12,37.27,316.00,1,S,5,E
430,197.42,320.50,2,E,5,E
35,119.47,321.10,1,S,5,E
212,111.76,322.00,1,W,5,E
15,47.89,322.44,1,S,5,N
17,51.31,322.74,1,S,5,N
19,54.22,323.04,1,S,5,N
20,56.17,323.34,1,S,5,N
22,57.60,323.64,1,S,5,N
343,147.58,323.80,1,E,5,E
23,58.47,323.94,1,S,5,N
28,65.89,324.24,1,S,5,N
29,67.72,324.54,1,S,5,N
31,69.39,324.84,1,S,5,N
32,71.11,325.14,1,S,5,N
427,102.17,325.44,2,E,5,N
395,115.73,325.74,2,W,5,N
396,124.27,326.04,2,W,5,N
397,144.57,326.34,2,W,5,N
399,198.21,326.94,2,W,5,N
39,125.17,327.54,1,S,5,N
208,84.74,327.84,1,W,5,N
214,125.24,328.44,1,W,5,N
215,128.64,328.74,1,W,5,N
218,137.53,329.04,1,W,5,N
220,156.17,329.34,1,W,5,N
339,109.17,329.64,1,E,5,N
345,191.06,330.24,1,E,5,N
491,209.19,330.87,3,E,5,N
492,246.81,331.17,3,E,5,N
458,223.49,331.47,3,W,5,N
238,241.03,342.37,1,W,3,E
350,235.63,344.47,1,E,3,W
493,287.41,349.18,3,E,5,N
570,279.51,366.14,5,W,5,N
571,282.03,366.44,5,W,5,N
572,283.01,366.74,5,W,5,N
573,302.48,367.04,5,W,5,N
574,311.44,367.34,5,W,5,N
575,312.90,367.64,5,W,5,N
576,313.01,367.94,5,W,5,N
577,313.21,368.24,5,W,5,N
578,336.74,368.54,5,W,5,N
579,337.23,368.84,5,W,5,N
580,338.42,369.14,5,W,5,N
581,346.40,369.44,5,W,5,N
582,346.69,369.74,5,W,5,N
583,349.34,370.04,5,W,5,N
584,353.05,370.34,5,W,5,N
585,355.76,370.64,5,W,5,N
586,362.97,370.94,5,W,5,N
587,364.70,371.24,5,W,5,N
666,322.78,380.14,5,E,5,N
667,324.51,380.44,5,E,5,N
668,330.08,380.74,5,E,5,N
669,345.16,381.04,5,E,5,N
670,351.01,381.34,5,E,5,N
456,209.76,399.90,3,W,5,W
457,214.73,400.20,3,W,5,W
459,291.61,400.50,3,W,5,W
242,283.69,400.70,1,W,2,W
48,166.29,400.80,1,S,5,W
49,168.50,401.10,1,S,5,W
244,295.17,401.30,1,W,2,W
50,171.57,401.40,1,S,5,W
53,174.44,401.70,1,S,5,W
71,373.22,401.90,1,S,1,W
55,175.50,402.00,1,S,5,W
57,176.80,402.30,1,S,5,W
431,210.02,402.60,2,E,5,W
403,293.32,402.90,2,W,5,W
434,295.71,403.20,2,E,5,W
58,220.96,403.50,1,S,5,W
225,174.82,403.80,1,W,5,W
226,191.56,404.10,1,W,5,W
227,191.75,404.40,1,W,5,W
228,193.17,404.70,1,W,5,W
234,226.58,405.00,1,W,5,W
235,228.01,405.30,1,W,5,W
237,235.47,405.60,1,W,5,W
239,242.46,405.90,1,W,5,W
240,256.55,406.20,1,W,5,W
351,238.62,406.50,1,E,5,W
436,349.75,413.17,2,E,3,E
406,366.46,413.47,2,W,3,W
66,370.91,415.30,1,S,1,E
42,160.96,415.90,1,S,5,E
73,406.53,420.66,1,S,1,E
43,162.61,422.34,1,S,5,N
52,173.57,422.64,1,S,5,N
54,174.85,422.94,1,S,5,N
400,234.13,423.24,2,W,5,N
401,272.31,423.54,2,W,5,N
432,255.40,423.84,2,E,5,N
433,279.38,424.14,2,E,5,N
402,293.04,424.44,2,W,5,N
460,349.21,424.53,3,W,5,E
59,222.43,424.74,1,S,5,N
221,169.72,425.04,1,W,5,N
222,171.27,425.34,1,W,5,N
223,171.65,425.64,1,W,5,N
224,172.97,425.94,1,W,5,N
229,202.82,426.24,1,W,5,N
230,218.43,426.54,1,W,5,N
231,219.73,426.84,1,W,5,N
232,223.51,427.14,1,W,5,N
233,224.77,427.44,1,W,5,N
236,229.26,427.74,1,W,5,N
347,223.30,428.04,1,E,5,N
349,225.55,428.34,1,E,5,N
352,244.60,428.64,1,E,5,N
353,270.64,428.94,1,E,5,N
354,289.35,429.24,1,E,5,N
496,375.44,431.08,3,E,5,E
261,362.43,442.47,1,W,3,E
355,357.42,443.07,1,E,3,W
358,383.40,445.59,1,E,3,W
497,394.01,455.78,3,E,5,N
588,397.05,466.04,5,W,5,N
589,399.46,466.34,5,W,5,N
590,401.41,466.64,5,W,5,N
591,417.25,466.94,5,W,5,N
592,444.66,467.24,5,W,5,N
593,446.56,467.54,5,W,5,N
594,448.03,467.84,5,W,5,N
595,448.62,468.14,5,W,5,N
596,455.26,468.44,5,W,5,N
597,457.23,468.74,5,W,5,N
598,464.45,470.58,5,W,5,N
671,403.82,480.04,5,E,5,N
672,416.41,480.34,5,E,5,N
673,442.44,480.64,5,E,5,N
674,458.25,480.94,5,E,5,N
494,340.46,499.80,3,E,5,W
495,373.89,500.10,3,E,5,W
60,256.62,500.40,1,S,5,W
69,372.93,500.50,1,S,3,W
61,258.27,500.70,1,S,5,W
437,369.44,501.00,2,E,5,W
247,320.09,501.30,1,W,5,W
248,321.58,501.60,1,W,5,W
249,324.51,501.90,1,W,5,W
251,328.35,502.20,1,W,5,W
77,414.55,502.30,1,S,1,W
252,331.39,502.50,1,W,5,W
84,428.43,502.60,1,S,1,W
254,351.82,502.80,1,W,5,W
92,473.18,502.90,1,S,1,W
258,357.29,503.10,1,W,5,W
95,474.28,503.20,1,S,1,W
356,358.88,503.40,1,E,5,W
98,479.54,503.50,1,S,1,W
99,482.27,503.80,1,S,1,W
103,488.38,504.10,1,S,1,W
267,420.09,505.00,1,W,2,W
268,426.33,505.30,1,W,2,W
107,495.24,509.38,1,S,1,W
108,496.82,510.95,1,S,1,W
440,479.57,515.64,2,E,3,E
404,329.34,516.70,2,W,5,E
243,284.89,517.60,1,W,5,E
96,474.98,517.80,1,S,1,E
102,486.37,519.00,1,S,1,E
113,502.60,521.40,1,S,1,E
62,259.32,521.94,1,S,5,N
63,289.61,522.24,1,S,5,N
435,325.98,522.54,2,E,5,N
405,352.25,523.14,2,W,5,N
407,380.57,523.44,2,W,5,N
245,301.70,524.04,1,W,5,N
246,317.37,524.34,1,W,5,N
499,443.52,524.63,3,E,5,E
250,325.44,524.64,1,W,5,N
253,351.24,524.94,1,W,5,N
255,351.83,525.24,1,W,5,N
256,353.14,525.54,1,W,5,N
257,354.93,525.84,1,W,5,N
259,359.26,526.14,1,W,5,N
260,360.56,526.44,1,W,5,N
262,363.92,526.74,1,W,5,N
357,380.65,527.04,1,E,5,N
359,394.31,527.34,1,E,5,N
121,514.54,528.67,1,S,1,E
122,516.25,530.39,1,S,1,E
498,400.94,530.47,3,E,5,N
461,411.28,530.47,3,W,5,N
462,468.68,530.77,3,W,5,N
500,450.48,531.07,3,E,5,N
264,376.26,540.17,1,W,3,E
265,388.43,540.47,1,W,3,E
599,475.03,565.94,5,W,5,N
600,475.74,566.24,5,W,5,N
601,477.11,566.54,5,W,5,N
602,498.47,566.84,5,W,5,N
603,506.54,567.14,5,W,5,N
604,507.80,567.44,5,W,5,N
605,509.40,567.74,5,W,5,N
606,511.56,568.04,5,W,5,N
607,521.96,568.34,5,W,5,N
608,522.10,568.64,5,W,5,N
609,524.34,568.94,5,W,5,N
610,524.77,569.24,5,W,5,N
611,533.23,569.54,5,W,5,N
612,539.05,569.84,5,W,5,N
613,540.14,570.14,5,W,5,N
614,550.31,570.44,5,W,5,N
615,551.41,570.74,5,W,5,N
616,554.82,571.04,5,W,5,N
675,500.56,579.94,5,E,5,N
676,570.54,580.24,5,E,5,N
87,470.20,599.70,1,S,3,W
463,480.25,599.70,3,W,5,W
65,370.26,600.00,1,S,5,W
68,372.91,600.30,1,S,5,W
408,456.98,600.60,2,W,5,W
410,500.23,600.90,2,W,5,W
93,473.98,601.20,1,S,3,E
81,418.91,601.20,1,S,5,W
82,426.80,601.50,1,S,5,W
106,494.01,601.50,1,S,2,W
266,398.16,601.80,1,W,5,W
269,437.06,602.10,1,W,5,W
270,458.64,602.40,1,W,5,W
360,436.93,602.70,1,E,5,W
119,512.25,602.70,1,S,1,W
361,438.22,603.00,1,E,5,W
120,512.97,603.00,1,S,1,W
124,518.53,603.30,1,S,1,W
125,523.68,603.60,1,S,1,W
126,525.11,603.90,1,S,1,W
118,512.08,604.20,1,S,2,W
129,534.13,604.20,1,S,1,W
140,554.34,604.50,1,S,1,W
141,557.06,604.80,1,S,1,W
144,563.52,605.10,1,S,1,W
131,539.54,615.50,1,S,1,E
439,462.02,617.20,2,E,5,E
75,412.41,618.40,1,S,5,E
145,564.80,618.80,1,S,1,E
501,497.90,621.84,3,E,5,N
64,338.68,622.14,1,S,5,N
67,372.23,622.44,1,S,5,N
70,373.07,622.74,1,S,5,N
438,415.96,623.04,2,E,5,N
409,477.56,623.64,2,W,5,N
72,405.02,623.94,1,S,5,N
74,409.25,624.24,1,S,5,N
76,413.23,624.84,1,S,5,N
78,415.15,625.14,1,S,5,N
79,415.48,625.44,1,S,5,N
80,416.99,625.74,1,S,5,N
83,427.93,626.04,1,S,5,N
263,366.92,626.34,1,W,5,N
271,460.37,626.64,1,W,5,N
362,452.51,626.94,1,E,5,N
363,455.06,627.24,1,E,5,N
502,545.50,630.27,3,E,5,N
464,542.28,630.27,3,W,5,N
105,493.73,637.27,1,S,3,W
109,497.18,637.87,1,S,3,W
133,541.26,642.22,1,S,2,W
282,564.69,644.77,1,W,3,E
366,507.18,645.67,1,E,3,W
367,517.97,645.97,1,E,3,E
504,593.26,655.03,3,E,5,N
617,591.34,665.84,5,W,5,N
618,600.32,666.14,5,W,5,N
619,602.83,666.44,5,W,5,N
620,632.73,666.74,5,W,5,N
621,634.34,667.04,5,W,5,N
622,636.42,667.34,5,W,5,N
623,665.53,671.67,5,W,5,N
624,666.96,673.09,5,W,5,N
625,667.90,674.03,5,W,5,N
677,620.03,679.84,5,E,5,N
678,625.44,680.14,5,E,5,N
679,627.07,680.44,5,E,5,N
680,645.90,680.74,5,E,5,N
135,544.47,699.50,1,S,3,E
503,591.69,699.60,3,E,5,W
88,470.57,699.90,1,S,5,W
91,472.85,700.20,1,S,5,W
97,478.15,700.50,1,S,5,W
441,523.11,700.80,2,E,5,W
413,554.48,701.10,2,W,5,W
111,500.79,701.40,1,S,5,W
112,501.32,701.70,1,S,5,W
114,505.29,702.00,1,S,5,W
115,507.44,702.30,1,S,5,W
116,507.73,702.60,1,S,5,W
117,510.64,702.90,1,S,5,W
147,602.16,703.10,1,S,1,W
123,517.22,703.20,1,S,5,W
681,697.16,703.29,5,E,5,N
148,634.70,703.40,1,S,1,W
278,519.29,703.50,1,W,5,W
149,638.78,703.70,1,S,1,W
365,503.40,703.80,1,E,5,W
293,620.70,704.00,1,W,2,W
152,644.75,704.00,1,S,1,W
370,523.54,704.10,1,E,5,W
161,657.27,704.30,1,S,1,W
371,528.04,704.40,1,E,5,W
159,653.90,718.30,1,S,1,E
160,655.31,718.60,1,S,1,E
85,462.20,721.74,1,S,5,N
86,464.31,722.04,1,S,5,N
89,471.63,722.34,1,S,5,N
90,472.12,722.64,1,S,5,N
94,474.20,722.94,1,S,5,N
100,484.02,723.24,1,S,5,N
101,486.26,723.54,1,S,5,N
411,511.18,723.84,2,W,5,N
412,525.93,724.14,2,W,5,N
442,540.24,724.44,2,E,5,N
414,566.91,724.74,2,W,5,N
443,584.05,725.04,2,E,5,N
104,489.81,725.34,1,S,5,N
110,499.88,725.64,1,S,5,N
127,528.78,725.94,1,S,5,N
128,529.32,726.24,1,S,5,N
130,537.68,726.54,1,S,5,N
272,472.64,726.84,1,W,5,N
273,473.71,727.14,1,W,5,N
274,486.76,727.44,1,W,5,N
275,497.16,727.74,1,W,5,N
276,516.74,728.04,1,W,5,N
277,517.97,728.34,1,W,5,N
279,535.15,728.64,1,W,5,N
280,555.89,728.94,1,W,5,N
281,556.12,729.24,1,W,5,N
364,503.33,729.54,1,E,5,N
368,519.90,729.84,1,E,5,N
369,521.47,730.14,1,E,5,N
372,529.67,730.44,1,E,5,N
373,578.91,730.74,1,E,5,N
374,587.25,731.04,1,E,5,N
465,601.05,731.34,3,W,5,N
466,604.25,731.64,3,W,5,N
467,606.94,731.94,3,W,5,N
468,636.37,732.24,3,W,5,N
469,646.12,732.54,3,W,5,N
290,616.42,739.17,1,W,3,W
626,690.21,765.74,5,W,5,N
627,700.73,766.04,5,W,5,N
628,703.30,766.34,5,W,5,N
629,739.65,766.64,5,W,5,N
630,750.19,766.94,5,W,5,N
682,701.17,779.74,5,E,5,N
683,755.42,780.04,5,E,5,N
505,627.18,799.50,3,E,5,W
506,636.58,799.80,3,E,5,W
507,689.67,800.10,3,E,5,W
137,545.90,800.40,1,S,5,W
138,547.70,800.70,1,S,5,W
142,558.89,801.00,1,S,5,W
146,601.78,801.30,1,S,5,W
163,693.10,801.40,1,S,3,W
444,633.96,801.60,2,E,5,W
416,627.12,801.90,2,W,5,W
418,642.47,802.20,2,W,5,W
285,583.68,802.50,1,W,5,W
288,588.18,802.80,1,W,5,W
292,619.27,803.10,1,W,5,W
294,621.95,803.40,1,W,5,W
166,727.55,803.50,1,S,1,W
298,654.63,803.70,1,W,5,W
170,733.36,803.80,1,S,1,W
171,764.68,804.10,1,S,1,W
175,769.53,804.40,1,S,1,W
178,773.37,804.70,1,S,1,W
179,777.04,805.00,1,S,1,W
180,778.50,805.30,1,S,1,W
181,785.57,805.60,1,S,1,W
188,793.51,807.65,1,S,1,W
446,725.21,813.27,2,E,3,E
136,544.83,816.10,1,S,5,E
184,790.01,818.40,1,S,1,E
284,582.10,818.50,1,W,5,E
296,627.19,820.30,1,W,5,E
299,658.33,820.90,1,W,5,E
132,540.51,821.64,1,S,5,N
377,688.19,821.80,1,E,5,E
134,542.46,821.94,1,S,5,N
139,553.69,822.54,1,S,5,N
143,561.86,822.84,1,S,5,N
415,600.79,823.14,2,W,5,N
417,639.84,823.44,2,W,5,N
419,644.69,823.74,2,W,5,N
509,746.15,824.03,3,E,5,E
445,679.53,824.04,2,E,5,N
283,580.31,824.34,1,W,5,N
286,585.88,824.94,1,W,5,N
287,587.18,825.24,1,W,5,N
289,609.64,825.54,1,W,5,N
291,617.85,825.84,1,W,5,N
295,623.72,826.14,1,W,5,N
297,646.58,826.74,1,W,5,N
375,614.16,827.34,1,E,5,N
376,680.17,827.64,1,E,5,N
508,706.30,829.87,3,E,5,N
470,698.69,829.87,3,W,5,N
471,700.05,830.17,3,W,5,N
472,717.69,830.47,3,W,5,N
511,778.81,840.58,3,E,5,N
308,742.05,841.07,1,W,3,W
512,790.69,852.46,3,E,5,N
474,791.64,853.41,3,W,5,N
631,777.09,865.64,5,W,5,N
632,787.03,865.94,5,W,5,N
633,788.50,866.24,5,W,5,N
634,796.97,866.54,5,W,5,N
635,802.99,866.84,5,W,5,N
636,804.97,867.14,5,W,5,N
637,809.68,867.44,5,W,5,N
638,810.78,867.74,5,W,5,N
639,813.12,868.04,5,W,5,N
640,816.07,868.34,5,W,5,N
641,816.46,868.64,5,W,5,N
642,816.79,868.94,5,W,5,N
643,848.70,869.24,5,W,5,N
644,856.89,869.54,5,W,5,N
645,857.55,869.84,5,W,5,N
646,858.94,870.14,5,W,5,N
647,872.30,878.44,5,W,5,N
684,808.55,879.64,5,E,5,N
685,859.23,879.94,5,E,5,N
378,697.25,899.40,1,E,5,W
510,747.49,899.70,3,E,5,W
473,787.58,900.00,3,W,5,W
475,796.35,900.30,3,W,5,W
151,642.36,900.60,1,S,5,W
155,647.91,900.90,1,S,5,W
158,652.95,901.20,1,S,5,W
189,794.95,901.20,1,S,2,W
421,736.35,901.50,2,W,5,W
448,798.07,901.80,2,E,5,W
165,694.21,902.10,1,S,5,W
167,728.91,902.40,1,S,5,W
169,731.63,902.70,1,S,5,W
302,693.70,903.00,1,W,5,W
315,788.21,903.00,1,W,2,W
306,720.93,903.30,1,W,5,W
309,743.91,903.60,1,W,5,W
379,703.41,903.90,1,E,5,W
380,706.35,904.20,1,E,5,W
383,754.29,904.50,1,E,5,W
194,851.12,917.90,1,S,1,E
195,854.88,918.20,1,S,1,E
150,641.56,921.54,1,S,5,N
385,766.87,921.70,1,E,5,E
153,645.60,921.84,1,S,5,N
154,647.13,922.14,1,S,5,N
156,650.18,922.44,1,S,5,N
157,650.98,922.74,1,S,5,N
162,662.29,923.04,1,S,5,N
420,728.71,923.34,2,W,5,N
447,755.52,923.64,2,E,5,N
422,773.34,923.94,2,W,5,N
423,779.72,924.24,2,W,5,N
164,693.91,924.54,1,S,5,N
168,730.06,924.84,1,S,5,N
300,674.93,925.14,1,W,5,N
301,676.91,925.44,1,W,5,N
303,695.50,925.74,1,W,5,N
304,703.08,926.04,1,W,5,N
305,719.25,926.34,1,W,5,N
307,722.61,926.64,1,W,5,N
381,725.40,926.94,1,E,5,N
382,743.33,927.24,1,E,5,N
384,764.62,927.54,1,E,5,N
386,784.27,928.14,1,E,5,N
387,787.00,928.44,1,E,5,N
513,837.15,929.67,3,E,5,N
477,853.62,929.97,3,W,5,N
478,854.00,930.27,3,W,5,N
515,875.52,937.29,3,E,5,N
313,785.48,938.47,1,W,3,E
516,890.20,951.97,3,E,5,N
648,881.80,965.54,5,W,5,N
476,800.87,999.30,3,W,5,W
514,868.81,999.60,3,E,5,W
172,766.38,999.90,1,S,5,W
449,827.02,1000.20,2,E,5,W
451,897.93,1000.50,2,E,5,W
321,817.27,1000.80,1,W,5,W
316,795.50,1019.80,1,W,5,E
322,817.69,1021.30,1,W,5,E
173,766.64,1021.44,1,S,5,N
174,768.16,1021.74,1,S,5,N
176,770.84,1022.04,1,S,5,N
177,771.83,1022.34,1,S,5,N
182,787.05,1022.64,1,S,5,N
183,788.24,1022.94,1,S,5,N
390,829.83,1023.10,1,E,5,E
185,790.38,1023.24,1,S,5,N
186,791.52,1023.54,1,S,5,N
187,791.57,1023.84,1,S,5,N
450,851.87,1024.14,2,E,5,N
424,879.12,1024.44,2,W,5,N
310,769.30,1024.74,1,W,5,N
311,770.73,1025.04,1,W,5,N
312,784.32,1025.34,1,W,5,N
314,786.75,1025.64,1,W,5,N
317,797.91,1026.24,1,W,5,N
318,799.61,1026.54,1,W,5,N
319,801.12,1026.84,1,W,5,N
320,802.22,1027.14,1,W,5,N
323,837.79,1027.74,1,W,5,N
324,837.80,1028.04,1,W,5,N
325,861.77,1028.34,1,W,5,N
388,812.43,1028.64,1,E,5,N
389,827.64,1028.94,1,E,5,N
391,833.31,1029.54,1,E,5,N
392,863.77,1029.84,1,E,5,N
191,848.30,1099.20,1,S,5,W
192,849.88,1099.50,1,S,5,W
193,850.51,1099.80,1,S,5,W
326,878.09,1100.10,1,W,5,W
190,843.43,1121.34,1,S,5,N
196,855.27,1121.64,1,S,5,N
197,882.76,1121.94,1,S,5,N
327,879.73,1122.24,1,W,5,N
328,895.85,1122.54,1,W,5,N