id,enter_time,exit_time,entrance_intersection,entrance_direction,exit_intersection,exit_direction
521,16.00,66.44,5,W,5,N
522,17.83,66.74,5,W,5,N
523,18.69,67.04,5,W,5,N
524,20.78,67.34,5,W,5,N
525,21.83,67.64,5,W,5,N
526,21.87,67.94,5,W,5,N
527,23.08,68.24,5,W,5,N
528,24.60,68.54,5,W,5,N
529,43.32,68.84,5,W,5,N
530,44.40,69.14,5,W,5,N
531,44.56,69.44,5,W,5,N
532,45.92,69.74,5,W,5,N
533,47.03,70.04,5,W,5,N
534,49.06,70.34,5,W,5,N
674,46.35,80.44,5,E,5,N
675,52.24,80.74,5,E,5,N
676,57.94,81.04,5,E,5,N
677,58.53,81.34,5,E,5,N
678,66.92,81.64,5,E,5,N
679,76.44,82.57,5,E,5,N
680,82.00,88.14,5,E,5,N
18,54.61,100.70,1,S,1,W
23,59.15,101.00,1,S,1,W
28,72.58,101.30,1,S,1,W
32,77.30,101.60,1,S,1,W
197,48.70,103.40,1,W,2,W
25,68.05,119.50,1,S,1,E
26,68.57,119.80,1,S,1,E
31,75.63,121.00,1,S,1,E
469,56.97,126.03,3,E,5,E
466,32.18,131.27,3,E,5,N
468,39.28,131.87,3,E,5,N
439,50.05,132.17,3,W,5,N
33,118.94,133.08,1,S,1,E
470,74.64,136.41,3,E,5,N
471,76.60,138.37,3,E,5,N
535,81.17,166.34,5,W,5,N
536,87.64,166.64,5,W,5,N
537,89.55,166.94,5,W,5,N
538,90.69,167.24,5,W,5,N
539,92.41,167.54,5,W,5,N
540,95.16,167.84,5,W,5,N
541,96.99,168.14,5,W,5,N
542,98.66,168.44,5,W,5,N
543,104.53,168.74,5,W,5,N
544,106.08,169.04,5,W,5,N
545,132.52,169.34,5,W,5,N
546,134.27,169.64,5,W,5,N
547,170.14,176.28,5,W,5,N
681,147.68,180.34,5,E,5,N
436,8.69,200.10,3,W,5,W
467,37.43,200.40,3,E,5,W
437,11.73,200.70,3,W,5,W
438,29.91,201.00,3,W,5,W
40,175.93,201.10,1,S,1,W
383,22.61,201.30,2,W,5,W
412,49.87,201.60,2,E,5,W
413,96.70,201.90,2,E,5,W
10,47.68,202.00,1,S,3,E
1,34.72,202.20,1,S,5,W
192,11.75,202.50,1,W,5,W
12,49.86,202.60,1,S,3,W
193,12.38,202.80,1,W,5,W
195,31.22,203.10,1,W,5,W
196,33.04,203.40,1,W,5,W
320,9.68,203.70,1,E,5,W
323,86.13,203.95,1,E,5,W
324,88.44,206.27,1,E,5,W
43,179.79,215.70,1,S,1,E
199,59.38,218.20,1,W,5,E
384,45.57,222.24,2,W,5,N
0,32.55,222.54,1,S,5,N
2,35.17,222.84,1,S,5,N
190,9.30,223.14,1,W,5,N
191,10.59,223.44,1,W,5,N
390,187.42,223.49,2,W,3,W
194,30.14,223.74,1,W,5,N
198,50.31,224.04,1,W,5,N
200,61.03,224.64,1,W,5,N
201,64.47,224.94,1,W,5,N
319,8.46,225.24,1,E,5,N
321,36.01,225.54,1,E,5,N
322,37.83,225.84,1,E,5,N
325,98.82,226.14,1,E,5,N
481,174.08,229.72,3,E,5,E
472,122.90,231.07,3,E,5,N
441,131.68,231.37,3,W,5,N
473,131.98,231.37,3,E,5,N
442,136.22,231.67,3,W,5,N
443,159.78,231.97,3,W,5,N
476,148.51,232.27,3,E,5,N
477,155.75,232.57,3,E,5,N
478,169.21,232.87,3,E,5,N
479,171.17,232.94,3,E,5,N
35,121.76,238.37,1,S,3,E
202,75.94,238.67,1,W,3,W
204,85.54,239.27,1,W,3,E
39,174.90,240.92,1,S,2,W
47,231.40,245.54,1,S,1,E
548,177.18,266.24,5,W,5,N
549,185.00,266.54,5,W,5,N
550,187.56,266.84,5,W,5,N
551,188.90,267.14,5,W,5,N
552,229.64,267.44,5,W,5,N
553,238.66,267.74,5,W,5,N
554,240.15,268.04,5,W,5,N
555,250.49,268.34,5,W,5,N
556,251.97,268.64,5,W,5,N
557,253.93,268.94,5,W,5,N
558,255.18,269.24,5,W,5,N
559,263.13,269.26,5,W,5,N
560,264.57,270.71,5,W,5,N
561,266.07,272.20,5,W,5,N
562,268.06,274.20,5,W,5,N
563,270.04,276.18,5,W,5,N
564,270.77,276.90,5,W,5,N
565,272.58,278.71,5,W,5,N
682,220.56,280.24,5,E,5,N
683,226.28,280.54,5,E,5,N
684,240.04,280.84,5,E,5,N
685,285.98,292.12,5,E,5,N
440,113.81,300.00,3,W,5,W
474,145.45,300.30,3,E,5,W
475,146.84,300.60,3,E,5,W
480,172.70,300.90,3,E,5,W
482,193.48,301.20,3,E,5,W
48,233.03,301.50,1,S,1,W
3,37.75,301.50,1,S,5,W
52,238.44,301.80,1,S,1,W
4,39.19,301.80,1,S,5,W
53,240.11,302.10,1,S,1,W
6,43.39,302.10,1,S,5,W
56,245.50,302.40,1,S,1,W
7,43.75,302.40,1,S,5,W
59,249.63,302.70,1,S,1,W
9,46.54,302.70,1,S,5,W
14,50.15,303.00,1,S,5,W
20,57.12,303.30,1,S,5,W
387,149.95,303.60,2,W,5,W
203,77.01,303.90,1,W,5,W
205,100.71,304.20,1,W,5,W
207,135.76,304.50,1,W,5,W
210,141.49,304.80,1,W,5,W
213,154.17,305.10,1,W,5,W
214,154.49,305.40,1,W,5,W
326,115.83,305.70,1,E,5,W
328,121.70,306.00,1,E,5,W
329,126.67,306.30,1,E,5,W
393,269.81,313.37,2,W,3,E
483,199.41,322.14,3,E,5,N
5,40.65,322.44,1,S,5,N
8,43.80,322.74,1,S,5,N
208,139.31,322.90,1,W,5,E
11,49.47,323.04,1,S,5,N
209,141.28,323.20,1,W,5,E
13,50.01,323.34,1,S,5,N
15,50.26,323.64,1,S,5,N
16,50.74,323.94,1,S,5,N
17,51.33,324.24,1,S,5,N
330,129.88,324.40,1,E,5,E
19,55.31,324.54,1,S,5,N
21,57.14,324.84,1,S,5,N
414,131.91,325.14,2,E,5,N
385,128.94,325.44,2,W,5,N
415,169.76,325.74,2,E,5,N
386,139.36,326.04,2,W,5,N
388,173.81,326.34,2,W,5,N
389,186.45,326.64,2,W,5,N
22,57.63,326.94,1,S,5,N
24,66.93,327.24,1,S,5,N
27,70.24,327.54,1,S,5,N
29,73.19,327.84,1,S,5,N
30,74.27,328.14,1,S,5,N
34,121.67,328.44,1,S,5,N
206,115.04,328.74,1,W,5,N
211,143.35,329.64,1,W,5,N
212,152.92,329.94,1,W,5,N
327,116.63,330.24,1,E,5,N
331,177.18,330.84,1,E,5,N
444,217.46,330.87,3,W,5,N
484,200.42,330.87,3,E,5,N
486,275.36,337.13,3,E,5,N
65,325.57,339.70,1,S,1,E
232,236.22,342.67,1,W,3,W
334,228.71,344.17,1,E,3,W
445,292.38,354.15,3,W,5,N
566,273.44,366.14,5,W,5,N
567,299.97,366.44,5,W,5,N
568,302.69,366.74,5,W,5,N
569,304.16,367.04,5,W,5,N
570,306.78,367.34,5,W,5,N
571,309.53,367.64,5,W,5,N
572,310.14,367.94,5,W,5,N
573,311.63,368.24,5,W,5,N
574,312.93,368.54,5,W,5,N
575,313.98,368.84,5,W,5,N
576,315.24,369.14,5,W,5,N
577,325.60,369.44,5,W,5,N
578,326.40,369.74,5,W,5,N
579,327.89,370.04,5,W,5,N
580,338.22,370.34,5,W,5,N
581,341.20,370.64,5,W,5,N
582,362.73,370.94,5,W,5,N
583,364.23,371.24,5,W,5,N
584,366.27,372.41,5,W,5,N
585,368.26,374.39,5,W,5,N
586,369.78,375.92,5,W,5,N
686,302.87,380.14,5,E,5,N
687,345.83,380.44,5,E,5,N
688,351.53,380.74,5,E,5,N
689,368.07,381.04,5,E,5,N
690,380.92,387.06,5,E,5,N
691,385.48,391.61,5,E,5,N
692,388.65,394.79,5,E,5,N
54,243.51,399.50,1,S,3,E
485,244.26,399.90,3,E,5,W
46,183.22,400.20,1,S,5,W
693,394.15,400.29,5,E,5,N
58,248.24,400.40,1,S,3,W
392,239.80,400.50,2,W,5,W
66,328.98,400.70,1,S,2,W
417,216.15,400.80,2,E,5,W
418,260.66,401.10,2,E,5,W
50,234.63,401.40,1,S,5,W
217,175.89,401.70,1,W,5,W
70,332.53,401.90,1,S,1,W
224,198.77,402.00,1,W,5,W
71,335.96,402.20,1,S,1,W
226,204.48,402.30,1,W,5,W
72,339.85,402.50,1,S,1,W
228,220.32,402.60,1,W,5,W
80,346.34,402.80,1,S,1,W
230,234.54,402.90,1,W,5,W
81,347.10,403.10,1,S,1,W
332,221.00,403.20,1,E,5,W
335,234.15,403.50,1,E,5,W
337,236.47,403.80,1,E,5,W
246,365.16,405.20,1,W,2,W
397,367.19,413.47,2,W,3,E
416,200.94,418.00,2,E,5,E
36,171.72,422.04,1,S,5,N
37,173.25,422.34,1,S,5,N
38,173.92,422.64,1,S,5,N
41,177.06,422.94,1,S,5,N
233,237.96,423.10,1,W,5,E
42,178.98,423.24,1,S,5,N
44,180.10,423.54,1,S,5,N
45,180.60,423.84,1,S,5,N
391,200.62,424.44,2,W,5,N
394,282.84,424.74,2,W,5,N
49,234.34,425.04,1,S,5,N
51,237.15,425.34,1,S,5,N
215,173.56,425.64,1,W,5,N
216,174.79,425.94,1,W,5,N
218,177.00,426.24,1,W,5,N
219,178.04,426.54,1,W,5,N
220,179.63,426.84,1,W,5,N
221,179.90,427.14,1,W,5,N
222,181.11,427.44,1,W,5,N
223,182.55,427.74,1,W,5,N
225,202.68,428.04,1,W,5,N
227,216.87,428.34,1,W,5,N
229,229.42,428.64,1,W,5,N
231,235.12,428.94,1,W,5,N
234,258.87,429.54,1,W,5,N
333,225.49,429.84,1,E,5,N
336,235.17,430.14,1,E,5,N
338,300.84,430.44,1,E,5,N
487,317.95,430.67,3,E,5,N
447,344.03,430.97,3,W,5,N
491,344.11,431.87,3,E,5,N
492,345.74,432.17,3,E,5,N
448,370.94,432.71,3,W,5,N
73,340.12,440.82,1,S,2,W
87,395.17,444.42,1,S,2,E
449,393.48,455.25,3,W,5,N
587,379.56,466.04,5,W,5,N
588,380.98,466.34,5,W,5,N
589,384.91,466.64,5,W,5,N
590,391.10,466.94,5,W,5,N
591,418.90,467.24,5,W,5,N
592,420.87,467.54,5,W,5,N
593,422.06,467.84,5,W,5,N
594,423.76,468.14,5,W,5,N
595,425.67,468.44,5,W,5,N
596,426.80,468.74,5,W,5,N
597,428.52,469.04,5,W,5,N
598,429.85,469.34,5,W,5,N
599,430.34,469.64,5,W,5,N
600,431.28,469.94,5,W,5,N
601,433.17,470.24,5,W,5,N
602,440.87,470.54,5,W,5,N
603,448.80,470.84,5,W,5,N
604,449.54,471.14,5,W,5,N
605,451.68,471.44,5,W,5,N
606,456.40,471.74,5,W,5,N
607,458.29,472.04,5,W,5,N
608,460.21,472.34,5,W,5,N
609,469.30,475.43,5,W,5,N
610,471.93,478.07,5,W,5,N
694,410.91,480.04,5,E,5,N
695,412.09,480.34,5,E,5,N
696,482.18,488.31,5,E,5,N
697,485.11,491.25,5,E,5,N
446,343.46,499.80,3,W,5,W
488,324.97,500.10,3,E,5,W
489,334.82,500.40,3,E,5,W
490,335.83,500.70,3,E,5,W
64,275.68,501.00,1,S,5,W
82,347.32,501.10,1,S,3,E
421,381.25,501.30,2,E,5,W
67,329.57,501.60,1,S,5,W
235,272.66,501.90,1,W,5,W
85,392.03,502.00,1,S,3,E
236,274.57,502.20,1,W,5,W
95,401.68,502.30,1,S,2,W
242,329.52,502.50,1,W,5,W
96,432.56,502.60,1,S,2,W
244,347.56,502.80,1,W,5,W
245,356.30,503.10,1,W,5,W
339,303.66,503.40,1,E,5,W
423,471.61,513.27,2,E,3,W
57,246.54,516.10,1,S,5,E
62,273.62,517.00,1,S,5,E
419,307.55,517.60,2,E,5,E
55,244.67,521.94,1,S,5,N
60,251.13,522.54,1,S,5,N
61,271.79,522.84,1,S,5,N
63,274.02,523.44,1,S,5,N
395,313.79,524.04,2,W,5,N
420,353.47,524.34,2,E,5,N
396,337.12,524.64,2,W,5,N
68,330.36,524.94,1,S,5,N
69,330.86,525.24,1,S,5,N
497,466.66,525.53,3,E,5,E
237,278.04,525.54,1,W,5,N
238,286.00,525.84,1,W,5,N
239,286.42,526.14,1,W,5,N
240,289.96,526.44,1,W,5,N
241,305.47,526.74,1,W,5,N
243,345.82,527.04,1,W,5,N
340,304.99,527.34,1,E,5,N
341,319.85,527.64,1,E,5,N
342,325.77,527.94,1,E,5,N
343,336.10,528.24,1,E,5,N
344,355.65,528.54,1,E,5,N
345,357.11,528.84,1,E,5,N
493,400.67,530.47,3,E,5,N
495,434.09,531.07,3,E,5,N
496,464.79,531.37,3,E,5,N
106,526.00,540.14,1,S,1,E
451,482.25,544.02,3,W,5,N
611,473.23,565.94,5,W,5,N
612,474.29,566.24,5,W,5,N
613,480.62,566.54,5,W,5,N
614,490.80,566.84,5,W,5,N
615,492.35,567.14,5,W,5,N
616,495.05,567.44,5,W,5,N
617,521.38,567.74,5,W,5,N
618,523.21,568.04,5,W,5,N
619,523.70,568.34,5,W,5,N
698,507.09,579.94,5,E,5,N
699,581.53,587.66,5,E,5,N
700,583.41,589.55,5,E,5,N
701,583.83,589.97,5,E,5,N
450,458.45,599.70,3,W,5,W
494,401.95,600.00,3,E,5,W
74,341.24,600.30,1,S,5,W
75,341.46,600.60,1,S,5,W
88,396.09,600.90,1,S,5,W
401,446.90,601.20,2,W,5,W
402,458.12,601.50,2,W,5,W
248,367.98,601.80,1,W,5,W
249,384.41,602.10,1,W,5,W
250,393.58,602.40,1,W,5,W
702,596.34,602.47,5,E,5,N
253,398.30,602.70,1,W,5,W
110,530.42,602.70,1,S,1,W
254,401.31,603.00,1,W,5,W
256,409.48,603.30,1,W,5,W
259,447.04,603.60,1,W,5,W
346,404.59,603.90,1,E,5,W
349,461.70,604.20,1,E,5,W
268,540.99,606.00,1,W,2,W
360,567.45,609.60,1,E,2,W
403,545.63,613.07,2,W,3,E
400,417.82,619.00,2,W,5,E
76,341.75,621.84,1,S,5,N
77,342.20,622.14,1,S,5,N
78,344.15,622.44,1,S,5,N
79,345.88,622.74,1,S,5,N
83,347.41,623.04,1,S,5,N
84,348.38,623.34,1,S,5,N
86,393.77,623.64,1,S,5,N
89,397.20,623.94,1,S,5,N
398,400.82,624.24,2,W,5,N
422,422.66,624.54,2,E,5,N
399,404.82,624.84,2,W,5,N
90,398.78,625.44,1,S,5,N
91,399.57,625.74,1,S,5,N
92,400.04,626.04,1,S,5,N
93,400.19,626.34,1,S,5,N
94,401.66,626.64,1,S,5,N
247,366.82,626.94,1,W,5,N
251,395.14,627.24,1,W,5,N
252,397.01,627.54,1,W,5,N
255,402.39,627.84,1,W,5,N
257,429.35,628.14,1,W,5,N
258,445.88,628.44,1,W,5,N
347,443.48,628.74,1,E,5,N
348,444.92,629.04,1,E,5,N
350,465.62,629.34,1,E,5,N
405,593.85,629.92,2,W,3,W
499,527.17,630.57,3,E,5,N
453,567.04,630.57,3,W,5,N
500,528.37,630.87,3,E,5,N
502,547.32,631.47,3,E,5,N
503,548.54,631.77,3,E,5,N
104,524.24,637.87,1,S,3,E
105,525.84,638.17,1,S,3,E
267,524.89,641.77,1,W,3,W
119,631.78,645.92,1,S,1,E
361,570.10,645.97,1,E,3,E
507,591.75,647.38,3,E,5,E
504,586.86,648.63,3,E,5,N
506,590.70,652.47,3,E,5,N
454,592.58,654.35,3,W,5,N
620,573.54,665.84,5,W,5,N
621,575.86,666.14,5,W,5,N
622,577.46,666.44,5,W,5,N
623,579.02,666.74,5,W,5,N
624,580.70,667.04,5,W,5,N
625,582.45,667.34,5,W,5,N
626,583.59,667.64,5,W,5,N
627,605.01,667.94,5,W,5,N
628,606.31,668.24,5,W,5,N
629,607.07,668.54,5,W,5,N
630,623.91,668.84,5,W,5,N
631,625.15,669.14,5,W,5,N
632,626.53,669.44,5,W,5,N
633,641.01,669.74,5,W,5,N
634,649.44,670.04,5,W,5,N
635,657.37,670.34,5,W,5,N
636,659.71,670.64,5,W,5,N
703,617.88,679.84,5,E,5,N
704,670.65,680.14,5,E,5,N
705,670.76,680.44,5,E,5,N
706,683.56,689.70,5,E,5,N
707,685.27,691.41,5,E,5,N
708,691.21,697.34,5,E,5,N
498,507.28,699.60,3,E,5,W
452,541.28,699.90,3,W,5,W
501,537.62,700.20,3,E,5,W
505,588.71,700.50,3,E,5,W
98,480.82,700.80,1,S,5,W
100,485.09,701.10,1,S,5,W
427,589.09,701.40,2,E,5,W
108,528.17,701.70,1,S,5,W
109,530.03,702.00,1,S,5,W
270,551.34,702.30,1,W,5,W
351,502.54,702.60,1,E,5,W
352,529.90,702.90,1,E,5,W
118,630.41,703.10,1,S,1,W
353,540.85,703.20,1,E,5,W
124,637.94,703.40,1,S,1,W
355,542.36,703.50,1,E,5,W
125,638.28,703.70,1,S,1,W
132,689.01,704.00,1,S,1,W
276,596.94,705.50,1,W,2,E
284,666.24,707.90,1,W,2,W
366,663.62,709.40,1,E,2,W
140,697.14,711.27,1,S,1,W
369,688.27,714.38,1,E,2,W
129,642.37,716.50,1,S,1,E
137,692.38,718.60,1,S,1,E
97,473.51,721.74,1,S,5,N
99,482.60,722.04,1,S,5,N
424,515.93,722.34,2,E,5,N
404,557.68,722.64,2,W,5,N
425,540.50,722.94,2,E,5,N
426,551.66,723.24,2,E,5,N
101,519.69,723.54,1,S,5,N
102,522.55,723.84,1,S,5,N
103,523.97,724.14,1,S,5,N
107,527.63,724.44,1,S,5,N
457,630.30,724.53,3,W,5,E
111,530.64,724.74,1,S,5,N
260,467.01,725.04,1,W,5,N
261,478.81,725.34,1,W,5,N
262,478.85,725.64,1,W,5,N
263,498.59,725.94,1,W,5,N
264,499.68,726.24,1,W,5,N
265,501.39,726.54,1,W,5,N
266,515.68,726.84,1,W,5,N
269,549.74,727.14,1,W,5,N
354,541.34,727.44,1,E,5,N
356,549.92,727.74,1,E,5,N
357,550.57,728.04,1,E,5,N
358,554.27,728.34,1,E,5,N
359,557.03,728.64,1,E,5,N
508,601.07,730.07,3,E,5,N
455,600.64,730.07,3,W,5,N
456,628.90,730.37,3,W,5,N
510,619.02,730.67,3,E,5,N
458,633.00,730.97,3,W,5,N
460,670.17,731.94,3,W,5,N
114,626.13,737.37,1,S,3,W
116,628.61,737.97,1,S,3,E
511,678.12,739.89,3,E,5,N
271,567.12,740.07,1,W,3,W
637,703.10,765.74,5,W,5,N
638,704.77,766.04,5,W,5,N
639,705.13,766.34,5,W,5,N
640,707.12,766.64,5,W,5,N
641,708.76,766.94,5,W,5,N
642,722.55,767.24,5,W,5,N
643,724.62,767.54,5,W,5,N
644,731.74,767.84,5,W,5,N
645,740.14,768.14,5,W,5,N
646,741.50,768.44,5,W,5,N
647,741.69,768.74,5,W,5,N
648,744.20,769.04,5,W,5,N
649,751.07,769.34,5,W,5,N
650,766.08,772.22,5,W,5,N
651,768.61,774.75,5,W,5,N
709,714.79,779.74,5,E,5,N
710,786.14,792.27,5,E,5,N
509,602.63,799.50,3,E,5,W
459,645.12,799.80,3,W,5,W
406,606.55,800.10,2,W,5,W
428,638.58,800.40,2,E,5,W
407,619.81,800.70,2,W,5,W
115,627.45,801.00,1,S,5,W
117,630.18,801.30,1,S,5,W
121,634.23,801.60,1,S,5,W
277,617.71,801.90,1,W,5,W
278,618.94,802.20,1,W,5,W
280,631.98,802.50,1,W,5,W
281,642.81,802.80,1,W,5,W
288,694.70,802.90,1,W,2,W
151,749.43,803.50,1,S,1,W
156,780.40,803.80,1,S,1,W
160,785.76,804.10,1,S,1,W
162,789.15,804.40,1,S,1,W
165,791.18,805.32,1,S,1,W
372,768.14,806.80,1,E,2,W
167,794.40,808.53,1,S,1,W
430,733.81,813.27,2,E,3,W
431,749.84,813.57,2,E,3,E
429,684.87,816.40,2,E,5,E
149,746.28,817.50,1,S,1,E
274,586.10,818.80,1,W,5,E
283,646.21,820.00,1,W,5,E
362,601.23,821.64,1,E,5,N
112,576.29,821.94,1,S,5,N
408,644.15,822.24,2,W,5,N
113,625.19,822.84,1,S,5,N
120,632.55,823.14,1,S,5,N
122,634.64,823.44,1,S,5,N
123,636.46,823.74,1,S,5,N
513,766.38,824.03,3,E,5,E
126,639.16,824.04,1,S,5,N
272,569.12,824.34,1,W,5,N
273,570.89,824.64,1,W,5,N
275,586.17,825.24,1,W,5,N
279,620.85,825.54,1,W,5,N
282,644.79,825.84,1,W,5,N
285,666.62,826.44,1,W,5,N
363,603.12,826.74,1,E,5,N
364,620.96,827.04,1,E,5,N
365,622.98,827.34,1,E,5,N
367,672.08,827.64,1,E,5,N
368,685.60,827.94,1,E,5,N
512,727.31,829.87,3,E,5,N
292,731.09,840.17,1,W,3,W
168,833.32,847.45,1,S,1,E
652,775.81,865.64,5,W,5,N
653,801.79,865.94,5,W,5,N
654,803.04,866.24,5,W,5,N
655,804.83,866.54,5,W,5,N
656,806.93,866.84,5,W,5,N
657,808.16,867.14,5,W,5,N
658,821.00,867.44,5,W,5,N
659,837.73,867.74,5,W,5,N
660,839.73,868.04,5,W,5,N
661,840.06,868.34,5,W,5,N
662,841.31,868.64,5,W,5,N
663,841.53,868.94,5,W,5,N
664,842.44,869.24,5,W,5,N
665,845.17,869.54,5,W,5,N
666,846.54,869.84,5,W,5,N
667,846.76,870.14,5,W,5,N
668,848.68,870.44,5,W,5,N
669,859.56,870.74,5,W,5,N
670,861.46,871.04,5,W,5,N
671,862.28,871.34,5,W,5,N
672,863.47,871.64,5,W,5,N
673,865.16,871.94,5,W,5,N
711,839.79,879.64,5,E,5,N
712,842.06,879.94,5,E,5,N
370,694.37,899.40,1,E,5,W
461,723.38,899.70,3,W,5,W
462,749.08,900.00,3,W,5,W
514,796.69,900.30,3,E,5,W
130,686.21,900.60,1,S,5,W
136,691.64,900.90,1,S,5,W
143,738.07,901.20,1,S,5,W
144,739.74,901.50,1,S,5,W
286,689.49,901.80,1,W,5,W
297,737.83,902.10,1,W,5,W
163,790.48,902.10,1,S,2,W
298,739.80,902.40,1,W,5,W
713,896.89,903.03,5,E,5,N
714,897.38,903.51,5,E,5,N
171,839.97,903.90,1,S,1,W
172,843.50,904.20,1,S,1,W
715,898.32,904.46,5,E,5,N
177,850.52,904.50,1,S,1,W
304,785.96,904.80,1,W,2,W
178,854.07,904.80,1,S,1,W
179,855.56,905.10,1,S,1,W
182,889.46,905.40,1,S,1,W
377,818.79,908.40,1,E,2,W
187,898.21,912.35,1,S,1,W
188,898.60,912.73,1,S,1,W
433,804.25,913.37,2,E,3,W
434,850.77,913.67,2,E,3,E
189,900.00,914.13,1,S,1,W
128,642.06,915.70,1,S,5,E
287,691.02,919.30,1,W,5,E
290,713.19,919.90,1,W,5,E
291,730.09,920.20,1,W,5,E
127,640.56,921.54,1,S,5,N
131,687.69,922.14,1,S,5,N
133,689.05,922.44,1,S,5,N
134,690.20,922.74,1,S,5,N
135,690.90,923.04,1,S,5,N
138,693.62,923.34,1,S,5,N
139,695.54,923.64,1,S,5,N
409,742.09,923.94,2,W,5,N
410,756.71,924.24,2,W,5,N
432,762.44,924.54,2,E,5,N
141,699.90,924.84,1,S,5,N
142,700.90,925.14,1,S,5,N
289,696.29,925.74,1,W,5,N
293,731.90,926.64,1,W,5,N
294,733.33,926.94,1,W,5,N
295,734.94,927.24,1,W,5,N
296,736.54,927.54,1,W,5,N
299,764.83,927.84,1,W,5,N
371,762.23,928.14,1,E,5,N
373,772.97,928.44,1,E,5,N
374,773.95,928.74,1,E,5,N
515,814.27,929.67,3,E,5,N
463,810.41,929.67,3,W,5,N
516,845.24,929.97,3,E,5,N
517,846.29,930.27,3,E,5,N
519,848.88,930.87,3,E,5,N
169,838.67,939.07,1,S,3,W
301,781.96,939.97,1,W,3,W
303,784.03,940.57,1,W,3,W
308,814.95,942.07,1,W,3,W
311,837.74,942.97,1,W,3,W
176,849.98,999.20,1,S,3,W
464,810.99,999.30,3,W,5,W
518,847.46,999.60,3,E,5,W
520,857.39,999.90,3,E,5,W
465,875.82,1000.20,3,W,5,W
147,744.73,1000.50,1,S,5,W
148,746.03,1000.80,1,S,5,W
153,751.09,1001.10,1,S,5,W
154,752.37,1001.40,1,S,5,W
155,753.37,1001.70,1,S,5,W
411,840.39,1002.00,2,W,5,W
159,784.17,1002.30,1,S,5,W
300,780.36,1002.60,1,W,5,W
306,813.14,1002.90,1,W,5,W
307,814.81,1003.20,1,W,5,W
313,857.11,1003.50,1,W,5,W
378,840.99,1003.80,1,E,5,W
379,843.96,1004.10,1,E,5,W
380,856.64,1004.40,1,E,5,W
145,740.56,1021.44,1,S,5,N
146,742.12,1021.74,1,S,5,N
150,747.79,1022.04,1,S,5,N
152,749.92,1022.34,1,S,5,N
157,781.48,1022.64,1,S,5,N
435,895.15,1022.94,2,E,5,N
158,782.33,1023.24,1,S,5,N
161,788.24,1023.54,1,S,5,N
164,790.72,1023.84,1,S,5,N
166,792.61,1024.14,1,S,5,N
170,839.00,1024.44,1,S,5,N
302,782.91,1024.74,1,W,5,N
305,787.31,1025.04,1,W,5,N
309,816.48,1025.34,1,W,5,N
310,835.37,1025.64,1,W,5,N
312,853.56,1025.94,1,W,5,N
375,805.62,1026.24,1,E,5,N
376,808.25,1026.54,1,E,5,N
381,858.45,1026.84,1,E,5,N
382,859.07,1027.14,1,E,5,N
173,845.41,1099.20,1,S,5,W
174,846.26,1099.50,1,S,5,W
175,848.19,1099.80,1,S,5,W
180,856.69,1100.10,1,S,5,W
181,858.26,1100.40,1,S,5,W
184,893.07,1100.70,1,S,5,W
186,898.03,1101.00,1,S,5,W
314,873.16,1101.30,1,W,5,W
315,874.95,1101.60,1,W,5,W
318,893.56,1101.90,1,W,5,W
183,891.29,1115.20,1,S,5,E
185,894.88,1121.64,1,S,5,N
316,876.01,1121.94,1,W,5,N
317,892.25,1122.24,1,W,5,N