id,enter_time,exit_time,entrance_intersection,entrance_direction,exit_intersection,exit_direction
0,0.16,40.41,1,S,2,W
531,0.12,66.44,5,W,5,N
532,1.23,66.74,5,W,5,N
533,11.21,67.04,5,W,5,N
534,19.01,67.34,5,W,5,N
535,20.59,67.64,5,W,5,N
536,22.66,67.94,5,W,5,N
537,25.33,68.24,5,W,5,N
538,26.55,68.54,5,W,5,N
539,27.43,68.84,5,W,5,N
540,28.57,69.14,5,W,5,N
541,55.98,69.44,5,W,5,N
680,5.06,80.44,5,E,5,N
681,10.73,80.74,5,E,5,N
682,32.53,81.04,5,E,5,N
683,35.16,81.34,5,E,5,N
684,36.89,81.64,5,E,5,N
685,37.95,81.94,5,E,5,N
686,92.92,99.06,5,E,5,N
13,51.90,100.70,1,S,1,W
17,65.37,101.00,1,S,1,W
220,4.45,102.20,1,W,2,W
358,43.62,106.40,1,E,2,E
364,86.81,112.93,1,E,2,W
11,50.47,114.70,1,S,1,E
19,98.65,116.50,1,S,1,E
21,101.82,116.80,1,S,1,E
22,103.23,117.36,1,S,1,E
472,62.58,125.73,3,W,5,E
470,1.06,131.27,3,W,5,N
471,59.41,131.57,3,W,5,N
35,124.14,138.28,1,S,1,E
221,4.98,138.57,1,W,3,W
473,76.94,138.71,3,W,5,N
224,42.13,139.47,1,W,3,E
226,45.11,140.07,1,W,3,W
353,20.01,140.97,1,E,3,E
499,92.03,153.80,3,E,5,N
542,84.09,166.34,5,W,5,N
543,94.63,166.64,5,W,5,N
544,97.43,166.94,5,W,5,N
545,99.92,167.24,5,W,5,N
546,100.67,167.54,5,W,5,N
547,102.44,167.84,5,W,5,N
548,108.32,168.14,5,W,5,N
549,128.64,168.44,5,W,5,N
550,146.01,168.74,5,W,5,N
551,147.95,169.04,5,W,5,N
552,148.98,169.34,5,W,5,N
553,159.16,169.64,5,W,5,N
554,159.40,169.94,5,W,5,N
555,160.49,170.24,5,W,5,N
556,161.97,170.54,5,W,5,N
557,169.50,175.64,5,W,5,N
558,171.04,177.17,5,W,5,N
559,172.85,178.99,5,W,5,N
687,140.18,180.34,5,E,5,N
688,151.31,180.64,5,E,5,N
689,173.40,180.94,5,E,5,N
690,192.51,198.64,5,E,5,N
691,193.39,199.53,5,E,5,N
7,45.38,199.90,1,S,3,E
497,51.01,200.10,3,E,5,W
498,52.02,200.40,3,E,5,W
9,47.79,200.50,1,S,3,W
418,7.92,200.70,2,W,5,W
692,194.66,200.80,5,E,5,N
219,3.02,201.00,1,W,5,W
20,100.19,201.10,1,S,1,W
12,51.62,201.10,1,S,3,W
223,32.04,201.30,1,W,5,W
23,104.20,201.40,1,S,1,W
352,2.32,201.60,1,E,5,W
25,113.10,201.70,1,S,1,W
355,30.22,201.90,1,E,5,W
26,113.24,202.00,1,S,1,W
360,54.34,202.20,1,E,5,W
28,115.41,202.30,1,S,1,W
37,125.63,202.60,1,S,1,W
34,123.55,202.60,1,S,2,W
47,135.06,202.90,1,S,1,W
52,141.17,203.20,1,S,1,W
57,146.87,203.50,1,S,1,W
58,148.68,203.80,1,S,1,W
60,151.61,204.10,1,S,1,W
61,152.61,204.40,1,S,1,W
62,153.37,204.70,1,S,1,W
70,163.35,205.00,1,S,1,W
80,182.23,205.30,1,S,1,W
88,193.88,208.02,1,S,1,W
234,90.62,208.30,1,W,2,E
365,102.54,211.30,1,E,2,W
56,146.70,215.40,1,S,1,E
68,160.48,217.50,1,S,1,E
4,12.74,217.60,1,S,5,E
225,43.64,218.80,1,W,5,E
77,178.58,219.90,1,S,1,E
1,1.53,222.24,1,S,5,N
446,36.83,222.54,2,E,5,N
447,77.87,222.84,2,E,5,N
2,8.89,223.14,1,S,5,N
3,11.47,223.44,1,S,5,N
5,15.32,224.04,1,S,5,N
6,16.97,224.34,1,S,5,N
222,28.74,224.64,1,W,5,N
227,55.47,225.24,1,W,5,N
354,25.00,225.54,1,E,5,N
356,31.52,225.84,1,E,5,N
357,33.02,226.14,1,E,5,N
359,49.12,226.44,1,E,5,N
361,62.05,226.74,1,E,5,N
362,81.69,227.04,1,E,5,N
363,84.89,227.34,1,E,5,N
500,104.57,231.07,3,E,5,N
66,155.56,243.02,1,S,2,W
475,184.97,246.74,3,W,5,N
476,186.32,248.09,3,W,5,N
560,173.95,266.24,5,W,5,N
561,186.82,266.54,5,W,5,N
562,189.42,266.84,5,W,5,N
563,191.05,267.14,5,W,5,N
564,191.52,267.44,5,W,5,N
565,240.81,267.74,5,W,5,N
566,240.95,268.04,5,W,5,N
567,242.66,268.34,5,W,5,N
568,244.08,268.64,5,W,5,N
569,245.93,268.94,5,W,5,N
570,261.48,269.24,5,W,5,N
571,270.09,276.23,5,W,5,N
693,202.62,280.24,5,E,5,N
694,208.62,280.54,5,E,5,N
695,216.31,280.84,5,E,5,N
696,258.66,281.14,5,E,5,N
697,260.24,281.44,5,E,5,N
474,132.58,300.00,3,W,5,W
501,156.30,300.30,3,E,5,W
8,47.33,300.60,1,S,5,W
14,57.54,300.90,1,S,5,W
76,171.06,301.20,1,S,2,W
15,63.05,301.20,1,S,5,W
89,241.15,301.50,1,S,1,W
16,64.20,301.50,1,S,5,W
90,241.22,301.80,1,S,1,W
18,96.17,301.80,1,S,5,W
419,105.81,302.10,2,W,5,W
421,141.93,302.40,2,W,5,W
29,115.55,302.70,1,S,5,W
32,119.76,303.00,1,S,5,W
33,121.62,303.30,1,S,5,W
36,124.54,303.60,1,S,5,W
38,125.89,303.90,1,S,5,W
42,128.41,304.20,1,S,5,W
43,128.49,304.50,1,S,5,W
45,132.75,304.80,1,S,5,W
49,136.88,305.10,1,S,5,W
230,72.71,305.40,1,W,5,W
236,119.77,305.70,1,W,5,W
250,259.47,306.00,1,W,2,W
368,156.89,306.00,1,E,5,W
369,160.82,306.30,1,E,5,W
422,179.68,317.20,2,W,5,E
10,48.67,322.14,1,S,5,N
235,115.92,322.30,1,W,5,E
448,127.03,322.44,2,E,5,N
449,157.60,322.74,2,E,5,N
420,131.40,323.04,2,W,5,N
450,197.99,323.64,2,E,5,N
24,111.84,323.94,1,S,5,N
27,115.23,324.24,1,S,5,N
30,116.36,324.54,1,S,5,N
31,117.96,324.84,1,S,5,N
39,126.48,325.14,1,S,5,N
40,127.24,325.44,1,S,5,N
41,128.32,325.74,1,S,5,N
44,131.06,326.04,1,S,5,N
46,134.96,326.34,1,S,5,N
48,135.21,326.64,1,S,5,N
228,70.31,326.94,1,W,5,N
229,71.92,327.24,1,W,5,N
231,85.93,327.54,1,W,5,N
232,85.94,327.84,1,W,5,N
233,87.04,328.14,1,W,5,N
237,129.69,328.74,1,W,5,N
238,139.63,329.04,1,W,5,N
239,141.19,329.34,1,W,5,N
240,142.89,329.64,1,W,5,N
241,144.32,329.94,1,W,5,N
242,158.44,330.24,1,W,5,N
243,159.57,330.54,1,W,5,N
366,106.51,330.84,1,E,5,N
367,155.08,331.14,1,E,5,N
370,191.89,331.44,1,E,5,N
477,246.66,331.74,3,W,5,N
478,258.89,332.04,3,W,5,N
503,213.08,332.34,3,E,5,N
504,231.65,332.64,3,E,5,N
505,233.49,332.94,3,E,5,N
82,185.57,338.47,1,S,3,E
86,190.35,339.67,1,S,3,W
244,185.41,340.27,1,W,3,W
246,202.94,340.87,1,W,3,W
506,287.28,349.05,3,E,5,N
572,300.91,366.14,5,W,5,N
573,303.80,366.44,5,W,5,N
574,305.80,366.74,5,W,5,N
575,321.28,367.04,5,W,5,N
576,323.88,367.34,5,W,5,N
577,324.85,367.64,5,W,5,N
578,326.51,367.94,5,W,5,N
579,334.14,368.24,5,W,5,N
580,339.85,368.54,5,W,5,N
581,346.06,368.84,5,W,5,N
582,347.37,369.14,5,W,5,N
583,348.98,369.44,5,W,5,N
584,363.32,369.45,5,W,5,N
585,364.88,371.01,5,W,5,N
586,367.24,373.37,5,W,5,N
587,367.48,373.62,5,W,5,N
588,368.91,375.05,5,W,5,N
589,369.10,375.23,5,W,5,N
590,370.34,376.48,5,W,5,N
698,325.27,380.14,5,E,5,N
699,370.46,380.44,5,E,5,N
502,211.25,399.90,3,E,5,W
50,137.46,400.20,1,S,5,W
59,150.04,400.50,1,S,5,W
63,154.24,400.80,1,S,5,W
67,159.15,401.10,1,S,5,W
69,161.64,401.40,1,S,5,W
71,164.00,401.70,1,S,5,W
99,327.30,401.90,1,S,1,W
72,165.24,402.00,1,S,5,W
101,329.35,402.20,1,S,1,W
423,272.49,402.30,2,W,5,W
108,342.79,402.50,1,S,1,W
78,180.98,402.60,1,S,5,W
114,350.25,402.80,1,S,1,W
247,225.67,402.90,1,W,5,W
124,360.81,403.10,1,S,1,W
248,228.84,403.20,1,W,5,W
126,364.63,403.40,1,S,1,W
371,252.37,403.50,1,E,5,W
372,285.33,403.80,1,E,5,W
377,386.93,413.05,1,E,2,E
85,187.89,420.70,1,S,5,E
51,139.92,422.04,1,S,5,N
53,142.55,422.34,1,S,5,N
54,143.19,422.64,1,S,5,N
55,145.90,422.94,1,S,5,N
64,155.16,423.24,1,S,5,N
65,155.32,423.54,1,S,5,N
73,166.24,423.84,1,S,5,N
451,245.50,424.14,2,E,5,N
424,285.56,424.44,2,W,5,N
479,318.45,424.53,3,W,5,E
452,291.64,424.74,2,E,5,N
74,167.34,425.04,1,S,5,N
75,169.68,425.34,1,S,5,N
79,181.55,425.64,1,S,5,N
81,182.82,425.94,1,S,5,N
83,186.12,426.24,1,S,5,N
84,187.69,426.54,1,S,5,N
87,191.98,427.14,1,S,5,N
245,195.50,427.44,1,W,5,N
249,245.24,427.74,1,W,5,N
251,261.15,428.04,1,W,5,N
507,329.89,430.67,3,E,5,N
480,331.64,430.97,3,W,5,N
481,345.76,431.27,3,W,5,N
483,370.56,432.33,3,W,5,N
123,358.42,445.02,1,S,2,W
591,395.98,466.04,5,W,5,N
592,397.91,466.34,5,W,5,N
593,413.12,466.64,5,W,5,N
594,413.67,466.94,5,W,5,N
595,414.28,467.24,5,W,5,N
596,415.01,467.54,5,W,5,N
597,455.51,467.84,5,W,5,N
598,456.93,468.14,5,W,5,N
700,424.45,480.04,5,E,5,N
701,429.19,480.34,5,E,5,N
508,330.91,499.80,3,E,5,W
509,332.78,500.10,3,E,5,W
482,364.43,500.40,3,W,5,W
510,363.81,500.70,3,E,5,W
511,395.78,501.00,3,E,5,W
94,243.69,501.30,1,S,5,W
98,291.09,501.60,1,S,5,W
454,343.01,501.90,2,E,5,W
118,354.05,502.00,1,S,3,E
426,351.84,502.20,2,W,5,W
133,408.92,502.30,1,S,1,W
428,399.26,502.50,2,W,5,W
120,355.81,502.60,1,S,3,E
106,334.65,502.80,1,S,5,W
252,267.80,503.10,1,W,5,W
253,269.58,503.40,1,W,5,W
257,311.56,503.70,1,W,5,W
258,313.06,504.00,1,W,5,W
260,316.11,504.30,1,W,5,W
261,323.20,504.60,1,W,5,W
262,325.14,504.90,1,W,5,W
376,383.96,505.20,1,E,5,W
456,406.13,512.97,2,E,3,E
91,242.17,521.94,1,S,5,N
92,242.31,522.24,1,S,5,N
93,242.40,522.54,1,S,5,N
95,245.13,522.84,1,S,5,N
96,245.55,523.14,1,S,5,N
97,289.59,523.44,1,S,5,N
425,314.07,523.74,2,W,5,N
453,331.64,524.04,2,E,5,N
455,369.86,524.34,2,E,5,N
427,388.01,524.64,2,W,5,N
100,327.95,524.94,1,S,5,N
102,330.48,525.24,1,S,5,N
103,331.11,525.54,1,S,5,N
104,332.75,525.84,1,S,5,N
105,334.51,526.14,1,S,5,N
254,289.32,526.44,1,W,5,N
255,290.96,526.74,1,W,5,N
256,302.20,527.04,1,W,5,N
259,315.88,527.34,1,W,5,N
263,330.41,527.64,1,W,5,N
264,331.99,527.94,1,W,5,N
265,338.24,528.24,1,W,5,N
266,354.26,528.54,1,W,5,N
267,354.41,528.84,1,W,5,N
268,356.33,529.14,1,W,5,N
269,364.49,529.44,1,W,5,N
373,313.74,529.74,1,E,5,N
374,324.79,530.04,1,E,5,N
375,343.10,530.34,1,E,5,N
484,425.54,530.47,3,W,5,N
380,446.59,544.07,1,E,3,W
599,474.41,565.94,5,W,5,N
600,483.86,566.24,5,W,5,N
601,485.02,566.54,5,W,5,N
602,486.15,566.84,5,W,5,N
603,487.98,567.14,5,W,5,N
604,507.68,567.44,5,W,5,N
605,510.00,567.74,5,W,5,N
606,511.72,568.04,5,W,5,N
607,512.80,568.34,5,W,5,N
608,514.35,568.64,5,W,5,N
609,520.89,568.94,5,W,5,N
610,521.11,569.24,5,W,5,N
611,522.33,569.54,5,W,5,N
612,534.92,569.84,5,W,5,N
613,536.13,570.14,5,W,5,N
614,538.02,570.44,5,W,5,N
615,544.18,570.74,5,W,5,N
616,544.21,571.04,5,W,5,N
617,548.59,571.34,5,W,5,N
618,550.88,571.64,5,W,5,N
619,564.24,571.94,5,W,5,N
702,502.29,579.94,5,E,5,N
703,554.78,580.24,5,E,5,N
704,576.28,582.42,5,E,5,N
705,578.11,584.24,5,E,5,N
512,432.33,599.70,3,E,5,W
513,433.57,600.00,3,E,5,W
514,434.94,600.30,3,E,5,W
515,445.80,600.60,3,E,5,W
485,497.46,600.90,3,W,5,W
107,342.61,601.20,1,S,5,W
110,345.20,601.50,1,S,5,W
122,357.72,601.80,1,S,5,W
431,417.95,602.10,2,W,5,W
432,432.67,602.40,2,W,5,W
458,492.84,602.70,2,E,5,W
141,511.01,602.70,1,S,1,W
128,368.03,603.00,1,S,5,W
142,552.02,603.00,1,S,1,W
131,372.10,603.30,1,S,5,W
132,407.77,603.60,1,S,5,W
134,409.03,603.90,1,S,5,W
293,518.73,603.90,1,W,2,W
135,409.62,604.20,1,S,5,W
272,390.26,604.50,1,W,5,W
273,408.75,604.80,1,W,5,W
277,422.99,605.10,1,W,5,W
278,423.33,605.40,1,W,5,W
279,432.95,605.70,1,W,5,W
282,458.47,606.00,1,W,5,W
378,414.35,606.30,1,E,5,W
383,468.94,606.60,1,E,5,W
384,475.58,606.90,1,E,5,W
459,522.43,613.07,2,E,3,W
150,597.58,617.60,1,S,1,E
429,403.73,618.40,2,W,5,E
430,408.75,618.70,2,W,5,E
271,369.31,621.40,1,W,5,E
109,343.84,621.84,1,S,5,N
111,346.46,622.14,1,S,5,N
112,346.80,622.44,1,S,5,N
113,348.78,622.74,1,S,5,N
115,351.74,623.04,1,S,5,N
116,352.08,623.34,1,S,5,N
117,353.28,623.64,1,S,5,N
119,355.61,623.94,1,S,5,N
121,357.55,624.24,1,S,5,N
457,451.32,625.14,2,E,5,N
517,555.57,625.30,3,E,5,E
433,472.15,625.44,2,W,5,N
434,483.06,625.74,2,W,5,N
125,363.61,626.04,1,S,5,N
127,366.27,626.34,1,S,5,N
129,368.75,626.64,1,S,5,N
130,370.28,626.94,1,S,5,N
270,367.70,627.24,1,W,5,N
274,410.32,627.84,1,W,5,N
161,613.97,628.11,1,S,1,E
275,411.60,628.14,1,W,5,N
276,412.18,628.44,1,W,5,N
280,434.78,628.74,1,W,5,N
281,448.95,629.04,1,W,5,N
379,433.94,629.34,1,E,5,N
162,615.23,629.37,1,S,1,E
381,463.87,629.64,1,E,5,N
382,467.55,629.94,1,E,5,N
385,494.48,630.24,1,E,5,N
386,496.26,630.54,1,E,5,N
516,505.02,630.84,3,E,5,N
487,556.58,631.14,3,W,5,N
165,618.38,632.51,1,S,1,E
284,485.53,637.27,1,W,3,E
391,567.84,643.87,1,E,3,E
153,602.02,644.32,1,S,2,E
174,633.81,647.94,1,S,1,E
178,638.34,652.47,1,S,1,E
620,574.35,665.84,5,W,5,N
621,578.20,666.14,5,W,5,N
622,585.60,666.44,5,W,5,N
623,586.62,666.74,5,W,5,N
624,620.95,667.04,5,W,5,N
625,631.30,667.34,5,W,5,N
626,633.18,667.64,5,W,5,N
627,634.27,667.94,5,W,5,N
628,641.75,668.24,5,W,5,N
629,643.40,668.54,5,W,5,N
630,644.57,668.84,5,W,5,N
631,666.61,672.75,5,W,5,N
706,631.11,679.84,5,E,5,N
707,638.11,680.14,5,E,5,N
708,689.30,695.43,5,E,5,N
486,552.34,699.60,3,W,5,W
518,557.13,699.90,3,E,5,W
147,591.19,700.10,1,S,3,W
136,441.43,700.20,1,S,5,W
140,478.53,700.50,1,S,5,W
291,515.70,700.80,1,W,5,W
294,544.34,701.10,1,W,5,W
299,552.60,701.40,1,W,5,W
389,548.28,701.70,1,E,5,W
392,572.53,702.00,1,E,5,W
393,573.49,702.30,1,E,5,W
395,576.25,702.60,1,E,5,W
152,600.77,703.10,1,S,1,W
156,605.30,703.40,1,S,1,W
158,610.48,703.70,1,S,1,W
160,612.69,704.00,1,S,1,W
168,626.17,704.30,1,S,1,W
182,688.77,704.60,1,S,1,W
177,637.08,704.90,1,S,2,W
397,588.30,706.12,1,E,5,W
298,552.52,721.00,1,W,5,E
137,474.67,721.74,1,S,5,N
138,475.58,722.04,1,S,5,N
139,477.52,722.34,1,S,5,N
435,560.02,722.64,2,W,5,N
460,556.72,722.94,2,E,5,N
461,586.65,723.24,2,E,5,N
436,598.58,723.54,2,W,5,N
283,468.08,723.84,1,W,5,N
285,487.11,724.14,1,W,5,N
286,497.02,724.44,1,W,5,N
287,498.68,724.74,1,W,5,N
288,500.64,725.04,1,W,5,N
289,502.31,725.34,1,W,5,N
290,512.17,725.64,1,W,5,N
292,516.95,725.94,1,W,5,N
295,546.15,726.24,1,W,5,N
296,547.34,726.54,1,W,5,N
297,548.62,726.84,1,W,5,N
300,556.08,727.44,1,W,5,N
301,565.77,727.74,1,W,5,N
387,506.43,728.04,1,E,5,N
388,508.43,728.34,1,E,5,N
390,565.70,728.64,1,E,5,N
394,576.21,728.94,1,E,5,N
396,586.86,729.24,1,E,5,N
398,591.02,729.54,1,E,5,N
519,608.67,730.07,3,E,5,N
489,613.97,730.37,3,W,5,N
520,652.92,730.37,3,E,5,N
157,606.32,737.07,1,S,3,W
173,632.89,740.07,1,S,3,W
183,690.00,742.92,1,S,2,W
316,650.13,745.47,1,W,3,W
490,686.39,748.16,3,W,5,N
491,686.96,748.73,3,W,5,N
632,676.80,765.74,5,W,5,N
633,687.71,766.04,5,W,5,N
634,688.04,766.34,5,W,5,N
635,690.25,766.64,5,W,5,N
636,692.65,766.94,5,W,5,N
637,695.15,767.24,5,W,5,N
638,696.58,767.54,5,W,5,N
639,698.44,767.84,5,W,5,N
640,700.01,768.14,5,W,5,N
641,701.60,768.44,5,W,5,N
642,703.70,768.74,5,W,5,N
643,704.95,769.04,5,W,5,N
644,730.02,769.34,5,W,5,N
645,731.12,769.64,5,W,5,N
646,733.65,769.94,5,W,5,N
647,734.33,770.24,5,W,5,N
648,734.70,770.54,5,W,5,N
649,735.28,770.84,5,W,5,N
650,736.32,771.14,5,W,5,N
651,739.08,771.44,5,W,5,N
652,749.96,771.74,5,W,5,N
653,752.01,772.04,5,W,5,N
654,752.93,772.34,5,W,5,N
655,753.74,772.64,5,W,5,N
656,755.06,772.94,5,W,5,N
657,771.25,777.39,5,W,5,N
658,772.52,778.66,5,W,5,N
709,704.90,779.74,5,E,5,N
710,757.24,780.04,5,E,5,N
711,761.52,780.34,5,E,5,N
712,785.01,791.15,5,E,5,N
488,613.59,799.50,3,W,5,W
184,690.07,799.60,1,S,3,W
521,696.04,799.80,3,E,5,W
185,690.71,799.90,1,S,3,W
143,553.51,800.10,1,S,5,W
145,588.65,800.40,1,S,5,W
146,589.60,800.70,1,S,5,W
149,595.90,801.00,1,S,5,W
155,604.82,801.30,1,S,5,W
437,611.72,801.60,2,W,5,W
166,619.56,801.90,1,S,5,W
170,629.05,802.20,1,S,5,W
172,632.71,802.50,1,S,5,W
303,571.05,802.80,1,W,5,W
304,581.68,803.10,1,W,5,W
305,585.54,803.40,1,W,5,W
188,700.72,803.50,1,S,1,W
306,593.65,803.70,1,W,5,W
189,702.93,803.80,1,S,1,W
307,599.95,804.00,1,W,5,W
191,706.18,804.10,1,S,1,W
310,628.07,804.30,1,W,5,W
195,709.36,804.40,1,S,1,W
313,638.26,804.60,1,W,5,W
326,689.18,804.70,1,W,2,W
198,712.42,804.70,1,S,1,W
315,648.99,804.90,1,W,5,W
199,712.70,805.00,1,S,1,W
318,652.74,805.20,1,W,5,W
202,720.16,805.30,1,S,1,W
319,653.88,805.50,1,W,5,W
329,729.59,805.60,1,W,2,W
205,756.38,805.60,1,S,1,W
321,661.34,805.80,1,W,5,W
399,615.20,806.10,1,E,5,W
208,795.30,809.43,1,S,1,W
209,797.03,811.17,1,S,1,W
154,602.67,816.40,1,S,5,E
171,630.95,818.80,1,S,5,E
144,557.04,821.64,1,S,5,N
148,593.16,821.94,1,S,5,N
151,598.40,822.24,1,S,5,N
402,680.22,822.70,1,E,5,E
462,627.11,822.84,2,E,5,N
403,684.06,823.00,1,E,5,E
463,662.20,823.14,2,E,5,N
159,611.27,823.44,1,S,5,N
163,616.47,823.74,1,S,5,N
164,616.84,824.04,1,S,5,N
167,624.66,824.34,1,S,5,N
169,627.91,824.64,1,S,5,N
175,634.39,825.24,1,S,5,N
176,636.38,825.54,1,S,5,N
302,567.20,825.84,1,W,5,N
308,601.72,826.14,1,W,5,N
309,602.74,826.44,1,W,5,N
311,630.03,826.74,1,W,5,N
312,637.01,827.04,1,W,5,N
314,647.91,827.34,1,W,5,N
317,651.04,827.64,1,W,5,N
320,655.30,827.94,1,W,5,N
400,617.73,828.24,1,E,5,N
401,619.76,828.54,1,E,5,N
523,773.79,829.42,3,E,5,E
404,684.52,829.44,1,E,5,N
492,741.25,829.87,3,W,5,N
522,714.43,829.87,3,E,5,N
524,775.24,837.01,3,E,5,N
197,712.08,838.37,1,S,3,W
525,777.24,839.01,3,E,5,N
325,687.80,840.47,1,W,3,W
328,717.95,841.37,1,W,3,E
408,799.58,861.76,1,E,3,W
659,779.36,865.64,5,W,5,N
660,780.80,865.94,5,W,5,N
661,793.94,866.24,5,W,5,N
662,801.92,866.54,5,W,5,N
663,803.90,866.84,5,W,5,N
664,805.05,867.14,5,W,5,N
665,807.00,867.44,5,W,5,N
666,808.06,867.74,5,W,5,N
667,809.17,868.04,5,W,5,N
668,811.00,868.34,5,W,5,N
669,813.39,868.64,5,W,5,N
670,838.80,868.94,5,W,5,N
671,839.58,869.24,5,W,5,N
672,847.16,869.54,5,W,5,N
673,848.84,869.84,5,W,5,N
674,849.08,870.14,5,W,5,N
675,858.03,870.44,5,W,5,N
676,859.21,870.74,5,W,5,N
677,859.53,871.04,5,W,5,N
678,864.51,871.34,5,W,5,N
713,828.05,879.64,5,E,5,N
714,879.36,885.50,5,E,5,N
715,880.96,887.10,5,E,5,N
716,881.76,887.90,5,E,5,N
179,641.19,899.40,1,S,5,W
180,643.01,899.70,1,S,5,W
190,703.95,900.00,1,S,5,W
439,732.55,900.30,2,W,5,W
465,745.30,900.60,2,E,5,W
193,708.01,900.90,1,S,5,W
196,709.58,901.20,1,S,5,W
203,727.27,901.50,1,S,5,W
331,750.51,901.80,1,W,5,W
333,757.97,902.10,1,W,5,W
334,761.43,902.40,1,W,5,W
406,767.93,902.70,1,E,5,W
342,813.21,903.90,1,W,2,W
214,864.80,903.90,1,S,1,W
216,867.48,904.20,1,S,1,W
218,876.29,904.50,1,S,1,W
323,674.23,919.00,1,W,5,E
181,687.73,921.54,1,S,5,N
186,691.50,921.84,1,S,5,N
187,695.02,922.14,1,S,5,N
464,702.12,922.44,2,E,5,N
438,700.91,922.74,2,W,5,N
440,746.61,923.04,2,W,5,N
466,789.27,923.34,2,E,5,N
192,707.71,923.64,1,S,5,N
194,708.32,923.94,1,S,5,N
528,866.45,924.13,3,E,5,E
200,714.13,924.24,1,S,5,N
201,716.07,924.54,1,S,5,N
322,672.40,924.84,1,W,5,N
324,675.64,925.44,1,W,5,N
327,692.61,925.74,1,W,5,N
330,731.07,926.04,1,W,5,N
332,757.52,926.34,1,W,5,N
335,762.10,926.64,1,W,5,N
405,705.06,926.94,1,E,5,N
407,771.31,927.24,1,E,5,N
493,804.41,929.67,3,W,5,N
527,831.81,929.97,3,E,5,N
495,834.92,930.27,3,W,5,N
213,830.33,937.87,1,S,3,W
496,891.17,946.81,3,W,5,E
679,899.66,965.54,5,W,5,N
526,830.68,999.30,3,E,5,W
494,821.69,999.60,3,W,5,W
529,876.35,999.90,3,E,5,W
530,877.67,1000.20,3,E,5,W
210,797.96,1000.50,1,S,5,W
441,843.92,1000.80,2,W,5,W
467,827.37,1001.10,2,E,5,W
468,844.43,1001.40,2,E,5,W
443,881.61,1001.70,2,W,5,W
469,891.77,1002.00,2,E,5,W
336,770.52,1002.30,1,W,5,W
338,787.26,1002.60,1,W,5,W
339,788.48,1002.90,1,W,5,W
341,811.64,1003.20,1,W,5,W
347,863.45,1003.50,1,W,5,W
409,819.13,1003.80,1,E,5,W
410,819.69,1004.10,1,E,5,W
411,825.53,1004.40,1,E,5,W
412,835.30,1004.70,1,E,5,W
413,853.10,1005.00,1,E,5,W
415,871.32,1005.30,1,E,5,W
204,754.91,1021.44,1,S,5,N
206,757.38,1021.74,1,S,5,N
207,791.96,1022.04,1,S,5,N
442,869.46,1022.34,2,W,5,N
444,894.31,1022.64,2,W,5,N
445,899.03,1022.94,2,W,5,N
211,827.09,1023.24,1,S,5,N
212,828.94,1023.54,1,S,5,N
337,785.86,1023.84,1,W,5,N
340,810.52,1024.14,1,W,5,N
343,827.43,1024.44,1,W,5,N
344,846.92,1024.74,1,W,5,N
345,860.76,1025.04,1,W,5,N
346,862.31,1025.34,1,W,5,N
414,869.61,1025.64,1,E,5,N
416,874.48,1025.94,1,E,5,N
417,891.26,1026.24,1,E,5,N
349,882.55,1099.20,1,W,5,W
215,866.01,1121.34,1,S,5,N
217,869.06,1121.64,1,S,5,N
348,881.99,1121.94,1,W,5,N
350,883.59,1122.24,1,W,5,N
351,886.79,1122.54,1,W,5,N