id,enter_time,exit_time,entrance_intersection,entrance_direction,exit_intersection,exit_direction
531,7.31,66.44,5,W,5,N
532,9.66,66.74,5,W,5,N
533,10.63,67.04,5,W,5,N
534,11.98,67.34,5,W,5,N
535,14.61,67.64,5,W,5,N
536,15.83,67.94,5,W,5,N
537,28.40,68.24,5,W,5,N
538,62.19,68.33,5,W,5,N
539,64.12,70.26,5,W,5,N
540,72.61,78.75,5,W,5,N
675,1.32,80.44,5,E,5,N
676,6.57,80.74,5,E,5,N
677,74.63,80.76,5,E,5,N
678,80.22,86.36,5,E,5,N
679,82.00,88.14,5,E,5,N
0,2.66,100.70,1,S,1,W
4,9.43,101.00,1,S,1,W
5,11.00,101.30,1,S,2,W
6,12.55,101.30,1,S,1,W
9,46.41,101.60,1,S,1,W
13,51.17,101.90,1,S,1,W
19,59.74,102.20,1,S,1,W
26,63.64,102.50,1,S,1,W
336,25.65,105.50,1,E,2,W
338,50.85,106.10,1,E,2,E
7,44.86,113.50,1,S,1,E
16,54.71,115.60,1,S,1,E
480,46.49,125.43,3,E,5,E
479,8.01,131.27,3,E,5,N
456,55.67,131.27,3,W,5,N
224,49.23,138.57,1,W,3,E
226,52.12,139.17,1,W,3,W
8,45.20,139.92,1,S,2,W
12,50.54,140.82,1,S,2,W
541,92.15,166.34,5,W,5,N
542,92.70,166.64,5,W,5,N
543,93.12,166.94,5,W,5,N
544,93.92,167.24,5,W,5,N
545,94.53,167.54,5,W,5,N
546,95.84,167.84,5,W,5,N
547,104.38,168.14,5,W,5,N
548,112.75,168.44,5,W,5,N
549,120.06,168.74,5,W,5,N
550,123.00,169.04,5,W,5,N
551,123.56,169.34,5,W,5,N
552,126.47,169.64,5,W,5,N
553,127.94,169.94,5,W,5,N
554,138.70,170.24,5,W,5,N
555,155.70,170.54,5,W,5,N
556,164.18,170.84,5,W,5,N
557,165.20,171.34,5,W,5,N
558,167.06,173.19,5,W,5,N
559,168.59,174.73,5,W,5,N
680,103.35,180.34,5,E,5,N
681,154.75,180.64,5,E,5,N
682,160.90,180.94,5,E,5,N
683,161.00,181.24,5,E,5,N
431,49.21,200.10,2,E,5,W
402,66.57,200.40,2,W,5,W
29,66.57,200.50,1,S,2,E
1,4.56,200.70,1,S,5,W
3,7.74,201.00,1,S,5,W
39,114.23,201.10,1,S,1,W
222,15.40,201.30,1,W,5,W
44,118.15,201.40,1,S,1,W
225,51.06,201.60,1,W,5,W
46,151.80,201.70,1,S,1,W
20,60.05,201.70,1,S,3,E
229,55.33,201.90,1,W,5,W
21,61.51,202.00,1,S,3,W
230,58.50,202.20,1,W,5,W
231,59.97,202.50,1,W,5,W
335,23.05,202.80,1,E,5,W
24,63.45,202.90,1,S,3,W
337,48.94,203.10,1,E,5,W
340,70.14,203.40,1,E,5,W
28,66.29,203.80,1,S,3,W
403,105.49,212.67,2,W,3,W
404,115.96,212.97,2,W,3,W
228,53.49,217.90,1,W,5,E
401,29.07,222.24,2,W,5,N
432,62.54,222.54,2,E,5,N
2,6.24,222.84,1,S,5,N
221,14.47,223.14,1,W,5,N
223,34.70,223.44,1,W,5,N
53,209.33,223.47,1,S,1,E
227,52.20,223.74,1,W,5,N
54,210.06,224.19,1,S,1,E
334,19.36,224.34,1,E,5,N
339,52.51,224.64,1,E,5,N
55,210.73,224.86,1,S,1,E
341,73.75,224.94,1,E,5,N
59,215.07,229.21,1,S,1,E
481,102.99,231.07,3,E,5,N
457,122.81,231.07,3,W,5,N
484,171.05,232.82,3,E,5,N
48,196.77,240.62,1,S,2,W
458,179.28,241.05,3,W,5,N
52,201.44,241.69,1,S,2,W
243,140.41,244.07,1,W,3,W
486,187.35,249.12,3,E,5,N
349,190.28,252.47,1,E,3,W
487,193.48,255.25,3,E,5,N
488,194.49,256.26,3,E,5,N
560,182.62,266.24,5,W,5,N
561,192.72,266.54,5,W,5,N
562,194.36,266.84,5,W,5,N
563,196.94,267.14,5,W,5,N
564,198.09,267.44,5,W,5,N
565,199.90,267.74,5,W,5,N
566,201.13,268.04,5,W,5,N
567,201.59,268.34,5,W,5,N
568,203.00,268.64,5,W,5,N
569,208.74,268.94,5,W,5,N
570,221.85,269.24,5,W,5,N
571,222.88,269.54,5,W,5,N
572,235.09,269.84,5,W,5,N
573,237.34,270.14,5,W,5,N
574,238.58,270.44,5,W,5,N
575,245.77,270.74,5,W,5,N
576,257.82,271.04,5,W,5,N
577,257.95,271.34,5,W,5,N
684,202.37,280.24,5,E,5,N
685,253.29,280.54,5,E,5,N
686,268.91,280.84,5,E,5,N
47,153.46,300.00,1,S,3,W
342,100.36,300.00,1,E,5,W
482,138.97,300.30,3,E,5,W
483,140.74,300.60,3,E,5,W
687,294.61,300.75,5,E,5,N
485,185.87,300.90,3,E,5,W
11,49.38,301.20,1,S,5,W
56,210.89,301.50,1,S,1,W
14,51.68,301.50,1,S,5,W
250,204.52,301.80,1,W,2,W
64,250.30,301.80,1,S,1,W
15,51.99,301.80,1,S,5,W
17,55.24,302.10,1,S,5,W
27,64.40,302.40,1,S,5,W
433,100.47,302.70,2,E,5,W
434,143.42,303.00,2,E,5,W
32,107.25,303.30,1,S,5,W
34,110.39,303.60,1,S,5,W
35,110.63,303.90,1,S,5,W
36,112.48,304.20,1,S,5,W
38,113.38,304.50,1,S,5,W
40,115.26,304.80,1,S,5,W
235,91.31,305.10,1,W,5,W
238,115.23,305.40,1,W,5,W
239,132.10,305.70,1,W,5,W
241,135.90,306.00,1,W,5,W
246,145.04,306.30,1,W,5,W
344,123.60,306.60,1,E,5,W
345,125.82,306.90,1,E,5,W
347,146.18,307.20,1,E,5,W
437,277.85,313.92,2,E,3,E
10,47.64,316.00,1,S,5,E
18,55.98,316.30,1,S,5,E
407,171.50,318.10,2,W,5,E
80,300.56,320.00,1,S,1,E
234,76.03,321.70,1,W,5,E
22,61.62,322.74,1,S,5,N
23,62.86,323.04,1,S,5,N
244,142.04,323.20,1,W,5,E
25,63.51,323.34,1,S,5,N
405,129.85,323.64,2,W,5,N
406,162.08,323.94,2,W,5,N
435,188.72,324.54,2,E,5,N
408,199.70,324.84,2,W,5,N
30,103.34,325.14,1,S,5,N
31,105.39,325.44,1,S,5,N
33,108.27,325.74,1,S,5,N
37,112.58,326.04,1,S,5,N
41,115.31,326.34,1,S,5,N
42,115.88,326.64,1,S,5,N
43,116.87,326.94,1,S,5,N
232,70.58,327.24,1,W,5,N
233,72.38,327.54,1,W,5,N
236,113.67,328.14,1,W,5,N
237,113.74,328.44,1,W,5,N
240,132.57,328.74,1,W,5,N
242,136.98,329.04,1,W,5,N
245,143.42,329.64,1,W,5,N
247,152.08,329.94,1,W,5,N
343,112.58,330.24,1,E,5,N
346,126.95,330.54,1,E,5,N
348,181.05,330.84,1,E,5,N
350,191.79,331.14,1,E,5,N
459,251.10,331.44,3,W,5,N
490,207.69,331.74,3,E,5,N
491,209.56,332.04,3,E,5,N
492,211.44,332.34,3,E,5,N
493,218.22,332.64,3,E,5,N
494,232.34,332.94,3,E,5,N
496,248.17,332.97,3,E,5,N
61,247.76,340.72,1,S,2,W
66,250.87,341.92,1,S,2,W
497,294.43,356.20,3,E,5,N
578,290.83,366.14,5,W,5,N
579,292.24,366.44,5,W,5,N
580,294.02,366.74,5,W,5,N
581,295.83,367.04,5,W,5,N
582,306.42,367.34,5,W,5,N
583,306.97,367.64,5,W,5,N
584,341.75,367.94,5,W,5,N
585,344.23,368.24,5,W,5,N
586,345.58,368.54,5,W,5,N
587,346.88,368.84,5,W,5,N
588,347.57,369.14,5,W,5,N
688,336.67,380.14,5,E,5,N
689,391.13,397.27,5,E,5,N
489,205.76,399.90,3,E,5,W
460,254.26,400.20,3,W,5,W
65,250.62,400.40,1,S,3,W
495,233.53,400.50,3,E,5,W
45,151.61,400.80,1,S,5,W
49,197.32,401.10,1,S,5,W
409,200.85,401.40,2,W,5,W
251,222.54,401.70,1,W,5,W
83,305.44,401.90,1,S,1,W
353,244.87,402.00,1,E,5,W
95,352.33,402.20,1,S,1,W
354,254.20,402.30,1,E,5,W
99,357.53,402.50,1,S,1,W
100,358.65,402.80,1,S,1,W
107,377.63,403.10,1,S,1,W
108,377.65,403.40,1,S,1,W
262,320.03,404.30,1,W,2,E
50,198.29,422.04,1,S,5,N
51,200.98,422.34,1,S,5,N
436,233.23,422.64,2,E,5,N
410,293.79,422.94,2,W,5,N
57,212.38,423.24,1,S,5,N
58,213.36,423.54,1,S,5,N
248,177.33,423.84,1,W,5,N
249,202.66,424.14,1,W,5,N
252,245.88,424.44,1,W,5,N
253,259.46,424.74,1,W,5,N
254,260.49,425.04,1,W,5,N
351,210.83,425.34,1,E,5,N
352,243.42,425.64,1,E,5,N
461,329.23,430.67,3,W,5,N
498,302.21,430.67,3,E,5,N
503,355.34,432.17,3,E,5,N
265,356.97,441.27,1,W,3,E
86,341.87,441.42,1,S,2,W
87,342.41,441.72,1,S,2,W
464,380.05,441.82,3,W,5,N
96,354.12,444.12,1,S,2,W
101,358.95,445.02,1,S,2,W
589,381.81,466.04,5,W,5,N
590,382.99,466.34,5,W,5,N
591,383.14,466.64,5,W,5,N
592,384.50,466.94,5,W,5,N
593,385.68,467.24,5,W,5,N
594,392.59,467.54,5,W,5,N
595,393.39,467.84,5,W,5,N
596,395.52,468.14,5,W,5,N
597,436.83,468.44,5,W,5,N
598,437.28,468.74,5,W,5,N
599,441.73,469.04,5,W,5,N
600,444.04,469.34,5,W,5,N
601,453.44,469.64,5,W,5,N
602,456.44,469.94,5,W,5,N
603,458.37,470.24,5,W,5,N
604,466.18,472.31,5,W,5,N
605,469.47,475.60,5,W,5,N
690,411.82,480.04,5,E,5,N
691,416.43,480.34,5,E,5,N
692,433.61,480.64,5,E,5,N
693,483.70,489.84,5,E,5,N
462,347.07,499.80,3,W,5,W
499,343.87,500.10,3,E,5,W
463,354.94,500.40,3,W,5,W
500,345.59,500.70,3,E,5,W
501,346.88,501.00,3,E,5,W
502,354.31,501.30,3,E,5,W
504,356.54,501.60,3,E,5,W
68,282.54,501.90,1,S,5,W
69,283.05,502.20,1,S,5,W
114,417.61,502.30,1,S,1,W
72,291.68,502.50,1,S,5,W
117,418.83,502.60,1,S,1,W
76,296.02,502.80,1,S,5,W
122,464.19,502.90,1,S,1,W
438,300.59,503.10,2,E,5,W
440,361.47,503.40,2,E,5,W
441,398.67,503.70,2,E,5,W
77,297.40,504.00,1,S,5,W
79,300.03,504.30,1,S,5,W
255,282.35,504.60,1,W,5,W
119,421.21,504.70,1,S,2,W
256,306.51,504.90,1,W,5,W
355,317.59,505.20,1,E,5,W
356,318.18,505.50,1,E,5,W
357,322.68,505.80,1,E,5,W
358,362.10,506.10,1,E,5,W
272,416.43,507.40,1,W,2,W
74,294.98,517.90,1,S,5,E
123,504.11,518.25,1,S,1,E
439,345.22,518.80,2,E,5,E
414,374.38,519.70,2,W,5,E
60,246.07,521.94,1,S,5,N
62,249.03,522.24,1,S,5,N
261,319.85,522.40,1,W,5,E
63,249.16,522.54,1,S,5,N
67,251.30,522.84,1,S,5,N
264,340.80,523.00,1,W,5,E
70,290.39,523.14,1,S,5,N
71,291.31,523.44,1,S,5,N
73,292.09,523.74,1,S,5,N
75,295.89,524.34,1,S,5,N
411,305.48,524.64,2,W,5,N
412,330.20,525.24,2,W,5,N
413,360.54,525.54,2,W,5,N
415,384.43,526.14,2,W,5,N
78,298.40,526.44,1,S,5,N
81,301.94,526.74,1,S,5,N
82,303.50,527.04,1,S,5,N
257,307.46,527.34,1,W,5,N
258,309.09,527.64,1,W,5,N
259,317.71,527.94,1,W,5,N
260,318.02,528.24,1,W,5,N
263,321.30,528.84,1,W,5,N
359,371.04,529.44,1,E,5,N
360,372.23,529.74,1,E,5,N
361,373.03,530.04,1,E,5,N
362,381.34,530.34,1,E,5,N
363,396.10,530.64,1,E,5,N
505,400.49,530.94,3,E,5,N
506,401.68,531.24,3,E,5,N
507,458.05,531.54,3,E,5,N
509,461.29,531.67,3,E,5,N
510,466.62,531.97,3,E,5,N
467,484.02,545.79,3,W,5,N
606,473.63,565.94,5,W,5,N
607,474.76,566.24,5,W,5,N
608,477.96,566.54,5,W,5,N
609,480.45,566.84,5,W,5,N
610,481.91,567.14,5,W,5,N
611,489.69,567.44,5,W,5,N
612,491.06,567.74,5,W,5,N
613,492.79,568.04,5,W,5,N
614,494.20,568.34,5,W,5,N
615,505.03,568.64,5,W,5,N
616,520.63,568.94,5,W,5,N
617,522.76,569.24,5,W,5,N
618,523.71,569.54,5,W,5,N
619,536.75,569.84,5,W,5,N
620,538.18,570.14,5,W,5,N
621,539.67,570.44,5,W,5,N
622,549.76,570.74,5,W,5,N
623,550.89,571.04,5,W,5,N
624,551.95,571.34,5,W,5,N
625,565.56,571.70,5,W,5,N
626,566.72,572.85,5,W,5,N
627,567.10,573.24,5,W,5,N
628,567.79,573.93,5,W,5,N
629,570.40,576.53,5,W,5,N
694,505.59,579.94,5,E,5,N
695,506.59,580.24,5,E,5,N
696,533.22,580.54,5,E,5,N
697,556.39,580.84,5,E,5,N
465,430.61,599.70,3,W,5,W
466,454.88,600.00,3,W,5,W
508,459.93,600.30,3,E,5,W
88,344.41,600.60,1,S,5,W
92,347.85,600.90,1,S,5,W
93,348.88,601.20,1,S,5,W
98,355.88,601.50,1,S,5,W
109,413.42,601.80,1,S,5,W
113,416.62,602.10,1,S,5,W
116,417.99,602.40,1,S,5,W
270,406.72,602.70,1,W,5,W
153,578.48,602.70,1,S,1,W
273,418.17,603.00,1,W,5,W
275,422.89,603.30,1,W,5,W
364,402.80,603.60,1,E,5,W
698,598.17,604.30,5,E,5,N
291,545.90,604.50,1,W,2,W
142,557.47,620.60,1,S,1,E
112,415.38,621.10,1,S,5,E
84,340.25,621.84,1,S,5,N
85,341.46,622.14,1,S,5,N
89,345.56,622.44,1,S,5,N
90,346.71,622.74,1,S,5,N
91,347.21,623.04,1,S,5,N
94,350.37,623.34,1,S,5,N
97,354.94,623.64,1,S,5,N
442,441.25,623.94,2,E,5,N
416,420.16,624.24,2,W,5,N
443,479.30,624.54,2,E,5,N
444,496.34,624.84,2,E,5,N
102,363.09,625.14,1,S,5,N
103,364.50,625.44,1,S,5,N
104,370.21,625.74,1,S,5,N
105,374.39,626.04,1,S,5,N
106,375.89,626.34,1,S,5,N
110,414.89,626.64,1,S,5,N
111,415.24,626.94,1,S,5,N
115,417.70,627.54,1,S,5,N
118,419.57,627.84,1,S,5,N
120,421.31,628.14,1,S,5,N
121,421.50,628.44,1,S,5,N
266,370.14,628.74,1,W,5,N
267,386.92,629.04,1,W,5,N
268,395.08,629.34,1,W,5,N
269,404.78,629.64,1,W,5,N
271,415.12,629.94,1,W,5,N
274,421.16,630.24,1,W,5,N
276,424.40,630.54,1,W,5,N
277,442.50,630.84,1,W,5,N
278,448.69,631.14,1,W,5,N
279,450.68,631.44,1,W,5,N
365,405.78,631.74,1,E,5,N
366,437.51,632.04,1,E,5,N
367,443.51,632.34,1,E,5,N
511,500.57,632.64,3,E,5,N
468,556.66,632.94,3,W,5,N
513,574.06,635.83,3,E,5,N
168,624.30,638.43,1,S,1,E
284,514.19,638.47,1,W,3,W
171,626.58,640.72,1,S,1,E
127,543.91,642.22,1,S,2,W
172,628.80,642.94,1,S,1,E
369,510.65,642.97,1,E,3,W
514,583.97,645.74,3,E,5,N
630,579.01,665.84,5,W,5,N
631,580.78,666.14,5,W,5,N
632,582.07,666.44,5,W,5,N
633,590.86,666.74,5,W,5,N
634,591.04,667.04,5,W,5,N
635,632.26,667.34,5,W,5,N
636,634.04,667.64,5,W,5,N
637,644.39,667.94,5,W,5,N
638,645.41,668.24,5,W,5,N
639,646.67,668.54,5,W,5,N
640,649.92,668.84,5,W,5,N
641,666.22,672.35,5,W,5,N
699,624.16,679.84,5,E,5,N
700,693.41,699.55,5,E,5,N
469,564.69,699.60,3,W,5,W
512,532.60,699.90,3,E,5,W
446,564.86,700.20,2,E,5,W
286,520.55,700.50,1,W,5,W
289,528.29,700.80,1,W,5,W
290,545.28,701.10,1,W,5,W
293,557.12,701.40,1,W,5,W
368,509.90,701.70,1,E,5,W
374,580.86,702.00,1,E,5,W
173,629.09,703.10,1,S,1,W
174,630.09,703.40,1,S,1,W
183,674.65,703.70,1,S,1,W
188,683.18,704.00,1,S,1,W
192,688.01,704.30,1,S,1,W
701,698.50,704.64,5,E,5,N
298,585.65,710.60,1,W,2,W
304,659.58,712.40,1,W,2,W
424,651.68,713.77,2,W,3,E
445,531.42,715.60,2,E,5,E
417,507.06,715.90,2,W,5,E
181,670.29,717.10,1,S,1,E
124,535.21,717.70,1,S,5,E
187,681.84,718.60,1,S,1,E
287,521.01,719.50,1,W,5,E
194,689.18,720.10,1,S,1,E
372,573.06,722.20,1,E,5,E
418,537.85,722.34,2,W,5,N
419,562.01,722.64,2,W,5,N
420,582.38,722.94,2,W,5,N
447,593.81,723.24,2,E,5,N
421,596.45,723.54,2,W,5,N
280,469.75,724.14,1,W,5,N
281,477.50,724.44,1,W,5,N
282,496.71,724.74,1,W,5,N
283,497.81,725.04,1,W,5,N
285,519.44,725.34,1,W,5,N
288,522.93,725.94,1,W,5,N
292,555.84,726.24,1,W,5,N
294,558.97,726.54,1,W,5,N
295,559.00,726.84,1,W,5,N
296,562.07,727.14,1,W,5,N
297,563.56,727.44,1,W,5,N
370,512.02,727.74,1,E,5,N
371,521.04,728.04,1,E,5,N
373,577.00,728.64,1,E,5,N
470,621.61,730.07,3,W,5,N
471,623.27,730.37,3,W,5,N
178,666.77,742.32,1,S,2,W
189,684.39,745.02,1,S,2,W
516,695.97,757.74,3,E,5,N
642,676.51,765.74,5,W,5,N
643,678.23,766.04,5,W,5,N
644,688.43,766.34,5,W,5,N
645,690.44,766.64,5,W,5,N
646,691.84,766.94,5,W,5,N
647,692.61,767.24,5,W,5,N
648,700.16,767.54,5,W,5,N
649,714.68,767.84,5,W,5,N
650,724.42,768.14,5,W,5,N
651,726.11,768.44,5,W,5,N
652,741.06,768.74,5,W,5,N
702,699.37,779.74,5,E,5,N
703,741.81,780.04,5,E,5,N
704,757.29,780.34,5,E,5,N
705,762.96,780.64,5,E,5,N
515,642.16,799.50,3,E,5,W
472,677.96,799.80,3,W,5,W
128,544.91,800.10,1,S,5,W
129,545.37,800.40,1,S,5,W
132,548.43,800.70,1,S,5,W
134,550.21,801.00,1,S,5,W
145,561.16,801.30,1,S,5,W
146,562.25,801.60,1,S,5,W
151,575.43,801.90,1,S,5,W
196,722.97,802.00,1,S,2,W
156,611.68,802.20,1,S,5,W
158,612.99,802.50,1,S,5,W
160,614.29,802.80,1,S,5,W
163,619.42,803.10,1,S,5,W
167,623.29,803.40,1,S,5,W
170,624.81,803.70,1,S,5,W
205,789.81,803.95,1,S,1,W
176,633.10,804.00,1,S,5,W
308,674.69,804.10,1,W,2,W
300,601.49,804.30,1,W,5,W
301,620.53,804.60,1,W,5,W
303,656.78,804.90,1,W,5,W
376,639.50,805.20,1,E,5,W
315,750.17,806.20,1,W,2,W
381,658.41,806.21,1,E,5,W
382,661.12,806.51,1,E,5,W
209,795.12,809.25,1,S,1,W
125,541.14,821.64,1,S,5,N
126,542.41,821.94,1,S,5,N
130,546.67,822.24,1,S,5,N
131,547.86,822.54,1,S,5,N
155,579.88,822.70,1,S,5,E
133,549.20,822.84,1,S,5,N
135,550.54,823.14,1,S,5,N
136,551.10,823.44,1,S,5,N
137,551.39,823.74,1,S,5,N
448,641.58,824.04,2,E,5,N
422,616.74,824.34,2,W,5,N
449,666.92,824.64,2,E,5,N
423,638.57,824.94,2,W,5,N
138,552.85,825.24,1,S,5,N
175,631.25,825.40,1,S,5,E
139,554.51,825.54,1,S,5,N
140,555.51,825.84,1,S,5,N
141,557.30,826.14,1,S,5,N
143,559.34,826.44,1,S,5,N
377,641.87,826.60,1,E,5,E
144,559.83,826.74,1,S,5,N
147,563.15,827.04,1,S,5,N
148,564.64,827.34,1,S,5,N
149,569.65,827.64,1,S,5,N
518,718.99,827.80,3,E,5,E
150,575.03,827.94,1,S,5,N
152,576.78,828.24,1,S,5,N
154,579.43,828.54,1,S,5,N
157,611.98,829.14,1,S,5,N
159,613.17,829.44,1,S,5,N
161,616.38,829.74,1,S,5,N
162,618.41,830.04,1,S,5,N
164,621.41,830.34,1,S,5,N
165,621.43,830.64,1,S,5,N
166,622.48,830.94,1,S,5,N
169,624.75,831.24,1,S,5,N
299,600.38,831.84,1,W,5,N
302,637.23,832.14,1,W,5,N
375,634.73,832.44,1,E,5,N
378,643.83,833.04,1,E,5,N
379,654.34,833.34,1,E,5,N
380,656.54,833.64,1,E,5,N
474,748.53,834.24,3,W,5,N
519,731.50,834.54,3,E,5,N
520,781.37,843.14,3,E,5,N
204,789.05,843.62,1,S,2,W
213,838.80,852.94,1,S,1,E
521,793.35,855.12,3,E,5,N
653,786.61,865.64,5,W,5,N
654,788.28,865.94,5,W,5,N
655,807.00,866.24,5,W,5,N
656,809.86,866.54,5,W,5,N
657,810.47,866.84,5,W,5,N
658,819.60,867.14,5,W,5,N
659,822.81,867.44,5,W,5,N
660,823.02,867.74,5,W,5,N
661,825.84,868.04,5,W,5,N
662,826.96,868.34,5,W,5,N
663,828.52,868.64,5,W,5,N
664,843.18,868.94,5,W,5,N
665,845.54,869.24,5,W,5,N
666,846.36,869.54,5,W,5,N
667,847.53,869.84,5,W,5,N
668,850.33,870.14,5,W,5,N
669,850.94,870.44,5,W,5,N
706,809.51,879.64,5,E,5,N
707,824.07,879.94,5,E,5,N
708,864.80,880.24,5,E,5,N
709,865.75,880.54,5,E,5,N
383,693.91,899.40,1,E,5,W
206,791.48,899.70,1,S,3,E
473,745.27,899.70,3,W,5,W
517,703.99,900.00,3,E,5,W
185,679.10,900.30,1,S,5,W
450,709.32,900.60,2,E,5,W
197,730.74,900.90,1,S,5,W
310,703.89,901.20,1,W,5,W
327,853.13,904.80,1,W,2,W
397,873.81,907.50,1,E,2,W
427,774.19,918.40,2,W,5,E
195,690.82,919.90,1,S,5,E
177,666.28,921.54,1,S,5,N
179,668.03,921.84,1,S,5,N
180,668.69,922.14,1,S,5,N
182,670.76,922.44,1,S,5,N
184,675.56,922.74,1,S,5,N
186,680.36,923.04,1,S,5,N
190,686.14,923.34,1,S,5,N
425,748.67,923.64,2,W,5,N
451,757.16,923.94,2,E,5,N
426,769.37,924.24,2,W,5,N
428,786.45,924.84,2,W,5,N
452,786.80,925.14,2,E,5,N
191,686.80,925.44,1,S,5,N
193,688.35,925.74,1,S,5,N
198,732.77,926.34,1,S,5,N
524,855.58,926.50,3,E,5,E
199,732.82,926.64,1,S,5,N
305,668.82,926.94,1,W,5,N
306,669.96,927.24,1,W,5,N
307,673.16,927.54,1,W,5,N
309,684.34,927.84,1,W,5,N
311,720.35,928.14,1,W,5,N
312,728.25,928.44,1,W,5,N
313,749.00,928.74,1,W,5,N
314,750.05,929.04,1,W,5,N
384,710.89,929.34,1,E,5,N
385,754.78,929.64,1,E,5,N
386,759.18,929.94,1,E,5,N
387,778.13,930.24,1,E,5,N
388,793.45,930.54,1,E,5,N
389,797.45,930.84,1,E,5,N
390,799.24,931.14,1,E,5,N
475,814.06,931.44,3,W,5,N
523,847.84,931.74,3,E,5,N
476,819.36,932.04,3,W,5,N
477,842.95,932.34,3,W,5,N
525,856.87,932.94,3,E,5,N
526,871.83,933.60,3,E,5,N
319,774.28,938.47,1,W,3,E
527,878.45,940.22,3,E,5,N
328,863.05,941.17,1,W,3,W
396,871.73,943.27,1,E,3,E
670,877.18,965.54,5,W,5,N
671,879.54,965.84,5,W,5,N
672,881.41,966.14,5,W,5,N
673,882.67,966.44,5,W,5,N
674,883.38,966.74,5,W,5,N
522,804.30,999.30,3,E,5,W
478,861.56,999.60,3,W,5,W
528,880.21,999.90,3,E,5,W
529,881.75,1000.20,3,E,5,W
530,889.33,1000.50,3,E,5,W
200,774.33,1000.80,1,S,5,W
203,781.62,1001.10,1,S,5,W
207,792.37,1001.40,1,S,5,W
211,796.25,1001.70,1,S,5,W
454,852.39,1002.00,2,E,5,W
455,882.75,1002.30,2,E,5,W
214,839.83,1002.60,1,S,5,W
316,770.63,1002.90,1,W,5,W
317,771.52,1003.20,1,W,5,W
329,863.20,1003.50,1,W,5,W
391,816.75,1003.80,1,E,5,W
394,854.61,1004.10,1,E,5,W
399,888.14,1005.96,1,E,5,W
429,809.25,1016.80,2,W,5,E
453,811.63,1017.10,2,E,5,E
201,775.50,1021.44,1,S,5,N
202,775.71,1021.74,1,S,5,N
208,794.23,1022.04,1,S,5,N
210,795.21,1022.34,1,S,5,N
212,797.47,1022.64,1,S,5,N
430,846.22,1023.54,2,W,5,N
318,772.72,1023.84,1,W,5,N
320,776.63,1024.14,1,W,5,N
321,801.38,1024.44,1,W,5,N
322,824.34,1024.74,1,W,5,N
323,826.33,1025.04,1,W,5,N
324,835.86,1025.34,1,W,5,N
325,838.64,1025.64,1,W,5,N
326,839.25,1025.94,1,W,5,N
392,835.12,1026.24,1,E,5,N
393,837.71,1026.54,1,E,5,N
395,867.76,1026.84,1,E,5,N
398,884.24,1027.14,1,E,5,N
400,891.72,1027.44,1,E,5,N
215,866.25,1121.34,1,S,5,N
216,866.90,1121.64,1,S,5,N
217,869.22,1121.94,1,S,5,N
218,869.25,1122.24,1,S,5,N
219,871.21,1122.54,1,S,5,N
220,871.87,1122.84,1,S,5,N
330,877.70,1123.14,1,W,5,N
331,886.77,1123.44,1,W,5,N
332,890.63,1123.74,1,W,5,N
333,891.65,1124.04,1,W,5,N