id,enter_time,exit_time,entrance_intersection,entrance_direction,exit_intersection,exit_direction
9,14.19,28.33,1,S,1,E
13,18.62,32.75,1,S,1,E
494,10.30,66.44,5,W,5,N
495,11.54,66.74,5,W,5,N
496,15.22,67.04,5,W,5,N
497,44.40,67.34,5,W,5,N
498,45.64,67.64,5,W,5,N
499,47.56,67.94,5,W,5,N
500,49.37,68.24,5,W,5,N
501,51.12,68.54,5,W,5,N
502,52.53,68.84,5,W,5,N
617,2.37,80.44,5,E,5,N
618,48.21,80.74,5,E,5,N
619,53.24,81.04,5,E,5,N
1,1.86,100.70,1,S,1,W
2,4.17,101.00,1,S,1,W
7,12.31,101.30,1,S,2,W
4,8.34,101.30,1,S,1,W
15,20.54,101.60,1,S,1,W
316,49.59,108.20,1,E,2,W
18,57.97,113.50,1,S,1,E
426,2.05,131.27,3,W,5,N
449,57.60,131.27,3,E,5,N
428,74.45,136.22,3,W,5,N
5,10.06,136.77,1,S,3,E
14,19.48,138.87,1,S,3,W
199,26.37,142.17,1,W,3,W
503,96.55,166.34,5,W,5,N
504,111.28,166.64,5,W,5,N
505,113.18,166.94,5,W,5,N
506,114.98,167.24,5,W,5,N
507,130.86,167.54,5,W,5,N
508,138.33,167.84,5,W,5,N
509,138.92,168.14,5,W,5,N
510,142.58,168.44,5,W,5,N
511,143.18,168.74,5,W,5,N
512,152.52,169.04,5,W,5,N
513,154.74,169.34,5,W,5,N
514,155.62,169.64,5,W,5,N
515,162.89,169.94,5,W,5,N
620,105.00,180.34,5,E,5,N
621,158.28,180.64,5,E,5,N
622,176.06,182.20,5,E,5,N
450,66.72,200.10,3,E,5,W
427,13.69,200.40,3,W,5,W
378,86.48,200.70,2,W,5,W
3,5.80,201.00,1,S,5,W
29,112.03,201.10,1,S,1,W
16,24.45,201.30,1,S,5,W
30,112.03,201.40,1,S,1,W
17,24.84,201.60,1,S,5,W
31,113.82,201.70,1,S,1,W
195,12.27,201.90,1,W,5,W
32,144.71,202.00,1,S,1,W
196,15.90,202.20,1,W,5,W
40,153.96,202.30,1,S,1,W
201,60.13,202.50,1,W,5,W
42,155.15,202.60,1,S,1,W
202,63.67,202.80,1,W,5,W
43,155.20,202.90,1,S,1,W
313,1.63,203.10,1,E,5,W
45,158.43,203.20,1,S,1,W
207,88.19,203.20,1,W,2,W
314,3.65,203.40,1,E,5,W
49,163.70,203.50,1,S,1,W
209,108.48,203.80,1,W,2,E
218,148.68,206.50,1,W,2,W
403,117.91,212.67,2,E,3,E
36,149.05,214.80,1,S,1,E
10,14.45,218.50,1,S,5,E
200,45.80,221.20,1,W,5,E
0,0.55,222.24,1,S,5,N
401,47.09,222.54,2,E,5,N
375,13.53,222.84,2,W,5,N
376,40.47,223.14,2,W,5,N
377,73.66,223.44,2,W,5,N
402,91.27,223.74,2,E,5,N
6,11.86,224.04,1,S,5,N
327,198.13,224.25,1,E,2,E
8,12.91,224.34,1,S,5,N
11,16.30,224.94,1,S,5,N
12,18.05,225.24,1,S,5,N
191,0.23,225.54,1,W,5,N
192,1.32,225.84,1,W,5,N
193,10.90,226.14,1,W,5,N
194,12.07,226.44,1,W,5,N
328,200.57,226.69,1,E,2,W
197,16.85,226.74,1,W,5,N
198,25.95,227.04,1,W,5,N
315,22.61,227.64,1,E,5,N
317,55.88,227.94,1,E,5,N
319,97.38,228.24,1,E,5,N
320,97.76,228.54,1,E,5,N
453,147.99,231.67,3,E,5,N
454,159.53,231.97,3,E,5,N
455,161.05,232.27,3,E,5,N
456,162.55,232.57,3,E,5,N
457,172.88,234.65,3,E,5,N
28,110.75,237.77,1,S,3,W
44,155.52,242.42,1,S,2,E
430,182.18,243.95,3,W,5,N
431,183.10,244.87,3,W,5,N
56,234.83,248.97,1,S,1,E
516,183.74,266.24,5,W,5,N
517,186.40,266.54,5,W,5,N
518,188.37,266.84,5,W,5,N
519,190.14,267.14,5,W,5,N
520,204.52,267.44,5,W,5,N
521,221.14,267.74,5,W,5,N
522,222.87,268.04,5,W,5,N
523,238.17,268.34,5,W,5,N
524,245.96,268.64,5,W,5,N
525,250.61,268.94,5,W,5,N
526,251.88,269.24,5,W,5,N
527,253.88,269.54,5,W,5,N
528,272.36,278.49,5,W,5,N
623,221.12,280.24,5,E,5,N
624,227.11,280.54,5,E,5,N
625,231.86,280.84,5,E,5,N
626,232.91,281.14,5,E,5,N
627,235.48,281.44,5,E,5,N
628,240.64,281.74,5,E,5,N
629,245.89,282.04,5,E,5,N
630,246.87,282.34,5,E,5,N
631,260.61,282.64,5,E,5,N
318,94.60,300.00,1,E,5,W
429,131.41,300.30,3,W,5,W
451,100.15,300.60,3,E,5,W
55,234.81,300.90,1,S,2,W
452,138.40,300.90,3,E,5,W
404,160.62,301.20,2,E,5,W
53,201.34,301.50,1,S,1,W
26,109.36,301.50,1,S,5,W
58,237.32,301.80,1,S,1,W
220,169.60,301.80,1,W,2,E
208,91.61,301.80,1,W,5,W
213,123.60,302.10,1,W,5,W
214,125.26,302.40,1,W,5,W
215,128.90,302.70,1,W,5,W
216,137.53,303.00,1,W,5,W
321,115.99,303.30,1,E,5,W
322,124.34,303.60,1,E,5,W
323,128.65,303.90,1,E,5,W
19,59.61,322.14,1,S,5,N
20,96.16,322.44,1,S,5,N
21,97.83,322.74,1,S,5,N
22,103.33,323.04,1,S,5,N
23,104.08,323.34,1,S,5,N
379,170.63,323.64,2,W,5,N
24,106.81,323.94,1,S,5,N
25,107.49,324.24,1,S,5,N
27,109.67,324.54,1,S,5,N
203,66.17,324.84,1,W,5,N
204,74.38,325.14,1,W,5,N
205,76.31,325.44,1,W,5,N
206,79.66,325.74,1,W,5,N
210,112.13,326.04,1,W,5,N
211,121.77,326.34,1,W,5,N
212,123.40,326.64,1,W,5,N
217,147.84,326.94,1,W,5,N
324,137.66,327.24,1,E,5,N
325,139.29,327.54,1,E,5,N
326,158.23,327.84,1,E,5,N
432,256.90,330.87,3,W,5,N
458,230.73,330.87,3,E,5,N
459,236.08,331.17,3,E,5,N
460,267.91,331.47,3,E,5,N
68,320.29,334.42,1,S,1,E
223,176.30,338.77,1,W,3,W
72,325.85,339.99,1,S,1,E
234,254.06,342.07,1,W,3,W
331,212.91,342.97,1,E,3,E
529,273.71,366.14,5,W,5,N
530,305.02,366.44,5,W,5,N
531,306.31,366.74,5,W,5,N
532,319.34,367.04,5,W,5,N
533,331.85,367.34,5,W,5,N
534,339.18,367.64,5,W,5,N
535,341.01,367.94,5,W,5,N
536,342.78,368.24,5,W,5,N
537,344.04,368.54,5,W,5,N
538,344.05,368.84,5,W,5,N
539,345.79,369.14,5,W,5,N
540,346.02,369.44,5,W,5,N
541,352.81,369.74,5,W,5,N
542,361.71,370.04,5,W,5,N
543,363.02,370.34,5,W,5,N
544,370.79,376.92,5,W,5,N
632,331.03,380.14,5,E,5,N
633,375.22,381.36,5,E,5,N
634,381.27,387.41,5,E,5,N
37,150.72,399.90,1,S,5,W
39,152.91,400.20,1,S,5,W
41,153.98,400.50,1,S,5,W
46,158.74,400.80,1,S,5,W
48,162.68,401.10,1,S,5,W
50,198.52,401.40,1,S,5,W
51,199.46,401.70,1,S,5,W
70,323.99,401.90,1,S,1,W
54,234.49,402.00,1,S,5,W
76,364.01,402.20,1,S,1,W
219,167.92,402.30,1,W,5,W
78,366.33,402.50,1,S,1,W
221,173.07,402.60,1,W,5,W
222,174.83,402.90,1,W,5,W
238,293.56,403.10,1,W,2,W
224,183.70,403.20,1,W,5,W
229,214.76,403.50,1,W,5,W
231,241.01,403.80,1,W,5,W
333,244.11,404.10,1,E,5,W
335,248.40,404.40,1,E,5,W
408,333.27,412.87,2,E,3,W
34,147.98,416.20,1,S,5,E
38,151.46,416.80,1,S,5,E
47,160.44,417.10,1,S,5,E
406,245.47,418.60,2,E,5,E
227,210.13,420.10,1,W,5,E
33,146.65,422.04,1,S,5,N
35,148.43,422.64,1,S,5,N
52,199.58,423.54,1,S,5,N
380,209.84,423.84,2,W,5,N
405,210.45,424.14,2,E,5,N
381,234.10,424.44,2,W,5,N
434,318.92,424.83,3,W,5,E
407,289.35,425.04,2,E,5,N
57,236.02,425.34,1,S,5,N
225,187.34,425.64,1,W,5,N
226,208.51,425.94,1,W,5,N
228,211.63,426.54,1,W,5,N
230,231.47,426.84,1,W,5,N
232,242.47,427.14,1,W,5,N
233,252.54,427.44,1,W,5,N
329,202.30,427.74,1,E,5,N
330,211.09,428.04,1,E,5,N
332,226.94,428.34,1,E,5,N
334,244.97,428.64,1,E,5,N
336,248.90,428.94,1,E,5,N
337,252.76,429.24,1,E,5,N
338,256.31,429.54,1,E,5,N
339,259.05,429.84,1,E,5,N
340,295.33,430.14,1,E,5,N
433,314.20,430.67,3,W,5,N
462,306.82,430.97,3,E,5,N
463,364.79,431.27,3,E,5,N
545,400.63,466.04,5,W,5,N
546,402.20,466.34,5,W,5,N
547,402.81,466.64,5,W,5,N
548,431.77,466.94,5,W,5,N
549,433.47,467.24,5,W,5,N
550,435.14,467.54,5,W,5,N
551,443.64,467.84,5,W,5,N
635,405.50,480.04,5,E,5,N
636,411.23,480.34,5,E,5,N
637,454.98,480.64,5,E,5,N
461,299.58,499.80,3,E,5,W
464,383.59,500.10,3,E,5,W
435,388.38,500.40,3,W,5,W
59,275.98,500.70,1,S,5,W
60,277.58,501.00,1,S,5,W
61,279.05,501.30,1,S,5,W
65,316.53,501.60,1,S,5,W
67,319.66,501.90,1,S,5,W
239,310.52,502.20,1,W,5,W
81,399.10,502.30,1,S,1,W
240,311.54,502.50,1,W,5,W
83,434.01,502.60,1,S,1,W
242,333.05,502.80,1,W,5,W
244,341.35,503.10,1,W,5,W
96,501.40,517.80,1,S,1,E
97,502.82,518.10,1,S,1,E
62,280.36,521.94,1,S,5,N
63,282.29,522.24,1,S,5,N
64,283.20,522.54,1,S,5,N
382,332.80,522.84,2,W,5,N
409,369.25,523.14,2,E,5,N
66,318.62,523.44,1,S,5,N
69,322.11,523.74,1,S,5,N
71,325.45,524.04,1,S,5,N
235,269.26,524.34,1,W,5,N
236,291.28,524.64,1,W,5,N
237,292.14,524.94,1,W,5,N
241,331.38,525.24,1,W,5,N
243,333.74,525.54,1,W,5,N
245,343.35,525.84,1,W,5,N
246,348.95,526.14,1,W,5,N
247,350.00,526.44,1,W,5,N
248,351.44,526.74,1,W,5,N
341,305.59,527.04,1,E,5,N
342,320.85,527.34,1,E,5,N
343,328.99,527.64,1,E,5,N
344,357.79,527.94,1,E,5,N
345,360.71,528.24,1,E,5,N
346,389.85,528.54,1,E,5,N
347,397.91,528.84,1,E,5,N
465,422.88,530.47,3,E,5,N
437,421.99,530.77,3,W,5,N
438,447.89,531.07,3,W,5,N
85,437.38,537.17,1,S,3,W
251,385.66,538.37,1,W,3,W
466,478.39,540.16,3,E,5,N
467,487.77,549.54,3,E,5,N
468,489.71,551.48,3,E,5,N
470,496.51,552.14,3,E,5,E
469,495.06,556.83,3,E,5,N
552,476.12,565.94,5,W,5,N
553,477.55,566.24,5,W,5,N
554,477.69,566.54,5,W,5,N
555,478.78,566.84,5,W,5,N
556,480.57,567.14,5,W,5,N
557,482.34,567.44,5,W,5,N
558,482.85,567.74,5,W,5,N
559,493.53,568.04,5,W,5,N
560,501.32,568.34,5,W,5,N
561,524.07,568.64,5,W,5,N
562,538.69,568.94,5,W,5,N
563,554.19,569.24,5,W,5,N
564,555.44,569.54,5,W,5,N
565,557.21,569.84,5,W,5,N
566,558.65,570.14,5,W,5,N
567,559.73,570.44,5,W,5,N
568,560.31,570.74,5,W,5,N
569,561.53,571.04,5,W,5,N
570,572.14,578.28,5,W,5,N
638,504.69,579.94,5,E,5,N
639,557.13,580.24,5,E,5,N
436,412.47,599.70,3,W,5,W
471,498.21,600.00,3,E,5,W
73,360.44,600.30,1,S,5,W
75,362.63,600.60,1,S,5,W
77,365.94,600.90,1,S,5,W
257,451.23,601.20,1,W,5,W
258,453.13,601.50,1,W,5,W
259,459.27,601.80,1,W,5,W
352,476.28,602.10,1,E,5,W
98,503.50,602.70,1,S,1,W
101,510.05,603.00,1,S,1,W
103,512.84,603.30,1,S,1,W
107,552.69,603.60,1,S,1,W
108,553.54,603.90,1,S,1,W
114,567.79,604.20,1,S,1,W
117,570.60,604.50,1,S,1,W
120,583.86,604.80,1,S,1,W
127,594.37,608.50,1,S,1,W
74,361.31,615.70,1,S,5,E
250,382.34,619.30,1,W,5,E
252,389.33,619.60,1,W,5,E
255,427.39,620.50,1,W,5,E
79,367.81,622.14,1,S,5,N
80,398.97,622.44,1,S,5,N
82,399.92,622.74,1,S,5,N
410,409.61,623.04,2,E,5,N
383,418.33,623.34,2,W,5,N
411,449.20,623.64,2,E,5,N
384,431.48,623.94,2,W,5,N
412,486.47,624.24,2,E,5,N
440,567.00,624.43,3,W,5,E
84,435.99,624.54,1,S,5,N
86,438.22,624.84,1,S,5,N
249,370.75,625.14,1,W,5,N
253,404.60,626.04,1,W,5,N
254,406.29,626.34,1,W,5,N
256,436.74,626.94,1,W,5,N
260,460.79,627.24,1,W,5,N
348,401.79,627.54,1,E,5,N
349,431.96,627.84,1,E,5,N
350,454.47,628.14,1,E,5,N
351,472.84,628.44,1,E,5,N
472,547.10,630.27,3,E,5,N
262,471.28,639.07,1,W,3,E
112,561.10,642.52,1,S,2,W
356,545.66,642.97,1,E,3,W
116,569.37,643.42,1,S,2,W
119,576.83,644.02,1,S,2,E
122,585.16,644.62,1,S,2,W
441,587.98,649.75,3,W,5,N
475,592.57,654.34,3,E,5,N
571,585.97,665.84,5,W,5,N
572,587.51,666.14,5,W,5,N
573,589.25,666.44,5,W,5,N
574,591.20,666.74,5,W,5,N
575,597.51,667.04,5,W,5,N
576,598.10,667.34,5,W,5,N
577,598.49,667.64,5,W,5,N
578,614.60,667.94,5,W,5,N
579,615.88,668.24,5,W,5,N
580,616.39,668.54,5,W,5,N
581,617.51,668.84,5,W,5,N
582,620.57,669.14,5,W,5,N
583,635.82,669.44,5,W,5,N
584,637.76,669.74,5,W,5,N
585,638.27,670.04,5,W,5,N
586,639.41,670.34,5,W,5,N
587,640.93,670.64,5,W,5,N
588,642.63,670.94,5,W,5,N
640,627.77,679.84,5,E,5,N
641,650.72,680.14,5,E,5,N
642,656.32,680.44,5,E,5,N
643,664.29,680.74,5,E,5,N
109,554.70,699.20,1,S,3,E
439,512.95,699.60,3,W,5,W
473,548.21,699.90,3,E,5,W
474,591.54,700.20,3,E,5,W
115,568.03,700.40,1,S,3,W
92,444.36,700.50,1,S,5,W
95,495.43,700.80,1,S,5,W
385,516.84,701.10,2,W,5,W
105,515.98,701.40,1,S,5,W
269,541.63,701.70,1,W,5,W
271,544.65,702.00,1,W,5,W
353,504.94,702.30,1,E,5,W
355,508.19,702.60,1,E,5,W
129,631.51,703.10,1,S,1,W
131,633.23,703.40,1,S,1,W
132,673.81,703.70,1,S,1,W
139,683.52,704.00,1,S,1,W
362,667.61,705.50,1,E,2,E
134,677.05,716.20,1,S,1,E
100,508.32,718.90,1,S,5,E
106,517.77,719.80,1,S,5,E
264,517.87,720.70,1,W,5,E
267,525.41,721.60,1,W,5,E
87,440.20,721.74,1,S,5,N
88,440.83,722.04,1,S,5,N
89,440.96,722.34,1,S,5,N
90,441.69,722.64,1,S,5,N
91,442.97,722.94,1,S,5,N
93,444.51,723.24,1,S,5,N
94,494.40,723.54,1,S,5,N
413,508.47,723.84,2,E,5,N
414,544.01,724.14,2,E,5,N
415,559.43,724.44,2,E,5,N
99,508.23,724.74,1,S,5,N
102,511.99,725.34,1,S,5,N
104,514.34,725.64,1,S,5,N
261,470.22,726.24,1,W,5,N
263,495.61,726.54,1,W,5,N
265,519.67,727.14,1,W,5,N
266,521.61,727.44,1,W,5,N
268,525.53,728.04,1,W,5,N
270,542.93,728.34,1,W,5,N
354,506.45,728.64,1,E,5,N
476,608.26,730.07,3,E,5,N
477,610.24,730.37,3,E,5,N
478,656.40,730.67,3,E,5,N
276,614.07,739.47,1,W,3,W
277,630.68,739.77,1,W,3,W
444,680.47,742.24,3,W,5,N
589,676.29,765.74,5,W,5,N
590,677.02,766.04,5,W,5,N
591,677.69,766.34,5,W,5,N
592,677.88,766.64,5,W,5,N
593,678.90,766.94,5,W,5,N
594,680.86,767.24,5,W,5,N
595,682.82,767.54,5,W,5,N
596,683.07,767.84,5,W,5,N
597,697.99,768.14,5,W,5,N
598,698.92,768.44,5,W,5,N
599,701.23,768.74,5,W,5,N
600,713.43,769.04,5,W,5,N
601,713.80,769.34,5,W,5,N
602,715.07,769.64,5,W,5,N
603,761.45,769.94,5,W,5,N
604,763.41,770.24,5,W,5,N
605,766.82,772.95,5,W,5,N
644,714.67,779.74,5,E,5,N
645,715.60,780.04,5,E,5,N
646,721.46,780.34,5,E,5,N
647,762.57,780.64,5,E,5,N
648,768.14,780.94,5,E,5,N
649,769.70,781.24,5,E,5,N
650,770.43,781.54,5,E,5,N
651,771.64,781.84,5,E,5,N
357,595.71,799.50,1,E,5,W
358,596.92,799.80,1,E,5,W
442,651.32,800.10,3,W,5,W
140,683.81,800.20,1,S,3,E
443,656.15,800.40,3,W,5,W
479,669.96,800.70,3,E,5,W
359,600.77,801.00,1,E,5,W
141,727.30,801.10,1,S,2,W
113,562.23,801.30,1,S,5,W
118,574.83,801.60,1,S,5,W
124,588.49,801.90,1,S,5,W
387,623.13,802.20,2,W,5,W
388,635.43,802.50,2,W,5,W
419,670.15,802.80,2,E,5,W
420,689.22,803.10,2,E,5,W
279,666.18,803.40,1,W,5,W
280,666.44,803.70,1,W,5,W
361,657.35,804.00,1,E,5,W
364,678.11,804.30,1,E,5,W
293,765.83,805.00,1,W,2,W
390,746.78,813.27,2,W,3,W
274,577.71,820.00,1,W,5,E
393,784.88,820.95,2,W,3,W
110,554.84,821.64,1,S,5,N
111,555.69,821.94,1,S,5,N
121,583.88,822.24,1,S,5,N
123,586.60,822.54,1,S,5,N
386,609.79,822.84,2,W,5,N
416,602.62,823.14,2,E,5,N
417,619.27,823.44,2,E,5,N
418,659.38,823.74,2,E,5,N
389,662.13,824.04,2,W,5,N
482,724.41,824.33,3,E,5,E
125,589.06,824.34,1,S,5,N
126,593.23,824.64,1,S,5,N
128,631.12,824.94,1,S,5,N
130,631.59,825.24,1,S,5,N
272,569.15,825.54,1,W,5,N
273,570.43,825.84,1,W,5,N
275,591.13,826.44,1,W,5,N
278,656.45,826.74,1,W,5,N
360,643.28,827.04,1,E,5,N
363,676.49,827.34,1,E,5,N
480,716.57,829.87,3,E,5,N
481,718.36,830.17,3,E,5,N
483,734.39,830.77,3,E,5,N
485,745.94,831.37,3,E,5,N
446,774.94,836.71,3,W,5,N
284,678.05,838.37,1,W,3,E
365,726.74,841.37,1,E,3,W
486,796.84,852.47,3,E,5,E
606,773.97,865.64,5,W,5,N
607,781.73,865.94,5,W,5,N
608,784.25,866.24,5,W,5,N
609,785.08,866.54,5,W,5,N
610,786.09,866.84,5,W,5,N
611,817.18,867.14,5,W,5,N
612,819.24,867.44,5,W,5,N
613,827.62,867.74,5,W,5,N
614,829.21,868.04,5,W,5,N
615,839.86,868.34,5,W,5,N
616,867.90,874.04,5,W,5,N
652,811.82,879.64,5,E,5,N
653,832.12,879.94,5,E,5,N
654,836.32,880.24,5,E,5,N
655,837.92,880.54,5,E,5,N
656,866.91,880.84,5,E,5,N
657,872.06,881.14,5,E,5,N
658,874.22,881.44,5,E,5,N
659,890.05,896.18,5,E,5,N
445,747.00,899.40,3,W,5,W
484,744.69,899.70,3,E,5,W
133,675.75,900.00,1,S,5,W
137,681.22,900.30,1,S,5,W
285,693.16,900.60,1,W,5,W
286,699.46,900.90,1,W,5,W
291,743.03,901.20,1,W,5,W
292,744.75,901.50,1,W,5,W
367,740.13,901.80,1,E,5,W
149,805.33,903.90,1,S,1,W
152,811.42,904.20,1,S,1,W
153,813.33,904.50,1,S,1,W
160,823.33,904.80,1,S,1,W
163,826.79,905.10,1,S,1,W
164,831.36,905.40,1,S,1,W
166,833.91,905.70,1,S,1,W
172,844.68,906.00,1,S,1,W
175,850.15,906.30,1,S,1,W
178,882.74,906.60,1,S,1,W
182,890.97,906.90,1,S,1,W
183,892.66,907.20,1,S,1,W
424,852.21,913.67,2,E,3,W
397,850.08,913.97,2,W,3,W
177,882.11,918.80,1,S,1,E
368,771.84,920.20,1,E,5,E
135,677.77,921.54,1,S,5,N
136,679.39,921.84,1,S,5,N
138,682.31,922.14,1,S,5,N
421,721.35,922.44,2,E,5,N
391,756.34,922.74,2,W,5,N
422,763.73,923.04,2,E,5,N
392,770.61,923.34,2,W,5,N
394,787.29,923.64,2,W,5,N
281,667.51,923.94,1,W,5,N
282,671.01,924.24,1,W,5,N
283,677.09,924.54,1,W,5,N
287,721.85,924.84,1,W,5,N
288,723.79,925.14,1,W,5,N
289,727.12,925.44,1,W,5,N
290,728.07,925.74,1,W,5,N
366,730.88,926.04,1,E,5,N
447,838.92,929.67,3,W,5,N
487,803.16,929.67,3,E,5,N
488,837.87,929.97,3,E,5,N
448,852.20,929.97,3,W,5,N
489,839.27,930.27,3,E,5,N
490,841.22,930.57,3,E,5,N
491,849.68,930.87,3,E,5,N
492,851.46,931.17,3,E,5,N
425,896.44,932.51,2,E,3,W
151,810.98,937.57,1,S,3,W
298,810.69,942.07,1,W,3,E
301,830.59,942.97,1,W,3,W
171,843.30,999.20,1,S,3,E
493,866.84,999.30,3,E,5,W
143,762.15,999.60,1,S,5,W
399,877.41,999.90,2,W,5,W
400,891.94,1000.20,2,W,5,W
179,884.72,1000.40,1,S,3,W
150,810.67,1000.50,1,S,5,W
156,818.86,1000.80,1,S,5,W
159,822.95,1001.10,1,S,5,W
162,825.97,1001.40,1,S,5,W
165,832.38,1001.70,1,S,5,W
294,785.16,1002.00,1,W,5,W
302,849.87,1002.30,1,W,5,W
371,839.90,1002.60,1,E,5,W
372,842.74,1002.90,1,E,5,W
310,884.13,1005.50,1,W,2,E
311,885.39,1005.80,1,W,2,E
396,843.27,1017.70,2,W,5,E
297,809.00,1020.70,1,W,5,E
142,760.70,1021.44,1,S,5,N
303,851.54,1021.60,1,W,5,E
144,763.53,1021.74,1,S,5,N
145,770.75,1022.04,1,S,5,N
146,801.37,1022.34,1,S,5,N
147,801.43,1022.64,1,S,5,N
374,899.32,1022.80,1,E,5,E
148,803.87,1022.94,1,S,5,N
395,810.74,1023.24,2,W,5,N
423,807.00,1023.54,2,E,5,N
398,864.90,1024.14,2,W,5,N
154,815.86,1024.44,1,S,5,N
155,817.46,1024.74,1,S,5,N
157,820.62,1025.04,1,S,5,N
158,822.42,1025.34,1,S,5,N
161,825.35,1025.64,1,S,5,N
167,839.84,1025.94,1,S,5,N
295,800.32,1026.24,1,W,5,N
296,802.31,1026.54,1,W,5,N
299,820.57,1027.14,1,W,5,N
300,828.62,1027.44,1,W,5,N
369,831.73,1028.04,1,E,5,N
370,834.82,1028.34,1,E,5,N
373,845.41,1028.64,1,E,5,N
187,896.44,1038.57,1,S,3,E
306,876.07,1040.37,1,W,3,W
168,840.86,1099.20,1,S,5,W
169,841.03,1099.50,1,S,5,W
176,881.73,1099.80,1,S,5,W
180,885.49,1100.10,1,S,5,W
185,894.30,1100.40,1,S,5,W
186,895.44,1100.70,1,S,5,W
308,881.09,1101.00,1,W,5,W
170,842.22,1121.34,1,S,5,N
173,848.26,1121.64,1,S,5,N
174,849.93,1121.94,1,S,5,N
181,890.31,1122.24,1,S,5,N
184,893.91,1122.54,1,S,5,N
188,897.07,1122.84,1,S,5,N
189,897.64,1123.14,1,S,5,N
190,899.82,1123.44,1,S,5,N
304,871.68,1123.74,1,W,5,N
305,872.92,1124.04,1,W,5,N
307,877.83,1124.34,1,W,5,N
309,882.82,1124.64,1,W,5,N
312,886.60,1124.94,1,W,5,N