id,enter_time,exit_time,entrance_intersection,entrance_direction,exit_intersection,exit_direction
502,8.72,66.44,5,W,5,N
503,11.23,66.74,5,W,5,N
504,12.60,67.04,5,W,5,N
505,14.15,67.34,5,W,5,N
506,16.54,67.64,5,W,5,N
507,18.80,67.94,5,W,5,N
508,45.89,68.24,5,W,5,N
509,46.40,68.54,5,W,5,N
510,47.40,68.84,5,W,5,N
511,60.56,69.14,5,W,5,N
512,62.53,69.44,5,W,5,N
513,63.08,69.74,5,W,5,N
514,64.12,70.26,5,W,5,N
515,67.12,73.25,5,W,5,N
639,0.94,80.44,5,E,5,N
640,6.21,80.74,5,E,5,N
641,27.88,81.04,5,E,5,N
642,71.96,81.34,5,E,5,N
2,52.22,100.70,1,S,1,W
316,75.62,104.30,1,E,2,W
12,97.77,116.50,1,S,1,E
469,62.02,125.43,3,E,5,E
470,63.15,131.87,3,E,5,N
471,64.63,132.17,3,E,5,N
319,96.28,158.47,1,E,3,E
320,97.45,159.64,1,E,3,W
516,82.64,166.34,5,W,5,N
517,84.52,166.64,5,W,5,N
518,86.31,166.94,5,W,5,N
519,99.16,167.24,5,W,5,N
520,124.31,167.54,5,W,5,N
521,162.91,169.05,5,W,5,N
522,163.53,169.66,5,W,5,N
523,163.85,169.99,5,W,5,N
524,172.19,178.33,5,W,5,N
643,126.34,180.34,5,E,5,N
644,147.17,180.64,5,E,5,N
645,152.26,180.94,5,E,5,N
1,50.35,199.90,1,S,3,E
468,30.98,200.10,3,E,5,W
440,74.96,200.40,3,W,5,W
415,47.43,200.70,2,E,5,W
379,50.39,201.00,2,W,5,W
15,100.53,201.10,1,S,1,W
381,58.07,201.30,2,W,5,W
22,116.61,201.40,1,S,1,W
186,3.03,201.60,1,W,5,W
23,117.33,201.70,1,S,1,W
187,4.89,201.90,1,W,5,W
24,123.25,202.00,1,S,1,W
26,126.65,202.00,1,S,2,W
189,31.73,202.20,1,W,5,W
29,137.54,202.30,1,S,1,W
190,35.68,202.50,1,W,5,W
30,141.17,202.60,1,S,1,W
191,36.99,202.80,1,W,5,W
311,25.63,203.10,1,E,5,W
312,35.55,203.40,1,E,5,W
195,82.38,203.50,1,W,2,E
317,77.72,203.70,1,E,5,W
322,114.35,209.50,1,E,2,E
318,93.64,211.47,1,E,5,W
0,0.45,216.10,1,S,5,E
43,187.03,217.50,1,S,1,E
378,37.22,222.54,2,W,5,N
380,55.08,222.84,2,W,5,N
382,78.55,223.14,2,W,5,N
383,88.16,223.44,2,W,5,N
416,94.24,223.74,2,E,5,N
185,1.24,224.04,1,W,5,N
188,29.95,224.34,1,W,5,N
192,51.07,224.64,1,W,5,N
313,54.71,224.94,1,E,5,N
314,58.41,225.24,1,E,5,N
315,65.26,225.54,1,E,5,N
441,127.14,231.07,3,W,5,N
473,117.30,231.37,3,E,5,N
474,119.25,231.67,3,E,5,N
206,122.56,242.87,1,W,3,W
45,196.40,244.22,1,S,2,E
442,182.79,244.56,3,W,5,N
525,174.30,266.24,5,W,5,N
526,175.96,266.54,5,W,5,N
527,184.73,266.84,5,W,5,N
528,186.77,267.14,5,W,5,N
529,189.53,267.44,5,W,5,N
530,190.05,267.74,5,W,5,N
531,190.32,268.04,5,W,5,N
532,191.80,268.34,5,W,5,N
533,193.57,268.64,5,W,5,N
534,222.99,268.94,5,W,5,N
535,224.06,269.24,5,W,5,N
536,225.08,269.54,5,W,5,N
537,226.32,269.84,5,W,5,N
538,262.24,270.14,5,W,5,N
539,270.22,276.36,5,W,5,N
540,271.90,278.04,5,W,5,N
541,273.07,279.21,5,W,5,N
646,220.05,280.24,5,E,5,N
647,292.99,299.12,5,E,5,N
472,116.11,300.00,3,E,5,W
475,153.72,300.30,3,E,5,W
5,88.59,300.60,1,S,5,W
17,101.71,300.90,1,S,5,W
419,198.18,301.20,2,E,5,W
46,199.42,301.50,1,S,1,W
18,108.77,301.50,1,S,5,W
48,224.90,301.80,1,S,1,W
21,115.25,301.80,1,S,5,W
66,277.48,302.10,1,S,1,W
25,125.32,302.10,1,S,5,W
194,81.53,302.40,1,W,5,W
201,91.76,302.70,1,W,5,W
202,92.91,303.00,1,W,5,W
203,94.24,303.30,1,W,5,W
204,95.92,303.60,1,W,5,W
205,97.46,303.90,1,W,5,W
208,137.83,304.20,1,W,5,W
211,147.31,304.50,1,W,5,W
324,165.39,304.80,1,E,5,W
325,176.04,305.10,1,E,5,W
387,273.63,313.07,2,W,3,W
60,266.28,317.60,1,S,1,E
418,170.08,320.20,2,E,5,E
3,84.90,322.14,1,S,5,N
4,86.85,322.44,1,S,5,N
6,93.31,322.74,1,S,5,N
7,93.42,323.04,1,S,5,N
8,93.89,323.34,1,S,5,N
9,94.03,323.64,1,S,5,N
10,94.97,323.94,1,S,5,N
11,96.28,324.24,1,S,5,N
13,98.52,324.54,1,S,5,N
14,99.99,324.84,1,S,5,N
16,101.63,325.14,1,S,5,N
417,129.35,325.44,2,E,5,N
384,122.72,325.74,2,W,5,N
385,158.08,326.04,2,W,5,N
19,111.83,326.64,1,S,5,N
20,112.82,326.94,1,S,5,N
27,133.88,327.24,1,S,5,N
28,135.56,327.54,1,S,5,N
193,67.31,327.84,1,W,5,N
196,85.92,328.14,1,W,5,N
197,87.34,328.44,1,W,5,N
198,88.58,328.74,1,W,5,N
199,90.39,329.04,1,W,5,N
200,90.58,329.34,1,W,5,N
207,131.57,329.64,1,W,5,N
209,138.98,329.94,1,W,5,N
210,145.66,330.24,1,W,5,N
212,160.01,330.54,1,W,5,N
213,161.43,330.84,1,W,5,N
321,110.07,331.14,1,E,5,N
323,138.77,331.44,1,E,5,N
326,196.84,331.74,1,E,5,N
476,201.90,332.04,3,E,5,N
443,233.87,332.34,3,W,5,N
444,238.77,332.64,3,W,5,N
445,260.68,332.94,3,W,5,N
222,255.49,339.07,1,W,3,W
478,286.96,348.73,3,E,5,N
479,296.62,358.39,3,E,5,N
542,280.74,366.14,5,W,5,N
543,281.61,366.44,5,W,5,N
544,290.42,366.74,5,W,5,N
545,290.52,367.04,5,W,5,N
546,293.04,367.34,5,W,5,N
547,319.19,367.64,5,W,5,N
548,319.59,367.94,5,W,5,N
549,333.01,368.24,5,W,5,N
550,367.83,373.96,5,W,5,N
551,368.28,374.41,5,W,5,N
552,369.43,375.56,5,W,5,N
553,371.79,377.93,5,W,5,N
554,372.07,378.21,5,W,5,N
648,338.32,380.14,5,E,5,N
649,347.71,380.44,5,E,5,N
650,351.90,380.74,5,E,5,N
651,355.84,381.04,5,E,5,N
652,356.77,381.34,5,E,5,N
477,246.25,399.90,3,E,5,W
32,141.82,400.20,1,S,5,W
36,146.08,400.50,1,S,5,W
39,184.03,400.80,1,S,5,W
41,184.50,401.10,1,S,5,W
47,200.60,401.40,1,S,5,W
214,185.20,401.70,1,W,5,W
73,321.24,401.90,1,S,1,W
215,202.08,402.00,1,W,5,W
74,351.38,402.20,1,S,1,W
218,215.88,402.30,1,W,5,W
221,236.27,402.60,1,W,5,W
327,224.88,402.90,1,E,5,W
328,235.13,403.20,1,E,5,W
329,271.63,403.50,1,E,5,W
64,270.92,403.70,1,S,3,E
83,397.41,411.55,1,S,1,W
76,352.39,415.00,1,S,1,E
81,394.12,416.50,1,S,1,E
84,397.64,417.10,1,S,1,E
86,401.12,417.70,1,S,1,E
44,188.72,418.30,1,S,5,E
31,141.45,422.04,1,S,5,N
33,143.79,422.34,1,S,5,N
34,144.24,422.64,1,S,5,N
35,144.62,422.94,1,S,5,N
37,147.99,423.24,1,S,5,N
38,182.53,423.54,1,S,5,N
40,184.13,423.84,1,S,5,N
42,185.52,424.14,1,S,5,N
420,209.68,424.74,2,E,5,N
386,243.64,425.04,2,W,5,N
421,256.07,425.34,2,E,5,N
388,285.68,425.64,2,W,5,N
389,287.87,425.94,2,W,5,N
216,211.86,426.24,1,W,5,N
217,214.66,426.54,1,W,5,N
219,233.14,426.84,1,W,5,N
220,234.62,427.14,1,W,5,N
223,258.84,427.44,1,W,5,N
330,283.70,427.74,1,E,5,N
331,294.90,428.04,1,E,5,N
480,349.94,430.67,3,E,5,N
446,333.66,430.67,3,W,5,N
230,283.67,440.67,1,W,3,E
234,341.70,441.87,1,W,3,E
79,361.38,442.02,1,S,2,W
334,334.77,442.77,1,E,3,W
555,403.70,466.04,5,W,5,N
556,404.19,466.34,5,W,5,N
557,411.18,466.64,5,W,5,N
558,411.61,466.94,5,W,5,N
559,413.57,467.24,5,W,5,N
560,415.58,467.54,5,W,5,N
561,428.31,467.84,5,W,5,N
562,438.97,468.14,5,W,5,N
563,441.87,468.44,5,W,5,N
564,444.12,468.74,5,W,5,N
565,451.46,469.04,5,W,5,N
653,428.63,480.04,5,E,5,N
654,433.57,480.34,5,E,5,N
655,451.56,480.64,5,E,5,N
75,352.32,499.30,1,S,3,E
447,361.84,499.80,3,W,5,W
78,355.97,499.90,1,S,3,W
481,366.80,500.10,3,E,5,W
448,389.05,500.40,3,W,5,W
50,257.15,500.70,1,S,5,W
55,263.76,501.00,1,S,5,W
90,406.27,501.10,1,S,2,W
58,265.13,501.30,1,S,5,W
88,403.24,501.40,1,S,3,W
59,265.82,501.60,1,S,5,W
61,268.09,501.90,1,S,5,W
63,269.46,502.20,1,S,5,W
94,409.27,502.30,1,S,1,W
424,364.87,502.50,2,E,5,W
102,445.91,502.60,1,S,1,W
393,367.78,502.80,2,W,5,W
104,478.36,502.90,1,S,1,W
394,373.16,503.10,2,W,5,W
105,480.11,503.20,1,S,1,W
65,276.55,503.40,1,S,5,W
111,489.55,503.68,1,S,1,W
70,284.42,503.70,1,S,5,W
224,273.80,504.00,1,W,5,W
229,282.20,504.30,1,W,5,W
231,284.96,504.60,1,W,5,W
233,322.20,504.90,1,W,5,W
336,351.22,505.20,1,E,5,W
337,366.16,505.50,1,E,5,W
241,407.22,505.60,1,W,2,W
116,495.59,509.73,1,S,1,W
117,495.66,509.80,1,S,1,W
108,485.58,516.60,1,S,1,E
122,501.71,519.90,1,S,1,E
226,277.45,521.80,1,W,5,E
49,251.99,521.94,1,S,5,N
51,257.58,522.24,1,S,5,N
52,259.15,522.54,1,S,5,N
53,260.49,522.84,1,S,5,N
54,261.10,523.14,1,S,5,N
333,329.47,523.30,1,E,5,E
56,264.37,523.44,1,S,5,N
57,265.09,523.74,1,S,5,N
62,268.88,524.04,1,S,5,N
449,442.81,524.33,3,W,5,E
390,309.22,524.34,2,W,5,N
422,302.04,524.64,2,E,5,N
391,315.73,524.94,2,W,5,N
423,344.46,525.24,2,E,5,N
392,347.45,525.54,2,W,5,N
395,387.86,525.84,2,W,5,N
67,279.75,526.14,1,S,5,N
68,280.55,526.44,1,S,5,N
69,281.88,526.74,1,S,5,N
71,318.70,527.04,1,S,5,N
72,319.36,527.34,1,S,5,N
225,276.20,527.64,1,W,5,N
227,279.08,528.24,1,W,5,N
228,280.53,528.54,1,W,5,N
232,302.09,528.84,1,W,5,N
332,312.17,529.14,1,E,5,N
335,338.97,529.74,1,E,5,N
338,399.75,530.04,1,E,5,N
482,406.89,530.47,3,E,5,N
483,423.18,530.77,3,E,5,N
450,444.75,530.77,3,W,5,N
99,419.51,539.57,1,S,3,W
236,368.96,540.17,1,W,3,W
566,486.42,565.94,5,W,5,N
567,508.57,566.24,5,W,5,N
568,509.11,566.54,5,W,5,N
569,510.45,566.84,5,W,5,N
570,539.98,567.14,5,W,5,N
571,546.14,567.44,5,W,5,N
572,548.63,567.74,5,W,5,N
573,548.74,568.04,5,W,5,N
574,550.14,568.34,5,W,5,N
575,552.52,568.64,5,W,5,N
576,554.87,568.94,5,W,5,N
577,557.32,569.24,5,W,5,N
656,526.13,579.94,5,E,5,N
657,527.27,580.24,5,E,5,N
658,551.75,580.54,5,E,5,N
659,569.23,580.84,5,E,5,N
484,466.08,599.70,3,E,5,W
660,593.84,599.97,5,E,5,N
77,353.73,600.00,1,S,5,W
82,394.90,600.30,1,S,5,W
427,483.97,600.60,2,E,5,W
110,488.60,600.90,1,S,3,E
400,490.26,600.90,2,W,5,W
112,491.67,601.20,1,S,3,W
97,415.67,601.20,1,S,5,W
238,395.34,601.50,1,W,5,W
239,399.27,601.80,1,W,5,W
243,410.31,602.10,1,W,5,W
244,412.02,602.40,1,W,5,W
253,471.84,602.40,1,W,2,W
245,419.84,602.70,1,W,5,W
125,540.33,602.70,1,S,1,W
246,421.52,603.00,1,W,5,W
249,459.73,603.30,1,W,5,W
341,429.09,603.60,1,E,5,W
344,447.97,603.90,1,E,5,W
347,479.20,604.20,1,E,5,W
357,531.84,609.00,1,E,2,W
358,534.35,609.30,1,E,2,W
80,393.62,615.70,1,S,5,E
240,406.13,621.10,1,W,5,E
85,399.30,622.14,1,S,5,N
250,460.22,622.30,1,W,5,E
87,402.21,622.44,1,S,5,N
129,608.59,622.73,1,S,1,E
396,421.81,622.74,2,W,5,N
425,401.17,623.04,2,E,5,N
426,434.40,623.34,2,E,5,N
397,424.04,623.64,2,W,5,N
398,428.66,623.94,2,W,5,N
130,609.82,623.96,1,S,1,E
399,459.99,624.24,2,W,5,N
89,405.18,624.54,1,S,5,N
91,407.78,624.84,1,S,5,N
92,408.05,625.14,1,S,5,N
93,408.13,625.44,1,S,5,N
95,411.59,625.74,1,S,5,N
96,413.87,626.04,1,S,5,N
487,567.69,626.20,3,E,5,E
98,417.56,626.34,1,S,5,N
235,366.97,626.64,1,W,5,N
237,378.40,626.94,1,W,5,N
242,408.77,627.54,1,W,5,N
247,438.49,627.84,1,W,5,N
248,438.59,628.14,1,W,5,N
251,461.77,628.74,1,W,5,N
339,407.94,629.04,1,E,5,N
340,409.57,629.34,1,E,5,N
342,435.12,629.64,1,E,5,N
343,444.43,629.94,1,E,5,N
345,467.26,630.24,1,E,5,N
346,469.13,630.54,1,E,5,N
348,493.60,630.84,1,E,5,N
350,498.80,631.14,1,E,5,N
485,522.54,631.44,3,E,5,N
451,518.92,631.74,3,W,5,N
486,560.36,632.04,3,E,5,N
452,572.05,633.82,3,W,5,N
454,578.65,640.42,3,W,5,N
353,509.51,643.87,1,E,3,E
455,584.41,646.18,3,W,5,N
578,598.50,665.84,5,W,5,N
579,601.49,666.14,5,W,5,N
580,608.60,666.44,5,W,5,N
581,609.83,666.74,5,W,5,N
582,611.35,667.04,5,W,5,N
583,612.96,667.34,5,W,5,N
584,620.40,667.64,5,W,5,N
585,621.68,667.94,5,W,5,N
586,622.68,668.24,5,W,5,N
587,625.22,668.54,5,W,5,N
588,638.74,668.84,5,W,5,N
589,645.49,669.14,5,W,5,N
590,648.14,669.44,5,W,5,N
661,644.23,679.84,5,E,5,N
662,662.09,680.14,5,E,5,N
663,670.78,680.44,5,E,5,N
664,672.87,680.74,5,E,5,N
665,676.02,682.15,5,E,5,N
666,685.39,691.52,5,E,5,N
667,686.44,692.58,5,E,5,N
349,495.37,699.60,1,E,5,W
453,573.78,699.90,3,W,5,W
100,441.71,700.20,1,S,5,W
103,446.87,700.50,1,S,5,W
114,493.78,700.80,1,S,5,W
115,495.25,701.10,1,S,5,W
131,610.99,701.30,1,S,2,W
428,527.57,701.40,2,E,5,W
402,579.28,701.70,2,W,5,W
120,497.87,702.00,1,S,5,W
123,503.48,702.30,1,S,5,W
124,504.25,702.60,1,S,5,W
254,471.98,702.90,1,W,5,W
141,681.18,703.10,1,S,1,W
255,474.96,703.20,1,W,5,W
145,687.67,703.40,1,S,1,W
261,502.44,703.50,1,W,5,W
264,528.54,703.80,1,W,5,W
268,559.95,704.10,1,W,5,W
351,505.52,704.40,1,E,5,W
359,547.73,704.70,1,E,5,W
360,556.98,705.00,1,E,5,W
364,687.08,713.20,1,E,2,E
256,495.96,718.90,1,W,5,E
101,442.91,721.74,1,S,5,N
106,480.84,722.04,1,S,5,N
107,485.31,722.34,1,S,5,N
355,516.45,722.50,1,E,5,E
109,487.32,722.64,1,S,5,N
113,492.10,722.94,1,S,5,N
118,496.47,723.24,1,S,5,N
119,497.54,723.54,1,S,5,N
401,570.30,723.84,2,W,5,N
429,571.61,724.14,2,E,5,N
121,500.55,724.44,1,S,5,N
252,468.31,724.74,1,W,5,N
257,496.97,725.34,1,W,5,N
258,497.16,725.64,1,W,5,N
259,498.93,725.94,1,W,5,N
260,501.98,726.24,1,W,5,N
262,503.98,726.54,1,W,5,N
263,528.22,726.84,1,W,5,N
265,547.71,727.14,1,W,5,N
266,549.63,727.44,1,W,5,N
267,550.42,727.74,1,W,5,N
352,508.29,728.04,1,E,5,N
354,510.69,728.34,1,E,5,N
356,526.94,728.94,1,E,5,N
361,582.67,729.24,1,E,5,N
456,605.41,730.07,3,W,5,N
488,607.96,730.07,3,E,5,N
457,610.93,730.37,3,W,5,N
489,617.88,730.37,3,E,5,N
490,666.72,730.67,3,E,5,N
460,655.18,731.27,3,W,5,N
148,727.63,741.76,1,S,1,E
149,727.95,742.09,1,S,1,E
136,650.60,742.62,1,S,2,E
140,676.06,743.82,1,S,2,W
366,697.39,759.57,1,E,3,W
591,676.04,765.74,5,W,5,N
592,677.46,766.04,5,W,5,N
593,685.15,766.34,5,W,5,N
594,687.07,766.64,5,W,5,N
595,703.73,766.94,5,W,5,N
596,705.43,767.24,5,W,5,N
597,705.91,767.54,5,W,5,N
598,708.35,767.84,5,W,5,N
599,710.44,768.14,5,W,5,N
600,712.78,768.44,5,W,5,N
601,714.99,768.74,5,W,5,N
602,716.80,769.04,5,W,5,N
603,718.53,769.34,5,W,5,N
604,720.63,769.64,5,W,5,N
605,722.05,769.94,5,W,5,N
606,732.97,770.24,5,W,5,N
607,740.43,770.54,5,W,5,N
608,748.34,770.84,5,W,5,N
609,759.04,771.14,5,W,5,N
668,760.22,779.74,5,E,5,N
458,625.99,799.50,3,W,5,W
459,655.14,799.80,3,W,5,W
461,666.94,800.10,3,W,5,W
491,673.14,800.40,3,E,5,W
406,640.77,800.70,2,W,5,W
407,670.18,801.00,2,W,5,W
146,693.56,801.10,1,S,3,E
409,692.32,801.30,2,W,5,W
132,611.49,801.60,1,S,5,W
272,618.19,801.90,1,W,5,W
274,647.26,802.20,1,W,5,W
275,656.94,802.50,1,W,5,W
147,727.26,803.50,1,S,1,W
151,729.85,803.80,1,S,1,W
156,771.13,804.10,1,S,1,W
412,765.55,813.87,2,W,3,W
126,540.63,815.50,1,S,5,E
161,776.65,818.70,1,S,1,E
362,608.81,820.00,1,E,5,E
127,573.33,821.94,1,S,5,N
403,616.51,822.24,2,W,5,N
430,601.10,822.54,2,E,5,N
404,627.05,822.84,2,W,5,N
431,619.54,823.14,2,E,5,N
432,668.63,823.44,2,E,5,N
405,627.81,823.74,2,W,5,N
408,683.39,824.04,2,W,5,N
128,608.08,824.34,1,S,5,N
133,613.55,824.64,1,S,5,N
269,567.87,824.94,1,W,5,N
270,587.67,825.24,1,W,5,N
271,592.81,825.54,1,W,5,N
273,631.38,825.84,1,W,5,N
363,647.14,826.44,1,E,5,N
165,812.42,826.55,1,S,1,E
365,694.45,826.74,1,E,5,N
367,700.40,827.04,1,E,5,N
462,736.92,829.87,3,W,5,N
492,712.85,829.87,3,E,5,N
493,714.26,830.17,3,E,5,N
463,740.63,830.17,3,W,5,N
464,741.79,830.47,3,W,5,N
494,720.08,830.47,3,E,5,N
465,764.57,830.77,3,W,5,N
496,736.78,831.07,3,E,5,N
168,820.86,835.00,1,S,1,E
169,822.12,836.26,1,S,1,E
280,702.08,838.67,1,W,3,W
282,725.39,839.27,1,W,3,E
466,778.85,840.62,3,W,5,N
497,787.73,849.50,3,E,5,N
498,788.96,850.73,3,E,5,N
610,781.16,865.64,5,W,5,N
611,782.68,865.94,5,W,5,N
612,790.77,866.24,5,W,5,N
613,793.74,866.54,5,W,5,N
614,794.85,866.84,5,W,5,N
615,808.87,867.14,5,W,5,N
616,809.13,867.44,5,W,5,N
617,811.60,867.74,5,W,5,N
618,827.07,868.04,5,W,5,N
619,837.36,868.34,5,W,5,N
620,837.72,868.64,5,W,5,N
621,839.60,868.94,5,W,5,N
622,842.33,869.24,5,W,5,N
623,844.45,869.54,5,W,5,N
624,854.53,869.84,5,W,5,N
625,855.57,870.14,5,W,5,N
626,856.59,870.44,5,W,5,N
627,857.52,870.74,5,W,5,N
628,863.06,871.04,5,W,5,N
629,864.16,871.34,5,W,5,N
630,864.71,871.64,5,W,5,N
631,866.14,872.27,5,W,5,N
632,867.51,873.65,5,W,5,N
633,869.78,875.91,5,W,5,N
634,871.66,877.80,5,W,5,N
635,872.11,878.25,5,W,5,N
669,814.41,879.64,5,E,5,N
670,824.37,879.94,5,E,5,N
671,827.06,880.24,5,E,5,N
672,856.02,880.54,5,E,5,N
673,873.25,880.84,5,E,5,N
674,876.77,882.90,5,E,5,N
495,729.54,899.40,3,E,5,W
155,770.62,899.70,1,S,3,W
137,651.20,899.70,1,S,5,W
143,685.69,900.00,1,S,5,W
434,737.71,900.30,2,E,5,W
435,760.23,900.60,2,E,5,W
150,729.79,900.90,1,S,5,W
281,718.68,901.20,1,W,5,W
283,750.73,901.50,1,W,5,W
284,756.62,901.80,1,W,5,W
368,730.65,902.10,1,E,5,W
172,825.60,903.90,1,S,1,W
177,836.26,904.20,1,S,1,W
371,787.13,904.95,1,E,5,W
294,800.16,906.60,1,W,2,E
372,792.11,909.94,1,E,5,W
135,649.60,915.70,1,S,5,E
370,761.00,919.60,1,E,5,E
134,648.85,921.54,1,S,5,N
138,651.94,922.14,1,S,5,N
139,653.45,922.44,1,S,5,N
142,683.91,922.74,1,S,5,N
144,686.17,923.04,1,S,5,N
410,726.62,923.34,2,W,5,N
433,715.98,923.64,2,E,5,N
411,740.46,923.94,2,W,5,N
276,678.26,924.24,1,W,5,N
277,690.10,924.54,1,W,5,N
278,691.02,924.84,1,W,5,N
279,698.30,925.14,1,W,5,N
369,741.42,925.44,1,E,5,N
467,844.00,929.67,3,W,5,N
173,825.97,938.77,1,S,3,W
292,797.82,942.07,1,W,3,W
296,803.18,943.27,1,W,3,W
301,850.51,944.77,1,W,3,W
636,874.31,965.54,5,W,5,N
637,895.58,965.84,5,W,5,N
638,898.37,966.14,5,W,5,N
499,800.07,999.30,3,E,5,W
182,878.94,999.50,1,S,3,W
500,846.30,999.60,3,E,5,W
153,767.45,999.90,1,S,5,W
184,880.61,1000.10,1,S,3,E
154,768.21,1000.20,1,S,5,W
158,772.06,1000.50,1,S,5,W
159,773.90,1000.80,1,S,5,W
160,774.08,1001.10,1,S,5,W
163,780.97,1001.40,1,S,5,W
414,865.22,1001.70,2,W,5,W
438,857.29,1002.00,2,E,5,W
166,818.38,1002.30,1,S,5,W
175,835.38,1002.60,1,S,5,W
289,793.44,1002.90,1,W,5,W
297,816.74,1003.20,1,W,5,W
299,838.57,1003.50,1,W,5,W
303,855.25,1003.80,1,W,5,W
174,827.62,1018.90,1,S,5,E
373,802.71,1021.44,1,E,5,N
152,765.27,1021.74,1,S,5,N
157,771.72,1022.04,1,S,5,N
162,779.81,1022.34,1,S,5,N
436,800.92,1022.64,2,E,5,N
413,857.92,1022.94,2,W,5,N
437,846.39,1023.24,2,E,5,N
439,890.30,1023.54,2,E,5,N
164,811.15,1023.84,1,S,5,N
167,819.27,1024.14,1,S,5,N
170,824.58,1024.44,1,S,5,N
171,825.23,1024.74,1,S,5,N
176,836.06,1025.34,1,S,5,N
285,772.14,1025.64,1,W,5,N
286,788.11,1025.94,1,W,5,N
287,789.74,1026.24,1,W,5,N
288,791.60,1026.54,1,W,5,N
290,795.13,1026.84,1,W,5,N
291,796.49,1027.14,1,W,5,N
293,798.95,1027.44,1,W,5,N
295,801.54,1027.74,1,W,5,N
298,818.62,1028.04,1,W,5,N
300,838.98,1028.34,1,W,5,N
302,851.71,1028.64,1,W,5,N
304,857.18,1028.94,1,W,5,N
374,805.43,1029.24,1,E,5,N
375,869.77,1029.54,1,E,5,N
376,871.28,1029.84,1,E,5,N
377,895.75,1099.20,1,E,5,W
501,899.87,1099.50,3,E,5,W
180,843.49,1099.80,1,S,5,W
183,880.45,1100.10,1,S,5,W
310,899.38,1100.40,1,W,5,W
309,898.60,1117.30,1,W,5,E
178,841.07,1121.34,1,S,5,N
179,841.59,1121.64,1,S,5,N
181,877.30,1121.94,1,S,5,N
305,870.64,1122.24,1,W,5,N
306,884.62,1122.54,1,W,5,N
307,888.05,1122.84,1,W,5,N
308,889.78,1123.14,1,W,5,N