id,enter_time,exit_time,entrance_intersection,entrance_direction,exit_intersection,exit_direction
3,32.84,46.98,1,S,1,E
452,10.73,66.44,5,W,5,N
453,12.62,66.74,5,W,5,N
454,12.83,67.04,5,W,5,N
455,14.15,67.34,5,W,5,N
456,30.92,67.64,5,W,5,N
457,46.35,67.94,5,W,5,N
458,47.30,68.24,5,W,5,N
459,49.27,68.54,5,W,5,N
460,56.26,68.84,5,W,5,N
461,58.35,69.14,5,W,5,N
462,58.43,69.44,5,W,5,N
463,60.42,69.74,5,W,5,N
464,62.42,70.04,5,W,5,N
465,64.35,70.49,5,W,5,N
466,69.89,76.03,5,W,5,N
605,3.78,80.44,5,E,5,N
606,48.36,80.74,5,E,5,N
607,92.00,98.13,5,E,5,N
175,17.16,103.70,1,W,2,W
608,97.98,104.12,5,E,5,N
417,56.96,125.73,3,E,5,E
415,54.26,131.27,3,E,5,N
389,17.66,131.27,3,W,5,N
416,55.91,131.57,3,E,5,N
390,28.56,131.57,3,W,5,N
391,29.95,131.87,3,W,5,N
6,34.42,137.67,1,S,3,E
467,92.53,166.34,5,W,5,N
468,105.74,166.64,5,W,5,N
469,124.34,166.94,5,W,5,N
470,125.17,167.24,5,W,5,N
471,126.92,167.54,5,W,5,N
472,127.61,167.84,5,W,5,N
473,128.89,168.14,5,W,5,N
474,156.63,168.44,5,W,5,N
475,157.69,168.74,5,W,5,N
476,159.00,169.04,5,W,5,N
477,160.44,169.34,5,W,5,N
478,160.51,169.64,5,W,5,N
479,161.38,169.94,5,W,5,N
480,162.85,170.24,5,W,5,N
481,163.28,170.54,5,W,5,N
482,166.20,172.34,5,W,5,N
483,169.27,175.41,5,W,5,N
484,170.78,176.91,5,W,5,N
609,105.69,180.34,5,E,5,N
610,111.68,180.64,5,E,5,N
611,135.40,180.94,5,E,5,N
612,178.90,185.04,5,E,5,N
613,179.82,185.96,5,E,5,N
614,185.22,191.35,5,E,5,N
615,185.88,192.02,5,E,5,N
364,27.14,200.10,2,E,5,W
344,69.03,200.40,2,W,5,W
366,98.24,200.70,2,E,5,W
2,32.71,201.00,1,S,5,W
12,126.05,201.10,1,S,1,W
14,129.18,201.10,1,S,2,W
169,1.51,201.30,1,W,5,W
17,134.11,201.40,1,S,1,W
170,2.58,201.60,1,W,5,W
21,145.82,201.70,1,S,1,W
173,7.82,201.90,1,W,5,W
177,20.29,202.20,1,W,5,W
179,35.73,202.50,1,W,5,W
184,90.38,202.60,1,W,2,W
180,43.62,202.80,1,W,5,W
293,44.19,203.10,1,E,5,W
297,83.37,203.40,1,E,5,W
190,105.48,204.40,1,W,2,W
303,162.08,207.10,1,E,2,W
367,141.58,212.67,2,E,3,E
20,144.00,214.20,1,S,1,E
23,147.09,214.80,1,S,1,E
26,151.81,215.70,1,S,1,E
365,58.90,217.00,2,E,5,E
346,91.83,217.90,2,W,5,E
176,18.76,220.00,1,W,5,E
181,47.27,220.60,1,W,5,E
0,1.28,222.24,1,S,5,N
341,32.82,222.54,2,W,5,N
342,43.37,222.84,2,W,5,N
343,44.59,223.44,2,W,5,N
345,79.27,223.74,2,W,5,N
1,32.57,224.34,1,S,5,N
4,33.77,224.64,1,S,5,N
5,34.00,224.94,1,S,5,N
419,152.79,225.23,3,E,5,E
171,4.17,225.24,1,W,5,N
172,5.93,225.54,1,W,5,N
174,7.87,225.84,1,W,5,N
178,22.17,226.44,1,W,5,N
182,56.76,227.04,1,W,5,N
294,49.12,227.34,1,E,5,N
295,70.98,227.64,1,E,5,N
296,74.23,227.94,1,E,5,N
34,214.48,228.61,1,S,1,E
392,103.62,231.07,3,W,5,N
393,121.64,231.37,3,W,5,N
394,140.02,231.67,3,W,5,N
16,131.56,237.77,1,S,3,E
18,136.23,238.07,1,S,3,W
420,187.75,249.52,3,E,5,N
485,195.90,266.24,5,W,5,N
486,197.54,266.54,5,W,5,N
487,213.95,266.84,5,W,5,N
488,229.34,267.14,5,W,5,N
489,229.56,267.44,5,W,5,N
490,230.46,267.74,5,W,5,N
491,236.65,268.04,5,W,5,N
492,255.94,268.34,5,W,5,N
493,256.01,268.64,5,W,5,N
494,256.39,268.94,5,W,5,N
495,259.63,269.24,5,W,5,N
496,259.71,269.54,5,W,5,N
497,262.50,269.84,5,W,5,N
498,262.56,270.14,5,W,5,N
499,263.69,270.44,5,W,5,N
500,264.14,270.74,5,W,5,N
501,265.91,272.04,5,W,5,N
502,267.13,273.27,5,W,5,N
616,232.25,280.24,5,E,5,N
617,284.43,290.57,5,E,5,N
618,291.92,298.05,5,E,5,N
418,109.67,300.00,3,E,5,W
10,88.21,300.30,1,S,5,W
368,153.71,300.60,2,E,5,W
369,199.79,300.90,2,E,5,W
619,294.90,301.04,5,E,5,N
185,91.72,301.20,1,W,5,W
31,211.41,301.50,1,S,1,W
186,93.72,301.50,1,W,5,W
33,214.00,301.80,1,S,1,W
188,98.20,301.80,1,W,5,W
39,287.41,302.10,1,S,1,W
189,101.89,302.10,1,W,5,W
300,126.60,302.40,1,E,5,W
301,144.00,302.70,1,E,5,W
41,289.32,303.46,1,S,1,W
43,290.98,305.11,1,S,1,W
45,292.99,307.13,1,S,1,W
371,270.53,313.07,2,E,3,W
50,299.77,317.00,1,S,1,E
298,103.21,319.60,1,E,5,E
56,306.34,320.48,1,S,1,E
7,84.13,322.14,1,S,5,N
8,85.56,322.44,1,S,5,N
9,85.83,322.74,1,S,5,N
347,125.82,323.04,2,W,5,N
11,122.71,323.34,1,S,5,N
13,127.52,323.64,1,S,5,N
15,130.49,323.94,1,S,5,N
183,79.60,324.24,1,W,5,N
187,96.54,324.54,1,W,5,N
191,125.05,324.84,1,W,5,N
396,226.17,325.03,3,W,5,E
192,126.45,325.14,1,W,5,N
423,245.88,325.33,3,E,5,E
193,145.70,325.44,1,W,5,N
299,117.96,326.04,1,E,5,N
302,151.58,326.34,1,E,5,N
304,164.07,326.64,1,E,5,N
305,171.27,326.94,1,E,5,N
306,199.74,327.24,1,E,5,N
421,205.50,330.87,3,E,5,N
422,244.43,331.17,3,E,5,N
202,214.97,340.27,1,W,3,W
40,288.52,341.02,1,S,2,E
309,279.53,342.07,1,E,3,E
424,294.87,356.64,3,E,5,N
397,295.15,356.92,3,W,5,N
503,282.87,366.14,5,W,5,N
504,284.50,366.44,5,W,5,N
505,284.98,366.74,5,W,5,N
506,290.82,367.04,5,W,5,N
507,291.75,367.34,5,W,5,N
508,292.75,367.64,5,W,5,N
509,294.03,367.94,5,W,5,N
510,295.74,368.24,5,W,5,N
511,297.70,368.54,5,W,5,N
512,299.38,368.84,5,W,5,N
513,315.07,369.14,5,W,5,N
514,316.27,369.44,5,W,5,N
515,323.94,369.74,5,W,5,N
516,324.94,370.04,5,W,5,N
517,325.50,370.34,5,W,5,N
518,326.98,370.64,5,W,5,N
519,329.66,370.94,5,W,5,N
520,360.20,371.24,5,W,5,N
521,370.46,376.59,5,W,5,N
522,371.86,377.99,5,W,5,N
620,300.44,380.14,5,E,5,N
621,305.62,380.44,5,E,5,N
622,306.53,380.74,5,E,5,N
623,307.72,381.04,5,E,5,N
624,313.35,381.34,5,E,5,N
625,363.65,381.64,5,E,5,N
395,209.63,399.90,3,W,5,W
22,146.32,400.20,1,S,5,W
27,177.51,400.50,1,S,5,W
28,178.60,400.80,1,S,5,W
47,297.61,401.00,1,S,3,E
370,245.20,401.10,2,E,5,W
349,233.52,401.40,2,W,5,W
36,216.41,401.70,1,S,5,W
55,306.03,401.90,1,S,1,W
196,193.33,402.00,1,W,5,W
57,343.15,402.20,1,S,1,W
52,301.67,402.20,1,S,3,W
201,213.63,402.30,1,W,5,W
307,268.91,402.60,1,E,5,W
308,277.03,402.90,1,E,5,W
310,280.88,403.20,1,E,5,W
62,395.03,409.16,1,S,1,W
311,291.56,409.38,1,E,5,W
66,397.64,411.78,1,S,1,W
203,218.63,420.40,1,W,5,E
398,298.15,422.04,3,W,5,N
19,138.11,422.34,1,S,5,N
24,148.89,422.64,1,S,5,N
25,150.80,422.94,1,S,5,N
29,179.65,423.24,1,S,5,N
348,223.40,423.54,2,W,5,N
30,209.90,423.84,1,S,5,N
32,212.73,424.14,1,S,5,N
35,215.43,424.44,1,S,5,N
194,167.59,424.74,1,W,5,N
195,169.50,425.04,1,W,5,N
197,195.15,425.34,1,W,5,N
198,196.28,425.64,1,W,5,N
199,210.00,425.94,1,W,5,N
200,213.25,426.24,1,W,5,N
204,238.08,426.84,1,W,5,N
205,257.64,427.14,1,W,5,N
425,343.18,430.67,3,E,5,N
427,346.46,431.27,3,E,5,N
428,348.41,431.57,3,E,5,N
400,382.83,444.60,3,W,5,N
430,391.59,453.36,3,E,5,N
523,373.16,466.04,5,W,5,N
524,388.38,466.34,5,W,5,N
525,391.25,466.64,5,W,5,N
526,407.76,466.94,5,W,5,N
527,409.44,467.24,5,W,5,N
528,426.42,467.54,5,W,5,N
529,429.24,467.84,5,W,5,N
530,430.30,468.14,5,W,5,N
531,431.57,468.44,5,W,5,N
532,432.55,468.74,5,W,5,N
533,436.16,469.04,5,W,5,N
534,442.35,469.34,5,W,5,N
535,444.45,469.64,5,W,5,N
536,444.54,469.94,5,W,5,N
537,446.14,470.24,5,W,5,N
538,447.61,470.54,5,W,5,N
539,448.60,470.84,5,W,5,N
540,455.16,471.14,5,W,5,N
541,456.97,471.44,5,W,5,N
542,460.12,471.74,5,W,5,N
543,462.05,472.04,5,W,5,N
544,469.79,475.92,5,W,5,N
545,470.12,476.25,5,W,5,N
626,405.62,480.04,5,E,5,N
627,411.35,480.34,5,E,5,N
628,483.39,489.53,5,E,5,N
312,295.06,499.80,1,E,5,W
60,345.46,499.90,1,S,3,E
313,300.95,500.10,1,E,5,W
399,322.56,500.40,3,W,5,W
426,344.62,500.70,3,E,5,W
429,385.13,501.00,3,E,5,W
44,291.64,501.30,1,S,5,W
53,301.93,501.60,1,S,5,W
54,304.70,501.90,1,S,5,W
69,399.57,502.00,1,S,3,W
350,314.76,502.20,2,W,5,W
77,439.20,502.30,1,S,1,W
372,316.65,502.50,2,E,5,W
83,452.70,502.60,1,S,1,W
374,385.43,502.80,2,E,5,W
84,453.40,502.90,1,S,1,W
210,316.59,503.10,1,W,5,W
211,317.83,503.40,1,W,5,W
212,321.63,503.70,1,W,5,W
86,490.18,504.32,1,S,1,W
231,453.95,506.20,1,W,2,W
48,299.02,517.00,1,S,5,E
37,250.62,521.94,1,S,5,N
38,252.07,522.24,1,S,5,N
42,290.92,522.54,1,S,5,N
46,294.99,522.84,1,S,5,N
49,299.51,523.44,1,S,5,N
51,301.15,523.74,1,S,5,N
373,364.38,524.04,2,E,5,N
351,390.23,524.34,2,W,5,N
206,276.75,524.64,1,W,5,N
207,295.96,524.94,1,W,5,N
208,314.68,525.24,1,W,5,N
209,315.74,525.54,1,W,5,N
213,323.60,525.84,1,W,5,N
214,340.19,526.14,1,W,5,N
215,347.14,526.44,1,W,5,N
216,351.04,526.74,1,W,5,N
314,303.07,527.04,1,E,5,N
315,349.18,527.34,1,E,5,N
316,360.12,527.64,1,E,5,N
431,448.39,530.47,3,E,5,N
402,429.61,530.77,3,W,5,N
433,467.36,531.07,3,E,5,N
403,429.77,531.07,3,W,5,N
434,474.89,536.66,3,E,5,N
435,476.18,537.95,3,E,5,N
220,376.28,538.97,1,W,3,W
222,384.20,539.57,1,W,3,W
319,451.39,544.37,1,E,3,E
321,469.10,544.97,1,E,3,W
94,538.64,552.78,1,S,1,E
546,477.19,565.94,5,W,5,N
547,487.33,566.24,5,W,5,N
548,489.30,566.54,5,W,5,N
549,491.20,566.84,5,W,5,N
550,494.13,567.14,5,W,5,N
551,516.89,567.44,5,W,5,N
552,518.03,567.74,5,W,5,N
553,519.52,568.04,5,W,5,N
554,532.76,568.34,5,W,5,N
555,547.69,568.64,5,W,5,N
556,554.36,568.94,5,W,5,N
557,560.55,569.24,5,W,5,N
558,567.98,574.12,5,W,5,N
559,568.48,574.62,5,W,5,N
560,570.58,576.71,5,W,5,N
561,571.21,577.35,5,W,5,N
629,554.14,579.94,5,E,5,N
630,554.92,580.24,5,E,5,N
401,412.42,599.70,3,W,5,W
432,457.38,600.00,3,E,5,W
61,394.99,600.30,1,S,5,W
63,395.36,600.60,1,S,5,W
67,398.02,600.90,1,S,5,W
71,400.65,601.20,1,S,5,W
376,440.78,601.50,2,E,5,W
377,458.79,601.80,2,E,5,W
378,492.72,602.10,2,E,5,W
73,435.02,602.40,1,S,5,W
74,436.72,602.70,1,S,5,W
98,583.11,602.70,1,S,1,W
76,437.63,603.00,1,S,5,W
230,452.38,603.30,1,W,5,W
253,562.04,606.90,1,W,2,E
327,568.72,608.10,1,E,2,W
324,491.06,608.89,1,E,5,W
96,580.72,615.80,1,S,1,E
100,586.11,616.70,1,S,1,E
58,343.95,621.84,1,S,5,N
59,344.75,622.14,1,S,5,N
64,396.69,622.44,1,S,5,N
232,455.69,622.60,1,W,5,E
65,396.80,622.74,1,S,5,N
68,399.45,623.04,1,S,5,N
70,399.66,623.34,1,S,5,N
72,402.56,623.64,1,S,5,N
352,468.40,623.94,2,W,5,N
375,426.22,624.24,2,E,5,N
353,470.90,624.54,2,W,5,N
354,496.39,624.84,2,W,5,N
75,437.31,625.14,1,S,5,N
217,370.77,625.44,1,W,5,N
218,372.39,625.74,1,W,5,N
219,374.81,626.04,1,W,5,N
221,382.98,626.34,1,W,5,N
223,388.00,626.64,1,W,5,N
224,407.70,626.94,1,W,5,N
225,408.75,627.24,1,W,5,N
226,409.35,627.54,1,W,5,N
227,417.86,627.84,1,W,5,N
228,435.03,628.14,1,W,5,N
229,450.40,628.44,1,W,5,N
233,459.29,629.04,1,W,5,N
234,460.52,629.34,1,W,5,N
235,461.17,629.64,1,W,5,N
317,406.27,629.94,1,E,5,N
318,409.53,630.24,1,E,5,N
320,459.81,630.54,1,E,5,N
322,474.90,630.84,1,E,5,N
323,480.47,631.14,1,E,5,N
436,524.45,631.44,3,E,5,N
404,499.81,631.74,3,W,5,N
405,501.23,632.04,3,W,5,N
438,540.07,632.34,3,E,5,N
91,505.86,636.97,1,S,3,W
95,579.66,641.62,1,S,2,W
251,543.94,642.37,1,W,3,E
104,595.46,644.02,1,S,2,W
108,637.40,651.54,1,S,1,E
439,590.64,652.41,3,E,5,N
440,592.63,654.40,3,E,5,N
562,573.00,665.84,5,W,5,N
563,573.12,666.14,5,W,5,N
564,575.76,666.44,5,W,5,N
565,581.09,666.74,5,W,5,N
566,582.28,667.04,5,W,5,N
567,583.49,667.34,5,W,5,N
568,584.67,667.64,5,W,5,N
569,585.88,667.94,5,W,5,N
570,587.70,668.24,5,W,5,N
571,594.72,668.54,5,W,5,N
572,595.27,668.84,5,W,5,N
573,627.20,669.14,5,W,5,N
574,634.58,669.44,5,W,5,N
575,642.58,669.74,5,W,5,N
576,643.87,670.04,5,W,5,N
577,645.19,670.34,5,W,5,N
631,626.86,679.84,5,E,5,N
632,628.06,680.14,5,E,5,N
633,633.32,680.44,5,E,5,N
634,688.24,694.38,5,E,5,N
437,533.70,699.60,3,E,5,W
102,590.20,699.80,1,S,3,W
406,552.89,699.90,3,W,5,W
82,450.20,700.20,1,S,5,W
85,454.88,700.50,1,S,5,W
87,490.48,700.80,1,S,5,W
88,491.67,701.10,1,S,5,W
89,497.08,701.40,1,S,5,W
379,518.15,701.70,2,E,5,W
92,536.08,702.00,1,S,5,W
236,468.59,702.30,1,W,5,W
239,472.19,702.60,1,W,5,W
241,475.14,702.90,1,W,5,W
111,639.84,703.10,1,S,1,W
247,502.54,703.20,1,W,5,W
258,601.11,703.40,1,W,2,W
120,687.40,703.40,1,S,1,W
325,552.93,703.50,1,E,5,W
112,641.77,715.90,1,S,1,E
113,641.79,716.20,1,S,1,E
355,503.54,717.10,2,W,5,E
244,478.19,719.50,1,W,5,E
78,442.08,721.74,1,S,5,N
79,443.85,722.04,1,S,5,N
80,445.26,722.34,1,S,5,N
81,449.27,722.64,1,S,5,N
90,504.56,722.94,1,S,5,N
380,563.72,723.54,2,E,5,N
93,536.78,723.84,1,S,5,N
237,470.51,724.14,1,W,5,N
238,471.09,724.44,1,W,5,N
240,473.51,724.74,1,W,5,N
242,475.37,725.04,1,W,5,N
243,477.09,725.34,1,W,5,N
245,479.62,725.94,1,W,5,N
246,490.74,726.24,1,W,5,N
248,517.58,726.54,1,W,5,N
249,519.11,726.84,1,W,5,N
250,522.70,727.14,1,W,5,N
252,552.97,727.44,1,W,5,N
254,564.03,727.74,1,W,5,N
326,557.88,728.04,1,E,5,N
407,623.22,730.07,3,W,5,N
441,638.65,730.07,3,E,5,N
408,633.23,730.37,3,W,5,N
409,651.33,730.67,3,W,5,N
410,656.20,730.97,3,W,5,N
260,607.52,740.07,1,W,3,W
443,678.37,740.14,3,E,5,N
328,625.72,741.87,1,E,3,E
444,680.14,741.91,3,E,5,N
578,682.19,765.74,5,W,5,N
579,703.09,766.04,5,W,5,N
580,704.23,766.34,5,W,5,N
581,704.49,766.64,5,W,5,N
582,711.24,766.94,5,W,5,N
583,714.29,767.24,5,W,5,N
584,723.04,767.54,5,W,5,N
585,725.03,767.84,5,W,5,N
586,726.48,768.14,5,W,5,N
587,740.66,768.44,5,W,5,N
588,751.35,768.74,5,W,5,N
589,752.83,769.04,5,W,5,N
635,733.09,779.74,5,E,5,N
636,748.80,780.04,5,E,5,N
637,751.82,780.34,5,E,5,N
114,645.03,798.70,1,S,3,W
442,676.49,799.50,3,E,5,W
97,581.21,799.80,1,S,5,W
103,591.72,800.10,1,S,5,W
356,600.98,800.40,2,W,5,W
357,640.96,800.70,2,W,5,W
383,677.44,801.00,2,E,5,W
360,669.88,801.30,2,W,5,W
638,795.28,801.42,5,E,5,N
106,635.29,801.60,1,S,5,W
255,567.45,801.90,1,W,5,W
257,588.73,802.20,1,W,5,W
268,697.04,802.90,1,W,2,W
124,727.26,803.50,1,S,1,W
130,762.88,803.80,1,S,1,W
99,585.03,815.50,1,S,5,E
101,586.81,821.94,1,S,5,N
381,608.89,822.24,2,E,5,N
382,656.81,822.54,2,E,5,N
358,643.37,822.84,2,W,5,N
359,655.56,823.14,2,W,5,N
105,634.01,823.44,1,S,5,N
107,637.15,823.74,1,S,5,N
109,637.87,824.04,1,S,5,N
110,638.54,824.34,1,S,5,N
256,571.15,824.64,1,W,5,N
259,604.25,824.94,1,W,5,N
261,623.70,825.24,1,W,5,N
262,625.68,825.54,1,W,5,N
263,639.98,825.84,1,W,5,N
264,641.82,826.14,1,W,5,N
265,658.53,826.44,1,W,5,N
329,674.04,826.74,1,E,5,N
446,774.50,830.13,3,E,5,E
412,776.32,838.09,3,W,5,N
269,698.82,839.27,1,W,3,W
272,740.68,840.17,1,W,3,E
132,764.92,843.62,1,S,2,E
137,774.99,845.12,1,S,2,W
590,783.87,865.64,5,W,5,N
591,812.13,865.94,5,W,5,N
592,814.71,866.24,5,W,5,N
593,821.15,866.54,5,W,5,N
594,823.70,866.84,5,W,5,N
595,837.72,867.14,5,W,5,N
596,838.58,867.44,5,W,5,N
597,839.76,867.74,5,W,5,N
598,840.09,868.04,5,W,5,N
599,866.86,873.00,5,W,5,N
639,865.03,879.64,5,E,5,N
640,882.11,888.25,5,E,5,N
411,710.21,899.40,3,W,5,W
445,726.34,899.70,3,E,5,W
121,688.07,900.00,1,S,5,W
122,725.18,900.30,1,S,5,W
267,694.59,900.60,1,W,5,W
273,761.90,900.90,1,W,5,W
330,710.94,901.20,1,E,5,W
332,714.28,901.50,1,E,5,W
143,814.23,903.90,1,S,1,W
145,842.29,904.20,1,S,1,W
281,834.37,904.50,1,W,2,E
149,845.50,904.50,1,S,1,W
157,880.79,904.80,1,S,1,W
158,882.39,905.10,1,S,1,W
160,884.42,905.40,1,S,1,W
164,888.23,905.70,1,S,1,W
166,895.83,909.97,1,S,1,W
118,656.23,916.30,1,S,5,E
151,847.76,918.20,1,S,1,E
126,731.30,918.70,1,S,5,E
162,886.71,920.60,1,S,1,E
115,646.13,921.54,1,S,5,N
116,649.05,921.84,1,S,5,N
117,655.03,922.14,1,S,5,N
119,656.57,922.74,1,S,5,N
361,748.10,923.04,2,W,5,N
384,726.41,923.34,2,E,5,N
385,738.56,923.64,2,E,5,N
386,783.34,923.94,2,E,5,N
123,725.62,924.24,1,S,5,N
125,729.06,924.54,1,S,5,N
266,674.21,925.14,1,W,5,N
270,706.16,925.44,1,W,5,N
271,728.32,925.74,1,W,5,N
331,711.98,926.04,1,E,5,N
333,779.16,926.34,1,E,5,N
334,788.47,926.64,1,E,5,N
413,837.42,929.67,3,W,5,N
448,825.62,929.97,3,E,5,N
450,876.27,938.04,3,E,5,N
451,877.77,939.54,3,E,5,N
335,807.76,942.67,1,E,3,W
338,853.10,943.57,1,E,3,W
414,893.58,955.35,3,W,5,N
340,893.35,955.54,1,E,3,E
600,885.59,965.54,5,W,5,N
601,887.41,965.84,5,W,5,N
602,889.36,966.14,5,W,5,N
603,891.99,966.44,5,W,5,N
604,893.38,966.74,5,W,5,N
447,807.78,999.30,3,E,5,W
449,862.82,999.60,3,E,5,W
128,762.43,999.90,1,S,5,W
131,764.48,1000.20,1,S,5,W
133,768.00,1000.50,1,S,5,W
134,769.59,1000.80,1,S,5,W
135,770.09,1001.10,1,S,5,W
136,771.17,1001.40,1,S,5,W
138,775.67,1001.70,1,S,5,W
387,823.46,1002.00,2,E,5,W
388,868.26,1002.30,2,E,5,W
363,864.70,1002.60,2,W,5,W
278,822.09,1002.90,1,W,5,W
280,832.67,1003.20,1,W,5,W
283,852.89,1003.50,1,W,5,W
292,894.49,1004.60,1,W,2,E
127,762.10,1021.44,1,S,5,N
129,762.52,1021.74,1,S,5,N
362,828.96,1022.04,2,W,5,N
139,777.66,1022.34,1,S,5,N
140,777.72,1022.64,1,S,5,N
141,811.55,1022.94,1,S,5,N
142,812.63,1023.24,1,S,5,N
274,781.80,1023.54,1,W,5,N
275,783.51,1023.84,1,W,5,N
276,804.78,1024.14,1,W,5,N
277,820.95,1024.44,1,W,5,N
279,823.86,1024.74,1,W,5,N
282,851.07,1025.04,1,W,5,N
284,854.72,1025.34,1,W,5,N
285,856.37,1025.64,1,W,5,N
286,863.92,1025.94,1,W,5,N
287,867.69,1026.24,1,W,5,N
336,837.20,1026.54,1,E,5,N
337,851.29,1026.84,1,E,5,N
339,869.04,1027.14,1,E,5,N
165,893.98,1038.57,1,S,3,E
288,889.97,1039.47,1,W,3,E
144,841.79,1099.20,1,S,5,W
148,844.21,1099.50,1,S,5,W
150,846.03,1099.80,1,S,5,W
161,885.13,1100.10,1,S,5,W
167,896.75,1100.40,1,S,5,W
289,891.53,1100.70,1,W,5,W
291,894.38,1101.00,1,W,5,W
156,858.38,1117.00,1,S,5,E
168,899.31,1117.90,1,S,5,E
146,842.91,1121.34,1,S,5,N
147,843.08,1121.64,1,S,5,N
152,849.10,1121.94,1,S,5,N
153,854.91,1122.24,1,S,5,N
154,855.94,1122.54,1,S,5,N
155,857.85,1122.84,1,S,5,N
159,882.61,1123.44,1,S,5,N
163,887.81,1123.74,1,S,5,N
290,892.67,1124.34,1,W,5,N