id,enter_time,exit_time,entrance_intersection,entrance_direction,exit_intersection,exit_direction
522,6.97,66.44,5,W,5,N
523,7.11,66.74,5,W,5,N
524,17.71,67.04,5,W,5,N
525,18.30,67.34,5,W,5,N
526,19.48,67.64,5,W,5,N
527,19.59,67.94,5,W,5,N
528,21.75,68.24,5,W,5,N
529,50.31,68.54,5,W,5,N
530,53.09,68.84,5,W,5,N
531,53.59,69.14,5,W,5,N
637,1.24,80.44,5,E,5,N
638,52.71,80.74,5,E,5,N
639,58.21,81.04,5,E,5,N
640,60.05,81.34,5,E,5,N
8,8.46,100.70,1,S,1,W
14,17.47,101.00,1,S,1,W
15,18.13,101.30,1,S,1,W
208,48.42,106.10,1,W,2,W
430,21.75,131.27,3,W,5,N
431,25.01,131.57,3,W,5,N
432,53.78,131.87,3,W,5,N
3,4.61,136.47,1,S,3,W
26,124.12,138.26,1,S,1,E
20,67.49,140.22,1,S,2,W
323,52.90,144.27,1,E,3,W
29,130.34,144.47,1,S,1,E
464,97.14,158.91,3,E,5,N
532,84.39,166.34,5,W,5,N
533,85.48,166.64,5,W,5,N
534,98.73,166.94,5,W,5,N
535,101.28,167.24,5,W,5,N
536,103.35,167.54,5,W,5,N
537,133.58,167.84,5,W,5,N
538,136.57,168.14,5,W,5,N
539,147.36,168.44,5,W,5,N
540,148.51,168.74,5,W,5,N
541,152.25,169.04,5,W,5,N
542,169.06,175.20,5,W,5,N
641,129.20,180.34,5,E,5,N
642,180.62,186.75,5,E,5,N
462,8.47,200.10,3,E,5,W
463,44.29,200.40,3,E,5,W
2,3.58,200.70,1,S,5,W
377,3.51,201.00,2,W,5,W
25,116.97,201.10,1,S,1,W
405,32.08,201.30,2,E,5,W
35,141.31,201.40,1,S,1,W
6,7.61,201.60,1,S,5,W
38,144.07,201.70,1,S,1,W
11,15.41,201.90,1,S,5,W
39,144.48,202.00,1,S,1,W
16,20.19,202.20,1,S,5,W
42,148.34,202.30,1,S,1,W
47,188.33,202.47,1,S,1,W
17,20.81,202.50,1,S,5,W
202,2.63,202.80,1,W,5,W
207,47.93,203.10,1,W,5,W
209,49.46,203.40,1,W,5,W
643,198.40,204.54,5,E,5,N
326,90.90,208.72,1,E,5,W
50,192.81,217.50,1,S,1,E
321,18.26,222.10,1,E,5,E
0,1.25,222.24,1,S,5,N
1,2.35,222.54,1,S,5,N
406,47.67,222.84,2,E,5,N
407,84.86,223.14,2,E,5,N
378,96.74,223.44,2,W,5,N
4,5.13,223.74,1,S,5,N
5,5.82,224.04,1,S,5,N
7,8.42,224.34,1,S,5,N
9,8.85,224.64,1,S,5,N
10,10.08,224.94,1,S,5,N
12,15.60,225.24,1,S,5,N
435,142.22,225.53,3,W,5,E
13,16.87,225.54,1,S,5,N
201,1.35,225.84,1,W,5,N
203,27.67,226.14,1,W,5,N
204,28.75,226.44,1,W,5,N
205,35.99,226.74,1,W,5,N
206,42.02,227.04,1,W,5,N
318,10.04,227.34,1,E,5,N
319,16.70,227.64,1,E,5,N
320,16.76,227.94,1,E,5,N
322,49.14,228.54,1,E,5,N
324,57.18,228.84,1,E,5,N
325,83.56,229.14,1,E,5,N
433,108.82,231.07,3,W,5,N
465,152.14,231.07,3,E,5,N
466,154.03,231.37,3,E,5,N
214,82.93,240.17,1,W,3,E
543,176.53,266.24,5,W,5,N
544,178.10,266.54,5,W,5,N
545,178.14,266.84,5,W,5,N
546,181.31,267.14,5,W,5,N
547,181.72,267.44,5,W,5,N
548,184.24,267.74,5,W,5,N
549,185.29,268.04,5,W,5,N
550,186.96,268.34,5,W,5,N
551,188.46,268.64,5,W,5,N
552,190.45,268.94,5,W,5,N
553,191.21,269.24,5,W,5,N
554,193.22,269.54,5,W,5,N
555,201.18,269.84,5,W,5,N
556,202.50,270.14,5,W,5,N
557,203.64,270.44,5,W,5,N
558,234.99,270.74,5,W,5,N
559,236.04,271.04,5,W,5,N
560,239.75,271.34,5,W,5,N
561,255.05,271.64,5,W,5,N
562,256.46,271.94,5,W,5,N
563,257.16,272.24,5,W,5,N
564,259.94,272.54,5,W,5,N
644,199.90,280.24,5,E,5,N
645,201.24,280.54,5,E,5,N
646,206.91,280.84,5,E,5,N
647,214.96,281.14,5,E,5,N
648,215.05,281.44,5,E,5,N
649,215.30,281.74,5,E,5,N
650,269.88,282.04,5,E,5,N
651,276.02,282.15,5,E,5,N
652,285.67,291.80,5,E,5,N
33,137.51,299.70,1,S,3,E
434,116.85,300.00,3,W,5,W
467,155.80,300.30,3,E,5,W
468,198.84,300.60,3,E,5,W
18,65.90,300.90,1,S,5,W
380,145.43,301.20,2,W,5,W
55,273.97,301.50,1,S,1,W
22,114.30,301.50,1,S,5,W
57,275.39,301.80,1,S,1,W
211,70.47,301.80,1,W,5,W
219,129.01,302.10,1,W,5,W
220,152.86,302.40,1,W,5,W
221,160.07,302.70,1,W,5,W
222,162.68,303.00,1,W,5,W
223,164.19,303.30,1,W,5,W
328,190.70,308.52,1,E,5,W
329,193.84,311.66,1,E,5,W
408,131.68,316.90,2,E,5,E
217,120.43,321.40,1,W,5,E
327,126.97,322.00,1,E,5,E
19,66.16,322.14,1,S,5,N
21,69.05,322.44,1,S,5,N
379,133.44,322.74,2,W,5,N
409,180.39,323.34,2,E,5,N
381,181.51,323.64,2,W,5,N
23,114.70,323.94,1,S,5,N
24,115.50,324.24,1,S,5,N
27,127.48,324.54,1,S,5,N
469,214.76,324.73,3,E,5,E
28,129.38,324.84,1,S,5,N
30,132.54,325.14,1,S,5,N
31,136.15,325.44,1,S,5,N
32,137.22,325.74,1,S,5,N
210,70.14,326.04,1,W,5,N
212,80.22,326.34,1,W,5,N
213,81.84,326.64,1,W,5,N
215,99.36,326.94,1,W,5,N
216,119.04,327.24,1,W,5,N
218,122.19,327.84,1,W,5,N
436,201.10,330.87,3,W,5,N
437,251.89,331.17,3,W,5,N
470,229.48,331.17,3,E,5,N
471,235.99,331.47,3,E,5,N
473,245.61,332.07,3,E,5,N
71,320.63,334.77,1,S,1,E
72,321.00,335.14,1,S,1,E
332,252.93,340.87,1,E,3,E
56,274.23,341.02,1,S,2,W
333,263.63,341.17,1,E,3,E
474,288.92,350.69,3,E,5,N
565,274.42,366.14,5,W,5,N
566,275.74,366.44,5,W,5,N
567,285.24,366.74,5,W,5,N
568,286.40,367.04,5,W,5,N
569,292.83,367.34,5,W,5,N
570,305.39,367.64,5,W,5,N
571,339.73,367.94,5,W,5,N
572,339.90,368.24,5,W,5,N
573,341.85,368.54,5,W,5,N
574,343.82,368.84,5,W,5,N
575,354.14,369.14,5,W,5,N
576,357.09,369.44,5,W,5,N
577,358.02,369.74,5,W,5,N
578,358.65,370.04,5,W,5,N
579,358.94,370.34,5,W,5,N
580,366.59,372.72,5,W,5,N
653,351.64,380.14,5,E,5,N
654,352.45,380.44,5,E,5,N
655,392.48,398.62,5,E,5,N
54,272.73,399.80,1,S,3,W
472,237.68,399.90,3,E,5,W
475,290.22,400.20,3,E,5,W
36,142.89,400.50,1,S,5,W
37,143.48,400.80,1,S,5,W
48,189.53,401.10,1,S,5,W
49,190.95,401.40,1,S,5,W
410,226.70,401.70,2,E,5,W
59,310.35,401.90,1,S,1,W
52,229.96,402.00,1,S,5,W
65,314.05,402.20,1,S,1,W
232,246.65,402.30,1,W,5,W
77,329.01,402.50,1,S,1,W
233,261.87,402.60,1,W,5,W
68,317.77,403.10,1,S,2,W
73,322.32,404.00,1,S,2,E
74,322.65,404.30,1,S,2,W
75,322.67,404.60,1,S,2,W
78,333.89,405.20,1,S,2,W
382,219.08,418.00,2,W,5,E
34,139.48,422.04,1,S,5,N
40,145.65,422.34,1,S,5,N
41,146.83,422.64,1,S,5,N
43,149.83,422.94,1,S,5,N
44,150.62,423.24,1,S,5,N
45,153.39,423.54,1,S,5,N
46,188.29,423.84,1,S,5,N
411,267.32,424.44,2,E,5,N
383,243.54,424.74,2,W,5,N
384,266.72,425.04,2,W,5,N
412,286.44,425.34,2,E,5,N
479,354.87,425.43,3,E,5,E
385,292.69,425.64,2,W,5,N
51,229.85,425.94,1,S,5,N
224,180.47,426.24,1,W,5,N
225,181.95,426.54,1,W,5,N
226,183.40,426.84,1,W,5,N
227,186.94,427.14,1,W,5,N
228,195.02,427.44,1,W,5,N
229,196.28,427.74,1,W,5,N
230,206.07,428.04,1,W,5,N
231,222.18,428.34,1,W,5,N
330,243.44,428.64,1,E,5,N
331,247.72,428.94,1,E,5,N
438,302.52,430.67,3,W,5,N
439,331.44,430.97,3,W,5,N
440,332.60,431.27,3,W,5,N
478,347.14,431.27,3,E,5,N
441,337.80,431.57,3,W,5,N
480,356.62,431.87,3,E,5,N
482,368.02,432.47,3,E,5,N
443,371.25,433.02,3,W,5,N
60,311.01,437.07,1,S,3,W
64,313.65,438.27,1,S,3,W
67,316.70,438.87,1,S,3,W
483,387.26,449.03,3,E,5,N
581,391.97,466.04,5,W,5,N
582,439.08,466.34,5,W,5,N
583,440.90,466.64,5,W,5,N
584,450.23,466.94,5,W,5,N
585,451.41,467.24,5,W,5,N
586,456.43,467.54,5,W,5,N
587,457.42,467.84,5,W,5,N
588,459.39,468.14,5,W,5,N
656,435.05,480.04,5,E,5,N
657,436.52,480.34,5,E,5,N
658,453.34,480.64,5,E,5,N
334,297.06,499.80,1,E,5,W
476,334.61,500.10,3,E,5,W
477,340.87,500.40,3,E,5,W
442,367.20,500.70,3,W,5,W
481,366.77,501.00,3,E,5,W
444,392.58,501.30,3,W,5,W
386,317.39,501.60,2,W,5,W
414,368.64,501.90,2,E,5,W
388,334.27,502.20,2,W,5,W
58,309.53,502.50,1,S,5,W
66,315.09,502.80,1,S,5,W
239,330.55,503.10,1,W,5,W
240,331.87,503.40,1,W,5,W
335,314.47,503.70,1,E,5,W
339,369.29,504.00,1,E,5,W
340,372.24,504.30,1,E,5,W
62,311.75,517.00,1,S,5,E
69,318.66,517.60,1,S,5,E
53,268.48,521.94,1,S,5,N
413,324.39,522.24,2,E,5,N
387,330.86,522.54,2,W,5,N
61,311.10,522.84,1,S,5,N
63,312.94,523.44,1,S,5,N
70,320.39,524.04,1,S,5,N
76,328.02,524.34,1,S,5,N
234,281.53,524.64,1,W,5,N
235,290.41,524.94,1,W,5,N
448,468.02,525.23,3,W,5,E
236,297.50,525.24,1,W,5,N
237,317.12,525.54,1,W,5,N
238,318.35,525.84,1,W,5,N
241,348.83,526.14,1,W,5,N
336,343.45,526.44,1,E,5,N
337,346.69,526.74,1,E,5,N
338,366.68,527.04,1,E,5,N
394,492.35,528.42,2,W,3,W
104,514.76,528.90,1,S,1,E
486,432.96,531.07,3,E,5,N
245,374.68,540.77,1,W,3,W
253,426.20,543.17,1,W,3,W
258,454.25,544.67,1,W,3,W
344,442.18,545.87,1,E,3,W
489,493.02,554.79,3,E,5,N
490,494.41,556.18,3,E,5,N
589,487.51,565.94,5,W,5,N
590,487.99,566.24,5,W,5,N
591,523.65,566.54,5,W,5,N
592,526.23,566.84,5,W,5,N
593,528.68,567.14,5,W,5,N
594,538.75,567.44,5,W,5,N
595,540.78,567.74,5,W,5,N
596,548.03,568.04,5,W,5,N
597,565.74,571.88,5,W,5,N
659,527.79,579.94,5,E,5,N
660,528.33,580.24,5,E,5,N
661,534.24,580.54,5,E,5,N
662,539.61,580.84,5,E,5,N
663,559.84,581.14,5,E,5,N
664,561.34,581.44,5,E,5,N
93,468.03,599.10,1,S,3,W
484,425.50,599.70,3,E,5,W
445,409.42,600.00,3,W,5,W
485,431.78,600.30,3,E,5,W
446,462.73,600.60,3,W,5,W
447,465.37,600.90,3,W,5,W
487,482.28,601.20,3,E,5,W
488,491.26,601.50,3,E,5,W
80,365.74,601.80,1,S,5,W
81,367.56,602.10,1,S,5,W
82,368.57,602.40,1,S,5,W
415,411.80,602.70,2,E,5,W
105,516.45,602.70,1,S,1,W
416,461.60,603.00,2,E,5,W
106,516.60,603.00,1,S,1,W
390,449.29,603.30,2,W,5,W
107,517.53,603.30,1,S,1,W
391,462.62,603.60,2,W,5,W
108,517.75,603.60,1,S,1,W
392,469.23,603.90,2,W,5,W
110,524.06,603.90,1,S,1,W
85,411.64,604.20,1,S,5,W
111,524.56,604.20,1,S,1,W
87,415.15,604.50,1,S,5,W
114,529.86,604.50,1,S,1,W
91,419.48,604.80,1,S,5,W
123,575.41,604.80,1,S,1,W
243,373.25,605.10,1,W,5,W
247,381.90,605.40,1,W,5,W
250,407.32,605.70,1,W,5,W
265,542.06,605.70,1,W,2,W
346,459.81,606.00,1,E,5,W
350,489.30,607.12,1,E,5,W
389,415.17,616.00,2,W,5,E
393,480.33,616.30,2,W,5,E
126,579.02,618.50,1,S,1,E
244,374.65,619.00,1,W,5,E
128,581.12,619.10,1,S,1,E
79,364.97,621.84,1,S,5,N
83,409.23,622.74,1,S,5,N
84,411.51,623.04,1,S,5,N
86,413.62,623.34,1,S,5,N
88,416.37,623.64,1,S,5,N
89,417.90,623.94,1,S,5,N
90,419.45,624.24,1,S,5,N
92,421.27,624.54,1,S,5,N
242,367.56,624.84,1,W,5,N
246,380.28,625.44,1,W,5,N
248,387.11,625.74,1,W,5,N
249,406.51,626.04,1,W,5,N
251,407.77,626.34,1,W,5,N
252,409.55,626.64,1,W,5,N
254,427.96,626.94,1,W,5,N
255,429.08,627.24,1,W,5,N
256,430.65,627.54,1,W,5,N
257,431.95,627.84,1,W,5,N
341,404.38,628.14,1,E,5,N
342,405.59,628.44,1,E,5,N
343,408.79,628.74,1,E,5,N
345,445.11,629.04,1,E,5,N
347,460.89,629.34,1,E,5,N
348,469.57,629.64,1,E,5,N
349,483.41,629.94,1,E,5,N
449,518.86,630.27,3,W,5,N
492,501.59,630.57,3,E,5,N
493,503.43,630.87,3,E,5,N
495,546.44,631.47,3,E,5,N
496,562.73,631.77,3,E,5,N
498,565.13,632.37,3,E,5,N
98,506.49,637.27,1,S,3,E
261,497.75,640.57,1,W,3,W
115,566.81,641.62,1,S,2,E
267,561.71,642.37,1,W,3,W
119,570.64,642.82,1,S,2,W
499,581.81,643.58,3,E,5,N
351,516.12,643.87,1,E,3,E
598,574.49,665.84,5,W,5,N
599,607.81,666.14,5,W,5,N
600,609.65,666.44,5,W,5,N
601,616.16,666.74,5,W,5,N
602,617.65,667.04,5,W,5,N
603,618.94,667.34,5,W,5,N
604,628.38,667.64,5,W,5,N
605,629.94,667.94,5,W,5,N
606,632.66,668.24,5,W,5,N
607,633.41,668.54,5,W,5,N
608,641.32,668.84,5,W,5,N
609,643.17,669.14,5,W,5,N
610,658.32,669.44,5,W,5,N
611,659.89,669.74,5,W,5,N
612,660.92,670.04,5,W,5,N
613,661.25,670.34,5,W,5,N
614,671.73,677.86,5,W,5,N
665,615.12,679.84,5,E,5,N
666,616.84,680.14,5,E,5,N
667,620.72,680.44,5,E,5,N
668,687.14,693.27,5,E,5,N
669,687.18,693.32,5,E,5,N
670,688.14,694.27,5,E,5,N
491,500.36,699.60,3,E,5,W
494,504.63,699.90,3,E,5,W
497,563.80,700.20,3,E,5,W
450,570.41,700.50,3,W,5,W
419,566.10,700.80,2,E,5,W
263,519.43,701.10,1,W,5,W
127,579.39,701.30,1,S,3,W
264,520.64,701.40,1,W,5,W
133,633.48,701.60,1,S,2,E
269,563.97,701.70,1,W,5,W
352,522.29,702.00,1,E,5,W
356,560.35,702.30,1,E,5,W
274,570.82,703.10,1,W,2,E
129,606.64,703.10,1,S,1,W
131,632.42,703.40,1,S,1,W
136,669.90,703.70,1,S,1,W
137,671.06,704.00,1,S,1,W
138,672.57,704.30,1,S,1,W
146,684.56,704.60,1,S,1,W
420,609.11,713.17,2,E,3,E
422,652.75,713.77,2,E,3,W
395,579.15,717.10,2,W,5,E
145,680.61,717.70,1,S,1,E
94,469.68,721.74,1,S,5,N
95,503.37,722.04,1,S,5,N
96,504.57,722.34,1,S,5,N
417,510.85,722.64,2,E,5,N
418,524.94,722.94,2,E,5,N
396,579.92,723.54,2,W,5,N
97,505.44,723.84,1,S,5,N
500,599.09,723.93,3,E,5,E
99,507.23,724.14,1,S,5,N
100,509.06,724.44,1,S,5,N
101,509.67,724.74,1,S,5,N
503,617.37,724.83,3,E,5,E
102,512.33,725.04,1,S,5,N
103,513.44,725.34,1,S,5,N
505,631.85,725.43,3,E,5,E
109,518.15,725.64,1,S,5,N
112,526.20,725.94,1,S,5,N
113,528.14,726.24,1,S,5,N
259,478.21,726.54,1,W,5,N
260,481.60,726.84,1,W,5,N
262,519.27,727.14,1,W,5,N
266,542.12,727.44,1,W,5,N
268,562.09,727.74,1,W,5,N
270,564.25,728.04,1,W,5,N
271,566.25,728.34,1,W,5,N
353,527.31,728.64,1,E,5,N
354,532.38,728.94,1,E,5,N
355,542.08,729.24,1,E,5,N
357,563.46,729.54,1,E,5,N
501,600.66,730.37,3,E,5,N
502,602.51,730.67,3,E,5,N
504,625.57,731.27,3,E,5,N
507,659.67,732.17,3,E,5,N
508,670.29,732.47,3,E,5,N
510,673.52,735.29,3,E,5,N
275,585.95,739.47,1,W,3,E
144,679.18,743.52,1,S,2,E
615,674.62,765.74,5,W,5,N
616,701.34,766.04,5,W,5,N
617,703.65,766.34,5,W,5,N
618,704.18,766.64,5,W,5,N
619,711.79,766.94,5,W,5,N
620,713.10,767.24,5,W,5,N
621,714.06,767.54,5,W,5,N
622,740.89,767.84,5,W,5,N
623,741.99,768.14,5,W,5,N
624,743.64,768.44,5,W,5,N
625,749.91,768.74,5,W,5,N
626,757.60,769.04,5,W,5,N
627,762.43,769.34,5,W,5,N
628,764.36,770.49,5,W,5,N
671,759.27,779.74,5,E,5,N
672,773.61,779.75,5,E,5,N
358,599.67,799.50,1,E,5,W
451,624.10,799.80,3,W,5,W
452,649.39,800.10,3,W,5,W
506,642.87,800.40,3,E,5,W
509,671.99,800.70,3,E,5,W
511,685.46,801.00,3,E,5,W
116,567.79,801.30,1,S,5,W
117,569.92,801.60,1,S,5,W
397,661.90,801.90,2,W,5,W
423,676.18,802.20,2,E,5,W
272,567.52,802.50,1,W,5,W
280,603.45,802.80,1,W,5,W
283,628.29,803.10,1,W,5,W
360,610.74,803.40,1,E,5,W
148,723.85,803.50,1,S,1,W
361,661.29,803.70,1,E,5,W
149,726.01,803.80,1,S,1,W
153,731.17,804.10,1,S,1,W
157,778.35,804.40,1,S,1,W
285,651.44,821.50,1,W,5,E
118,570.42,821.64,1,S,5,N
286,652.91,821.80,1,W,5,E
120,572.33,821.94,1,S,5,N
121,573.26,822.24,1,S,5,N
122,574.26,822.54,1,S,5,N
363,679.02,822.70,1,E,5,E
124,577.08,822.84,1,S,5,N
125,577.54,823.14,1,S,5,N
421,638.65,823.44,2,E,5,N
512,716.39,823.73,3,E,5,E
398,676.40,823.74,2,W,5,N
130,631.97,824.04,1,S,5,N
132,632.63,824.34,1,S,5,N
134,635.17,824.64,1,S,5,N
135,636.12,824.94,1,S,5,N
273,569.41,825.24,1,W,5,N
276,586.49,825.54,1,W,5,N
277,593.10,825.84,1,W,5,N
278,601.12,826.14,1,W,5,N
279,602.99,826.44,1,W,5,N
281,605.16,826.74,1,W,5,N
282,609.12,827.04,1,W,5,N
284,629.43,827.34,1,W,5,N
359,605.29,828.24,1,E,5,N
362,675.36,828.54,1,E,5,N
364,687.70,829.14,1,E,5,N
453,713.62,829.87,3,W,5,N
455,736.03,830.47,3,W,5,N
164,817.41,831.55,1,S,1,E
289,686.13,839.27,1,W,3,W
294,727.28,840.77,1,W,3,W
516,788.58,850.35,3,E,5,N
371,789.05,851.24,1,E,3,E
457,795.91,851.54,3,W,5,E
629,780.52,865.64,5,W,5,N
630,786.69,865.94,5,W,5,N
631,826.09,866.24,5,W,5,N
632,859.87,866.54,5,W,5,N
633,861.08,867.22,5,W,5,N
634,861.93,868.07,5,W,5,N
635,863.39,869.52,5,W,5,N
673,820.85,879.64,5,E,5,N
674,848.14,879.94,5,E,5,N
675,890.91,897.05,5,E,5,N
513,748.89,899.40,3,E,5,W
454,718.58,899.70,3,W,5,W
514,765.80,900.00,3,E,5,W
676,893.93,900.07,5,E,5,N
456,745.20,900.30,3,W,5,W
515,781.39,900.60,3,E,5,W
141,676.68,900.90,1,S,5,W
143,678.46,901.20,1,S,5,W
147,685.53,901.50,1,S,5,W
400,797.46,901.80,2,W,5,W
150,726.80,902.10,1,S,5,W
151,728.83,902.40,1,S,5,W
152,730.38,902.70,1,S,5,W
154,731.40,903.00,1,S,5,W
296,729.84,903.30,1,W,5,W
298,740.08,903.60,1,W,5,W
299,761.66,903.90,1,W,5,W
160,811.27,903.90,1,S,1,W
300,762.77,904.20,1,W,5,W
168,824.11,904.20,1,S,1,W
677,898.24,904.38,5,E,5,N
367,736.54,904.50,1,E,5,W
170,830.53,904.50,1,S,1,W
370,785.92,904.80,1,E,5,W
173,863.32,904.80,1,S,1,W
177,869.23,905.10,1,S,1,W
182,874.21,905.40,1,S,1,W
184,874.93,905.70,1,S,1,W
316,859.74,907.80,1,W,2,W
376,890.32,916.44,1,E,2,W
172,861.94,917.00,1,S,1,E
297,738.44,919.90,1,W,5,E
369,780.37,921.10,1,E,5,E
139,673.41,921.54,1,S,5,N
140,674.10,921.84,1,S,5,N
142,677.87,922.14,1,S,5,N
424,719.63,922.44,2,E,5,N
399,703.75,922.74,2,W,5,N
425,734.48,923.04,2,E,5,N
426,775.23,923.34,2,E,5,N
155,732.96,923.64,1,S,5,N
287,674.90,923.94,1,W,5,N
288,684.23,924.24,1,W,5,N
290,701.24,924.54,1,W,5,N
291,717.26,924.84,1,W,5,N
292,723.92,925.14,1,W,5,N
293,724.63,925.44,1,W,5,N
295,728.65,925.74,1,W,5,N
365,705.54,926.34,1,E,5,N
366,732.79,926.64,1,E,5,N
368,770.44,926.94,1,E,5,N
517,835.76,929.67,3,E,5,N
518,837.44,929.97,3,E,5,N
519,850.37,930.27,3,E,5,N
521,861.08,930.87,3,E,5,N
161,813.17,937.27,1,S,3,E
305,799.56,940.57,1,W,3,E
309,806.15,941.77,1,W,3,E
461,891.22,952.99,3,W,5,N
636,883.74,965.54,5,W,5,N
678,899.83,979.54,5,E,5,N
458,853.89,999.30,3,W,5,W
459,866.45,999.60,3,W,5,W
460,867.24,999.90,3,W,5,W
520,852.36,1000.20,3,E,5,W
401,811.66,1000.50,2,W,5,W
183,874.69,1000.70,1,S,3,E
429,879.25,1000.80,2,E,5,W
167,822.98,1001.10,1,S,5,W
301,781.80,1001.40,1,W,5,W
304,785.74,1001.70,1,W,5,W
306,799.62,1002.00,1,W,5,W
310,823.02,1002.30,1,W,5,W
315,857.97,1002.60,1,W,5,W
372,815.09,1002.90,1,E,5,W
195,896.12,1004.30,1,S,2,W
156,776.94,1015.30,1,S,5,E
166,820.99,1018.60,1,S,5,E
158,778.62,1021.74,1,S,5,N
159,779.81,1022.04,1,S,5,N
427,815.99,1022.34,2,E,5,N
428,830.04,1022.64,2,E,5,N
402,824.62,1022.94,2,W,5,N
403,838.54,1023.24,2,W,5,N
404,863.74,1023.54,2,W,5,N
162,814.74,1023.84,1,S,5,N
163,815.72,1024.14,1,S,5,N
165,819.35,1024.44,1,S,5,N
169,829.84,1025.04,1,S,5,N
302,782.09,1025.34,1,W,5,N
303,783.83,1025.64,1,W,5,N
307,803.14,1025.94,1,W,5,N
308,804.86,1026.24,1,W,5,N
311,834.78,1026.54,1,W,5,N
312,850.24,1026.84,1,W,5,N
313,856.79,1027.14,1,W,5,N
314,856.80,1027.44,1,W,5,N
373,869.28,1027.74,1,E,5,N
374,886.14,1028.04,1,E,5,N
375,888.94,1028.34,1,E,5,N
190,887.01,1038.87,1,S,3,E
174,864.36,1099.20,1,S,5,W
175,866.12,1099.50,1,S,5,W
179,870.79,1099.80,1,S,5,W
186,877.05,1100.10,1,S,5,W
188,884.52,1100.40,1,S,5,W
191,888.43,1100.70,1,S,5,W
193,888.90,1101.00,1,S,5,W
194,894.38,1101.30,1,S,5,W
200,899.96,1101.60,1,S,5,W
171,861.32,1121.34,1,S,5,N
176,867.66,1121.64,1,S,5,N
178,869.80,1121.94,1,S,5,N
180,872.55,1122.24,1,S,5,N
181,873.50,1122.54,1,S,5,N
185,875.64,1122.84,1,S,5,N
187,879.05,1123.14,1,S,5,N
189,886.31,1123.44,1,S,5,N
192,888.78,1123.74,1,S,5,N
196,896.68,1124.04,1,S,5,N
197,897.27,1124.34,1,S,5,N
198,897.81,1124.64,1,S,5,N
199,898.67,1124.94,1,S,5,N
317,884.71,1125.24,1,W,5,N