id,enter_time,exit_time,entrance_intersection,entrance_direction,exit_intersection,exit_direction
442,2.59,66.44,5,W,5,N
443,4.12,66.74,5,W,5,N
444,6.23,67.04,5,W,5,N
445,34.59,67.34,5,W,5,N
446,35.31,67.64,5,W,5,N
447,55.02,67.94,5,W,5,N
448,62.06,68.19,5,W,5,N
449,69.24,75.38,5,W,5,N
450,70.45,76.58,5,W,5,N
451,73.12,79.26,5,W,5,N
561,21.00,80.44,5,E,5,N
562,87.73,93.86,5,E,5,N
4,30.42,100.70,1,S,1,W
5,31.22,101.00,1,S,1,W
563,95.32,101.45,5,E,5,N
564,95.57,101.71,5,E,5,N
268,15.87,105.50,1,E,2,W
269,34.08,105.80,1,E,2,W
406,56.07,131.27,3,E,5,N
407,57.26,131.57,3,E,5,N
383,70.29,132.06,3,W,5,N
384,75.87,137.64,3,W,5,N
409,76.22,137.99,3,E,5,N
410,77.72,139.49,3,E,5,N
385,80.57,142.34,3,W,5,N
452,100.83,166.34,5,W,5,N
453,102.12,166.64,5,W,5,N
454,116.61,166.94,5,W,5,N
455,117.79,167.24,5,W,5,N
456,119.44,167.54,5,W,5,N
457,120.53,167.84,5,W,5,N
458,122.60,168.14,5,W,5,N
459,123.68,168.44,5,W,5,N
460,129.60,168.74,5,W,5,N
461,131.74,169.04,5,W,5,N
462,144.69,169.34,5,W,5,N
463,152.33,169.64,5,W,5,N
464,153.45,169.94,5,W,5,N
465,166.99,173.12,5,W,5,N
565,100.68,180.34,5,E,5,N
566,149.52,180.64,5,E,5,N
382,6.26,200.10,3,W,5,W
408,75.09,200.40,3,E,5,W
354,40.87,200.70,2,E,5,W
150,25.49,201.00,1,W,5,W
17,135.16,201.10,1,S,1,W
151,26.85,201.30,1,W,5,W
18,136.75,201.40,1,S,1,W
155,53.57,201.60,1,W,5,W
22,142.35,201.70,1,S,1,W
157,58.01,201.90,1,W,5,W
158,59.52,202.20,1,W,5,W
160,62.00,202.50,1,W,5,W
266,1.67,202.80,1,E,5,W
271,39.57,203.10,1,E,5,W
26,188.34,215.40,1,S,1,E
0,0.69,222.24,1,S,5,N
1,2.23,222.54,1,S,5,N
2,2.64,222.84,1,S,5,N
3,4.11,223.14,1,S,5,N
355,54.88,223.44,2,E,5,N
327,86.42,223.74,2,W,5,N
328,97.61,224.04,2,W,5,N
6,33.01,224.34,1,S,5,N
147,1.97,224.64,1,W,5,N
148,3.51,224.94,1,W,5,N
149,5.10,225.24,1,W,5,N
152,28.48,225.54,1,W,5,N
153,30.29,225.84,1,W,5,N
154,31.16,226.14,1,W,5,N
156,54.36,226.44,1,W,5,N
159,61.22,226.74,1,W,5,N
267,10.44,227.04,1,E,5,N
270,35.63,227.34,1,E,5,N
272,46.19,227.64,1,E,5,N
273,65.07,227.94,1,E,5,N
411,123.39,231.07,3,E,5,N
386,148.34,231.07,3,W,5,N
412,153.96,231.37,3,E,5,N
165,100.03,238.37,1,W,3,W
170,141.74,239.87,1,W,3,E
466,182.32,266.24,5,W,5,N
467,198.76,266.54,5,W,5,N
468,206.96,266.84,5,W,5,N
469,210.01,267.14,5,W,5,N
470,258.39,267.44,5,W,5,N
471,260.81,267.74,5,W,5,N
472,262.21,268.34,5,W,5,N
473,264.77,270.90,5,W,5,N
474,267.11,273.24,5,W,5,N
475,268.55,274.69,5,W,5,N
476,269.76,275.89,5,W,5,N
567,201.26,280.24,5,E,5,N
568,230.78,280.54,5,E,5,N
569,283.46,289.60,5,E,5,N
570,288.58,294.72,5,E,5,N
571,290.00,296.14,5,E,5,N
572,291.01,297.14,5,E,5,N
413,198.31,300.00,3,E,5,W
9,40.36,300.30,1,S,5,W
24,144.42,300.60,1,S,3,E
12,43.59,300.60,1,S,5,W
13,93.31,300.90,1,S,5,W
14,94.42,301.20,1,S,5,W
30,222.11,301.50,1,S,1,W
33,228.76,301.50,1,S,2,W
15,95.72,301.50,1,S,5,W
32,228.04,301.80,1,S,1,W
356,100.41,301.80,2,E,5,W
34,230.70,302.10,1,S,1,W
19,137.00,302.10,1,S,5,W
37,278.12,302.40,1,S,1,W
163,83.34,302.40,1,W,5,W
171,153.53,302.70,1,W,5,W
172,163.27,303.00,1,W,5,W
274,131.80,303.30,1,E,5,W
276,143.59,303.60,1,E,5,W
277,161.95,303.90,1,E,5,W
279,177.69,304.20,1,E,5,W
184,256.22,305.10,1,W,2,W
359,218.22,312.77,2,E,3,E
361,251.80,313.37,2,E,3,W
47,294.76,317.60,1,S,1,E
7,38.13,322.14,1,S,5,N
8,39.03,322.44,1,S,5,N
10,41.73,322.74,1,S,5,N
11,42.81,323.04,1,S,5,N
329,107.78,323.34,2,W,5,N
357,141.82,323.64,2,E,5,N
358,191.27,323.94,2,E,5,N
330,193.82,324.24,2,W,5,N
16,133.44,324.54,1,S,5,N
161,65.20,324.84,1,W,5,N
162,67.05,325.14,1,W,5,N
164,99.65,325.44,1,W,5,N
166,101.36,325.74,1,W,5,N
167,102.97,326.04,1,W,5,N
168,119.54,326.34,1,W,5,N
169,120.86,326.64,1,W,5,N
275,137.78,326.94,1,E,5,N
278,163.34,327.24,1,E,5,N
280,198.18,327.54,1,E,5,N
415,250.68,331.17,3,E,5,N
388,265.49,331.17,3,W,5,N
389,269.31,331.47,3,W,5,N
416,252.27,331.47,3,E,5,N
417,257.59,331.77,3,E,5,N
418,266.81,332.07,3,E,5,N
38,278.81,341.02,1,S,2,W
287,261.75,344.17,1,E,3,E
477,278.80,366.14,5,W,5,N
478,281.16,366.44,5,W,5,N
479,283.82,366.74,5,W,5,N
480,283.90,367.04,5,W,5,N
481,291.49,367.34,5,W,5,N
482,291.88,367.64,5,W,5,N
483,328.96,367.94,5,W,5,N
484,335.31,368.24,5,W,5,N
485,345.41,368.54,5,W,5,N
486,347.12,368.84,5,W,5,N
573,314.66,380.14,5,E,5,N
574,316.55,380.44,5,E,5,N
575,322.98,380.74,5,E,5,N
576,350.88,381.04,5,E,5,N
577,358.40,381.34,5,E,5,N
414,236.58,399.90,3,E,5,W
39,285.88,400.10,1,S,3,W
387,206.85,400.20,3,W,5,W
21,140.56,400.50,1,S,5,W
27,188.94,400.80,1,S,5,W
331,218.58,401.10,2,W,5,W
360,235.49,401.40,2,E,5,W
362,278.19,401.70,2,E,5,W
55,309.15,401.90,1,S,1,W
29,220.39,402.00,1,S,5,W
61,371.30,402.20,1,S,1,W
31,226.65,402.30,1,S,5,W
66,378.11,402.50,1,S,1,W
191,281.75,402.50,1,W,2,W
174,185.70,402.60,1,W,5,W
177,198.82,402.90,1,W,5,W
181,252.26,403.20,1,W,5,W
182,253.36,403.50,1,W,5,W
186,259.12,403.80,1,W,5,W
283,213.95,404.10,1,E,5,W
285,236.25,404.40,1,E,5,W
289,278.00,404.70,1,E,5,W
60,369.42,415.90,1,S,1,E
65,376.24,417.10,1,S,1,E
20,138.97,422.04,1,S,5,N
23,142.95,422.34,1,S,5,N
25,187.01,422.64,1,S,5,N
332,248.41,422.94,2,W,5,N
333,260.49,423.24,2,W,5,N
363,296.08,423.54,2,E,5,N
28,219.09,423.84,1,S,5,N
173,184.63,424.14,1,W,5,N
175,195.68,424.44,1,W,5,N
176,197.00,424.74,1,W,5,N
178,208.08,425.04,1,W,5,N
179,227.16,425.34,1,W,5,N
180,228.38,425.64,1,W,5,N
183,255.06,425.94,1,W,5,N
185,257.48,426.24,1,W,5,N
187,260.82,426.54,1,W,5,N
281,211.35,426.84,1,E,5,N
282,211.41,427.14,1,E,5,N
284,227.17,427.44,1,E,5,N
286,258.89,427.74,1,E,5,N
288,263.27,428.04,1,E,5,N
53,305.80,437.07,1,S,3,W
198,348.20,440.67,1,W,3,W
293,361.89,442.77,1,E,3,W
295,368.65,443.37,1,E,3,E
298,382.96,445.15,1,E,3,W
487,380.18,466.04,5,W,5,N
488,381.82,466.34,5,W,5,N
489,381.92,466.64,5,W,5,N
490,384.48,466.94,5,W,5,N
491,386.03,467.24,5,W,5,N
492,393.34,467.54,5,W,5,N
493,394.59,467.84,5,W,5,N
494,410.30,468.14,5,W,5,N
495,412.07,468.44,5,W,5,N
496,413.61,468.74,5,W,5,N
497,416.49,469.04,5,W,5,N
498,417.32,469.34,5,W,5,N
499,461.89,469.64,5,W,5,N
500,461.94,469.94,5,W,5,N
501,468.48,474.62,5,W,5,N
502,472.77,478.91,5,W,5,N
578,428.13,480.04,5,E,5,N
579,429.67,480.34,5,E,5,N
580,429.98,480.64,5,E,5,N
581,431.54,480.94,5,E,5,N
582,432.31,481.24,5,E,5,N
583,440.19,481.54,5,E,5,N
584,457.30,481.84,5,E,5,N
585,467.90,482.14,5,E,5,N
390,343.37,499.80,3,W,5,W
419,323.33,500.10,3,E,5,W
420,357.30,500.40,3,E,5,W
421,365.46,500.70,3,E,5,W
35,238.33,501.00,1,S,5,W
70,412.74,501.10,1,S,2,W
45,292.57,501.30,1,S,5,W
49,301.41,501.60,1,S,5,W
68,380.12,501.70,1,S,3,W
364,336.48,501.90,2,E,5,W
334,344.11,502.20,2,W,5,W
54,307.62,502.50,1,S,5,W
203,406.31,502.60,1,W,2,W
195,309.24,502.80,1,W,5,W
199,361.57,503.10,1,W,5,W
205,408.82,503.20,1,W,2,W
200,363.10,503.40,1,W,5,W
76,489.46,503.59,1,S,1,W
291,308.57,503.70,1,E,5,W
299,409.41,506.20,1,E,2,W
42,288.21,517.00,1,S,5,E
43,288.42,517.30,1,S,5,E
51,303.47,518.80,1,S,5,E
188,269.54,519.70,1,W,5,E
391,398.76,521.94,3,W,5,N
36,238.67,522.24,1,S,5,N
40,285.99,522.54,1,S,5,N
41,287.18,522.84,1,S,5,N
44,289.58,523.74,1,S,5,N
46,293.69,524.04,1,S,5,N
48,300.54,524.34,1,S,5,N
50,302.87,524.64,1,S,5,N
424,434.44,524.93,3,E,5,E
365,357.66,525.24,2,E,5,N
52,304.93,525.54,1,S,5,N
189,271.09,526.14,1,W,5,N
190,272.26,526.44,1,W,5,N
192,282.85,526.74,1,W,5,N
193,299.68,527.04,1,W,5,N
194,299.80,527.34,1,W,5,N
196,324.73,527.64,1,W,5,N
197,346.68,527.94,1,W,5,N
201,364.46,528.24,1,W,5,N
290,306.68,528.54,1,E,5,N
292,358.12,528.84,1,E,5,N
294,365.62,529.14,1,E,5,N
296,372.15,529.44,1,E,5,N
297,373.30,529.74,1,E,5,N
422,401.69,530.47,3,E,5,N
423,403.35,530.77,3,E,5,N
426,474.78,536.55,3,E,5,N
204,408.57,538.97,1,W,3,W
393,484.32,539.95,3,W,5,E
394,494.26,556.03,3,W,5,N
503,474.17,565.94,5,W,5,N
504,476.83,566.24,5,W,5,N
505,477.15,566.54,5,W,5,N
506,479.40,566.84,5,W,5,N
507,479.87,567.14,5,W,5,N
508,494.06,567.44,5,W,5,N
509,495.51,567.74,5,W,5,N
510,496.77,568.04,5,W,5,N
511,501.20,568.34,5,W,5,N
512,517.58,568.64,5,W,5,N
513,519.04,568.94,5,W,5,N
514,519.46,569.24,5,W,5,N
515,520.57,569.54,5,W,5,N
516,525.86,569.84,5,W,5,N
517,526.89,570.14,5,W,5,N
518,561.70,570.44,5,W,5,N
519,568.05,574.18,5,W,5,N
520,569.24,575.38,5,W,5,N
586,512.65,579.94,5,E,5,N
587,518.07,580.24,5,E,5,N
588,520.29,580.54,5,E,5,N
589,588.61,594.74,5,E,5,N
590,592.47,598.61,5,E,5,N
392,417.72,599.70,3,W,5,W
425,465.17,600.00,3,E,5,W
57,364.79,600.30,1,S,5,W
59,367.87,600.60,1,S,5,W
67,380.04,600.90,1,S,5,W
78,533.13,600.90,1,S,2,W
335,427.49,601.20,2,W,5,W
336,462.68,601.50,2,W,5,W
337,473.03,601.80,2,W,5,W
368,458.93,602.10,2,E,5,W
369,491.51,602.40,2,E,5,W
69,411.04,602.70,1,S,5,W
83,537.33,602.70,1,S,1,W
71,420.59,603.00,1,S,5,W
87,541.94,603.00,1,S,1,W
202,380.34,603.30,1,W,5,W
206,409.25,603.60,1,W,5,W
207,409.39,603.90,1,W,5,W
220,508.37,603.90,1,W,2,W
208,410.05,604.20,1,W,5,W
221,530.58,604.20,1,W,2,W
213,454.82,604.50,1,W,5,W
222,532.17,604.50,1,W,2,W
304,474.26,604.80,1,E,5,W
62,372.53,616.30,1,S,5,E
90,572.38,617.00,1,S,1,E
56,357.27,621.84,1,S,5,N
58,366.32,622.14,1,S,5,N
63,374.74,622.74,1,S,5,N
64,375.61,623.04,1,S,5,N
366,402.59,623.34,2,E,5,N
367,447.37,623.64,2,E,5,N
72,421.09,623.94,1,S,5,N
73,422.28,624.24,1,S,5,N
209,414.03,624.54,1,W,5,N
210,432.73,624.84,1,W,5,N
211,434.25,625.14,1,W,5,N
212,435.77,625.44,1,W,5,N
214,457.18,625.74,1,W,5,N
300,418.70,626.04,1,E,5,N
301,438.41,626.34,1,E,5,N
302,443.92,626.64,1,E,5,N
303,462.07,626.94,1,E,5,N
305,492.23,627.24,1,E,5,N
427,532.92,630.27,3,E,5,N
429,552.81,630.87,3,E,5,N
307,525.13,642.97,1,E,3,W
396,584.38,646.15,3,W,5,N
521,579.27,665.84,5,W,5,N
522,581.22,666.14,5,W,5,N
523,624.89,666.44,5,W,5,N
524,626.52,666.74,5,W,5,N
525,628.08,667.04,5,W,5,N
526,628.23,667.34,5,W,5,N
527,629.70,667.64,5,W,5,N
528,632.66,667.94,5,W,5,N
529,632.76,668.24,5,W,5,N
530,634.15,668.54,5,W,5,N
531,635.33,668.84,5,W,5,N
532,636.18,669.14,5,W,5,N
533,644.05,669.44,5,W,5,N
534,644.85,669.74,5,W,5,N
535,655.14,670.04,5,W,5,N
536,656.59,670.34,5,W,5,N
537,658.59,670.64,5,W,5,N
538,659.58,670.94,5,W,5,N
591,640.19,679.84,5,E,5,N
395,567.76,699.60,3,W,5,W
88,543.17,699.80,1,S,3,W
428,546.16,699.90,3,E,5,W
370,531.60,700.20,2,E,5,W
339,514.90,700.50,2,W,5,W
340,516.65,700.80,2,W,5,W
93,605.92,701.00,1,S,2,W
341,522.00,701.10,2,W,5,W
372,590.25,701.40,2,E,5,W
373,600.50,701.70,2,E,5,W
217,480.28,702.00,1,W,5,W
218,482.09,702.30,1,W,5,W
225,549.15,702.60,1,W,5,W
310,570.09,702.90,1,E,5,W
96,610.28,703.10,1,S,1,W
312,577.35,703.20,1,E,5,W
105,684.13,703.40,1,S,1,W
374,612.08,713.17,2,E,3,W
375,650.17,713.47,2,E,3,W
104,683.68,717.40,1,S,1,E
74,455.54,721.74,1,S,5,N
75,487.55,722.04,1,S,5,N
77,491.50,722.34,1,S,5,N
338,500.76,722.64,2,W,5,N
371,570.16,722.94,2,E,5,N
342,556.98,723.24,2,W,5,N
79,534.06,723.54,1,S,5,N
80,534.96,723.84,1,S,5,N
81,536.18,724.14,1,S,5,N
82,536.65,724.44,1,S,5,N
215,473.82,724.74,1,W,5,N
433,666.53,724.83,3,E,5,E
216,479.16,725.04,1,W,5,N
219,485.84,725.34,1,W,5,N
223,542.08,725.64,1,W,5,N
224,545.98,725.94,1,W,5,N
226,551.15,726.24,1,W,5,N
227,552.21,726.54,1,W,5,N
228,553.74,726.84,1,W,5,N
306,508.08,727.14,1,E,5,N
308,526.25,727.44,1,E,5,N
309,550.23,727.74,1,E,5,N
311,572.39,728.04,1,E,5,N
430,598.83,730.07,3,E,5,N
397,606.22,730.07,3,W,5,N
106,716.02,730.16,1,S,1,E
431,651.05,730.37,3,E,5,N
432,652.64,730.67,3,E,5,N
398,675.98,737.75,3,W,5,N
112,724.13,738.27,1,S,1,E
237,640.04,740.97,1,W,3,W
103,682.19,743.22,1,S,2,W
539,687.85,765.74,5,W,5,N
540,689.96,766.04,5,W,5,N
541,690.24,766.34,5,W,5,N
542,710.68,766.64,5,W,5,N
543,711.83,766.94,5,W,5,N
544,714.64,767.24,5,W,5,N
545,716.24,767.54,5,W,5,N
546,720.21,767.84,5,W,5,N
547,721.75,768.14,5,W,5,N
548,726.03,768.44,5,W,5,N
549,727.16,768.74,5,W,5,N
550,728.54,769.04,5,W,5,N
551,734.49,769.34,5,W,5,N
552,734.70,769.64,5,W,5,N
553,738.67,769.94,5,W,5,N
554,741.34,770.24,5,W,5,N
592,709.92,779.74,5,E,5,N
593,723.06,780.04,5,E,5,N
594,732.27,780.34,5,E,5,N
595,760.46,780.64,5,E,5,N
86,541.91,799.50,1,S,5,W
89,571.86,799.80,1,S,5,W
345,680.20,800.10,2,W,5,W
97,611.66,800.40,1,S,5,W
231,588.19,800.70,1,W,5,W
241,646.69,801.00,1,W,5,W
313,631.53,801.30,1,E,5,W
317,669.79,801.60,1,E,5,W
116,729.35,803.50,1,S,1,W
120,733.46,803.80,1,S,1,W
119,732.51,804.10,1,S,2,E
124,771.30,804.10,1,S,1,W
344,648.91,817.00,2,W,5,E
234,621.76,820.00,1,W,5,E
84,539.65,821.64,1,S,5,N
242,665.82,821.80,1,W,5,E
85,541.03,821.94,1,S,5,N
91,573.15,822.24,1,S,5,N
92,604.02,822.54,1,S,5,N
343,634.40,822.84,2,W,5,N
346,690.51,823.44,2,W,5,N
376,699.02,823.74,2,E,5,N
94,607.55,824.04,1,S,5,N
95,609.23,824.34,1,S,5,N
98,612.08,824.64,1,S,5,N
229,570.41,824.94,1,W,5,N
230,572.00,825.24,1,W,5,N
232,602.46,825.54,1,W,5,N
233,605.95,825.84,1,W,5,N
235,623.49,826.44,1,W,5,N
236,625.02,826.74,1,W,5,N
238,641.69,827.04,1,W,5,N
239,644.52,827.34,1,W,5,N
240,644.70,827.64,1,W,5,N
314,658.23,828.24,1,E,5,N
315,666.17,828.54,1,E,5,N
316,668.34,828.84,1,E,5,N
318,673.00,829.14,1,E,5,N
434,712.53,829.87,3,E,5,N
435,750.87,830.17,3,E,5,N
401,739.64,830.47,3,W,5,N
402,766.94,830.77,3,W,5,N
115,728.51,839.27,1,S,3,E
125,773.02,842.42,1,S,2,W
321,751.77,843.77,1,E,3,E
437,796.02,851.65,3,E,5,E
555,785.57,865.64,5,W,5,N
556,792.35,865.94,5,W,5,N
557,826.94,866.24,5,W,5,N
558,853.08,866.54,5,W,5,N
559,853.40,866.84,5,W,5,N
596,829.73,879.64,5,E,5,N
597,856.33,879.94,5,E,5,N
598,856.48,880.24,5,E,5,N
599,858.26,880.54,5,E,5,N
600,866.50,880.84,5,E,5,N
601,867.32,881.14,5,E,5,N
399,732.12,899.40,3,W,5,W
400,737.12,899.70,3,W,5,W
436,759.32,900.00,3,E,5,W
438,797.73,900.30,3,E,5,W
378,767.64,900.60,2,E,5,W
347,784.31,900.90,2,W,5,W
107,718.34,901.20,1,S,5,W
108,719.13,901.50,1,S,5,W
122,734.84,901.80,1,S,5,W
123,735.79,902.10,1,S,5,W
245,717.01,902.40,1,W,5,W
249,764.41,902.70,1,W,5,W
253,805.07,903.30,1,W,2,W
132,874.21,903.90,1,S,1,W
130,847.11,916.70,1,S,1,E
138,881.71,918.80,1,S,1,E
247,745.65,920.50,1,W,5,E
319,702.08,921.54,1,E,5,N
99,651.64,921.84,1,S,5,N
100,651.92,922.14,1,S,5,N
101,652.44,922.44,1,S,5,N
102,681.36,922.74,1,S,5,N
377,748.76,923.04,2,E,5,N
109,719.55,923.34,1,S,5,N
110,721.08,923.64,1,S,5,N
111,722.79,923.94,1,S,5,N
113,724.70,924.24,1,S,5,N
114,725.75,924.54,1,S,5,N
117,729.51,924.84,1,S,5,N
118,731.98,925.14,1,S,5,N
121,734.21,925.44,1,S,5,N
243,679.14,925.74,1,W,5,N
244,700.06,926.04,1,W,5,N
246,728.66,926.34,1,W,5,N
248,748.34,926.94,1,W,5,N
320,750.73,927.24,1,E,5,N
322,769.46,927.54,1,E,5,N
323,778.92,927.84,1,E,5,N
403,835.42,929.67,3,W,5,N
440,855.01,929.97,3,E,5,N
404,857.31,929.97,3,W,5,N
129,813.80,938.17,1,S,3,E
257,834.57,940.57,1,W,3,E
560,890.29,965.54,5,W,5,N
439,853.97,999.30,3,E,5,W
441,864.61,999.60,3,E,5,W
405,879.98,999.90,3,W,5,W
380,840.95,1000.20,2,E,5,W
349,822.39,1000.50,2,W,5,W
350,851.73,1000.80,2,W,5,W
252,789.85,1001.10,1,W,5,W
254,825.62,1001.40,1,W,5,W
260,859.01,1001.70,1,W,5,W
324,837.42,1002.00,1,E,5,W
348,819.90,1021.44,2,W,5,N
379,811.92,1021.74,2,E,5,N
351,865.96,1022.04,2,W,5,N
352,876.99,1022.34,2,W,5,N
353,880.45,1022.64,2,W,5,N
381,889.50,1022.94,2,E,5,N
126,807.16,1023.24,1,S,5,N
127,811.55,1023.54,1,S,5,N
128,812.57,1023.84,1,S,5,N
250,786.95,1024.14,1,W,5,N
251,788.11,1024.44,1,W,5,N
255,825.92,1024.74,1,W,5,N
256,833.26,1025.04,1,W,5,N
258,856.77,1025.34,1,W,5,N
259,857.79,1025.64,1,W,5,N
325,848.30,1025.94,1,E,5,N
326,864.66,1026.24,1,E,5,N
146,893.78,1038.87,1,S,3,W
264,873.35,1040.07,1,W,3,W
265,892.66,1040.37,1,W,3,W
133,874.65,1099.20,1,S,5,W
135,877.76,1099.50,1,S,5,W
136,878.04,1099.80,1,S,5,W
139,884.40,1100.10,1,S,5,W
144,891.98,1100.40,1,S,5,W
145,893.44,1100.70,1,S,5,W
261,868.64,1101.00,1,W,5,W
140,884.52,1116.10,1,S,5,E
131,873.47,1121.34,1,S,5,N
134,875.72,1121.64,1,S,5,N
137,879.56,1121.94,1,S,5,N
141,885.37,1122.54,1,S,5,N
142,886.01,1122.84,1,S,5,N
143,890.97,1123.14,1,S,5,N
262,870.42,1123.44,1,W,5,N
263,871.65,1123.74,1,W,5,N