id,enter_time,exit_time,entrance_intersection,entrance_direction,exit_intersection,exit_direction
549,1.02,66.44,5,W,5,N
550,13.72,66.74,5,W,5,N
551,15.61,67.04,5,W,5,N
552,16.73,67.34,5,W,5,N
553,30.04,67.64,5,W,5,N
554,31.97,67.94,5,W,5,N
555,33.42,68.24,5,W,5,N
556,35.12,68.54,5,W,5,N
557,36.27,68.84,5,W,5,N
558,43.58,69.14,5,W,5,N
559,43.69,69.44,5,W,5,N
560,43.93,69.74,5,W,5,N
561,57.34,70.04,5,W,5,N
562,58.91,70.34,5,W,5,N
563,60.97,70.64,5,W,5,N
706,26.55,80.44,5,E,5,N
707,31.64,80.74,5,E,5,N
708,37.27,81.04,5,E,5,N
2,3.52,100.70,1,S,1,W
5,46.80,101.00,1,S,1,W
6,47.84,101.30,1,S,1,W
239,51.64,101.60,1,W,2,W
7,48.67,101.60,1,S,1,W
8,49.85,101.90,1,S,1,W
241,54.65,102.20,1,W,2,W
10,52.93,102.20,1,S,1,W
11,53.28,102.50,1,S,1,W
15,88.13,102.80,1,S,1,W
414,0.42,112.57,2,W,3,E
4,45.74,113.50,1,S,1,E
501,1.79,131.27,3,E,5,N
503,65.70,131.87,3,E,5,N
16,118.71,132.85,1,S,1,E
237,24.60,137.07,1,W,3,E
242,61.78,138.57,1,W,3,W
352,13.45,139.17,1,E,3,E
14,86.84,140.82,1,S,2,W
505,85.55,141.18,3,E,5,E
564,101.85,166.34,5,W,5,N
565,103.24,166.64,5,W,5,N
566,104.46,166.94,5,W,5,N
567,125.34,167.24,5,W,5,N
568,146.94,167.54,5,W,5,N
569,155.47,167.84,5,W,5,N
570,155.52,168.14,5,W,5,N
571,156.48,168.44,5,W,5,N
709,104.52,180.34,5,E,5,N
710,110.04,180.64,5,E,5,N
711,115.02,180.94,5,E,5,N
712,128.86,181.24,5,E,5,N
470,63.27,200.10,3,W,5,W
502,10.61,200.40,3,E,5,W
504,80.09,200.70,3,E,5,W
506,87.16,201.00,3,E,5,W
18,123.40,201.10,1,S,1,W
1,3.26,201.30,1,S,5,W
23,132.45,201.40,1,S,1,W
3,3.87,201.60,1,S,5,W
25,135.68,201.70,1,S,1,W
443,25.58,201.90,2,E,5,W
26,136.81,202.00,1,S,1,W
235,1.51,202.20,1,W,5,W
33,148.98,202.30,1,S,1,W
713,196.28,202.42,5,E,5,N
238,32.23,202.50,1,W,5,W
37,153.97,202.60,1,S,1,W
240,52.70,202.80,1,W,5,W
43,167.17,202.90,1,S,1,W
354,83.95,203.10,1,E,5,W
46,176.51,203.20,1,S,1,W
356,110.84,205.00,1,E,2,W
35,151.20,216.00,1,S,1,E
36,152.86,216.30,1,S,1,E
415,85.83,216.70,2,W,5,E
0,1.53,222.24,1,S,5,N
444,66.24,222.54,2,E,5,N
236,17.99,223.14,1,W,5,N
351,4.40,223.44,1,E,5,N
353,78.56,223.74,1,E,5,N
508,122.45,225.23,3,E,5,E
471,114.77,231.07,3,W,5,N
507,121.22,231.07,3,E,5,N
510,149.13,231.97,3,E,5,N
512,168.90,232.57,3,E,5,N
515,181.25,236.89,3,E,5,E
513,178.41,240.18,3,E,5,N
31,146.76,241.22,1,S,2,E
40,162.57,243.32,1,S,2,W
572,202.99,266.24,5,W,5,N
573,207.06,266.54,5,W,5,N
574,208.09,266.84,5,W,5,N
575,208.70,267.14,5,W,5,N
576,209.46,267.44,5,W,5,N
577,211.08,267.74,5,W,5,N
578,212.32,268.04,5,W,5,N
579,214.29,268.34,5,W,5,N
580,230.96,268.64,5,W,5,N
581,247.28,268.94,5,W,5,N
582,248.68,269.24,5,W,5,N
583,248.74,269.54,5,W,5,N
584,250.78,269.84,5,W,5,N
585,251.83,270.14,5,W,5,N
586,264.06,270.20,5,W,5,N
587,271.39,277.52,5,W,5,N
588,272.92,279.05,5,W,5,N
714,213.70,280.24,5,E,5,N
715,234.95,280.54,5,E,5,N
716,262.35,280.84,5,E,5,N
717,267.80,281.14,5,E,5,N
718,272.67,281.44,5,E,5,N
509,139.51,300.00,3,E,5,W
511,157.18,300.30,3,E,5,W
472,175.33,300.60,3,W,5,W
514,179.85,300.90,3,E,5,W
34,150.46,301.20,1,S,3,W
516,189.98,301.20,3,E,5,W
51,215.33,301.50,1,S,2,W
52,216.03,301.50,1,S,1,W
38,155.49,301.50,1,S,3,E
517,199.44,301.50,3,E,5,W
54,217.55,301.80,1,S,1,W
19,128.78,301.80,1,S,5,W
56,221.93,302.10,1,S,1,W
21,129.94,302.10,1,S,5,W
58,228.85,302.40,1,S,1,W
42,163.14,302.40,1,S,3,W
243,81.43,302.40,1,W,5,W
59,229.02,302.70,1,S,1,W
245,99.08,302.70,1,W,5,W
66,247.50,303.00,1,S,1,W
246,113.02,303.00,1,W,5,W
71,256.40,303.30,1,S,1,W
248,150.48,303.30,1,W,5,W
249,163.93,303.60,1,W,5,W
360,134.29,303.90,1,E,5,W
254,206.05,304.20,1,W,2,W
361,136.49,304.20,1,E,5,W
357,113.55,320.50,1,E,5,E
359,130.61,321.10,1,E,5,E
9,51.54,322.14,1,S,5,N
12,54.26,322.44,1,S,5,N
13,85.59,322.74,1,S,5,N
445,111.82,323.04,2,E,5,N
446,132.18,323.34,2,E,5,N
447,172.52,323.64,2,E,5,N
416,181.59,323.94,2,W,5,N
17,122.64,324.24,1,S,5,N
20,128.98,324.54,1,S,5,N
22,131.50,324.84,1,S,5,N
24,134.41,325.14,1,S,5,N
244,97.59,325.44,1,W,5,N
247,135.59,325.74,1,W,5,N
250,164.99,326.04,1,W,5,N
355,102.73,326.34,1,E,5,N
358,120.06,326.94,1,E,5,N
362,139.18,327.54,1,E,5,N
363,150.86,327.84,1,E,5,N
364,181.46,328.14,1,E,5,N
85,314.30,328.44,1,S,1,E
518,239.54,330.87,3,E,5,N
473,234.50,330.87,3,W,5,N
519,278.46,340.23,3,E,5,N
521,281.51,343.28,3,E,5,N
474,285.88,347.65,3,W,5,N
475,297.65,359.42,3,W,5,N
589,304.51,366.14,5,W,5,N
590,305.19,366.44,5,W,5,N
591,306.04,366.74,5,W,5,N
592,329.20,367.04,5,W,5,N
593,330.60,367.34,5,W,5,N
594,349.56,367.64,5,W,5,N
595,350.76,367.94,5,W,5,N
596,351.22,368.24,5,W,5,N
597,352.97,368.54,5,W,5,N
598,353.95,368.84,5,W,5,N
599,355.56,369.14,5,W,5,N
600,362.15,369.44,5,W,5,N
601,364.62,370.75,5,W,5,N
602,367.22,373.36,5,W,5,N
603,368.82,374.95,5,W,5,N
719,317.58,380.14,5,E,5,N
720,367.62,380.44,5,E,5,N
721,368.69,380.74,5,E,5,N
722,370.60,381.04,5,E,5,N
723,371.41,381.34,5,E,5,N
724,389.48,395.61,5,E,5,N
520,279.76,399.90,3,E,5,W
64,245.45,400.10,1,S,3,W
30,145.98,400.20,1,S,5,W
65,245.53,400.40,1,S,3,W
32,147.71,400.50,1,S,5,W
41,163.02,400.80,1,S,5,W
417,213.29,401.10,2,W,5,W
449,241.71,401.40,2,E,5,W
48,208.27,401.70,1,S,5,W
79,305.63,401.90,1,S,1,W
50,210.49,402.00,1,S,5,W
83,310.73,402.20,1,S,1,W
252,187.45,402.30,1,W,5,W
92,371.89,402.50,1,S,1,W
255,214.91,402.60,1,W,5,W
365,209.79,402.90,1,E,5,W
725,396.92,403.05,5,E,5,N
726,397.62,403.76,5,E,5,N
374,368.17,406.70,1,E,2,W
476,298.61,415.90,3,W,5,E
93,379.26,416.20,1,S,1,E
47,176.75,418.00,1,S,5,E
251,185.62,421.00,1,W,5,E
27,140.69,422.34,1,S,5,N
28,142.46,422.64,1,S,5,N
29,144.04,422.94,1,S,5,N
39,159.48,423.24,1,S,5,N
44,167.70,423.54,1,S,5,N
45,173.28,423.84,1,S,5,N
448,206.12,424.44,2,E,5,N
450,291.12,424.74,2,E,5,N
418,295.95,425.04,2,W,5,N
49,209.48,425.34,1,S,5,N
53,216.55,425.64,1,S,5,N
55,220.52,425.94,1,S,5,N
57,225.90,426.24,1,S,5,N
60,229.12,426.54,1,S,5,N
61,235.09,426.84,1,S,5,N
253,194.41,427.44,1,W,5,N
256,234.11,427.74,1,W,5,N
257,237.50,428.04,1,W,5,N
258,251.93,428.34,1,W,5,N
259,253.38,428.64,1,W,5,N
260,254.67,428.94,1,W,5,N
261,256.55,429.24,1,W,5,N
366,246.14,429.54,1,E,5,N
367,254.55,429.84,1,E,5,N
368,269.01,430.14,1,E,5,N
369,271.23,430.44,1,E,5,N
370,289.14,430.74,1,E,5,N
522,313.18,431.04,3,E,5,N
478,330.92,431.34,3,W,5,N
265,294.51,439.17,1,W,3,E
371,332.94,441.87,1,E,3,W
479,386.25,441.88,3,W,5,E
94,428.72,442.86,1,S,1,E
480,388.49,450.26,3,W,5,N
604,379.78,466.04,5,W,5,N
605,386.99,466.34,5,W,5,N
606,387.23,466.64,5,W,5,N
607,388.66,466.94,5,W,5,N
608,390.80,467.24,5,W,5,N
609,392.60,467.54,5,W,5,N
610,394.59,467.84,5,W,5,N
611,403.45,468.14,5,W,5,N
612,411.22,468.44,5,W,5,N
613,425.54,468.74,5,W,5,N
614,434.30,469.04,5,W,5,N
615,436.36,469.34,5,W,5,N
616,439.27,469.64,5,W,5,N
617,440.83,469.94,5,W,5,N
618,442.23,470.24,5,W,5,N
619,470.60,476.74,5,W,5,N
620,472.10,478.24,5,W,5,N
727,468.00,480.04,5,E,5,N
728,473.10,480.34,5,E,5,N
477,313.79,499.80,3,W,5,W
523,367.77,500.10,3,E,5,W
62,240.03,500.40,1,S,5,W
63,244.31,500.70,1,S,5,W
95,429.54,500.80,1,S,2,W
69,251.33,501.00,1,S,5,W
70,253.53,501.30,1,S,5,W
72,257.32,501.60,1,S,5,W
74,293.21,501.90,1,S,5,W
75,295.22,502.20,1,S,5,W
100,435.20,502.30,1,S,1,W
76,298.44,502.50,1,S,5,W
77,300.24,502.80,1,S,5,W
78,301.92,503.10,1,S,5,W
419,321.45,503.40,2,W,5,W
278,390.07,503.50,1,W,2,E
421,341.35,503.70,2,W,5,W
279,392.56,503.80,1,W,2,W
81,307.76,504.00,1,S,5,W
86,316.73,504.30,1,S,5,W
273,365.82,504.60,1,W,5,W
373,357.99,504.90,1,E,5,W
380,468.88,508.00,1,E,2,W
383,482.74,508.85,1,E,2,W
426,434.22,513.27,2,W,3,E
264,293.48,520.30,1,W,5,E
67,248.41,521.94,1,S,5,N
68,249.00,522.24,1,S,5,N
73,291.60,522.54,1,S,5,N
451,327.97,522.84,2,E,5,N
420,327.31,523.14,2,W,5,N
452,375.67,523.44,2,E,5,N
422,354.88,523.74,2,W,5,N
423,369.86,524.04,2,W,5,N
424,384.21,524.34,2,W,5,N
453,390.42,524.64,2,E,5,N
80,306.33,524.94,1,S,5,N
82,310.12,525.24,1,S,5,N
84,311.60,525.54,1,S,5,N
262,272.07,525.84,1,W,5,N
263,292.07,526.14,1,W,5,N
266,298.45,526.74,1,W,5,N
267,299.55,527.04,1,W,5,N
268,300.89,527.34,1,W,5,N
269,320.72,527.64,1,W,5,N
270,340.51,527.94,1,W,5,N
271,344.10,528.24,1,W,5,N
272,345.23,528.54,1,W,5,N
372,343.44,528.84,1,E,5,N
375,379.01,529.14,1,E,5,N
107,515.45,529.58,1,S,1,E
525,453.59,530.77,3,E,5,N
277,389.99,539.27,1,W,3,W
527,492.09,553.86,3,E,5,N
528,497.36,559.13,3,E,5,N
621,489.76,565.94,5,W,5,N
622,491.51,566.24,5,W,5,N
623,493.11,566.54,5,W,5,N
624,494.38,566.84,5,W,5,N
625,495.29,567.14,5,W,5,N
626,505.62,567.44,5,W,5,N
627,507.29,567.74,5,W,5,N
628,509.03,568.04,5,W,5,N
629,518.14,568.34,5,W,5,N
630,522.55,568.64,5,W,5,N
631,537.89,568.94,5,W,5,N
632,545.14,569.24,5,W,5,N
633,546.76,569.54,5,W,5,N
634,547.84,569.84,5,W,5,N
635,554.25,570.14,5,W,5,N
636,557.24,570.44,5,W,5,N
637,559.26,570.74,5,W,5,N
638,560.24,571.04,5,W,5,N
639,567.19,573.33,5,W,5,N
640,572.38,578.52,5,W,5,N
729,517.90,579.94,5,E,5,N
730,545.58,580.24,5,E,5,N
731,550.74,580.54,5,E,5,N
481,403.07,599.70,3,W,5,W
524,399.78,600.00,3,E,5,W
482,427.20,600.30,3,W,5,W
483,484.24,600.60,3,W,5,W
526,491.08,600.90,3,E,5,W
89,364.68,601.20,1,S,5,W
428,479.29,601.50,2,W,5,W
97,431.44,601.80,1,S,5,W
98,432.59,602.10,1,S,5,W
280,407.15,602.40,1,W,5,W
281,414.94,602.70,1,W,5,W
113,553.68,602.70,1,S,1,W
284,435.00,603.00,1,W,5,W
131,582.51,603.00,1,S,1,W
285,445.68,603.30,1,W,5,W
132,583.56,603.30,1,S,1,W
376,405.16,603.60,1,E,5,W
377,412.59,603.90,1,E,5,W
381,471.58,604.20,1,E,5,W
139,590.09,604.22,1,S,1,W
384,488.73,606.55,1,E,5,W
425,424.03,617.20,2,W,5,E
275,368.78,619.00,1,W,5,E
288,459.16,620.80,1,W,5,E
87,363.33,621.84,1,S,5,N
88,363.88,622.14,1,S,5,N
395,596.31,622.42,1,E,2,W
90,364.68,622.44,1,S,5,N
135,584.25,622.70,1,S,1,E
91,366.07,622.74,1,S,5,N
454,426.08,623.04,2,E,5,N
455,467.95,623.64,2,E,5,N
427,472.04,623.94,2,W,5,N
96,430.87,624.24,1,S,5,N
99,434.48,624.54,1,S,5,N
274,366.90,624.84,1,W,5,N
276,380.82,625.44,1,W,5,N
282,430.33,625.74,1,W,5,N
283,431.75,626.04,1,W,5,N
286,448.35,626.34,1,W,5,N
287,451.76,626.64,1,W,5,N
378,439.48,627.24,1,E,5,N
379,441.88,627.54,1,E,5,N
382,473.67,627.84,1,E,5,N
385,498.44,628.14,1,E,5,N
531,572.02,633.79,3,E,5,N
533,580.07,635.70,3,E,5,E
105,511.66,636.97,1,S,3,W
487,576.33,638.10,3,W,5,N
488,577.83,639.60,3,W,5,N
114,555.81,643.12,1,S,2,W
534,594.93,656.70,3,E,5,N
641,574.70,665.84,5,W,5,N
642,577.57,666.14,5,W,5,N
643,584.74,666.44,5,W,5,N
644,586.59,666.74,5,W,5,N
645,589.26,667.04,5,W,5,N
646,619.84,667.34,5,W,5,N
647,621.75,667.64,5,W,5,N
648,623.07,667.94,5,W,5,N
649,634.03,668.24,5,W,5,N
650,635.70,668.54,5,W,5,N
651,637.63,668.84,5,W,5,N
652,638.82,669.14,5,W,5,N
653,640.41,669.44,5,W,5,N
654,641.72,669.74,5,W,5,N
655,642.00,670.04,5,W,5,N
656,643.50,670.34,5,W,5,N
657,645.31,670.64,5,W,5,N
658,646.65,670.94,5,W,5,N
659,656.87,671.24,5,W,5,N
660,658.46,671.54,5,W,5,N
661,659.73,671.84,5,W,5,N
662,672.45,678.58,5,W,5,N
732,604.15,679.84,5,E,5,N
733,609.34,680.14,5,E,5,N
734,629.28,680.44,5,E,5,N
735,678.78,684.92,5,E,5,N
529,515.14,699.60,3,E,5,W
484,512.03,699.90,3,W,5,W
485,564.72,700.20,3,W,5,W
530,534.57,700.50,3,E,5,W
532,573.28,700.80,3,E,5,W
486,575.74,701.10,3,W,5,W
102,476.05,701.40,1,S,5,W
119,562.04,701.60,1,S,3,W
429,518.69,701.70,2,W,5,W
457,543.99,702.00,2,E,5,W
458,572.98,702.30,2,E,5,W
432,575.67,702.60,2,W,5,W
459,597.86,702.90,2,E,5,W
154,651.09,703.10,1,S,1,W
291,521.25,703.20,1,W,5,W
293,532.06,703.50,1,W,5,W
294,542.98,703.80,1,W,5,W
295,544.02,704.10,1,W,5,W
388,519.21,704.40,1,E,5,W
390,570.08,704.70,1,E,5,W
392,574.03,705.00,1,E,5,W
403,673.61,713.30,1,E,2,E
101,474.88,721.74,1,S,5,N
103,476.90,722.04,1,S,5,N
104,476.97,722.34,1,S,5,N
456,511.72,722.64,2,E,5,N
430,529.63,722.94,2,W,5,N
431,540.05,723.24,2,W,5,N
433,587.63,723.54,2,W,5,N
106,513.29,723.84,1,S,5,N
289,484.87,724.14,1,W,5,N
290,500.95,724.44,1,W,5,N
162,710.38,724.52,1,S,1,E
292,531.27,724.74,1,W,5,N
296,563.46,725.04,1,W,5,N
386,509.25,725.34,1,E,5,N
387,514.36,725.64,1,E,5,N
389,532.79,725.94,1,E,5,N
391,571.69,726.24,1,E,5,N
393,576.57,726.54,1,E,5,N
394,585.84,726.84,1,E,5,N
396,598.17,727.14,1,E,5,N
535,614.39,730.07,3,E,5,N
166,720.65,734.78,1,S,1,E
123,565.14,737.37,1,S,3,E
539,676.57,738.34,3,E,5,N
141,591.30,741.57,1,S,3,E
145,600.61,742.77,1,S,3,E
299,576.53,744.57,1,W,3,W
663,674.15,765.74,5,W,5,N
664,674.67,766.04,5,W,5,N
665,676.45,766.34,5,W,5,N
666,676.78,766.64,5,W,5,N
667,678.02,766.94,5,W,5,N
668,684.65,767.24,5,W,5,N
669,686.24,767.54,5,W,5,N
670,687.11,767.84,5,W,5,N
671,687.87,768.14,5,W,5,N
672,691.42,768.44,5,W,5,N
673,698.70,768.74,5,W,5,N
674,699.46,769.04,5,W,5,N
675,710.17,769.34,5,W,5,N
676,737.82,769.64,5,W,5,N
677,739.17,769.94,5,W,5,N
678,741.08,770.24,5,W,5,N
679,750.56,770.54,5,W,5,N
736,724.95,779.74,5,E,5,N
737,742.25,780.04,5,E,5,N
489,649.66,799.50,3,W,5,W
151,649.27,799.60,1,S,3,E
536,615.42,799.80,3,E,5,W
152,649.94,799.90,1,S,3,W
537,616.55,800.10,3,E,5,W
538,635.76,800.40,3,E,5,W
108,547.85,800.70,1,S,5,W
110,549.79,801.00,1,S,5,W
738,795.09,801.23,5,E,5,N
111,551.77,801.30,1,S,5,W
115,556.93,801.60,1,S,5,W
116,559.51,801.90,1,S,5,W
460,610.55,802.20,2,E,5,W
435,632.63,802.50,2,W,5,W
436,643.12,802.80,2,W,5,W
462,658.62,803.10,2,E,5,W
437,656.72,803.40,2,W,5,W
168,723.43,803.50,1,S,1,W
122,563.64,803.70,1,S,5,W
172,726.46,803.80,1,S,1,W
136,585.56,804.00,1,S,5,W
176,733.56,804.10,1,S,1,W
147,609.54,804.30,1,S,5,W
189,754.17,804.40,1,S,1,W
148,611.54,804.60,1,S,5,W
194,760.73,804.70,1,S,1,W
302,600.50,804.90,1,W,5,W
197,765.28,805.00,1,S,1,W
304,605.89,805.20,1,W,5,W
200,769.28,805.30,1,S,1,W
307,651.95,805.50,1,W,5,W
201,769.69,805.60,1,S,1,W
397,622.15,805.80,1,E,5,W
203,770.97,805.90,1,S,1,W
400,635.66,806.10,1,E,5,W
401,664.16,806.40,1,E,5,W
331,764.82,812.20,1,W,2,W
407,713.24,812.80,1,E,2,E
181,745.74,816.90,1,S,1,E
126,568.01,818.50,1,S,5,E
134,584.19,820.30,1,S,5,E
109,549.44,821.64,1,S,5,N
112,553.26,821.94,1,S,5,N
117,561.40,822.24,1,S,5,N
118,561.97,822.54,1,S,5,N
120,562.27,822.84,1,S,5,N
121,563.05,823.14,1,S,5,N
434,601.87,823.44,2,W,5,N
461,629.19,823.74,2,E,5,N
303,604.04,823.90,1,W,5,E
124,565.38,824.04,1,S,5,N
125,565.79,824.34,1,S,5,N
127,572.35,824.94,1,S,5,N
128,572.49,825.24,1,S,5,N
129,578.11,825.54,1,S,5,N
130,582.09,825.84,1,S,5,N
133,584.14,826.14,1,S,5,N
540,734.05,826.30,3,E,5,E
137,586.93,826.74,1,S,5,N
138,588.69,827.04,1,S,5,N
140,590.61,827.34,1,S,5,N
142,596.59,827.64,1,S,5,N
210,813.64,827.78,1,S,1,E
143,598.58,827.94,1,S,5,N
144,598.81,828.24,1,S,5,N
146,606.28,828.54,1,S,5,N
297,569.54,828.84,1,W,5,N
298,575.50,829.14,1,W,5,N
300,577.57,829.44,1,W,5,N
301,596.97,829.74,1,W,5,N
305,615.96,830.34,1,W,5,N
306,641.23,830.64,1,W,5,N
308,664.43,830.94,1,W,5,N
398,632.02,831.24,1,E,5,N
399,633.11,831.54,1,E,5,N
402,669.89,831.84,1,E,5,N
404,691.04,832.14,1,E,5,N
494,768.68,832.74,3,W,5,N
177,737.02,841.07,1,S,3,W
541,782.93,844.70,3,E,5,N
543,789.82,851.59,3,E,5,N
680,778.20,865.64,5,W,5,N
681,785.44,865.94,5,W,5,N
682,786.59,866.24,5,W,5,N
683,796.67,866.54,5,W,5,N
684,798.37,866.84,5,W,5,N
685,814.34,867.14,5,W,5,N
686,816.27,867.44,5,W,5,N
687,817.63,867.74,5,W,5,N
688,827.87,868.04,5,W,5,N
689,834.79,868.34,5,W,5,N
690,836.15,868.64,5,W,5,N
691,837.64,868.94,5,W,5,N
692,847.14,869.24,5,W,5,N
693,848.48,869.54,5,W,5,N
694,851.21,869.84,5,W,5,N
695,853.57,870.14,5,W,5,N
696,861.64,870.44,5,W,5,N
697,863.35,870.74,5,W,5,N
698,864.63,870.77,5,W,5,N
699,864.64,870.77,5,W,5,N
700,865.67,871.81,5,W,5,N
739,800.08,879.64,5,E,5,N
740,850.93,879.94,5,E,5,N
490,700.83,899.40,3,W,5,W
491,709.75,899.70,3,W,5,W
492,765.68,900.00,3,W,5,W
493,766.78,900.30,3,W,5,W
542,788.60,900.60,3,E,5,W
405,702.67,900.90,1,E,5,W
150,648.46,901.20,1,S,5,W
153,650.78,901.50,1,S,5,W
158,676.74,901.80,1,S,5,W
463,702.75,902.10,2,E,5,W
439,759.77,902.40,2,W,5,W
465,760.18,902.70,2,E,5,W
163,711.80,903.00,1,S,5,W
165,716.60,903.30,1,S,5,W
167,721.60,903.60,1,S,5,W
178,739.44,903.90,1,S,5,W
204,804.92,903.90,1,S,1,W
309,674.61,904.20,1,W,5,W
205,806.21,904.20,1,S,1,W
312,678.44,904.50,1,W,5,W
213,817.25,904.50,1,S,1,W
313,679.61,904.80,1,W,5,W
227,868.62,904.80,1,S,1,W
316,692.01,905.10,1,W,5,W
321,710.76,905.40,1,W,5,W
324,716.02,905.70,1,W,5,W
406,705.11,906.00,1,E,5,W
335,799.13,908.40,1,W,2,W
341,822.96,910.20,1,W,2,E
468,844.02,913.37,2,E,3,W
440,781.78,917.80,2,W,5,E
233,876.30,920.00,1,S,1,E
171,726.11,920.50,1,S,5,E
495,797.55,921.54,3,W,5,N
149,647.24,921.84,1,S,5,N
155,674.36,922.14,1,S,5,N
156,674.83,922.44,1,S,5,N
157,675.90,922.74,1,S,5,N
438,746.25,923.04,2,W,5,N
464,743.23,923.34,2,E,5,N
319,707.71,923.50,1,W,5,E
466,774.24,923.64,2,E,5,N
467,794.30,924.24,2,E,5,N
441,795.61,924.54,2,W,5,N
159,707.62,924.84,1,S,5,N
160,708.21,925.14,1,S,5,N
161,708.40,925.44,1,S,5,N
164,713.70,925.74,1,S,5,N
169,723.44,926.04,1,S,5,N
170,724.81,926.34,1,S,5,N
173,726.88,926.94,1,S,5,N
496,802.11,927.10,3,W,5,E
174,729.76,927.24,1,S,5,N
175,731.63,927.54,1,S,5,N
310,675.67,927.84,1,W,5,N
311,677.11,928.14,1,W,5,N
314,680.43,928.44,1,W,5,N
315,682.03,928.74,1,W,5,N
317,695.93,929.04,1,W,5,N
318,696.77,929.34,1,W,5,N
320,709.36,929.94,1,W,5,N
322,710.79,930.24,1,W,5,N
323,712.03,930.54,1,W,5,N
325,730.46,930.84,1,W,5,N
326,736.83,931.14,1,W,5,N
327,738.52,931.44,1,W,5,N
328,746.65,931.74,1,W,5,N
329,756.58,932.04,1,W,5,N
330,763.07,932.34,1,W,5,N
408,729.56,932.64,1,E,5,N
409,790.30,932.94,1,E,5,N
497,860.48,933.54,3,W,5,N
545,821.75,933.84,3,E,5,N
498,862.60,934.14,3,W,5,N
546,829.74,934.44,3,E,5,N
547,836.74,934.74,3,E,5,N
413,892.60,954.79,1,E,3,E
701,873.55,965.54,5,W,5,N
702,875.09,965.84,5,W,5,N
703,888.60,966.14,5,W,5,N
704,890.40,966.44,5,W,5,N
705,892.10,966.74,5,W,5,N
224,864.97,999.20,1,S,3,W
544,819.94,999.30,3,E,5,W
548,876.74,999.60,3,E,5,W
499,891.50,999.90,3,W,5,W
500,895.20,1000.20,3,W,5,W
179,740.37,1000.50,1,S,5,W
180,742.93,1000.80,1,S,5,W
182,746.99,1001.10,1,S,5,W
192,758.67,1001.40,1,S,5,W
195,763.34,1001.70,1,S,5,W
196,765.22,1002.00,1,S,5,W
202,770.40,1002.30,1,S,5,W
207,808.51,1002.60,1,S,5,W
212,817.24,1002.90,1,S,5,W
216,822.27,1003.20,1,S,5,W
218,824.28,1003.50,1,S,5,W
333,782.26,1003.80,1,W,5,W
337,806.37,1004.10,1,W,5,W
338,808.34,1004.40,1,W,5,W
342,842.77,1004.70,1,W,5,W
346,860.62,1005.00,1,W,5,W
410,819.06,1005.30,1,E,5,W
412,882.32,1005.60,1,E,5,W
184,749.04,1015.60,1,S,5,E
442,893.61,1017.70,2,W,5,E
183,748.49,1021.44,1,S,5,N
185,749.43,1022.04,1,S,5,N
186,750.51,1022.34,1,S,5,N
187,751.56,1022.64,1,S,5,N
188,752.97,1022.94,1,S,5,N
190,754.90,1023.24,1,S,5,N
343,855.17,1023.40,1,W,5,E
469,867.51,1023.54,2,E,5,N
191,757.51,1024.14,1,S,5,N
193,760.46,1024.44,1,S,5,N
198,766.24,1024.74,1,S,5,N
199,767.99,1025.04,1,S,5,N
206,807.05,1025.34,1,S,5,N
208,808.51,1025.64,1,S,5,N
209,809.69,1025.94,1,S,5,N
211,817.18,1026.24,1,S,5,N
214,818.87,1026.54,1,S,5,N
215,820.30,1026.84,1,S,5,N
217,824.06,1027.14,1,S,5,N
219,825.06,1027.44,1,S,5,N
220,825.88,1027.74,1,S,5,N
332,780.75,1028.04,1,W,5,N
334,785.30,1028.34,1,W,5,N
336,802.77,1028.64,1,W,5,N
339,809.95,1028.94,1,W,5,N
340,821.68,1029.24,1,W,5,N
344,858.87,1029.84,1,W,5,N
345,860.24,1030.14,1,W,5,N
411,828.33,1030.44,1,E,5,N
223,864.20,1099.20,1,S,5,W
228,870.57,1099.50,1,S,5,W
234,878.22,1099.80,1,S,5,W
347,869.91,1100.10,1,W,5,W
348,889.17,1100.40,1,W,5,W
349,892.99,1100.70,1,W,5,W
221,861.09,1121.34,1,S,5,N
222,862.81,1121.64,1,S,5,N
225,866.02,1121.94,1,S,5,N
226,868.62,1122.24,1,S,5,N
229,870.84,1122.54,1,S,5,N
230,871.04,1122.84,1,S,5,N
231,873.15,1123.14,1,S,5,N
232,875.95,1123.44,1,S,5,N
350,894.80,1123.74,1,W,5,N