id,enter_time,exit_time,entrance_intersection,entrance_direction,exit_intersection,exit_direction
566,1.01,66.44,5,W,5,N
567,1.68,66.74,5,W,5,N
568,2.38,67.04,5,W,5,N
569,4.55,67.34,5,W,5,N
570,4.79,67.64,5,W,5,N
571,6.37,67.94,5,W,5,N
572,6.66,68.24,5,W,5,N
573,9.11,68.54,5,W,5,N
574,17.27,68.84,5,W,5,N
575,18.56,69.14,5,W,5,N
576,50.27,69.44,5,W,5,N
577,50.40,69.74,5,W,5,N
578,52.43,70.04,5,W,5,N
579,54.38,70.34,5,W,5,N
580,54.54,70.64,5,W,5,N
707,5.68,80.44,5,E,5,N
708,10.91,80.74,5,E,5,N
709,27.40,81.04,5,E,5,N
2,2.98,100.70,1,S,1,W
7,48.61,101.00,1,S,1,W
8,49.76,101.30,1,S,1,W
11,51.64,101.60,1,S,1,W
228,18.11,101.90,1,W,2,W
12,53.50,101.90,1,S,1,W
15,56.18,102.20,1,S,1,W
16,56.85,102.50,1,S,1,W
18,58.68,102.80,1,S,1,W
24,66.30,103.10,1,S,1,W
25,67.51,103.40,1,S,1,W
30,72.52,103.70,1,S,1,W
33,74.92,104.00,1,S,1,W
35,75.79,104.30,1,S,1,W
456,54.01,112.87,2,E,3,E
426,67.48,114.37,2,W,3,E
10,51.55,114.70,1,S,1,E
13,55.25,115.00,1,S,1,E
17,58.35,115.60,1,S,1,E
483,55.09,125.43,3,W,5,E
508,1.30,131.27,3,E,5,N
510,11.56,131.87,3,E,5,N
484,56.33,131.87,3,W,5,N
512,26.80,132.47,3,E,5,N
515,65.98,133.37,3,E,5,N
223,1.87,136.47,1,W,3,E
226,14.70,137.37,1,W,3,E
517,90.86,152.63,3,E,5,N
581,88.54,166.34,5,W,5,N
582,101.44,166.64,5,W,5,N
583,101.79,166.94,5,W,5,N
584,103.63,167.24,5,W,5,N
585,110.64,167.54,5,W,5,N
586,119.82,167.84,5,W,5,N
587,122.17,168.14,5,W,5,N
588,132.66,168.44,5,W,5,N
589,164.85,170.99,5,W,5,N
710,100.53,180.34,5,E,5,N
711,114.60,180.64,5,E,5,N
712,189.22,195.35,5,E,5,N
482,53.10,200.10,3,W,5,W
509,3.06,200.40,3,E,5,W
511,25.71,200.70,3,E,5,W
9,51.34,200.80,1,S,3,E
513,62.60,201.00,3,E,5,W
40,159.95,201.10,1,S,1,W
514,64.37,201.30,3,E,5,W
516,82.31,201.60,3,E,5,W
518,98.87,201.90,3,E,5,W
234,74.65,202.00,1,W,2,W
1,2.50,202.20,1,S,5,W
235,79.72,202.30,1,W,2,W
3,4.10,202.50,1,S,5,W
420,5.66,202.80,2,W,5,W
237,82.68,202.90,1,W,2,W
424,54.26,203.10,2,W,5,W
27,69.77,203.20,1,S,3,E
425,64.84,203.40,2,W,5,W
457,95.84,203.70,2,E,5,W
227,16.61,204.00,1,W,5,W
229,22.07,204.30,1,W,5,W
230,35.75,204.60,1,W,5,W
231,41.17,204.90,1,W,5,W
363,27.73,205.20,1,E,5,W
364,29.00,205.50,1,E,5,W
369,90.56,208.38,1,E,5,W
42,195.41,209.55,1,S,1,W
52,207.20,221.34,1,S,1,E
0,0.87,222.24,1,S,5,N
455,10.26,222.54,2,E,5,N
421,16.19,222.84,2,W,5,N
422,17.03,223.14,2,W,5,N
423,45.98,223.44,2,W,5,N
427,80.32,223.74,2,W,5,N
224,5.58,224.04,1,W,5,N
225,6.65,224.34,1,W,5,N
232,57.62,224.64,1,W,5,N
365,57.85,224.94,1,E,5,N
366,77.77,225.24,1,E,5,N
367,86.67,225.54,1,E,5,N
368,87.33,225.84,1,E,5,N
485,130.95,231.07,3,W,5,N
519,111.97,231.07,3,E,5,N
520,119.08,231.37,3,E,5,N
36,108.01,237.17,1,S,3,W
590,180.49,266.24,5,W,5,N
591,182.47,266.54,5,W,5,N
592,184.09,266.84,5,W,5,N
593,184.64,267.14,5,W,5,N
594,185.32,267.44,5,W,5,N
595,195.23,267.74,5,W,5,N
596,201.81,268.04,5,W,5,N
597,204.53,268.34,5,W,5,N
598,218.86,268.64,5,W,5,N
599,235.52,268.94,5,W,5,N
600,237.07,269.24,5,W,5,N
601,251.50,269.54,5,W,5,N
713,205.30,280.24,5,E,5,N
714,230.79,280.54,5,E,5,N
486,142.60,300.00,3,W,5,W
521,120.37,300.30,3,E,5,W
522,162.59,300.60,3,E,5,W
523,177.63,300.90,3,E,5,W
19,60.56,301.20,1,S,5,W
48,201.97,301.50,1,S,1,W
23,66.04,301.50,1,S,5,W
55,244.48,301.80,1,S,1,W
28,70.81,301.80,1,S,5,W
67,262.58,302.10,1,S,1,W
31,73.87,302.10,1,S,5,W
715,296.24,302.38,5,E,5,N
68,263.11,302.40,1,S,1,W
428,173.88,302.40,2,W,5,W
73,272.77,302.70,1,S,1,W
460,170.67,302.70,2,E,5,W
76,278.28,303.00,1,S,1,W
37,108.23,303.00,1,S,5,W
79,281.27,303.30,1,S,1,W
236,81.50,303.30,1,W,5,W
81,284.07,303.60,1,S,1,W
243,157.42,303.60,1,W,5,W
82,284.28,303.90,1,S,1,W
251,216.41,303.90,1,W,2,E
373,181.79,303.90,1,E,5,W
84,286.19,304.20,1,S,1,W
86,288.54,304.50,1,S,1,W
87,289.24,304.80,1,S,1,W
255,255.29,305.10,1,W,2,E
376,227.40,306.90,1,E,2,W
62,254.21,316.10,1,S,1,E
459,154.76,319.00,2,E,5,E
238,107.55,320.80,1,W,5,E
242,150.01,322.00,1,W,5,E
4,45.45,322.14,1,S,5,N
5,47.26,322.44,1,S,5,N
6,47.56,322.74,1,S,5,N
14,55.86,323.04,1,S,5,N
20,62.25,323.34,1,S,5,N
21,64.10,323.64,1,S,5,N
22,64.17,323.94,1,S,5,N
26,68.89,324.24,1,S,5,N
29,72.33,324.54,1,S,5,N
458,108.56,324.84,2,E,5,N
525,226.51,325.03,3,E,5,E
489,250.40,325.33,3,W,5,E
429,186.48,325.44,2,W,5,N
461,189.23,325.74,2,E,5,N
32,74.81,326.04,1,S,5,N
34,75.43,326.34,1,S,5,N
233,73.64,326.64,1,W,5,N
239,109.15,327.24,1,W,5,N
240,131.90,327.54,1,W,5,N
241,133.70,327.84,1,W,5,N
370,150.87,328.44,1,E,5,N
371,155.74,328.74,1,E,5,N
372,163.80,329.04,1,E,5,N
524,209.03,330.87,3,E,5,N
488,223.54,331.17,3,W,5,N
526,227.66,331.47,3,E,5,N
527,239.90,331.77,3,E,5,N
490,252.25,331.77,3,W,5,N
528,241.21,332.07,3,E,5,N
534,277.37,333.01,3,E,5,E
532,270.26,333.27,3,E,5,N
533,272.14,333.91,3,E,5,N
248,196.75,339.07,1,W,3,E
535,278.44,340.21,3,E,5,N
538,283.07,344.84,3,E,5,N
602,285.34,366.14,5,W,5,N
603,292.36,366.44,5,W,5,N
604,310.18,366.74,5,W,5,N
605,311.96,367.04,5,W,5,N
606,341.29,367.34,5,W,5,N
607,342.56,367.64,5,W,5,N
608,359.42,367.94,5,W,5,N
609,359.91,368.24,5,W,5,N
716,343.19,380.14,5,E,5,N
717,364.25,380.44,5,E,5,N
718,365.09,380.74,5,E,5,N
719,371.04,381.04,5,E,5,N
720,392.17,398.30,5,E,5,N
487,207.84,399.90,3,W,5,W
491,257.51,400.20,3,W,5,W
529,259.12,400.50,3,E,5,W
530,260.44,400.80,3,E,5,W
61,253.32,401.00,1,S,3,W
531,268.44,401.10,3,E,5,W
536,280.10,401.40,3,E,5,W
537,281.75,401.70,3,E,5,W
93,298.84,401.90,1,S,1,W
43,196.65,402.00,1,S,5,W
95,335.55,402.20,1,S,1,W
431,223.77,402.30,2,W,5,W
100,373.08,402.50,1,S,1,W
51,205.93,402.60,1,S,5,W
103,378.60,402.80,1,S,1,W
246,169.22,402.90,1,W,5,W
107,383.12,403.10,1,S,1,W
250,200.18,403.20,1,W,5,W
256,256.83,403.50,1,W,5,W
380,289.60,407.43,1,E,5,W
381,291.37,409.19,1,E,5,W
434,372.99,412.87,2,W,3,W
39,158.67,416.20,1,S,5,E
109,384.43,417.70,1,S,1,E
38,157.15,422.04,1,S,5,N
41,193.62,422.64,1,S,5,N
44,197.10,422.94,1,S,5,N
45,198.83,423.24,1,S,5,N
46,201.71,423.54,1,S,5,N
47,201.92,423.84,1,S,5,N
49,203.68,424.14,1,S,5,N
462,224.99,424.44,2,E,5,N
378,282.74,424.60,1,E,5,E
430,210.35,424.74,2,W,5,N
463,248.63,425.04,2,E,5,N
432,259.87,425.34,2,W,5,N
433,273.00,425.64,2,W,5,N
464,284.07,425.94,2,E,5,N
540,341.46,426.10,3,E,5,E
50,205.63,426.24,1,S,5,N
53,209.10,426.54,1,S,5,N
54,209.98,426.84,1,S,5,N
244,166.76,427.14,1,W,5,N
245,168.11,427.44,1,W,5,N
247,171.11,427.74,1,W,5,N
249,196.88,428.04,1,W,5,N
252,235.56,428.34,1,W,5,N
253,251.55,428.64,1,W,5,N
254,251.85,428.94,1,W,5,N
257,264.02,429.24,1,W,5,N
258,265.16,429.54,1,W,5,N
374,209.93,429.84,1,E,5,N
375,221.99,430.14,1,E,5,N
377,264.95,430.44,1,E,5,N
379,286.98,431.04,1,E,5,N
382,294.91,431.34,1,E,5,N
492,309.75,431.64,3,W,5,N
539,299.59,431.94,3,E,5,N
85,287.44,438.27,1,S,3,W
94,300.79,440.07,1,S,3,E
384,313.67,446.67,1,E,3,E
388,365.49,447.87,1,E,3,E
494,391.79,453.56,3,W,5,N
610,393.83,466.04,5,W,5,N
611,395.22,466.34,5,W,5,N
612,397.17,466.64,5,W,5,N
613,397.47,466.94,5,W,5,N
614,399.02,467.24,5,W,5,N
615,400.30,467.54,5,W,5,N
616,402.68,467.84,5,W,5,N
617,428.57,468.14,5,W,5,N
618,429.98,468.44,5,W,5,N
619,432.56,468.74,5,W,5,N
620,433.61,469.04,5,W,5,N
621,436.49,469.34,5,W,5,N
622,437.64,469.64,5,W,5,N
623,438.38,469.94,5,W,5,N
624,438.88,470.24,5,W,5,N
625,440.73,470.54,5,W,5,N
626,442.49,470.84,5,W,5,N
627,443.93,471.14,5,W,5,N
628,445.55,471.44,5,W,5,N
629,446.91,471.74,5,W,5,N
630,448.06,472.04,5,W,5,N
631,450.43,472.34,5,W,5,N
721,402.19,480.04,5,E,5,N
722,450.76,480.34,5,E,5,N
723,458.89,480.64,5,E,5,N
724,460.50,480.94,5,E,5,N
493,323.19,499.80,3,W,5,W
541,343.12,500.10,3,E,5,W
542,393.56,500.40,3,E,5,W
543,395.13,500.70,3,E,5,W
56,246.29,501.00,1,S,5,W
59,250.34,501.30,1,S,5,W
64,257.70,501.60,1,S,5,W
65,258.60,501.90,1,S,5,W
70,265.81,502.20,1,S,5,W
72,268.29,502.50,1,S,5,W
74,273.40,502.80,1,S,5,W
465,303.61,503.10,2,E,5,W
466,320.36,503.40,2,E,5,W
435,383.04,503.70,2,W,5,W
436,395.66,504.00,2,W,5,W
437,398.44,504.30,2,W,5,W
78,279.31,504.60,1,S,5,W
83,285.22,504.90,1,S,5,W
89,292.01,505.20,1,S,5,W
259,277.95,505.50,1,W,5,W
260,278.07,505.80,1,W,5,W
262,300.03,506.10,1,W,5,W
264,303.87,506.40,1,W,5,W
265,304.04,506.70,1,W,5,W
267,306.31,507.00,1,W,5,W
271,324.82,507.30,1,W,5,W
272,341.58,507.60,1,W,5,W
273,342.97,507.90,1,W,5,W
275,349.03,508.20,1,W,5,W
276,350.80,508.50,1,W,5,W
277,352.70,508.80,1,W,5,W
278,354.17,509.10,1,W,5,W
383,303.60,509.40,1,E,5,W
386,345.37,509.70,1,E,5,W
389,377.33,510.00,1,E,5,W
116,498.15,512.29,1,S,1,W
77,278.46,518.80,1,S,5,E
57,249.87,521.94,1,S,5,N
58,249.91,522.24,1,S,5,N
60,251.69,522.54,1,S,5,N
63,255.95,522.84,1,S,5,N
66,262.19,523.14,1,S,5,N
69,265.57,523.44,1,S,5,N
71,266.00,523.74,1,S,5,N
467,365.56,524.04,2,E,5,N
468,390.15,524.34,2,E,5,N
75,276.89,524.64,1,S,5,N
547,407.92,525.23,3,E,5,E
80,282.38,525.24,1,S,5,N
88,291.14,525.54,1,S,5,N
90,293.89,525.84,1,S,5,N
91,296.91,526.14,1,S,5,N
92,297.57,526.44,1,S,5,N
261,279.20,526.74,1,W,5,N
263,301.37,527.04,1,W,5,N
266,304.76,527.34,1,W,5,N
268,307.32,527.64,1,W,5,N
269,308.38,527.94,1,W,5,N
270,308.68,528.24,1,W,5,N
274,346.92,528.54,1,W,5,N
385,342.77,528.84,1,E,5,N
387,363.02,529.14,1,E,5,N
544,404.04,530.47,3,E,5,N
495,408.38,530.47,3,W,5,N
496,468.38,530.77,3,W,5,N
545,405.42,530.77,3,E,5,N
548,409.72,531.67,3,E,5,N
549,410.97,531.97,3,E,5,N
550,412.13,532.27,3,E,5,N
280,392.53,537.77,1,W,3,W
287,437.43,539.87,1,W,3,W
115,458.45,542.12,1,S,2,W
117,534.34,548.48,1,S,1,E
497,488.40,550.17,3,W,5,N
553,490.27,552.04,3,E,5,N
632,482.17,565.94,5,W,5,N
633,489.58,566.24,5,W,5,N
634,491.40,566.54,5,W,5,N
635,491.46,566.84,5,W,5,N
636,491.76,567.14,5,W,5,N
637,492.62,567.44,5,W,5,N
638,495.22,567.74,5,W,5,N
639,496.58,568.04,5,W,5,N
640,498.34,568.34,5,W,5,N
641,500.08,568.64,5,W,5,N
642,500.97,568.94,5,W,5,N
643,502.53,569.24,5,W,5,N
644,515.89,569.54,5,W,5,N
645,523.67,569.84,5,W,5,N
646,530.77,570.14,5,W,5,N
647,531.17,570.44,5,W,5,N
648,532.67,570.74,5,W,5,N
649,539.14,571.04,5,W,5,N
650,565.11,571.25,5,W,5,N
651,571.54,577.67,5,W,5,N
652,571.78,577.92,5,W,5,N
653,572.17,578.31,5,W,5,N
725,514.82,579.94,5,E,5,N
726,514.88,580.24,5,E,5,N
727,537.96,580.54,5,E,5,N
728,542.87,580.84,5,E,5,N
113,455.16,599.40,1,S,3,W
546,406.50,599.70,3,E,5,W
551,449.62,600.00,3,E,5,W
729,593.95,600.08,5,E,5,N
552,454.92,600.30,3,E,5,W
104,380.31,600.60,1,S,5,W
471,495.42,600.90,2,E,5,W
111,420.98,601.20,1,S,5,W
285,434.63,601.50,1,W,5,W
286,435.79,601.80,1,W,5,W
290,449.35,602.10,1,W,5,W
391,450.16,602.40,1,E,5,W
124,540.92,602.70,1,S,1,W
125,542.80,603.00,1,S,1,W
137,558.95,603.30,1,S,1,W
140,561.96,603.60,1,S,1,W
145,568.22,603.90,1,S,1,W
148,575.39,604.20,1,S,1,W
149,576.15,604.50,1,S,1,W
150,577.83,604.80,1,S,1,W
151,580.64,605.10,1,S,1,W
157,590.61,605.40,1,S,1,W
303,536.80,606.00,1,W,2,E
97,367.94,616.00,1,S,5,E
469,431.01,618.40,2,E,5,E
438,486.57,619.00,2,W,5,E
144,566.25,620.60,1,S,1,E
96,367.93,621.84,1,S,5,N
392,467.68,622.30,1,E,5,E
98,369.46,622.44,1,S,5,N
99,371.32,622.74,1,S,5,N
101,375.03,623.04,1,S,5,N
159,600.14,623.30,1,S,1,E
102,377.75,623.34,1,S,5,N
105,381.67,623.64,1,S,5,N
106,382.85,623.94,1,S,5,N
108,383.96,624.24,1,S,5,N
470,471.66,624.84,2,E,5,N
439,498.38,625.44,2,W,5,N
110,419.93,625.74,1,S,5,N
279,376.41,626.04,1,W,5,N
281,393.91,626.34,1,W,5,N
282,395.05,626.64,1,W,5,N
283,396.04,626.94,1,W,5,N
284,411.23,627.24,1,W,5,N
288,438.18,627.54,1,W,5,N
289,447.52,627.84,1,W,5,N
390,441.39,628.14,1,E,5,N
554,530.74,630.27,3,E,5,N
555,549.24,630.57,3,E,5,N
299,511.41,640.87,1,W,3,W
393,525.83,643.27,1,E,3,E
556,582.13,643.90,3,E,5,N
654,599.16,665.84,5,W,5,N
655,601.54,666.14,5,W,5,N
656,604.79,666.44,5,W,5,N
657,605.29,666.74,5,W,5,N
658,614.91,667.04,5,W,5,N
659,648.34,667.34,5,W,5,N
660,648.44,667.64,5,W,5,N
661,649.98,667.94,5,W,5,N
662,663.13,669.26,5,W,5,N
730,645.70,679.84,5,E,5,N
498,547.62,699.60,3,W,5,W
472,538.77,699.90,2,E,5,W
121,538.32,700.20,1,S,5,W
122,538.72,700.50,1,S,5,W
292,468.64,700.80,1,W,5,W
132,553.85,701.00,1,S,3,W
294,470.18,701.10,1,W,5,W
296,488.52,701.40,1,W,5,W
134,555.88,701.60,1,S,3,E
142,564.38,701.60,1,S,2,E
162,639.27,703.10,1,S,1,W
165,676.75,703.40,1,S,1,W
314,629.34,707.30,1,W,2,E
320,657.68,709.10,1,W,2,W
118,535.15,716.80,1,S,5,E
304,547.88,720.10,1,W,5,E
112,454.79,721.74,1,S,5,N
114,455.57,722.04,1,S,5,N
440,525.21,722.34,2,W,5,N
473,588.01,722.64,2,E,5,N
119,536.62,723.24,1,S,5,N
120,536.74,723.54,1,S,5,N
291,466.66,723.84,1,W,5,N
293,469.07,724.14,1,W,5,N
295,486.59,724.44,1,W,5,N
297,502.46,724.74,1,W,5,N
298,511.12,725.04,1,W,5,N
300,512.52,725.34,1,W,5,N
301,514.04,725.64,1,W,5,N
302,535.27,725.94,1,W,5,N
305,549.09,726.54,1,W,5,N
306,552.80,726.84,1,W,5,N
394,540.01,727.14,1,E,5,N
395,559.06,727.44,1,E,5,N
396,564.52,727.74,1,E,5,N
397,579.02,728.04,1,E,5,N
557,630.37,730.07,3,E,5,N
500,618.31,730.37,3,W,5,N
558,665.43,730.37,3,E,5,N
501,638.94,730.67,3,W,5,N
141,562.11,737.37,1,S,3,W
308,581.25,741.57,1,W,3,E
316,634.52,743.97,1,W,3,E
318,650.87,744.57,1,W,3,W
663,689.11,765.74,5,W,5,N
664,690.95,766.04,5,W,5,N
665,693.88,766.34,5,W,5,N
666,696.50,766.64,5,W,5,N
667,698.11,766.94,5,W,5,N
668,698.94,767.24,5,W,5,N
669,700.75,767.54,5,W,5,N
670,702.01,767.84,5,W,5,N
671,704.46,768.14,5,W,5,N
672,714.61,768.44,5,W,5,N
673,716.39,768.74,5,W,5,N
674,717.50,769.04,5,W,5,N
675,719.83,769.34,5,W,5,N
676,725.93,769.64,5,W,5,N
677,728.84,769.94,5,W,5,N
678,730.27,770.24,5,W,5,N
679,732.36,770.54,5,W,5,N
731,700.13,779.74,5,E,5,N
732,701.57,780.04,5,E,5,N
733,705.73,780.34,5,E,5,N
734,771.46,780.64,5,E,5,N
735,776.40,782.54,5,E,5,N
736,782.30,788.44,5,E,5,N
499,607.22,799.50,3,W,5,W
127,545.48,799.80,1,S,5,W
130,549.92,800.10,1,S,5,W
133,554.69,800.40,1,S,5,W
136,557.73,800.70,1,S,5,W
138,559.51,801.00,1,S,5,W
172,682.09,801.10,1,S,3,E
474,607.54,801.30,2,E,5,W
173,685.80,801.40,1,S,3,W
442,643.14,801.60,2,W,5,W
445,663.03,801.90,2,W,5,W
446,675.10,802.20,2,W,5,W
476,694.64,802.50,2,E,5,W
146,568.76,802.80,1,S,5,W
152,580.89,803.10,1,S,5,W
156,587.60,803.40,1,S,5,W
177,721.28,803.50,1,S,1,W
310,602.01,803.70,1,W,5,W
186,733.43,803.80,1,S,2,W
181,726.68,803.80,1,S,1,W
312,613.10,804.00,1,W,5,W
187,734.78,804.10,1,S,1,W
319,654.33,804.30,1,W,5,W
188,735.67,804.40,1,S,1,W
401,619.25,804.60,1,E,5,W
189,735.71,804.70,1,S,1,W
402,622.11,804.90,1,E,5,W
192,739.35,805.00,1,S,1,W
194,740.08,805.30,1,S,1,W
196,774.73,805.60,1,S,1,W
198,777.91,805.90,1,S,1,W
405,704.25,810.10,1,E,2,W
447,766.54,813.27,2,W,3,E
200,781.15,817.20,1,S,1,E
123,540.25,821.64,1,S,5,N
126,544.27,821.94,1,S,5,N
128,545.50,822.24,1,S,5,N
129,548.28,822.54,1,S,5,N
131,551.90,822.84,1,S,5,N
135,556.19,823.14,1,S,5,N
441,620.87,823.44,2,W,5,N
475,652.80,823.74,2,E,5,N
443,647.05,824.04,2,W,5,N
444,661.93,824.34,2,W,5,N
139,561.20,824.64,1,S,5,N
143,566.04,824.94,1,S,5,N
147,569.87,825.24,1,S,5,N
153,582.25,825.54,1,S,5,N
154,584.12,825.84,1,S,5,N
155,585.13,826.14,1,S,5,N
158,592.32,826.44,1,S,5,N
160,601.39,826.74,1,S,5,N
161,635.11,827.04,1,S,5,N
307,573.58,827.34,1,W,5,N
309,595.34,827.64,1,W,5,N
311,603.54,827.94,1,W,5,N
313,613.44,828.24,1,W,5,N
315,630.91,828.54,1,W,5,N
317,649.54,828.84,1,W,5,N
321,659.61,829.14,1,W,5,N
398,613.08,829.44,1,E,5,N
399,614.94,829.74,1,E,5,N
400,616.71,830.04,1,E,5,N
403,660.44,830.34,1,E,5,N
404,693.62,830.64,1,E,5,N
502,705.94,830.94,3,W,5,N
559,724.83,831.24,3,E,5,N
560,778.55,840.32,3,E,5,N
324,694.68,841.67,1,W,3,E
326,697.02,842.27,1,W,3,W
327,706.71,842.57,1,W,3,W
197,776.39,842.72,1,S,2,W
332,731.37,844.07,1,W,3,E
504,782.47,844.24,3,W,5,N
505,791.69,853.46,3,W,5,N
680,777.22,865.64,5,W,5,N
681,778.14,865.94,5,W,5,N
682,779.89,866.24,5,W,5,N
683,782.74,866.54,5,W,5,N
684,784.68,866.84,5,W,5,N
685,786.13,867.14,5,W,5,N
686,786.35,867.44,5,W,5,N
687,795.35,867.74,5,W,5,N
688,795.76,868.04,5,W,5,N
689,801.77,868.34,5,W,5,N
690,802.80,868.64,5,W,5,N
691,803.87,868.94,5,W,5,N
692,814.13,869.24,5,W,5,N
693,816.08,869.54,5,W,5,N
694,832.42,869.84,5,W,5,N
695,832.96,870.14,5,W,5,N
696,840.04,870.44,5,W,5,N
697,846.63,870.74,5,W,5,N
698,848.41,871.04,5,W,5,N
699,849.65,871.34,5,W,5,N
737,809.67,879.64,5,E,5,N
738,815.50,879.94,5,E,5,N
739,881.83,887.96,5,E,5,N
740,889.63,895.77,5,E,5,N
503,720.14,899.40,3,W,5,W
163,675.25,899.70,1,S,5,W
164,675.97,900.00,1,S,5,W
170,680.53,900.30,1,S,5,W
477,725.29,900.60,2,E,5,W
478,767.35,900.90,2,E,5,W
175,718.24,901.20,1,S,5,W
178,722.84,901.50,1,S,5,W
179,724.14,901.80,1,S,5,W
183,729.44,902.10,1,S,5,W
184,731.91,902.40,1,S,5,W
185,732.83,902.70,1,S,5,W
322,679.42,903.00,1,W,5,W
325,696.14,903.30,1,W,5,W
329,708.73,903.60,1,W,5,W
330,710.35,903.90,1,W,5,W
203,818.34,903.90,1,S,1,W
409,780.31,904.20,1,E,5,W
209,862.04,904.20,1,S,1,W
217,871.13,904.50,1,S,1,W
345,822.48,904.80,1,W,2,W
220,873.27,904.80,1,S,1,W
348,841.12,905.70,1,W,2,W
353,852.03,907.20,1,W,2,E
354,852.76,907.50,1,W,2,E
419,887.29,913.41,1,E,2,W
451,839.49,914.27,2,W,3,W
211,864.33,917.30,1,S,1,E
216,869.45,918.80,1,S,1,E
166,677.99,921.54,1,S,5,N
167,678.12,921.84,1,S,5,N
168,678.72,922.14,1,S,5,N
407,749.60,922.30,1,E,5,E
169,679.75,922.44,1,S,5,N
171,680.87,922.74,1,S,5,N
174,686.12,923.04,1,S,5,N
479,781.61,923.34,2,E,5,N
176,719.54,923.64,1,S,5,N
180,725.54,923.94,1,S,5,N
182,728.00,924.24,1,S,5,N
190,737.10,924.54,1,S,5,N
191,739.04,924.84,1,S,5,N
193,739.68,925.14,1,S,5,N
323,692.75,925.44,1,W,5,N
328,708.59,925.74,1,W,5,N
331,716.32,926.04,1,W,5,N
333,732.69,926.34,1,W,5,N
334,733.23,926.64,1,W,5,N
335,734.21,926.94,1,W,5,N
336,736.98,927.24,1,W,5,N
337,746.36,927.54,1,W,5,N
338,765.76,927.84,1,W,5,N
406,718.50,928.14,1,E,5,N
408,777.86,928.74,1,E,5,N
561,825.76,929.67,3,E,5,N
506,842.12,929.67,3,W,5,N
507,858.04,929.97,3,W,5,N
562,855.79,929.97,3,E,5,N
563,867.31,930.27,3,E,5,N
339,781.27,939.07,1,W,3,E
340,790.78,939.37,1,W,3,W
700,879.09,965.54,5,W,5,N
701,880.35,965.84,5,W,5,N
702,880.91,966.14,5,W,5,N
703,889.85,966.44,5,W,5,N
704,891.08,966.74,5,W,5,N
705,892.13,967.04,5,W,5,N
706,893.75,967.34,5,W,5,N
410,798.36,999.30,1,E,5,W
564,868.55,999.60,3,E,5,W
195,741.16,999.90,1,S,5,W
199,779.34,1000.20,1,S,5,W
448,805.17,1000.50,2,W,5,W
449,825.46,1000.80,2,W,5,W
481,868.76,1001.10,2,E,5,W
453,859.36,1001.40,2,W,5,W
454,862.12,1001.70,2,W,5,W
202,814.20,1002.00,1,S,5,W
343,819.34,1002.30,1,W,5,W
358,889.49,1002.50,1,W,2,W
346,824.06,1002.60,1,W,5,W
350,846.78,1002.90,1,W,5,W
351,848.34,1003.20,1,W,5,W
411,841.90,1003.50,1,E,5,W
413,855.30,1003.80,1,E,5,W
415,865.08,1004.10,1,E,5,W
416,873.72,1004.40,1,E,5,W
417,879.34,1004.70,1,E,5,W
480,824.33,1015.30,2,E,5,E
201,814.16,1016.20,1,S,5,E
206,827.12,1017.10,1,S,5,E
450,826.11,1021.74,2,W,5,N
452,853.66,1022.04,2,W,5,N
204,818.97,1022.64,1,S,5,N
205,826.32,1022.94,1,S,5,N
207,827.33,1023.54,1,S,5,N
341,791.98,1023.84,1,W,5,N
342,817.96,1024.14,1,W,5,N
344,820.64,1024.44,1,W,5,N
347,833.73,1024.74,1,W,5,N
349,844.81,1025.04,1,W,5,N
352,850.51,1025.34,1,W,5,N
355,854.29,1025.64,1,W,5,N
412,852.57,1025.94,1,E,5,N
414,857.58,1026.24,1,E,5,N
418,884.72,1026.54,1,E,5,N
565,899.45,1099.20,3,E,5,W
208,861.27,1099.50,1,S,5,W
213,866.20,1099.80,1,S,5,W
214,866.66,1100.10,1,S,5,W
222,876.21,1100.40,1,S,5,W
356,871.37,1100.70,1,W,5,W
357,882.82,1101.00,1,W,5,W
361,895.65,1101.30,1,W,5,W
215,867.74,1115.80,1,S,5,E
219,872.50,1116.40,1,S,5,E
362,896.21,1117.60,1,W,5,E
210,862.77,1121.34,1,S,5,N
212,864.34,1121.64,1,S,5,N
218,871.39,1122.24,1,S,5,N
221,874.22,1122.84,1,S,5,N
359,891.17,1123.14,1,W,5,N
360,894.49,1123.44,1,W,5,N