id,enter_time,exit_time,entrance_intersection,entrance_direction,exit_intersection,exit_direction
3,3.53,17.66,1,S,1,E
25,35.88,50.01,1,S,1,E
517,1.87,66.44,5,W,5,N
518,2.71,66.74,5,W,5,N
519,10.75,67.04,5,W,5,N
520,11.31,67.34,5,W,5,N
521,11.98,67.64,5,W,5,N
522,13.57,67.94,5,W,5,N
523,17.58,68.24,5,W,5,N
524,34.17,68.54,5,W,5,N
525,44.71,68.84,5,W,5,N
526,44.73,69.14,5,W,5,N
527,46.56,69.44,5,W,5,N
528,47.75,69.74,5,W,5,N
529,48.49,70.04,5,W,5,N
530,49.43,70.34,5,W,5,N
648,12.28,80.44,5,E,5,N
649,42.23,80.74,5,E,5,N
1,1.54,100.70,1,S,1,W
10,14.56,101.00,1,S,1,W
7,12.57,101.30,1,S,2,W
14,21.84,101.30,1,S,1,W
15,25.03,101.60,1,S,1,W
17,29.99,101.90,1,S,1,W
22,32.71,102.20,1,S,1,W
335,95.65,121.77,1,E,2,W
488,56.54,126.33,3,E,5,E
462,62.26,131.27,3,W,5,N
484,7.27,131.27,3,E,5,N
485,9.08,131.57,3,E,5,N
486,15.56,131.87,3,E,5,N
487,54.82,132.17,3,E,5,N
489,57.95,132.77,3,E,5,N
12,18.46,138.57,1,S,3,E
531,90.34,166.34,5,W,5,N
532,92.15,166.64,5,W,5,N
533,96.06,166.94,5,W,5,N
534,124.96,167.24,5,W,5,N
535,126.36,167.54,5,W,5,N
536,127.91,167.84,5,W,5,N
537,128.00,168.14,5,W,5,N
538,129.96,168.44,5,W,5,N
539,132.47,168.74,5,W,5,N
540,135.14,169.04,5,W,5,N
541,137.98,169.34,5,W,5,N
542,140.63,169.64,5,W,5,N
543,152.66,169.94,5,W,5,N
544,153.80,170.24,5,W,5,N
545,160.94,170.54,5,W,5,N
546,166.69,172.83,5,W,5,N
650,109.73,180.34,5,E,5,N
651,154.08,180.64,5,E,5,N
26,71.84,199.90,1,S,3,E
2,3.44,200.10,1,S,5,W
398,10.28,200.40,2,W,5,W
35,119.82,200.50,1,S,2,W
399,33.61,200.70,2,W,5,W
29,78.15,200.80,1,S,3,W
400,63.31,201.00,2,W,5,W
37,122.22,201.10,1,S,1,W
402,86.79,201.30,2,W,5,W
42,175.19,201.40,1,S,1,W
31,80.52,201.40,1,S,3,W
11,17.43,201.60,1,S,5,W
46,179.88,201.70,1,S,1,W
21,32.43,201.90,1,S,5,W
47,180.25,202.00,1,S,1,W
202,56.16,202.20,1,W,5,W
328,43.97,202.50,1,E,5,W
329,61.63,202.80,1,E,5,W
332,79.13,203.10,1,E,5,W
333,82.58,203.40,1,E,5,W
212,117.78,203.80,1,W,2,W
334,86.77,204.59,1,E,5,W
405,172.17,213.27,2,W,3,E
52,186.30,216.00,1,S,1,E
16,28.41,219.40,1,S,5,E
23,34.65,220.60,1,S,5,E
0,0.76,222.24,1,S,5,N
437,13.52,222.54,2,E,5,N
438,38.93,222.84,2,E,5,N
401,74.92,223.14,2,W,5,N
439,87.35,223.44,2,E,5,N
4,9.16,223.74,1,S,5,N
5,9.36,224.04,1,S,5,N
6,11.09,224.34,1,S,5,N
8,13.22,224.64,1,S,5,N
463,130.76,224.93,3,W,5,E
9,13.23,224.94,1,S,5,N
13,19.99,225.24,1,S,5,N
18,31.42,225.84,1,S,5,N
19,31.61,226.14,1,S,5,N
20,32.11,226.44,1,S,5,N
24,34.83,227.04,1,S,5,N
198,7.90,227.34,1,W,5,N
199,8.33,227.64,1,W,5,N
200,31.41,227.94,1,W,5,N
201,56.13,228.24,1,W,5,N
203,57.24,228.54,1,W,5,N
204,58.86,228.84,1,W,5,N
205,59.94,229.14,1,W,5,N
206,61.73,229.44,1,W,5,N
327,27.47,229.74,1,E,5,N
330,66.90,230.04,1,E,5,N
331,70.72,230.34,1,E,5,N
490,101.33,231.07,3,E,5,N
464,151.00,231.37,3,W,5,N
465,172.29,234.06,3,W,5,N
55,225.37,239.51,1,S,1,E
547,175.82,266.24,5,W,5,N
548,177.56,266.54,5,W,5,N
549,178.73,266.84,5,W,5,N
550,180.27,267.14,5,W,5,N
551,180.98,267.44,5,W,5,N
552,182.87,267.74,5,W,5,N
553,184.15,268.04,5,W,5,N
554,185.74,268.34,5,W,5,N
555,186.94,268.64,5,W,5,N
556,188.26,268.94,5,W,5,N
557,195.79,269.24,5,W,5,N
558,197.24,269.54,5,W,5,N
559,231.85,269.84,5,W,5,N
560,248.84,270.14,5,W,5,N
561,262.57,270.44,5,W,5,N
562,264.28,270.74,5,W,5,N
563,264.72,270.86,5,W,5,N
564,265.83,271.97,5,W,5,N
652,206.34,280.24,5,E,5,N
653,221.07,280.54,5,E,5,N
654,237.84,280.84,5,E,5,N
655,247.49,281.14,5,E,5,N
656,249.14,281.44,5,E,5,N
657,254.41,281.74,5,E,5,N
658,259.75,282.04,5,E,5,N
491,158.82,300.00,3,E,5,W
27,71.98,300.30,1,S,5,W
28,77.61,300.60,1,S,5,W
30,79.20,300.90,1,S,5,W
50,184.63,301.20,1,S,3,W
34,85.13,301.20,1,S,5,W
53,224.60,301.50,1,S,1,W
38,123.51,301.50,1,S,5,W
57,228.73,301.80,1,S,1,W
39,123.60,301.80,1,S,5,W
210,94.08,302.10,1,W,5,W
211,108.64,302.40,1,W,5,W
214,135.92,302.70,1,W,5,W
215,139.32,303.00,1,W,5,W
216,145.06,303.30,1,W,5,W
337,108.00,303.60,1,E,5,W
66,289.54,303.68,1,S,1,W
338,124.73,303.90,1,E,5,W
340,148.30,304.20,1,E,5,W
230,213.72,304.80,1,W,2,E
233,235.41,305.70,1,W,2,W
69,294.09,308.23,1,S,1,W
60,282.53,314.30,1,S,1,E
32,82.51,316.00,1,S,5,E
67,291.53,316.10,1,S,1,E
74,300.74,317.60,1,S,1,E
407,198.40,318.10,2,W,5,E
40,129.40,318.70,1,S,5,E
33,83.85,322.44,1,S,5,N
403,125.23,322.74,2,W,5,N
440,127.74,323.04,2,E,5,N
441,176.28,323.34,2,E,5,N
404,137.17,323.64,2,W,5,N
406,186.68,323.94,2,W,5,N
36,120.30,324.54,1,S,5,N
41,131.12,325.14,1,S,5,N
207,77.38,325.44,1,W,5,N
208,92.54,325.74,1,W,5,N
209,92.89,326.04,1,W,5,N
213,119.36,326.34,1,W,5,N
217,145.30,326.64,1,W,5,N
218,152.07,326.94,1,W,5,N
219,153.23,327.24,1,W,5,N
336,104.88,327.54,1,E,5,N
339,137.70,327.84,1,E,5,N
466,228.47,330.87,3,W,5,N
495,226.30,331.77,3,E,5,N
220,169.25,337.87,1,W,3,W
229,212.53,340.57,1,W,3,W
231,233.20,341.17,1,W,3,E
232,235.16,341.47,1,W,3,W
498,296.43,358.20,3,E,5,N
565,281.71,366.14,5,W,5,N
566,282.08,366.44,5,W,5,N
567,283.75,366.74,5,W,5,N
568,284.78,367.04,5,W,5,N
569,286.05,367.34,5,W,5,N
570,293.29,367.64,5,W,5,N
571,294.81,367.94,5,W,5,N
572,321.35,368.24,5,W,5,N
573,351.34,368.54,5,W,5,N
574,351.70,368.84,5,W,5,N
575,352.90,369.14,5,W,5,N
659,326.83,380.14,5,E,5,N
660,329.86,380.44,5,E,5,N
661,331.70,380.74,5,E,5,N
662,336.04,381.04,5,E,5,N
663,378.93,385.06,5,E,5,N
664,379.58,385.72,5,E,5,N
665,382.46,388.59,5,E,5,N
666,387.13,393.27,5,E,5,N
492,203.86,399.90,3,E,5,W
493,220.10,400.20,3,E,5,W
494,221.19,400.50,3,E,5,W
496,232.09,400.80,3,E,5,W
77,307.82,401.00,1,S,2,E
497,280.35,401.10,3,E,5,W
43,177.47,401.40,1,S,5,W
44,177.48,401.70,1,S,5,W
72,298.20,401.90,1,S,1,W
49,184.46,402.00,1,S,5,W
83,379.51,402.20,1,S,1,W
408,209.10,402.30,2,W,5,W
85,380.84,402.50,1,S,1,W
443,249.59,402.60,2,E,5,W
410,222.42,402.90,2,W,5,W
58,232.61,403.20,1,S,5,W
222,172.58,403.50,1,W,5,W
228,210.66,403.80,1,W,5,W
341,205.84,404.10,1,E,5,W
250,358.35,406.70,1,W,2,W
84,380.63,415.00,1,S,1,E
223,173.02,419.50,1,W,5,E
343,257.86,421.90,1,E,5,E
499,298.29,422.04,3,E,5,N
45,178.93,422.34,1,S,5,N
48,182.17,422.64,1,S,5,N
51,185.58,422.94,1,S,5,N
442,224.55,423.24,2,E,5,N
409,210.74,423.54,2,W,5,N
411,259.32,423.84,2,W,5,N
444,290.25,424.14,2,E,5,N
54,225.03,424.44,1,S,5,N
56,226.92,424.74,1,S,5,N
59,233.91,425.04,1,S,5,N
221,170.86,425.34,1,W,5,N
224,173.02,425.94,1,W,5,N
225,186.82,426.24,1,W,5,N
226,188.49,426.54,1,W,5,N
227,189.62,426.84,1,W,5,N
234,245.42,427.14,1,W,5,N
235,259.79,427.44,1,W,5,N
342,232.10,427.74,1,E,5,N
344,297.61,428.34,1,E,5,N
467,301.72,430.67,3,W,5,N
500,311.32,430.67,3,E,5,N
501,364.38,430.97,3,E,5,N
81,311.77,438.27,1,S,3,W
469,380.63,442.40,3,W,5,N
470,380.66,442.43,3,W,5,N
251,359.73,443.07,1,W,3,W
576,385.51,466.04,5,W,5,N
577,392.76,466.34,5,W,5,N
578,394.20,466.64,5,W,5,N
579,394.92,466.94,5,W,5,N
580,396.19,467.24,5,W,5,N
581,411.95,467.54,5,W,5,N
582,412.78,467.84,5,W,5,N
583,414.82,468.14,5,W,5,N
584,416.39,468.44,5,W,5,N
585,418.94,468.74,5,W,5,N
586,427.27,469.04,5,W,5,N
587,430.20,469.34,5,W,5,N
588,446.91,469.64,5,W,5,N
589,448.30,469.94,5,W,5,N
590,451.23,470.24,5,W,5,N
591,453.88,470.54,5,W,5,N
592,454.92,470.84,5,W,5,N
593,456.86,471.14,5,W,5,N
667,439.02,480.04,5,E,5,N
668,444.25,480.34,5,E,5,N
468,306.26,499.80,3,W,5,W
471,395.05,500.10,3,W,5,W
62,283.26,500.40,1,S,5,W
63,283.31,500.70,1,S,5,W
64,283.55,501.00,1,S,5,W
65,283.66,501.30,1,S,5,W
70,294.74,501.60,1,S,5,W
91,425.35,501.70,1,S,2,W
73,298.87,501.90,1,S,5,W
92,426.55,502.00,1,S,2,W
414,380.87,502.20,2,W,5,W
93,427.40,502.30,1,S,1,W
236,284.97,502.50,1,W,5,W
100,435.18,502.60,1,S,1,W
669,496.64,502.78,5,E,5,N
243,324.80,502.80,1,W,5,W
110,448.96,502.90,1,S,1,W
244,326.21,503.10,1,W,5,W
111,449.52,503.20,1,S,1,W
247,347.67,503.40,1,W,5,W
113,450.35,503.50,1,S,1,W
347,340.57,503.70,1,E,5,W
124,462.97,503.80,1,S,1,W
350,348.97,504.00,1,E,5,W
101,435.37,504.10,1,S,2,E
351,359.27,504.30,1,E,5,W
352,362.27,504.60,1,E,5,W
354,378.78,504.90,1,E,5,W
357,413.31,510.40,1,E,2,W
106,441.15,515.40,1,S,1,E
412,353.08,517.00,2,W,5,E
78,307.99,518.80,1,S,5,E
80,309.82,519.40,1,S,5,E
123,462.53,519.60,1,S,1,E
61,283.00,521.94,1,S,5,N
68,292.26,522.24,1,S,5,N
71,295.42,522.54,1,S,5,N
75,301.20,522.84,1,S,5,N
445,309.07,523.44,2,E,5,N
413,366.70,523.74,2,W,5,N
446,357.44,524.04,2,E,5,N
447,369.35,524.34,2,E,5,N
76,304.89,524.64,1,S,5,N
79,309.02,525.24,1,S,5,N
237,294.22,525.84,1,W,5,N
238,295.95,526.14,1,W,5,N
239,297.14,526.44,1,W,5,N
240,320.50,526.74,1,W,5,N
241,321.92,527.04,1,W,5,N
242,322.98,527.34,1,W,5,N
245,329.29,527.64,1,W,5,N
246,346.19,527.94,1,W,5,N
248,349.42,528.24,1,W,5,N
249,350.65,528.54,1,W,5,N
345,304.35,528.84,1,E,5,N
346,331.31,529.14,1,E,5,N
348,343.36,529.44,1,E,5,N
349,346.44,529.74,1,E,5,N
353,372.80,530.04,1,E,5,N
503,423.76,530.77,3,E,5,N
504,438.46,531.07,3,E,5,N
94,427.43,538.37,1,S,3,W
102,435.86,540.47,1,S,3,W
109,447.47,542.42,1,S,2,W
594,484.00,565.94,5,W,5,N
595,485.68,566.24,5,W,5,N
596,486.20,566.54,5,W,5,N
597,513.24,566.84,5,W,5,N
598,515.49,567.14,5,W,5,N
599,516.95,567.44,5,W,5,N
600,518.70,567.74,5,W,5,N
601,528.87,568.04,5,W,5,N
602,530.02,568.34,5,W,5,N
603,540.68,568.64,5,W,5,N
604,541.68,568.94,5,W,5,N
605,569.95,576.09,5,W,5,N
606,571.44,577.58,5,W,5,N
670,505.38,579.94,5,E,5,N
671,559.96,580.24,5,E,5,N
502,415.94,599.70,3,E,5,W
472,459.36,600.00,3,W,5,W
505,494.18,600.30,3,E,5,W
86,382.12,600.60,1,S,5,W
87,383.50,600.90,1,S,5,W
117,457.70,601.20,1,S,3,E
415,406.10,601.20,2,W,5,W
448,415.64,601.50,2,E,5,W
450,478.01,601.80,2,E,5,W
120,459.45,602.10,1,S,3,W
96,429.27,602.10,1,S,5,W
98,432.77,602.40,1,S,5,W
103,436.94,602.70,1,S,5,W
131,507.66,602.70,1,S,1,W
252,376.21,603.00,1,W,5,W
133,546.05,603.00,1,S,1,W
254,378.90,603.30,1,W,5,W
256,411.11,603.60,1,W,5,W
257,412.89,603.90,1,W,5,W
260,426.05,604.20,1,W,5,W
262,448.10,604.50,1,W,5,W
264,463.30,604.80,1,W,5,W
266,464.94,605.10,1,W,5,W
355,405.94,605.40,1,E,5,W
356,408.15,605.70,1,E,5,W
277,565.82,606.00,1,W,2,W
364,504.03,606.30,1,E,2,E
365,521.69,606.60,1,E,2,E
362,491.13,608.95,1,E,5,W
417,513.89,613.07,2,W,3,W
418,550.12,613.37,2,W,3,W
419,564.69,613.67,2,W,3,W
449,447.35,616.00,2,E,5,E
89,423.63,616.90,1,S,5,E
358,454.35,620.80,1,E,5,E
82,345.05,621.84,1,S,5,N
416,432.61,622.44,2,W,5,N
88,422.79,622.74,1,S,5,N
421,587.23,623.30,2,W,3,W
90,424.60,623.34,1,S,5,N
95,427.90,623.64,1,S,5,N
97,431.02,623.94,1,S,5,N
99,433.56,624.24,1,S,5,N
104,437.81,624.54,1,S,5,N
508,562.09,624.73,3,E,5,E
253,377.84,624.84,1,W,5,N
255,403.23,625.14,1,W,5,N
258,414.67,625.44,1,W,5,N
259,424.57,625.74,1,W,5,N
261,429.30,626.04,1,W,5,N
263,457.16,626.34,1,W,5,N
265,463.61,626.64,1,W,5,N
359,476.72,627.24,1,E,5,N
360,482.54,627.54,1,E,5,N
361,488.31,627.84,1,E,5,N
363,499.26,628.14,1,E,5,N
473,509.53,630.27,3,W,5,N
507,561.06,630.57,3,E,5,N
475,571.34,633.11,3,W,5,N
122,461.78,636.97,1,S,3,E
126,466.45,637.57,1,S,3,E
136,581.03,642.52,1,S,2,W
607,616.61,665.84,5,W,5,N
608,653.23,666.14,5,W,5,N
609,653.76,666.44,5,W,5,N
610,662.09,668.22,5,W,5,N
611,664.33,670.47,5,W,5,N
612,666.19,672.33,5,W,5,N
613,669.13,675.27,5,W,5,N
614,670.65,676.79,5,W,5,N
615,672.13,678.27,5,W,5,N
672,614.66,679.84,5,E,5,N
673,623.60,680.14,5,E,5,N
674,639.76,680.44,5,E,5,N
506,507.92,699.60,3,E,5,W
137,581.69,699.80,1,S,3,W
474,511.84,699.90,3,W,5,W
675,693.83,699.97,5,E,5,N
476,588.42,700.20,3,W,5,W
114,450.74,700.50,1,S,5,W
119,458.68,700.80,1,S,5,W
138,620.62,701.00,1,S,2,W
420,586.73,701.10,2,W,5,W
676,694.97,701.11,5,E,5,N
423,594.45,701.40,2,W,5,W
125,464.70,701.70,1,S,5,W
129,504.61,702.00,1,S,5,W
130,506.37,702.30,1,S,5,W
267,481.88,702.60,1,W,5,W
677,696.57,702.71,5,E,5,N
271,503.48,702.90,1,W,5,W
139,621.55,703.10,1,S,1,W
272,514.42,703.20,1,W,5,W
143,670.27,703.40,1,S,1,W
273,530.18,703.50,1,W,5,W
146,672.71,703.70,1,S,1,W
367,569.21,703.80,1,E,5,W
368,588.06,705.88,1,E,5,W
269,500.08,719.80,1,W,5,E
274,532.35,720.40,1,W,5,E
369,591.67,721.60,1,E,5,E
105,439.78,721.74,1,S,5,N
107,444.92,722.04,1,S,5,N
108,444.92,722.34,1,S,5,N
112,449.67,722.64,1,S,5,N
115,451.24,722.94,1,S,5,N
116,456.64,723.24,1,S,5,N
118,458.67,723.54,1,S,5,N
121,460.49,723.84,1,S,5,N
451,517.00,724.14,2,E,5,N
452,560.81,724.44,2,E,5,N
422,591.04,724.74,2,W,5,N
127,467.86,725.04,1,S,5,N
128,469.31,725.34,1,S,5,N
268,489.16,725.64,1,W,5,N
510,670.11,725.75,3,E,5,E
270,500.14,726.24,1,W,5,N
275,533.81,726.84,1,W,5,N
276,550.42,727.14,1,W,5,N
366,568.21,727.44,1,E,5,N
477,650.29,730.07,3,W,5,N
478,671.15,732.92,3,W,5,N
284,643.02,739.17,1,W,3,W
285,653.67,739.47,1,W,3,E
616,674.10,765.74,5,W,5,N
617,674.36,766.04,5,W,5,N
618,675.84,766.34,5,W,5,N
619,684.32,766.64,5,W,5,N
620,691.84,766.94,5,W,5,N
621,693.63,767.24,5,W,5,N
622,695.08,767.54,5,W,5,N
623,696.32,767.84,5,W,5,N
624,707.21,768.14,5,W,5,N
625,709.46,768.44,5,W,5,N
626,724.69,768.74,5,W,5,N
627,726.75,769.04,5,W,5,N
628,742.91,769.34,5,W,5,N
629,767.31,773.45,5,W,5,N
678,747.37,779.74,5,E,5,N
509,617.51,799.50,3,E,5,W
134,546.89,799.80,1,S,5,W
135,547.34,800.10,1,S,5,W
424,602.31,800.40,2,W,5,W
454,627.64,800.70,2,E,5,W
428,655.02,801.00,2,W,5,W
278,585.09,801.30,1,W,5,W
373,651.14,801.60,1,E,5,W
151,709.94,803.50,1,S,1,W
158,729.20,803.80,1,S,1,W
161,737.41,804.10,1,S,1,W
374,686.57,804.40,1,E,5,W
169,755.03,804.40,1,S,1,W
170,756.89,804.70,1,S,1,W
172,793.78,807.91,1,S,1,W
381,727.59,811.90,1,E,2,W
385,767.96,813.10,1,E,2,W
427,640.61,817.00,2,W,5,E
280,615.33,817.90,1,W,5,E
286,655.23,819.10,1,W,5,E
178,805.69,819.83,1,S,1,E
132,545.38,821.64,1,S,5,N
453,610.60,821.94,2,E,5,N
425,606.80,822.24,2,W,5,N
455,674.30,822.54,2,E,5,N
426,614.30,822.84,2,W,5,N
429,686.14,823.44,2,W,5,N
279,605.74,823.74,1,W,5,N
281,630.58,824.34,1,W,5,N
282,632.57,824.64,1,W,5,N
283,633.83,824.94,1,W,5,N
287,656.87,825.54,1,W,5,N
370,606.61,825.84,1,E,5,N
371,624.51,826.14,1,E,5,N
372,639.65,826.44,1,E,5,N
511,714.64,829.87,3,E,5,N
514,771.44,833.21,3,E,5,N
153,712.47,838.67,1,S,3,E
302,761.71,845.57,1,W,3,W
386,768.44,849.47,1,E,3,E
480,794.54,856.31,3,W,5,N
630,797.23,865.64,5,W,5,N
631,798.13,865.94,5,W,5,N
632,799.85,866.24,5,W,5,N
633,802.58,866.54,5,W,5,N
634,803.92,866.84,5,W,5,N
635,806.75,867.14,5,W,5,N
636,814.94,867.44,5,W,5,N
637,817.36,867.74,5,W,5,N
638,824.25,868.04,5,W,5,N
639,842.35,868.34,5,W,5,N
640,843.84,868.64,5,W,5,N
641,860.02,868.94,5,W,5,N
642,870.08,876.22,5,W,5,N
643,871.32,877.45,5,W,5,N
679,822.12,879.64,5,E,5,N
680,887.15,893.28,5,E,5,N
681,887.49,893.63,5,E,5,N
682,892.95,899.09,5,E,5,N
479,724.79,899.40,3,W,5,W
683,893.53,899.66,5,E,5,N
512,722.06,899.70,3,E,5,W
513,732.44,900.00,3,E,5,W
481,795.93,900.30,3,W,5,W
140,669.31,900.60,1,S,5,W
142,670.07,900.90,1,S,5,W
144,670.93,901.20,1,S,5,W
179,836.63,901.20,1,S,2,W
145,671.23,901.50,1,S,5,W
430,711.85,901.80,2,W,5,W
458,798.82,902.10,2,E,5,W
148,707.26,902.40,1,S,5,W
157,727.23,902.70,1,S,5,W
160,736.21,903.00,1,S,5,W
162,737.59,903.30,1,S,5,W
289,670.08,903.60,1,W,5,W
296,733.34,903.90,1,W,5,W
180,837.43,903.90,1,S,1,W
297,735.17,904.20,1,W,5,W
181,837.53,904.20,1,S,1,W
300,758.53,904.50,1,W,5,W
184,842.87,904.50,1,S,1,W
375,703.43,904.80,1,E,5,W
378,716.13,905.10,1,E,5,W
383,746.16,905.40,1,E,5,W
387,788.05,905.87,1,E,5,W
318,832.75,906.30,1,W,2,W
319,835.33,906.60,1,W,2,W
460,847.55,913.67,2,E,3,E
461,868.76,913.97,2,E,3,E
456,723.09,915.70,2,E,5,E
185,844.30,916.70,1,S,1,E
188,846.58,917.60,1,S,1,E
290,686.74,919.60,1,W,5,E
298,736.40,921.40,1,W,5,E
141,669.91,921.54,1,S,5,N
431,749.48,922.14,2,W,5,N
457,761.17,922.44,2,E,5,N
147,706.44,922.74,1,S,5,N
149,707.53,923.04,1,S,5,N
150,708.38,923.34,1,S,5,N
152,711.62,923.64,1,S,5,N
154,718.16,923.94,1,S,5,N
155,719.24,924.24,1,S,5,N
388,797.45,924.40,1,E,5,E
156,726.81,924.54,1,S,5,N
159,734.76,924.84,1,S,5,N
163,738.59,925.14,1,S,5,N
288,668.96,925.44,1,W,5,N
291,688.22,926.04,1,W,5,N
292,690.16,926.34,1,W,5,N
293,696.22,926.64,1,W,5,N
294,713.21,926.94,1,W,5,N
295,716.86,927.24,1,W,5,N
299,738.08,927.84,1,W,5,N
301,760.23,928.14,1,W,5,N
303,763.11,928.44,1,W,5,N
376,706.52,928.74,1,E,5,N
377,711.96,929.04,1,E,5,N
379,719.95,929.34,1,E,5,N
380,725.69,929.64,1,E,5,N
382,742.64,929.94,1,E,5,N
384,750.38,930.24,1,E,5,N
516,853.71,930.84,3,E,5,N
315,814.98,941.47,1,W,3,W
644,872.70,965.54,5,W,5,N
645,874.03,965.84,5,W,5,N
646,875.73,966.14,5,W,5,N
647,883.02,966.44,5,W,5,N
190,850.31,999.20,1,S,3,E
482,799.24,999.30,3,W,5,W
515,807.42,999.60,3,E,5,W
483,866.41,999.90,3,W,5,W
164,740.34,1000.20,1,S,5,W
167,749.03,1000.50,1,S,5,W
174,795.41,1000.80,1,S,5,W
175,796.58,1001.10,1,S,5,W
432,834.63,1001.40,2,W,5,W
433,838.37,1001.70,2,W,5,W
304,773.44,1002.00,1,W,5,W
317,831.99,1002.30,1,W,5,W
390,825.44,1002.60,1,E,5,W
392,846.14,1002.90,1,E,5,W
393,856.51,1003.20,1,E,5,W
435,878.19,1018.00,2,W,5,E
309,794.19,1020.40,1,W,5,E
165,742.90,1021.44,1,S,5,N
166,743.69,1021.74,1,S,5,N
314,813.47,1021.90,1,W,5,E
168,750.15,1022.04,1,S,5,N
171,757.22,1022.34,1,S,5,N
173,794.99,1022.64,1,S,5,N
176,801.81,1022.94,1,S,5,N
389,806.25,1023.10,1,E,5,E
177,803.34,1023.24,1,S,5,N
459,817.48,1023.54,2,E,5,N
434,864.78,1023.84,2,W,5,N
436,891.62,1024.44,2,W,5,N
182,837.68,1024.74,1,S,5,N
183,838.58,1025.04,1,S,5,N
305,776.91,1025.34,1,W,5,N
306,791.09,1025.64,1,W,5,N
307,792.19,1025.94,1,W,5,N
308,793.41,1026.24,1,W,5,N
310,794.35,1026.84,1,W,5,N
311,795.12,1027.14,1,W,5,N
312,810.80,1027.44,1,W,5,N
313,812.01,1027.74,1,W,5,N
316,816.30,1028.34,1,W,5,N
320,836.22,1028.64,1,W,5,N
321,852.47,1028.94,1,W,5,N
391,828.67,1029.54,1,E,5,N
394,859.07,1029.84,1,E,5,N
395,869.91,1030.14,1,E,5,N
396,870.93,1030.44,1,E,5,N
397,889.10,1030.74,1,E,5,N
186,845.00,1099.20,1,S,5,W
187,845.21,1099.50,1,S,5,W
192,852.86,1099.80,1,S,5,W
195,895.64,1100.10,1,S,5,W
197,899.49,1100.40,1,S,5,W
323,880.40,1100.70,1,W,5,W
326,898.31,1101.00,1,W,5,W
322,877.25,1116.70,1,W,5,E
324,889.85,1117.00,1,W,5,E
189,850.30,1121.34,1,S,5,N
191,850.98,1121.64,1,S,5,N
193,854.62,1121.94,1,S,5,N
194,860.09,1122.24,1,S,5,N
196,897.61,1122.54,1,S,5,N
325,891.17,1123.44,1,W,5,N