id,enter_time,exit_time,entrance_intersection,entrance_direction,exit_intersection,exit_direction
462,7.36,66.44,5,W,5,N
463,8.89,66.74,5,W,5,N
464,10.12,67.04,5,W,5,N
465,45.96,67.34,5,W,5,N
595,0.41,80.44,5,E,5,N
596,51.79,80.74,5,E,5,N
597,57.04,81.04,5,E,5,N
0,2.72,100.70,1,S,1,W
2,37.71,101.00,1,S,1,W
10,48.74,101.30,1,S,1,W
169,43.89,102.20,1,W,2,E
172,52.27,103.10,1,W,2,W
294,40.77,104.60,1,E,2,W
424,56.78,125.43,3,E,5,E
423,55.77,131.27,3,E,5,N
398,51.22,131.27,3,W,5,N
425,58.10,131.87,3,E,5,N
401,69.63,132.17,3,W,5,N
173,60.41,139.47,1,W,3,W
295,51.52,140.97,1,E,3,W
426,94.79,156.56,3,E,5,N
466,77.87,166.34,5,W,5,N
467,77.91,166.64,5,W,5,N
468,79.22,166.94,5,W,5,N
469,79.33,167.24,5,W,5,N
470,87.81,167.54,5,W,5,N
471,124.25,167.84,5,W,5,N
472,130.20,168.14,5,W,5,N
473,132.06,168.44,5,W,5,N
474,132.26,168.74,5,W,5,N
475,144.44,169.04,5,W,5,N
476,145.46,169.34,5,W,5,N
477,154.01,169.64,5,W,5,N
478,154.79,169.94,5,W,5,N
598,128.12,180.34,5,E,5,N
599,130.11,180.64,5,E,5,N
600,180.67,186.80,5,E,5,N
601,181.85,187.99,5,E,5,N
3,38.05,199.90,1,S,3,E
399,65.29,200.10,3,W,5,W
400,65.35,200.40,3,W,5,W
355,28.32,200.70,2,W,5,W
376,62.95,201.00,2,E,5,W
164,15.63,201.30,1,W,5,W
291,4.43,201.60,1,E,5,W
293,35.91,201.90,1,E,5,W
187,137.09,205.30,1,W,2,W
297,90.28,208.10,1,E,5,W
360,169.55,213.87,2,W,3,E
354,14.64,222.24,2,W,5,N
375,47.08,222.54,2,E,5,N
1,35.69,222.84,1,S,5,N
165,17.09,223.14,1,W,5,N
379,187.16,223.23,2,E,3,E
166,21.05,223.44,1,W,5,N
167,22.07,223.74,1,W,5,N
168,24.05,224.04,1,W,5,N
170,44.80,224.34,1,W,5,N
171,50.88,224.64,1,W,5,N
292,18.89,224.94,1,E,5,N
296,54.75,225.24,1,E,5,N
402,139.78,231.07,3,W,5,N
428,135.55,231.37,3,E,5,N
429,137.20,231.67,3,E,5,N
430,182.55,244.32,3,E,5,N
302,156.97,244.67,1,E,3,W
431,189.82,251.59,3,E,5,N
479,192.38,266.24,5,W,5,N
480,196.62,266.54,5,W,5,N
481,197.95,266.84,5,W,5,N
482,205.28,267.14,5,W,5,N
483,206.42,267.44,5,W,5,N
484,208.30,267.74,5,W,5,N
485,240.97,268.04,5,W,5,N
486,244.95,268.34,5,W,5,N
602,201.32,280.24,5,E,5,N
603,205.82,280.54,5,E,5,N
604,258.85,280.84,5,E,5,N
605,260.55,281.14,5,E,5,N
427,128.95,300.00,3,E,5,W
403,151.78,300.30,3,W,5,W
4,39.04,300.60,1,S,5,W
5,43.79,300.90,1,S,5,W
7,46.92,301.20,1,S,5,W
24,220.24,301.50,1,S,1,W
8,47.25,301.50,1,S,5,W
26,227.16,301.80,1,S,1,W
9,47.70,301.80,1,S,5,W
357,142.25,302.10,2,W,5,W
14,135.55,302.40,1,S,5,W
194,169.25,302.70,1,W,2,W
177,76.05,302.70,1,W,5,W
195,185.54,303.00,1,W,2,W
179,102.71,303.00,1,W,5,W
180,113.97,303.30,1,W,5,W
186,135.69,303.60,1,W,5,W
189,139.65,303.90,1,W,5,W
37,289.96,304.10,1,S,1,W
191,157.16,304.20,1,W,5,W
192,160.21,304.50,1,W,5,W
299,147.87,304.80,1,E,5,W
300,149.23,305.10,1,E,5,W
301,150.94,305.40,1,E,5,W
310,267.76,305.70,1,E,2,E
303,159.76,305.70,1,E,5,W
304,171.01,306.00,1,E,5,W
38,290.95,315.50,1,S,1,E
378,146.51,317.50,2,E,5,E
6,45.13,322.14,1,S,5,N
11,88.27,322.44,1,S,5,N
12,89.27,322.74,1,S,5,N
356,105.59,323.04,2,W,5,N
377,106.25,323.34,2,E,5,N
358,153.95,323.94,2,W,5,N
359,166.23,324.24,2,W,5,N
13,133.94,324.54,1,S,5,N
15,136.52,324.84,1,S,5,N
174,71.46,325.14,1,W,5,N
175,73.12,325.44,1,W,5,N
176,75.03,325.74,1,W,5,N
178,79.42,326.04,1,W,5,N
181,115.29,326.34,1,W,5,N
182,118.91,326.64,1,W,5,N
183,121.92,326.94,1,W,5,N
184,123.13,327.24,1,W,5,N
185,124.84,327.54,1,W,5,N
188,138.34,327.84,1,W,5,N
190,140.91,328.14,1,W,5,N
193,161.43,328.44,1,W,5,N
298,146.33,328.74,1,E,5,N
305,173.08,329.04,1,E,5,N
432,231.66,330.87,3,E,5,N
433,250.19,331.17,3,E,5,N
27,229.94,336.97,1,S,3,W
406,276.61,338.38,3,W,5,N
434,293.18,354.95,3,E,5,N
311,298.78,360.97,1,E,3,W
487,277.73,366.14,5,W,5,N
488,286.44,366.44,5,W,5,N
489,291.88,366.74,5,W,5,N
490,293.15,367.04,5,W,5,N
491,300.99,367.34,5,W,5,N
492,308.10,367.64,5,W,5,N
493,309.46,367.94,5,W,5,N
494,311.37,368.24,5,W,5,N
495,313.00,368.54,5,W,5,N
496,313.78,368.84,5,W,5,N
497,315.04,369.14,5,W,5,N
498,316.97,369.44,5,W,5,N
499,317.58,369.74,5,W,5,N
500,319.91,370.04,5,W,5,N
501,350.78,370.34,5,W,5,N
502,367.51,373.64,5,W,5,N
606,330.74,380.14,5,E,5,N
607,334.06,380.44,5,E,5,N
608,379.74,385.88,5,E,5,N
404,221.06,399.90,3,W,5,W
405,271.99,400.20,3,W,5,W
407,295.69,400.50,3,W,5,W
18,139.88,400.80,1,S,5,W
25,225.32,401.10,1,S,5,W
29,234.79,401.40,1,S,5,W
197,234.63,401.70,1,W,5,W
41,317.97,401.90,1,S,1,W
201,273.75,402.20,1,W,2,W
209,345.69,404.60,1,W,2,E
54,395.15,409.29,1,S,1,W
55,397.13,411.27,1,S,1,W
362,300.86,412.87,2,W,3,W
16,137.67,415.90,1,S,5,E
23,185.99,417.70,1,S,5,E
17,138.47,422.34,1,S,5,N
19,140.81,422.64,1,S,5,N
20,180.58,422.94,1,S,5,N
21,181.69,423.24,1,S,5,N
22,184.33,423.54,1,S,5,N
361,262.37,424.14,2,W,5,N
380,229.15,424.44,2,E,5,N
381,269.06,424.74,2,E,5,N
28,232.99,425.04,1,S,5,N
30,236.49,425.34,1,S,5,N
31,237.22,425.64,1,S,5,N
32,237.38,425.94,1,S,5,N
196,210.24,426.24,1,W,5,N
198,241.10,426.54,1,W,5,N
199,263.91,426.84,1,W,5,N
306,221.40,427.14,1,E,5,N
307,227.84,427.44,1,E,5,N
308,242.05,427.74,1,E,5,N
309,257.04,428.04,1,E,5,N
435,347.61,430.67,3,E,5,N
436,355.25,430.97,3,E,5,N
202,283.69,438.57,1,W,3,W
206,301.68,439.77,1,W,3,E
207,320.70,440.07,1,W,3,W
44,364.94,440.82,1,S,2,W
503,378.32,466.04,5,W,5,N
504,381.01,466.34,5,W,5,N
505,382.03,466.64,5,W,5,N
506,388.65,466.94,5,W,5,N
507,391.17,467.24,5,W,5,N
508,399.63,467.54,5,W,5,N
509,428.30,467.84,5,W,5,N
510,430.16,468.14,5,W,5,N
511,431.99,468.44,5,W,5,N
512,433.64,468.74,5,W,5,N
513,436.37,469.04,5,W,5,N
514,437.54,469.34,5,W,5,N
515,444.43,469.64,5,W,5,N
516,446.28,469.94,5,W,5,N
517,447.66,470.24,5,W,5,N
518,455.07,470.54,5,W,5,N
519,455.53,470.84,5,W,5,N
520,457.09,471.14,5,W,5,N
609,431.51,480.04,5,E,5,N
610,473.79,480.34,5,E,5,N
611,489.85,495.99,5,E,5,N
408,347.47,499.80,3,W,5,W
437,356.35,500.10,3,E,5,W
438,397.52,500.40,3,E,5,W
409,397.97,500.70,3,W,5,W
212,376.92,500.80,1,W,2,W
363,338.77,501.00,2,W,5,W
384,370.98,501.30,2,E,5,W
40,316.37,501.60,1,S,5,W
204,299.27,501.90,1,W,5,W
313,309.97,502.20,1,E,5,W
57,399.20,502.30,1,S,1,W
315,329.64,502.50,1,E,5,W
62,452.42,502.60,1,S,1,W
65,461.70,502.90,1,S,1,W
66,461.92,503.20,1,S,1,W
70,466.27,503.50,1,S,1,W
221,396.04,503.50,1,W,2,W
72,501.86,518.10,1,S,1,E
205,300.27,519.70,1,W,5,E
312,308.20,520.90,1,E,5,E
33,238.49,521.94,1,S,5,N
34,240.05,522.24,1,S,5,N
35,288.03,522.54,1,S,5,N
36,289.56,522.84,1,S,5,N
382,312.87,523.14,2,E,5,N
383,327.52,523.44,2,E,5,N
364,346.62,523.74,2,W,5,N
365,367.05,524.04,2,W,5,N
39,312.74,524.34,1,S,5,N
42,318.22,524.64,1,S,5,N
79,510.50,524.64,1,S,1,E
43,318.46,524.94,1,S,5,N
200,273.36,525.24,1,W,5,N
203,297.34,525.54,1,W,5,N
208,336.55,526.14,1,W,5,N
210,347.57,526.44,1,W,5,N
211,351.40,526.74,1,W,5,N
314,314.12,527.34,1,E,5,N
316,332.11,527.64,1,E,5,N
317,333.13,527.94,1,E,5,N
318,338.73,528.24,1,E,5,N
319,381.20,528.54,1,E,5,N
83,514.77,528.91,1,S,1,E
440,465.19,530.77,3,E,5,N
410,469.84,531.61,3,W,5,N
88,518.45,532.59,1,S,1,E
225,416.95,540.77,1,W,3,W
75,502.61,545.12,1,S,2,W
521,482.65,565.94,5,W,5,N
522,484.36,566.24,5,W,5,N
523,486.87,566.54,5,W,5,N
524,497.03,566.84,5,W,5,N
525,497.93,567.14,5,W,5,N
526,520.06,567.44,5,W,5,N
527,533.75,567.74,5,W,5,N
528,535.76,568.04,5,W,5,N
529,536.13,568.34,5,W,5,N
530,563.83,569.97,5,W,5,N
531,564.90,571.04,5,W,5,N
532,566.34,572.48,5,W,5,N
533,567.05,573.19,5,W,5,N
534,568.57,574.71,5,W,5,N
612,564.54,579.94,5,E,5,N
613,575.81,581.95,5,E,5,N
614,578.09,584.22,5,E,5,N
615,578.75,584.89,5,E,5,N
616,580.10,586.23,5,E,5,N
320,399.22,599.70,1,E,5,W
439,433.95,600.00,3,E,5,W
411,469.95,600.30,3,W,5,W
45,365.08,600.60,1,S,5,W
47,368.37,600.90,1,S,5,W
52,372.83,601.20,1,S,5,W
53,394.54,601.50,1,S,5,W
56,398.87,601.80,1,S,5,W
73,502.04,602.10,1,S,3,W
366,459.97,602.10,2,W,5,W
213,378.22,602.40,1,W,5,W
216,390.02,602.70,1,W,5,W
85,516.25,602.70,1,S,1,W
218,392.46,603.00,1,W,5,W
87,518.22,603.00,1,S,1,W
219,393.65,603.30,1,W,5,W
96,572.51,603.30,1,S,1,W
227,427.96,603.60,1,W,5,W
228,437.23,603.90,1,W,5,W
246,566.08,608.40,1,W,2,E
217,391.26,618.70,1,W,5,E
46,367.55,621.84,1,S,5,N
48,368.37,622.14,1,S,5,N
49,368.51,622.44,1,S,5,N
50,370.40,622.74,1,S,5,N
51,372.25,623.04,1,S,5,N
385,413.62,623.34,2,E,5,N
367,473.83,623.64,2,W,5,N
386,459.54,623.94,2,E,5,N
412,524.49,624.13,3,W,5,E
214,384.19,624.24,1,W,5,N
215,386.11,624.54,1,W,5,N
220,394.82,625.14,1,W,5,N
222,412.77,625.44,1,W,5,N
223,414.37,625.74,1,W,5,N
224,415.20,626.04,1,W,5,N
226,418.50,626.34,1,W,5,N
229,439.19,626.64,1,W,5,N
230,440.60,626.94,1,W,5,N
231,455.22,627.24,1,W,5,N
321,431.93,627.54,1,E,5,N
322,496.92,627.84,1,E,5,N
441,507.28,630.27,3,E,5,N
442,513.91,630.57,3,E,5,N
443,555.01,630.87,3,E,5,N
93,565.07,641.92,1,S,2,W
240,511.78,642.67,1,W,3,W
324,503.40,644.77,1,E,3,W
535,595.92,665.84,5,W,5,N
536,598.61,666.14,5,W,5,N
537,598.77,666.44,5,W,5,N
538,601.42,666.74,5,W,5,N
539,603.65,667.04,5,W,5,N
540,617.69,667.34,5,W,5,N
541,620.48,667.64,5,W,5,N
542,621.88,667.94,5,W,5,N
543,623.20,668.24,5,W,5,N
544,631.01,668.54,5,W,5,N
545,632.68,668.84,5,W,5,N
546,634.05,669.14,5,W,5,N
547,636.02,669.44,5,W,5,N
548,652.75,669.74,5,W,5,N
549,663.74,669.87,5,W,5,N
617,609.77,679.84,5,E,5,N
618,615.14,680.14,5,E,5,N
619,620.57,680.44,5,E,5,N
620,675.41,681.55,5,E,5,N
621,677.91,684.04,5,E,5,N
622,688.30,694.44,5,E,5,N
323,499.15,699.60,1,E,5,W
413,594.99,699.90,3,W,5,W
64,461.07,700.20,1,S,5,W
369,530.81,700.50,2,W,5,W
76,504.03,700.80,1,S,5,W
234,499.19,701.10,1,W,5,W
235,501.53,701.40,1,W,5,W
237,505.04,701.70,1,W,5,W
238,506.47,702.00,1,W,5,W
329,557.74,702.30,1,E,5,W
332,572.03,702.81,1,E,5,W
106,616.41,703.10,1,S,1,W
110,624.58,703.40,1,S,1,W
111,624.89,703.70,1,S,1,W
121,678.92,704.00,1,S,1,W
623,698.67,704.81,5,E,5,N
117,675.53,716.20,1,S,1,E
58,444.98,721.74,1,S,5,N
59,446.76,722.04,1,S,5,N
60,450.33,722.34,1,S,5,N
61,450.78,722.64,1,S,5,N
63,455.14,722.94,1,S,5,N
67,463.12,723.24,1,S,5,N
68,464.08,723.54,1,S,5,N
69,465.63,723.84,1,S,5,N
71,501.37,724.14,1,S,5,N
74,502.35,724.44,1,S,5,N
387,509.26,724.74,2,E,5,N
368,505.88,725.04,2,W,5,N
388,549.98,725.34,2,E,5,N
389,582.10,725.64,2,E,5,N
77,505.82,725.94,1,S,5,N
78,509.01,726.24,1,S,5,N
328,548.60,726.40,1,E,5,E
80,511.26,726.54,1,S,5,N
81,511.68,726.84,1,S,5,N
82,513.10,727.14,1,S,5,N
84,515.96,727.44,1,S,5,N
86,517.08,727.74,1,S,5,N
89,522.15,728.04,1,S,5,N
90,526.05,728.34,1,S,5,N
91,526.71,728.64,1,S,5,N
232,472.06,728.94,1,W,5,N
233,496.37,729.24,1,W,5,N
236,504.37,729.54,1,W,5,N
239,510.47,729.84,1,W,5,N
241,514.95,730.14,1,W,5,N
242,524.78,730.44,1,W,5,N
243,541.76,730.74,1,W,5,N
244,542.88,731.04,1,W,5,N
245,544.73,731.34,1,W,5,N
325,514.02,731.64,1,E,5,N
326,517.90,731.94,1,E,5,N
327,545.49,732.24,1,E,5,N
330,566.11,732.84,1,E,5,N
331,570.89,733.14,1,E,5,N
333,589.14,733.44,1,E,5,N
414,646.12,733.74,3,W,5,N
444,601.28,734.04,3,E,5,N
445,602.33,734.34,3,E,5,N
446,603.42,734.64,3,E,5,N
447,614.81,734.94,3,E,5,N
248,586.36,739.77,1,W,3,E
249,589.67,740.07,1,W,3,W
449,679.95,741.72,3,E,5,N
256,636.13,742.17,1,W,3,W
450,681.10,742.87,3,E,5,N
120,678.05,743.22,1,S,2,W
550,692.61,765.74,5,W,5,N
551,694.03,766.04,5,W,5,N
552,701.13,766.34,5,W,5,N
553,703.41,766.64,5,W,5,N
554,710.06,766.94,5,W,5,N
555,710.52,767.24,5,W,5,N
556,711.13,767.54,5,W,5,N
557,712.29,767.84,5,W,5,N
558,719.40,768.14,5,W,5,N
559,720.02,768.44,5,W,5,N
560,721.75,768.74,5,W,5,N
561,731.95,769.04,5,W,5,N
562,733.40,769.34,5,W,5,N
563,734.77,769.64,5,W,5,N
564,736.97,769.94,5,W,5,N
565,738.53,770.24,5,W,5,N
566,740.35,770.54,5,W,5,N
567,748.20,770.84,5,W,5,N
568,749.95,771.14,5,W,5,N
569,751.79,771.44,5,W,5,N
570,762.60,771.74,5,W,5,N
571,764.22,772.04,5,W,5,N
572,765.59,772.34,5,W,5,N
573,765.69,772.64,5,W,5,N
574,766.94,773.08,5,W,5,N
624,753.66,779.74,5,E,5,N
118,677.22,799.00,1,S,3,E
448,630.93,799.50,3,E,5,W
102,578.96,799.80,1,S,5,W
391,668.52,800.10,2,E,5,W
105,614.68,800.40,1,S,5,W
113,628.12,800.70,1,S,5,W
251,592.68,801.00,1,W,5,W
252,609.29,801.30,1,W,5,W
253,612.38,801.60,1,W,5,W
254,620.08,801.90,1,W,5,W
258,639.87,802.20,1,W,5,W
263,648.54,802.50,1,W,5,W
338,647.44,802.80,1,E,5,W
270,711.02,802.90,1,W,2,E
340,658.98,803.10,1,E,5,W
132,760.32,803.50,1,S,1,W
137,770.31,803.80,1,S,1,W
142,777.11,804.10,1,S,1,W
144,778.62,804.40,1,S,1,W
145,780.17,804.70,1,S,1,W
147,782.46,805.00,1,S,1,W
373,758.50,813.87,2,W,3,W
129,758.26,817.50,1,S,1,E
130,759.92,817.80,1,S,1,E
133,761.96,818.40,1,S,1,E
392,697.00,819.10,2,E,5,E
108,618.66,819.70,1,S,5,E
92,563.65,821.64,1,S,5,N
149,785.92,821.70,1,S,1,E
94,570.20,821.94,1,S,5,N
150,786.50,822.00,1,S,1,E
95,570.70,822.24,1,S,5,N
97,573.16,822.54,1,S,5,N
98,573.41,822.84,1,S,5,N
99,576.03,823.14,1,S,5,N
262,646.96,823.30,1,W,5,E
100,576.40,823.44,1,S,5,N
101,577.46,823.74,1,S,5,N
103,579.89,824.04,1,S,5,N
104,582.13,824.34,1,S,5,N
390,631.63,824.64,2,E,5,N
336,640.08,824.80,1,E,5,E
370,610.91,824.94,2,W,5,N
107,618.38,825.54,1,S,5,N
109,623.97,826.14,1,S,5,N
112,626.83,826.44,1,S,5,N
416,767.77,826.60,3,W,5,E
114,629.70,826.74,1,S,5,N
115,631.59,827.04,1,S,5,N
247,567.32,827.34,1,W,5,N
250,591.00,827.64,1,W,5,N
255,621.04,827.94,1,W,5,N
257,637.16,828.24,1,W,5,N
259,641.47,828.54,1,W,5,N
260,642.35,828.84,1,W,5,N
261,644.24,829.14,1,W,5,N
264,662.38,829.74,1,W,5,N
265,666.05,830.04,1,W,5,N
334,608.38,830.34,1,E,5,N
335,630.01,830.64,1,E,5,N
337,646.09,831.24,1,E,5,N
339,658.21,831.54,1,E,5,N
415,708.84,831.84,3,W,5,N
451,735.74,832.14,3,E,5,N
452,754.30,832.44,3,E,5,N
124,717.40,837.47,1,S,3,W
417,786.72,842.36,3,W,5,E
127,753.45,843.02,1,S,2,W
136,768.71,845.42,1,S,2,E
456,796.70,858.47,3,E,5,N
575,774.57,865.64,5,W,5,N
576,777.14,865.94,5,W,5,N
577,779.20,866.24,5,W,5,N
578,818.92,866.54,5,W,5,N
579,820.44,866.84,5,W,5,N
580,821.95,867.14,5,W,5,N
581,829.83,867.44,5,W,5,N
582,830.97,867.74,5,W,5,N
583,832.76,868.04,5,W,5,N
584,835.69,868.34,5,W,5,N
585,836.81,868.64,5,W,5,N
586,838.91,868.94,5,W,5,N
587,841.37,869.24,5,W,5,N
588,843.72,869.54,5,W,5,N
625,824.35,879.64,5,E,5,N
626,830.08,879.94,5,E,5,N
453,761.84,899.40,3,E,5,W
454,763.82,899.70,3,E,5,W
455,795.38,900.00,3,E,5,W
119,678.00,900.30,1,S,5,W
393,737.66,900.60,2,E,5,W
275,753.59,900.90,1,W,5,W
342,709.91,901.20,1,E,5,W
156,860.57,903.90,1,S,1,W
157,883.51,904.20,1,S,1,W
158,884.59,904.50,1,S,1,W
162,890.60,904.74,1,S,1,W
163,896.35,910.49,1,S,1,W
268,684.49,917.80,1,W,5,E
341,708.32,919.90,1,E,5,E
344,746.15,920.50,1,E,5,E
116,675.51,921.54,1,S,5,N
122,679.38,921.84,1,S,5,N
371,709.75,922.14,2,W,5,N
372,744.38,922.44,2,W,5,N
394,780.25,922.74,2,E,5,N
123,715.54,923.04,1,S,5,N
266,677.05,923.34,1,W,5,N
267,680.61,923.64,1,W,5,N
269,709.06,924.24,1,W,5,N
271,720.58,924.54,1,W,5,N
461,858.12,924.73,3,E,5,E
272,722.11,924.84,1,W,5,N
273,735.18,925.14,1,W,5,N
274,736.81,925.44,1,W,5,N
276,754.68,925.74,1,W,5,N
343,738.01,926.34,1,E,5,N
345,749.47,926.94,1,E,5,N
346,754.57,927.24,1,E,5,N
347,756.43,927.54,1,E,5,N
418,842.79,929.67,3,W,5,N
457,805.90,929.67,3,E,5,N
458,806.96,929.97,3,E,5,N
460,848.47,930.57,3,E,5,N
421,857.07,930.57,3,W,5,N
140,774.14,937.87,1,S,3,W
278,774.60,940.87,1,W,3,E
422,879.93,941.70,3,W,5,N
285,850.47,942.97,1,W,3,W
350,833.61,943.87,1,E,3,W
589,876.81,965.54,5,W,5,N
590,878.71,965.84,5,W,5,N
591,881.04,966.14,5,W,5,N
592,882.85,966.44,5,W,5,N
593,893.48,966.74,5,W,5,N
594,894.92,967.04,5,W,5,N
348,796.09,999.30,1,E,5,W
419,843.27,999.60,3,W,5,W
420,849.37,999.90,3,W,5,W
459,840.68,1000.20,3,E,5,W
131,760.08,1000.50,1,S,5,W
135,765.89,1000.80,1,S,5,W
395,829.08,1001.10,2,E,5,W
139,770.82,1001.40,1,S,5,W
146,781.04,1001.70,1,S,5,W
154,822.65,1002.00,1,S,5,W
280,791.43,1002.30,1,W,5,W
281,797.21,1002.60,1,W,5,W
283,819.03,1002.90,1,W,5,W
126,752.47,1015.60,1,S,5,E
284,825.00,1020.40,1,W,5,E
125,751.25,1021.44,1,S,5,N
128,755.37,1022.04,1,S,5,N
134,765.62,1022.34,1,S,5,N
374,848.85,1022.64,2,W,5,N
396,872.89,1022.94,2,E,5,N
397,892.17,1023.24,2,E,5,N
138,770.72,1023.54,1,S,5,N
141,774.55,1023.84,1,S,5,N
143,778.60,1024.14,1,S,5,N
148,784.23,1024.44,1,S,5,N
151,788.21,1024.74,1,S,5,N
152,789.35,1025.04,1,S,5,N
153,790.50,1025.34,1,S,5,N
277,772.66,1025.64,1,W,5,N
279,791.31,1025.94,1,W,5,N
282,815.10,1026.24,1,W,5,N
286,866.52,1026.84,1,W,5,N
349,814.13,1027.14,1,E,5,N
351,840.33,1027.44,1,E,5,N
352,844.84,1027.74,1,E,5,N
353,853.60,1028.04,1,E,5,N
155,859.44,1099.20,1,S,5,W
161,889.08,1099.50,1,S,5,W
287,879.58,1099.80,1,W,5,W
288,896.24,1100.10,1,W,5,W
159,886.03,1121.34,1,S,5,N
160,887.93,1121.64,1,S,5,N
289,899.34,1121.94,1,W,5,N
290,899.74,1122.24,1,W,5,N