id,enter_time,exit_time,entrance_intersection,entrance_direction,exit_intersection,exit_direction
14,23.40,37.54,1,S,1,E
23,34.09,48.23,1,S,1,E
465,1.84,66.44,5,W,5,N
466,6.04,66.74,5,W,5,N
467,13.98,67.04,5,W,5,N
468,19.61,67.34,5,W,5,N
469,35.45,67.64,5,W,5,N
470,70.65,76.78,5,W,5,N
575,5.34,80.44,5,E,5,N
576,13.84,80.74,5,E,5,N
577,24.00,81.04,5,E,5,N
578,89.80,95.93,5,E,5,N
0,1.31,100.10,1,S,3,E
19,29.87,100.70,1,S,1,W
20,31.49,101.00,1,S,1,W
7,11.68,101.30,1,S,2,W
141,42.14,106.10,1,W,2,W
142,54.73,106.40,1,W,2,W
394,22.03,131.27,3,W,5,N
423,65.68,131.57,3,E,5,N
6,9.45,137.07,1,S,3,W
18,29.52,140.37,1,S,3,W
424,82.30,144.07,3,E,5,N
471,97.06,166.34,5,W,5,N
472,111.62,166.64,5,W,5,N
473,124.71,166.94,5,W,5,N
474,126.50,167.24,5,W,5,N
475,132.78,167.54,5,W,5,N
476,142.14,167.84,5,W,5,N
477,149.84,168.14,5,W,5,N
478,151.74,168.44,5,W,5,N
479,154.03,168.74,5,W,5,N
480,155.38,169.04,5,W,5,N
579,116.17,180.34,5,E,5,N
580,190.03,196.16,5,E,5,N
422,58.47,200.10,3,E,5,W
395,96.21,200.40,3,W,5,W
2,2.58,200.70,1,S,5,W
5,9.19,201.00,1,S,5,W
9,14.01,201.30,1,S,5,W
581,195.23,201.37,5,E,5,N
10,14.25,201.60,1,S,5,W
11,19.14,201.90,1,S,5,W
16,25.68,202.20,1,S,5,W
139,0.90,202.50,1,W,5,W
140,20.74,202.80,1,W,5,W
273,15.98,203.10,1,E,5,W
276,36.53,203.40,1,E,5,W
280,143.05,206.20,1,E,2,W
368,97.32,217.60,2,E,5,E
278,66.76,221.80,1,E,5,E
1,1.95,222.24,1,S,5,N
3,4.44,222.54,1,S,5,N
336,11.27,222.84,2,W,5,N
367,48.69,223.14,2,E,5,N
337,24.27,223.44,2,W,5,N
4,5.68,224.04,1,S,5,N
8,12.46,224.34,1,S,5,N
12,20.97,224.64,1,S,5,N
13,22.13,224.94,1,S,5,N
15,24.49,225.24,1,S,5,N
17,27.81,225.54,1,S,5,N
21,32.01,225.84,1,S,5,N
22,32.26,226.14,1,S,5,N
24,35.59,226.44,1,S,5,N
272,0.13,226.74,1,E,5,N
274,16.53,227.04,1,E,5,N
275,34.30,227.34,1,E,5,N
277,63.87,227.64,1,E,5,N
425,140.65,231.07,3,E,5,N
396,158.62,231.07,3,W,5,N
481,181.34,266.24,5,W,5,N
482,215.77,266.54,5,W,5,N
483,232.70,266.84,5,W,5,N
484,233.17,267.14,5,W,5,N
485,234.94,267.44,5,W,5,N
486,251.18,267.74,5,W,5,N
487,258.88,268.04,5,W,5,N
488,260.81,268.34,5,W,5,N
489,260.83,268.64,5,W,5,N
490,271.33,277.47,5,W,5,N
491,272.87,279.00,5,W,5,N
582,206.27,280.24,5,E,5,N
583,206.40,280.54,5,E,5,N
584,207.73,280.84,5,E,5,N
585,213.66,281.14,5,E,5,N
586,222.80,281.44,5,E,5,N
587,232.68,281.74,5,E,5,N
588,234.21,282.04,5,E,5,N
589,234.50,282.34,5,E,5,N
590,240.36,282.64,5,E,5,N
591,245.07,282.94,5,E,5,N
592,253.92,283.24,5,E,5,N
593,274.69,283.54,5,E,5,N
594,278.94,285.07,5,E,5,N
595,292.21,298.34,5,E,5,N
596,292.71,298.85,5,E,5,N
426,142.56,300.00,3,E,5,W
26,106.76,300.30,1,S,5,W
27,108.21,300.60,1,S,5,W
28,110.76,300.90,1,S,5,W
145,93.81,301.20,1,W,5,W
36,213.03,301.50,1,S,1,W
150,114.48,301.50,1,W,5,W
40,218.64,301.80,1,S,1,W
152,135.45,301.80,1,W,5,W
43,267.99,302.10,1,S,1,W
153,138.48,302.10,1,W,5,W
50,276.48,302.40,1,S,1,W
154,155.11,302.40,1,W,5,W
164,224.04,305.10,1,W,2,W
343,240.50,313.67,2,W,3,E
46,272.91,315.20,1,S,1,E
49,275.46,316.10,1,S,1,E
155,156.43,320.20,1,W,5,E
281,170.60,320.80,1,E,5,E
25,72.14,322.14,1,S,5,N
338,102.26,322.44,2,W,5,N
369,143.02,322.74,2,E,5,N
339,115.98,323.04,2,W,5,N
370,176.59,323.34,2,E,5,N
29,112.61,323.64,1,S,5,N
30,113.72,323.94,1,S,5,N
143,66.91,324.24,1,W,5,N
144,68.75,324.54,1,W,5,N
146,95.22,324.84,1,W,5,N
147,96.81,325.14,1,W,5,N
148,97.41,325.44,1,W,5,N
149,100.82,325.74,1,W,5,N
151,115.52,326.04,1,W,5,N
279,105.82,326.64,1,E,5,N
282,173.27,327.24,1,E,5,N
428,212.36,331.17,3,E,5,N
429,218.60,331.47,3,E,5,N
430,219.85,331.77,3,E,5,N
431,221.33,332.07,3,E,5,N
432,269.28,332.37,3,E,5,N
374,299.28,335.35,2,E,3,W
37,214.47,337.57,1,S,3,E
39,217.39,338.17,1,S,3,W
165,239.76,341.47,1,W,3,E
283,205.46,342.07,1,E,3,W
436,282.58,344.35,3,E,5,N
399,283.71,345.48,3,W,5,N
492,280.37,366.14,5,W,5,N
493,316.19,366.44,5,W,5,N
494,318.99,366.74,5,W,5,N
495,328.62,367.04,5,W,5,N
496,331.74,367.34,5,W,5,N
597,310.21,380.14,5,E,5,N
598,353.49,380.44,5,E,5,N
599,376.78,382.91,5,E,5,N
600,381.38,387.52,5,E,5,N
601,390.45,396.59,5,E,5,N
427,201.17,399.90,3,E,5,W
397,213.76,400.20,3,W,5,W
398,216.36,400.50,3,W,5,W
433,271.01,400.80,3,E,5,W
51,277.52,401.00,1,S,3,E
434,272.53,401.10,3,E,5,W
167,266.64,401.30,1,W,2,W
435,281.52,401.40,3,E,5,W
371,215.90,401.70,2,E,5,W
55,317.86,401.90,1,S,1,W
372,252.46,402.00,2,E,5,W
56,318.25,402.20,1,S,1,W
341,226.75,402.30,2,W,5,W
342,235.54,402.60,2,W,5,W
346,284.51,402.90,2,W,5,W
33,208.65,403.20,1,S,5,W
34,211.14,403.50,1,S,5,W
67,389.44,403.57,1,S,1,W
35,211.57,403.80,1,S,5,W
38,215.44,404.10,1,S,5,W
41,224.40,404.40,1,S,5,W
166,256.75,404.70,1,W,5,W
285,267.74,405.00,1,E,5,W
286,287.05,405.30,1,E,5,W
291,381.81,407.92,1,E,2,W
70,394.16,408.29,1,S,1,W
340,201.92,416.50,2,W,5,E
345,278.38,417.40,2,W,5,E
31,163.21,422.04,1,S,5,N
32,164.88,422.34,1,S,5,N
373,270.46,422.94,2,E,5,N
344,269.57,423.24,2,W,5,N
156,173.02,423.84,1,W,5,N
157,174.24,424.14,1,W,5,N
158,176.00,424.44,1,W,5,N
159,177.84,424.74,1,W,5,N
160,197.26,425.04,1,W,5,N
161,201.26,425.34,1,W,5,N
162,220.70,425.64,1,W,5,N
163,222.60,425.94,1,W,5,N
284,254.08,426.24,1,E,5,N
287,290.07,426.54,1,E,5,N
400,311.00,430.67,3,W,5,N
437,313.24,430.67,3,E,5,N
438,368.51,430.97,3,E,5,N
378,399.08,435.15,2,E,3,W
439,374.41,436.18,3,E,5,N
53,314.98,436.77,1,S,3,W
172,312.08,438.87,1,W,3,E
289,330.21,440.67,1,E,3,W
59,351.51,441.42,1,S,2,W
401,382.70,444.47,3,W,5,N
497,373.53,466.04,5,W,5,N
498,375.47,466.34,5,W,5,N
499,378.15,466.64,5,W,5,N
500,378.30,466.94,5,W,5,N
501,379.49,467.24,5,W,5,N
502,390.49,467.54,5,W,5,N
503,391.89,467.84,5,W,5,N
504,392.98,468.14,5,W,5,N
505,393.07,468.44,5,W,5,N
506,409.76,468.74,5,W,5,N
507,410.98,469.04,5,W,5,N
508,429.92,469.34,5,W,5,N
509,472.41,478.54,5,W,5,N
602,462.14,480.04,5,E,5,N
440,375.76,499.80,3,E,5,W
44,270.71,500.10,1,S,5,W
45,272.67,500.40,1,S,5,W
347,314.63,500.70,2,W,5,W
377,379.21,501.00,2,E,5,W
75,397.99,501.10,1,S,2,W
54,316.36,501.30,1,S,5,W
175,328.92,501.60,1,W,5,W
79,451.80,502.30,1,S,1,W
87,465.27,502.60,1,S,1,W
299,482.96,509.08,1,E,2,W
379,420.96,512.97,2,E,3,E
85,463.61,516.60,1,S,1,E
381,482.44,518.51,2,E,3,E
173,315.88,518.80,1,W,5,E
93,506.67,520.81,1,S,1,E
42,266.67,521.94,1,S,5,N
47,273.12,522.24,1,S,5,N
48,273.30,522.54,1,S,5,N
52,277.93,522.84,1,S,5,N
375,312.05,523.14,2,E,5,N
376,357.55,523.44,2,E,5,N
168,287.88,523.74,1,W,5,N
169,289.38,524.04,1,W,5,N
170,291.15,524.34,1,W,5,N
171,292.60,524.64,1,W,5,N
174,328.68,525.24,1,W,5,N
176,345.84,525.54,1,W,5,N
288,328.39,525.84,1,E,5,N
290,334.46,526.14,1,E,5,N
292,399.92,526.44,1,E,5,N
402,440.19,530.47,3,W,5,N
441,415.12,530.47,3,E,5,N
403,440.86,530.77,3,W,5,N
442,416.87,530.77,3,E,5,N
443,418.86,531.07,3,E,5,N
444,419.87,531.37,3,E,5,N
447,430.84,532.27,3,E,5,N
78,405.48,538.07,1,S,3,E
177,366.20,538.37,1,W,3,E
510,473.76,565.94,5,W,5,N
511,475.93,566.24,5,W,5,N
512,478.41,566.54,5,W,5,N
513,480.18,566.84,5,W,5,N
514,487.32,567.14,5,W,5,N
515,494.86,567.44,5,W,5,N
516,509.80,567.74,5,W,5,N
517,511.48,568.04,5,W,5,N
518,512.23,568.34,5,W,5,N
519,551.38,568.64,5,W,5,N
520,553.14,568.94,5,W,5,N
521,554.05,569.24,5,W,5,N
603,516.37,579.94,5,E,5,N
604,523.55,580.24,5,E,5,N
605,578.00,584.14,5,E,5,N
404,463.47,599.70,3,W,5,W
445,421.11,600.00,3,E,5,W
446,422.64,600.30,3,E,5,W
448,489.29,600.60,3,E,5,W
66,388.42,600.90,1,S,5,W
69,392.32,601.20,1,S,5,W
73,396.33,601.50,1,S,5,W
348,406.38,601.80,2,W,5,W
194,474.79,601.80,1,W,2,W
76,403.39,602.10,1,S,5,W
178,369.99,602.40,1,W,5,W
181,396.44,602.70,1,W,5,W
94,541.08,602.70,1,S,1,W
182,397.82,603.00,1,W,5,W
95,580.98,603.00,1,S,1,W
184,401.37,603.30,1,W,5,W
97,587.05,603.30,1,S,1,W
186,423.00,603.60,1,W,5,W
187,442.48,603.90,1,W,5,W
188,443.48,604.20,1,W,5,W
189,444.11,604.50,1,W,5,W
190,445.50,604.80,1,W,5,W
293,402.69,605.10,1,E,5,W
298,465.95,605.40,1,E,5,W
206,559.18,605.40,1,W,2,W
382,522.69,613.07,2,E,3,W
352,486.84,620.20,2,W,5,E
57,350.53,621.84,1,S,5,N
58,351.04,622.14,1,S,5,N
60,351.97,622.44,1,S,5,N
61,353.15,622.74,1,S,5,N
296,449.78,622.90,1,E,5,E
62,354.84,623.04,1,S,5,N
63,355.60,623.34,1,S,5,N
64,356.25,623.64,1,S,5,N
65,357.22,623.94,1,S,5,N
68,390.71,624.24,1,S,5,N
71,394.71,624.54,1,S,5,N
72,394.79,624.84,1,S,5,N
349,427.26,625.14,2,W,5,N
380,470.38,625.44,2,E,5,N
350,435.45,625.74,2,W,5,N
351,447.67,626.04,2,W,5,N
74,396.91,626.64,1,S,5,N
77,404.03,626.94,1,S,5,N
179,379.53,627.24,1,W,5,N
180,386.99,627.54,1,W,5,N
183,399.57,627.84,1,W,5,N
185,402.87,628.14,1,W,5,N
294,405.22,628.44,1,E,5,N
295,430.15,628.74,1,E,5,N
297,463.63,629.34,1,E,5,N
300,486.09,629.64,1,E,5,N
301,489.27,629.94,1,E,5,N
405,517.87,630.27,3,W,5,N
449,537.45,630.27,3,E,5,N
406,540.89,630.57,3,W,5,N
407,567.24,630.87,3,W,5,N
192,473.63,637.27,1,W,3,W
450,588.86,650.63,3,E,5,N
408,590.90,652.67,3,W,5,N
522,587.92,665.84,5,W,5,N
523,608.18,666.14,5,W,5,N
524,608.54,666.44,5,W,5,N
525,618.67,666.74,5,W,5,N
526,627.18,667.04,5,W,5,N
527,629.56,667.34,5,W,5,N
528,639.87,667.64,5,W,5,N
529,642.54,667.94,5,W,5,N
530,645.52,668.24,5,W,5,N
531,647.23,668.54,5,W,5,N
532,648.37,668.84,5,W,5,N
533,655.37,669.14,5,W,5,N
534,657.62,669.44,5,W,5,N
535,660.22,669.74,5,W,5,N
536,667.77,673.91,5,W,5,N
537,670.56,676.69,5,W,5,N
606,652.12,679.84,5,E,5,N
607,654.34,680.14,5,E,5,N
608,661.69,680.44,5,E,5,N
96,581.70,698.90,1,S,3,W
83,459.85,699.60,1,S,5,W
84,461.53,699.90,1,S,5,W
86,463.95,700.20,1,S,5,W
90,502.76,700.50,1,S,5,W
91,504.39,700.80,1,S,5,W
383,537.63,701.10,2,E,5,W
355,559.23,701.40,2,W,5,W
384,581.26,701.70,2,E,5,W
191,470.49,702.00,1,W,5,W
209,564.91,702.30,1,W,5,W
210,566.47,702.60,1,W,5,W
304,526.38,702.90,1,E,5,W
105,633.27,703.10,1,S,1,W
305,526.57,703.20,1,E,5,W
109,643.55,703.40,1,S,1,W
110,643.85,703.70,1,S,1,W
219,610.09,704.90,1,W,2,E
220,611.12,705.20,1,W,2,W
80,455.92,721.74,1,S,5,N
81,457.76,722.04,1,S,5,N
82,458.90,722.34,1,S,5,N
302,503.64,722.50,1,E,5,E
88,466.29,722.64,1,S,5,N
89,467.95,722.94,1,S,5,N
92,504.81,723.24,1,S,5,N
353,507.43,723.54,2,W,5,N
354,547.28,723.84,2,W,5,N
356,597.97,724.14,2,W,5,N
193,474.63,724.44,1,W,5,N
195,476.75,724.74,1,W,5,N
196,497.88,725.04,1,W,5,N
197,501.72,725.34,1,W,5,N
198,507.24,725.64,1,W,5,N
199,524.13,725.94,1,W,5,N
200,525.46,726.24,1,W,5,N
201,548.98,726.54,1,W,5,N
202,550.11,726.84,1,W,5,N
203,553.90,727.14,1,W,5,N
204,554.77,727.44,1,W,5,N
205,557.57,727.74,1,W,5,N
207,560.83,728.04,1,W,5,N
208,562.56,728.34,1,W,5,N
303,503.88,728.94,1,E,5,N
306,580.19,729.24,1,E,5,N
451,623.18,730.07,3,E,5,N
409,602.41,730.07,3,W,5,N
410,623.08,730.37,3,W,5,N
452,661.26,730.37,3,E,5,N
454,674.85,736.62,3,E,5,N
213,582.60,739.17,1,W,3,E
411,681.06,742.83,3,W,5,N
123,729.90,744.04,1,S,1,E
412,682.50,744.27,3,W,5,N
230,658.80,744.27,1,W,3,E
231,662.78,744.57,1,W,3,E
311,668.88,746.37,1,E,3,E
413,691.75,753.52,3,W,5,N
538,702.39,765.74,5,W,5,N
539,713.19,766.04,5,W,5,N
540,714.68,766.34,5,W,5,N
541,722.92,766.64,5,W,5,N
542,724.51,766.94,5,W,5,N
543,732.69,767.24,5,W,5,N
544,734.67,767.54,5,W,5,N
545,736.01,767.84,5,W,5,N
546,737.76,768.14,5,W,5,N
547,752.47,768.44,5,W,5,N
548,754.95,768.74,5,W,5,N
549,765.23,771.37,5,W,5,N
550,766.96,773.09,5,W,5,N
609,729.62,779.74,5,E,5,N
610,730.97,780.04,5,E,5,N
453,662.68,799.50,3,E,5,W
100,588.49,799.80,1,S,5,W
102,630.39,800.10,1,S,5,W
103,630.63,800.40,1,S,5,W
106,634.75,800.70,1,S,5,W
211,567.61,801.00,1,W,5,W
119,726.81,801.10,1,S,2,W
212,575.18,801.30,1,W,5,W
227,638.16,801.60,1,W,5,W
122,728.92,801.70,1,S,2,W
232,663.99,801.90,1,W,5,W
307,624.84,802.20,1,E,5,W
312,669.35,802.31,1,E,5,W
235,673.66,802.90,1,W,2,W
611,796.77,802.91,5,E,5,N
120,728.40,803.50,1,S,1,W
127,770.94,803.80,1,S,1,W
250,728.23,807.40,1,W,2,W
321,772.93,810.10,1,E,2,W
322,775.93,810.40,1,E,2,W
388,715.59,813.27,2,E,3,W
360,738.62,813.87,2,W,3,W
126,769.68,816.60,1,S,1,E
128,805.74,819.88,1,S,1,E
98,587.23,821.64,1,S,5,N
99,587.44,821.94,1,S,5,N
101,590.37,822.24,1,S,5,N
385,623.50,822.54,2,E,5,N
357,634.03,822.84,2,W,5,N
386,653.63,823.14,2,E,5,N
387,673.19,823.44,2,E,5,N
104,632.11,823.74,1,S,5,N
107,634.76,824.04,1,S,5,N
214,582.83,824.34,1,W,5,N
215,584.20,824.64,1,W,5,N
216,585.10,824.94,1,W,5,N
217,601.26,825.24,1,W,5,N
218,602.67,825.54,1,W,5,N
221,612.84,825.84,1,W,5,N
222,613.98,826.14,1,W,5,N
223,615.98,826.44,1,W,5,N
224,617.19,826.74,1,W,5,N
225,618.22,827.04,1,W,5,N
226,627.62,827.34,1,W,5,N
228,644.19,827.64,1,W,5,N
229,658.15,827.94,1,W,5,N
308,626.38,828.24,1,E,5,N
309,646.00,828.54,1,E,5,N
310,663.72,828.84,1,E,5,N
455,716.99,829.87,3,E,5,N
414,745.58,829.87,3,W,5,N
456,718.48,830.17,3,E,5,N
457,759.88,830.47,3,E,5,N
459,773.84,835.61,3,E,5,N
233,670.70,838.37,1,W,3,E
252,754.91,844.07,1,W,3,E
461,784.76,846.53,3,E,5,N
551,775.05,865.64,5,W,5,N
552,782.25,865.94,5,W,5,N
553,784.15,866.24,5,W,5,N
554,785.71,866.54,5,W,5,N
555,799.66,866.84,5,W,5,N
556,807.17,867.14,5,W,5,N
557,810.60,867.44,5,W,5,N
558,812.24,867.74,5,W,5,N
559,814.85,868.04,5,W,5,N
560,816.59,868.34,5,W,5,N
561,843.13,868.64,5,W,5,N
562,844.09,868.94,5,W,5,N
563,859.29,869.24,5,W,5,N
564,860.88,869.54,5,W,5,N
565,861.13,869.84,5,W,5,N
566,863.53,870.14,5,W,5,N
567,870.86,877.00,5,W,5,N
568,871.96,878.09,5,W,5,N
612,842.28,879.64,5,E,5,N
313,696.18,899.40,1,E,5,W
458,767.55,899.70,3,E,5,W
460,775.17,900.00,3,E,5,W
314,701.86,900.30,1,E,5,W
114,687.57,900.60,1,S,5,W
359,725.68,900.90,2,W,5,W
362,770.49,901.20,2,W,5,W
124,732.44,901.50,1,S,5,W
234,672.01,901.80,1,W,5,W
237,682.97,902.10,1,W,5,W
240,706.51,902.40,1,W,5,W
255,811.75,902.40,1,W,2,W
243,713.07,902.70,1,W,5,W
244,713.12,903.00,1,W,5,W
245,714.40,903.30,1,W,5,W
247,725.63,903.60,1,W,5,W
319,761.03,903.90,1,E,5,W
131,809.93,903.90,1,S,1,W
132,811.93,904.20,1,S,1,W
134,848.14,904.50,1,S,1,W
324,793.22,911.04,1,E,5,W
111,645.22,915.70,1,S,5,E
117,692.12,917.20,1,S,5,E
389,754.08,918.10,2,E,5,E
108,642.57,921.54,1,S,5,N
112,645.92,922.14,1,S,5,N
113,685.58,922.44,1,S,5,N
115,689.89,922.74,1,S,5,N
116,690.74,923.04,1,S,5,N
118,694.94,923.64,1,S,5,N
358,712.96,923.94,2,W,5,N
361,760.47,924.54,2,W,5,N
363,782.09,924.84,2,W,5,N
121,728.88,925.14,1,S,5,N
236,675.56,925.44,1,W,5,N
238,684.01,925.74,1,W,5,N
239,703.20,926.04,1,W,5,N
241,707.98,926.34,1,W,5,N
242,711.71,926.64,1,W,5,N
246,716.05,926.94,1,W,5,N
248,726.99,927.24,1,W,5,N
249,727.51,927.54,1,W,5,N
251,735.12,927.84,1,W,5,N
315,720.25,928.14,1,E,5,N
316,723.11,928.44,1,E,5,N
317,733.77,928.74,1,E,5,N
318,744.33,929.04,1,E,5,N
320,762.27,929.34,1,E,5,N
323,782.35,929.64,1,E,5,N
462,804.13,929.67,3,E,5,N
463,843.59,929.97,3,E,5,N
418,828.48,930.57,3,W,5,N
420,835.17,931.17,3,W,5,N
129,807.17,937.27,1,S,3,W
256,828.19,938.77,1,W,3,E
331,846.84,942.37,1,E,3,E
569,873.70,965.54,5,W,5,N
570,874.14,965.84,5,W,5,N
571,875.76,966.14,5,W,5,N
572,884.88,966.44,5,W,5,N
573,886.35,966.74,5,W,5,N
574,889.34,967.04,5,W,5,N
415,802.69,999.30,3,W,5,W
416,813.83,999.60,3,W,5,W
417,815.51,999.90,3,W,5,W
419,831.50,1000.20,3,W,5,W
421,893.77,1000.50,3,W,5,W
364,810.80,1000.80,2,W,5,W
392,881.49,1001.10,2,E,5,W
393,897.76,1001.40,2,E,5,W
326,817.45,1001.70,1,E,5,W
328,821.01,1002.00,1,E,5,W
266,884.21,1002.20,1,W,2,E
334,862.56,1002.30,1,E,5,W
268,889.83,1002.80,1,W,2,W
325,801.71,1021.44,1,E,5,N
125,768.81,1021.74,1,S,5,N
390,802.02,1022.04,2,E,5,N
365,841.38,1022.34,2,W,5,N
391,832.61,1022.64,2,E,5,N
366,855.14,1022.94,2,W,5,N
130,808.45,1023.24,1,S,5,N
253,770.77,1023.54,1,W,5,N
254,791.42,1023.84,1,W,5,N
257,846.40,1024.14,1,W,5,N
258,847.33,1024.44,1,W,5,N
259,848.29,1024.74,1,W,5,N
260,849.74,1025.04,1,W,5,N
261,856.09,1025.34,1,W,5,N
262,865.46,1025.64,1,W,5,N
327,818.53,1025.94,1,E,5,N
329,822.51,1026.24,1,E,5,N
330,829.34,1026.54,1,E,5,N
332,854.47,1026.84,1,E,5,N
333,860.10,1027.14,1,E,5,N
335,877.26,1027.44,1,E,5,N
464,899.97,1099.20,3,E,5,W
133,846.50,1099.50,1,S,5,W
138,899.57,1099.80,1,S,5,W
264,880.62,1100.10,1,W,5,W
271,894.05,1100.40,1,W,5,W
269,890.98,1117.00,1,W,5,E
135,849.17,1121.34,1,S,5,N
136,851.06,1121.64,1,S,5,N
137,898.85,1121.94,1,S,5,N
263,875.08,1122.24,1,W,5,N
265,882.54,1122.54,1,W,5,N
267,886.11,1122.84,1,W,5,N
270,892.75,1123.44,1,W,5,N