id,enter_time,exit_time,entrance_intersection,entrance_direction,exit_intersection,exit_direction
486,10.74,66.44,5,W,5,N
487,13.14,66.74,5,W,5,N
488,14.84,67.04,5,W,5,N
489,22.48,67.34,5,W,5,N
490,23.25,67.64,5,W,5,N
491,51.50,67.94,5,W,5,N
492,64.72,70.85,5,W,5,N
493,65.87,72.01,5,W,5,N
494,66.46,72.60,5,W,5,N
495,68.33,74.47,5,W,5,N
611,1.40,80.44,5,E,5,N
612,5.90,80.74,5,E,5,N
613,6.90,81.04,5,E,5,N
614,36.33,81.34,5,E,5,N
615,41.13,81.64,5,E,5,N
616,56.64,81.94,5,E,5,N
617,57.77,82.24,5,E,5,N
0,41.84,100.70,1,S,1,W
2,43.40,101.00,1,S,1,W
12,54.21,101.30,1,S,1,W
16,58.48,101.60,1,S,1,W
17,89.09,103.23,1,S,1,W
21,95.44,109.58,1,S,1,W
5,46.10,114.40,1,S,1,E
425,60.46,125.43,3,W,5,E
424,60.11,131.27,3,W,5,N
450,55.80,131.27,3,E,5,N
426,61.14,131.87,3,W,5,N
427,61.67,132.17,3,W,5,N
198,50.50,137.67,1,W,3,W
314,50.13,138.87,1,E,3,W
1,41.91,139.62,1,S,2,W
15,57.86,143.22,1,S,2,W
496,75.60,166.34,5,W,5,N
497,82.89,166.64,5,W,5,N
498,97.82,166.94,5,W,5,N
499,99.10,167.24,5,W,5,N
500,100.33,167.54,5,W,5,N
501,102.87,167.84,5,W,5,N
502,113.05,168.14,5,W,5,N
503,115.46,168.44,5,W,5,N
504,116.78,168.74,5,W,5,N
505,118.02,169.04,5,W,5,N
506,145.07,169.34,5,W,5,N
507,148.33,169.64,5,W,5,N
618,108.81,180.34,5,E,5,N
619,158.74,180.64,5,E,5,N
620,164.27,180.94,5,E,5,N
621,182.63,188.76,5,E,5,N
622,183.86,190.00,5,E,5,N
623,193.81,199.94,5,E,5,N
366,13.32,200.10,2,W,5,W
367,23.46,200.40,2,W,5,W
368,28.90,200.70,2,W,5,W
399,85.84,201.00,2,E,5,W
29,151.58,201.10,1,S,1,W
371,99.61,201.30,2,W,5,W
312,21.93,201.60,1,E,5,W
624,197.95,204.09,5,E,5,N
30,179.13,215.10,1,S,1,E
196,36.42,217.90,1,W,5,E
397,33.86,222.24,2,E,5,N
398,63.93,222.54,2,E,5,N
369,29.98,222.84,2,W,5,N
370,67.89,223.14,2,W,5,N
194,15.33,223.44,1,W,5,N
195,17.29,223.74,1,W,5,N
197,45.35,224.34,1,W,5,N
311,5.23,224.64,1,E,5,N
313,38.74,224.94,1,E,5,N
315,99.57,225.24,1,E,5,N
453,152.76,225.53,3,E,5,E
24,99.35,236.57,1,S,3,W
429,176.59,238.36,3,W,5,N
508,179.73,266.24,5,W,5,N
509,190.10,266.54,5,W,5,N
510,212.78,266.84,5,W,5,N
511,215.05,267.14,5,W,5,N
512,218.18,267.44,5,W,5,N
513,220.09,267.74,5,W,5,N
514,222.46,268.04,5,W,5,N
515,222.48,268.34,5,W,5,N
516,232.76,268.64,5,W,5,N
517,234.40,268.94,5,W,5,N
518,237.05,269.24,5,W,5,N
519,239.78,269.54,5,W,5,N
520,241.58,269.84,5,W,5,N
521,249.34,270.14,5,W,5,N
522,256.63,270.44,5,W,5,N
523,256.67,270.74,5,W,5,N
625,207.51,280.24,5,E,5,N
626,255.24,280.54,5,E,5,N
627,256.83,280.84,5,E,5,N
628,258.25,281.14,5,E,5,N
629,268.56,281.44,5,E,5,N
630,290.94,297.08,5,E,5,N
451,102.54,300.00,3,E,5,W
428,118.17,300.30,3,W,5,W
452,104.22,300.60,3,E,5,W
3,45.04,300.90,1,S,5,W
212,174.55,301.20,1,W,2,W
22,96.64,301.20,1,S,5,W
38,197.59,301.50,1,S,1,W
199,75.93,301.50,1,W,5,W
41,201.34,301.80,1,S,1,W
316,116.71,301.80,1,E,5,W
43,203.38,302.10,1,S,1,W
35,187.28,302.10,1,S,3,W
49,290.31,304.45,1,S,1,W
44,241.55,314.30,1,S,1,E
13,55.18,318.10,1,S,5,E
202,106.27,321.40,1,W,5,E
4,45.98,322.14,1,S,5,N
6,47.41,322.44,1,S,5,N
7,47.97,322.74,1,S,5,N
8,48.91,323.04,1,S,5,N
9,51.16,323.34,1,S,5,N
10,51.47,323.64,1,S,5,N
11,52.48,323.94,1,S,5,N
14,56.05,324.54,1,S,5,N
18,90.25,324.84,1,S,5,N
455,206.12,325.03,3,E,5,E
19,90.40,325.14,1,S,5,N
20,90.71,325.44,1,S,5,N
23,98.30,325.74,1,S,5,N
327,299.65,325.77,1,E,2,W
400,130.54,326.04,2,E,5,N
401,178.00,326.34,2,E,5,N
372,192.24,326.64,2,W,5,N
200,83.82,326.94,1,W,5,N
201,100.26,327.24,1,W,5,N
203,107.63,327.84,1,W,5,N
204,114.59,328.14,1,W,5,N
205,135.20,328.44,1,W,5,N
206,137.36,328.74,1,W,5,N
207,146.84,329.04,1,W,5,N
208,147.50,329.34,1,W,5,N
209,148.91,329.64,1,W,5,N
317,150.54,329.94,1,E,5,N
318,168.89,330.24,1,E,5,N
319,177.45,330.54,1,E,5,N
430,245.90,330.87,3,W,5,N
431,257.49,331.17,3,W,5,N
456,264.52,331.47,3,E,5,N
213,197.48,337.57,1,W,3,E
524,289.77,366.14,5,W,5,N
525,318.04,366.44,5,W,5,N
526,331.60,366.74,5,W,5,N
527,347.16,367.04,5,W,5,N
528,347.27,367.34,5,W,5,N
529,348.01,367.64,5,W,5,N
530,350.99,367.94,5,W,5,N
531,352.15,368.24,5,W,5,N
532,362.31,368.45,5,W,5,N
533,363.60,369.74,5,W,5,N
534,364.33,370.46,5,W,5,N
535,365.55,371.69,5,W,5,N
631,309.11,380.14,5,E,5,N
632,360.55,380.44,5,E,5,N
633,365.62,380.74,5,E,5,N
634,377.21,383.35,5,E,5,N
454,205.12,399.90,3,E,5,W
457,266.15,400.20,3,E,5,W
26,149.51,400.50,1,S,5,W
28,151.07,400.80,1,S,5,W
32,182.60,401.10,1,S,5,W
54,335.35,401.30,1,S,2,W
34,185.96,401.40,1,S,5,W
39,198.39,401.70,1,S,5,W
53,334.32,401.90,1,S,1,W
373,203.54,402.00,2,W,5,W
56,337.42,402.20,1,S,1,W
320,203.70,402.30,1,E,5,W
62,342.29,402.50,1,S,1,W
324,233.03,402.60,1,E,5,W
325,234.83,402.90,1,E,5,W
326,293.84,411.67,1,E,5,W
404,303.56,412.87,2,E,3,E
378,351.59,413.17,2,W,3,W
67,350.23,417.10,1,S,1,E
25,149.20,422.04,1,S,5,N
27,150.86,422.34,1,S,5,N
31,180.83,422.64,1,S,5,N
33,183.73,422.94,1,S,5,N
36,188.15,423.24,1,S,5,N
37,189.94,423.54,1,S,5,N
40,199.99,423.84,1,S,5,N
42,202.59,424.14,1,S,5,N
402,220.58,424.44,2,E,5,N
374,212.29,424.74,2,W,5,N
433,328.44,424.83,3,W,5,E
403,265.29,425.04,2,E,5,N
375,244.98,425.34,2,W,5,N
376,249.26,425.64,2,W,5,N
210,171.42,425.94,1,W,5,N
211,173.37,426.24,1,W,5,N
214,215.95,426.54,1,W,5,N
215,225.15,426.84,1,W,5,N
216,225.92,427.14,1,W,5,N
217,227.91,427.44,1,W,5,N
218,244.37,427.74,1,W,5,N
321,214.27,428.04,1,E,5,N
322,214.41,428.34,1,E,5,N
323,229.17,428.64,1,E,5,N
458,305.77,430.67,3,E,5,N
432,319.65,430.67,3,W,5,N
55,336.42,437.67,1,S,3,E
434,385.05,446.82,3,W,5,N
536,378.33,466.04,5,W,5,N
537,379.86,466.34,5,W,5,N
538,381.24,466.64,5,W,5,N
539,392.18,466.94,5,W,5,N
540,396.04,467.24,5,W,5,N
541,428.47,467.54,5,W,5,N
542,429.54,467.84,5,W,5,N
543,438.17,468.14,5,W,5,N
544,446.75,468.44,5,W,5,N
545,449.13,468.74,5,W,5,N
546,462.31,469.04,5,W,5,N
547,463.00,469.14,5,W,5,N
635,429.20,480.04,5,E,5,N
636,457.28,480.34,5,E,5,N
637,470.32,480.64,5,E,5,N
459,365.55,499.80,3,E,5,W
460,376.38,500.10,3,E,5,W
379,361.24,500.40,2,W,5,W
219,266.90,500.70,1,W,5,W
220,292.63,501.00,1,W,5,W
65,344.31,501.10,1,S,3,W
221,309.58,501.30,1,W,5,W
334,364.39,501.60,1,E,5,W
72,419.44,502.30,1,S,1,W
74,423.48,502.60,1,S,1,W
75,458.24,502.90,1,S,1,W
339,438.23,507.10,1,E,2,W
79,496.28,510.41,1,S,1,W
45,242.03,521.94,1,S,5,N
46,243.95,522.24,1,S,5,N
47,244.41,522.54,1,S,5,N
48,286.49,522.84,1,S,5,N
50,290.76,523.14,1,S,5,N
377,344.25,523.44,2,W,5,N
405,352.22,523.74,2,E,5,N
51,329.43,524.04,1,S,5,N
461,434.66,524.33,3,E,5,E
52,332.35,524.34,1,S,5,N
57,337.68,524.64,1,S,5,N
222,324.49,524.94,1,W,5,N
223,345.77,525.24,1,W,5,N
328,313.93,525.54,1,E,5,N
329,318.64,525.84,1,E,5,N
330,332.61,526.14,1,E,5,N
331,334.51,526.44,1,E,5,N
332,357.00,526.74,1,E,5,N
333,359.67,527.04,1,E,5,N
335,367.11,527.34,1,E,5,N
336,368.68,527.64,1,E,5,N
435,405.41,530.47,3,W,5,N
436,460.23,530.77,3,W,5,N
233,428.01,540.17,1,W,3,W
462,489.47,551.24,3,E,5,N
463,490.66,552.43,3,E,5,N
464,492.53,554.30,3,E,5,N
465,497.64,559.41,3,E,5,N
548,481.74,565.94,5,W,5,N
549,482.23,566.24,5,W,5,N
550,489.71,566.54,5,W,5,N
551,490.22,566.84,5,W,5,N
552,529.84,567.14,5,W,5,N
553,544.73,567.44,5,W,5,N
554,545.82,567.74,5,W,5,N
555,553.38,568.04,5,W,5,N
556,553.88,568.34,5,W,5,N
557,555.20,568.64,5,W,5,N
558,563.11,569.25,5,W,5,N
559,563.47,569.60,5,W,5,N
560,564.77,570.90,5,W,5,N
561,566.01,572.14,5,W,5,N
562,568.12,574.26,5,W,5,N
563,570.35,576.48,5,W,5,N
638,518.93,579.94,5,E,5,N
639,544.47,580.24,5,E,5,N
58,338.77,599.70,1,S,5,W
61,340.88,600.00,1,S,5,W
380,459.37,600.30,2,W,5,W
407,441.45,600.60,2,E,5,W
409,498.55,600.90,2,E,5,W
71,419.27,601.20,1,S,5,W
73,422.05,601.50,1,S,5,W
640,595.47,601.61,5,E,5,N
224,368.13,601.80,1,W,5,W
227,382.54,602.10,1,W,5,W
230,406.46,602.40,1,W,5,W
234,431.93,602.70,1,W,5,W
85,501.54,602.70,1,S,1,W
237,442.72,603.00,1,W,5,W
241,467.61,603.00,1,W,2,W
87,502.38,603.00,1,S,1,W
238,458.01,603.30,1,W,5,W
94,513.05,603.30,1,S,1,W
341,451.57,603.60,1,E,5,W
384,536.83,613.67,2,W,3,W
59,339.45,621.84,1,S,5,N
60,339.61,622.14,1,S,5,N
63,342.73,622.44,1,S,5,N
340,441.02,622.60,1,E,5,E
64,342.91,622.74,1,S,5,N
66,349.45,623.04,1,S,5,N
68,384.82,623.34,1,S,5,N
69,385.92,623.64,1,S,5,N
70,387.03,623.94,1,S,5,N
406,401.80,624.24,2,E,5,N
408,468.86,624.54,2,E,5,N
381,489.48,624.84,2,W,5,N
225,369.67,625.14,1,W,5,N
226,380.94,625.44,1,W,5,N
228,385.09,625.74,1,W,5,N
229,404.74,626.04,1,W,5,N
231,414.56,626.34,1,W,5,N
232,416.09,626.64,1,W,5,N
235,433.67,626.94,1,W,5,N
236,437.60,627.24,1,W,5,N
239,461.02,627.54,1,W,5,N
240,464.15,627.84,1,W,5,N
337,408.71,628.14,1,E,5,N
338,410.16,628.44,1,E,5,N
342,470.42,629.04,1,E,5,N
466,499.26,630.27,3,E,5,N
437,524.57,630.27,3,W,5,N
438,582.02,643.79,3,W,5,N
439,582.90,644.67,3,W,5,N
347,585.87,648.06,1,E,3,E
469,591.37,653.14,3,E,5,N
564,584.12,665.84,5,W,5,N
565,594.96,666.14,5,W,5,N
566,596.95,666.44,5,W,5,N
567,597.91,666.74,5,W,5,N
568,598.12,667.04,5,W,5,N
569,599.51,667.34,5,W,5,N
570,631.31,667.64,5,W,5,N
571,644.97,667.94,5,W,5,N
572,652.76,668.24,5,W,5,N
573,655.06,668.54,5,W,5,N
574,669.21,675.34,5,W,5,N
641,600.96,679.84,5,E,5,N
642,668.71,680.14,5,E,5,N
343,497.31,699.60,1,E,5,W
100,552.09,699.80,1,S,3,E
467,552.36,699.90,3,E,5,W
468,589.47,700.20,3,E,5,W
344,501.16,700.50,1,E,5,W
80,497.25,700.80,1,S,5,W
104,602.20,701.00,1,S,3,E
81,497.28,701.10,1,S,5,W
410,544.96,701.40,2,E,5,W
385,541.78,701.70,2,W,5,W
89,505.23,702.00,1,S,5,W
108,604.62,702.20,1,S,3,W
90,505.61,702.30,1,S,5,W
91,506.02,702.60,1,S,5,W
96,514.53,702.90,1,S,5,W
113,639.76,703.10,1,S,1,W
247,501.53,703.20,1,W,5,W
116,642.76,703.40,1,S,1,W
249,537.42,703.50,1,W,5,W
121,646.19,703.70,1,S,1,W
251,556.30,703.80,1,W,5,W
122,647.25,704.00,1,S,1,W
345,504.59,704.10,1,E,5,W
126,672.19,704.30,1,S,1,W
346,520.90,704.40,1,E,5,W
351,631.81,708.20,1,E,2,E
354,668.21,709.10,1,E,2,W
123,669.77,717.70,1,S,1,E
411,593.49,719.20,2,E,5,E
76,459.03,721.74,1,S,5,N
77,460.18,722.04,1,S,5,N
78,461.71,722.34,1,S,5,N
252,557.41,722.50,1,W,5,E
82,500.18,722.64,1,S,5,N
83,500.95,722.94,1,S,5,N
84,501.38,723.24,1,S,5,N
86,501.87,723.54,1,S,5,N
88,503.49,723.84,1,S,5,N
382,502.73,724.14,2,W,5,N
383,516.80,724.44,2,W,5,N
386,548.59,724.74,2,W,5,N
387,574.98,725.04,2,W,5,N
92,511.47,725.64,1,S,5,N
93,511.80,725.94,1,S,5,N
95,514.03,726.24,1,S,5,N
242,468.97,726.54,1,W,5,N
243,470.03,726.84,1,W,5,N
244,471.89,727.14,1,W,5,N
245,473.02,727.44,1,W,5,N
246,494.97,727.74,1,W,5,N
248,525.81,728.04,1,W,5,N
250,540.75,728.34,1,W,5,N
440,642.56,730.07,3,W,5,N
470,635.97,730.07,3,E,5,N
441,655.41,730.37,3,W,5,N
111,634.57,737.67,1,S,3,E
263,629.59,741.27,1,W,3,W
442,683.67,745.44,3,W,5,N
471,684.30,746.07,3,E,5,N
357,690.96,753.15,1,E,3,E
575,681.78,765.74,5,W,5,N
576,683.67,766.04,5,W,5,N
577,686.48,766.34,5,W,5,N
578,695.37,766.64,5,W,5,N
579,696.94,766.94,5,W,5,N
580,700.53,767.24,5,W,5,N
581,702.82,767.54,5,W,5,N
582,704.10,767.84,5,W,5,N
583,714.78,768.14,5,W,5,N
584,717.37,768.44,5,W,5,N
585,718.50,768.74,5,W,5,N
586,725.59,769.04,5,W,5,N
587,740.39,769.34,5,W,5,N
588,742.39,769.64,5,W,5,N
589,743.58,769.94,5,W,5,N
590,750.58,770.24,5,W,5,N
591,752.89,770.54,5,W,5,N
592,754.52,770.84,5,W,5,N
593,764.72,770.86,5,W,5,N
594,767.84,773.98,5,W,5,N
595,770.35,776.48,5,W,5,N
643,718.74,779.74,5,E,5,N
644,727.16,780.04,5,E,5,N
645,733.13,780.34,5,E,5,N
646,756.25,780.64,5,E,5,N
647,761.93,780.94,5,E,5,N
648,766.49,781.24,5,E,5,N
649,766.81,781.54,5,E,5,N
106,602.92,799.50,1,S,5,W
412,630.70,799.80,2,E,5,W
389,664.64,800.10,2,W,5,W
120,646.12,800.20,1,S,3,E
413,658.31,800.40,2,E,5,W
109,605.96,800.70,1,S,5,W
110,607.70,801.00,1,S,5,W
253,577.30,801.30,1,W,5,W
255,580.64,801.60,1,W,5,W
257,591.00,801.90,1,W,5,W
269,660.42,802.20,1,W,5,W
355,678.03,802.50,1,E,5,W
128,710.73,803.50,1,S,1,W
132,752.98,803.80,1,S,1,W
276,687.50,804.10,1,W,2,E
134,758.05,804.10,1,S,1,W
136,761.88,804.40,1,S,1,W
138,766.43,804.70,1,S,1,W
140,770.10,805.00,1,S,1,W
144,775.81,805.30,1,S,1,W
393,704.55,813.27,2,W,3,W
97,546.79,821.64,1,S,5,N
98,549.33,821.94,1,S,5,N
99,550.73,822.24,1,S,5,N
101,552.54,822.54,1,S,5,N
102,554.83,822.84,1,S,5,N
103,555.23,823.14,1,S,5,N
105,602.46,823.44,1,S,5,N
107,603.26,823.74,1,S,5,N
350,623.23,823.90,1,E,5,E
388,650.53,824.04,2,W,5,N
414,670.60,824.34,2,E,5,N
353,646.86,824.50,1,E,5,E
390,672.11,824.64,2,W,5,N
391,684.58,824.94,2,W,5,N
392,699.00,825.24,2,W,5,N
443,739.78,825.40,3,W,5,E
112,634.86,825.54,1,S,5,N
254,579.06,825.84,1,W,5,N
256,590.31,826.14,1,W,5,N
258,601.91,826.44,1,W,5,N
259,603.45,826.74,1,W,5,N
260,623.54,827.04,1,W,5,N
261,626.72,827.34,1,W,5,N
262,628.44,827.64,1,W,5,N
264,636.20,827.94,1,W,5,N
152,814.02,828.15,1,S,1,E
265,651.93,828.24,1,W,5,N
266,653.39,828.54,1,W,5,N
267,655.24,828.84,1,W,5,N
268,659.06,829.14,1,W,5,N
348,611.08,829.44,1,E,5,N
349,613.32,829.74,1,E,5,N
352,645.75,830.34,1,E,5,N
356,686.70,830.94,1,E,5,N
472,725.63,831.24,3,E,5,N
473,731.04,831.84,3,E,5,N
444,758.37,832.14,3,W,5,N
474,768.83,832.44,3,E,5,N
154,819.39,833.53,1,S,1,E
475,778.07,839.84,3,E,5,N
275,686.20,839.87,1,W,3,E
277,691.10,840.47,1,W,3,E
279,694.28,841.07,1,W,3,W
135,759.19,842.72,1,S,2,W
290,753.91,844.37,1,W,3,W
446,796.88,858.65,3,W,5,N
596,785.17,865.64,5,W,5,N
597,786.38,865.94,5,W,5,N
598,786.72,866.24,5,W,5,N
599,795.71,866.54,5,W,5,N
600,806.62,866.84,5,W,5,N
601,833.49,867.14,5,W,5,N
602,841.30,867.44,5,W,5,N
603,842.55,867.74,5,W,5,N
604,844.36,868.04,5,W,5,N
605,844.99,868.34,5,W,5,N
606,847.07,868.64,5,W,5,N
607,856.34,868.94,5,W,5,N
608,862.74,869.24,5,W,5,N
609,865.63,871.77,5,W,5,N
610,866.34,872.48,5,W,5,N
650,819.83,879.64,5,E,5,N
651,826.18,879.94,5,E,5,N
652,839.60,880.24,5,E,5,N
653,844.66,880.54,5,E,5,N
654,866.53,880.84,5,E,5,N
655,890.48,896.62,5,E,5,N
656,890.54,896.68,5,E,5,N
445,771.17,899.40,3,W,5,W
115,642.43,899.70,1,S,5,W
117,643.87,900.00,1,S,5,W
143,773.21,900.30,1,S,3,E
415,713.56,900.30,2,E,5,W
416,723.86,900.60,2,E,5,W
417,748.67,900.90,2,E,5,W
270,675.17,901.20,1,W,5,W
278,692.40,901.50,1,W,5,W
284,719.38,901.80,1,W,5,W
157,826.23,902.70,1,S,2,W
147,809.61,903.90,1,S,1,W
148,809.94,904.20,1,S,1,W
150,811.78,904.50,1,S,1,W
657,898.46,904.59,5,E,5,N
169,842.42,904.80,1,S,1,W
174,848.08,905.10,1,S,1,W
175,850.02,905.40,1,S,1,W
177,852.72,905.70,1,S,1,W
192,878.41,906.00,1,S,1,W
303,848.59,909.30,1,W,2,E
361,833.29,910.20,1,E,2,E
362,834.49,910.50,1,E,2,W
420,816.40,913.37,2,E,3,W
180,855.62,919.40,1,S,1,E
114,640.97,921.54,1,S,5,N
188,869.19,921.80,1,S,1,E
118,644.35,921.84,1,S,5,N
287,730.01,922.00,1,W,5,E
119,645.50,922.14,1,S,5,N
288,750.88,922.30,1,W,5,E
190,876.12,922.40,1,S,1,E
124,670.29,922.44,1,S,5,N
125,671.91,922.74,1,S,5,N
418,776.06,923.04,2,E,5,N
394,794.00,923.34,2,W,5,N
419,799.09,923.64,2,E,5,N
127,709.19,923.94,1,S,5,N
129,712.00,924.24,1,S,5,N
130,713.86,924.54,1,S,5,N
131,715.61,924.84,1,S,5,N
271,675.71,925.14,1,W,5,N
272,676.81,925.44,1,W,5,N
273,678.37,925.74,1,W,5,N
274,679.59,926.04,1,W,5,N
280,694.39,926.34,1,W,5,N
281,695.84,926.64,1,W,5,N
282,697.09,926.94,1,W,5,N
481,871.36,927.00,3,E,5,E
283,698.94,927.24,1,W,5,N
285,719.51,927.54,1,W,5,N
286,728.01,927.84,1,W,5,N
289,752.05,928.74,1,W,5,N
358,712.83,929.04,1,E,5,N
359,739.42,929.34,1,E,5,N
447,818.24,929.67,3,W,5,N
477,856.36,929.97,3,E,5,N
478,867.05,930.27,3,E,5,N
480,870.09,931.86,3,E,5,N
448,871.79,933.56,3,W,5,N
158,826.24,939.07,1,S,3,E
483,881.87,943.64,3,E,5,N
484,888.32,950.09,3,E,5,N
449,891.82,953.59,3,W,5,N
476,836.56,999.30,3,E,5,W
479,868.39,999.60,3,E,5,W
482,872.47,999.90,3,E,5,W
133,756.80,1000.20,1,S,5,W
142,772.78,1000.50,1,S,5,W
145,777.30,1000.80,1,S,5,W
422,877.29,1001.10,2,E,5,W
151,812.61,1001.40,1,S,5,W
153,817.58,1001.70,1,S,5,W
160,829.66,1002.00,1,S,5,W
294,789.90,1002.30,1,W,5,W
295,806.09,1002.60,1,W,5,W
297,821.64,1002.90,1,W,5,W
299,825.52,1003.20,1,W,5,W
300,827.90,1003.50,1,W,5,W
302,846.80,1003.80,1,W,5,W
304,850.20,1004.10,1,W,5,W
305,859.79,1004.40,1,W,5,W
364,867.85,1004.70,1,E,5,W
395,817.11,1016.80,2,W,5,E
156,820.72,1018.60,1,S,5,E
360,802.11,1021.44,1,E,5,N
137,763.53,1021.74,1,S,5,N
139,767.45,1022.04,1,S,5,N
141,771.44,1022.34,1,S,5,N
146,778.22,1022.64,1,S,5,N
421,859.22,1023.24,2,E,5,N
396,898.31,1023.54,2,W,5,N
423,898.78,1023.84,2,E,5,N
149,810.73,1024.14,1,S,5,N
155,819.55,1024.44,1,S,5,N
159,827.16,1025.04,1,S,5,N
161,829.88,1025.34,1,S,5,N
162,831.07,1025.64,1,S,5,N
163,831.76,1025.94,1,S,5,N
164,832.81,1026.24,1,S,5,N
165,835.75,1026.54,1,S,5,N
166,837.71,1026.84,1,S,5,N
291,769.83,1027.14,1,W,5,N
292,776.41,1027.44,1,W,5,N
293,788.75,1027.74,1,W,5,N
296,807.87,1028.04,1,W,5,N
298,823.98,1028.34,1,W,5,N
301,846.59,1028.64,1,W,5,N
363,845.27,1028.94,1,E,5,N
189,870.98,1039.47,1,S,3,W
365,894.31,1099.20,1,E,5,W
485,898.68,1099.50,3,E,5,W
179,854.69,1099.80,1,S,5,W
181,859.98,1100.10,1,S,5,W
182,861.33,1100.40,1,S,5,W
183,863.30,1100.70,1,S,5,W
186,867.70,1101.00,1,S,5,W
187,868.07,1101.30,1,S,5,W
191,877.02,1101.60,1,S,5,W
307,878.92,1101.90,1,W,5,W
168,841.12,1115.50,1,S,5,E
178,853.74,1117.30,1,S,5,E
167,840.50,1121.34,1,S,5,N
170,844.26,1121.94,1,S,5,N
171,845.62,1122.24,1,S,5,N
172,846.23,1122.54,1,S,5,N
173,847.56,1122.84,1,S,5,N
176,851.96,1123.14,1,S,5,N
184,865.94,1123.74,1,S,5,N
185,867.17,1124.04,1,S,5,N
193,879.56,1124.34,1,S,5,N
306,877.28,1124.64,1,W,5,N
308,880.59,1124.94,1,W,5,N
309,896.45,1125.24,1,W,5,N
310,899.55,1125.54,1,W,5,N