id,enter_time,exit_time,entrance_intersection,entrance_direction,exit_intersection,exit_direction
487,12.07,66.44,5,W,5,N
488,28.36,66.74,5,W,5,N
489,29.25,67.04,5,W,5,N
490,45.00,67.34,5,W,5,N
491,45.80,67.64,5,W,5,N
492,47.33,67.94,5,W,5,N
493,49.21,68.24,5,W,5,N
494,51.38,68.54,5,W,5,N
495,58.41,68.84,5,W,5,N
496,59.05,69.14,5,W,5,N
497,60.13,69.44,5,W,5,N
498,60.19,69.74,5,W,5,N
499,61.92,70.04,5,W,5,N
500,63.91,70.05,5,W,5,N
501,73.10,79.24,5,W,5,N
626,47.75,80.44,5,E,5,N
2,50.26,100.70,1,S,1,W
627,97.25,103.39,5,E,5,N
366,24.37,112.57,2,W,3,E
5,56.48,114.10,1,S,1,E
424,24.57,131.27,3,W,5,N
453,1.05,131.27,3,E,5,N
454,20.88,131.57,3,E,5,N
455,22.13,131.87,3,E,5,N
425,76.53,132.17,3,W,5,E
457,73.77,135.54,3,E,5,N
186,2.75,137.07,1,W,3,W
190,41.75,138.27,1,W,3,E
3,50.74,139.62,1,S,2,W
304,1.94,139.77,1,E,3,W
6,58.35,140.52,1,S,2,E
12,136.80,150.93,1,S,1,E
502,75.37,166.34,5,W,5,N
503,76.70,166.64,5,W,5,N
504,79.54,166.94,5,W,5,N
505,94.46,167.24,5,W,5,N
506,94.61,167.54,5,W,5,N
507,97.39,167.84,5,W,5,N
508,103.70,168.14,5,W,5,N
509,104.35,168.44,5,W,5,N
510,106.26,168.74,5,W,5,N
511,113.43,169.04,5,W,5,N
512,114.40,169.34,5,W,5,N
513,115.13,169.64,5,W,5,N
514,116.18,169.94,5,W,5,N
515,123.93,170.24,5,W,5,N
516,131.79,170.54,5,W,5,N
517,132.51,170.84,5,W,5,N
518,133.30,171.14,5,W,5,N
519,139.69,171.44,5,W,5,N
520,153.39,171.74,5,W,5,N
521,154.90,172.04,5,W,5,N
522,156.18,172.34,5,W,5,N
523,157.19,172.64,5,W,5,N
524,158.83,172.94,5,W,5,N
525,166.80,173.24,5,W,5,N
526,168.00,174.14,5,W,5,N
628,102.66,180.34,5,E,5,N
629,148.94,180.64,5,E,5,N
630,154.36,180.94,5,E,5,N
631,159.81,181.24,5,E,5,N
632,160.25,181.54,5,E,5,N
633,161.19,181.84,5,E,5,N
634,162.90,182.14,5,E,5,N
635,191.13,197.27,5,E,5,N
636,192.78,198.92,5,E,5,N
456,72.42,200.10,3,E,5,W
7,97.53,200.20,1,S,3,E
367,49.52,200.40,2,W,5,W
8,128.94,200.50,1,S,2,W
369,72.49,200.70,2,W,5,W
188,12.20,201.00,1,W,5,W
11,136.41,201.10,1,S,1,W
189,37.87,201.30,1,W,5,W
19,156.63,201.40,1,S,1,W
191,43.51,201.60,1,W,5,W
305,3.19,201.90,1,E,5,W
203,103.65,204.10,1,W,2,W
14,139.17,213.90,1,S,1,E
16,144.86,214.50,1,S,1,E
310,54.79,220.90,1,E,5,E
399,21.16,222.24,2,E,5,N
400,51.36,222.54,2,E,5,N
368,61.09,222.84,2,W,5,N
370,81.45,223.14,2,W,5,N
371,87.78,223.44,2,W,5,N
401,95.26,223.74,2,E,5,N
0,7.77,224.04,1,S,5,N
1,8.66,224.34,1,S,5,N
187,11.54,224.64,1,W,5,N
192,44.74,224.94,1,W,5,N
193,53.54,225.24,1,W,5,N
194,56.60,225.54,1,W,5,N
306,25.16,225.84,1,E,5,N
307,34.13,226.14,1,E,5,N
308,35.80,226.44,1,E,5,N
309,36.93,226.74,1,E,5,N
311,81.31,227.34,1,E,5,N
312,93.13,227.64,1,E,5,N
426,128.17,231.07,3,W,5,N
428,134.62,231.67,3,W,5,N
196,73.64,238.07,1,W,3,W
201,101.95,239.57,1,W,3,W
459,192.76,254.53,3,E,5,N
527,178.13,266.24,5,W,5,N
528,180.74,266.54,5,W,5,N
529,182.40,266.84,5,W,5,N
530,184.32,267.14,5,W,5,N
531,186.26,267.44,5,W,5,N
532,204.36,267.74,5,W,5,N
533,207.18,268.04,5,W,5,N
534,220.35,268.34,5,W,5,N
535,221.88,268.64,5,W,5,N
536,222.47,268.94,5,W,5,N
537,237.91,269.24,5,W,5,N
538,238.27,269.54,5,W,5,N
539,241.00,269.84,5,W,5,N
540,246.52,270.14,5,W,5,N
541,247.90,270.44,5,W,5,N
542,257.33,270.74,5,W,5,N
637,236.15,280.24,5,E,5,N
638,256.82,280.54,5,E,5,N
17,146.95,300.00,1,S,3,W
458,133.15,300.00,3,E,5,W
427,130.62,300.30,3,W,5,W
429,155.44,300.60,3,W,5,W
430,177.05,300.90,3,W,5,W
461,199.33,301.20,3,E,5,W
24,200.38,301.50,1,S,1,W
372,123.34,301.50,2,W,5,W
28,255.75,301.80,1,S,1,W
402,136.64,301.80,2,E,5,W
32,260.94,302.10,1,S,1,W
373,135.31,302.10,2,W,5,W
9,134.45,302.40,1,S,5,W
13,136.80,302.70,1,S,5,W
195,72.00,303.00,1,W,5,W
197,75.49,303.30,1,W,5,W
198,91.78,303.60,1,W,5,W
199,94.27,303.90,1,W,5,W
202,103.39,304.20,1,W,5,W
205,106.19,304.50,1,W,5,W
320,242.57,304.80,1,E,2,W
211,145.83,304.80,1,W,5,W
213,153.95,305.10,1,W,5,W
314,152.03,305.40,1,E,5,W
315,154.74,305.70,1,E,5,W
35,294.19,308.33,1,S,1,W
36,296.04,310.17,1,S,1,W
38,297.19,311.32,1,S,1,W
404,223.09,312.77,2,E,3,W
460,198.06,316.00,3,E,5,E
375,170.08,316.90,2,W,5,E
10,135.33,317.80,1,S,5,E
207,134.64,319.00,1,W,5,E
45,307.96,322.09,1,S,1,E
4,56.21,322.44,1,S,5,N
374,165.02,322.74,2,W,5,N
403,182.01,323.34,2,E,5,N
376,185.05,323.64,2,W,5,N
200,101.43,324.24,1,W,5,N
204,104.83,324.54,1,W,5,N
206,125.35,324.84,1,W,5,N
208,135.38,325.44,1,W,5,N
209,141.52,325.74,1,W,5,N
210,144.49,326.04,1,W,5,N
212,152.27,326.34,1,W,5,N
214,155.14,326.64,1,W,5,N
313,123.08,326.94,1,E,5,N
316,160.45,327.24,1,E,5,N
317,174.78,327.54,1,E,5,N
431,203.53,330.87,3,W,5,N
463,245.92,331.17,3,E,5,N
433,255.02,331.47,3,W,5,N
464,247.04,331.47,3,E,5,N
434,259.41,331.77,3,W,5,N
435,260.07,332.07,3,W,5,N
466,289.81,351.58,3,E,5,N
543,275.22,366.14,5,W,5,N
544,276.87,366.44,5,W,5,N
545,278.59,366.74,5,W,5,N
546,309.68,367.04,5,W,5,N
547,310.74,367.34,5,W,5,N
548,312.32,367.64,5,W,5,N
549,323.11,367.94,5,W,5,N
550,335.88,368.24,5,W,5,N
639,309.11,380.14,5,E,5,N
640,380.35,386.49,5,E,5,N
641,387.35,393.49,5,E,5,N
26,253.53,399.80,1,S,3,W
462,201.23,399.90,3,E,5,W
432,254.97,400.20,3,W,5,W
465,248.73,400.50,3,E,5,W
436,287.11,400.80,3,W,5,W
467,290.87,401.10,3,E,5,W
18,152.79,401.40,1,S,5,W
34,293.33,401.60,1,S,3,W
20,158.44,401.70,1,S,5,W
378,270.79,402.00,2,W,5,W
217,187.12,402.30,1,W,5,W
40,303.18,402.50,1,S,3,W
220,196.64,402.60,1,W,5,W
222,221.37,402.90,1,W,5,W
223,231.65,403.20,1,W,5,W
224,241.31,403.50,1,W,5,W
226,258.55,403.80,1,W,5,W
318,214.30,404.10,1,E,5,W
319,223.95,404.40,1,E,5,W
321,288.40,406.22,1,E,5,W
408,348.72,413.17,2,E,3,E
409,364.13,413.47,2,E,3,E
221,198.58,419.20,1,W,5,E
225,256.95,419.50,1,W,5,E
15,140.15,422.04,1,S,5,N
21,163.52,422.34,1,S,5,N
22,197.19,422.64,1,S,5,N
23,198.21,422.94,1,S,5,N
377,269.35,423.24,2,W,5,N
405,271.99,423.54,2,E,5,N
406,288.29,423.84,2,E,5,N
215,170.95,424.14,1,W,5,N
216,171.77,424.44,1,W,5,N
218,193.40,424.74,1,W,5,N
219,195.09,425.04,1,W,5,N
468,324.62,430.67,3,E,5,N
437,352.23,430.67,3,W,5,N
469,366.79,430.97,3,E,5,N
470,367.86,431.27,3,E,5,N
233,338.85,441.57,1,W,3,E
73,427.88,442.01,1,S,1,E
74,428.09,442.23,1,S,1,E
75,428.85,442.98,1,S,1,E
322,307.41,443.07,1,E,3,E
551,378.62,466.04,5,W,5,N
552,379.43,466.34,5,W,5,N
553,390.02,466.64,5,W,5,N
554,391.80,466.94,5,W,5,N
555,394.15,467.24,5,W,5,N
556,396.02,467.54,5,W,5,N
557,397.63,467.84,5,W,5,N
558,397.96,468.14,5,W,5,N
559,399.74,468.44,5,W,5,N
560,401.13,468.74,5,W,5,N
561,401.31,469.04,5,W,5,N
562,402.89,469.34,5,W,5,N
563,403.69,469.64,5,W,5,N
564,410.70,469.94,5,W,5,N
565,427.52,470.24,5,W,5,N
566,427.59,470.54,5,W,5,N
567,428.69,470.84,5,W,5,N
568,435.03,471.14,5,W,5,N
569,436.43,471.44,5,W,5,N
570,439.05,471.74,5,W,5,N
571,439.93,472.04,5,W,5,N
572,464.55,472.34,5,W,5,N
642,439.77,480.04,5,E,5,N
643,441.37,480.34,5,E,5,N
644,445.09,480.64,5,E,5,N
53,353.78,499.30,1,S,3,W
27,254.38,499.80,1,S,5,W
29,256.22,500.10,1,S,5,W
30,258.23,500.40,1,S,5,W
407,314.44,500.70,2,E,5,W
379,310.14,501.00,2,W,5,W
381,357.14,501.30,2,W,5,W
42,305.57,501.60,1,S,5,W
43,305.61,501.90,1,S,5,W
44,305.92,502.20,1,S,5,W
59,408.96,502.30,1,S,1,W
46,308.77,502.50,1,S,5,W
65,414.84,502.60,1,S,1,W
49,314.58,502.80,1,S,5,W
70,421.87,502.90,1,S,1,W
50,315.36,503.10,1,S,5,W
72,424.64,503.20,1,S,1,W
51,322.37,503.40,1,S,5,W
79,438.27,503.50,1,S,1,W
227,281.93,503.70,1,W,5,W
80,439.11,503.80,1,S,1,W
229,302.59,504.00,1,W,5,W
84,485.02,504.10,1,S,1,W
232,325.61,504.30,1,W,5,W
87,490.89,505.02,1,S,1,W
247,436.92,507.70,1,W,2,W
250,465.18,508.60,1,W,2,W
325,427.09,509.20,1,E,2,W
383,401.10,512.97,2,W,3,W
31,260.16,516.10,1,S,5,E
380,324.79,517.60,2,W,5,E
47,311.54,518.20,1,S,5,E
25,245.79,521.94,1,S,5,N
33,261.52,522.54,1,S,5,N
37,296.77,522.84,1,S,5,N
39,300.07,523.14,1,S,5,N
41,304.49,523.44,1,S,5,N
382,388.79,524.04,2,W,5,N
48,313.11,524.64,1,S,5,N
52,322.61,524.94,1,S,5,N
228,301.30,525.24,1,W,5,N
230,304.02,525.54,1,W,5,N
231,305.20,525.84,1,W,5,N
234,339.50,526.14,1,W,5,N
235,343.43,526.44,1,W,5,N
334,500.55,526.67,1,E,2,E
236,358.46,526.74,1,W,5,N
237,359.08,527.04,1,W,5,N
323,346.71,527.34,1,E,5,N
471,423.88,530.47,3,E,5,N
439,474.05,535.82,3,W,5,N
472,475.94,537.71,3,E,5,N
328,436.47,546.17,1,E,3,W
573,477.40,565.94,5,W,5,N
574,478.69,566.24,5,W,5,N
575,486.35,566.54,5,W,5,N
576,494.34,566.84,5,W,5,N
577,502.23,567.14,5,W,5,N
578,504.91,567.44,5,W,5,N
579,505.78,567.74,5,W,5,N
580,546.49,568.04,5,W,5,N
581,547.55,568.34,5,W,5,N
582,558.00,568.64,5,W,5,N
583,566.33,572.47,5,W,5,N
584,567.29,573.42,5,W,5,N
645,512.15,579.94,5,E,5,N
646,554.43,580.24,5,E,5,N
647,566.07,580.54,5,E,5,N
83,443.09,599.70,1,S,3,E
324,400.21,599.70,1,E,5,W
438,410.87,600.00,3,W,5,W
440,476.03,600.30,3,W,5,W
54,356.43,600.60,1,S,5,W
57,401.67,600.90,1,S,5,W
412,464.24,601.20,2,E,5,W
60,411.26,601.50,1,S,5,W
62,413.66,601.80,1,S,5,W
77,431.32,602.10,1,S,5,W
78,433.05,602.40,1,S,5,W
239,379.82,602.70,1,W,5,W
90,533.98,602.70,1,S,1,W
242,405.63,603.00,1,W,5,W
91,534.50,603.00,1,S,1,W
245,429.19,603.30,1,W,5,W
104,583.41,603.30,1,S,1,W
248,440.14,603.60,1,W,5,W
251,466.32,603.90,1,W,5,W
326,430.57,604.20,1,E,5,W
327,434.05,604.50,1,E,5,W
332,482.38,604.80,1,E,5,W
414,526.43,613.37,2,E,3,W
100,542.06,616.70,1,S,1,E
411,426.93,616.90,2,E,5,E
102,581.11,617.30,1,S,1,E
106,592.57,618.20,1,S,1,E
58,407.34,618.40,1,S,5,E
240,389.20,621.70,1,W,5,E
55,399.90,621.84,1,S,5,N
56,399.90,622.14,1,S,5,N
410,410.91,622.44,2,E,5,N
384,404.34,622.74,2,W,5,N
385,416.72,623.34,2,W,5,N
386,439.34,623.64,2,W,5,N
387,451.61,623.94,2,W,5,N
388,466.03,624.24,2,W,5,N
61,413.34,624.84,1,S,5,N
473,528.51,625.00,3,E,5,E
63,413.89,625.14,1,S,5,N
64,414.02,625.44,1,S,5,N
66,417.45,625.74,1,S,5,N
67,418.32,626.04,1,S,5,N
68,418.34,626.34,1,S,5,N
69,419.89,626.64,1,S,5,N
71,423.37,626.94,1,S,5,N
76,430.04,627.24,1,S,5,N
238,369.97,627.54,1,W,5,N
241,396.63,628.14,1,W,5,N
243,426.69,628.44,1,W,5,N
244,427.47,628.74,1,W,5,N
246,430.32,629.04,1,W,5,N
249,454.98,629.34,1,W,5,N
329,440.60,629.64,1,E,5,N
330,449.05,629.94,1,E,5,N
331,468.41,630.24,1,E,5,N
333,493.15,630.54,1,E,5,N
441,532.26,630.84,3,W,5,N
475,592.13,653.90,3,E,5,N
585,575.08,665.84,5,W,5,N
586,575.29,666.14,5,W,5,N
587,594.23,666.44,5,W,5,N
588,594.91,666.74,5,W,5,N
589,597.38,667.04,5,W,5,N
590,598.15,667.34,5,W,5,N
591,599.67,667.64,5,W,5,N
592,600.96,667.94,5,W,5,N
593,603.78,668.24,5,W,5,N
594,614.25,668.54,5,W,5,N
595,615.72,668.84,5,W,5,N
596,617.42,669.14,5,W,5,N
597,619.25,669.44,5,W,5,N
598,620.58,669.74,5,W,5,N
599,621.87,670.04,5,W,5,N
600,622.71,670.34,5,W,5,N
601,624.88,670.64,5,W,5,N
602,624.93,670.94,5,W,5,N
603,627.22,671.24,5,W,5,N
604,630.21,671.54,5,W,5,N
605,632.10,671.84,5,W,5,N
606,652.00,672.14,5,W,5,N
607,653.27,672.44,5,W,5,N
648,634.38,679.84,5,E,5,N
649,686.75,692.88,5,E,5,N
442,555.67,699.60,3,W,5,W
474,582.17,699.90,3,E,5,W
390,581.68,700.20,2,W,5,W
92,535.39,700.50,1,S,5,W
93,536.02,700.80,1,S,5,W
95,538.53,701.10,1,S,5,W
253,507.79,701.40,1,W,5,W
256,553.06,701.70,1,W,5,W
335,520.13,702.00,1,E,5,W
337,566.01,702.30,1,E,5,W
338,578.14,702.60,1,E,5,W
339,582.33,702.90,1,E,5,W
109,635.33,703.10,1,S,1,W
115,646.10,703.40,1,S,1,W
119,650.27,703.70,1,S,1,W
124,689.03,704.00,1,S,1,W
126,689.10,704.30,1,S,1,W
271,663.51,705.80,1,W,2,W
417,664.82,713.47,2,E,3,W
94,538.16,718.30,1,S,5,E
81,439.41,721.74,1,S,5,N
82,439.96,722.04,1,S,5,N
85,488.08,722.34,1,S,5,N
86,490.41,722.64,1,S,5,N
88,493.09,722.94,1,S,5,N
89,495.83,723.24,1,S,5,N
413,506.83,723.54,2,E,5,N
389,553.08,723.84,2,W,5,N
415,576.12,724.14,2,E,5,N
252,483.13,724.74,1,W,5,N
254,532.70,725.04,1,W,5,N
255,533.58,725.34,1,W,5,N
336,537.06,725.64,1,E,5,N
443,606.33,730.07,3,W,5,N
444,659.33,730.37,3,W,5,N
478,655.97,730.67,3,E,5,N
445,674.48,736.25,3,W,5,N
260,600.55,738.57,1,W,3,W
270,655.85,741.57,1,W,3,W
116,647.39,743.22,1,S,2,E
123,687.37,745.02,1,S,2,E
137,736.14,750.28,1,S,1,E
608,682.99,765.74,5,W,5,N
609,683.66,766.04,5,W,5,N
610,684.43,766.34,5,W,5,N
611,686.20,766.64,5,W,5,N
612,712.68,766.94,5,W,5,N
613,748.35,767.24,5,W,5,N
614,754.84,767.54,5,W,5,N
650,715.14,779.74,5,E,5,N
651,716.76,780.04,5,E,5,N
652,725.59,780.34,5,E,5,N
653,772.72,780.64,5,E,5,N
654,792.82,798.96,5,E,5,N
112,640.96,799.00,1,S,3,W
476,600.61,799.50,3,E,5,W
477,614.94,799.80,3,E,5,W
479,666.81,800.10,3,E,5,W
96,539.89,800.40,1,S,5,W
97,540.02,800.70,1,S,5,W
121,652.03,800.80,1,S,3,W
101,542.34,801.00,1,S,5,W
392,691.88,801.30,2,W,5,W
259,597.43,801.60,1,W,5,W
261,602.29,801.90,1,W,5,W
264,621.86,802.20,1,W,5,W
265,624.28,802.50,1,W,5,W
268,648.62,802.80,1,W,5,W
343,637.58,803.10,1,E,5,W
143,742.97,803.50,1,S,1,W
146,756.21,803.80,1,S,1,W
277,686.22,806.20,1,W,2,W
285,746.87,808.60,1,W,2,W
346,692.67,810.49,1,E,5,W
99,541.41,816.10,1,S,5,E
107,594.38,817.00,1,S,5,E
152,793.97,819.30,1,S,1,E
153,795.20,819.60,1,S,1,E
269,654.83,820.30,1,W,5,E
340,601.46,821.64,1,E,5,N
98,540.44,821.94,1,S,5,N
103,582.68,822.54,1,S,5,N
105,590.85,822.84,1,S,5,N
416,615.83,823.44,2,E,5,N
391,681.31,823.74,2,W,5,N
108,633.45,824.04,1,S,5,N
396,788.08,824.16,2,W,3,E
110,636.16,824.34,1,S,5,N
257,578.24,824.64,1,W,5,N
258,596.05,824.94,1,W,5,N
262,611.71,825.24,1,W,5,N
263,614.89,825.54,1,W,5,N
266,642.90,825.84,1,W,5,N
267,644.75,826.14,1,W,5,N
341,604.20,826.74,1,E,5,N
342,622.40,827.04,1,E,5,N
344,653.66,827.34,1,E,5,N
345,666.12,827.64,1,E,5,N
347,698.14,827.94,1,E,5,N
446,727.86,829.87,3,W,5,N
480,726.52,829.87,3,E,5,N
447,729.60,830.17,3,W,5,N
481,760.22,830.17,3,E,5,N
448,741.05,830.47,3,W,5,N
482,767.18,830.47,3,E,5,N
163,818.37,832.51,1,S,1,E
166,822.13,836.27,1,S,1,E
128,723.75,837.47,1,S,3,E
170,826.04,840.17,1,S,1,E
140,740.17,842.42,1,S,2,W
148,758.00,844.22,1,S,2,E
284,731.60,844.37,1,W,3,E
483,783.12,844.89,3,E,5,N
348,730.09,845.87,1,E,3,E
352,775.51,847.07,1,E,3,E
615,783.40,865.64,5,W,5,N
616,784.63,865.94,5,W,5,N
617,786.40,866.24,5,W,5,N
618,788.36,866.54,5,W,5,N
619,789.33,866.84,5,W,5,N
620,826.22,867.14,5,W,5,N
621,834.86,867.44,5,W,5,N
622,859.15,867.74,5,W,5,N
623,869.32,875.45,5,W,5,N
655,860.17,879.64,5,E,5,N
656,861.47,879.94,5,E,5,N
657,875.75,881.89,5,E,5,N
111,639.91,899.40,1,S,5,W
117,648.16,899.70,1,S,5,W
120,650.55,900.00,1,S,5,W
147,756.79,900.30,1,S,3,E
125,689.03,900.30,1,S,5,W
393,725.56,900.60,2,W,5,W
395,774.19,900.90,2,W,5,W
131,731.51,901.20,1,S,5,W
132,731.89,901.50,1,S,5,W
134,733.60,901.80,1,S,5,W
135,734.14,902.10,1,S,5,W
273,678.20,902.40,1,W,5,W
281,721.35,902.70,1,W,5,W
351,764.48,903.00,1,E,5,W
353,783.13,903.01,1,E,5,W
354,785.07,903.31,1,E,5,W
658,897.61,903.75,5,E,5,N
178,881.21,903.90,1,S,1,W
165,820.40,904.20,1,S,2,W
355,786.52,904.35,1,E,5,W
171,830.54,905.40,1,S,2,E
292,810.72,906.60,1,W,2,W
133,733.30,918.70,1,S,5,E
182,886.18,919.40,1,S,1,E
113,642.11,921.54,1,S,5,N
114,644.56,921.84,1,S,5,N
118,649.66,922.14,1,S,5,N
122,686.86,922.44,1,S,5,N
418,712.93,922.74,2,E,5,N
419,751.58,923.04,2,E,5,N
394,761.45,923.34,2,W,5,N
420,797.46,923.64,2,E,5,N
127,723.24,923.94,1,S,5,N
129,725.03,924.24,1,S,5,N
130,725.70,924.54,1,S,5,N
365,898.47,924.59,1,E,2,W
136,734.19,925.14,1,S,5,N
138,736.82,925.44,1,S,5,N
139,737.73,925.74,1,S,5,N
272,676.96,926.04,1,W,5,N
274,681.54,926.34,1,W,5,N
275,683.32,926.64,1,W,5,N
276,684.79,926.94,1,W,5,N
278,695.62,927.24,1,W,5,N
279,697.15,927.54,1,W,5,N
280,720.22,927.84,1,W,5,N
282,730.41,928.14,1,W,5,N
283,730.54,928.44,1,W,5,N
286,748.06,928.74,1,W,5,N
287,748.90,929.04,1,W,5,N
288,766.88,929.34,1,W,5,N
349,734.04,929.64,1,E,5,N
350,737.70,929.94,1,E,5,N
449,800.66,930.24,3,W,5,N
485,855.49,930.54,3,E,5,N
450,875.25,937.02,3,W,5,N
160,812.84,939.07,1,S,3,E
451,880.75,942.52,3,W,5,N
298,861.61,944.47,1,W,3,E
361,813.01,945.67,1,E,3,W
452,890.64,946.27,3,W,5,E
486,896.80,958.57,3,E,5,N
624,893.26,965.54,5,W,5,N
625,895.10,965.84,5,W,5,N
659,899.12,979.54,5,E,5,N
172,870.63,998.30,1,S,3,W
173,873.70,998.60,1,S,3,W
175,877.07,999.20,1,S,3,W
356,796.44,999.30,1,E,5,W
357,797.51,999.60,1,E,5,W
484,836.22,999.90,3,E,5,W
149,758.83,1000.20,1,S,5,W
150,759.70,1000.50,1,S,5,W
181,885.94,1000.70,1,S,3,W
151,761.99,1000.80,1,S,5,W
421,812.83,1001.10,2,E,5,W
154,797.49,1001.40,1,S,5,W
156,801.61,1001.70,1,S,5,W
158,808.64,1002.00,1,S,5,W
161,814.75,1002.30,1,S,5,W
162,815.53,1002.60,1,S,5,W
168,823.65,1002.90,1,S,5,W
289,768.34,1003.20,1,W,5,W
291,804.72,1003.50,1,W,5,W
296,842.95,1003.80,1,W,5,W
297,844.66,1004.10,1,W,5,W
362,831.76,1004.40,1,E,5,W
364,876.02,1004.70,1,E,5,W
359,801.17,1015.60,1,E,5,E
164,819.32,1019.20,1,S,5,E
293,814.70,1020.40,1,W,5,E
358,800.98,1021.44,1,E,5,N
141,740.29,1022.04,1,S,5,N
142,742.23,1022.34,1,S,5,N
144,746.35,1022.64,1,S,5,N
145,753.48,1022.94,1,S,5,N
422,845.27,1023.24,2,E,5,N
423,859.77,1023.54,2,E,5,N
397,886.38,1023.84,2,W,5,N
398,899.32,1024.14,2,W,5,N
155,798.92,1024.44,1,S,5,N
157,807.14,1024.74,1,S,5,N
159,811.42,1025.04,1,S,5,N
167,823.10,1025.64,1,S,5,N
169,824.05,1025.94,1,S,5,N
290,783.23,1026.24,1,W,5,N
294,817.84,1026.84,1,W,5,N
295,818.29,1027.14,1,W,5,N
299,862.77,1027.44,1,W,5,N
300,864.18,1027.74,1,W,5,N
360,806.70,1028.04,1,E,5,N
363,849.08,1028.34,1,E,5,N
174,873.93,1099.20,1,S,5,W
177,879.46,1099.50,1,S,5,W
179,881.48,1099.80,1,S,5,W
176,877.88,1121.34,1,S,5,N
180,884.29,1121.64,1,S,5,N
183,886.26,1121.94,1,S,5,N
184,887.83,1122.24,1,S,5,N
185,890.94,1122.54,1,S,5,N
301,880.03,1122.84,1,W,5,N
302,886.81,1123.14,1,W,5,N
303,887.81,1123.44,1,W,5,N