id,enter_time,exit_time,entrance_intersection,entrance_direction,exit_intersection,exit_direction
490,1.68,66.44,5,W,5,N
491,16.87,66.74,5,W,5,N
492,18.92,67.04,5,W,5,N
493,21.77,67.34,5,W,5,N
494,32.21,67.64,5,W,5,N
495,33.58,67.94,5,W,5,N
496,49.21,68.24,5,W,5,N
497,51.17,68.54,5,W,5,N
498,52.20,68.84,5,W,5,N
499,53.54,69.14,5,W,5,N
500,68.30,74.43,5,W,5,N
501,69.71,75.85,5,W,5,N
502,70.62,76.76,5,W,5,N
503,72.99,79.12,5,W,5,N
504,73.13,79.27,5,W,5,N
629,8.95,80.44,5,E,5,N
630,10.55,80.74,5,E,5,N
631,78.93,85.07,5,E,5,N
3,37.97,100.70,1,S,1,W
9,44.61,101.00,1,S,1,W
15,49.56,101.30,1,S,1,W
20,56.12,101.60,1,S,1,W
22,56.98,101.90,1,S,1,W
419,17.46,131.27,3,W,5,N
420,17.92,131.57,3,W,5,N
451,57.76,131.57,3,E,5,N
422,48.20,132.17,3,W,5,N
198,64.08,139.17,1,W,3,W
294,28.93,140.07,1,E,3,W
295,45.31,140.37,1,E,3,E
505,74.58,166.34,5,W,5,N
506,86.75,166.64,5,W,5,N
507,87.16,166.94,5,W,5,N
508,88.20,167.24,5,W,5,N
509,123.54,167.54,5,W,5,N
510,123.61,167.84,5,W,5,N
511,124.61,168.14,5,W,5,N
512,126.87,168.44,5,W,5,N
513,127.06,168.74,5,W,5,N
514,163.86,170.00,5,W,5,N
515,165.29,171.43,5,W,5,N
516,165.83,171.97,5,W,5,N
517,166.93,173.07,5,W,5,N
518,168.34,174.48,5,W,5,N
519,171.41,177.55,5,W,5,N
632,120.52,180.34,5,E,5,N
633,121.04,180.64,5,E,5,N
634,121.91,180.94,5,E,5,N
635,174.21,181.24,5,E,5,N
636,175.77,181.90,5,E,5,N
450,1.07,200.10,3,E,5,W
421,18.83,200.40,3,W,5,W
395,38.06,200.70,2,E,5,W
396,71.16,201.00,2,E,5,W
2,35.22,201.30,1,S,5,W
292,2.89,201.60,1,E,5,W
293,25.66,201.90,1,E,5,W
38,188.33,202.47,1,S,1,W
205,145.75,204.40,1,W,2,W
43,195.19,209.33,1,S,1,W
302,188.08,214.19,1,E,2,W
298,90.94,219.70,1,E,5,E
452,98.38,222.24,3,E,5,N
366,78.18,222.54,2,W,5,N
0,34.18,222.84,1,S,5,N
1,35.07,223.14,1,S,5,N
192,18.57,223.44,1,W,5,N
193,28.03,223.74,1,W,5,N
194,37.19,224.04,1,W,5,N
195,38.60,224.34,1,W,5,N
196,38.71,224.64,1,W,5,N
197,46.02,224.94,1,W,5,N
296,46.51,225.24,1,E,5,N
297,89.51,225.54,1,E,5,N
453,109.35,231.07,3,E,5,N
423,122.61,231.07,3,W,5,N
454,144.85,231.37,3,E,5,N
424,181.98,243.75,3,W,5,N
520,178.74,266.24,5,W,5,N
521,180.73,266.54,5,W,5,N
522,203.55,266.84,5,W,5,N
523,205.54,267.14,5,W,5,N
524,207.10,267.44,5,W,5,N
525,207.88,267.74,5,W,5,N
526,209.30,268.04,5,W,5,N
527,211.02,268.34,5,W,5,N
528,217.46,268.64,5,W,5,N
529,218.86,268.94,5,W,5,N
530,220.76,269.24,5,W,5,N
531,221.80,269.54,5,W,5,N
532,223.74,269.84,5,W,5,N
533,241.68,270.14,5,W,5,N
534,243.01,270.44,5,W,5,N
535,243.22,270.74,5,W,5,N
536,243.63,271.04,5,W,5,N
537,245.67,271.34,5,W,5,N
538,247.56,271.64,5,W,5,N
539,249.29,271.94,5,W,5,N
540,251.36,272.24,5,W,5,N
541,252.11,272.54,5,W,5,N
542,253.20,272.84,5,W,5,N
637,246.20,280.24,5,E,5,N
638,252.61,280.54,5,E,5,N
455,194.97,300.00,3,E,5,W
4,39.37,300.30,1,S,5,W
5,41.27,300.60,1,S,5,W
6,42.34,300.90,1,S,5,W
8,43.15,301.20,1,S,5,W
45,227.17,301.50,1,S,1,W
10,45.23,301.50,1,S,5,W
49,231.44,301.80,1,S,1,W
13,47.11,301.80,1,S,5,W
50,233.23,302.10,1,S,1,W
14,48.07,302.10,1,S,5,W
53,272.46,302.40,1,S,1,W
19,54.89,302.40,1,S,5,W
54,275.90,302.70,1,S,1,W
21,56.94,302.70,1,S,5,W
56,278.36,303.00,1,S,1,W
367,166.51,303.00,2,W,5,W
57,279.45,303.30,1,S,1,W
397,114.26,303.30,2,E,5,W
398,154.47,303.60,2,E,5,W
399,177.65,303.90,2,E,5,W
30,109.70,304.20,1,S,5,W
200,100.89,304.50,1,W,5,W
52,266.77,314.30,1,S,1,E
309,289.98,316.10,1,E,2,W
199,89.44,320.50,1,W,5,E
7,42.80,322.14,1,S,5,N
11,46.72,322.44,1,S,5,N
12,46.78,322.74,1,S,5,N
16,51.29,323.04,1,S,5,N
17,52.86,323.34,1,S,5,N
18,53.23,323.64,1,S,5,N
23,58.93,323.94,1,S,5,N
24,99.96,324.24,1,S,5,N
25,101.87,324.54,1,S,5,N
26,101.95,324.84,1,S,5,N
27,106.97,325.14,1,S,5,N
28,108.13,325.44,1,S,5,N
29,108.95,325.74,1,S,5,N
429,243.61,325.93,3,W,5,E
31,112.25,326.04,1,S,5,N
32,113.87,326.34,1,S,5,N
201,110.07,326.94,1,W,5,N
202,111.05,327.24,1,W,5,N
203,125.79,327.54,1,W,5,N
204,129.63,327.84,1,W,5,N
206,147.34,328.14,1,W,5,N
207,148.51,328.44,1,W,5,N
208,150.02,328.74,1,W,5,N
299,104.15,329.04,1,E,5,N
300,152.61,329.34,1,E,5,N
301,179.12,329.64,1,E,5,N
457,222.92,331.17,3,E,5,N
426,236.79,331.17,3,W,5,N
427,240.24,331.47,3,W,5,N
458,224.86,331.47,3,E,5,N
459,259.66,331.77,3,E,5,N
431,263.18,332.67,3,W,5,N
209,169.80,338.17,1,W,3,W
543,282.63,366.14,5,W,5,N
544,283.41,366.44,5,W,5,N
545,284.75,366.74,5,W,5,N
546,285.96,367.04,5,W,5,N
547,286.50,367.34,5,W,5,N
548,286.88,367.64,5,W,5,N
549,302.45,367.94,5,W,5,N
550,303.33,368.24,5,W,5,N
551,342.14,368.54,5,W,5,N
552,345.00,368.84,5,W,5,N
553,352.03,369.14,5,W,5,N
554,354.18,369.44,5,W,5,N
555,356.70,369.74,5,W,5,N
556,358.49,370.04,5,W,5,N
557,365.73,371.86,5,W,5,N
558,366.51,372.64,5,W,5,N
559,366.88,373.02,5,W,5,N
639,317.90,380.14,5,E,5,N
640,366.06,380.44,5,E,5,N
641,371.00,380.74,5,E,5,N
456,212.31,399.90,3,E,5,W
425,233.22,400.20,3,W,5,W
428,243.06,400.50,3,W,5,W
460,261.34,400.80,3,E,5,W
430,245.92,401.10,3,W,5,W
33,147.57,401.40,1,S,5,W
34,150.02,401.70,1,S,5,W
72,366.90,401.90,1,S,1,W
36,186.56,402.00,1,S,5,W
39,190.16,402.30,1,S,5,W
42,194.53,402.60,1,S,5,W
368,203.28,402.90,2,W,5,W
400,205.77,403.20,2,E,5,W
370,238.01,403.50,2,W,5,W
372,253.98,403.80,2,W,5,W
44,225.28,404.10,1,S,5,W
47,231.00,404.40,1,S,5,W
51,236.68,404.70,1,S,5,W
213,198.36,405.00,1,W,5,W
216,213.35,405.30,1,W,5,W
217,216.62,405.60,1,W,5,W
219,218.51,405.90,1,W,5,W
221,240.26,406.20,1,W,5,W
223,245.27,406.50,1,W,5,W
303,238.42,406.80,1,E,5,W
310,292.87,410.70,1,E,5,W
402,303.38,412.87,2,E,3,W
376,335.23,413.17,2,W,3,W
74,403.97,418.11,1,S,1,E
46,228.33,418.60,1,S,5,E
35,184.77,422.04,1,S,5,N
37,187.02,422.34,1,S,5,N
40,192.02,422.64,1,S,5,N
41,193.37,422.94,1,S,5,N
401,255.27,423.24,2,E,5,N
369,224.66,423.54,2,W,5,N
371,252.94,423.84,2,W,5,N
373,265.03,424.14,2,W,5,N
374,291.00,424.44,2,W,5,N
82,410.58,424.72,1,S,1,E
48,231.16,425.04,1,S,5,N
210,189.61,425.34,1,W,5,N
211,195.31,425.64,1,W,5,N
212,196.90,425.94,1,W,5,N
466,353.91,426.03,3,E,5,E
214,206.30,426.24,1,W,5,N
215,212.00,426.54,1,W,5,N
218,217.45,426.84,1,W,5,N
220,238.54,427.14,1,W,5,N
222,241.76,427.44,1,W,5,N
224,250.97,427.74,1,W,5,N
304,241.49,428.04,1,E,5,N
305,256.45,428.34,1,E,5,N
306,267.40,428.64,1,E,5,N
307,273.09,428.94,1,E,5,N
308,283.38,429.24,1,E,5,N
311,296.61,429.54,1,E,5,N
432,337.82,430.67,3,W,5,N
461,320.90,430.67,3,E,5,N
462,329.93,430.97,3,E,5,N
463,336.55,431.27,3,E,5,N
464,350.98,431.57,3,E,5,N
467,355.72,432.47,3,E,5,N
468,363.50,432.77,3,E,5,N
69,327.03,438.87,1,S,3,E
229,321.84,440.37,1,W,3,W
316,350.25,442.47,1,E,3,W
560,383.74,466.04,5,W,5,N
561,384.68,466.34,5,W,5,N
562,386.27,466.64,5,W,5,N
563,389.16,466.94,5,W,5,N
564,391.80,467.24,5,W,5,N
565,436.17,467.54,5,W,5,N
566,443.29,467.84,5,W,5,N
567,444.59,468.14,5,W,5,N
568,446.30,468.44,5,W,5,N
642,419.00,480.04,5,E,5,N
643,448.81,480.34,5,E,5,N
644,455.79,480.64,5,E,5,N
645,478.59,484.72,5,E,5,N
646,479.15,485.29,5,E,5,N
647,485.89,492.02,5,E,5,N
465,352.61,499.80,3,E,5,W
55,277.24,500.10,1,S,5,W
58,280.63,500.40,1,S,5,W
59,286.00,500.70,1,S,5,W
61,290.14,501.00,1,S,5,W
405,378.60,501.30,2,E,5,W
62,321.73,501.60,1,S,5,W
63,322.84,501.90,1,S,5,W
225,273.86,502.20,1,W,5,W
77,406.36,502.30,1,S,1,W
233,376.47,502.30,1,W,2,W
226,280.23,502.50,1,W,5,W
78,406.39,502.60,1,S,1,W
227,299.66,502.80,1,W,5,W
81,410.35,502.90,1,S,1,W
228,320.10,503.10,1,W,5,W
87,451.16,503.20,1,S,1,W
231,348.57,503.40,1,W,5,W
90,458.81,503.50,1,S,1,W
312,317.25,503.70,1,E,5,W
84,447.42,515.40,1,S,1,E
85,449.24,515.70,1,S,1,E
66,326.44,517.90,1,S,5,E
97,501.46,518.70,1,S,1,E
101,503.74,519.60,1,S,1,E
315,346.80,519.70,1,E,5,E
318,356.18,520.30,1,E,5,E
60,287.23,521.94,1,S,5,N
375,328.53,522.24,2,W,5,N
403,330.34,522.54,2,E,5,N
377,342.68,522.84,2,W,5,N
404,353.36,523.14,2,E,5,N
64,323.86,523.44,1,S,5,N
65,325.68,523.74,1,S,5,N
67,326.47,524.34,1,S,5,N
68,326.74,524.64,1,S,5,N
230,323.48,524.94,1,W,5,N
313,319.60,525.24,1,E,5,N
314,337.71,525.54,1,E,5,N
317,355.80,526.14,1,E,5,N
319,382.32,526.74,1,E,5,N
111,512.64,526.78,1,S,1,E
433,406.97,530.47,3,W,5,N
469,413.51,530.47,3,E,5,N
472,461.35,531.37,3,E,5,N
79,407.60,537.47,1,S,3,E
238,409.81,539.87,1,W,3,E
322,407.88,542.57,1,E,3,E
323,410.27,542.87,1,E,3,W
569,479.69,565.94,5,W,5,N
570,508.87,566.24,5,W,5,N
571,521.42,566.54,5,W,5,N
572,523.18,566.84,5,W,5,N
573,549.39,567.14,5,W,5,N
574,562.25,568.39,5,W,5,N
575,570.07,576.20,5,W,5,N
648,502.28,579.94,5,E,5,N
649,509.06,580.24,5,E,5,N
650,578.80,584.93,5,E,5,N
651,585.75,591.89,5,E,5,N
652,593.45,599.59,5,E,5,N
470,451.04,599.70,3,E,5,W
434,414.32,600.00,3,W,5,W
471,452.92,600.30,3,E,5,W
435,480.71,600.60,3,W,5,W
378,438.96,600.90,2,W,5,W
406,404.30,601.20,2,E,5,W
380,477.58,601.50,2,W,5,W
381,492.47,601.80,2,W,5,W
80,408.88,602.10,1,S,5,W
105,505.93,602.10,1,S,2,E
232,369.25,602.40,1,W,5,W
653,596.37,602.51,5,E,5,N
235,392.99,602.70,1,W,5,W
99,502.28,602.70,1,S,1,W
239,432.54,603.00,1,W,5,W
106,506.60,603.00,1,S,1,W
240,433.75,603.30,1,W,5,W
109,511.43,603.30,1,S,1,W
321,403.39,603.60,1,E,5,W
113,514.27,603.60,1,S,2,W
116,517.49,603.60,1,S,1,W
324,411.92,603.90,1,E,5,W
114,516.00,603.90,1,S,2,W
121,556.75,603.90,1,S,1,W
325,456.33,604.20,1,E,5,W
122,557.82,604.20,1,S,1,W
326,465.10,604.50,1,E,5,W
117,518.30,604.50,1,S,2,E
123,559.76,604.50,1,S,1,W
251,537.65,606.90,1,W,2,E
332,535.32,608.10,1,E,2,W
128,596.64,610.77,1,S,1,W
409,546.85,613.07,2,E,3,E
127,596.57,617.00,1,S,1,E
131,600.83,617.60,1,S,1,E
136,605.71,619.85,1,S,1,E
70,364.20,621.84,1,S,5,N
71,365.34,622.14,1,S,5,N
73,367.90,622.44,1,S,5,N
407,453.72,622.74,2,E,5,N
379,449.77,623.04,2,W,5,N
408,499.88,623.34,2,E,5,N
75,405.77,623.64,1,S,5,N
76,406.31,623.94,1,S,5,N
234,391.77,624.24,1,W,5,N
236,402.13,624.54,1,W,5,N
237,403.21,624.84,1,W,5,N
241,443.44,625.14,1,W,5,N
242,446.63,625.44,1,W,5,N
243,450.12,625.74,1,W,5,N
244,453.22,626.04,1,W,5,N
320,402.13,626.34,1,E,5,N
327,471.14,626.64,1,E,5,N
328,476.84,626.94,1,E,5,N
329,495.63,627.24,1,E,5,N
473,517.03,630.27,3,E,5,N
437,552.95,630.57,3,W,5,N
474,564.83,630.57,3,E,5,N
475,566.53,630.87,3,E,5,N
248,519.90,642.07,1,W,3,W
331,508.73,643.87,1,E,3,E
576,576.49,665.84,5,W,5,N
577,579.05,666.14,5,W,5,N
578,580.78,666.44,5,W,5,N
579,587.86,666.74,5,W,5,N
580,590.78,667.04,5,W,5,N
581,592.74,667.34,5,W,5,N
582,600.44,667.64,5,W,5,N
583,602.80,667.94,5,W,5,N
584,612.62,668.24,5,W,5,N
585,614.01,668.54,5,W,5,N
586,622.80,668.84,5,W,5,N
587,623.50,669.14,5,W,5,N
588,624.78,669.44,5,W,5,N
589,632.75,669.74,5,W,5,N
590,635.02,670.04,5,W,5,N
591,645.09,670.34,5,W,5,N
654,640.10,679.84,5,E,5,N
436,549.72,699.60,3,W,5,W
438,554.16,699.90,3,W,5,W
476,574.99,700.20,3,E,5,W
86,449.54,700.50,1,S,5,W
88,451.72,700.80,1,S,5,W
92,486.80,701.10,1,S,5,W
95,492.37,701.40,1,S,5,W
96,499.47,701.70,1,S,5,W
100,502.99,702.00,1,S,5,W
103,505.14,702.30,1,S,5,W
104,505.16,702.60,1,S,5,W
245,467.46,702.90,1,W,5,W
130,599.57,703.10,1,S,1,W
252,552.57,703.20,1,W,5,W
134,603.43,703.40,1,S,1,W
330,506.07,703.50,1,E,5,W
139,610.37,703.70,1,S,1,W
333,540.71,703.80,1,E,5,W
140,643.22,704.00,1,S,1,W
334,571.04,704.10,1,E,5,W
262,664.92,704.30,1,W,2,E
145,647.52,704.30,1,S,1,W
335,590.70,708.53,1,E,5,W
151,694.85,708.99,1,S,1,W
385,627.51,713.47,2,W,3,W
93,488.07,716.50,1,S,5,E
150,694.48,718.30,1,S,1,E
83,445.57,721.74,1,S,5,N
89,453.23,722.04,1,S,5,N
91,486.29,722.34,1,S,5,N
94,488.50,722.94,1,S,5,N
98,501.65,723.24,1,S,5,N
382,529.48,723.54,2,W,5,N
383,536.66,723.84,2,W,5,N
439,608.98,723.93,3,W,5,E
410,595.86,724.14,2,E,5,N
102,504.52,724.44,1,S,5,N
107,508.55,724.74,1,S,5,N
108,509.80,725.04,1,S,5,N
110,512.28,725.34,1,S,5,N
112,514.23,725.64,1,S,5,N
115,516.03,725.94,1,S,5,N
118,523.63,726.24,1,S,5,N
246,488.97,726.54,1,W,5,N
247,505.70,726.84,1,W,5,N
249,529.51,727.14,1,W,5,N
250,536.13,727.44,1,W,5,N
336,591.77,727.74,1,E,5,N
477,625.81,730.07,3,E,5,N
440,609.70,730.37,3,W,5,N
441,632.00,730.67,3,W,5,N
479,673.02,734.79,3,E,5,N
148,691.86,743.82,1,S,2,W
350,692.49,754.68,1,E,3,W
592,674.18,765.74,5,W,5,N
593,675.74,766.04,5,W,5,N
594,677.35,766.34,5,W,5,N
595,678.98,766.64,5,W,5,N
596,680.40,766.94,5,W,5,N
597,695.59,767.24,5,W,5,N
598,698.48,767.54,5,W,5,N
599,708.59,767.84,5,W,5,N
600,752.22,768.14,5,W,5,N
601,755.16,768.44,5,W,5,N
602,767.37,773.51,5,W,5,N
603,768.71,774.85,5,W,5,N
604,770.06,776.20,5,W,5,N
605,771.63,777.76,5,W,5,N
655,707.19,779.74,5,E,5,N
656,711.65,780.04,5,E,5,N
657,720.57,780.34,5,E,5,N
658,726.49,780.64,5,E,5,N
659,727.20,780.94,5,E,5,N
660,729.31,781.24,5,E,5,N
661,734.12,781.54,5,E,5,N
662,737.69,781.84,5,E,5,N
663,737.94,782.14,5,E,5,N
664,739.27,782.44,5,E,5,N
478,664.88,799.50,3,E,5,W
120,556.69,799.80,1,S,5,W
124,561.39,800.10,1,S,5,W
126,565.07,800.40,1,S,5,W
132,601.38,800.70,1,S,5,W
384,618.14,801.00,2,W,5,W
138,609.03,801.30,1,S,5,W
254,592.94,801.60,1,W,5,W
263,680.93,801.70,1,W,2,W
256,611.07,801.90,1,W,5,W
258,629.37,802.20,1,W,5,W
338,611.43,802.50,1,E,5,W
345,676.03,802.80,1,E,5,W
267,716.44,802.90,1,W,2,W
347,682.24,803.10,1,E,5,W
152,730.79,803.50,1,S,1,W
155,734.04,803.80,1,S,1,W
156,739.72,804.10,1,S,1,W
272,747.28,804.40,1,W,2,E
157,740.48,804.40,1,S,1,W
163,746.16,804.70,1,S,1,W
164,746.17,805.00,1,S,1,W
167,748.82,805.30,1,S,1,W
170,757.87,805.60,1,S,1,W
158,741.75,816.30,1,S,1,E
171,758.95,819.00,1,S,1,E
261,661.74,819.40,1,W,5,E
340,638.64,820.30,1,E,5,E
176,802.36,820.50,1,S,1,E
119,555.33,821.64,1,S,5,N
125,563.10,821.94,1,S,5,N
348,684.00,822.10,1,E,5,E
129,598.35,822.24,1,S,5,N
349,687.47,822.40,1,E,5,E
133,601.98,822.54,1,S,5,N
135,604.84,822.84,1,S,5,N
411,634.44,823.14,2,E,5,N
412,677.35,823.44,2,E,5,N
137,608.21,823.74,1,S,5,N
253,573.45,824.04,1,W,5,N
255,609.26,824.34,1,W,5,N
483,732.15,824.63,3,E,5,E
257,615.03,824.64,1,W,5,N
259,630.78,824.94,1,W,5,N
260,644.98,825.24,1,W,5,N
337,603.06,825.84,1,E,5,N
339,620.07,826.14,1,E,5,N
341,638.77,826.74,1,E,5,N
342,640.92,827.04,1,E,5,N
343,658.16,827.34,1,E,5,N
344,675.71,827.64,1,E,5,N
346,676.79,827.94,1,E,5,N
480,722.09,829.87,3,E,5,N
442,698.85,829.87,3,W,5,N
481,723.18,830.17,3,E,5,N
443,699.24,830.17,3,W,5,N
482,724.28,830.47,3,E,5,N
445,778.97,840.74,3,W,5,N
353,740.68,841.67,1,E,3,W
168,749.93,844.52,1,S,2,W
446,791.48,853.25,3,W,5,N
606,774.25,865.64,5,W,5,N
607,775.31,865.94,5,W,5,N
608,776.88,866.24,5,W,5,N
609,777.99,866.54,5,W,5,N
610,779.71,866.84,5,W,5,N
611,781.12,867.14,5,W,5,N
612,783.10,867.44,5,W,5,N
613,784.21,867.74,5,W,5,N
614,785.98,868.04,5,W,5,N
615,793.14,868.34,5,W,5,N
616,794.85,868.64,5,W,5,N
617,821.71,868.94,5,W,5,N
618,823.70,869.24,5,W,5,N
619,830.86,869.54,5,W,5,N
620,838.48,869.84,5,W,5,N
621,838.58,870.14,5,W,5,N
622,840.19,870.44,5,W,5,N
623,847.85,870.74,5,W,5,N
624,862.19,871.04,5,W,5,N
625,872.35,878.49,5,W,5,N
665,804.90,879.64,5,E,5,N
666,872.72,879.94,5,E,5,N
667,874.66,880.80,5,E,5,N
444,719.39,899.40,3,W,5,W
484,772.68,899.70,3,E,5,W
141,644.59,900.00,1,S,5,W
142,645.77,900.30,1,S,5,W
149,693.37,900.60,1,S,5,W
413,720.42,900.90,2,E,5,W
414,766.38,901.20,2,E,5,W
388,783.41,901.50,2,W,5,W
389,796.01,901.80,2,W,5,W
153,731.75,902.10,1,S,5,W
265,689.02,902.40,1,W,5,W
266,696.13,902.70,1,W,5,W
271,745.30,903.00,1,W,5,W
273,753.01,903.30,1,W,5,W
352,728.24,903.60,1,E,5,W
354,750.70,903.90,1,E,5,W
178,808.06,903.90,1,S,1,W
279,792.79,904.20,1,W,2,W
189,894.05,908.19,1,S,1,W
390,806.77,913.37,2,W,3,E
143,646.74,921.54,1,S,5,N
144,647.15,921.84,1,S,5,N
146,686.48,922.14,1,S,5,N
418,886.08,922.15,2,E,3,W
147,690.08,922.44,1,S,5,N
386,711.53,922.74,2,W,5,N
387,744.97,923.04,2,W,5,N
154,732.78,923.34,1,S,5,N
485,816.89,923.53,3,E,5,E
264,687.27,923.64,1,W,5,N
268,719.70,923.94,1,W,5,N
269,734.53,924.24,1,W,5,N
270,737.96,924.54,1,W,5,N
351,702.94,924.84,1,E,5,N
355,783.88,925.14,1,E,5,N
486,825.69,929.97,3,E,5,N
488,867.01,930.57,3,E,5,N
489,876.77,938.54,3,E,5,N
187,892.11,944.92,1,S,2,W
188,892.63,945.22,1,S,2,W
364,868.22,945.37,1,E,3,E
626,894.87,965.54,5,W,5,N
627,896.65,965.84,5,W,5,N
628,897.70,966.14,5,W,5,N
356,794.25,999.30,1,E,5,W
184,888.52,999.50,1,S,3,E
447,845.92,999.60,3,W,5,W
448,850.60,999.90,3,W,5,W
487,865.46,1000.20,3,E,5,W
449,870.74,1000.50,3,W,5,W
159,742.57,1000.80,1,S,5,W
161,745.00,1001.10,1,S,5,W
165,746.94,1001.40,1,S,5,W
289,887.17,1001.60,1,W,2,E
169,750.20,1001.70,1,S,5,W
391,816.09,1002.00,2,W,5,W
274,769.13,1002.30,1,W,5,W
281,824.71,1002.60,1,W,5,W
283,827.43,1002.90,1,W,5,W
287,865.02,1003.20,1,W,5,W
358,813.52,1003.50,1,E,5,W
360,834.46,1003.80,1,E,5,W
361,856.17,1004.10,1,E,5,W
362,858.60,1004.40,1,E,5,W
392,844.16,1017.10,2,W,5,E
177,807.36,1019.20,1,S,5,E
160,743.30,1021.44,1,S,5,N
162,745.97,1021.74,1,S,5,N
166,748.53,1022.04,1,S,5,N
172,760.02,1022.34,1,S,5,N
415,813.05,1022.64,2,E,5,N
416,824.14,1022.94,2,E,5,N
417,871.06,1023.54,2,E,5,N
393,881.19,1023.84,2,W,5,N
394,885.00,1024.14,2,W,5,N
173,764.57,1024.44,1,S,5,N
174,764.81,1024.74,1,S,5,N
175,801.07,1025.04,1,S,5,N
179,808.91,1025.64,1,S,5,N
275,771.05,1025.94,1,W,5,N
276,772.19,1026.24,1,W,5,N
277,775.94,1026.54,1,W,5,N
278,790.79,1026.84,1,W,5,N
280,818.51,1027.14,1,W,5,N
282,825.65,1027.44,1,W,5,N
284,843.76,1027.74,1,W,5,N
285,859.47,1028.04,1,W,5,N
286,863.28,1028.34,1,W,5,N
288,866.97,1028.64,1,W,5,N
357,812.08,1028.94,1,E,5,N
359,816.76,1029.24,1,E,5,N
363,865.38,1029.54,1,E,5,N
365,887.12,1029.84,1,E,5,N
185,890.13,1099.20,1,S,5,W
190,894.53,1099.50,1,S,5,W
191,895.17,1099.80,1,S,5,W
181,884.79,1115.50,1,S,5,E
182,886.19,1115.80,1,S,5,E
180,850.49,1121.34,1,S,5,N
183,886.84,1122.24,1,S,5,N
186,890.78,1122.54,1,S,5,N
290,890.70,1122.84,1,W,5,N
291,897.91,1123.14,1,W,5,N