id,enter_time,exit_time,entrance_intersection,entrance_direction,exit_intersection,exit_direction
427,10.09,66.44,5,W,5,N
428,12.08,66.74,5,W,5,N
429,27.16,67.04,5,W,5,N
430,29.10,67.34,5,W,5,N
431,39.89,67.64,5,W,5,N
432,47.13,67.94,5,W,5,N
433,47.33,68.24,5,W,5,N
434,50.62,68.54,5,W,5,N
435,51.92,68.84,5,W,5,N
436,53.53,69.14,5,W,5,N
437,55.30,69.44,5,W,5,N
438,56.86,69.74,5,W,5,N
439,58.52,70.04,5,W,5,N
440,59.15,70.34,5,W,5,N
441,60.89,70.64,5,W,5,N
442,67.23,73.37,5,W,5,N
443,67.34,73.48,5,W,5,N
444,68.60,74.74,5,W,5,N
570,45.26,80.44,5,E,5,N
571,51.07,80.74,5,E,5,N
572,73.73,81.04,5,E,5,N
13,83.73,100.70,1,S,1,W
573,97.82,103.96,5,E,5,N
17,90.08,104.21,1,S,1,W
11,81.71,116.50,1,S,1,E
18,91.15,118.00,1,S,1,E
384,52.42,131.27,3,E,5,N
20,123.76,137.90,1,S,1,E
12,81.76,142.92,1,S,2,W
385,89.25,151.02,3,E,5,N
445,77.50,166.34,5,W,5,N
446,78.62,166.64,5,W,5,N
447,89.42,166.94,5,W,5,N
448,91.12,167.24,5,W,5,N
449,91.16,167.54,5,W,5,N
450,92.90,167.84,5,W,5,N
451,94.81,168.14,5,W,5,N
452,97.44,168.44,5,W,5,N
453,99.71,168.74,5,W,5,N
454,102.67,169.04,5,W,5,N
455,103.72,169.34,5,W,5,N
456,103.86,169.64,5,W,5,N
457,104.44,169.94,5,W,5,N
458,104.50,170.24,5,W,5,N
459,105.65,170.54,5,W,5,N
460,108.39,170.84,5,W,5,N
461,110.20,171.14,5,W,5,N
462,118.70,171.44,5,W,5,N
463,119.77,171.74,5,W,5,N
464,120.96,172.04,5,W,5,N
465,122.74,172.34,5,W,5,N
466,152.29,172.64,5,W,5,N
467,154.22,172.94,5,W,5,N
468,164.36,173.24,5,W,5,N
574,107.29,180.34,5,E,5,N
575,107.95,180.64,5,E,5,N
576,109.50,180.94,5,E,5,N
577,117.72,181.24,5,E,5,N
578,166.35,181.54,5,E,5,N
361,13.48,200.10,3,W,5,W
362,24.57,200.40,3,W,5,W
363,80.16,200.70,3,W,5,W
21,124.01,200.80,1,S,2,E
0,1.87,201.00,1,S,5,W
22,125.12,201.10,1,S,1,W
302,6.00,201.30,2,W,5,W
24,127.04,201.40,1,S,1,W
6,73.42,201.40,1,S,3,W
303,15.20,201.60,2,W,5,W
25,127.38,201.70,1,S,1,W
305,82.71,201.90,2,W,5,W
27,130.55,202.00,1,S,1,W
101,7.50,202.20,1,W,5,W
29,163.64,202.30,1,S,1,W
105,47.79,202.50,1,W,5,W
31,165.77,202.60,1,S,1,W
247,10.08,202.80,1,E,5,W
251,53.01,203.10,1,E,5,W
114,96.84,203.20,1,W,2,W
252,71.13,203.40,1,E,5,W
117,105.35,204.10,1,W,2,W
254,91.12,208.94,1,E,5,W
255,93.32,211.14,1,E,5,W
32,166.97,214.50,1,S,1,E
106,49.49,219.10,1,W,5,E
253,72.87,220.90,1,E,5,E
337,27.58,222.24,2,E,5,N
338,60.50,222.54,2,E,5,N
304,50.10,222.84,2,W,5,N
339,80.47,223.14,2,E,5,N
98,1.63,223.44,1,W,5,N
99,2.74,223.74,1,W,5,N
100,4.41,224.04,1,W,5,N
102,20.23,224.34,1,W,5,N
103,23.74,224.64,1,W,5,N
104,25.12,224.94,1,W,5,N
387,164.20,225.23,3,E,5,E
107,52.61,225.54,1,W,5,N
108,54.31,225.84,1,W,5,N
248,38.85,226.14,1,E,5,N
249,40.48,226.44,1,E,5,N
250,42.32,226.74,1,E,5,N
388,171.19,226.82,3,E,5,E
364,107.38,231.07,3,W,5,N
386,105.26,231.07,3,E,5,N
365,162.67,231.37,3,W,5,N
389,172.80,234.57,3,E,5,N
110,67.38,238.07,1,W,3,W
30,164.91,240.32,1,S,2,W
390,182.69,244.46,3,E,5,N
257,138.02,244.97,1,E,3,E
469,177.32,266.24,5,W,5,N
470,185.46,266.54,5,W,5,N
471,186.99,266.84,5,W,5,N
472,197.70,267.14,5,W,5,N
473,198.92,267.44,5,W,5,N
474,206.00,267.74,5,W,5,N
475,207.48,268.04,5,W,5,N
476,208.11,268.34,5,W,5,N
477,208.46,268.64,5,W,5,N
478,209.76,268.94,5,W,5,N
479,211.04,269.24,5,W,5,N
480,221.29,269.54,5,W,5,N
481,233.77,269.84,5,W,5,N
482,233.84,270.14,5,W,5,N
483,234.58,270.44,5,W,5,N
484,234.64,270.74,5,W,5,N
485,236.12,271.04,5,W,5,N
486,238.14,271.34,5,W,5,N
487,239.28,271.64,5,W,5,N
488,240.43,271.94,5,W,5,N
489,241.57,272.24,5,W,5,N
579,214.71,280.24,5,E,5,N
580,242.24,280.54,5,E,5,N
391,188.56,300.00,3,E,5,W
4,47.33,300.30,1,S,5,W
5,72.69,300.60,1,S,5,W
7,75.38,300.90,1,S,5,W
9,79.94,301.20,1,S,5,W
581,295.34,301.48,5,E,5,N
35,203.46,301.50,1,S,1,W
10,80.11,301.50,1,S,5,W
40,210.03,301.80,1,S,1,W
14,87.01,301.80,1,S,5,W
340,125.85,302.10,2,E,5,W
307,122.27,302.40,2,W,5,W
342,165.56,302.70,2,E,5,W
309,137.08,303.00,2,W,5,W
19,122.12,303.30,1,S,5,W
111,82.70,303.60,1,W,5,W
115,103.19,303.90,1,W,5,W
116,104.24,304.20,1,W,5,W
120,125.43,304.50,1,W,5,W
121,127.27,304.80,1,W,5,W
123,130.25,305.10,1,W,5,W
125,132.01,305.40,1,W,5,W
126,151.16,305.70,1,W,5,W
128,157.75,306.00,1,W,5,W
129,159.27,306.30,1,W,5,W
130,161.24,306.60,1,W,5,W
259,157.96,306.90,1,E,5,W
150,258.48,307.80,1,W,2,W
312,268.11,313.07,2,W,3,W
313,276.63,313.37,2,W,3,E
345,281.13,317.20,2,E,3,E
308,132.56,318.40,2,W,5,E
122,129.13,321.40,1,W,5,E
1,40.01,322.14,1,S,5,N
2,40.44,322.44,1,S,5,N
3,41.50,322.74,1,S,5,N
8,78.70,323.04,1,S,5,N
15,88.64,323.34,1,S,5,N
16,88.70,323.64,1,S,5,N
306,109.90,323.94,2,W,5,N
341,141.40,324.24,2,E,5,N
310,150.74,324.84,2,W,5,N
343,191.02,325.14,2,E,5,N
23,125.84,325.44,1,S,5,N
26,129.24,325.74,1,S,5,N
109,65.50,326.04,1,W,5,N
112,84.22,326.34,1,W,5,N
113,87.75,326.64,1,W,5,N
118,107.33,326.94,1,W,5,N
119,124.24,327.24,1,W,5,N
124,132.01,327.84,1,W,5,N
127,154.43,328.14,1,W,5,N
131,162.70,328.44,1,W,5,N
256,110.79,328.74,1,E,5,N
258,148.16,329.04,1,E,5,N
260,161.08,329.34,1,E,5,N
261,182.37,329.64,1,E,5,N
262,192.49,329.94,1,E,5,N
393,267.81,331.17,3,E,5,N
36,207.13,336.67,1,S,3,W
144,229.10,342.07,1,W,3,E
367,282.94,344.71,3,W,5,N
490,279.31,366.14,5,W,5,N
491,282.08,366.44,5,W,5,N
492,292.77,366.74,5,W,5,N
493,293.36,367.04,5,W,5,N
494,296.25,367.34,5,W,5,N
495,296.81,367.64,5,W,5,N
496,298.54,367.94,5,W,5,N
497,300.82,368.24,5,W,5,N
498,304.09,368.54,5,W,5,N
499,317.46,368.84,5,W,5,N
500,333.00,369.14,5,W,5,N
501,351.54,369.44,5,W,5,N
502,353.15,369.74,5,W,5,N
503,353.91,370.04,5,W,5,N
504,363.45,370.34,5,W,5,N
505,371.71,377.85,5,W,5,N
582,299.94,380.14,5,E,5,N
583,368.28,380.44,5,E,5,N
584,385.41,391.55,5,E,5,N
392,231.76,399.90,3,E,5,W
366,232.52,400.20,3,W,5,W
394,269.58,400.50,3,E,5,W
368,285.83,400.80,3,W,5,W
52,324.64,401.00,1,S,2,W
369,288.33,401.10,3,W,5,W
28,163.54,401.40,1,S,5,W
34,170.48,401.70,1,S,5,W
50,323.21,401.90,1,S,1,W
344,236.93,402.00,2,E,5,W
55,371.48,402.20,1,S,1,W
311,232.22,402.30,2,W,5,W
56,372.43,402.50,1,S,1,W
156,301.50,402.50,1,W,2,W
41,217.04,402.60,1,S,5,W
157,304.84,402.80,1,W,2,W
134,184.44,402.90,1,W,5,W
140,216.54,403.20,1,W,5,W
143,226.80,403.50,1,W,5,W
146,244.89,403.80,1,W,5,W
167,352.60,405.80,1,W,2,W
316,317.27,413.17,2,W,3,W
57,373.96,415.30,1,S,1,E
136,192.81,418.60,1,W,5,E
141,217.59,419.80,1,W,5,E
33,169.88,422.04,1,S,5,N
314,290.08,422.34,2,W,5,N
265,240.73,422.50,1,E,5,E
37,207.23,422.64,1,S,5,N
266,286.13,422.80,1,E,5,E
38,208.33,422.94,1,S,5,N
39,208.67,423.24,1,S,5,N
42,217.98,423.54,1,S,5,N
132,179.22,423.84,1,W,5,N
133,182.65,424.14,1,W,5,N
135,185.54,424.44,1,W,5,N
396,316.54,424.83,3,E,5,E
137,202.06,425.04,1,W,5,N
138,205.88,425.34,1,W,5,N
139,214.98,425.64,1,W,5,N
142,224.92,426.24,1,W,5,N
145,230.54,426.54,1,W,5,N
147,246.08,426.84,1,W,5,N
148,246.93,427.14,1,W,5,N
149,248.69,427.44,1,W,5,N
151,259.88,427.74,1,W,5,N
263,221.96,428.04,1,E,5,N
264,224.22,428.34,1,E,5,N
60,416.47,430.61,1,S,1,E
395,315.52,430.67,3,E,5,N
370,308.58,430.67,3,W,5,N
371,329.67,430.97,3,W,5,N
372,333.43,431.27,3,W,5,N
397,318.53,431.27,3,E,5,N
398,358.94,431.57,3,E,5,N
373,388.41,450.18,3,W,5,N
506,382.57,466.04,5,W,5,N
507,383.01,466.34,5,W,5,N
508,387.71,466.64,5,W,5,N
509,417.20,466.94,5,W,5,N
510,419.86,467.24,5,W,5,N
511,428.76,467.54,5,W,5,N
512,429.35,467.84,5,W,5,N
513,440.32,468.14,5,W,5,N
514,454.39,468.44,5,W,5,N
515,455.98,468.74,5,W,5,N
516,457.52,469.04,5,W,5,N
517,457.73,469.34,5,W,5,N
585,459.01,480.04,5,E,5,N
586,463.72,480.34,5,E,5,N
587,469.90,480.64,5,E,5,N
45,248.21,499.80,1,S,5,W
49,287.10,500.10,1,S,5,W
317,321.89,500.40,2,W,5,W
51,323.95,500.70,1,S,5,W
153,281.37,501.00,1,W,5,W
154,297.61,501.30,1,W,5,W
155,297.65,501.60,1,W,5,W
168,367.79,501.70,1,W,2,W
159,322.84,501.90,1,W,5,W
161,329.17,502.20,1,W,5,W
58,407.29,502.30,1,S,1,W
162,330.73,502.50,1,W,5,W
268,360.83,502.80,1,E,5,W
270,385.36,503.18,1,E,5,W
273,472.23,505.60,1,E,2,W
43,247.08,521.94,1,S,5,N
44,247.67,522.24,1,S,5,N
46,251.77,522.54,1,S,5,N
47,284.28,522.84,1,S,5,N
48,285.74,523.14,1,S,5,N
315,304.08,523.44,2,W,5,N
346,303.57,523.74,2,E,5,N
347,320.43,524.04,2,E,5,N
348,369.56,524.34,2,E,5,N
318,360.01,524.64,2,W,5,N
152,280.04,524.94,1,W,5,N
158,321.32,525.24,1,W,5,N
160,328.31,525.54,1,W,5,N
163,332.06,525.84,1,W,5,N
164,333.58,526.14,1,W,5,N
165,339.85,526.44,1,W,5,N
166,349.19,526.74,1,W,5,N
267,355.31,527.04,1,E,5,N
269,375.44,527.34,1,E,5,N
375,472.28,527.91,3,W,5,E
401,473.74,535.51,3,E,5,N
59,409.08,536.87,1,S,3,W
169,369.62,538.07,1,W,3,E
173,384.53,539.27,1,W,3,W
67,526.56,540.70,1,S,1,E
63,449.26,541.22,1,S,2,W
518,481.13,565.94,5,W,5,N
519,481.94,566.24,5,W,5,N
520,484.66,566.54,5,W,5,N
521,494.93,566.84,5,W,5,N
522,505.91,567.14,5,W,5,N
523,507.32,567.44,5,W,5,N
524,510.15,567.74,5,W,5,N
525,510.29,568.04,5,W,5,N
526,510.42,568.34,5,W,5,N
527,543.09,568.64,5,W,5,N
528,551.03,568.94,5,W,5,N
529,552.03,569.24,5,W,5,N
530,553.53,569.54,5,W,5,N
531,554.71,569.84,5,W,5,N
532,556.43,570.14,5,W,5,N
533,559.36,570.44,5,W,5,N
534,560.79,570.74,5,W,5,N
535,563.30,571.04,5,W,5,N
536,564.23,571.34,5,W,5,N
537,566.34,572.48,5,W,5,N
538,567.39,573.53,5,W,5,N
539,569.39,575.53,5,W,5,N
540,571.13,577.26,5,W,5,N
588,538.80,579.94,5,E,5,N
589,544.25,580.24,5,E,5,N
590,569.91,580.54,5,E,5,N
591,571.59,580.84,5,E,5,N
65,451.52,599.40,1,S,3,E
374,446.83,599.70,3,W,5,W
399,417.83,600.00,3,E,5,W
400,418.96,600.30,3,E,5,W
402,484.47,600.60,3,E,5,W
53,368.92,600.90,1,S,5,W
171,372.25,601.20,1,W,5,W
176,440.63,601.50,1,W,5,W
177,457.32,601.80,1,W,5,W
182,493.18,602.10,1,W,2,E
187,537.35,603.60,1,W,2,W
274,491.01,608.83,1,E,5,W
353,574.30,613.37,2,E,3,W
178,459.21,619.60,1,W,5,E
54,369.52,621.84,1,S,5,N
349,400.95,622.14,2,E,5,N
319,453.38,622.44,2,W,5,N
320,464.89,622.74,2,W,5,N
350,436.51,623.04,2,E,5,N
351,481.47,623.34,2,E,5,N
321,487.32,623.64,2,W,5,N
61,417.66,623.94,1,S,5,N
62,418.63,624.24,1,S,5,N
170,371.15,624.54,1,W,5,N
172,374.25,624.84,1,W,5,N
174,405.37,625.14,1,W,5,N
175,422.53,625.44,1,W,5,N
271,412.58,626.04,1,E,5,N
272,443.46,626.34,1,E,5,N
403,501.47,630.27,3,E,5,N
376,536.70,630.27,3,W,5,N
404,538.61,630.57,3,E,5,N
405,539.76,630.87,3,E,5,N
184,513.95,638.77,1,W,3,W
186,518.78,639.37,1,W,3,E
191,555.27,640.87,1,W,3,E
69,574.00,641.62,1,S,2,W
70,575.10,641.92,1,S,2,W
407,588.81,650.58,3,E,5,N
408,594.42,656.19,3,E,5,N
541,574.07,665.84,5,W,5,N
542,577.52,666.14,5,W,5,N
543,579.23,666.44,5,W,5,N
544,606.28,666.74,5,W,5,N
545,651.09,667.04,5,W,5,N
592,623.54,679.84,5,E,5,N
593,624.46,680.14,5,E,5,N
594,644.21,680.44,5,E,5,N
595,646.47,680.74,5,E,5,N
596,656.40,681.04,5,E,5,N
597,657.07,681.34,5,E,5,N
598,662.86,681.64,5,E,5,N
599,683.64,689.78,5,E,5,N
600,684.82,690.95,5,E,5,N
406,579.65,699.60,3,E,5,W
409,595.59,699.90,3,E,5,W
322,513.26,700.20,2,W,5,W
323,527.47,700.50,2,W,5,W
68,528.57,700.80,1,S,5,W
71,607.43,701.00,1,S,2,W
179,479.70,701.10,1,W,5,W
190,555.24,701.40,1,W,5,W
279,581.88,701.70,1,E,5,W
201,621.14,703.70,1,W,2,W
275,504.52,719.20,1,E,5,E
64,450.65,721.74,1,S,5,N
66,496.22,722.04,1,S,5,N
352,525.25,722.34,2,E,5,N
324,556.81,722.64,2,W,5,N
325,590.47,722.94,2,W,5,N
180,481.10,723.24,1,W,5,N
181,491.90,723.54,1,W,5,N
183,512.52,723.84,1,W,5,N
185,517.61,724.14,1,W,5,N
188,538.69,724.44,1,W,5,N
189,553.98,724.74,1,W,5,N
192,557.24,725.04,1,W,5,N
276,559.89,725.64,1,E,5,N
277,568.78,725.94,1,E,5,N
278,572.93,726.24,1,E,5,N
280,582.52,726.54,1,E,5,N
281,587.44,726.84,1,E,5,N
377,601.27,730.07,3,W,5,N
410,646.65,730.07,3,E,5,N
411,656.61,730.37,3,E,5,N
378,658.83,730.37,3,W,5,N
413,659.19,730.97,3,E,5,N
414,660.98,731.27,3,E,5,N
356,700.45,736.52,2,E,3,W
546,682.67,765.74,5,W,5,N
547,685.19,766.04,5,W,5,N
548,691.74,766.34,5,W,5,N
549,722.75,766.64,5,W,5,N
550,724.35,766.94,5,W,5,N
551,725.50,767.24,5,W,5,N
552,727.31,767.54,5,W,5,N
553,760.96,767.84,5,W,5,N
601,703.62,779.74,5,E,5,N
602,727.44,780.04,5,E,5,N
603,735.67,780.34,5,E,5,N
604,739.68,780.64,5,E,5,N
605,745.47,780.94,5,E,5,N
606,746.33,781.24,5,E,5,N
607,748.31,781.54,5,E,5,N
608,754.78,781.84,5,E,5,N
412,657.62,799.50,3,E,5,W
195,573.97,799.80,1,W,5,W
196,584.61,800.10,1,W,5,W
197,586.14,800.40,1,W,5,W
198,587.80,800.70,1,W,5,W
199,604.52,801.00,1,W,5,W
202,627.90,801.30,1,W,5,W
205,631.61,801.60,1,W,5,W
208,640.84,801.90,1,W,5,W
209,641.44,802.20,1,W,5,W
210,650.93,802.50,1,W,5,W
211,666.80,802.80,1,W,5,W
73,699.64,803.50,1,S,1,W
80,783.18,803.80,1,S,1,W
81,784.04,804.10,1,S,1,W
227,719.68,805.60,1,W,2,W
288,719.77,807.70,1,E,2,E
290,751.00,808.30,1,E,2,W
283,660.91,820.00,1,E,5,E
326,604.82,821.64,2,W,5,N
354,615.70,821.94,2,E,5,N
327,643.22,822.24,2,W,5,N
355,664.66,822.54,2,E,5,N
328,656.67,822.84,2,W,5,N
329,694.61,823.14,2,W,5,N
330,698.35,823.44,2,W,5,N
193,567.80,823.74,1,W,5,N
194,570.48,824.04,1,W,5,N
200,613.34,824.34,1,W,5,N
203,628.34,824.64,1,W,5,N
204,630.00,824.94,1,W,5,N
206,637.89,825.24,1,W,5,N
207,639.55,825.54,1,W,5,N
282,627.08,825.84,1,E,5,N
284,670.20,826.44,1,E,5,N
379,712.83,829.87,3,W,5,N
415,702.12,829.87,3,E,5,N
416,722.05,830.17,3,E,5,N
380,717.79,830.17,3,W,5,N
417,761.73,830.47,3,E,5,N
418,763.58,830.77,3,E,5,N
419,771.43,833.20,3,E,5,N
333,797.99,834.07,2,W,3,W
78,751.11,843.02,1,S,2,W
381,791.03,852.80,3,W,5,N
382,792.57,854.34,3,W,5,N
554,773.23,865.64,5,W,5,N
555,789.31,865.94,5,W,5,N
556,791.09,866.24,5,W,5,N
557,822.39,866.54,5,W,5,N
558,822.43,866.84,5,W,5,N
559,824.08,867.14,5,W,5,N
560,825.77,867.44,5,W,5,N
561,827.49,867.74,5,W,5,N
562,827.88,868.04,5,W,5,N
563,830.23,868.34,5,W,5,N
564,863.95,870.09,5,W,5,N
565,866.86,873.00,5,W,5,N
566,868.56,874.70,5,W,5,N
609,828.65,879.64,5,E,5,N
610,883.09,889.22,5,E,5,N
611,884.30,890.43,5,E,5,N
612,891.60,897.74,5,E,5,N
420,779.59,899.40,3,E,5,W
72,650.20,899.70,1,S,5,W
357,748.28,900.00,2,E,5,W
332,784.49,900.30,2,W,5,W
212,668.67,900.60,1,W,5,W
213,677.74,900.90,1,W,5,W
215,679.88,901.20,1,W,5,W
217,682.88,901.50,1,W,5,W
222,695.54,901.80,1,W,5,W
233,785.85,901.80,1,W,2,W
225,700.15,902.10,1,W,5,W
234,789.36,902.10,1,W,2,W
226,703.83,902.40,1,W,5,W
228,721.24,902.70,1,W,5,W
286,710.28,903.00,1,E,5,W
287,715.35,903.30,1,E,5,W
292,778.83,903.60,1,E,5,W
82,818.58,903.90,1,S,1,W
86,853.17,904.20,1,S,1,W
294,788.47,906.29,1,E,5,W
336,870.52,913.97,2,W,3,E
87,853.68,917.30,1,S,1,E
90,857.44,918.20,1,S,1,E
92,860.99,918.80,1,S,1,E
285,700.55,921.54,1,E,5,N
74,700.67,921.84,1,S,5,N
75,701.69,922.14,1,S,5,N
331,707.07,922.44,2,W,5,N
358,798.20,922.74,2,E,5,N
214,678.65,923.04,1,W,5,N
216,681.75,923.34,1,W,5,N
218,690.83,923.64,1,W,5,N
219,691.79,923.94,1,W,5,N
220,692.80,924.24,1,W,5,N
221,694.24,924.54,1,W,5,N
223,697.15,924.84,1,W,5,N
224,698.92,925.14,1,W,5,N
229,737.13,925.44,1,W,5,N
230,738.20,925.74,1,W,5,N
231,761.11,926.04,1,W,5,N
289,748.49,926.34,1,E,5,N
291,776.42,926.64,1,E,5,N
293,783.07,926.94,1,E,5,N
421,818.90,929.67,3,E,5,N
422,820.55,929.97,3,E,5,N
423,879.67,935.30,3,E,5,E
91,860.65,944.62,1,S,2,E
94,861.49,945.52,1,S,2,W
425,895.19,956.96,3,E,5,N
567,879.31,965.54,5,W,5,N
568,881.85,965.84,5,W,5,N
569,897.00,966.14,5,W,5,N
383,858.26,999.30,3,W,5,W
424,893.71,999.60,3,E,5,W
426,896.89,999.90,3,E,5,W
77,748.82,1000.20,1,S,5,W
359,812.72,1000.50,2,E,5,W
334,811.43,1000.80,2,W,5,W
335,839.52,1001.10,2,W,5,W
83,818.82,1001.40,1,S,5,W
232,777.92,1001.70,1,W,5,W
236,792.80,1002.00,1,W,5,W
242,868.53,1002.20,1,W,2,W
240,836.98,1002.30,1,W,5,W
298,867.05,1002.60,1,E,5,W
76,746.75,1021.44,1,S,5,N
79,781.94,1021.74,1,S,5,N
360,853.72,1022.04,2,E,5,N
235,791.08,1022.34,1,W,5,N
237,795.08,1022.64,1,W,5,N
238,815.10,1022.94,1,W,5,N
239,823.73,1023.24,1,W,5,N
241,852.43,1023.54,1,W,5,N
295,814.66,1023.84,1,E,5,N
296,832.36,1024.14,1,E,5,N
297,837.25,1024.44,1,E,5,N
299,887.04,1024.74,1,E,5,N
301,899.94,1025.04,1,E,5,N
95,862.09,1037.37,1,S,3,W
300,898.90,1099.20,1,E,5,W
243,868.58,1099.50,1,W,5,W
245,888.49,1099.80,1,W,5,W
246,888.90,1100.10,1,W,5,W
89,856.31,1116.10,1,S,5,E
244,869.30,1117.30,1,W,5,E
84,844.10,1121.34,1,S,5,N
85,848.03,1121.64,1,S,5,N
88,855.31,1121.94,1,S,5,N
93,861.23,1122.54,1,S,5,N
96,862.51,1122.84,1,S,5,N
97,863.21,1123.14,1,S,5,N