id,enter_time,exit_time,entrance_intersection,entrance_direction,exit_intersection,exit_direction
514,1.32,66.44,5,W,5,N
515,8.35,66.74,5,W,5,N
516,9.66,67.04,5,W,5,N
517,12.05,67.34,5,W,5,N
518,56.04,67.64,5,W,5,N
634,1.95,80.44,5,E,5,N
635,10.24,80.74,5,E,5,N
636,11.48,81.04,5,E,5,N
637,12.15,81.34,5,E,5,N
638,13.01,81.64,5,E,5,N
639,25.60,81.94,5,E,5,N
0,1.03,100.70,1,S,1,W
5,38.82,101.00,1,S,1,W
9,42.63,101.30,1,S,1,W
10,42.83,101.60,1,S,1,W
640,96.41,102.55,5,E,5,N
326,27.55,104.60,1,E,2,E
8,42.35,114.40,1,S,1,E
12,76.34,115.00,1,S,1,E
475,1.21,131.27,3,E,5,N
454,61.01,131.27,3,W,5,N
476,12.59,131.57,3,E,5,N
477,45.75,131.87,3,E,5,N
331,68.11,142.17,1,E,3,W
19,134.87,149.00,1,S,1,E
519,87.58,166.34,5,W,5,N
520,87.96,166.64,5,W,5,N
521,113.44,166.94,5,W,5,N
522,114.88,167.24,5,W,5,N
523,132.40,167.54,5,W,5,N
524,133.50,167.84,5,W,5,N
525,135.36,168.14,5,W,5,N
526,136.23,168.44,5,W,5,N
527,136.97,168.74,5,W,5,N
528,137.34,169.04,5,W,5,N
529,166.86,173.00,5,W,5,N
530,167.66,173.80,5,W,5,N
531,169.15,175.28,5,W,5,N
641,161.62,180.34,5,E,5,N
642,162.49,180.64,5,E,5,N
643,190.94,197.07,5,E,5,N
4,37.76,199.90,1,S,3,W
455,84.45,200.10,3,W,5,W
2,2.98,200.40,1,S,5,W
207,42.16,200.70,1,W,5,W
210,46.82,201.00,1,W,5,W
18,134.73,201.10,1,S,1,W
211,48.18,201.30,1,W,5,W
21,137.84,201.40,1,S,1,W
215,68.89,201.40,1,W,2,E
213,58.99,201.60,1,W,5,W
330,57.34,201.90,1,E,5,W
1,2.97,216.10,1,S,5,E
37,195.34,218.40,1,S,1,E
41,203.85,219.30,1,S,1,E
209,44.97,219.70,1,W,5,E
328,39.29,221.20,1,E,5,E
396,13.49,222.54,2,W,5,N
423,49.60,222.84,2,E,5,N
397,25.43,223.14,2,W,5,N
398,34.03,223.44,2,W,5,N
424,87.94,223.74,2,E,5,N
3,4.96,224.04,1,S,5,N
203,13.19,224.34,1,W,5,N
204,16.86,224.64,1,W,5,N
205,18.49,224.94,1,W,5,N
206,20.25,225.24,1,W,5,N
208,43.93,225.54,1,W,5,N
212,50.11,226.14,1,W,5,N
214,60.11,226.44,1,W,5,N
325,18.71,226.74,1,E,5,N
327,30.05,227.04,1,E,5,N
329,40.91,227.64,1,E,5,N
332,68.17,227.94,1,E,5,N
333,80.26,228.24,1,E,5,N
334,99.04,228.54,1,E,5,N
478,100.77,231.07,3,E,5,N
480,103.64,231.67,3,E,5,N
219,72.14,238.67,1,W,3,W
457,176.95,238.72,3,W,5,N
220,93.35,238.97,1,W,3,E
223,126.96,239.87,1,W,3,E
25,184.89,240.92,1,S,2,E
338,169.62,242.27,1,E,3,W
532,217.75,266.24,5,W,5,N
533,219.43,266.54,5,W,5,N
534,221.69,266.84,5,W,5,N
535,257.13,267.14,5,W,5,N
536,258.88,267.44,5,W,5,N
537,269.24,275.37,5,W,5,N
538,271.20,277.34,5,W,5,N
644,235.85,280.24,5,E,5,N
645,251.69,280.54,5,E,5,N
646,257.28,280.84,5,E,5,N
647,266.31,281.14,5,E,5,N
648,271.52,281.44,5,E,5,N
649,280.51,286.64,5,E,5,N
650,291.62,297.76,5,E,5,N
651,293.05,299.19,5,E,5,N
456,109.84,300.00,3,W,5,W
479,102.45,300.30,3,E,5,W
481,160.93,300.60,3,E,5,W
482,170.26,300.90,3,E,5,W
7,41.59,301.20,1,S,5,W
40,201.99,301.50,1,S,1,W
11,75.64,301.50,1,S,5,W
51,277.94,301.80,1,S,1,W
399,112.33,301.80,2,W,5,W
426,124.89,302.10,2,E,5,W
222,123.06,302.40,1,W,5,W
337,160.77,302.70,1,E,5,W
34,190.42,303.00,1,S,3,W
36,193.20,303.60,1,S,3,E
652,298.12,304.25,5,E,5,N
342,210.67,305.70,1,E,2,W
344,231.32,306.30,1,E,2,W
339,188.70,306.52,1,E,5,W
340,190.96,308.78,1,E,5,W
429,213.33,312.77,2,E,3,E
218,71.09,320.20,1,W,5,E
227,164.94,321.70,1,W,5,E
6,40.50,322.14,1,S,5,N
13,77.74,322.44,1,S,5,N
14,81.58,322.74,1,S,5,N
15,88.83,323.04,1,S,5,N
425,111.27,323.34,2,E,5,N
400,125.24,323.64,2,W,5,N
401,135.36,323.94,2,W,5,N
427,144.11,324.24,2,E,5,N
428,165.79,324.54,2,E,5,N
483,218.51,324.73,3,E,5,E
16,128.47,324.84,1,S,5,N
17,133.53,325.14,1,S,5,N
20,136.84,325.44,1,S,5,N
216,70.07,325.74,1,W,5,N
217,70.89,326.04,1,W,5,N
221,113.68,326.64,1,W,5,N
224,128.62,326.94,1,W,5,N
225,134.34,327.24,1,W,5,N
226,142.43,327.54,1,W,5,N
335,113.15,328.14,1,E,5,N
336,131.82,328.44,1,E,5,N
484,269.58,331.35,3,E,5,N
55,317.85,331.99,1,S,1,E
233,220.25,338.47,1,W,3,W
341,209.24,341.47,1,E,3,E
47,270.16,341.92,1,S,2,W
485,281.48,343.25,3,E,5,N
486,282.74,344.51,3,E,5,N
460,289.34,344.97,3,W,5,E
487,283.84,345.61,3,E,5,N
66,333.70,347.83,1,S,1,E
459,286.96,348.73,3,W,5,N
488,296.08,357.85,3,E,5,N
489,297.38,359.15,3,E,5,N
350,299.56,361.75,1,E,3,E
539,273.93,366.14,5,W,5,N
540,275.30,366.44,5,W,5,N
541,276.33,366.74,5,W,5,N
542,277.58,367.04,5,W,5,N
543,278.71,367.34,5,W,5,N
544,278.93,367.64,5,W,5,N
545,279.37,367.94,5,W,5,N
546,280.69,368.24,5,W,5,N
547,281.39,368.54,5,W,5,N
548,283.42,368.84,5,W,5,N
549,292.59,369.14,5,W,5,N
550,308.70,369.44,5,W,5,N
551,310.08,369.74,5,W,5,N
552,311.96,370.04,5,W,5,N
553,313.60,370.34,5,W,5,N
554,314.08,370.64,5,W,5,N
555,315.19,370.94,5,W,5,N
556,316.78,371.24,5,W,5,N
557,318.11,371.54,5,W,5,N
558,326.47,371.84,5,W,5,N
559,327.60,372.14,5,W,5,N
560,330.24,372.44,5,W,5,N
561,333.47,372.74,5,W,5,N
562,334.50,373.04,5,W,5,N
563,350.87,373.34,5,W,5,N
564,357.64,373.64,5,W,5,N
565,358.79,373.94,5,W,5,N
566,369.76,375.90,5,W,5,N
653,306.66,380.14,5,E,5,N
654,381.47,387.61,5,E,5,N
458,230.60,399.90,3,W,5,W
44,261.79,400.10,1,S,3,W
22,139.03,400.20,1,S,5,W
23,140.76,400.50,1,S,5,W
26,185.26,400.80,1,S,5,W
48,271.96,401.00,1,S,3,W
30,188.46,401.10,1,S,5,W
402,220.30,401.40,2,W,5,W
430,259.16,401.70,2,E,5,W
56,318.36,401.90,1,S,1,W
39,200.43,402.00,1,S,5,W
58,322.64,402.20,1,S,1,W
228,166.82,402.30,1,W,5,W
61,327.05,402.50,1,S,1,W
237,238.65,402.60,1,W,5,W
64,331.19,402.80,1,S,1,W
63,327.43,402.80,1,S,2,W
241,251.27,402.90,1,W,5,W
67,335.22,403.10,1,S,1,W
345,234.01,403.20,1,E,5,W
71,340.60,403.40,1,S,1,W
346,258.07,403.50,1,E,5,W
73,344.15,403.70,1,S,1,W
348,282.37,403.80,1,E,5,W
74,381.90,404.00,1,S,1,W
80,386.78,404.30,1,S,1,W
247,289.10,405.20,1,W,2,W
255,322.98,407.60,1,W,2,W
353,356.47,410.30,1,E,2,E
90,396.72,410.85,1,S,1,W
433,351.55,413.17,2,E,3,W
403,259.58,418.60,2,W,5,E
405,281.53,419.20,2,W,5,E
24,183.28,422.04,1,S,5,N
27,186.01,422.34,1,S,5,N
28,186.37,422.64,1,S,5,N
29,186.94,422.94,1,S,5,N
31,188.51,423.24,1,S,5,N
32,189.66,423.54,1,S,5,N
33,190.12,423.84,1,S,5,N
35,191.32,424.14,1,S,5,N
38,196.31,424.44,1,S,5,N
461,315.70,424.53,3,W,5,E
462,366.63,424.83,3,W,5,E
404,268.75,425.04,2,W,5,N
431,299.76,425.64,2,E,5,N
229,168.87,425.94,1,W,5,N
230,193.54,426.24,1,W,5,N
231,201.65,426.54,1,W,5,N
232,217.18,426.84,1,W,5,N
234,234.15,427.14,1,W,5,N
235,235.56,427.44,1,W,5,N
236,236.70,427.74,1,W,5,N
238,240.04,428.04,1,W,5,N
239,245.36,428.34,1,W,5,N
240,247.28,428.64,1,W,5,N
242,252.27,428.94,1,W,5,N
343,213.76,429.24,1,E,5,N
347,260.20,429.54,1,E,5,N
491,331.66,430.97,3,E,5,N
254,315.42,443.37,1,W,3,W
83,390.69,443.52,1,S,2,W
354,357.94,446.67,1,E,3,W
567,376.49,466.04,5,W,5,N
568,383.09,466.34,5,W,5,N
569,390.65,466.64,5,W,5,N
570,437.70,466.94,5,W,5,N
571,440.68,467.24,5,W,5,N
572,442.80,467.54,5,W,5,N
573,451.05,467.84,5,W,5,N
574,461.53,468.14,5,W,5,N
655,426.57,480.04,5,E,5,N
656,442.47,480.34,5,E,5,N
657,444.67,480.64,5,E,5,N
658,453.82,480.94,5,E,5,N
659,454.02,481.24,5,E,5,N
660,472.28,481.54,5,E,5,N
349,296.67,499.80,1,E,5,W
490,329.69,500.10,3,E,5,W
492,333.26,500.40,3,E,5,W
493,364.56,500.70,3,E,5,W
661,494.70,500.83,5,E,5,N
45,269.35,501.00,1,S,5,W
46,269.45,501.30,1,S,5,W
92,399.02,501.40,1,S,2,E
50,276.93,501.60,1,S,5,W
406,307.23,501.90,2,W,5,W
60,326.99,502.20,1,S,5,W
93,401.28,502.30,1,S,1,W
662,496.33,502.46,5,E,5,N
69,336.65,502.50,1,S,5,W
97,435.75,502.60,1,S,1,W
663,496.50,502.63,5,E,5,N
244,269.09,502.80,1,W,5,W
112,483.32,502.90,1,S,1,W
245,270.83,503.10,1,W,5,W
249,297.57,503.40,1,W,5,W
256,326.16,503.70,1,W,5,W
260,342.07,504.00,1,W,5,W
261,357.59,504.30,1,W,5,W
351,301.45,504.60,1,E,5,W
355,372.24,504.90,1,E,5,W
122,496.24,510.37,1,S,1,W
52,311.54,517.60,1,S,5,E
108,478.47,518.10,1,S,1,E
68,335.51,519.70,1,S,5,E
253,312.94,521.80,1,W,5,E
42,252.87,521.94,1,S,5,N
43,260.69,522.24,1,S,5,N
49,274.93,522.54,1,S,5,N
432,326.61,522.84,2,E,5,N
434,371.47,523.14,2,E,5,N
407,400.16,523.44,2,W,5,N
53,313.59,524.04,1,S,5,N
54,315.18,524.34,1,S,5,N
57,320.71,524.64,1,S,5,N
59,323.14,524.94,1,S,5,N
62,327.42,525.24,1,S,5,N
65,332.10,525.54,1,S,5,N
243,267.58,526.14,1,W,5,N
246,287.72,526.44,1,W,5,N
248,295.85,526.74,1,W,5,N
250,297.94,527.04,1,W,5,N
251,299.44,527.34,1,W,5,N
130,513.35,527.49,1,S,1,E
252,302.55,527.64,1,W,5,N
257,329.48,528.24,1,W,5,N
258,329.90,528.54,1,W,5,N
259,333.00,528.84,1,W,5,N
352,303.93,529.14,1,E,5,N
356,374.04,529.44,1,E,5,N
357,391.76,529.74,1,E,5,N
463,423.02,530.47,3,W,5,N
496,461.83,531.07,3,E,5,N
497,462.85,531.37,3,E,5,N
265,393.74,539.57,1,W,3,E
358,402.08,542.57,1,E,3,W
464,486.57,548.34,3,W,5,N
575,489.55,565.94,5,W,5,N
576,491.53,566.24,5,W,5,N
577,492.13,566.54,5,W,5,N
578,493.14,566.84,5,W,5,N
579,494.94,567.14,5,W,5,N
580,496.61,567.44,5,W,5,N
581,513.12,567.74,5,W,5,N
582,514.58,568.04,5,W,5,N
583,515.04,568.34,5,W,5,N
584,521.26,568.64,5,W,5,N
585,523.63,568.94,5,W,5,N
586,524.94,569.24,5,W,5,N
587,525.80,569.54,5,W,5,N
588,526.75,569.84,5,W,5,N
589,529.06,570.14,5,W,5,N
590,531.04,570.44,5,W,5,N
591,541.36,570.74,5,W,5,N
664,520.84,579.94,5,E,5,N
665,536.08,580.24,5,E,5,N
666,559.08,580.54,5,E,5,N
667,564.77,580.84,5,E,5,N
98,467.24,599.10,1,S,3,W
494,418.79,599.70,3,E,5,W
495,449.21,600.00,3,E,5,W
77,384.57,600.30,1,S,5,W
82,388.75,600.60,1,S,5,W
84,391.49,600.90,1,S,5,W
105,475.40,601.20,1,S,3,E
86,393.92,601.20,1,S,5,W
408,495.37,601.50,2,W,5,W
89,396.69,601.80,1,S,5,W
109,480.15,602.10,1,S,3,W
91,398.31,602.10,1,S,5,W
264,385.15,602.40,1,W,5,W
271,436.85,602.70,1,W,5,W
127,505.31,602.70,1,S,1,W
360,478.02,603.00,1,E,5,W
133,515.96,603.00,1,S,1,W
137,551.31,603.30,1,S,1,W
140,561.17,603.60,1,S,1,W
143,563.55,603.90,1,S,1,W
146,567.85,604.20,1,S,1,W
277,483.38,606.60,1,W,2,E
280,518.48,607.50,1,W,2,W
283,537.29,608.40,1,W,2,W
135,549.34,615.80,1,S,1,E
141,561.97,617.00,1,S,1,E
81,387.22,617.50,1,S,5,E
145,567.49,617.90,1,S,1,E
70,339.98,621.84,1,S,5,N
72,341.92,622.14,1,S,5,N
75,383.83,622.44,1,S,5,N
76,384.37,622.74,1,S,5,N
272,438.69,622.90,1,W,5,E
78,385.85,623.04,1,S,5,N
79,385.92,623.34,1,S,5,N
85,392.18,623.94,1,S,5,N
87,394.84,624.24,1,S,5,N
88,395.37,624.54,1,S,5,N
435,421.31,624.84,2,E,5,N
436,438.25,625.14,2,E,5,N
437,457.46,625.44,2,E,5,N
438,498.73,625.74,2,E,5,N
94,403.17,626.04,1,S,5,N
95,433.32,626.34,1,S,5,N
96,434.66,626.64,1,S,5,N
262,378.72,626.94,1,W,5,N
263,382.39,627.24,1,W,5,N
266,394.34,627.54,1,W,5,N
267,396.10,627.84,1,W,5,N
268,400.10,628.14,1,W,5,N
269,423.27,628.44,1,W,5,N
270,426.04,628.74,1,W,5,N
273,441.91,629.34,1,W,5,N
274,465.77,629.64,1,W,5,N
359,417.77,629.94,1,E,5,N
361,481.95,630.24,1,E,5,N
465,548.27,630.27,3,W,5,N
499,575.12,636.89,3,E,5,N
123,496.69,639.67,1,S,3,W
142,562.92,643.42,1,S,2,W
287,549.01,645.67,1,W,3,E
365,598.87,661.06,1,E,3,E
592,573.67,665.84,5,W,5,N
593,602.71,666.14,5,W,5,N
594,644.62,666.44,5,W,5,N
595,646.78,666.74,5,W,5,N
596,662.52,668.65,5,W,5,N
597,663.99,670.13,5,W,5,N
598,665.49,671.63,5,W,5,N
599,670.86,677.00,5,W,5,N
600,671.08,677.22,5,W,5,N
601,672.46,678.59,5,W,5,N
668,631.40,679.84,5,E,5,N
669,661.35,680.14,5,E,5,N
498,515.15,699.60,3,E,5,W
466,575.12,699.90,3,W,5,W
99,467.92,700.20,1,S,5,W
100,469.02,700.50,1,S,5,W
101,471.26,700.80,1,S,5,W
110,480.88,701.10,1,S,5,W
441,585.79,701.40,2,E,5,W
115,489.15,701.70,1,S,5,W
120,494.18,702.00,1,S,5,W
131,514.08,702.30,1,S,5,W
132,515.28,702.60,1,S,5,W
275,467.15,702.90,1,W,5,W
154,626.58,703.10,1,S,1,W
276,468.57,703.20,1,W,5,W
156,675.42,703.40,1,S,1,W
363,558.46,703.50,1,E,5,W
158,677.64,703.70,1,S,1,W
160,680.93,704.00,1,S,1,W
366,615.27,706.10,1,E,2,E
444,626.44,713.47,2,E,3,E
119,492.82,721.00,1,S,5,E
102,471.53,721.74,1,S,5,N
103,473.09,722.04,1,S,5,N
104,474.10,722.34,1,S,5,N
128,507.28,722.50,1,S,5,E
106,477.77,722.64,1,S,5,N
107,478.04,722.94,1,S,5,N
111,481.76,723.24,1,S,5,N
439,515.03,723.54,2,E,5,N
281,534.59,723.70,1,W,5,E
409,524.35,723.84,2,W,5,N
440,556.14,724.14,2,E,5,N
284,537.90,724.30,1,W,5,E
410,563.19,724.44,2,W,5,N
411,583.30,724.74,2,W,5,N
412,588.76,725.04,2,W,5,N
442,596.59,725.34,2,E,5,N
113,483.84,725.64,1,S,5,N
114,487.40,725.94,1,S,5,N
116,491.39,726.24,1,S,5,N
117,492.59,726.54,1,S,5,N
118,492.74,726.84,1,S,5,N
121,495.27,727.44,1,S,5,N
124,497.07,727.74,1,S,5,N
125,500.39,728.04,1,S,5,N
126,503.70,728.34,1,S,5,N
129,511.88,728.94,1,S,5,N
278,499.86,729.24,1,W,5,N
279,516.67,729.54,1,W,5,N
282,535.75,730.14,1,W,5,N
285,540.82,730.74,1,W,5,N
286,547.68,731.04,1,W,5,N
362,548.90,731.34,1,E,5,N
364,593.08,731.64,1,E,5,N
467,634.07,731.94,3,W,5,N
500,628.07,732.24,3,E,5,N
501,629.55,732.54,3,E,5,N
502,635.70,732.84,3,E,5,N
503,637.36,733.14,3,E,5,N
297,659.03,741.27,1,W,3,W
298,661.33,741.57,1,W,3,W
504,691.59,753.36,3,E,5,N
602,704.95,765.74,5,W,5,N
603,707.90,766.04,5,W,5,N
604,749.35,766.34,5,W,5,N
605,749.69,766.64,5,W,5,N
606,751.31,766.94,5,W,5,N
607,752.88,767.24,5,W,5,N
608,760.40,767.54,5,W,5,N
609,761.53,767.67,5,W,5,N
610,762.04,768.17,5,W,5,N
611,765.00,771.14,5,W,5,N
612,766.50,772.64,5,W,5,N
613,767.89,774.02,5,W,5,N
614,770.24,776.37,5,W,5,N
615,770.86,776.99,5,W,5,N
616,770.97,777.11,5,W,5,N
670,701.80,779.74,5,E,5,N
671,707.52,780.04,5,E,5,N
672,759.57,780.34,5,E,5,N
157,675.80,798.70,1,S,3,W
136,550.76,799.50,1,S,5,W
144,563.83,799.80,1,S,5,W
414,628.93,800.10,2,W,5,W
290,577.59,800.40,1,W,5,W
294,605.32,800.70,1,W,5,W
295,629.33,801.00,1,W,5,W
367,623.16,801.30,1,E,5,W
371,648.80,801.60,1,E,5,W
163,713.38,801.70,1,S,2,W
373,653.74,801.90,1,E,5,W
376,665.16,802.20,1,E,5,W
164,714.08,803.50,1,S,1,W
300,678.37,803.80,1,W,2,W
170,727.48,803.80,1,S,1,W
171,728.68,804.10,1,S,1,W
179,766.84,804.40,1,S,1,W
305,718.76,805.30,1,W,2,W
155,626.69,820.30,1,S,5,E
134,549.03,821.64,1,S,5,N
138,552.98,821.94,1,S,5,N
139,555.79,822.24,1,S,5,N
147,568.74,822.54,1,S,5,N
148,574.70,822.84,1,S,5,N
149,575.28,823.14,1,S,5,N
370,637.92,823.30,1,E,5,E
443,615.89,823.44,2,E,5,N
413,614.62,823.74,2,W,5,N
445,673.23,824.04,2,E,5,N
415,650.91,824.34,2,W,5,N
416,690.12,824.64,2,W,5,N
446,694.87,824.94,2,E,5,N
468,701.31,825.10,3,W,5,E
150,618.73,825.24,1,S,5,N
151,620.07,825.54,1,S,5,N
152,621.23,825.84,1,S,5,N
153,621.60,826.14,1,S,5,N
288,574.61,826.74,1,W,5,N
289,575.71,827.04,1,W,5,N
291,586.61,827.34,1,W,5,N
292,587.97,827.64,1,W,5,N
293,589.49,827.94,1,W,5,N
296,645.30,828.24,1,W,5,N
299,663.24,828.54,1,W,5,N
368,624.87,828.84,1,E,5,N
369,631.94,829.14,1,E,5,N
372,651.04,829.74,1,E,5,N
374,654.26,830.04,1,E,5,N
375,657.52,830.34,1,E,5,N
377,667.77,830.64,1,E,5,N
378,683.37,830.94,1,E,5,N
506,734.46,831.54,3,E,5,N
470,776.40,838.17,3,W,5,N
166,718.13,838.37,1,S,3,E
307,733.54,841.97,1,W,3,W
308,749.76,842.27,1,W,3,W
176,761.01,843.32,1,S,2,E
381,717.51,843.77,1,E,3,W
181,768.85,844.52,1,S,2,W
194,838.06,852.19,1,S,1,E
507,793.31,855.08,3,E,5,N
617,773.61,865.64,5,W,5,N
618,781.41,865.94,5,W,5,N
619,782.66,866.24,5,W,5,N
620,786.17,866.54,5,W,5,N
621,816.25,866.84,5,W,5,N
622,817.45,867.14,5,W,5,N
623,818.58,867.44,5,W,5,N
624,818.84,867.74,5,W,5,N
625,820.05,868.04,5,W,5,N
626,821.35,868.34,5,W,5,N
627,838.18,868.64,5,W,5,N
628,838.47,868.94,5,W,5,N
629,840.40,869.24,5,W,5,N
630,842.19,869.54,5,W,5,N
631,867.90,874.04,5,W,5,N
673,799.62,879.64,5,E,5,N
674,801.03,879.94,5,E,5,N
675,843.65,880.24,5,E,5,N
676,862.99,880.54,5,E,5,N
175,760.01,899.40,1,S,3,E
505,732.81,899.40,3,E,5,W
469,717.04,899.70,3,W,5,W
178,765.29,900.00,1,S,3,W
159,677.95,900.00,1,S,5,W
448,757.20,900.30,2,E,5,W
167,723.96,900.60,1,S,5,W
302,693.26,900.90,1,W,5,W
380,704.91,901.20,1,E,5,W
383,740.84,901.50,1,E,5,W
384,751.43,901.80,1,E,5,W
187,821.10,903.90,1,S,1,W
189,825.14,904.20,1,S,1,W
192,830.06,904.50,1,S,1,W
201,882.96,904.80,1,S,1,W
419,825.89,913.37,2,W,3,E
165,718.03,917.20,1,S,5,E
447,714.37,921.54,2,E,5,N
417,783.99,921.84,2,W,5,N
418,795.63,922.14,2,W,5,N
449,799.80,922.44,2,E,5,N
161,711.12,922.74,1,S,5,N
162,712.66,923.04,1,S,5,N
168,724.69,923.64,1,S,5,N
509,861.69,923.83,3,E,5,E
169,725.93,923.94,1,S,5,N
172,729.62,924.24,1,S,5,N
301,679.69,924.54,1,W,5,N
303,709.65,924.84,1,W,5,N
304,711.88,925.14,1,W,5,N
306,731.69,925.44,1,W,5,N
309,758.77,925.74,1,W,5,N
310,760.68,926.04,1,W,5,N
379,704.83,926.34,1,E,5,N
382,721.83,926.64,1,E,5,N
385,757.04,926.94,1,E,5,N
386,784.83,927.24,1,E,5,N
471,833.45,929.67,3,W,5,N
508,803.29,929.67,3,E,5,N
512,866.45,930.87,3,E,5,N
193,830.13,938.77,1,S,3,W
313,805.82,939.97,1,W,3,W
473,886.04,947.81,3,W,5,N
632,875.46,965.54,5,W,5,N
633,895.46,965.84,5,W,5,N
197,842.10,998.60,1,S,3,W
387,797.42,999.30,1,E,5,W
472,860.06,999.60,3,W,5,W
510,863.08,999.90,3,E,5,W
511,864.95,1000.20,3,E,5,W
513,875.02,1000.50,3,E,5,W
474,896.91,1000.80,3,W,5,W
451,827.41,1001.10,2,E,5,W
185,775.08,1001.40,1,S,5,W
188,822.49,1001.70,1,S,5,W
190,826.52,1002.00,1,S,5,W
195,839.60,1002.30,1,S,5,W
318,833.38,1002.60,1,W,5,W
389,817.71,1002.90,1,E,5,W
392,834.01,1003.20,1,E,5,W
388,801.22,1015.30,1,E,5,E
173,757.76,1021.74,1,S,5,N
174,758.06,1022.04,1,S,5,N
320,844.12,1022.20,1,W,5,E
177,762.87,1022.34,1,S,5,N
180,767.27,1022.64,1,S,5,N
182,769.52,1022.94,1,S,5,N
183,772.00,1023.24,1,S,5,N
184,774.85,1023.54,1,S,5,N
450,813.29,1023.84,2,E,5,N
420,837.22,1024.14,2,W,5,N
421,866.94,1024.44,2,W,5,N
452,869.11,1024.74,2,E,5,N
422,878.90,1025.04,2,W,5,N
453,892.40,1025.34,2,E,5,N
186,776.98,1025.64,1,S,5,N
191,828.39,1025.94,1,S,5,N
311,781.94,1026.24,1,W,5,N
312,798.31,1026.54,1,W,5,N
314,806.02,1026.84,1,W,5,N
315,806.89,1027.14,1,W,5,N
316,817.16,1027.44,1,W,5,N
317,818.03,1027.74,1,W,5,N
319,834.48,1028.04,1,W,5,N
321,850.25,1028.64,1,W,5,N
390,821.30,1028.94,1,E,5,N
391,831.66,1029.24,1,E,5,N
393,848.34,1029.54,1,E,5,N
394,848.82,1029.84,1,E,5,N
395,896.53,1030.14,1,E,5,N
196,840.22,1099.20,1,S,5,W
198,843.16,1099.50,1,S,5,W
200,878.47,1099.80,1,S,5,W
323,887.21,1100.10,1,W,5,W
202,886.45,1115.50,1,S,5,E
199,877.18,1121.34,1,S,5,N
322,873.83,1121.94,1,W,5,N
324,888.94,1122.24,1,W,5,N