id,enter_time,exit_time,entrance_intersection,entrance_direction,exit_intersection,exit_direction
559,1.10,66.44,5,W,5,N
560,2.08,66.74,5,W,5,N
561,3.30,67.04,5,W,5,N
562,4.40,67.34,5,W,5,N
563,5.86,67.64,5,W,5,N
564,7.61,67.94,5,W,5,N
565,8.73,68.24,5,W,5,N
566,46.36,68.54,5,W,5,N
567,56.59,68.84,5,W,5,N
568,62.67,69.14,5,W,5,N
686,1.43,80.44,5,E,5,N
687,55.56,80.74,5,E,5,N
3,4.91,100.70,1,S,1,W
7,45.34,101.00,1,S,1,W
6,44.79,113.80,1,S,1,E
504,9.21,131.27,3,E,5,N
505,47.00,131.57,3,E,5,N
475,26.08,131.57,3,W,5,N
476,52.46,131.87,3,W,5,N
506,78.15,139.92,3,E,5,N
507,89.50,151.27,3,E,5,N
569,76.41,166.34,5,W,5,N
570,79.17,166.64,5,W,5,N
571,86.19,166.94,5,W,5,N
572,87.47,167.24,5,W,5,N
573,90.08,167.54,5,W,5,N
574,91.86,167.84,5,W,5,N
575,92.34,168.14,5,W,5,N
576,101.98,168.44,5,W,5,N
577,103.08,168.74,5,W,5,N
578,120.01,169.04,5,W,5,N
579,142.79,169.34,5,W,5,N
580,143.99,169.64,5,W,5,N
581,154.48,169.94,5,W,5,N
688,110.06,180.34,5,E,5,N
689,152.51,180.64,5,E,5,N
690,157.54,180.94,5,E,5,N
691,161.14,181.24,5,E,5,N
692,170.44,181.54,5,E,5,N
474,9.07,200.10,3,W,5,W
508,91.20,200.40,3,E,5,W
1,1.99,200.70,1,S,5,W
450,18.57,201.00,2,E,5,W
13,110.76,201.10,1,S,1,W
421,69.11,201.30,2,W,5,W
14,111.97,201.40,1,S,1,W
223,9.43,201.60,1,W,5,W
18,136.62,201.70,1,S,1,W
225,45.73,201.90,1,W,5,W
19,141.88,202.00,1,S,1,W
360,19.32,202.20,1,E,5,W
20,142.13,202.30,1,S,1,W
228,78.45,202.30,1,W,2,E
693,196.43,202.57,5,E,5,N
25,149.83,202.60,1,S,1,W
26,151.18,202.90,1,S,1,W
31,159.03,203.20,1,S,1,W
422,102.04,212.67,2,W,3,W
33,162.19,216.60,1,S,1,E
451,68.46,216.70,2,E,5,E
0,0.59,222.24,1,S,5,N
420,36.33,222.54,2,W,5,N
452,93.88,223.14,2,E,5,N
2,4.83,223.44,1,S,5,N
4,6.74,223.74,1,S,5,N
224,25.89,224.04,1,W,5,N
357,10.80,224.34,1,E,5,N
358,12.41,224.64,1,E,5,N
359,14.35,224.94,1,E,5,N
361,30.42,225.24,1,E,5,N
511,113.11,225.53,3,E,5,E
362,41.20,225.54,1,E,5,N
363,59.52,225.84,1,E,5,N
364,91.07,226.14,1,E,5,N
477,126.05,231.07,3,W,5,N
510,111.53,231.37,3,E,5,N
513,152.80,232.27,3,E,5,N
515,164.02,232.87,3,E,5,N
231,110.95,239.27,1,W,3,W
478,178.94,240.71,3,W,5,N
582,188.38,266.24,5,W,5,N
583,203.58,266.54,5,W,5,N
584,205.70,266.84,5,W,5,N
585,221.94,267.14,5,W,5,N
586,222.08,267.44,5,W,5,N
587,248.84,267.74,5,W,5,N
588,249.67,268.04,5,W,5,N
589,250.82,268.34,5,W,5,N
590,252.24,268.64,5,W,5,N
591,255.00,268.94,5,W,5,N
592,256.67,269.24,5,W,5,N
593,258.01,269.54,5,W,5,N
694,202.33,280.24,5,E,5,N
695,203.63,280.54,5,E,5,N
696,258.62,280.84,5,E,5,N
697,258.94,281.14,5,E,5,N
698,259.87,281.44,5,E,5,N
699,276.30,282.43,5,E,5,N
700,287.17,293.30,5,E,5,N
509,102.29,300.00,3,E,5,W
512,151.22,300.30,3,E,5,W
514,154.66,300.60,3,E,5,W
516,171.60,300.90,3,E,5,W
11,79.39,301.20,1,S,5,W
41,212.14,301.50,1,S,1,W
453,140.02,301.50,2,E,5,W
42,216.76,301.80,1,S,1,W
424,170.19,301.80,2,W,5,W
44,250.21,302.10,1,S,1,W
12,109.63,302.10,1,S,5,W
56,267.52,302.40,1,S,1,W
17,136.02,302.40,1,S,5,W
59,270.92,302.70,1,S,1,W
229,93.60,302.70,1,W,5,W
61,272.56,303.00,1,S,1,W
233,128.85,303.00,1,W,5,W
37,168.24,303.30,1,S,3,E
238,142.66,303.30,1,W,5,W
240,153.02,303.60,1,W,5,W
241,154.29,303.90,1,W,5,W
242,155.30,304.20,1,W,5,W
244,158.25,304.50,1,W,5,W
245,161.82,304.80,1,W,5,W
374,261.93,308.40,1,E,2,W
74,297.32,311.46,1,S,1,W
455,230.17,312.77,2,E,3,E
456,275.87,313.07,2,E,3,W
246,162.83,321.70,1,W,5,E
5,43.25,322.14,1,S,5,N
8,76.04,322.44,1,S,5,N
366,110.11,322.60,1,E,5,E
9,77.78,322.74,1,S,5,N
10,78.81,323.04,1,S,5,N
423,137.62,323.34,2,W,5,N
454,180.95,323.64,2,E,5,N
425,181.89,323.94,2,W,5,N
15,113.59,324.24,1,S,5,N
16,134.83,324.54,1,S,5,N
226,67.25,324.84,1,W,5,N
227,76.89,325.14,1,W,5,N
481,244.95,325.33,3,W,5,E
519,218.75,325.33,3,E,5,E
230,95.10,325.44,1,W,5,N
232,127.47,325.74,1,W,5,N
234,130.50,326.04,1,W,5,N
235,132.23,326.34,1,W,5,N
236,133.68,326.64,1,W,5,N
237,141.44,326.94,1,W,5,N
239,152.49,327.24,1,W,5,N
243,156.82,327.54,1,W,5,N
247,164.20,328.14,1,W,5,N
365,108.16,328.44,1,E,5,N
367,118.84,329.04,1,E,5,N
368,145.86,329.34,1,E,5,N
369,192.33,329.64,1,E,5,N
520,260.53,331.77,3,E,5,N
250,166.55,338.17,1,W,3,W
254,210.39,339.37,1,W,3,E
483,278.51,340.28,3,W,5,N
259,227.34,340.87,1,W,3,E
51,261.20,342.22,1,S,2,E
373,218.97,344.17,1,E,3,W
594,284.87,366.14,5,W,5,N
595,295.79,366.44,5,W,5,N
596,303.62,366.74,5,W,5,N
597,304.85,367.04,5,W,5,N
598,334.55,367.34,5,W,5,N
701,314.54,380.14,5,E,5,N
702,330.77,380.44,5,E,5,N
703,382.81,388.95,5,E,5,N
704,383.22,389.36,5,E,5,N
705,390.63,396.77,5,E,5,N
370,198.32,399.90,1,E,5,W
706,393.90,400.04,5,E,5,N
371,200.31,400.20,1,E,5,W
479,207.27,400.50,3,W,5,W
49,258.91,400.70,1,S,3,E
517,205.48,400.80,3,E,5,W
518,217.72,401.10,3,E,5,W
480,237.00,401.40,3,W,5,W
707,395.46,401.59,5,E,5,N
482,273.50,401.70,3,W,5,W
75,302.66,401.90,1,S,1,W
21,147.65,402.00,1,S,5,W
79,346.36,402.20,1,S,1,W
22,147.72,402.30,1,S,5,W
80,347.95,402.50,1,S,1,W
57,268.76,402.50,1,S,3,W
28,154.29,402.60,1,S,5,W
81,348.80,402.80,1,S,1,W
29,156.28,402.90,1,S,5,W
89,357.88,403.10,1,S,1,W
32,160.82,403.20,1,S,5,W
708,397.28,403.41,5,E,5,N
36,166.91,403.50,1,S,5,W
39,209.06,403.80,1,S,5,W
252,190.20,404.10,1,W,5,W
264,250.90,404.40,1,W,5,W
265,258.67,404.70,1,W,5,W
709,398.79,404.92,5,E,5,N
267,261.02,405.00,1,W,5,W
268,264.90,405.30,1,W,5,W
86,355.14,416.50,1,S,1,E
521,298.49,422.04,3,E,5,N
23,148.28,422.34,1,S,5,N
24,148.67,422.64,1,S,5,N
27,152.24,422.94,1,S,5,N
30,157.85,423.24,1,S,5,N
34,163.45,423.54,1,S,5,N
35,164.32,423.84,1,S,5,N
38,175.91,424.14,1,S,5,N
426,210.61,424.44,2,W,5,N
427,221.78,424.74,2,W,5,N
428,232.80,425.04,2,W,5,N
429,245.32,425.34,2,W,5,N
430,269.31,425.64,2,W,5,N
40,210.95,425.94,1,S,5,N
43,217.99,426.24,1,S,5,N
248,165.30,426.54,1,W,5,N
249,165.40,426.84,1,W,5,N
251,188.50,427.14,1,W,5,N
253,192.05,427.44,1,W,5,N
255,217.98,427.74,1,W,5,N
256,221.13,428.04,1,W,5,N
257,222.75,428.34,1,W,5,N
258,225.81,428.64,1,W,5,N
260,237.93,428.94,1,W,5,N
261,239.94,429.24,1,W,5,N
262,242.70,429.54,1,W,5,N
263,243.83,429.84,1,W,5,N
94,415.76,429.90,1,S,1,E
266,260.58,430.14,1,W,5,N
372,213.86,430.44,1,E,5,N
375,269.86,430.74,1,E,5,N
377,300.07,431.04,1,E,5,N
522,300.23,431.34,3,E,5,N
523,301.64,431.64,3,E,5,N
524,342.13,431.94,3,E,5,N
525,343.34,432.24,3,E,5,N
526,353.63,432.54,3,E,5,N
528,360.43,432.84,3,E,5,N
277,345.37,442.47,1,W,3,E
486,396.27,458.04,3,W,5,N
599,375.86,466.04,5,W,5,N
600,378.73,466.34,5,W,5,N
601,402.81,466.64,5,W,5,N
602,404.48,466.94,5,W,5,N
603,406.12,467.24,5,W,5,N
604,411.54,467.54,5,W,5,N
605,413.81,467.84,5,W,5,N
606,414.84,468.14,5,W,5,N
607,419.09,468.44,5,W,5,N
608,425.60,468.74,5,W,5,N
609,457.34,469.04,5,W,5,N
610,458.73,469.34,5,W,5,N
611,460.98,469.64,5,W,5,N
612,471.33,477.46,5,W,5,N
613,472.37,478.51,5,W,5,N
710,399.84,480.04,5,E,5,N
711,451.68,480.34,5,E,5,N
376,294.90,499.80,1,E,5,W
484,342.55,500.10,3,W,5,W
485,345.47,500.40,3,W,5,W
84,353.39,500.50,1,S,3,W
527,355.34,500.70,3,E,5,W
529,390.93,501.00,3,E,5,W
48,257.90,501.30,1,S,5,W
50,259.44,501.60,1,S,5,W
53,264.12,501.90,1,S,5,W
54,266.57,502.20,1,S,5,W
95,416.86,502.30,1,S,1,W
60,271.82,502.50,1,S,5,W
96,417.25,502.60,1,S,1,W
458,373.62,502.80,2,E,5,W
102,426.74,502.90,1,S,1,W
432,358.15,503.10,2,W,5,W
104,432.70,503.20,1,S,1,W
65,280.32,503.40,1,S,5,W
110,445.03,503.50,1,S,1,W
66,281.51,503.70,1,S,5,W
117,454.81,503.80,1,S,1,W
67,284.51,504.00,1,S,5,W
124,462.32,504.10,1,S,1,W
68,284.91,504.30,1,S,5,W
125,464.45,504.40,1,S,1,W
72,289.50,504.60,1,S,5,W
127,467.62,504.70,1,S,1,W
285,425.53,504.70,1,W,2,W
73,290.19,504.90,1,S,5,W
286,432.08,505.00,1,W,2,W
269,266.04,505.20,1,W,5,W
271,282.85,505.50,1,W,5,W
275,317.58,505.80,1,W,5,W
289,455.70,505.90,1,W,2,W
276,335.66,506.10,1,W,5,W
380,376.41,506.40,1,E,5,W
106,440.01,515.40,1,S,1,E
118,455.15,518.40,1,S,1,E
122,459.33,519.60,1,S,1,E
45,250.80,521.94,1,S,5,N
46,252.59,522.24,1,S,5,N
47,255.31,522.54,1,S,5,N
52,262.60,522.84,1,S,5,N
55,266.68,523.14,1,S,5,N
58,269.06,523.44,1,S,5,N
62,272.63,523.74,1,S,5,N
63,273.63,524.04,1,S,5,N
487,409.81,524.33,3,W,5,E
457,324.13,524.34,2,E,5,N
488,430.62,524.63,3,W,5,E
431,347.96,524.64,2,W,5,N
433,395.87,524.94,2,W,5,N
64,274.93,525.24,1,S,5,N
69,285.23,525.54,1,S,5,N
70,286.57,525.84,1,S,5,N
71,287.38,526.14,1,S,5,N
76,334.15,526.44,1,S,5,N
270,281.72,526.74,1,W,5,N
272,304.23,527.04,1,W,5,N
273,308.03,527.34,1,W,5,N
274,309.34,527.64,1,W,5,N
278,354.03,527.94,1,W,5,N
378,369.13,528.24,1,E,5,N
379,373.05,528.54,1,E,5,N
381,390.68,528.84,1,E,5,N
142,515.49,529.63,1,S,1,E
530,406.53,530.47,3,E,5,N
532,409.75,531.07,3,E,5,N
489,432.74,531.07,3,W,5,N
143,517.17,531.31,1,S,1,E
490,442.46,531.37,3,W,5,N
534,449.87,531.67,3,E,5,N
535,451.62,531.97,3,E,5,N
536,452.85,532.27,3,E,5,N
537,484.03,545.80,3,E,5,N
614,483.16,565.94,5,W,5,N
615,495.97,566.24,5,W,5,N
616,497.69,566.54,5,W,5,N
617,499.62,566.84,5,W,5,N
618,507.11,567.14,5,W,5,N
619,508.91,567.44,5,W,5,N
620,510.34,567.74,5,W,5,N
621,527.06,568.04,5,W,5,N
622,542.10,568.34,5,W,5,N
623,542.62,568.64,5,W,5,N
624,552.76,568.94,5,W,5,N
625,553.82,569.24,5,W,5,N
626,555.25,569.54,5,W,5,N
627,556.63,569.84,5,W,5,N
628,558.57,570.14,5,W,5,N
629,559.30,570.44,5,W,5,N
630,561.72,570.74,5,W,5,N
631,562.78,571.04,5,W,5,N
632,564.26,571.34,5,W,5,N
633,566.94,573.08,5,W,5,N
712,517.37,579.94,5,E,5,N
713,563.22,580.24,5,E,5,N
714,567.10,580.54,5,E,5,N
382,398.12,599.70,1,E,5,W
531,407.98,600.00,3,E,5,W
533,410.78,600.30,3,E,5,W
435,433.70,600.60,2,W,5,W
437,468.11,600.90,2,W,5,W
438,478.38,601.20,2,W,5,W
98,423.81,601.50,1,S,5,W
101,426.56,601.80,1,S,5,W
281,398.73,602.10,1,W,5,W
282,417.31,602.40,1,W,5,W
283,418.89,602.70,1,W,5,W
133,502.96,602.70,1,S,1,W
290,457.58,603.00,1,W,5,W
146,523.65,603.00,1,S,1,W
292,459.75,603.30,1,W,5,W
148,526.25,603.30,1,S,1,W
383,409.56,603.60,1,E,5,W
153,566.11,603.60,1,S,1,W
384,412.57,603.90,1,E,5,W
154,566.19,603.90,1,S,1,W
385,421.67,604.20,1,E,5,W
389,432.08,604.50,1,E,5,W
392,461.57,604.80,1,E,5,W
156,569.87,616.40,1,S,1,E
85,353.95,616.90,1,S,5,E
436,444.49,619.60,2,W,5,E
77,338.28,621.84,1,S,5,N
78,339.11,622.14,1,S,5,N
82,349.59,622.44,1,S,5,N
83,351.49,622.74,1,S,5,N
87,356.51,623.34,1,S,5,N
88,357.54,623.64,1,S,5,N
90,382.96,623.94,1,S,5,N
91,383.13,624.24,1,S,5,N
92,383.97,624.54,1,S,5,N
459,415.90,624.84,2,E,5,N
434,430.57,625.14,2,W,5,N
460,464.06,625.44,2,E,5,N
461,485.03,626.04,2,E,5,N
93,414.28,626.34,1,S,5,N
440,590.47,626.54,2,W,3,E
97,418.10,626.64,1,S,5,N
99,423.99,626.94,1,S,5,N
100,426.54,627.24,1,S,5,N
103,431.45,627.54,1,S,5,N
279,376.72,627.84,1,W,5,N
280,377.69,628.14,1,W,5,N
284,424.06,628.44,1,W,5,N
287,432.98,628.74,1,W,5,N
288,443.98,629.04,1,W,5,N
291,457.83,629.34,1,W,5,N
386,423.78,629.64,1,E,5,N
387,426.49,629.94,1,E,5,N
388,429.61,630.24,1,E,5,N
390,437.73,630.54,1,E,5,N
391,456.18,630.84,1,E,5,N
491,509.73,631.14,3,W,5,N
539,539.47,631.44,3,E,5,N
540,551.46,631.74,3,E,5,N
493,542.03,632.04,3,W,5,N
495,563.98,632.34,3,W,5,N
542,554.10,632.64,3,E,5,N
544,556.76,632.94,3,E,5,N
137,507.47,640.27,1,S,3,E
147,524.76,642.37,1,S,3,W
296,495.39,644.17,1,W,3,E
303,551.41,646.27,1,W,3,W
394,517.13,647.17,1,E,3,W
634,573.11,665.84,5,W,5,N
635,574.44,666.14,5,W,5,N
636,584.94,666.44,5,W,5,N
637,586.48,666.74,5,W,5,N
638,599.31,667.04,5,W,5,N
639,600.82,667.34,5,W,5,N
640,601.91,667.64,5,W,5,N
641,603.42,667.94,5,W,5,N
642,618.07,668.24,5,W,5,N
643,620.45,668.54,5,W,5,N
644,623.19,668.84,5,W,5,N
645,638.15,669.14,5,W,5,N
646,648.88,669.44,5,W,5,N
647,651.09,669.74,5,W,5,N
648,652.09,670.04,5,W,5,N
649,654.05,670.34,5,W,5,N
650,655.57,670.64,5,W,5,N
651,656.61,670.94,5,W,5,N
652,664.16,671.24,5,W,5,N
715,614.03,679.84,5,E,5,N
716,655.88,680.14,5,E,5,N
717,664.60,680.44,5,E,5,N
718,676.72,682.85,5,E,5,N
393,498.92,699.60,1,E,5,W
538,529.97,699.90,3,E,5,W
158,602.26,700.10,1,S,3,W
492,522.17,700.20,3,W,5,W
494,547.66,700.50,3,W,5,W
541,552.92,700.80,3,E,5,W
543,555.10,701.10,3,E,5,W
105,439.86,701.40,1,S,5,W
107,440.93,701.70,1,S,5,W
108,443.24,702.00,1,S,5,W
114,452.05,702.30,1,S,5,W
119,456.02,702.60,1,S,5,W
121,458.38,702.90,1,S,5,W
162,610.01,703.10,1,S,1,W
128,469.05,703.20,1,S,5,W
165,613.33,703.40,1,S,1,W
129,469.25,703.50,1,S,5,W
132,501.34,703.80,1,S,5,W
138,508.72,704.10,1,S,5,W
311,603.01,704.30,1,W,2,W
293,484.40,704.40,1,W,5,W
298,513.34,704.70,1,W,5,W
302,549.41,705.00,1,W,5,W
395,531.91,705.30,1,E,5,W
443,633.88,713.77,2,W,3,W
168,658.13,716.20,1,S,1,E
135,505.43,720.40,1,S,5,E
109,443.70,721.74,1,S,5,N
111,446.77,722.04,1,S,5,N
112,447.25,722.34,1,S,5,N
113,450.56,722.64,1,S,5,N
115,453.53,722.94,1,S,5,N
116,454.74,723.24,1,S,5,N
120,456.20,723.54,1,S,5,N
462,530.17,723.84,2,E,5,N
439,561.47,724.14,2,W,5,N
463,550.05,724.44,2,E,5,N
464,594.52,724.74,2,E,5,N
123,460.62,725.04,1,S,5,N
126,467.30,725.34,1,S,5,N
130,469.48,725.64,1,S,5,N
131,500.20,725.94,1,S,5,N
134,504.36,726.24,1,S,5,N
136,506.76,726.84,1,S,5,N
139,511.16,727.14,1,S,5,N
178,713.19,727.33,1,S,1,E
140,513.09,727.44,1,S,5,N
141,514.40,727.74,1,S,5,N
144,519.85,728.04,1,S,5,N
145,521.15,728.34,1,S,5,N
149,527.40,728.64,1,S,5,N
150,529.33,728.94,1,S,5,N
294,486.30,729.24,1,W,5,N
295,489.81,729.54,1,W,5,N
297,496.83,729.84,1,W,5,N
299,520.57,730.14,1,W,5,N
300,526.69,730.44,1,W,5,N
301,528.24,730.74,1,W,5,N
304,553.21,731.04,1,W,5,N
305,565.89,731.34,1,W,5,N
396,547.68,731.64,1,E,5,N
496,617.11,731.94,3,W,5,N
546,608.05,732.24,3,E,5,N
547,609.51,732.54,3,E,5,N
548,610.69,732.84,3,E,5,N
549,611.94,733.14,3,E,5,N
550,631.20,733.44,3,E,5,N
309,581.11,739.77,1,W,3,W
313,610.19,740.97,1,W,3,W
497,685.81,741.45,3,W,5,E
403,653.29,744.57,1,E,3,E
552,688.13,749.90,3,E,5,N
653,674.69,765.74,5,W,5,N
654,693.94,766.04,5,W,5,N
655,695.32,766.34,5,W,5,N
656,697.12,766.64,5,W,5,N
657,697.64,766.94,5,W,5,N
658,698.95,767.24,5,W,5,N
659,699.99,767.54,5,W,5,N
660,701.37,767.84,5,W,5,N
661,709.71,768.14,5,W,5,N
662,710.88,768.44,5,W,5,N
663,713.72,768.74,5,W,5,N
664,714.85,769.04,5,W,5,N
665,716.63,769.34,5,W,5,N
666,717.35,769.64,5,W,5,N
667,742.77,769.94,5,W,5,N
668,750.18,770.24,5,W,5,N
669,751.12,770.54,5,W,5,N
670,763.77,770.84,5,W,5,N
671,764.22,771.14,5,W,5,N
672,766.26,772.39,5,W,5,N
719,722.42,779.74,5,E,5,N
720,744.59,780.04,5,E,5,N
721,751.41,780.34,5,E,5,N
722,753.99,780.64,5,E,5,N
723,776.58,782.72,5,E,5,N
169,659.11,799.00,1,S,3,W
545,606.43,799.50,3,E,5,W
551,675.43,799.80,3,E,5,W
152,564.29,800.10,1,S,5,W
157,601.84,800.40,1,S,5,W
441,601.60,800.70,2,W,5,W
467,674.42,801.00,2,E,5,W
166,614.95,801.30,1,S,5,W
310,602.89,801.60,1,W,5,W
315,642.05,801.90,1,W,5,W
398,622.95,802.20,1,E,5,W
399,625.05,802.50,1,E,5,W
402,636.89,802.80,1,E,5,W
173,702.34,803.50,1,S,1,W
185,750.07,803.80,1,S,1,W
188,753.02,804.10,1,S,1,W
198,793.16,807.29,1,S,1,W
200,796.60,810.74,1,S,1,W
202,798.84,812.98,1,S,1,W
161,608.72,818.20,1,S,5,E
194,759.84,818.40,1,S,1,E
201,798.19,819.90,1,S,1,E
318,649.17,821.20,1,W,5,E
151,564.17,821.64,1,S,5,N
155,567.87,821.94,1,S,5,N
465,620.87,822.24,2,E,5,N
442,622.98,822.54,2,W,5,N
466,646.31,822.84,2,E,5,N
444,647.86,823.14,2,W,5,N
445,687.54,823.44,2,W,5,N
159,605.47,823.74,1,S,5,N
499,759.49,824.03,3,W,5,E
160,607.35,824.04,1,S,5,N
163,612.21,824.64,1,S,5,N
164,613.12,824.94,1,S,5,N
306,566.96,825.24,1,W,5,N
307,575.06,825.54,1,W,5,N
308,577.17,825.84,1,W,5,N
312,608.56,826.14,1,W,5,N
314,626.87,826.44,1,W,5,N
316,644.61,826.74,1,W,5,N
317,645.93,827.04,1,W,5,N
397,613.66,827.64,1,E,5,N
400,628.08,827.94,1,E,5,N
401,630.91,828.24,1,E,5,N
404,655.62,828.54,1,E,5,N
405,693.10,828.84,1,E,5,N
553,721.05,829.87,3,E,5,N
498,757.34,829.87,3,W,5,N
500,763.14,830.47,3,W,5,N
322,677.86,840.47,1,W,3,W
501,789.77,845.41,3,W,5,E
673,780.01,865.64,5,W,5,N
674,781.55,865.94,5,W,5,N
675,782.03,866.24,5,W,5,N
676,796.85,866.54,5,W,5,N
677,797.59,866.84,5,W,5,N
678,826.73,867.14,5,W,5,N
679,829.40,867.44,5,W,5,N
680,831.23,867.74,5,W,5,N
681,851.17,868.04,5,W,5,N
724,831.45,879.64,5,E,5,N
725,848.35,879.94,5,E,5,N
726,848.74,880.24,5,E,5,N
727,850.56,880.54,5,E,5,N
728,851.68,880.84,5,E,5,N
406,698.30,899.40,1,E,5,W
554,768.02,899.70,3,E,5,W
170,698.94,900.00,1,S,5,W
171,700.17,900.30,1,S,5,W
195,761.40,900.60,1,S,3,W
174,703.86,900.60,1,S,5,W
446,770.55,900.90,2,W,5,W
197,792.35,901.20,1,S,3,W
468,715.85,901.20,2,E,5,W
177,705.85,901.50,1,S,5,W
181,716.29,901.80,1,S,5,W
184,719.64,902.10,1,S,5,W
323,687.30,902.40,1,W,5,W
325,703.56,902.70,1,W,5,W
326,706.73,903.00,1,W,5,W
327,719.24,903.30,1,W,5,W
329,730.22,903.60,1,W,5,W
332,771.27,903.60,1,W,2,E
407,708.57,903.90,1,E,5,W
206,807.65,903.90,1,S,1,W
409,747.59,904.20,1,E,5,W
208,813.82,904.20,1,S,1,W
214,881.81,904.50,1,S,1,W
167,657.23,915.40,1,S,5,E
213,841.89,917.00,1,S,1,E
221,895.28,919.10,1,S,1,E
172,700.39,921.84,1,S,5,N
175,703.89,922.14,1,S,5,N
469,734.05,922.44,2,E,5,N
470,775.08,922.74,2,E,5,N
176,705.50,923.04,1,S,5,N
179,713.79,923.34,1,S,5,N
180,715.33,923.64,1,S,5,N
182,717.20,923.94,1,S,5,N
183,718.51,924.24,1,S,5,N
319,668.20,924.54,1,W,5,N
320,668.47,924.84,1,W,5,N
321,668.70,925.14,1,W,5,N
324,693.58,925.44,1,W,5,N
328,720.45,925.74,1,W,5,N
330,745.42,926.04,1,W,5,N
331,754.51,926.34,1,W,5,N
408,747.46,926.64,1,E,5,N
410,781.10,926.94,1,E,5,N
411,786.13,927.24,1,E,5,N
555,810.59,929.67,3,E,5,N
502,798.71,929.67,3,W,5,N
503,864.05,929.97,3,W,5,N
557,829.45,930.27,3,E,5,N
558,870.35,932.12,3,E,5,N
215,883.00,943.42,1,S,2,E
346,838.22,943.87,1,W,3,W
348,841.18,944.47,1,W,3,W
418,883.63,946.87,1,E,3,W
682,874.05,965.54,5,W,5,N
683,874.29,965.84,5,W,5,N
684,876.04,966.14,5,W,5,N
685,894.23,966.44,5,W,5,N
556,827.53,999.30,3,E,5,W
193,759.24,999.60,1,S,5,W
220,893.09,999.80,1,S,3,E
447,850.61,999.90,2,W,5,W
472,840.61,1000.20,2,E,5,W
449,873.17,1000.50,2,W,5,W
199,794.64,1000.80,1,S,5,W
204,806.51,1001.10,1,S,5,W
205,807.03,1001.40,1,S,5,W
209,814.88,1001.70,1,S,5,W
335,805.14,1002.00,1,W,5,W
336,810.94,1002.30,1,W,5,W
338,816.00,1002.60,1,W,5,W
339,817.52,1002.90,1,W,5,W
345,830.58,1003.20,1,W,5,W
349,843.10,1003.50,1,W,5,W
412,812.28,1003.80,1,E,5,W
413,822.41,1004.10,1,E,5,W
471,812.76,1017.40,2,E,5,E
337,814.70,1020.10,1,W,5,E
341,821.60,1020.70,1,W,5,E
186,750.79,1021.44,1,S,5,N
187,752.18,1021.74,1,S,5,N
189,754.02,1022.04,1,S,5,N
190,755.56,1022.34,1,S,5,N
191,757.00,1022.64,1,S,5,N
192,757.14,1022.94,1,S,5,N
196,761.55,1023.24,1,S,5,N
448,859.16,1023.84,2,W,5,N
473,889.17,1024.14,2,E,5,N
203,800.71,1024.44,1,S,5,N
207,812.20,1024.74,1,S,5,N
210,814.97,1025.04,1,S,5,N
211,839.06,1025.34,1,S,5,N
333,778.13,1025.64,1,W,5,N
334,798.23,1025.94,1,W,5,N
340,818.37,1026.54,1,W,5,N
342,822.38,1027.14,1,W,5,N
343,824.32,1027.44,1,W,5,N
344,826.89,1027.74,1,W,5,N
347,839.63,1028.04,1,W,5,N
414,839.13,1028.34,1,E,5,N
415,840.56,1028.64,1,E,5,N
416,855.62,1028.94,1,E,5,N
417,856.67,1029.24,1,E,5,N
419,899.59,1029.54,1,E,5,N
352,884.11,1037.97,1,W,3,E
216,884.89,1099.20,1,S,5,W
218,889.84,1099.50,1,S,5,W
350,869.03,1099.80,1,W,5,W
353,886.11,1100.10,1,W,5,W
354,887.92,1100.40,1,W,5,W
355,898.74,1100.70,1,W,5,W
356,898.93,1101.00,1,W,5,W
212,840.69,1121.34,1,S,5,N
217,887.88,1121.64,1,S,5,N
219,891.26,1121.94,1,S,5,N
222,896.86,1122.24,1,S,5,N
351,882.96,1122.54,1,W,5,N