id,enter_time,exit_time,entrance_intersection,entrance_direction,exit_intersection,exit_direction
464,0.26,66.44,5,W,5,N
465,0.40,66.74,5,W,5,N
466,3.24,67.04,5,W,5,N
467,4.90,67.34,5,W,5,N
468,6.44,67.64,5,W,5,N
469,18.61,67.94,5,W,5,N
470,19.63,68.24,5,W,5,N
471,20.10,68.54,5,W,5,N
472,47.38,68.84,5,W,5,N
473,49.16,69.14,5,W,5,N
474,64.85,70.99,5,W,5,N
475,64.90,71.04,5,W,5,N
476,66.27,72.41,5,W,5,N
477,66.93,73.07,5,W,5,N
478,67.22,73.35,5,W,5,N
479,68.54,74.68,5,W,5,N
480,70.10,76.24,5,W,5,N
611,8.85,80.44,5,E,5,N
612,14.48,80.74,5,E,5,N
613,15.20,81.04,5,E,5,N
614,37.95,81.34,5,E,5,N
0,0.50,100.70,1,S,1,W
2,3.39,101.00,1,S,1,W
7,41.19,101.30,1,S,1,W
9,72.51,101.60,1,S,1,W
18,84.73,101.90,1,S,1,W
21,89.35,103.48,1,S,1,W
379,44.36,112.57,2,E,3,W
380,71.19,112.87,2,E,3,E
6,41.00,114.10,1,S,1,E
11,74.50,115.00,1,S,1,E
13,77.31,115.60,1,S,1,E
32,107.88,122.02,1,S,1,E
434,9.56,131.27,3,E,5,N
435,45.37,131.57,3,E,5,N
436,47.33,131.87,3,E,5,N
404,71.87,133.64,3,W,5,N
297,41.94,139.17,1,E,3,E
437,96.56,158.33,3,E,5,N
481,88.24,166.34,5,W,5,N
482,90.12,166.64,5,W,5,N
483,97.31,166.94,5,W,5,N
484,128.15,167.24,5,W,5,N
485,130.13,167.54,5,W,5,N
486,131.79,167.84,5,W,5,N
487,134.20,168.14,5,W,5,N
488,135.17,168.44,5,W,5,N
489,135.20,168.74,5,W,5,N
490,140.18,169.04,5,W,5,N
491,148.23,169.34,5,W,5,N
492,154.97,169.64,5,W,5,N
493,156.84,169.94,5,W,5,N
494,157.65,170.24,5,W,5,N
495,159.53,170.54,5,W,5,N
496,160.71,170.84,5,W,5,N
497,163.38,171.14,5,W,5,N
498,165.00,171.14,5,W,5,N
499,165.91,172.05,5,W,5,N
500,167.58,173.71,5,W,5,N
501,169.01,175.15,5,W,5,N
615,106.67,180.34,5,E,5,N
616,135.13,180.64,5,E,5,N
617,154.38,180.94,5,E,5,N
618,182.56,188.69,5,E,5,N
405,96.08,200.10,3,W,5,W
5,40.52,200.20,1,S,3,W
350,44.73,200.40,2,W,5,W
3,5.13,200.70,1,S,5,W
294,26.37,201.00,1,E,5,W
27,101.51,201.10,1,S,1,W
296,38.83,201.30,1,E,5,W
36,153.87,201.40,1,S,1,W
16,81.37,202.00,1,S,3,W
183,82.89,202.30,1,W,2,E
188,125.83,203.80,1,W,2,E
38,160.50,214.80,1,S,1,E
39,166.27,215.10,1,S,1,E
293,9.73,217.90,1,E,5,E
299,78.66,218.80,1,E,5,E
1,1.88,222.24,1,S,5,N
349,10.70,222.54,2,W,5,N
179,20.16,222.84,1,W,5,N
180,33.57,223.14,1,W,5,N
181,56.19,223.44,1,W,5,N
182,57.75,223.74,1,W,5,N
305,198.18,224.30,1,E,2,W
295,29.85,224.34,1,E,5,N
298,68.48,224.64,1,E,5,N
185,99.96,238.97,1,W,3,E
304,196.38,258.57,1,E,3,W
502,179.40,266.24,5,W,5,N
503,182.39,266.54,5,W,5,N
504,191.63,266.84,5,W,5,N
505,198.97,267.14,5,W,5,N
506,200.85,267.44,5,W,5,N
507,201.98,267.74,5,W,5,N
508,203.73,268.04,5,W,5,N
509,204.43,268.34,5,W,5,N
510,204.90,268.64,5,W,5,N
511,207.85,268.94,5,W,5,N
512,218.78,269.24,5,W,5,N
513,226.46,269.54,5,W,5,N
514,227.80,269.84,5,W,5,N
515,228.41,270.14,5,W,5,N
516,236.12,270.44,5,W,5,N
517,238.67,270.74,5,W,5,N
518,240.32,271.04,5,W,5,N
519,242.04,271.34,5,W,5,N
619,212.31,280.24,5,E,5,N
620,218.21,280.54,5,E,5,N
621,220.48,280.84,5,E,5,N
622,292.66,298.80,5,E,5,N
406,155.23,300.00,3,W,5,W
37,159.46,300.30,1,S,3,W
438,106.36,300.30,3,E,5,W
407,163.69,300.60,3,W,5,W
439,159.52,300.90,3,E,5,W
408,182.75,301.20,3,W,5,W
51,251.89,301.50,1,S,1,W
4,37.81,301.50,1,S,5,W
54,255.57,301.80,1,S,1,W
47,214.93,301.80,1,S,2,W
14,78.10,301.80,1,S,5,W
56,261.02,302.10,1,S,1,W
15,79.95,302.10,1,S,5,W
59,265.83,302.40,1,S,1,W
22,91.16,302.40,1,S,5,W
353,155.67,302.70,2,W,5,W
383,196.21,303.00,2,E,5,W
31,106.80,303.30,1,S,5,W
187,124.76,303.60,1,W,5,W
189,126.40,303.90,1,W,5,W
191,132.76,304.20,1,W,5,W
193,137.80,304.50,1,W,5,W
194,138.52,304.80,1,W,5,W
195,147.93,305.10,1,W,5,W
196,149.82,305.40,1,W,5,W
197,160.57,305.70,1,W,5,W
311,246.26,306.30,1,E,2,W
357,266.98,313.37,2,W,3,W
52,253.10,314.60,1,S,1,E
12,76.77,316.60,1,S,5,E
25,98.95,318.40,1,S,5,E
351,141.09,318.70,2,W,5,E
8,69.91,322.14,1,S,5,N
10,74.22,322.44,1,S,5,N
17,81.74,323.04,1,S,5,N
19,84.91,323.34,1,S,5,N
20,87.99,323.64,1,S,5,N
23,92.88,323.94,1,S,5,N
24,97.95,324.24,1,S,5,N
381,112.03,325.14,2,E,5,N
352,152.12,325.44,2,W,5,N
382,153.35,325.74,2,E,5,N
354,189.71,326.04,2,W,5,N
26,99.66,326.34,1,S,5,N
28,102.71,326.64,1,S,5,N
29,103.60,326.94,1,S,5,N
30,105.18,327.24,1,S,5,N
33,110.03,327.54,1,S,5,N
184,84.24,327.84,1,W,5,N
186,100.98,328.14,1,W,5,N
190,129.96,328.44,1,W,5,N
192,134.23,328.74,1,W,5,N
198,162.41,329.04,1,W,5,N
300,119.50,329.34,1,E,5,N
301,146.01,329.64,1,E,5,N
302,147.97,329.94,1,E,5,N
303,159.41,330.24,1,E,5,N
306,199.72,330.54,1,E,5,N
409,236.80,330.87,3,W,5,N
441,217.79,331.17,3,E,5,N
410,251.33,331.17,3,W,5,N
411,253.85,331.47,3,W,5,N
412,265.73,331.77,3,W,5,N
443,221.04,331.77,3,E,5,N
444,252.06,332.07,3,E,5,N
48,215.86,338.17,1,S,3,W
199,168.61,338.77,1,W,3,E
205,233.32,340.57,1,W,3,E
445,292.18,353.95,3,E,5,N
520,274.12,366.14,5,W,5,N
521,276.09,366.44,5,W,5,N
522,277.58,366.74,5,W,5,N
523,278.15,367.04,5,W,5,N
524,279.45,367.34,5,W,5,N
525,280.06,367.64,5,W,5,N
526,293.48,367.94,5,W,5,N
527,301.79,368.24,5,W,5,N
528,335.10,368.54,5,W,5,N
529,335.43,368.84,5,W,5,N
530,336.08,369.14,5,W,5,N
531,337.14,369.44,5,W,5,N
532,365.24,371.37,5,W,5,N
533,366.65,372.79,5,W,5,N
623,300.95,380.14,5,E,5,N
624,374.63,380.76,5,E,5,N
440,216.61,399.90,3,E,5,W
442,219.08,400.20,3,E,5,W
35,151.93,400.50,1,S,5,W
40,167.03,400.80,1,S,5,W
42,201.73,401.10,1,S,5,W
355,204.48,401.40,2,W,5,W
384,245.98,401.70,2,E,5,W
62,316.68,401.90,1,S,1,W
358,273.15,402.00,2,W,5,W
67,368.68,402.20,1,S,1,W
359,286.01,402.30,2,W,5,W
69,371.22,402.50,1,S,1,W
385,292.54,402.60,2,E,5,W
213,319.00,402.80,1,W,2,W
200,169.03,402.90,1,W,5,W
204,217.16,403.20,1,W,5,W
206,249.71,403.50,1,W,5,W
309,218.38,403.80,1,E,5,W
312,253.83,404.10,1,E,5,W
386,340.75,412.87,2,E,3,E
41,168.32,416.20,1,S,5,E
73,374.71,417.10,1,S,1,E
308,203.84,419.50,1,E,5,E
82,390.50,419.80,1,S,1,E
34,151.24,422.04,1,S,5,N
356,236.74,422.64,2,W,5,N
43,206.57,422.94,1,S,5,N
44,207.50,423.24,1,S,5,N
45,208.89,423.54,1,S,5,N
46,212.59,423.84,1,S,5,N
49,218.18,424.14,1,S,5,N
201,169.12,424.44,1,W,5,N
202,188.61,424.74,1,W,5,N
203,207.35,425.04,1,W,5,N
307,201.28,425.34,1,E,5,N
310,237.39,425.94,1,E,5,N
313,272.30,426.24,1,E,5,N
413,318.54,430.67,3,W,5,N
446,345.80,430.67,3,E,5,N
216,337.95,439.77,1,W,3,W
414,384.28,446.05,3,W,5,N
415,397.75,459.52,3,W,5,N
534,378.91,466.04,5,W,5,N
535,381.07,466.34,5,W,5,N
536,382.21,466.64,5,W,5,N
537,383.87,466.94,5,W,5,N
538,385.12,467.24,5,W,5,N
539,387.92,467.54,5,W,5,N
540,388.86,467.84,5,W,5,N
541,399.45,468.14,5,W,5,N
542,401.29,468.44,5,W,5,N
543,402.32,468.74,5,W,5,N
544,403.73,469.04,5,W,5,N
545,414.36,469.34,5,W,5,N
546,415.07,469.64,5,W,5,N
547,438.50,469.94,5,W,5,N
548,441.14,470.24,5,W,5,N
549,451.54,470.54,5,W,5,N
550,452.55,470.84,5,W,5,N
551,460.38,471.14,5,W,5,N
625,419.86,480.04,5,E,5,N
626,422.76,480.34,5,E,5,N
627,424.85,480.64,5,E,5,N
447,397.89,499.80,3,E,5,W
53,253.76,500.10,1,S,5,W
58,264.95,500.40,1,S,5,W
60,267.75,500.70,1,S,5,W
628,494.81,500.95,5,E,5,N
361,394.57,501.00,2,W,5,W
362,395.65,501.30,2,W,5,W
61,315.14,501.60,1,S,5,W
207,271.82,501.90,1,W,5,W
209,295.78,502.20,1,W,5,W
87,399.83,502.30,1,S,1,W
210,297.58,502.50,1,W,5,W
94,440.00,502.60,1,S,1,W
211,305.78,502.80,1,W,5,W
98,445.71,502.90,1,S,1,W
78,386.21,502.90,1,S,3,E
212,317.21,503.10,1,W,5,W
79,387.36,503.20,1,S,3,W
214,321.36,503.40,1,W,5,W
629,497.53,503.67,5,E,5,N
215,322.78,503.70,1,W,5,W
217,339.23,504.00,1,W,5,W
106,490.44,504.57,1,S,1,W
224,383.19,505.30,1,W,2,E
321,389.27,507.10,1,E,5,W
322,415.87,508.00,1,E,2,W
100,446.15,516.60,1,S,1,E
315,333.12,518.50,1,E,5,E
50,251.47,521.94,1,S,5,N
55,258.56,522.24,1,S,5,N
57,263.48,522.54,1,S,5,N
360,365.17,522.84,2,W,5,N
387,389.88,523.14,2,E,5,N
208,286.20,523.44,1,W,5,N
218,363.42,523.74,1,W,5,N
219,364.47,524.04,1,W,5,N
314,306.77,524.34,1,E,5,N
316,336.29,524.94,1,E,5,N
317,351.75,525.24,1,E,5,N
318,354.33,525.54,1,E,5,N
319,355.60,525.84,1,E,5,N
320,383.37,526.14,1,E,5,N
448,436.98,530.47,3,E,5,N
417,457.69,530.77,3,W,5,N
449,438.80,530.77,3,E,5,N
450,440.53,531.07,3,E,5,N
451,457.94,531.37,3,E,5,N
89,400.88,538.97,1,S,3,W
226,388.43,541.97,1,W,3,W
107,535.08,549.21,1,S,1,E
552,495.85,565.94,5,W,5,N
553,527.45,566.24,5,W,5,N
554,558.27,566.54,5,W,5,N
555,559.94,566.84,5,W,5,N
556,561.69,567.83,5,W,5,N
557,561.80,567.94,5,W,5,N
558,562.81,568.94,5,W,5,N
559,562.91,569.04,5,W,5,N
630,513.31,579.94,5,E,5,N
631,565.51,580.24,5,E,5,N
632,575.83,581.97,5,E,5,N
416,457.35,599.70,3,W,5,W
452,459.08,600.00,3,E,5,W
453,467.08,600.30,3,E,5,W
101,447.60,600.60,1,S,3,W
418,472.10,600.60,3,W,5,W
419,495.01,600.90,3,W,5,W
64,365.19,601.20,1,S,5,W
72,373.96,601.50,1,S,5,W
75,379.89,601.80,1,S,5,W
77,385.04,602.10,1,S,5,W
363,423.23,602.40,2,W,5,W
388,411.00,602.70,2,E,5,W
113,577.14,602.70,1,S,1,W
389,457.03,603.00,2,E,5,W
83,392.10,603.30,1,S,5,W
85,394.49,603.60,1,S,5,W
90,402.62,603.90,1,S,5,W
221,380.10,604.20,1,W,5,W
391,523.01,613.37,2,E,3,E
71,372.30,617.20,1,S,5,E
124,590.99,619.70,1,S,1,E
127,594.70,620.60,1,S,1,E
63,363.73,621.84,1,S,5,N
65,366.42,622.14,1,S,5,N
66,367.74,622.44,1,S,5,N
68,370.32,622.74,1,S,5,N
70,371.84,623.04,1,S,5,N
74,378.33,623.64,1,S,5,N
76,380.24,623.94,1,S,5,N
420,511.09,624.13,3,W,5,E
364,433.26,624.24,2,W,5,N
80,387.69,624.54,1,S,5,N
81,388.91,624.84,1,S,5,N
134,610.88,625.02,1,S,1,E
84,392.18,625.14,1,S,5,N
86,395.31,625.44,1,S,5,N
88,400.31,625.74,1,S,5,N
91,434.88,626.04,1,S,5,N
92,435.03,626.34,1,S,5,N
220,371.87,626.64,1,W,5,N
222,381.58,626.94,1,W,5,N
223,382.77,627.24,1,W,5,N
225,386.50,627.54,1,W,5,N
227,402.04,627.84,1,W,5,N
228,411.06,628.14,1,W,5,N
229,423.64,628.44,1,W,5,N
230,424.92,628.74,1,W,5,N
231,435.41,629.04,1,W,5,N
232,450.37,629.34,1,W,5,N
323,483.85,629.64,1,E,5,N
455,560.21,630.57,3,E,5,N
421,531.75,630.57,3,W,5,N
325,524.86,642.37,1,E,3,W
560,573.46,665.84,5,W,5,N
561,575.49,666.14,5,W,5,N
562,577.16,666.44,5,W,5,N
563,584.52,666.74,5,W,5,N
564,586.04,667.04,5,W,5,N
565,625.16,667.34,5,W,5,N
566,627.46,667.64,5,W,5,N
567,628.85,667.94,5,W,5,N
568,630.83,668.24,5,W,5,N
569,632.59,668.54,5,W,5,N
570,654.65,668.84,5,W,5,N
571,668.55,674.68,5,W,5,N
572,670.16,676.30,5,W,5,N
633,647.01,679.84,5,E,5,N
454,507.84,699.60,3,E,5,W
456,580.11,699.90,3,E,5,W
422,583.68,700.20,3,W,5,W
423,587.95,700.50,3,W,5,W
93,438.96,700.80,1,S,5,W
95,440.19,701.10,1,S,5,W
97,444.09,701.40,1,S,5,W
102,448.50,701.70,1,S,5,W
365,525.71,702.00,2,W,5,W
233,469.92,702.30,1,W,5,W
236,497.67,702.60,1,W,5,W
241,532.21,702.90,1,W,5,W
132,604.00,703.10,1,S,2,W
140,618.14,703.10,1,S,1,W
243,544.96,703.20,1,W,5,W
142,657.40,703.40,1,S,1,W
244,546.38,703.50,1,W,5,W
324,502.95,703.80,1,E,5,W
249,567.00,705.20,1,W,2,W
251,571.30,705.80,1,W,2,E
152,698.24,712.38,1,S,1,W
368,646.24,713.77,2,W,3,W
96,443.83,715.60,1,S,5,E
390,503.20,717.10,2,E,5,E
99,446.00,722.04,1,S,5,N
103,449.28,722.34,1,S,5,N
104,487.68,722.64,1,S,5,N
105,489.26,722.94,1,S,5,N
392,562.71,723.54,2,E,5,N
393,578.83,723.84,2,E,5,N
457,635.96,723.93,3,E,5,E
394,589.14,724.14,2,E,5,N
395,599.91,724.44,2,E,5,N
108,535.43,724.74,1,S,5,N
234,473.53,725.04,1,W,5,N
235,495.88,725.34,1,W,5,N
237,499.23,725.64,1,W,5,N
238,513.11,725.94,1,W,5,N
239,514.14,726.24,1,W,5,N
240,515.57,726.54,1,W,5,N
242,532.59,726.84,1,W,5,N
245,547.42,727.14,1,W,5,N
246,548.75,727.44,1,W,5,N
247,552.06,727.74,1,W,5,N
248,566.21,728.04,1,W,5,N
326,529.06,728.34,1,E,5,N
327,539.25,728.64,1,E,5,N
328,558.10,728.94,1,E,5,N
329,559.36,729.24,1,E,5,N
425,665.22,730.37,3,W,5,N
254,577.23,742.77,1,W,3,E
145,690.38,742.92,1,S,2,W
263,628.98,745.47,1,W,3,E
573,701.23,765.74,5,W,5,N
574,703.91,766.04,5,W,5,N
575,712.15,766.34,5,W,5,N
576,713.50,766.64,5,W,5,N
577,714.26,766.94,5,W,5,N
578,715.56,767.24,5,W,5,N
579,717.16,767.54,5,W,5,N
580,718.52,767.84,5,W,5,N
581,720.12,768.14,5,W,5,N
582,721.26,768.44,5,W,5,N
583,724.36,768.74,5,W,5,N
584,731.96,769.04,5,W,5,N
585,746.79,769.34,5,W,5,N
634,721.78,779.74,5,E,5,N
635,772.54,780.04,5,E,5,N
424,603.80,799.50,3,W,5,W
426,686.35,799.80,3,W,5,W
458,691.29,800.10,3,E,5,W
427,695.96,800.40,3,W,5,W
112,575.48,800.70,1,S,5,W
114,578.74,801.00,1,S,5,W
115,580.09,801.30,1,S,5,W
116,581.21,801.60,1,S,5,W
119,583.20,801.90,1,S,5,W
120,587.00,802.20,1,S,5,W
396,640.97,802.50,2,E,5,W
367,632.72,802.80,2,W,5,W
397,653.37,803.10,2,E,5,W
370,688.65,803.40,2,W,5,W
156,737.35,803.50,1,S,1,W
128,594.84,803.70,1,S,5,W
158,738.44,803.80,1,S,1,W
129,597.98,804.00,1,S,5,W
131,600.93,804.30,1,S,5,W
133,607.57,804.60,1,S,5,W
135,612.35,804.90,1,S,5,W
136,614.08,805.20,1,S,5,W
252,571.94,805.50,1,W,5,W
256,591.48,805.80,1,W,5,W
265,645.37,806.10,1,W,5,W
330,609.92,806.40,1,E,5,W
336,681.09,806.70,1,E,5,W
161,777.18,816.60,1,S,1,E
109,539.80,821.64,1,S,5,N
110,542.68,821.94,1,S,5,N
258,608.02,822.10,1,W,5,E
111,542.78,822.24,1,S,5,N
259,615.12,822.40,1,W,5,E
117,581.68,822.54,1,S,5,N
118,582.82,822.84,1,S,5,N
164,808.94,823.08,1,S,1,E
121,588.24,823.14,1,S,5,N
122,589.04,823.44,1,S,5,N
366,620.06,823.74,2,W,5,N
331,657.95,823.90,1,E,5,E
369,648.79,824.04,2,W,5,N
371,696.39,824.34,2,W,5,N
398,699.94,824.64,2,E,5,N
123,590.46,824.94,1,S,5,N
125,591.06,825.24,1,S,5,N
126,592.97,825.54,1,S,5,N
130,599.16,825.84,1,S,5,N
137,614.47,826.14,1,S,5,N
138,614.66,826.44,1,S,5,N
139,615.53,826.74,1,S,5,N
168,812.67,826.81,1,S,1,E
250,568.30,827.04,1,W,5,N
253,575.79,827.34,1,W,5,N
255,578.44,827.64,1,W,5,N
257,592.38,827.94,1,W,5,N
260,621.88,828.84,1,W,5,N
261,623.70,829.14,1,W,5,N
262,625.11,829.44,1,W,5,N
264,642.91,829.74,1,W,5,N
332,659.14,830.34,1,E,5,N
333,675.22,830.64,1,E,5,N
334,678.18,830.94,1,E,5,N
335,680.82,831.24,1,E,5,N
337,682.02,831.54,1,E,5,N
338,696.38,831.84,1,E,5,N
428,722.66,832.14,3,W,5,N
459,727.71,832.44,3,E,5,N
429,725.62,832.74,3,W,5,N
431,738.99,833.04,3,W,5,N
268,684.53,839.27,1,W,3,W
270,697.81,839.87,1,W,3,E
274,728.40,841.07,1,W,3,E
277,747.96,841.97,1,W,3,E
341,730.29,843.47,1,E,3,W
342,756.52,843.77,1,E,3,E
586,774.79,865.64,5,W,5,N
587,775.64,865.94,5,W,5,N
588,777.26,866.24,5,W,5,N
589,785.23,866.54,5,W,5,N
590,793.96,866.84,5,W,5,N
591,796.87,867.14,5,W,5,N
592,820.56,867.44,5,W,5,N
593,825.84,867.74,5,W,5,N
594,828.77,868.04,5,W,5,N
595,829.63,868.34,5,W,5,N
596,831.31,868.64,5,W,5,N
597,832.65,868.94,5,W,5,N
598,848.07,869.24,5,W,5,N
599,849.56,869.54,5,W,5,N
600,850.81,869.84,5,W,5,N
601,852.59,870.14,5,W,5,N
602,853.91,870.44,5,W,5,N
603,854.44,870.74,5,W,5,N
604,855.22,871.04,5,W,5,N
605,856.32,871.34,5,W,5,N
606,870.24,876.38,5,W,5,N
636,816.42,879.64,5,E,5,N
637,841.09,879.94,5,E,5,N
638,842.49,880.24,5,E,5,N
639,857.37,880.54,5,E,5,N
640,882.90,889.04,5,E,5,N
641,886.96,893.09,5,E,5,N
430,726.82,899.40,3,W,5,W
460,777.50,899.70,3,E,5,W
461,793.85,900.00,3,E,5,W
144,659.63,900.30,1,S,5,W
147,693.27,900.60,1,S,5,W
149,695.08,900.90,1,S,5,W
150,696.91,901.20,1,S,5,W
400,782.19,901.50,2,E,5,W
373,800.47,901.80,2,W,5,W
154,730.26,902.10,1,S,5,W
155,735.43,902.40,1,S,5,W
157,737.75,902.70,1,S,5,W
266,668.18,903.00,1,W,5,W
271,698.87,903.30,1,W,5,W
273,726.43,903.60,1,W,5,W
339,710.71,903.90,1,E,5,W
171,815.37,903.90,1,S,1,W
340,729.24,904.20,1,E,5,W
173,817.09,904.20,1,S,1,W
177,867.63,904.50,1,S,1,W
344,848.52,907.20,1,E,2,W
141,656.14,921.54,1,S,5,N
143,658.14,921.84,1,S,5,N
146,692.58,922.14,1,S,5,N
148,694.58,922.44,1,S,5,N
151,696.92,922.74,1,S,5,N
372,706.57,923.04,2,W,5,N
399,741.10,923.34,2,E,5,N
153,729.26,923.64,1,S,5,N
159,739.32,923.94,1,S,5,N
267,678.00,924.24,1,W,5,N
269,696.01,924.54,1,W,5,N
272,709.81,924.84,1,W,5,N
275,731.12,925.14,1,W,5,N
276,746.45,925.44,1,W,5,N
278,751.27,925.74,1,W,5,N
279,767.16,926.04,1,W,5,N
462,848.98,929.67,3,E,5,N
433,855.79,929.97,3,W,5,N
175,865.00,942.82,1,S,2,W
607,873.91,965.54,5,W,5,N
608,880.22,965.84,5,W,5,N
609,897.20,966.14,5,W,5,N
610,898.81,966.44,5,W,5,N
176,866.10,998.30,1,S,3,W
432,798.51,999.30,3,W,5,W
463,868.00,999.60,3,E,5,W
160,740.36,999.90,1,S,5,W
374,807.01,1000.20,2,W,5,W
375,820.77,1000.50,2,W,5,W
402,842.59,1000.80,2,E,5,W
377,873.32,1001.10,2,W,5,W
378,886.14,1001.40,2,W,5,W
174,817.54,1001.70,1,S,5,W
281,776.43,1002.00,1,W,5,W
283,789.31,1002.30,1,W,5,W
285,814.68,1002.60,1,W,5,W
286,839.48,1002.90,1,W,5,W
287,842.44,1003.20,1,W,5,W
290,861.37,1003.50,1,W,5,W
345,866.67,1003.80,1,E,5,W
346,885.96,1004.10,1,E,5,W
347,889.48,1007.30,1,E,5,W
348,890.00,1007.82,1,E,5,W
165,810.46,1016.80,1,S,5,E
162,777.93,1021.44,1,S,5,N
163,778.96,1021.74,1,S,5,N
401,825.19,1022.04,2,E,5,N
376,846.59,1022.34,2,W,5,N
403,885.53,1022.64,2,E,5,N
166,810.47,1023.24,1,S,5,N
167,811.22,1023.54,1,S,5,N
169,814.01,1023.84,1,S,5,N
170,814.55,1024.14,1,S,5,N
172,815.83,1024.44,1,S,5,N
280,768.31,1024.74,1,W,5,N
282,786.09,1025.04,1,W,5,N
284,798.77,1025.34,1,W,5,N
288,858.85,1025.64,1,W,5,N
289,861.35,1025.94,1,W,5,N
291,864.21,1026.24,1,W,5,N
343,810.40,1026.54,1,E,5,N
292,886.22,1099.20,1,W,5,W
178,868.00,1121.34,1,S,5,N