id,enter_time,exit_time,entrance_intersection,entrance_direction,exit_intersection,exit_direction
0,34.45,48.58,1,S,1,E
487,1.23,66.44,5,W,5,N
488,5.12,66.74,5,W,5,N
489,6.33,67.04,5,W,5,N
490,7.57,67.34,5,W,5,N
491,9.02,67.64,5,W,5,N
492,10.32,67.94,5,W,5,N
493,12.28,68.24,5,W,5,N
494,13.92,68.54,5,W,5,N
495,22.57,68.84,5,W,5,N
496,23.25,69.14,5,W,5,N
497,25.91,69.44,5,W,5,N
498,27.49,69.74,5,W,5,N
499,34.98,70.04,5,W,5,N
500,45.27,70.34,5,W,5,N
501,53.05,70.64,5,W,5,N
502,71.25,77.39,5,W,5,N
600,0.96,80.44,5,E,5,N
601,18.89,80.74,5,E,5,N
602,42.87,81.04,5,E,5,N
603,50.45,81.34,5,E,5,N
604,52.07,81.64,5,E,5,N
605,77.58,83.72,5,E,5,N
606,77.95,84.08,5,E,5,N
5,44.26,100.70,1,S,1,W
7,46.39,101.00,1,S,1,W
12,52.39,101.30,1,S,1,W
301,43.80,103.10,1,E,2,W
16,92.67,106.80,1,S,1,W
411,52.00,131.27,3,W,5,N
445,73.18,134.95,3,E,5,N
15,90.77,142.62,1,S,2,W
25,134.66,148.80,1,S,1,E
446,90.59,152.36,3,E,5,N
503,102.70,166.34,5,W,5,N
504,104.37,166.64,5,W,5,N
505,106.20,166.94,5,W,5,N
506,108.58,167.24,5,W,5,N
507,109.86,167.54,5,W,5,N
508,112.81,167.84,5,W,5,N
509,145.13,168.14,5,W,5,N
510,147.38,168.44,5,W,5,N
511,149.11,168.74,5,W,5,N
512,164.05,170.19,5,W,5,N
513,164.57,170.70,5,W,5,N
514,167.22,173.36,5,W,5,N
515,168.06,174.20,5,W,5,N
516,170.43,176.57,5,W,5,N
607,121.66,180.34,5,E,5,N
608,149.48,180.64,5,E,5,N
609,163.38,180.94,5,E,5,N
443,56.23,200.10,3,E,5,W
412,65.98,200.40,3,W,5,W
444,57.48,200.70,3,E,5,W
413,86.90,201.00,3,W,5,W
387,38.70,201.30,2,E,5,W
358,11.81,201.60,2,W,5,W
388,65.61,201.90,2,E,5,W
11,51.48,202.00,1,S,3,W
360,22.28,202.20,2,W,5,W
177,25.34,202.50,1,W,5,W
303,48.24,202.80,1,E,5,W
188,122.87,205.00,1,W,2,W
310,142.67,209.20,1,E,2,W
390,111.49,212.67,2,E,3,W
362,111.90,212.97,2,W,3,W
32,185.11,215.10,1,S,1,E
359,22.24,222.24,2,W,5,N
389,92.51,222.54,2,E,5,N
1,36.34,222.84,1,S,5,N
176,0.53,223.14,1,W,5,N
178,47.67,223.44,1,W,5,N
179,59.02,223.74,1,W,5,N
297,19.22,224.04,1,E,5,N
298,22.94,224.34,1,E,5,N
299,38.41,224.64,1,E,5,N
300,40.38,224.94,1,E,5,N
302,47.09,225.24,1,E,5,N
304,93.03,225.54,1,E,5,N
414,150.43,231.07,3,W,5,N
415,154.73,231.37,3,W,5,N
448,167.39,231.37,3,E,5,N
449,168.89,231.67,3,E,5,N
450,170.28,232.05,3,E,5,N
180,66.13,238.67,1,W,3,W
184,91.59,239.87,1,W,3,E
451,178.55,240.32,3,E,5,N
452,193.30,255.07,3,E,5,N
453,194.67,256.44,3,E,5,N
517,177.93,266.24,5,W,5,N
518,179.84,266.54,5,W,5,N
519,190.36,266.84,5,W,5,N
520,205.30,267.14,5,W,5,N
521,205.81,267.44,5,W,5,N
522,207.53,267.74,5,W,5,N
523,224.49,268.04,5,W,5,N
524,238.31,268.34,5,W,5,N
525,239.99,268.64,5,W,5,N
526,254.84,268.94,5,W,5,N
610,217.33,280.24,5,E,5,N
611,267.99,280.54,5,E,5,N
612,287.98,294.11,5,E,5,N
613,289.42,295.56,5,E,5,N
447,125.87,300.00,3,E,5,W
4,43.60,300.30,1,S,5,W
6,46.36,300.60,1,S,5,W
17,94.00,300.90,1,S,5,W
18,95.29,301.20,1,S,5,W
46,238.60,301.50,1,S,1,W
364,145.49,301.50,2,W,5,W
50,243.27,301.80,1,S,1,W
392,197.82,301.80,2,E,5,W
20,130.16,302.10,1,S,5,W
182,81.95,302.40,1,W,5,W
191,135.59,302.70,1,W,5,W
197,180.35,303.00,1,W,2,W
192,137.37,303.00,1,W,5,W
193,144.06,303.30,1,W,5,W
194,157.82,303.60,1,W,5,W
196,161.41,303.90,1,W,5,W
306,122.75,304.20,1,E,5,W
308,134.48,304.50,1,E,5,W
312,177.27,304.80,1,E,5,W
64,296.50,310.63,1,S,1,W
65,297.53,311.67,1,S,1,W
49,241.92,314.90,1,S,1,E
51,276.60,315.20,1,S,1,E
57,287.76,317.00,1,S,1,E
10,51.09,317.20,1,S,5,E
60,292.00,317.90,1,S,1,E
19,96.86,318.10,1,S,5,E
2,42.14,322.14,1,S,5,N
3,43.07,322.44,1,S,5,N
8,48.67,322.74,1,S,5,N
9,50.64,323.04,1,S,5,N
13,53.87,323.64,1,S,5,N
14,88.57,323.94,1,S,5,N
361,101.69,324.54,2,W,5,N
391,156.51,324.84,2,E,5,N
363,124.74,325.14,2,W,5,N
21,131.10,325.44,1,S,5,N
22,132.16,325.74,1,S,5,N
23,133.89,326.04,1,S,5,N
24,134.11,326.34,1,S,5,N
26,135.50,326.64,1,S,5,N
27,136.17,326.94,1,S,5,N
181,72.51,327.24,1,W,5,N
183,82.24,327.54,1,W,5,N
185,92.80,327.84,1,W,5,N
186,108.95,328.14,1,W,5,N
187,109.09,328.44,1,W,5,N
189,132.31,328.74,1,W,5,N
190,134.20,329.04,1,W,5,N
195,159.71,329.34,1,W,5,N
305,112.63,329.64,1,E,5,N
307,128.48,329.94,1,E,5,N
309,138.85,330.24,1,E,5,N
311,169.20,330.54,1,E,5,N
313,180.04,330.84,1,E,5,N
314,181.11,331.14,1,E,5,N
454,233.66,331.44,3,E,5,N
417,230.19,331.74,3,W,5,N
456,241.54,332.04,3,E,5,N
418,232.27,332.34,3,W,5,N
419,233.62,332.64,3,W,5,N
457,249.55,332.94,3,E,5,N
421,249.97,333.24,3,W,5,N
422,276.73,338.50,3,W,5,N
45,237.75,338.77,1,S,3,W
62,294.64,344.62,1,S,2,W
527,298.07,366.14,5,W,5,N
528,301.06,366.44,5,W,5,N
529,317.57,366.74,5,W,5,N
530,318.59,367.04,5,W,5,N
531,348.30,367.34,5,W,5,N
532,355.66,367.64,5,W,5,N
533,363.58,369.72,5,W,5,N
534,364.90,371.04,5,W,5,N
535,365.92,372.06,5,W,5,N
536,367.52,373.66,5,W,5,N
614,342.30,380.14,5,E,5,N
615,350.27,380.44,5,E,5,N
616,354.99,380.74,5,E,5,N
416,227.60,399.90,3,W,5,W
455,234.71,400.20,3,E,5,W
420,238.70,400.50,3,W,5,W
29,143.85,400.80,1,S,5,W
31,184.05,401.10,1,S,5,W
206,272.53,401.30,1,W,2,W
393,246.12,401.40,2,E,5,W
367,246.65,401.70,2,W,5,W
67,330.18,401.90,1,S,1,W
369,268.40,402.00,2,W,5,W
70,360.65,402.20,1,S,1,W
39,222.73,402.30,1,S,5,W
72,362.75,402.50,1,S,1,W
40,223.42,402.60,1,S,5,W
77,366.63,402.80,1,S,1,W
202,212.56,402.90,1,W,5,W
203,230.56,403.20,1,W,5,W
204,255.88,403.50,1,W,5,W
396,361.54,413.17,2,E,3,E
71,360.76,415.30,1,S,1,E
76,366.06,416.50,1,S,1,E
78,367.47,416.80,1,S,1,E
28,138.06,422.04,1,S,5,N
30,145.38,422.34,1,S,5,N
33,185.31,422.64,1,S,5,N
34,185.57,422.94,1,S,5,N
35,185.87,423.24,1,S,5,N
36,188.74,423.54,1,S,5,N
37,189.18,423.84,1,S,5,N
365,222.11,424.14,2,W,5,N
394,273.36,424.44,2,E,5,N
366,235.16,424.74,2,W,5,N
368,258.03,425.04,2,W,5,N
38,222.42,425.34,1,S,5,N
41,224.95,425.64,1,S,5,N
42,232.58,425.94,1,S,5,N
43,233.73,426.24,1,S,5,N
44,237.25,426.54,1,S,5,N
198,182.10,426.84,1,W,5,N
199,183.04,427.14,1,W,5,N
200,183.18,427.44,1,W,5,N
201,193.06,427.74,1,W,5,N
315,231.87,428.04,1,E,5,N
316,265.25,428.34,1,E,5,N
317,293.36,428.64,1,E,5,N
458,305.59,430.67,3,E,5,N
423,339.94,430.67,3,W,5,N
424,355.46,430.97,3,W,5,N
460,374.62,436.39,3,E,5,N
426,378.07,439.84,3,W,5,N
75,365.62,442.32,1,S,2,W
427,385.87,447.64,3,W,5,N
537,375.08,466.04,5,W,5,N
538,405.65,466.34,5,W,5,N
539,419.20,466.64,5,W,5,N
540,420.55,466.94,5,W,5,N
541,431.47,467.24,5,W,5,N
542,432.49,467.54,5,W,5,N
543,433.58,467.84,5,W,5,N
544,450.44,468.14,5,W,5,N
545,452.81,468.44,5,W,5,N
546,455.44,468.74,5,W,5,N
547,462.92,469.06,5,W,5,N
617,405.16,480.04,5,E,5,N
618,448.63,480.34,5,E,5,N
459,361.75,499.80,3,E,5,W
73,364.65,499.90,1,S,3,W
425,357.79,500.10,3,W,5,W
48,240.60,500.40,1,S,5,W
61,293.19,500.70,1,S,5,W
63,294.66,501.00,1,S,5,W
395,321.36,501.30,2,E,5,W
210,307.71,501.60,1,W,5,W
213,312.48,501.90,1,W,5,W
215,320.24,502.20,1,W,5,W
84,414.20,502.30,1,S,1,W
323,375.28,502.50,1,E,5,W
85,415.15,502.60,1,S,1,W
87,421.93,502.90,1,S,1,W
89,423.69,503.20,1,S,1,W
93,459.35,503.50,1,S,1,W
95,462.81,503.80,1,S,1,W
98,497.20,511.34,1,S,1,W
91,454.78,515.10,1,S,1,E
92,457.44,515.40,1,S,1,E
47,239.08,521.94,1,S,5,N
52,277.37,522.24,1,S,5,N
53,279.11,522.54,1,S,5,N
54,282.29,522.84,1,S,5,N
55,284.47,523.14,1,S,5,N
56,286.07,523.44,1,S,5,N
58,287.85,523.74,1,S,5,N
59,288.90,524.04,1,S,5,N
370,360.06,524.34,2,W,5,N
397,386.40,524.64,2,E,5,N
371,397.17,524.94,2,W,5,N
66,298.50,525.24,1,S,5,N
373,489.44,525.52,2,W,3,E
205,272.32,525.54,1,W,5,N
207,287.90,525.84,1,W,5,N
208,289.88,526.14,1,W,5,N
209,291.08,526.44,1,W,5,N
211,308.83,526.74,1,W,5,N
212,310.52,527.04,1,W,5,N
214,318.64,527.34,1,W,5,N
216,342.96,527.64,1,W,5,N
217,344.69,527.94,1,W,5,N
318,308.71,528.24,1,E,5,N
319,325.55,528.54,1,E,5,N
320,334.67,528.84,1,E,5,N
321,352.09,529.14,1,E,5,N
322,369.42,529.44,1,E,5,N
324,384.06,529.74,1,E,5,N
325,388.97,530.04,1,E,5,N
461,411.85,530.47,3,E,5,N
428,437.28,530.47,3,W,5,N
86,417.13,538.07,1,S,3,W
224,399.50,540.77,1,W,3,W
326,436.25,542.87,1,E,3,E
548,507.95,565.94,5,W,5,N
549,509.82,566.24,5,W,5,N
550,512.69,566.54,5,W,5,N
551,520.51,566.84,5,W,5,N
552,521.13,567.14,5,W,5,N
553,523.36,567.44,5,W,5,N
554,524.73,567.74,5,W,5,N
555,526.78,568.04,5,W,5,N
556,528.44,568.34,5,W,5,N
557,534.52,568.64,5,W,5,N
558,540.69,568.94,5,W,5,N
559,541.75,569.24,5,W,5,N
560,542.40,569.54,5,W,5,N
561,544.28,569.84,5,W,5,N
619,500.34,579.94,5,E,5,N
620,570.64,580.24,5,E,5,N
429,447.67,599.70,3,W,5,W
462,467.19,600.00,3,E,5,W
74,364.89,600.30,1,S,5,W
372,476.00,600.60,2,W,5,W
81,406.80,600.90,1,S,5,W
88,422.99,601.20,1,S,5,W
218,370.59,601.50,1,W,5,W
219,377.29,601.80,1,W,5,W
225,400.86,602.10,1,W,5,W
228,450.29,602.40,1,W,5,W
229,452.59,602.70,1,W,5,W
101,500.00,602.70,1,S,1,W
230,454.41,603.00,1,W,5,W
103,503.50,603.00,1,S,1,W
108,550.97,603.30,1,S,1,W
109,552.68,603.60,1,S,1,W
112,555.67,603.90,1,S,1,W
113,556.04,604.20,1,S,1,W
399,467.60,616.90,2,E,5,E
222,386.86,619.30,1,W,5,E
68,358.02,621.84,1,S,5,N
69,358.69,622.14,1,S,5,N
79,370.15,622.44,1,S,5,N
398,426.08,622.74,2,E,5,N
400,486.56,623.34,2,E,5,N
80,406.67,623.64,1,S,5,N
82,408.92,623.94,1,S,5,N
83,412.89,624.24,1,S,5,N
90,423.96,624.54,1,S,5,N
403,588.66,624.74,2,E,3,W
220,381.26,624.84,1,W,5,N
221,384.87,625.14,1,W,5,N
223,397.75,625.74,1,W,5,N
226,425.90,626.04,1,W,5,N
227,427.15,626.34,1,W,5,N
327,437.73,626.64,1,E,5,N
328,442.96,626.94,1,E,5,N
463,509.53,630.27,3,E,5,N
464,527.99,630.57,3,E,5,N
431,533.50,630.57,3,W,5,N
465,529.96,630.87,3,E,5,N
466,535.89,631.17,3,E,5,N
433,558.01,631.17,3,W,5,N
467,537.80,631.47,3,E,5,N
468,539.49,631.77,3,E,5,N
234,486.08,638.77,1,W,3,E
236,497.04,639.37,1,W,3,W
116,628.09,642.23,1,S,1,E
469,585.22,646.99,3,E,5,N
122,633.34,647.48,1,S,1,E
470,586.79,648.56,3,E,5,N
562,576.07,665.84,5,W,5,N
563,589.47,666.14,5,W,5,N
564,590.66,666.44,5,W,5,N
565,592.40,666.74,5,W,5,N
566,594.39,667.04,5,W,5,N
567,596.98,667.34,5,W,5,N
568,599.76,667.64,5,W,5,N
569,628.80,667.94,5,W,5,N
570,630.83,668.24,5,W,5,N
571,633.71,668.54,5,W,5,N
572,669.62,675.75,5,W,5,N
621,623.36,679.84,5,E,5,N
622,672.63,680.14,5,E,5,N
430,505.52,699.60,3,W,5,W
432,537.38,699.90,3,W,5,W
471,597.34,700.20,3,E,5,W
97,496.85,700.50,1,S,5,W
623,694.59,700.73,5,E,5,N
100,499.68,700.80,1,S,5,W
104,508.90,701.10,1,S,5,W
231,466.73,701.40,1,W,5,W
232,482.96,701.70,1,W,5,W
237,498.53,702.00,1,W,5,W
239,518.96,702.30,1,W,5,W
243,548.45,702.60,1,W,5,W
329,506.59,702.90,1,E,5,W
126,637.75,703.10,1,S,1,W
330,508.39,703.20,1,E,5,W
127,637.99,703.40,1,S,1,W
331,526.17,703.50,1,E,5,W
129,640.97,703.70,1,S,1,W
135,684.63,704.00,1,S,1,W
138,688.86,704.30,1,S,1,W
624,698.46,704.59,5,E,5,N
339,670.61,708.80,1,E,2,W
235,487.72,718.60,1,W,5,E
94,461.01,721.74,1,S,5,N
96,495.79,722.04,1,S,5,N
99,498.55,722.34,1,S,5,N
102,500.66,722.64,1,S,5,N
374,569.24,722.94,2,W,5,N
401,533.77,723.24,2,E,5,N
402,546.36,723.54,2,E,5,N
105,508.97,723.84,1,S,5,N
472,605.93,723.93,3,E,5,E
106,512.16,724.14,1,S,5,N
233,484.40,724.44,1,W,5,N
238,517.12,725.04,1,W,5,N
240,528.25,725.34,1,W,5,N
241,531.06,725.64,1,W,5,N
149,711.52,725.66,1,S,1,E
242,532.30,725.94,1,W,5,N
244,565.12,726.24,1,W,5,N
332,586.28,726.54,1,E,5,N
434,628.72,730.07,3,W,5,N
435,643.32,730.37,3,W,5,N
436,655.39,730.67,3,W,5,N
477,656.13,731.57,3,E,5,N
478,672.83,734.60,3,E,5,N
117,628.79,737.07,1,S,3,W
125,635.90,739.17,1,S,3,E
338,661.42,744.57,1,E,3,W
573,678.08,765.74,5,W,5,N
574,678.11,766.04,5,W,5,N
575,682.15,766.34,5,W,5,N
576,684.04,766.64,5,W,5,N
577,692.70,766.94,5,W,5,N
578,729.40,767.24,5,W,5,N
579,735.45,767.54,5,W,5,N
580,745.57,767.84,5,W,5,N
581,762.76,768.90,5,W,5,N
582,763.24,769.38,5,W,5,N
583,765.79,771.93,5,W,5,N
625,703.71,779.74,5,E,5,N
626,711.82,780.04,5,E,5,N
627,720.71,780.34,5,E,5,N
628,739.09,780.64,5,E,5,N
629,742.08,780.94,5,E,5,N
128,639.57,798.70,1,S,3,W
630,793.12,799.26,5,E,5,N
473,618.39,799.50,3,E,5,W
474,625.39,799.80,3,E,5,W
475,627.35,800.10,3,E,5,W
476,637.79,800.40,3,E,5,W
110,552.82,800.70,1,S,5,W
111,554.07,801.00,1,S,5,W
115,592.44,801.30,1,S,5,W
375,649.74,801.60,2,W,5,W
378,681.31,801.90,2,W,5,W
118,629.77,802.20,1,S,5,W
119,630.62,802.50,1,S,5,W
246,591.86,802.80,1,W,5,W
248,595.01,803.10,1,W,5,W
249,610.60,803.40,1,W,5,W
150,743.90,803.50,1,S,1,W
252,649.27,803.70,1,W,5,W
255,661.04,804.00,1,W,5,W
256,662.23,804.30,1,W,5,W
154,790.39,804.53,1,S,1,W
335,620.08,804.60,1,E,5,W
631,798.93,805.06,5,E,5,N
269,751.40,806.50,1,W,2,W
157,796.72,810.86,1,S,1,W
383,730.48,813.87,2,W,3,E
114,559.12,815.80,1,S,5,E
153,788.53,816.90,1,S,1,E
107,545.83,821.64,1,S,5,N
404,633.96,822.24,2,E,5,N
405,675.61,822.54,2,E,5,N
376,654.18,822.84,2,W,5,N
377,668.84,823.14,2,W,5,N
379,685.92,823.44,2,W,5,N
380,696.28,823.74,2,W,5,N
120,631.13,824.04,1,S,5,N
121,632.65,824.34,1,S,5,N
482,729.87,824.63,3,E,5,E
123,634.47,824.64,1,S,5,N
124,635.45,824.94,1,S,5,N
245,567.47,825.24,1,W,5,N
247,593.10,825.54,1,W,5,N
250,626.83,825.84,1,W,5,N
251,627.22,826.14,1,W,5,N
253,649.89,826.44,1,W,5,N
254,651.73,826.74,1,W,5,N
333,614.03,827.04,1,E,5,N
334,616.58,827.34,1,E,5,N
336,636.18,827.64,1,E,5,N
337,650.42,827.94,1,E,5,N
340,691.05,828.24,1,E,5,N
341,693.32,828.54,1,E,5,N
437,714.94,829.87,3,W,5,N
479,713.78,829.87,3,E,5,N
480,715.44,830.17,3,E,5,N
438,778.00,839.77,3,W,5,N
584,782.59,865.64,5,W,5,N
585,786.57,865.94,5,W,5,N
586,787.76,866.24,5,W,5,N
587,789.46,866.54,5,W,5,N
588,799.95,866.84,5,W,5,N
589,800.98,867.14,5,W,5,N
590,813.48,867.44,5,W,5,N
591,823.49,867.74,5,W,5,N
592,824.72,868.04,5,W,5,N
593,824.85,868.34,5,W,5,N
594,869.85,875.99,5,W,5,N
595,871.49,877.62,5,W,5,N
632,872.53,879.64,5,E,5,N
633,877.58,883.71,5,E,5,N
156,795.50,899.40,1,S,3,W
342,695.94,899.40,1,E,5,W
343,699.82,899.70,1,E,5,W
159,800.32,900.00,1,S,3,W
481,720.86,900.00,3,E,5,W
483,766.77,900.30,3,E,5,W
130,642.04,900.60,1,S,5,W
137,687.55,900.90,1,S,5,W
381,709.46,901.20,2,W,5,W
143,700.72,901.50,1,S,5,W
147,708.61,901.80,1,S,5,W
259,688.70,902.10,1,W,5,W
260,689.77,902.40,1,W,5,W
261,695.81,902.70,1,W,5,W
264,713.38,903.00,1,W,5,W
266,716.46,903.30,1,W,5,W
634,897.20,903.34,5,E,5,N
270,752.40,903.60,1,W,5,W
271,753.44,903.90,1,W,5,W
344,704.81,904.20,1,E,5,W
345,705.39,904.50,1,E,5,W
346,713.95,904.80,1,E,5,W
348,717.52,905.10,1,E,5,W
288,849.23,906.30,1,W,2,W
172,893.15,907.28,1,S,1,W
410,870.53,913.97,2,E,3,W
165,885.09,917.30,1,S,1,E
257,672.21,920.80,1,W,5,E
131,642.20,921.54,1,S,5,N
132,678.19,921.84,1,S,5,N
133,679.91,922.14,1,S,5,N
134,682.72,922.44,1,S,5,N
268,740.99,922.60,1,W,5,E
136,686.10,922.74,1,S,5,N
139,690.48,923.04,1,S,5,N
140,691.87,923.34,1,S,5,N
141,693.73,923.64,1,S,5,N
142,699.34,923.94,1,S,5,N
406,723.63,924.24,2,E,5,N
407,767.58,924.54,2,E,5,N
382,721.81,924.84,2,W,5,N
384,741.88,925.14,2,W,5,N
385,754.51,925.44,2,W,5,N
144,706.18,925.74,1,S,5,N
145,707.40,926.04,1,S,5,N
146,707.65,926.34,1,S,5,N
148,710.01,926.64,1,S,5,N
258,687.60,927.24,1,W,5,N
262,696.97,927.54,1,W,5,N
263,697.98,927.84,1,W,5,N
265,715.11,928.14,1,W,5,N
267,739.93,928.44,1,W,5,N
347,714.01,929.04,1,E,5,N
349,736.86,929.34,1,E,5,N
350,781.56,929.64,1,E,5,N
440,862.60,929.97,3,W,5,N
485,862.44,929.97,3,E,5,N
486,863.67,930.27,3,E,5,N
272,771.02,937.57,1,W,3,W
441,883.71,939.34,3,W,5,E
169,890.41,944.62,1,S,2,W
442,883.87,945.64,3,W,5,N
596,873.25,965.54,5,W,5,N
597,874.58,965.84,5,W,5,N
598,876.36,966.14,5,W,5,N
599,893.14,966.44,5,W,5,N
166,886.69,998.90,1,S,3,E
439,841.80,999.30,3,W,5,W
484,823.09,999.60,3,E,5,W
170,891.41,999.80,1,S,3,W
408,816.52,999.90,2,E,5,W
409,857.70,1000.20,2,E,5,W
274,775.93,1000.50,1,W,5,W
276,779.30,1000.80,1,W,5,W
277,780.65,1001.10,1,W,5,W
279,786.97,1001.40,1,W,5,W
281,798.09,1001.70,1,W,5,W
284,805.78,1002.00,1,W,5,W
287,829.36,1002.30,1,W,5,W
289,850.16,1002.60,1,W,5,W
291,860.41,1002.90,1,W,5,W
353,870.43,1003.20,1,E,5,W
356,888.82,1006.64,1,E,5,W
152,786.87,1015.60,1,S,5,E
158,799.42,1016.20,1,S,5,E
283,804.91,1019.20,1,W,5,E
351,851.36,1020.70,1,E,5,E
151,785.88,1021.44,1,S,5,N
155,794.85,1022.04,1,S,5,N
160,800.86,1022.64,1,S,5,N
161,804.67,1022.94,1,S,5,N
386,845.31,1023.24,2,W,5,N
162,805.36,1023.54,1,S,5,N
273,772.67,1023.84,1,W,5,N
275,775.95,1024.14,1,W,5,N
278,786.80,1024.44,1,W,5,N
280,796.25,1024.74,1,W,5,N
282,803.73,1025.04,1,W,5,N
285,807.25,1025.64,1,W,5,N
286,809.35,1025.94,1,W,5,N
290,859.58,1026.24,1,W,5,N
292,861.52,1026.54,1,W,5,N
352,869.06,1027.14,1,E,5,N
354,876.33,1027.44,1,E,5,N
355,878.79,1027.74,1,E,5,N
357,897.80,1028.04,1,E,5,N
168,889.23,1099.20,1,S,5,W
174,894.51,1099.50,1,S,5,W
293,870.84,1099.80,1,W,5,W
164,884.41,1115.50,1,S,5,E
295,885.45,1117.30,1,W,5,E
163,847.41,1121.34,1,S,5,N
167,887.60,1121.94,1,S,5,N
171,893.13,1122.24,1,S,5,N
173,894.16,1122.54,1,S,5,N
175,895.78,1122.84,1,S,5,N
294,878.04,1123.14,1,W,5,N
296,887.37,1123.74,1,W,5,N