id,enter_time,exit_time,entrance_intersection,entrance_direction,exit_intersection,exit_direction
489,1.61,66.44,5,W,5,N
490,3.35,66.74,5,W,5,N
491,18.71,67.04,5,W,5,N
492,19.77,67.34,5,W,5,N
493,27.22,67.64,5,W,5,N
586,6.56,80.44,5,E,5,N
587,58.40,80.74,5,E,5,N
588,67.55,81.04,5,E,5,N
2,4.00,100.70,1,S,1,W
202,20.00,101.00,1,W,2,W
3,50.30,101.00,1,S,1,W
205,30.67,101.90,1,W,2,W
452,54.59,131.27,3,E,5,N
424,56.30,131.57,3,W,5,N
453,72.23,134.00,3,E,5,N
454,89.62,151.39,3,E,5,N
494,74.98,166.34,5,W,5,N
495,109.35,166.64,5,W,5,N
496,115.66,166.94,5,W,5,N
497,122.99,167.24,5,W,5,N
498,131.72,167.54,5,W,5,N
499,153.88,167.84,5,W,5,N
500,154.93,168.14,5,W,5,N
501,156.47,168.44,5,W,5,N
589,109.92,180.34,5,E,5,N
590,127.47,180.64,5,E,5,N
591,129.35,180.94,5,E,5,N
592,154.78,181.24,5,E,5,N
423,4.59,200.10,3,W,5,W
368,93.02,200.40,2,W,5,W
201,9.39,200.70,1,W,5,W
203,26.75,201.00,1,W,5,W
9,111.10,201.10,1,S,1,W
204,27.52,201.30,1,W,5,W
14,147.12,201.40,1,S,1,W
209,72.52,201.40,1,W,2,W
593,195.45,201.59,5,E,5,N
206,40.39,201.60,1,W,5,W
18,184.93,201.70,1,S,1,W
216,130.15,203.50,1,W,2,W
372,160.13,213.57,2,W,3,E
316,34.17,220.00,1,E,5,E
0,1.33,222.24,1,S,5,N
1,2.29,222.54,1,S,5,N
399,30.74,222.84,2,E,5,N
400,50.72,223.14,2,E,5,N
401,70.84,223.44,2,E,5,N
200,7.75,223.74,1,W,5,N
207,42.91,224.04,1,W,5,N
208,57.13,224.34,1,W,5,N
311,3.71,224.64,1,E,5,N
312,10.93,224.94,1,E,5,N
313,14.04,225.24,1,E,5,N
314,24.74,225.54,1,E,5,N
315,26.89,225.84,1,E,5,N
317,66.16,226.44,1,E,5,N
318,93.34,226.74,1,E,5,N
426,173.15,234.92,3,W,5,N
25,195.15,243.32,1,S,2,W
323,183.34,245.53,1,E,3,E
457,197.95,253.59,3,E,5,E
502,175.64,266.24,5,W,5,N
503,190.79,266.54,5,W,5,N
504,210.28,266.84,5,W,5,N
505,212.02,267.14,5,W,5,N
506,256.59,267.44,5,W,5,N
507,257.21,267.74,5,W,5,N
508,258.84,268.04,5,W,5,N
594,204.32,280.24,5,E,5,N
595,207.23,280.54,5,E,5,N
596,259.70,280.84,5,E,5,N
425,112.50,300.00,3,W,5,W
455,145.84,300.30,3,E,5,W
16,149.81,300.60,1,S,3,W
456,147.33,300.60,3,E,5,W
6,56.26,300.90,1,S,5,W
7,102.64,301.20,1,S,5,W
33,205.61,301.50,1,S,1,W
402,119.59,301.50,2,E,5,W
37,232.20,301.80,1,S,1,W
371,149.99,301.80,2,W,5,W
22,191.17,302.10,1,S,3,E
373,173.23,302.10,2,W,5,W
11,113.40,302.40,1,S,5,W
211,74.81,302.70,1,W,5,W
214,110.96,303.00,1,W,5,W
319,103.71,303.30,1,E,5,W
321,158.63,303.60,1,E,5,W
29,201.43,303.90,1,S,3,E
227,242.08,305.10,1,W,2,E
327,216.22,306.60,1,E,2,W
47,294.20,308.34,1,S,1,W
48,295.40,309.54,1,S,1,W
40,282.97,314.60,1,S,1,E
43,288.36,315.50,1,S,1,E
369,100.19,316.60,2,W,5,E
51,299.27,317.30,1,S,1,E
55,305.95,320.09,1,S,1,E
4,50.37,322.14,1,S,5,N
5,55.25,322.44,1,S,5,N
370,139.80,323.04,2,W,5,N
403,166.16,323.34,2,E,5,N
8,105.96,323.64,1,S,5,N
58,309.54,323.68,1,S,1,E
10,111.33,323.94,1,S,5,N
210,74.56,324.24,1,W,5,N
212,97.99,324.54,1,W,5,N
213,109.54,324.84,1,W,5,N
215,129.11,325.14,1,W,5,N
217,144.65,325.44,1,W,5,N
320,138.70,325.74,1,E,5,N
322,174.28,326.04,1,E,5,N
324,185.16,326.34,1,E,5,N
325,187.05,326.64,1,E,5,N
326,191.00,326.94,1,E,5,N
428,261.78,331.17,3,W,5,N
429,263.26,331.47,3,W,5,N
67,320.46,334.59,1,S,1,E
70,322.33,336.47,1,S,1,E
223,192.71,339.97,1,W,3,E
226,232.65,340.87,1,W,3,E
229,255.25,341.77,1,W,3,E
509,274.38,366.14,5,W,5,N
510,276.48,366.44,5,W,5,N
511,277.77,366.74,5,W,5,N
512,305.98,367.04,5,W,5,N
513,307.30,367.34,5,W,5,N
514,315.04,367.64,5,W,5,N
515,353.83,367.94,5,W,5,N
516,361.86,368.00,5,W,5,N
517,372.10,378.24,5,W,5,N
518,372.92,379.05,5,W,5,N
597,327.23,380.14,5,E,5,N
598,332.54,380.44,5,E,5,N
599,337.40,380.74,5,E,5,N
600,378.14,384.28,5,E,5,N
601,383.46,389.59,5,E,5,N
458,203.63,399.90,3,E,5,W
427,201.88,400.20,3,W,5,W
459,253.33,400.50,3,E,5,W
460,284.30,400.80,3,E,5,W
23,192.70,401.10,1,S,5,W
27,198.46,401.40,1,S,5,W
30,202.81,401.70,1,S,5,W
57,308.89,401.90,1,S,1,W
404,206.52,402.00,2,E,5,W
59,310.60,402.20,1,S,1,W
405,243.79,402.30,2,E,5,W
75,326.07,402.50,1,S,1,W
36,230.27,402.60,1,S,5,W
96,387.45,402.80,1,S,1,W
218,169.68,402.90,1,W,5,W
219,170.88,403.20,1,W,5,W
228,242.46,403.50,1,W,5,W
230,257.00,403.80,1,W,5,W
231,258.76,404.10,1,W,5,W
74,325.67,404.60,1,S,2,E
602,398.74,404.87,5,E,5,N
15,148.06,416.50,1,S,5,E
21,190.60,417.70,1,S,5,E
220,171.53,421.30,1,W,5,E
12,145.94,422.04,1,S,5,N
13,146.12,422.34,1,S,5,N
17,184.59,422.94,1,S,5,N
19,187.90,423.24,1,S,5,N
20,190.13,423.54,1,S,5,N
24,194.17,424.14,1,S,5,N
26,196.53,424.44,1,S,5,N
28,199.18,424.74,1,S,5,N
374,257.81,425.04,2,W,5,N
463,361.15,425.13,3,E,5,E
375,264.22,425.34,2,W,5,N
406,284.41,425.64,2,E,5,N
31,204.02,425.94,1,S,5,N
32,204.42,426.24,1,S,5,N
34,206.06,426.54,1,S,5,N
35,207.25,426.84,1,S,5,N
38,232.58,427.14,1,S,5,N
221,189.17,427.74,1,W,5,N
222,191.14,428.04,1,W,5,N
224,209.69,428.34,1,W,5,N
225,229.36,428.64,1,W,5,N
328,227.04,428.94,1,E,5,N
329,239.39,429.24,1,E,5,N
330,241.26,429.54,1,E,5,N
331,267.92,429.84,1,E,5,N
430,319.44,430.67,3,W,5,N
461,340.86,430.67,3,E,5,N
465,379.06,440.83,3,E,5,N
92,382.39,443.22,1,S,2,W
237,311.96,444.87,1,W,3,E
334,340.74,447.57,1,E,3,W
336,382.89,448.17,1,E,3,E
519,386.19,466.04,5,W,5,N
520,387.52,466.34,5,W,5,N
521,389.12,466.64,5,W,5,N
522,404.02,466.94,5,W,5,N
523,405.52,467.24,5,W,5,N
524,434.80,467.54,5,W,5,N
525,436.77,467.84,5,W,5,N
526,439.48,468.14,5,W,5,N
527,472.18,478.31,5,W,5,N
603,465.88,480.04,5,E,5,N
604,490.59,496.72,5,E,5,N
84,372.70,499.30,1,S,3,W
431,323.60,499.80,3,W,5,W
462,351.71,500.10,3,E,5,W
432,341.80,500.40,3,W,5,W
464,370.52,500.70,3,E,5,W
466,385.65,501.00,3,E,5,W
39,278.93,501.30,1,S,5,W
45,290.38,501.60,1,S,5,W
49,297.67,501.90,1,S,5,W
376,349.91,502.20,2,W,5,W
605,496.06,502.20,5,E,5,N
100,429.75,502.30,1,S,1,W
378,373.19,502.50,2,W,5,W
101,431.34,502.60,1,S,1,W
56,307.58,502.80,1,S,5,W
60,311.99,503.10,1,S,5,W
61,312.01,503.40,1,S,5,W
62,313.09,503.70,1,S,5,W
64,315.79,504.00,1,S,5,W
65,318.29,504.30,1,S,5,W
66,320.16,504.60,1,S,5,W
73,324.69,504.90,1,S,5,W
83,334.32,505.20,1,S,5,W
255,461.81,505.30,1,W,2,E
234,289.38,505.50,1,W,5,W
238,313.81,505.80,1,W,5,W
239,316.78,506.10,1,W,5,W
332,308.04,506.40,1,E,5,W
337,391.89,509.71,1,E,5,W
41,284.94,521.94,1,S,5,N
42,287.65,522.24,1,S,5,N
44,289.27,522.54,1,S,5,N
46,292.20,522.84,1,S,5,N
50,298.28,523.14,1,S,5,N
52,300.75,523.44,1,S,5,N
53,300.99,523.74,1,S,5,N
54,301.39,524.04,1,S,5,N
407,306.04,524.34,2,E,5,N
408,347.85,524.64,2,E,5,N
242,320.16,524.80,1,W,5,E
377,361.30,524.94,2,W,5,N
409,397.21,525.24,2,E,5,N
63,314.90,525.54,1,S,5,N
68,321.86,525.84,1,S,5,N
69,322.20,526.14,1,S,5,N
71,322.78,526.44,1,S,5,N
72,323.86,526.74,1,S,5,N
76,326.82,527.04,1,S,5,N
77,327.76,527.34,1,S,5,N
78,328.53,527.64,1,S,5,N
79,330.59,527.94,1,S,5,N
80,331.37,528.24,1,S,5,N
81,331.86,528.54,1,S,5,N
82,333.15,528.84,1,S,5,N
232,265.64,529.14,1,W,5,N
233,286.24,529.44,1,W,5,N
235,309.25,529.74,1,W,5,N
236,310.81,530.04,1,W,5,N
240,317.18,530.34,1,W,5,N
241,319.15,530.64,1,W,5,N
243,342.87,531.24,1,W,5,N
333,334.79,531.54,1,E,5,N
335,366.89,531.84,1,E,5,N
467,400.55,532.14,3,E,5,N
468,444.53,532.44,3,E,5,N
434,430.06,532.74,3,W,5,N
339,441.31,542.27,1,E,3,W
470,494.21,555.98,3,E,5,N
528,484.49,565.94,5,W,5,N
529,495.39,566.24,5,W,5,N
530,496.73,566.54,5,W,5,N
531,524.29,566.84,5,W,5,N
532,524.69,567.14,5,W,5,N
533,525.78,567.44,5,W,5,N
534,533.64,567.74,5,W,5,N
535,565.45,571.58,5,W,5,N
536,572.69,578.83,5,W,5,N
606,548.99,579.94,5,E,5,N
107,501.67,599.70,1,S,3,E
433,412.43,599.70,3,W,5,W
108,502.91,600.00,1,S,3,W
469,446.07,600.00,3,E,5,W
435,486.92,600.30,3,W,5,W
85,373.15,600.60,1,S,5,W
87,376.83,600.90,1,S,5,W
88,378.73,601.20,1,S,5,W
89,378.79,601.50,1,S,5,W
98,389.10,601.80,1,S,5,W
411,455.68,602.10,2,E,5,W
412,484.37,602.40,2,E,5,W
103,434.34,602.70,1,S,5,W
113,512.73,602.70,1,S,1,W
246,393.69,603.00,1,W,5,W
116,517.54,603.00,1,S,1,W
249,412.21,603.30,1,W,5,W
120,523.47,603.30,1,S,1,W
250,417.45,603.60,1,W,5,W
121,524.58,603.60,1,S,2,W
123,527.71,603.60,1,S,1,W
252,427.82,603.90,1,W,5,W
126,535.35,603.90,1,S,1,W
340,460.06,604.20,1,E,5,W
132,542.43,604.20,1,S,1,W
133,544.11,604.50,1,S,1,W
261,496.00,606.60,1,W,2,E
268,516.06,608.70,1,W,2,W
143,597.01,611.14,1,S,1,W
382,574.95,613.67,2,W,3,W
131,542.33,616.10,1,S,1,E
91,382.32,616.30,1,S,5,E
138,549.57,617.60,1,S,1,E
410,410.03,618.10,2,E,5,E
140,556.40,618.20,1,S,1,E
102,432.58,618.70,1,S,5,E
247,407.97,619.90,1,W,5,E
86,374.20,621.84,1,S,5,N
90,380.84,622.14,1,S,5,N
93,383.82,622.74,1,S,5,N
94,384.20,623.04,1,S,5,N
95,385.77,623.34,1,S,5,N
97,388.27,623.64,1,S,5,N
379,450.56,623.94,2,W,5,N
99,429.09,624.54,1,S,5,N
104,436.05,625.14,1,S,5,N
244,368.09,625.44,1,W,5,N
245,384.24,625.74,1,W,5,N
248,409.89,626.34,1,W,5,N
251,426.53,626.64,1,W,5,N
253,431.74,626.94,1,W,5,N
254,441.33,627.24,1,W,5,N
256,464.50,627.54,1,W,5,N
338,402.36,627.84,1,E,5,N
341,474.17,628.14,1,E,5,N
342,479.34,628.44,1,E,5,N
343,483.88,628.74,1,E,5,N
384,593.92,629.99,2,W,3,E
436,547.05,630.27,3,W,5,N
471,508.13,630.27,3,E,5,N
473,514.21,630.87,3,E,5,N
437,569.88,631.65,3,W,5,N
438,570.09,631.86,3,W,5,N
112,512.58,637.87,1,S,3,W
136,548.91,643.12,1,S,2,E
265,512.32,643.87,1,W,3,E
439,585.60,647.37,3,W,5,N
347,584.43,647.77,1,E,3,E
476,588.27,650.04,3,E,5,N
537,572.93,665.84,5,W,5,N
538,574.05,666.14,5,W,5,N
539,575.69,666.44,5,W,5,N
540,583.43,666.74,5,W,5,N
541,584.48,667.04,5,W,5,N
542,605.11,667.34,5,W,5,N
543,607.50,667.64,5,W,5,N
544,607.88,667.94,5,W,5,N
545,620.96,668.24,5,W,5,N
546,622.26,668.54,5,W,5,N
547,623.75,668.84,5,W,5,N
548,630.75,669.14,5,W,5,N
549,644.15,669.44,5,W,5,N
550,645.93,669.74,5,W,5,N
551,658.84,670.04,5,W,5,N
552,660.31,670.34,5,W,5,N
553,660.63,670.64,5,W,5,N
554,661.91,670.94,5,W,5,N
555,664.84,670.97,5,W,5,N
607,602.05,679.84,5,E,5,N
608,602.58,680.14,5,E,5,N
609,602.95,680.44,5,E,5,N
610,603.32,680.74,5,E,5,N
611,673.77,681.04,5,E,5,N
612,680.65,686.78,5,E,5,N
472,513.14,699.60,3,E,5,W
474,529.18,699.90,3,E,5,W
475,587.03,700.20,3,E,5,W
440,591.81,700.50,3,W,5,W
413,531.98,700.80,2,E,5,W
109,510.89,701.10,1,S,5,W
114,514.21,701.40,1,S,5,W
125,533.66,701.70,1,S,5,W
259,480.14,702.00,1,W,5,W
270,535.03,702.30,1,W,5,W
273,549.97,702.60,1,W,5,W
344,512.31,702.90,1,E,5,W
146,601.13,703.10,1,S,1,W
345,517.68,703.20,1,E,5,W
147,601.51,703.40,1,S,1,W
153,609.23,703.70,1,S,1,W
159,648.74,704.00,1,S,1,W
161,651.36,704.30,1,S,1,W
165,657.75,704.60,1,S,1,W
167,691.58,705.71,1,S,1,W
416,667.17,713.47,2,E,3,W
389,663.05,714.37,2,W,3,W
118,520.36,718.60,1,S,5,E
119,522.27,718.90,1,S,5,E
257,468.40,720.40,1,W,5,E
262,497.99,721.30,1,W,5,E
105,469.43,721.74,1,S,5,N
106,500.51,722.04,1,S,5,N
380,530.22,722.34,2,W,5,N
381,564.21,722.64,2,W,5,N
269,519.73,722.80,1,W,5,E
414,579.13,722.94,2,E,5,N
383,580.34,723.24,2,W,5,N
110,512.46,723.54,1,S,5,N
111,512.53,723.84,1,S,5,N
115,515.09,724.14,1,S,5,N
117,519.05,724.44,1,S,5,N
122,527.22,725.34,1,S,5,N
124,528.31,725.64,1,S,5,N
127,536.49,725.94,1,S,5,N
128,537.98,726.24,1,S,5,N
258,476.87,726.84,1,W,5,N
260,494.35,727.14,1,W,5,N
263,501.74,727.74,1,W,5,N
264,502.92,728.04,1,W,5,N
266,513.83,728.34,1,W,5,N
267,515.73,728.64,1,W,5,N
271,536.27,729.24,1,W,5,N
272,542.34,729.54,1,W,5,N
274,551.67,729.84,1,W,5,N
346,525.49,730.14,1,E,5,N
348,592.77,730.44,1,E,5,N
441,613.63,730.74,3,W,5,N
477,647.78,731.04,3,E,5,N
443,643.47,731.34,3,W,5,N
444,668.15,731.64,3,W,5,N
445,670.55,732.32,3,W,5,N
283,638.08,741.27,1,W,3,W
556,675.29,765.74,5,W,5,N
557,676.77,766.04,5,W,5,N
558,683.08,766.34,5,W,5,N
559,697.26,766.64,5,W,5,N
560,699.85,766.94,5,W,5,N
561,701.07,767.24,5,W,5,N
562,702.84,767.54,5,W,5,N
563,703.85,767.84,5,W,5,N
564,706.63,768.14,5,W,5,N
565,707.68,768.44,5,W,5,N
566,738.48,768.74,5,W,5,N
567,739.09,769.04,5,W,5,N
568,740.55,769.34,5,W,5,N
569,742.02,769.64,5,W,5,N
570,743.97,769.94,5,W,5,N
571,749.68,770.24,5,W,5,N
572,763.74,770.54,5,W,5,N
573,764.31,770.84,5,W,5,N
613,699.92,779.74,5,E,5,N
614,700.14,780.04,5,E,5,N
615,702.72,780.34,5,E,5,N
616,716.27,780.64,5,E,5,N
617,766.28,780.94,5,E,5,N
618,768.14,781.24,5,E,5,N
619,772.56,781.54,5,E,5,N
620,778.42,784.55,5,E,5,N
621,780.23,786.37,5,E,5,N
622,782.24,788.38,5,E,5,N
154,642.77,798.70,1,S,3,E
442,638.42,799.50,3,W,5,W
137,549.39,799.80,1,S,5,W
142,595.73,800.10,1,S,5,W
144,598.42,800.40,1,S,5,W
145,599.89,800.70,1,S,5,W
148,601.72,801.00,1,S,5,W
168,723.01,801.10,1,S,2,W
275,573.30,801.30,1,W,5,W
280,631.47,801.60,1,W,5,W
281,632.58,801.90,1,W,5,W
349,660.66,802.20,1,E,5,W
170,769.67,803.50,1,S,1,W
357,770.47,805.60,1,E,2,W
134,545.69,816.10,1,S,5,E
139,550.56,816.70,1,S,5,E
390,676.66,818.80,2,W,5,E
278,601.86,821.50,1,W,5,E
129,539.41,821.64,1,S,5,N
130,541.94,821.94,1,S,5,N
176,808.35,822.48,1,S,1,E
135,545.84,822.54,1,S,5,N
141,557.73,823.14,1,S,5,N
385,603.53,823.44,2,W,5,N
177,809.32,823.45,1,S,1,E
415,623.75,823.74,2,E,5,N
386,604.28,824.04,2,W,5,N
387,616.12,824.34,2,W,5,N
388,638.40,824.64,2,W,5,N
417,682.61,825.24,2,E,5,N
391,689.36,825.54,2,W,5,N
149,603.42,825.84,1,S,5,N
150,604.85,826.14,1,S,5,N
151,606.12,826.44,1,S,5,N
152,607.54,826.74,1,S,5,N
276,599.00,827.04,1,W,5,N
277,600.42,827.34,1,W,5,N
279,611.59,827.94,1,W,5,N
282,636.20,828.24,1,W,5,N
284,654.86,828.54,1,W,5,N
285,658.14,828.84,1,W,5,N
350,662.57,829.14,1,E,5,N
478,705.25,829.87,3,E,5,N
446,733.65,829.87,3,W,5,N
479,714.99,830.17,3,E,5,N
480,716.12,830.47,3,E,5,N
448,756.70,830.47,3,W,5,N
481,773.37,835.14,3,E,5,N
482,774.84,836.61,3,E,5,N
290,717.87,838.97,1,W,3,E
483,781.05,842.82,3,E,5,N
484,782.58,844.35,3,E,5,N
574,774.15,865.64,5,W,5,N
575,777.08,865.94,5,W,5,N
576,801.26,866.24,5,W,5,N
577,811.43,866.54,5,W,5,N
578,812.54,866.84,5,W,5,N
579,813.44,867.14,5,W,5,N
580,820.53,867.44,5,W,5,N
581,847.66,867.74,5,W,5,N
582,849.57,868.04,5,W,5,N
583,850.73,868.34,5,W,5,N
584,853.00,868.64,5,W,5,N
623,829.35,879.64,5,E,5,N
624,843.68,879.94,5,E,5,N
351,699.15,899.40,1,E,5,W
447,742.23,899.70,3,W,5,W
155,642.98,900.00,1,S,5,W
156,646.09,900.30,1,S,5,W
162,653.04,900.60,1,S,5,W
166,657.77,900.90,1,S,5,W
392,725.69,901.20,2,W,5,W
393,739.23,901.50,2,W,5,W
395,755.85,901.80,2,W,5,W
420,790.16,902.10,2,E,5,W
286,677.42,902.40,1,W,5,W
291,731.25,902.70,1,W,5,W
292,747.63,903.00,1,W,5,W
294,767.61,903.00,1,W,2,W
293,751.13,903.30,1,W,5,W
352,704.77,903.60,1,E,5,W
171,802.21,903.90,1,S,1,W
172,803.62,904.20,1,S,1,W
173,805.05,904.50,1,S,1,W
359,786.96,904.78,1,E,5,W
179,810.51,904.80,1,S,1,W
182,813.93,905.10,1,S,1,W
190,888.26,905.40,1,S,1,W
366,879.29,908.10,1,E,2,E
198,895.56,920.30,1,S,1,E
361,797.42,920.80,1,E,5,E
157,646.78,921.54,1,S,5,N
158,647.45,921.84,1,S,5,N
160,650.73,922.14,1,S,5,N
163,655.32,922.44,1,S,5,N
164,655.90,922.74,1,S,5,N
418,717.09,923.04,2,E,5,N
419,743.10,923.34,2,E,5,N
394,749.75,923.64,2,W,5,N
169,724.89,923.94,1,S,5,N
487,868.03,924.13,3,E,5,E
287,699.55,924.24,1,W,5,N
288,700.96,924.54,1,W,5,N
289,710.62,924.84,1,W,5,N
353,731.01,925.14,1,E,5,N
354,736.44,925.44,1,E,5,N
355,749.15,925.74,1,E,5,N
356,760.10,926.04,1,E,5,N
358,785.78,926.34,1,E,5,N
360,788.69,926.64,1,E,5,N
449,823.87,929.67,3,W,5,N
486,866.19,929.97,3,E,5,N
488,869.23,931.00,3,E,5,N
304,839.21,942.07,1,W,3,W
185,853.58,942.82,1,S,2,W
451,882.61,944.38,3,W,5,N
585,878.29,965.54,5,W,5,N
187,855.68,998.60,1,S,3,W
485,829.71,999.30,3,E,5,W
450,882.08,999.60,3,W,5,W
174,805.11,999.90,1,S,5,W
396,845.04,1000.20,2,W,5,W
398,861.73,1000.50,2,W,5,W
175,807.00,1000.80,1,S,5,W
298,795.90,1001.10,1,W,5,W
299,797.39,1001.40,1,W,5,W
301,828.75,1001.70,1,W,5,W
303,837.62,1002.00,1,W,5,W
305,840.23,1002.30,1,W,5,W
306,861.39,1002.60,1,W,5,W
178,810.07,1016.20,1,S,5,E
362,824.01,1019.20,1,E,5,E
421,832.09,1021.44,2,E,5,N
397,847.98,1021.74,2,W,5,N
422,880.58,1022.04,2,E,5,N
180,810.83,1022.64,1,S,5,N
181,812.72,1022.94,1,S,5,N
183,816.95,1023.24,1,S,5,N
184,818.43,1023.54,1,S,5,N
295,768.91,1023.84,1,W,5,N
296,776.95,1024.14,1,W,5,N
297,794.47,1024.44,1,W,5,N
300,814.01,1024.74,1,W,5,N
302,836.07,1025.04,1,W,5,N
363,828.00,1025.64,1,E,5,N
364,866.51,1025.94,1,E,5,N
365,868.81,1026.24,1,E,5,N
367,899.90,1099.20,1,E,5,W
188,886.79,1099.50,1,S,5,W
191,888.82,1099.80,1,S,5,W
192,889.81,1100.10,1,S,5,W
194,891.86,1100.40,1,S,5,W
309,885.62,1100.70,1,W,5,W
307,876.66,1117.30,1,W,5,E
310,888.29,1117.90,1,W,5,E
186,855.52,1121.34,1,S,5,N
189,887.92,1121.64,1,S,5,N
193,891.20,1121.94,1,S,5,N
195,892.71,1122.24,1,S,5,N
196,892.71,1122.54,1,S,5,N
197,893.91,1122.84,1,S,5,N
199,896.47,1123.14,1,S,5,N
308,877.78,1123.74,1,W,5,N