id,enter_time,exit_time,entrance_intersection,entrance_direction,exit_intersection,exit_direction
481,12.80,66.44,5,W,5,N
482,46.90,66.74,5,W,5,N
483,61.96,68.09,5,W,5,N
484,62.21,68.34,5,W,5,N
485,64.46,70.60,5,W,5,N
486,70.62,76.76,5,W,5,N
596,6.06,80.44,5,E,5,N
597,6.47,80.74,5,E,5,N
598,11.86,81.04,5,E,5,N
599,17.52,81.34,5,E,5,N
600,25.33,81.64,5,E,5,N
601,32.12,81.94,5,E,5,N
602,49.92,82.24,5,E,5,N
603,50.36,82.54,5,E,5,N
604,69.73,82.84,5,E,5,N
605,72.20,83.14,5,E,5,N
0,38.25,100.70,1,S,1,W
6,73.21,101.00,1,S,1,W
289,61.59,105.50,1,E,2,W
348,76.02,112.57,2,W,3,W
448,43.99,126.03,3,E,5,E
412,16.04,131.27,3,W,5,N
445,6.92,131.27,3,E,5,N
413,16.98,131.57,3,W,5,N
446,41.83,131.57,3,E,5,N
447,42.86,131.87,3,E,5,N
414,67.05,131.87,3,W,5,N
449,45.16,132.47,3,E,5,N
170,0.93,136.47,1,W,3,W
1,38.89,139.62,1,S,2,W
450,96.82,158.59,3,E,5,N
487,85.04,166.34,5,W,5,N
488,88.86,166.64,5,W,5,N
489,136.98,166.94,5,W,5,N
490,138.21,167.24,5,W,5,N
491,159.02,167.54,5,W,5,N
492,171.62,177.76,5,W,5,N
606,143.18,180.34,5,E,5,N
607,154.23,180.64,5,E,5,N
608,155.34,180.94,5,E,5,N
609,157.07,181.24,5,E,5,N
610,162.49,181.54,5,E,5,N
2,70.30,199.90,1,S,3,W
384,11.77,200.10,2,E,5,W
385,39.37,200.40,2,E,5,W
172,3.96,200.70,1,W,5,W
174,7.32,201.00,1,W,5,W
7,103.75,201.10,1,S,1,W
175,8.80,201.30,1,W,5,W
8,105.68,201.40,1,S,1,W
286,1.85,201.60,1,E,5,W
13,174.37,201.70,1,S,1,W
288,34.50,201.90,1,E,5,W
290,72.49,202.20,1,E,5,W
349,111.92,212.67,2,W,3,W
176,15.51,217.00,1,W,5,E
287,19.30,219.40,1,E,5,E
386,83.59,222.24,2,E,5,N
171,2.32,222.54,1,W,5,N
173,5.58,222.84,1,W,5,N
177,31.55,223.44,1,W,5,N
178,38.66,223.74,1,W,5,N
179,38.75,224.04,1,W,5,N
180,39.81,224.34,1,W,5,N
181,43.07,224.64,1,W,5,N
182,58.35,224.94,1,W,5,N
285,0.21,225.24,1,E,5,N
291,92.05,225.84,1,E,5,N
292,95.30,226.14,1,E,5,N
353,193.95,230.02,2,W,3,W
415,127.76,231.07,3,W,5,N
416,143.60,231.37,3,W,5,N
184,89.54,237.17,1,W,3,W
17,223.37,237.51,1,S,1,E
189,140.48,238.67,1,W,3,W
10,139.36,240.02,1,S,2,W
493,173.50,266.24,5,W,5,N
494,180.85,266.54,5,W,5,N
495,182.96,266.84,5,W,5,N
496,190.06,267.14,5,W,5,N
497,192.85,267.44,5,W,5,N
498,194.40,267.74,5,W,5,N
499,201.79,268.04,5,W,5,N
500,203.93,268.34,5,W,5,N
501,214.13,268.64,5,W,5,N
502,259.31,268.94,5,W,5,N
503,260.98,269.24,5,W,5,N
504,262.27,269.54,5,W,5,N
505,265.64,271.78,5,W,5,N
611,228.83,280.24,5,E,5,N
612,229.90,280.54,5,E,5,N
613,233.65,280.84,5,E,5,N
614,239.03,281.14,5,E,5,N
615,292.52,298.65,5,E,5,N
451,152.70,300.00,3,E,5,W
452,163.23,300.30,3,E,5,W
4,72.17,300.60,1,S,5,W
387,123.69,300.90,2,E,5,W
350,125.83,301.20,2,W,5,W
19,225.83,301.50,1,S,1,W
351,137.19,301.50,2,W,5,W
21,228.02,301.80,1,S,1,W
186,119.91,301.80,1,W,5,W
22,260.63,302.10,1,S,1,W
187,123.65,302.10,1,W,5,W
27,264.45,302.40,1,S,1,W
193,146.15,302.40,1,W,5,W
28,265.01,302.70,1,S,1,W
194,150.00,302.70,1,W,5,W
202,203.58,303.00,1,W,2,W
195,150.08,303.00,1,W,5,W
296,119.95,303.30,1,E,5,W
204,206.69,303.60,1,W,2,W
207,224.68,304.50,1,W,2,W
190,142.30,318.70,1,W,5,E
299,164.74,321.10,1,E,5,E
3,71.72,322.14,1,S,5,N
5,72.93,322.44,1,S,5,N
388,155.04,322.74,2,E,5,N
352,165.26,323.04,2,W,5,N
389,198.18,323.34,2,E,5,N
9,106.84,323.64,1,S,5,N
183,72.60,323.94,1,W,5,N
185,104.31,324.24,1,W,5,N
188,130.08,324.54,1,W,5,N
191,142.72,325.14,1,W,5,N
192,144.27,325.44,1,W,5,N
293,102.61,325.74,1,E,5,N
294,116.12,326.04,1,E,5,N
295,118.39,326.34,1,E,5,N
297,159.27,326.64,1,E,5,N
298,160.92,326.94,1,E,5,N
300,174.85,327.54,1,E,5,N
417,213.33,330.87,3,W,5,N
418,227.65,331.17,3,W,5,N
455,270.75,332.52,3,E,5,N
506,275.74,366.14,5,W,5,N
507,289.16,366.44,5,W,5,N
508,290.61,366.74,5,W,5,N
509,298.10,367.04,5,W,5,N
510,316.50,367.34,5,W,5,N
511,317.16,367.64,5,W,5,N
512,317.94,367.94,5,W,5,N
513,331.07,368.24,5,W,5,N
514,332.42,368.54,5,W,5,N
515,340.78,368.84,5,W,5,N
516,342.06,369.14,5,W,5,N
517,352.88,369.44,5,W,5,N
518,354.71,369.74,5,W,5,N
519,356.14,370.04,5,W,5,N
520,362.14,370.34,5,W,5,N
521,364.02,370.64,5,W,5,N
522,364.58,370.71,5,W,5,N
523,366.39,372.53,5,W,5,N
616,333.80,380.14,5,E,5,N
453,207.82,399.90,3,E,5,W
454,217.79,400.20,3,E,5,W
419,236.39,400.50,3,W,5,W
420,298.80,400.80,3,W,5,W
11,139.75,401.10,1,S,5,W
14,176.14,401.40,1,S,5,W
15,178.82,401.70,1,S,5,W
35,338.76,401.90,1,S,1,W
33,297.03,401.90,1,S,3,E
390,220.30,402.00,2,E,5,W
38,347.21,402.20,1,S,1,W
354,225.91,402.30,2,W,5,W
355,264.50,402.60,2,W,5,W
356,297.89,402.90,2,W,5,W
196,169.39,403.20,1,W,5,W
198,198.33,403.50,1,W,5,W
200,200.79,403.80,1,W,5,W
44,389.78,403.91,1,S,1,W
209,242.62,404.10,1,W,5,W
201,202.16,418.30,1,W,5,E
12,141.09,422.04,1,S,5,N
16,179.01,422.34,1,S,5,N
391,250.45,422.64,2,E,5,N
392,264.59,422.94,2,E,5,N
18,224.47,423.24,1,S,5,N
20,227.09,423.54,1,S,5,N
197,194.54,423.84,1,W,5,N
199,199.82,424.14,1,W,5,N
203,205.26,424.74,1,W,5,N
205,208.50,425.04,1,W,5,N
458,343.06,425.13,3,E,5,E
206,222.93,425.34,1,W,5,N
208,241.60,425.64,1,W,5,N
301,234.27,425.94,1,E,5,N
302,288.33,426.24,1,E,5,N
456,303.94,430.67,3,E,5,N
421,350.47,430.67,3,W,5,N
218,357.28,439.17,1,W,3,E
306,329.49,440.37,1,E,3,W
312,376.51,442.17,1,E,3,E
461,383.95,445.72,3,E,5,N
50,432.48,446.62,1,S,1,E
524,382.12,466.04,5,W,5,N
525,397.27,466.34,5,W,5,N
526,397.95,466.64,5,W,5,N
527,413.32,466.94,5,W,5,N
528,414.56,467.24,5,W,5,N
529,415.02,467.54,5,W,5,N
530,415.54,467.84,5,W,5,N
531,417.89,468.14,5,W,5,N
532,431.80,468.44,5,W,5,N
533,438.56,468.74,5,W,5,N
534,446.36,469.04,5,W,5,N
535,448.10,469.34,5,W,5,N
536,449.22,469.64,5,W,5,N
617,405.78,480.04,5,E,5,N
618,413.47,480.34,5,E,5,N
619,440.66,480.64,5,E,5,N
620,443.11,480.94,5,E,5,N
621,455.94,481.24,5,E,5,N
622,462.61,481.54,5,E,5,N
457,305.13,499.80,3,E,5,W
39,349.13,499.90,1,S,3,W
459,344.64,500.10,3,E,5,W
460,382.48,500.40,3,E,5,W
25,262.63,500.70,1,S,5,W
32,296.79,501.00,1,S,5,W
359,347.29,501.30,2,W,5,W
360,372.68,501.60,2,W,5,W
214,332.34,501.90,1,W,5,W
216,335.47,502.20,1,W,5,W
55,447.09,502.30,1,S,1,W
217,352.16,502.50,1,W,5,W
60,449.06,502.60,1,S,1,W
303,315.35,502.80,1,E,5,W
61,450.60,502.90,1,S,1,W
311,372.20,503.10,1,E,5,W
227,419.56,504.40,1,W,2,E
23,260.74,515.80,1,S,5,E
59,448.93,516.90,1,S,1,E
34,297.15,517.60,1,S,5,E
393,307.19,517.90,2,E,5,E
357,308.13,518.20,2,W,5,E
24,262.46,522.24,1,S,5,N
26,263.77,522.54,1,S,5,N
29,266.22,522.84,1,S,5,N
30,290.08,523.14,1,S,5,N
31,295.36,523.44,1,S,5,N
358,336.31,524.64,2,W,5,N
394,342.14,524.94,2,E,5,N
361,383.96,525.24,2,W,5,N
395,385.90,525.54,2,E,5,N
210,266.15,525.84,1,W,5,N
211,291.97,526.14,1,W,5,N
212,308.57,526.44,1,W,5,N
213,310.48,526.74,1,W,5,N
215,334.10,527.04,1,W,5,N
304,323.99,527.34,1,E,5,N
305,327.19,527.64,1,E,5,N
307,348.19,527.94,1,E,5,N
308,350.37,528.24,1,E,5,N
309,351.73,528.54,1,E,5,N
310,362.32,528.84,1,E,5,N
313,386.62,529.14,1,E,5,N
462,429.81,530.47,3,E,5,N
422,405.62,530.47,3,W,5,N
423,410.80,530.77,3,W,5,N
425,422.07,531.37,3,W,5,N
219,383.13,538.07,1,W,3,W
464,483.65,545.42,3,E,5,N
319,499.71,561.90,1,E,3,E
537,491.15,565.94,5,W,5,N
538,498.46,566.24,5,W,5,N
539,537.59,566.54,5,W,5,N
540,538.11,566.84,5,W,5,N
541,538.92,567.14,5,W,5,N
542,549.80,567.44,5,W,5,N
623,509.06,579.94,5,E,5,N
624,509.29,580.24,5,E,5,N
625,515.20,580.54,5,E,5,N
626,517.95,580.84,5,E,5,N
627,522.88,581.14,5,E,5,N
628,527.50,581.44,5,E,5,N
629,528.10,581.74,5,E,5,N
630,551.72,582.04,5,E,5,N
631,551.76,582.34,5,E,5,N
632,592.67,598.80,5,E,5,N
54,443.97,599.70,1,S,3,W
463,437.04,599.70,3,E,5,W
424,413.53,600.00,3,W,5,W
426,443.86,600.30,3,W,5,W
427,455.64,600.60,3,W,5,W
465,485.07,600.90,3,E,5,W
37,345.14,601.20,1,S,5,W
64,488.31,601.50,1,S,3,E
40,380.89,601.50,1,S,5,W
41,386.30,601.80,1,S,5,W
45,390.28,602.10,1,S,5,W
363,422.44,602.40,2,W,5,W
47,426.79,602.70,1,S,5,W
71,520.54,602.70,1,S,1,W
49,430.57,603.00,1,S,5,W
77,533.18,603.00,1,S,1,W
224,401.04,603.30,1,W,5,W
84,545.95,603.30,1,S,1,W
225,402.54,603.60,1,W,5,W
89,585.37,603.60,1,S,1,W
230,444.98,603.90,1,W,5,W
92,589.07,603.90,1,S,1,W
232,448.58,604.20,1,W,5,W
79,536.03,604.20,1,S,2,E
633,598.36,604.49,5,E,5,N
315,453.44,604.50,1,E,5,W
316,469.09,604.80,1,E,5,W
317,472.63,605.10,1,E,5,W
96,592.03,606.17,1,S,1,W
103,598.12,612.25,1,S,1,W
43,389.60,616.30,1,S,5,E
401,581.16,617.23,2,E,3,E
93,590.61,618.20,1,S,1,E
109,602.83,621.50,1,S,1,E
36,342.30,621.84,1,S,5,N
42,387.79,622.14,1,S,5,N
46,392.75,622.74,1,S,5,N
396,418.10,623.04,2,E,5,N
362,409.77,623.34,2,W,5,N
397,437.41,623.64,2,E,5,N
398,459.88,623.94,2,E,5,N
364,448.84,624.24,2,W,5,N
365,459.55,624.54,2,W,5,N
366,491.30,624.84,2,W,5,N
48,429.62,625.14,1,S,5,N
51,438.03,625.44,1,S,5,N
220,389.66,625.74,1,W,5,N
221,395.52,626.04,1,W,5,N
222,398.92,626.34,1,W,5,N
223,400.57,626.64,1,W,5,N
226,418.05,626.94,1,W,5,N
228,436.49,627.24,1,W,5,N
229,444.08,627.54,1,W,5,N
231,446.65,627.84,1,W,5,N
233,449.98,628.14,1,W,5,N
314,408.15,628.44,1,E,5,N
428,527.99,630.27,3,W,5,N
466,499.98,630.27,3,E,5,N
467,555.14,630.57,3,E,5,N
73,529.40,638.77,1,S,3,W
236,476.16,641.47,1,W,3,W
85,546.28,642.52,1,S,2,W
86,547.03,642.82,1,S,2,W
244,560.91,643.87,1,W,3,W
429,583.34,645.11,3,W,5,N
430,585.56,647.33,3,W,5,N
543,572.94,665.84,5,W,5,N
544,573.38,666.14,5,W,5,N
545,573.89,666.44,5,W,5,N
546,582.14,666.74,5,W,5,N
547,588.28,667.04,5,W,5,N
548,590.13,667.34,5,W,5,N
549,590.46,667.64,5,W,5,N
550,600.81,667.94,5,W,5,N
551,602.37,668.24,5,W,5,N
552,616.93,668.54,5,W,5,N
553,621.82,668.84,5,W,5,N
554,622.54,669.14,5,W,5,N
555,624.35,669.44,5,W,5,N
556,626.10,669.74,5,W,5,N
557,627.35,670.04,5,W,5,N
558,627.70,670.34,5,W,5,N
559,627.89,670.64,5,W,5,N
560,628.88,670.94,5,W,5,N
561,630.28,671.24,5,W,5,N
562,646.52,671.54,5,W,5,N
563,648.43,671.84,5,W,5,N
564,658.49,672.14,5,W,5,N
565,672.43,678.56,5,W,5,N
566,672.55,678.69,5,W,5,N
634,641.47,679.84,5,E,5,N
318,499.35,699.60,1,E,5,W
468,563.72,699.90,3,E,5,W
57,448.49,700.20,1,S,5,W
62,482.95,700.50,1,S,5,W
368,517.02,700.80,2,W,5,W
400,537.10,701.10,2,E,5,W
373,590.98,701.40,2,W,5,W
402,597.35,701.70,2,E,5,W
101,596.92,701.90,1,S,2,W
635,695.77,701.90,5,E,5,N
66,511.06,702.00,1,S,5,W
67,512.58,702.30,1,S,5,W
68,513.50,702.60,1,S,5,W
72,521.58,702.90,1,S,5,W
106,600.65,703.10,1,S,1,W
74,530.38,703.20,1,S,5,W
107,600.99,703.40,1,S,1,W
235,473.84,703.50,1,W,5,W
108,601.97,703.70,1,S,1,W
239,518.93,703.80,1,W,5,W
112,609.52,704.00,1,S,1,W
321,512.48,704.10,1,E,5,W
114,612.29,704.30,1,S,1,W
326,586.71,704.53,1,E,5,W
121,626.33,704.60,1,S,1,W
124,670.99,704.90,1,S,1,W
126,671.54,705.20,1,S,1,W
332,662.03,710.30,1,E,2,E
70,520.18,719.80,1,S,5,E
52,439.00,721.74,1,S,5,N
53,443.80,722.04,1,S,5,N
56,448.05,722.34,1,S,5,N
58,448.54,722.64,1,S,5,N
63,486.46,722.94,1,S,5,N
65,489.83,723.24,1,S,5,N
367,505.27,723.54,2,W,5,N
399,503.14,723.84,2,E,5,N
369,529.84,724.14,2,W,5,N
370,543.19,724.44,2,W,5,N
371,547.39,724.74,2,W,5,N
372,555.10,725.04,2,W,5,N
374,592.24,725.34,2,W,5,N
69,519.45,725.64,1,S,5,N
470,611.74,726.10,3,E,5,E
75,531.17,726.24,1,S,5,N
76,532.56,726.54,1,S,5,N
78,534.33,726.84,1,S,5,N
80,537.76,727.14,1,S,5,N
234,472.03,727.44,1,W,5,N
237,486.19,727.74,1,W,5,N
238,496.42,728.04,1,W,5,N
240,521.04,728.34,1,W,5,N
241,522.64,728.64,1,W,5,N
242,537.39,728.94,1,W,5,N
243,559.26,729.24,1,W,5,N
245,562.48,729.54,1,W,5,N
246,566.33,729.84,1,W,5,N
320,510.30,730.14,1,E,5,N
322,516.38,730.44,1,E,5,N
323,533.99,730.74,1,E,5,N
324,552.79,731.04,1,E,5,N
325,561.83,731.34,1,E,5,N
469,609.98,731.64,3,E,5,N
432,641.55,731.94,3,W,5,N
433,641.68,732.54,3,W,5,N
434,653.06,732.84,3,W,5,N
472,678.12,739.89,3,E,5,N
125,671.49,742.02,1,S,2,E
249,592.14,743.07,1,W,3,E
567,673.26,765.74,5,W,5,N
568,678.71,766.04,5,W,5,N
569,711.35,766.34,5,W,5,N
570,729.77,766.64,5,W,5,N
571,730.78,766.94,5,W,5,N
572,734.67,767.24,5,W,5,N
573,737.36,767.54,5,W,5,N
574,739.95,767.84,5,W,5,N
575,771.30,777.43,5,W,5,N
636,736.95,779.74,5,E,5,N
431,637.81,799.50,3,W,5,W
471,620.83,799.80,3,E,5,W
82,543.49,800.10,1,S,5,W
97,593.08,800.40,1,S,5,W
376,692.30,800.70,2,W,5,W
377,699.62,801.00,2,W,5,W
105,599.17,801.30,1,S,5,W
113,611.16,801.60,1,S,5,W
120,624.46,801.90,1,S,5,W
123,627.17,802.20,1,S,5,W
247,568.15,802.50,1,W,5,W
255,674.17,802.60,1,W,2,W
248,590.73,802.80,1,W,5,W
252,637.62,803.10,1,W,5,W
254,657.63,803.40,1,W,5,W
137,765.43,803.50,1,S,1,W
259,696.64,803.80,1,W,2,E
403,621.66,817.90,2,E,5,E
99,595.61,819.40,1,S,5,E
81,539.63,821.64,1,S,5,N
83,545.73,821.94,1,S,5,N
87,547.42,822.24,1,S,5,N
88,554.70,822.54,1,S,5,N
122,626.67,822.70,1,S,5,E
90,586.08,822.84,1,S,5,N
91,587.12,823.14,1,S,5,N
251,628.22,823.30,1,W,5,E
94,590.70,823.44,1,S,5,N
95,591.59,823.74,1,S,5,N
404,670.01,824.34,2,E,5,N
375,679.19,824.64,2,W,5,N
405,700.63,824.94,2,E,5,N
331,651.28,825.10,1,E,5,E
98,594.31,825.24,1,S,5,N
100,595.90,825.84,1,S,5,N
102,597.81,826.14,1,S,5,N
104,598.93,826.44,1,S,5,N
110,608.30,826.74,1,S,5,N
111,608.44,827.04,1,S,5,N
115,612.36,827.34,1,S,5,N
116,615.85,827.64,1,S,5,N
117,621.54,827.94,1,S,5,N
118,621.85,828.24,1,S,5,N
119,622.93,828.54,1,S,5,N
250,613.70,829.14,1,W,5,N
253,653.99,829.74,1,W,5,N
327,614.03,830.04,1,E,5,N
328,615.64,830.34,1,E,5,N
329,625.44,830.64,1,E,5,N
330,635.98,830.94,1,E,5,N
435,708.33,831.54,3,W,5,N
474,740.00,831.84,3,E,5,N
436,725.26,832.14,3,W,5,N
437,729.60,832.44,3,W,5,N
439,758.68,832.74,3,W,5,N
440,759.87,833.04,3,W,5,N
441,761.43,833.34,3,W,5,N
132,721.55,838.37,1,S,3,W
263,735.52,841.07,1,W,3,E
265,761.79,841.67,1,W,3,E
475,795.04,856.81,3,E,5,N
576,805.24,865.64,5,W,5,N
577,807.71,865.94,5,W,5,N
578,808.13,866.24,5,W,5,N
579,810.47,866.54,5,W,5,N
580,818.94,866.84,5,W,5,N
581,821.76,867.14,5,W,5,N
582,826.58,867.44,5,W,5,N
583,828.72,867.74,5,W,5,N
584,830.07,868.04,5,W,5,N
585,830.94,868.34,5,W,5,N
586,833.45,868.64,5,W,5,N
587,835.37,868.94,5,W,5,N
588,869.61,875.74,5,W,5,N
637,811.74,879.64,5,E,5,N
638,866.05,879.94,5,E,5,N
639,870.41,880.24,5,E,5,N
640,875.41,881.55,5,E,5,N
641,875.44,881.58,5,E,5,N
642,875.84,881.97,5,E,5,N
134,760.03,898.80,1,S,3,E
473,727.26,899.40,3,E,5,W
438,739.19,899.70,3,W,5,W
127,675.26,900.00,1,S,5,W
406,724.84,900.30,2,E,5,W
407,761.83,900.60,2,E,5,W
128,711.66,900.90,1,S,5,W
129,717.11,901.20,1,S,5,W
130,718.42,901.50,1,S,5,W
131,719.92,901.80,1,S,5,W
257,677.35,902.10,1,W,5,W
260,705.87,902.40,1,W,5,W
333,710.25,902.70,1,E,5,W
335,760.27,903.00,1,E,5,W
272,820.59,903.30,1,W,2,W
146,870.34,903.90,1,S,1,W
154,882.79,904.20,1,S,1,W
157,886.50,904.50,1,S,1,W
261,708.46,916.90,1,W,5,E
150,879.82,917.90,1,S,1,E
378,707.79,921.54,2,W,5,N
379,718.63,921.84,2,W,5,N
380,730.69,922.14,2,W,5,N
256,675.44,922.44,1,W,5,N
258,693.54,922.74,1,W,5,N
262,734.08,923.34,1,W,5,N
264,760.73,923.64,1,W,5,N
266,763.74,923.94,1,W,5,N
334,759.17,924.24,1,E,5,N
336,773.12,924.54,1,E,5,N
337,784.01,924.84,1,E,5,N
476,851.02,929.67,3,E,5,N
442,831.54,929.67,3,W,5,N
477,852.46,929.97,3,E,5,N
443,845.10,929.97,3,W,5,N
478,862.03,930.27,3,E,5,N
479,863.43,930.57,3,E,5,N
271,803.77,939.07,1,W,3,W
278,857.62,941.17,1,W,3,W
279,858.92,941.47,1,W,3,W
343,859.33,943.57,1,E,3,W
589,885.24,965.54,5,W,5,N
590,886.44,965.84,5,W,5,N
591,887.34,966.14,5,W,5,N
592,897.53,966.44,5,W,5,N
593,897.55,966.74,5,W,5,N
594,898.57,967.04,5,W,5,N
595,899.64,967.34,5,W,5,N
480,881.42,999.30,3,E,5,W
151,879.88,999.50,1,S,3,W
135,760.29,999.60,1,S,5,W
136,764.06,999.90,1,S,5,W
140,767.97,1000.20,1,S,5,W
383,852.02,1000.50,2,W,5,W
410,836.51,1000.80,2,E,5,W
268,784.10,1001.10,1,W,5,W
269,785.74,1001.40,1,W,5,W
270,802.30,1001.70,1,W,5,W
273,824.22,1002.00,1,W,5,W
161,891.87,1002.20,1,S,2,W
276,854.72,1002.30,1,W,5,W
340,826.06,1002.60,1,E,5,W
346,890.32,1008.14,1,E,5,W
408,807.36,1017.10,2,E,5,E
339,819.44,1021.00,1,E,5,E
444,897.48,1021.44,3,W,5,N
133,758.14,1021.74,1,S,5,N
138,766.77,1022.04,1,S,5,N
139,767.56,1022.34,1,S,5,N
141,769.67,1022.64,1,S,5,N
142,801.48,1022.94,1,S,5,N
381,826.74,1023.54,2,W,5,N
382,841.20,1023.84,2,W,5,N
409,817.91,1024.14,2,E,5,N
411,874.10,1024.44,2,E,5,N
143,831.55,1024.74,1,S,5,N
144,831.60,1025.04,1,S,5,N
267,783.70,1025.34,1,W,5,N
274,835.44,1025.64,1,W,5,N
275,838.48,1025.94,1,W,5,N
277,855.90,1026.24,1,W,5,N
280,860.64,1026.54,1,W,5,N
338,815.83,1026.84,1,E,5,N
341,840.12,1027.44,1,E,5,N
342,843.53,1027.74,1,E,5,N
344,877.04,1028.04,1,E,5,N
345,885.94,1028.34,1,E,5,N
347,891.75,1028.64,1,E,5,N
284,896.57,1041.87,1,W,3,E
147,873.32,1099.20,1,S,5,W
148,876.24,1099.50,1,S,5,W
153,880.90,1099.80,1,S,5,W
159,889.37,1100.10,1,S,5,W
162,893.75,1100.40,1,S,5,W
163,894.36,1100.70,1,S,5,W
168,899.28,1101.00,1,S,5,W
160,891.14,1117.00,1,S,5,E
145,868.65,1121.34,1,S,5,N
149,876.35,1121.64,1,S,5,N
152,880.10,1121.94,1,S,5,N
155,882.82,1122.24,1,S,5,N
156,884.51,1122.54,1,S,5,N
158,887.75,1122.84,1,S,5,N
164,896.30,1123.44,1,S,5,N
165,897.09,1123.74,1,S,5,N
166,897.68,1124.04,1,S,5,N
167,899.26,1124.34,1,S,5,N
169,899.44,1124.64,1,S,5,N
281,878.72,1124.94,1,W,5,N
282,879.99,1125.24,1,W,5,N
283,881.23,1125.54,1,W,5,N