id,enter_time,exit_time,entrance_intersection,entrance_direction,exit_intersection,exit_direction
449,10.87,66.44,5,W,5,N
450,13.35,66.74,5,W,5,N
451,14.86,67.04,5,W,5,N
452,15.33,67.34,5,W,5,N
453,16.17,67.64,5,W,5,N
454,17.19,67.94,5,W,5,N
455,24.81,68.24,5,W,5,N
456,31.00,68.54,5,W,5,N
457,45.27,68.84,5,W,5,N
458,60.27,69.14,5,W,5,N
459,68.62,74.76,5,W,5,N
460,70.30,76.44,5,W,5,N
461,71.99,78.13,5,W,5,N
591,15.02,80.44,5,E,5,N
592,87.11,93.25,5,E,5,N
593,91.32,97.46,5,E,5,N
0,1.16,100.70,1,S,1,W
151,41.58,101.00,1,W,2,W
1,1.50,101.00,1,S,1,W
3,39.98,101.30,1,S,1,W
5,41.24,101.60,1,S,1,W
6,43.61,101.90,1,S,1,W
11,96.84,110.97,1,S,1,W
411,62.31,125.73,3,E,5,E
380,58.23,131.27,3,W,5,N
409,19.45,131.27,3,E,5,N
410,28.15,131.57,3,E,5,N
381,62.95,131.57,3,W,5,N
412,63.40,132.17,3,E,5,N
150,22.56,136.77,1,W,3,E
272,94.55,156.74,1,E,3,W
462,80.77,166.34,5,W,5,N
463,82.08,166.64,5,W,5,N
464,90.48,166.94,5,W,5,N
465,97.63,167.24,5,W,5,N
466,109.65,167.54,5,W,5,N
467,112.17,167.84,5,W,5,N
468,126.47,168.14,5,W,5,N
469,127.97,168.44,5,W,5,N
470,135.41,168.74,5,W,5,N
471,136.95,169.04,5,W,5,N
472,145.32,169.34,5,W,5,N
473,146.42,169.64,5,W,5,N
594,142.49,180.34,5,E,5,N
595,144.58,180.64,5,E,5,N
596,145.34,180.94,5,E,5,N
355,40.10,200.10,2,E,5,W
358,99.04,200.40,2,E,5,W
149,1.19,200.70,1,W,5,W
266,3.71,201.00,1,E,5,W
13,97.51,201.10,1,S,1,W
9,94.26,201.10,1,S,3,E
267,18.46,201.30,1,E,5,W
14,134.99,201.40,1,S,1,W
268,44.83,201.60,1,E,5,W
22,145.44,201.70,1,S,1,W
24,148.43,202.00,1,S,1,W
19,141.58,214.80,1,S,1,E
325,12.52,222.24,2,W,5,N
326,32.88,222.54,2,W,5,N
356,56.96,222.84,2,E,5,N
327,54.85,223.14,2,W,5,N
357,82.06,223.44,2,E,5,N
328,92.93,223.74,2,W,5,N
152,63.12,224.04,1,W,5,N
269,48.92,224.34,1,E,5,N
270,50.91,224.64,1,E,5,N
271,65.74,224.94,1,E,5,N
382,118.64,231.07,3,W,5,N
383,140.08,231.37,3,W,5,N
414,159.73,231.37,3,E,5,N
153,65.08,236.87,1,W,3,W
36,224.30,238.44,1,S,1,E
21,144.06,241.52,1,S,2,W
23,146.61,241.82,1,S,2,E
27,182.97,242.72,1,S,2,E
474,174.08,266.24,5,W,5,N
475,174.51,266.54,5,W,5,N
476,189.36,266.84,5,W,5,N
477,196.94,267.14,5,W,5,N
478,197.83,267.44,5,W,5,N
479,199.32,267.74,5,W,5,N
480,201.20,268.04,5,W,5,N
481,202.84,268.34,5,W,5,N
482,204.28,268.64,5,W,5,N
483,205.28,268.94,5,W,5,N
484,239.09,269.24,5,W,5,N
485,240.33,269.54,5,W,5,N
486,251.06,269.84,5,W,5,N
487,258.23,270.14,5,W,5,N
488,259.67,270.44,5,W,5,N
489,261.21,270.74,5,W,5,N
490,262.15,271.04,5,W,5,N
491,263.17,271.34,5,W,5,N
492,263.89,271.64,5,W,5,N
493,265.37,271.94,5,W,5,N
494,266.67,272.81,5,W,5,N
495,268.85,274.99,5,W,5,N
496,270.14,276.28,5,W,5,N
597,216.04,280.24,5,E,5,N
598,216.65,280.54,5,E,5,N
599,216.73,280.84,5,E,5,N
600,244.71,281.14,5,E,5,N
601,253.11,281.44,5,E,5,N
602,257.67,281.74,5,E,5,N
603,261.53,282.04,5,E,5,N
604,261.67,282.34,5,E,5,N
413,109.07,300.00,3,E,5,W
384,152.26,300.30,3,W,5,W
4,40.59,300.60,1,S,5,W
12,97.20,300.90,1,S,5,W
360,183.94,301.20,2,E,5,W
33,220.21,301.50,1,S,1,W
155,76.91,301.50,1,W,5,W
35,222.66,301.80,1,S,1,W
156,78.26,301.80,1,W,5,W
40,231.41,302.10,1,S,2,E
41,232.69,302.10,1,S,1,W
158,99.04,302.10,1,W,5,W
160,118.37,302.40,1,W,5,W
43,234.59,302.70,1,S,2,W
162,157.74,302.70,1,W,5,W
163,160.53,303.00,1,W,5,W
274,106.46,303.30,1,E,5,W
276,126.29,303.60,1,E,5,W
277,167.07,303.90,1,E,5,W
279,184.35,304.20,1,E,5,W
285,235.54,308.40,1,E,2,E
7,43.83,316.30,1,S,5,E
359,140.63,317.50,2,E,5,E
46,303.49,317.63,1,S,1,E
51,307.94,322.07,1,S,1,E
2,39.51,322.14,1,S,5,N
8,92.98,322.74,1,S,5,N
10,95.97,323.04,1,S,5,N
329,117.52,323.34,2,W,5,N
15,137.16,323.94,1,S,5,N
154,67.67,324.24,1,W,5,N
157,91.94,324.54,1,W,5,N
159,108.99,324.84,1,W,5,N
161,132.45,325.14,1,W,5,N
164,161.76,325.44,1,W,5,N
418,230.74,325.63,3,E,5,E
273,100.86,325.74,1,E,5,N
275,108.47,326.04,1,E,5,N
278,181.18,326.34,1,E,5,N
280,186.24,326.64,1,E,5,N
415,211.26,330.87,3,E,5,N
386,224.98,331.17,3,W,5,N
416,228.41,331.17,3,E,5,N
387,242.50,331.47,3,W,5,N
417,229.45,331.47,3,E,5,N
419,243.92,332.07,3,E,5,N
420,256.71,332.37,3,E,5,N
37,225.32,337.27,1,S,3,E
421,290.08,351.85,3,E,5,N
422,291.10,352.87,3,E,5,N
497,280.99,366.14,5,W,5,N
498,281.22,366.44,5,W,5,N
499,283.64,366.74,5,W,5,N
500,296.24,367.04,5,W,5,N
501,310.64,367.34,5,W,5,N
502,328.15,367.64,5,W,5,N
503,356.41,367.94,5,W,5,N
504,363.64,369.77,5,W,5,N
505,364.68,370.82,5,W,5,N
506,364.69,370.83,5,W,5,N
605,334.06,380.14,5,E,5,N
385,210.56,399.90,3,W,5,W
388,246.31,400.20,3,W,5,W
18,140.38,400.50,1,S,5,W
20,143.52,400.80,1,S,5,W
25,149.56,401.10,1,S,5,W
30,184.40,401.40,1,S,5,W
361,210.31,401.70,2,E,5,W
48,304.66,401.90,1,S,1,W
331,235.67,402.00,2,W,5,W
53,309.88,402.20,1,S,1,W
44,234.72,402.30,1,S,5,W
60,356.25,402.50,1,S,1,W
166,169.69,402.60,1,W,5,W
167,181.83,402.90,1,W,5,W
171,217.27,403.20,1,W,5,W
173,227.31,403.50,1,W,5,W
174,229.17,403.80,1,W,5,W
176,249.21,404.10,1,W,5,W
282,220.26,404.40,1,E,5,W
284,231.96,404.70,1,E,5,W
286,270.62,405.00,1,E,5,W
293,356.99,407.90,1,E,2,E
65,393.85,407.99,1,S,1,W
59,355.25,416.20,1,S,1,E
64,363.06,417.40,1,S,1,E
177,250.87,421.90,1,W,5,E
16,138.89,422.04,1,S,5,N
17,139.05,422.34,1,S,5,N
26,152.21,422.64,1,S,5,N
28,183.26,422.94,1,S,5,N
29,183.30,423.24,1,S,5,N
31,186.71,423.54,1,S,5,N
330,203.04,423.84,2,W,5,N
362,256.01,424.14,2,E,5,N
332,236.33,424.44,2,W,5,N
423,322.13,424.53,3,E,5,E
32,218.34,424.74,1,S,5,N
34,222.49,425.04,1,S,5,N
38,225.54,425.34,1,S,5,N
39,227.45,425.64,1,S,5,N
42,233.59,425.94,1,S,5,N
165,168.46,426.24,1,W,5,N
168,185.01,426.54,1,W,5,N
169,186.97,426.84,1,W,5,N
170,209.65,427.14,1,W,5,N
172,218.88,427.44,1,W,5,N
175,247.90,427.74,1,W,5,N
281,210.31,428.34,1,E,5,N
283,221.82,428.64,1,E,5,N
287,298.65,428.94,1,E,5,N
389,301.02,430.67,3,W,5,N
390,329.76,430.97,3,W,5,N
424,377.53,439.30,3,E,5,N
186,338.53,440.07,1,W,3,W
192,348.65,441.87,1,W,3,E
58,354.28,442.02,1,S,2,E
291,336.91,443.37,1,E,3,W
294,359.44,444.27,1,E,3,W
391,395.64,457.41,3,W,5,N
507,373.54,466.04,5,W,5,N
508,382.72,466.34,5,W,5,N
509,384.08,466.64,5,W,5,N
510,397.78,466.94,5,W,5,N
511,399.44,467.24,5,W,5,N
512,401.85,467.54,5,W,5,N
513,402.91,467.84,5,W,5,N
514,403.11,468.14,5,W,5,N
515,404.30,468.44,5,W,5,N
516,405.60,468.74,5,W,5,N
517,407.49,469.04,5,W,5,N
518,408.62,469.34,5,W,5,N
519,409.46,469.64,5,W,5,N
520,412.45,469.94,5,W,5,N
521,414.85,470.24,5,W,5,N
522,422.38,470.54,5,W,5,N
523,423.72,470.84,5,W,5,N
524,431.65,471.14,5,W,5,N
525,432.87,471.44,5,W,5,N
526,435.60,471.74,5,W,5,N
527,458.09,472.04,5,W,5,N
606,402.91,480.04,5,E,5,N
607,474.66,480.80,5,E,5,N
608,474.68,480.82,5,E,5,N
609,492.02,498.16,5,E,5,N
610,492.34,498.47,5,E,5,N
288,300.23,499.80,1,E,5,W
333,321.36,500.10,2,W,5,W
364,349.96,500.40,2,E,5,W
336,364.41,500.70,2,W,5,W
52,308.78,501.00,1,S,5,W
179,267.59,501.30,1,W,5,W
69,430.74,501.40,1,S,2,W
184,335.06,501.60,1,W,5,W
191,346.76,501.90,1,W,5,W
68,429.63,502.30,1,S,1,W
74,468.48,502.60,1,S,1,W
77,471.40,502.90,1,S,1,W
82,477.63,503.20,1,S,1,W
201,415.10,503.50,1,W,2,E
301,450.12,507.40,1,E,2,E
334,321.48,516.70,2,W,5,E
45,265.99,521.94,1,S,5,N
47,303.91,522.24,1,S,5,N
290,334.27,522.40,1,E,5,E
363,305.39,522.54,2,E,5,N
295,386.08,523.00,1,E,5,E
335,331.61,523.14,2,W,5,N
365,373.76,523.44,2,E,5,N
337,391.20,523.74,2,W,5,N
49,306.54,524.04,1,S,5,N
50,306.72,524.34,1,S,5,N
178,266.28,524.64,1,W,5,N
180,292.68,524.94,1,W,5,N
181,294.54,525.24,1,W,5,N
182,310.84,525.54,1,W,5,N
183,333.40,525.84,1,W,5,N
185,337.04,526.14,1,W,5,N
187,338.59,526.44,1,W,5,N
188,340.57,526.74,1,W,5,N
189,341.84,527.04,1,W,5,N
190,343.30,527.34,1,W,5,N
193,349.91,527.64,1,W,5,N
194,351.63,527.94,1,W,5,N
289,331.96,528.24,1,E,5,N
292,356.56,528.84,1,E,5,N
296,387.03,529.44,1,E,5,N
425,426.12,530.47,3,E,5,N
392,470.59,532.36,3,W,5,N
426,472.32,534.09,3,E,5,N
427,474.31,536.08,3,E,5,N
428,475.55,537.32,3,E,5,N
200,390.42,539.27,1,W,3,W
202,416.48,539.87,1,W,3,E
203,442.03,540.17,1,W,3,W
429,492.44,548.08,3,E,5,E
528,496.96,565.94,5,W,5,N
529,499.04,566.24,5,W,5,N
530,500.36,566.54,5,W,5,N
531,503.24,566.84,5,W,5,N
532,504.92,567.14,5,W,5,N
533,543.24,567.44,5,W,5,N
534,545.67,567.74,5,W,5,N
535,546.61,568.04,5,W,5,N
536,559.22,568.34,5,W,5,N
537,561.96,568.64,5,W,5,N
538,563.11,569.25,5,W,5,N
539,569.14,575.27,5,W,5,N
540,572.30,578.43,5,W,5,N
541,572.89,579.03,5,W,5,N
611,541.63,579.94,5,E,5,N
612,588.66,594.79,5,E,5,N
613,589.03,595.16,5,E,5,N
57,348.70,599.70,1,S,5,W
63,358.77,600.00,1,S,5,W
338,425.44,600.30,2,W,5,W
366,417.88,600.60,2,E,5,W
205,445.02,600.90,1,W,5,W
208,464.96,601.20,1,W,5,W
80,475.34,601.50,1,S,3,E
86,532.75,602.70,1,S,1,W
88,570.23,615.50,1,S,1,E
196,371.79,619.30,1,W,5,E
54,345.91,621.84,1,S,5,N
55,347.45,622.14,1,S,5,N
56,348.11,622.44,1,S,5,N
61,357.25,622.74,1,S,5,N
62,358.77,623.04,1,S,5,N
367,454.98,623.34,2,E,5,N
339,431.51,623.64,2,W,5,N
340,463.71,623.94,2,W,5,N
368,482.97,624.24,2,E,5,N
66,426.27,624.54,1,S,5,N
67,428.19,624.84,1,S,5,N
195,368.27,625.14,1,W,5,N
197,373.32,625.74,1,W,5,N
198,375.13,626.04,1,W,5,N
199,376.57,626.34,1,W,5,N
204,443.57,626.64,1,W,5,N
206,446.51,626.94,1,W,5,N
207,455.30,627.24,1,W,5,N
209,465.97,627.54,1,W,5,N
297,413.97,627.84,1,E,5,N
298,416.06,628.14,1,E,5,N
299,418.14,628.44,1,E,5,N
300,444.65,628.74,1,E,5,N
302,475.20,629.04,1,E,5,N
89,617.38,631.51,1,S,1,E
215,527.68,639.07,1,W,3,W
431,584.32,646.09,3,E,5,N
394,586.75,648.52,3,W,5,N
542,582.45,665.84,5,W,5,N
543,600.30,666.14,5,W,5,N
544,608.25,666.44,5,W,5,N
545,608.69,666.74,5,W,5,N
546,621.44,667.04,5,W,5,N
547,622.97,667.34,5,W,5,N
548,638.77,667.64,5,W,5,N
549,655.07,667.94,5,W,5,N
550,657.09,668.24,5,W,5,N
551,657.54,668.54,5,W,5,N
552,658.56,668.84,5,W,5,N
553,660.31,669.14,5,W,5,N
554,668.00,674.13,5,W,5,N
555,669.86,675.99,5,W,5,N
556,670.43,676.57,5,W,5,N
557,670.77,676.91,5,W,5,N
614,605.68,679.84,5,E,5,N
615,612.08,680.14,5,E,5,N
616,614.15,680.44,5,E,5,N
617,627.75,680.74,5,E,5,N
618,649.21,681.04,5,E,5,N
430,541.49,699.60,3,E,5,W
393,529.09,699.90,3,W,5,W
395,587.64,700.20,3,W,5,W
432,591.45,700.50,3,E,5,W
72,466.21,700.80,1,S,5,W
73,467.27,701.10,1,S,5,W
81,477.31,701.40,1,S,5,W
213,500.91,701.70,1,W,5,W
217,560.36,702.00,1,W,5,W
303,510.70,702.30,1,E,5,W
304,527.26,702.60,1,E,5,W
220,615.14,702.80,1,W,2,W
94,655.49,703.10,1,S,1,W
95,656.68,703.40,1,S,1,W
99,664.30,703.70,1,S,1,W
308,622.95,705.50,1,E,2,W
211,469.73,720.70,1,W,5,E
70,463.39,721.74,1,S,5,N
71,464.89,722.04,1,S,5,N
75,470.78,722.34,1,S,5,N
76,470.95,722.64,1,S,5,N
78,473.74,722.94,1,S,5,N
79,474.00,723.24,1,S,5,N
83,477.74,723.54,1,S,5,N
84,479.12,723.84,1,S,5,N
341,550.82,724.14,2,W,5,N
369,532.53,724.44,2,E,5,N
370,567.99,724.74,2,E,5,N
342,572.95,725.04,2,W,5,N
437,667.99,725.13,3,E,5,E
343,573.12,725.34,2,W,5,N
371,600.45,725.64,2,E,5,N
85,528.97,725.94,1,S,5,N
87,534.50,726.24,1,S,5,N
210,467.91,726.54,1,W,5,N
212,484.92,727.14,1,W,5,N
214,502.55,727.44,1,W,5,N
216,552.87,727.74,1,W,5,N
305,597.17,728.04,1,E,5,N
396,652.34,730.07,3,W,5,N
433,599.42,730.07,3,E,5,N
434,606.52,730.37,3,E,5,N
435,607.58,730.67,3,E,5,N
436,609.26,730.97,3,E,5,N
92,624.20,737.67,1,S,3,E
221,616.79,739.17,1,W,3,W
223,634.84,739.77,1,W,3,W
309,624.66,741.87,1,E,3,E
439,683.47,745.24,3,E,5,N
315,683.98,746.17,1,E,3,E
109,738.46,752.59,1,S,1,E
558,708.91,765.74,5,W,5,N
559,737.51,766.04,5,W,5,N
560,753.65,766.34,5,W,5,N
561,755.23,766.64,5,W,5,N
562,762.54,768.68,5,W,5,N
563,763.79,769.93,5,W,5,N
564,763.87,770.01,5,W,5,N
565,764.78,770.92,5,W,5,N
566,767.65,773.78,5,W,5,N
619,699.43,779.74,5,E,5,N
620,701.17,780.04,5,E,5,N
621,754.28,780.34,5,E,5,N
622,754.35,780.64,5,E,5,N
623,758.62,780.94,5,E,5,N
306,599.06,799.50,1,E,5,W
438,682.43,799.80,3,E,5,W
440,685.02,800.10,3,E,5,W
344,611.99,800.40,2,W,5,W
345,635.07,800.70,2,W,5,W
373,685.64,801.00,2,E,5,W
91,622.78,801.30,1,S,5,W
93,624.58,801.60,1,S,5,W
224,645.06,801.90,1,W,5,W
225,650.87,802.20,1,W,5,W
231,698.84,803.20,1,W,2,W
104,732.38,803.50,1,S,1,W
108,737.71,803.80,1,S,1,W
112,742.24,804.10,1,S,1,W
116,745.23,804.40,1,S,1,W
118,748.03,804.70,1,S,1,W
237,735.66,805.00,1,W,2,E
122,785.12,805.00,1,S,1,W
238,737.07,805.30,1,W,2,W
124,786.57,805.30,1,S,1,W
239,738.93,805.60,1,W,2,W
126,789.94,805.60,1,S,1,W
243,762.43,806.80,1,W,2,E
376,755.28,813.87,2,E,3,W
372,642.11,815.50,2,E,5,E
114,743.32,816.90,1,S,1,E
312,647.66,819.10,1,E,5,E
346,669.27,821.94,2,W,5,N
347,691.61,822.24,2,W,5,N
90,620.22,822.54,1,S,5,N
218,579.44,822.84,1,W,5,N
219,604.94,823.14,1,W,5,N
222,618.18,823.44,1,W,5,N
226,663.36,823.74,1,W,5,N
227,665.03,824.04,1,W,5,N
307,621.72,824.34,1,E,5,N
310,626.05,824.64,1,E,5,N
311,642.00,824.94,1,E,5,N
313,661.05,825.54,1,E,5,N
314,679.30,825.84,1,E,5,N
397,707.49,829.87,3,W,5,N
442,731.70,830.17,3,E,5,N
399,729.91,830.47,3,W,5,N
400,755.45,830.77,3,W,5,N
401,769.50,831.27,3,W,5,N
402,775.55,837.32,3,W,5,N
110,739.66,838.07,1,S,3,W
235,724.43,840.47,1,W,3,W
404,779.73,841.50,3,W,5,N
240,739.26,841.97,1,W,3,E
319,732.09,843.47,1,E,3,W
134,832.31,846.44,1,S,1,E
567,774.00,865.64,5,W,5,N
568,798.27,865.94,5,W,5,N
569,823.71,866.24,5,W,5,N
570,825.27,866.54,5,W,5,N
571,826.35,866.84,5,W,5,N
572,826.98,867.14,5,W,5,N
573,827.61,867.44,5,W,5,N
574,829.34,867.74,5,W,5,N
575,849.04,868.04,5,W,5,N
576,852.00,868.34,5,W,5,N
577,853.53,868.64,5,W,5,N
578,868.50,874.64,5,W,5,N
579,869.61,875.75,5,W,5,N
580,870.27,876.41,5,W,5,N
581,871.59,877.72,5,W,5,N
624,809.17,879.64,5,E,5,N
625,810.30,879.94,5,E,5,N
626,862.54,880.24,5,E,5,N
627,863.44,880.54,5,E,5,N
441,730.42,899.40,3,E,5,W
398,723.63,899.70,3,W,5,W
443,733.47,900.00,3,E,5,W
121,784.77,900.30,1,S,3,W
403,779.11,900.30,3,W,5,W
444,782.52,900.60,3,E,5,W
445,784.03,900.90,3,E,5,W
317,702.75,901.20,1,E,5,W
100,695.43,901.50,1,S,5,W
130,824.03,901.50,1,S,2,E
102,698.93,901.80,1,S,5,W
131,826.61,901.80,1,S,2,W
103,700.91,902.10,1,S,5,W
375,714.95,902.40,2,E,5,W
377,798.30,902.70,2,E,5,W
105,733.04,903.00,1,S,5,W
137,835.76,903.00,1,S,2,E
107,736.95,903.30,1,S,5,W
228,671.35,903.60,1,W,5,W
241,741.17,903.90,1,W,5,W
129,822.62,903.90,1,S,1,W
321,748.09,904.20,1,E,5,W
136,835.08,904.20,1,S,1,W
139,837.76,904.50,1,S,1,W
142,841.86,904.80,1,S,1,W
247,775.30,905.10,1,W,2,W
143,843.42,905.10,1,S,1,W
145,845.48,905.40,1,S,1,W
144,844.85,916.70,1,S,1,E
146,847.46,917.00,1,S,1,E
316,702.49,921.54,1,E,5,N
96,658.14,921.84,1,S,5,N
97,658.99,922.14,1,S,5,N
98,662.75,922.44,1,S,5,N
101,697.15,922.74,1,S,5,N
374,702.21,923.04,2,E,5,N
348,730.29,923.34,2,W,5,N
349,766.04,923.64,2,W,5,N
350,780.54,923.94,2,W,5,N
106,736.45,924.24,1,S,5,N
229,680.78,924.54,1,W,5,N
230,697.72,924.84,1,W,5,N
232,701.79,925.14,1,W,5,N
233,703.49,925.44,1,W,5,N
234,722.98,925.74,1,W,5,N
236,725.78,926.04,1,W,5,N
242,760.98,926.34,1,W,5,N
318,712.96,926.64,1,E,5,N
320,742.29,926.94,1,E,5,N
322,790.73,927.24,1,E,5,N
405,806.90,929.67,3,W,5,N
446,840.23,929.67,3,E,5,N
406,812.46,929.97,3,W,5,N
407,876.46,932.09,3,W,5,E
258,845.59,944.47,1,W,3,E
259,855.51,944.77,1,W,3,W
324,884.69,946.88,1,E,3,W
582,873.72,965.54,5,W,5,N
583,881.22,965.84,5,W,5,N
584,882.68,966.14,5,W,5,N
585,882.78,966.44,5,W,5,N
586,884.30,966.74,5,W,5,N
587,884.41,967.04,5,W,5,N
588,885.48,967.34,5,W,5,N
589,887.72,967.64,5,W,5,N
590,893.98,967.94,5,W,5,N
447,880.40,999.30,3,E,5,W
448,881.41,999.60,3,E,5,W
119,784.12,999.90,1,S,5,W
120,784.31,1000.20,1,S,5,W
378,839.02,1000.50,2,E,5,W
379,864.55,1000.80,2,E,5,W
352,822.43,1001.10,2,W,5,W
353,833.54,1001.40,2,W,5,W
133,831.49,1001.70,1,S,5,W
138,837.21,1002.00,1,S,5,W
141,838.35,1002.30,1,S,5,W
250,784.90,1002.60,1,W,5,W
252,812.74,1002.90,1,W,5,W
253,813.37,1003.20,1,W,5,W
132,828.17,1018.60,1,S,5,E
408,897.83,1021.44,3,W,5,N
111,740.73,1021.74,1,S,5,N
113,743.07,1022.04,1,S,5,N
115,744.36,1022.34,1,S,5,N
117,746.45,1022.64,1,S,5,N
123,785.36,1022.94,1,S,5,N
125,788.24,1023.24,1,S,5,N
127,790.08,1023.54,1,S,5,N
351,801.39,1023.84,2,W,5,N
354,836.23,1024.14,2,W,5,N
128,820.75,1024.44,1,S,5,N
135,833.96,1025.04,1,S,5,N
140,837.84,1025.34,1,S,5,N
244,768.05,1025.64,1,W,5,N
245,769.76,1025.94,1,W,5,N
246,773.49,1026.24,1,W,5,N
248,776.88,1026.54,1,W,5,N
249,783.04,1026.84,1,W,5,N
251,805.22,1027.14,1,W,5,N
254,819.92,1027.44,1,W,5,N
255,821.47,1027.74,1,W,5,N
256,825.02,1028.04,1,W,5,N
257,826.53,1028.34,1,W,5,N
260,863.42,1028.64,1,W,5,N
323,858.05,1028.94,1,E,5,N
147,853.38,1099.20,1,S,5,W
264,896.13,1099.50,1,W,5,W
263,881.76,1116.10,1,W,5,E
148,875.27,1121.34,1,S,5,N
261,880.04,1121.64,1,W,5,N
262,881.68,1121.94,1,W,5,N
265,897.61,1122.54,1,W,5,N