id,enter_time,exit_time,entrance_intersection,entrance_direction,exit_intersection,exit_direction
458,1.42,66.44,5,W,5,N
459,2.99,66.74,5,W,5,N
460,4.86,67.04,5,W,5,N
461,5.28,67.34,5,W,5,N
462,7.14,67.64,5,W,5,N
463,8.53,67.94,5,W,5,N
464,16.41,68.24,5,W,5,N
465,17.42,68.54,5,W,5,N
466,42.88,68.84,5,W,5,N
467,61.50,69.14,5,W,5,N
468,62.53,69.44,5,W,5,N
469,63.64,69.77,5,W,5,N
470,65.26,71.40,5,W,5,N
471,65.80,71.94,5,W,5,N
472,67.51,73.64,5,W,5,N
473,68.93,75.07,5,W,5,N
610,73.13,80.44,5,E,5,N
611,73.74,80.74,5,E,5,N
277,81.76,107.88,1,E,2,E
3,38.16,113.50,1,S,1,E
393,26.31,131.27,3,W,5,N
419,8.08,131.27,3,E,5,N
422,58.95,132.17,3,E,5,N
178,47.61,138.87,1,W,3,W
394,85.08,146.85,3,W,5,N
474,75.12,166.34,5,W,5,N
475,85.27,166.64,5,W,5,N
476,101.35,166.94,5,W,5,N
477,103.10,167.24,5,W,5,N
478,104.90,167.54,5,W,5,N
479,106.23,167.84,5,W,5,N
480,119.07,168.14,5,W,5,N
481,120.30,168.44,5,W,5,N
482,130.09,168.74,5,W,5,N
483,169.19,175.33,5,W,5,N
612,148.47,180.34,5,E,5,N
4,38.46,199.90,1,S,3,W
420,9.09,200.10,3,E,5,W
421,57.53,200.40,3,E,5,W
340,37.64,200.70,2,W,5,W
367,14.44,201.00,2,E,5,W
12,145.41,201.10,1,S,1,W
341,50.53,201.30,2,W,5,W
13,146.23,201.40,1,S,1,W
370,98.06,201.60,2,E,5,W
177,45.89,201.90,1,W,5,W
283,138.92,203.80,1,E,2,E
278,87.13,204.95,1,E,5,W
280,91.00,208.82,1,E,5,W
281,93.81,211.64,1,E,5,W
1,36.19,217.60,1,S,5,E
368,42.48,222.24,2,E,5,N
342,58.23,222.54,2,W,5,N
343,72.90,222.84,2,W,5,N
369,87.40,223.14,2,E,5,N
0,34.52,223.44,1,S,5,N
2,36.49,224.04,1,S,5,N
173,24.94,224.34,1,W,5,N
174,34.03,224.64,1,W,5,N
175,36.69,224.94,1,W,5,N
176,43.98,225.24,1,W,5,N
179,48.92,225.54,1,W,5,N
180,60.50,225.84,1,W,5,N
275,28.14,226.14,1,E,5,N
276,39.03,226.44,1,E,5,N
279,89.32,226.74,1,E,5,N
423,106.68,231.07,3,E,5,N
395,144.67,231.07,3,W,5,N
396,167.86,231.37,3,W,5,N
425,156.62,231.67,3,E,5,N
426,157.72,231.97,3,E,5,N
182,81.47,237.17,1,W,3,W
484,183.09,266.24,5,W,5,N
485,184.79,266.54,5,W,5,N
486,186.58,266.84,5,W,5,N
487,196.80,267.14,5,W,5,N
488,198.28,267.44,5,W,5,N
489,198.31,267.74,5,W,5,N
490,199.79,268.04,5,W,5,N
491,208.42,268.34,5,W,5,N
492,214.55,268.64,5,W,5,N
493,216.19,268.94,5,W,5,N
494,240.11,269.24,5,W,5,N
495,241.29,269.54,5,W,5,N
496,248.06,269.84,5,W,5,N
497,249.85,270.14,5,W,5,N
498,251.27,270.44,5,W,5,N
499,251.45,270.74,5,W,5,N
500,253.21,271.04,5,W,5,N
501,263.35,271.34,5,W,5,N
502,264.70,271.64,5,W,5,N
503,265.20,271.94,5,W,5,N
504,267.68,273.82,5,W,5,N
613,214.74,280.24,5,E,5,N
614,231.72,280.54,5,E,5,N
615,238.84,280.84,5,E,5,N
616,240.11,281.14,5,E,5,N
617,288.65,294.78,5,E,5,N
618,290.14,296.28,5,E,5,N
424,107.89,300.00,3,E,5,W
7,74.33,300.30,1,S,5,W
8,75.43,300.60,1,S,5,W
344,149.70,300.90,2,W,5,W
345,159.79,301.20,2,W,5,W
23,244.45,301.50,1,S,1,W
346,199.68,301.50,2,W,5,W
28,251.68,301.80,1,S,1,W
9,106.37,301.80,1,S,5,W
31,254.31,302.10,1,S,1,W
183,91.03,302.10,1,W,5,W
35,256.86,302.40,1,S,1,W
184,107.35,302.40,1,W,5,W
37,267.36,302.70,1,S,1,W
38,268.33,303.00,1,S,1,W
43,279.91,303.30,1,S,1,W
45,280.43,303.60,1,S,1,W
48,282.35,303.90,1,S,1,W
287,191.42,309.24,1,E,5,W
25,246.64,315.20,1,S,1,E
6,40.27,316.30,1,S,5,E
372,163.73,316.90,2,E,5,E
41,272.20,318.50,1,S,1,E
50,283.96,320.30,1,S,1,E
5,39.61,322.14,1,S,5,N
371,138.17,322.74,2,E,5,N
373,174.58,323.34,2,E,5,N
374,192.20,323.64,2,E,5,N
181,77.89,323.94,1,W,5,N
185,124.95,324.24,1,W,5,N
186,126.57,324.54,1,W,5,N
187,128.28,324.84,1,W,5,N
188,143.07,325.14,1,W,5,N
189,144.26,325.44,1,W,5,N
282,128.58,325.74,1,E,5,N
284,150.84,326.04,1,E,5,N
285,169.57,326.34,1,E,5,N
286,189.19,326.64,1,E,5,N
427,216.26,330.87,3,E,5,N
397,222.46,330.87,3,W,5,N
398,224.71,331.17,3,W,5,N
399,238.12,331.47,3,W,5,N
190,169.31,336.67,1,W,3,W
26,248.03,341.62,1,S,2,E
431,292.88,354.65,3,E,5,N
432,294.83,356.60,3,E,5,N
291,294.93,357.12,1,E,3,W
505,282.53,366.14,5,W,5,N
506,289.97,366.44,5,W,5,N
507,290.53,366.74,5,W,5,N
508,291.54,367.04,5,W,5,N
509,301.77,367.34,5,W,5,N
510,301.95,367.64,5,W,5,N
511,302.96,367.94,5,W,5,N
512,303.98,368.24,5,W,5,N
513,304.38,368.54,5,W,5,N
514,305.98,368.84,5,W,5,N
515,320.89,369.14,5,W,5,N
516,322.56,369.44,5,W,5,N
517,324.45,369.74,5,W,5,N
518,327.99,370.04,5,W,5,N
519,330.09,370.34,5,W,5,N
520,330.45,370.64,5,W,5,N
521,331.33,370.94,5,W,5,N
522,332.15,371.24,5,W,5,N
523,372.02,378.15,5,W,5,N
619,338.51,380.14,5,E,5,N
428,217.49,399.90,3,E,5,W
429,257.46,400.20,3,E,5,W
430,290.89,400.50,3,E,5,W
10,142.64,400.80,1,S,5,W
15,148.71,401.10,1,S,5,W
16,149.86,401.40,1,S,5,W
20,198.74,401.70,1,S,5,W
54,327.36,401.90,1,S,1,W
51,285.06,401.90,1,S,2,E
375,217.80,402.00,2,E,5,W
56,335.24,402.20,1,S,1,W
36,262.63,402.20,1,S,3,W
191,170.88,402.30,1,W,5,W
57,384.53,402.50,1,S,1,W
197,231.01,402.60,1,W,5,W
290,247.63,402.90,1,E,5,W
294,330.70,407.30,1,E,2,W
299,351.35,408.80,1,E,2,W
19,196.69,417.40,1,S,5,E
377,282.81,418.30,2,E,5,E
198,231.52,420.40,1,W,5,E
200,236.89,421.00,1,W,5,E
400,299.06,422.04,3,W,5,N
11,144.08,422.34,1,S,5,N
14,148.11,422.64,1,S,5,N
17,151.29,422.94,1,S,5,N
18,154.20,423.24,1,S,5,N
347,212.17,423.84,2,W,5,N
376,248.42,424.14,2,E,5,N
378,293.11,424.74,2,E,5,N
192,174.79,425.04,1,W,5,N
193,186.88,425.34,1,W,5,N
194,188.74,425.64,1,W,5,N
195,207.77,425.94,1,W,5,N
196,229.02,426.24,1,W,5,N
199,233.35,426.84,1,W,5,N
201,238.85,427.44,1,W,5,N
202,246.97,427.74,1,W,5,N
203,248.38,428.04,1,W,5,N
204,249.77,428.34,1,W,5,N
288,217.47,428.64,1,E,5,N
289,237.00,428.94,1,E,5,N
433,325.83,430.67,3,E,5,N
402,377.49,439.26,3,W,5,N
524,373.68,466.04,5,W,5,N
525,401.42,466.34,5,W,5,N
526,402.60,466.64,5,W,5,N
527,405.56,466.94,5,W,5,N
528,427.51,467.24,5,W,5,N
529,428.33,467.54,5,W,5,N
530,431.28,467.84,5,W,5,N
531,446.55,468.14,5,W,5,N
532,446.79,468.44,5,W,5,N
533,453.13,468.74,5,W,5,N
534,454.90,469.04,5,W,5,N
535,456.71,469.34,5,W,5,N
536,464.69,470.83,5,W,5,N
537,467.33,473.47,5,W,5,N
538,469.19,475.33,5,W,5,N
620,407.67,480.04,5,E,5,N
621,408.48,480.34,5,E,5,N
622,449.83,480.64,5,E,5,N
623,451.09,480.94,5,E,5,N
624,463.86,481.24,5,E,5,N
625,485.07,491.20,5,E,5,N
401,320.62,499.80,3,W,5,W
434,338.69,500.10,3,E,5,W
435,380.12,500.40,3,E,5,W
436,389.15,500.70,3,E,5,W
70,405.04,500.80,1,S,2,W
21,243.21,501.00,1,S,5,W
71,408.34,501.10,1,S,2,W
32,254.98,501.30,1,S,5,W
34,256.14,501.60,1,S,5,W
40,270.97,501.90,1,S,5,W
379,339.42,502.20,2,E,5,W
68,402.43,502.30,1,S,1,W
348,304.28,502.50,2,W,5,W
75,461.82,502.60,1,S,1,W
350,342.86,502.80,2,W,5,W
380,385.65,503.10,2,E,5,W
352,399.31,503.40,2,W,5,W
49,283.92,503.70,1,S,5,W
207,271.84,504.00,1,W,5,W
209,295.58,504.30,1,W,5,W
210,305.57,504.60,1,W,5,W
212,329.78,504.90,1,W,5,W
292,319.07,505.20,1,E,5,W
293,320.41,505.50,1,E,5,W
295,339.74,505.80,1,E,5,W
297,344.09,506.10,1,E,5,W
298,349.59,506.40,1,E,5,W
46,280.51,519.10,1,S,5,E
53,327.10,520.00,1,S,5,E
213,333.36,521.80,1,W,5,E
22,243.46,521.94,1,S,5,N
214,334.93,522.10,1,W,5,E
24,245.42,522.24,1,S,5,N
27,249.53,522.54,1,S,5,N
29,252.21,522.84,1,S,5,N
30,252.96,523.14,1,S,5,N
33,256.01,523.44,1,S,5,N
39,269.32,523.74,1,S,5,N
42,272.64,524.04,1,S,5,N
349,342.29,524.34,2,W,5,N
351,376.75,524.64,2,W,5,N
44,280.22,524.94,1,S,5,N
47,281.92,525.54,1,S,5,N
52,285.62,525.84,1,S,5,N
55,330.19,526.44,1,S,5,N
205,266.75,526.74,1,W,5,N
206,270.12,527.04,1,W,5,N
208,293.09,527.34,1,W,5,N
211,325.83,527.64,1,W,5,N
215,344.06,528.54,1,W,5,N
216,365.57,528.84,1,W,5,N
296,341.76,529.14,1,E,5,N
403,434.81,530.47,3,W,5,N
404,444.28,530.77,3,W,5,N
439,456.28,531.07,3,E,5,N
222,417.41,539.27,1,W,3,W
304,449.05,542.57,1,E,3,E
442,489.81,545.44,3,E,5,E
441,488.58,550.35,3,E,5,N
310,492.34,554.53,1,E,3,W
539,478.55,565.94,5,W,5,N
540,490.80,566.24,5,W,5,N
541,491.41,566.54,5,W,5,N
542,508.12,566.84,5,W,5,N
543,509.40,567.14,5,W,5,N
544,511.02,567.44,5,W,5,N
545,512.92,567.74,5,W,5,N
546,514.99,568.04,5,W,5,N
547,515.55,568.34,5,W,5,N
548,523.69,568.64,5,W,5,N
549,525.62,568.94,5,W,5,N
550,527.34,569.24,5,W,5,N
551,529.02,569.54,5,W,5,N
552,530.88,569.84,5,W,5,N
553,532.29,570.14,5,W,5,N
554,532.63,570.44,5,W,5,N
555,549.51,570.74,5,W,5,N
556,553.41,571.04,5,W,5,N
557,554.01,571.34,5,W,5,N
626,551.54,579.94,5,E,5,N
627,572.25,580.24,5,E,5,N
74,460.93,599.40,1,S,3,W
437,435.30,599.70,3,E,5,W
438,440.43,600.00,3,E,5,W
440,487.18,600.30,3,E,5,W
59,386.09,600.60,1,S,5,W
64,398.32,600.90,1,S,5,W
67,400.47,601.20,1,S,5,W
382,445.56,601.50,2,E,5,W
354,486.77,601.80,2,W,5,W
72,410.07,602.10,1,S,5,W
219,410.27,602.40,1,W,5,W
221,415.73,602.70,1,W,5,W
79,503.27,602.70,1,S,1,W
223,433.97,603.00,1,W,5,W
82,553.37,603.00,1,S,1,W
228,463.24,603.30,1,W,5,W
85,585.99,603.30,1,S,1,W
301,424.35,603.60,1,E,5,W
302,427.30,603.90,1,E,5,W
91,590.60,604.74,1,S,1,W
309,490.02,607.84,1,E,5,W
83,553.91,616.10,1,S,1,E
93,593.65,618.50,1,S,1,E
226,438.09,620.50,1,W,5,E
305,459.41,621.70,1,E,5,E
58,384.86,621.84,1,S,5,N
306,461.90,622.00,1,E,5,E
60,389.52,622.14,1,S,5,N
61,391.59,622.44,1,S,5,N
62,392.31,622.74,1,S,5,N
63,393.98,623.04,1,S,5,N
65,398.58,623.34,1,S,5,N
66,399.14,623.64,1,S,5,N
69,403.77,623.94,1,S,5,N
353,474.46,624.24,2,W,5,N
381,404.33,624.54,2,E,5,N
383,494.55,624.84,2,E,5,N
217,366.75,625.14,1,W,5,N
218,386.74,625.44,1,W,5,N
220,412.07,625.74,1,W,5,N
224,435.64,626.04,1,W,5,N
225,436.41,626.34,1,W,5,N
227,443.53,626.94,1,W,5,N
300,404.54,627.24,1,E,5,N
303,447.28,627.54,1,E,5,N
307,462.93,628.44,1,E,5,N
308,480.83,628.74,1,E,5,N
405,506.67,630.27,3,W,5,N
443,520.86,630.27,3,E,5,N
406,560.19,630.57,3,W,5,N
444,561.87,630.57,3,E,5,N
231,493.51,637.57,1,W,3,E
233,526.77,638.17,1,W,3,E
237,534.67,639.37,1,W,3,E
95,595.63,645.22,1,S,2,E
558,586.77,665.84,5,W,5,N
559,588.40,666.14,5,W,5,N
560,598.44,666.44,5,W,5,N
561,605.36,666.74,5,W,5,N
562,608.14,667.04,5,W,5,N
563,610.57,667.34,5,W,5,N
564,630.16,667.64,5,W,5,N
565,636.66,667.94,5,W,5,N
566,640.28,668.24,5,W,5,N
567,640.67,668.54,5,W,5,N
568,646.74,668.84,5,W,5,N
628,620.95,679.84,5,E,5,N
629,626.38,680.14,5,E,5,N
630,632.36,680.44,5,E,5,N
631,632.90,680.74,5,E,5,N
632,640.85,681.04,5,E,5,N
633,641.74,681.34,5,E,5,N
634,644.08,681.64,5,E,5,N
635,666.95,681.94,5,E,5,N
636,668.42,682.24,5,E,5,N
384,529.87,699.60,2,E,5,W
230,479.82,699.90,1,W,5,W
87,586.64,700.10,1,S,3,W
234,529.24,700.20,1,W,5,W
235,530.55,700.50,1,W,5,W
240,558.19,700.80,1,W,5,W
90,589.59,701.00,1,S,3,E
311,518.49,701.10,1,E,5,W
315,568.40,701.40,1,E,5,W
102,604.59,703.10,1,S,1,W
107,639.01,703.40,1,S,2,W
103,635.43,703.40,1,S,1,W
316,585.75,703.57,1,E,5,W
105,637.61,703.70,1,S,1,W
108,639.90,704.00,1,S,1,W
122,651.60,704.30,1,S,1,W
123,655.74,704.60,1,S,1,W
124,658.01,704.90,1,S,1,W
125,660.06,705.20,1,S,1,W
126,660.25,705.50,1,S,1,W
239,557.99,718.60,1,W,5,E
312,527.44,718.90,1,E,5,E
73,459.24,721.74,1,S,5,N
76,496.35,722.04,1,S,5,N
77,496.92,722.34,1,S,5,N
78,499.46,722.64,1,S,5,N
355,521.87,722.94,2,W,5,N
385,577.34,723.24,2,E,5,N
229,466.68,723.54,1,W,5,N
232,517.90,723.84,1,W,5,N
236,532.69,724.14,1,W,5,N
238,556.08,724.44,1,W,5,N
313,542.29,725.34,1,E,5,N
314,553.21,725.64,1,E,5,N
317,593.20,725.94,1,E,5,N
445,604.53,730.07,3,E,5,N
407,619.20,730.07,3,W,5,N
446,613.08,730.37,3,E,5,N
448,670.88,732.65,3,E,5,N
569,684.85,765.74,5,W,5,N
570,687.81,766.04,5,W,5,N
571,693.60,766.34,5,W,5,N
572,701.05,766.64,5,W,5,N
573,701.48,766.94,5,W,5,N
574,730.26,767.24,5,W,5,N
575,730.88,767.54,5,W,5,N
576,732.35,767.84,5,W,5,N
577,733.53,768.14,5,W,5,N
578,735.06,768.44,5,W,5,N
579,738.65,768.74,5,W,5,N
580,740.32,769.04,5,W,5,N
581,743.26,769.34,5,W,5,N
582,745.04,769.64,5,W,5,N
583,750.87,769.94,5,W,5,N
584,751.15,770.24,5,W,5,N
585,761.77,770.54,5,W,5,N
586,763.64,770.84,5,W,5,N
587,765.26,771.40,5,W,5,N
588,767.91,774.05,5,W,5,N
589,770.39,776.53,5,W,5,N
637,722.66,779.74,5,E,5,N
638,739.36,780.04,5,E,5,N
639,740.42,780.34,5,E,5,N
640,748.03,780.64,5,E,5,N
109,640.68,799.30,1,S,3,W
408,627.73,799.50,3,W,5,W
447,614.81,799.80,3,E,5,W
111,641.34,799.90,1,S,3,E
409,628.22,800.10,3,W,5,W
410,649.96,800.40,3,W,5,W
411,652.45,800.70,3,W,5,W
412,657.03,801.00,3,W,5,W
449,672.74,801.30,3,E,5,W
92,591.38,801.60,1,S,5,W
357,640.38,801.90,2,W,5,W
100,602.11,802.20,1,S,5,W
244,621.91,802.50,1,W,5,W
246,637.13,802.80,1,W,5,W
320,629.72,803.10,1,E,5,W
130,713.44,803.50,1,S,1,W
134,718.55,803.80,1,S,1,W
135,719.20,804.10,1,S,1,W
154,784.03,804.40,1,S,1,W
251,676.81,806.50,1,W,2,W
258,715.11,808.60,1,W,2,W
389,761.75,813.57,2,E,3,W
386,620.93,817.60,2,E,5,E
106,638.91,820.90,1,S,5,E
80,552.11,821.64,1,S,5,N
81,552.13,821.94,1,S,5,N
84,555.58,822.24,1,S,5,N
86,586.58,822.54,1,S,5,N
248,659.94,822.70,1,W,5,E
88,587.48,822.84,1,S,5,N
89,587.86,823.14,1,S,5,N
94,594.99,823.44,1,S,5,N
356,614.79,824.04,2,W,5,N
387,667.46,824.34,2,E,5,N
358,670.17,824.64,2,W,5,N
359,697.94,824.94,2,W,5,N
96,596.73,825.24,1,S,5,N
97,599.04,825.54,1,S,5,N
98,600.24,825.84,1,S,5,N
99,600.49,826.14,1,S,5,N
101,603.29,826.44,1,S,5,N
104,636.55,826.74,1,S,5,N
241,575.35,827.34,1,W,5,N
242,594.87,827.64,1,W,5,N
243,620.14,827.94,1,W,5,N
245,631.11,828.24,1,W,5,N
247,640.37,828.54,1,W,5,N
318,619.99,829.14,1,E,5,N
319,626.86,829.44,1,E,5,N
321,679.67,829.74,1,E,5,N
413,724.20,829.87,3,W,5,N
450,729.21,829.87,3,E,5,N
451,734.35,830.17,3,E,5,N
414,724.57,830.17,3,W,5,N
452,775.49,831.12,3,E,5,E
129,711.34,838.07,1,S,3,W
136,720.62,839.27,1,S,3,E
137,723.86,839.57,1,S,3,W
454,778.79,840.56,3,E,5,N
144,733.18,841.67,1,S,3,W
256,698.91,844.07,1,W,3,W
415,791.32,853.09,3,W,5,N
590,785.68,865.64,5,W,5,N
591,804.51,865.94,5,W,5,N
592,805.97,866.24,5,W,5,N
593,806.75,866.54,5,W,5,N
594,808.90,866.84,5,W,5,N
595,825.45,867.14,5,W,5,N
596,842.33,867.44,5,W,5,N
597,855.45,867.74,5,W,5,N
598,856.73,868.04,5,W,5,N
599,858.22,868.34,5,W,5,N
600,864.24,870.38,5,W,5,N
601,865.80,871.94,5,W,5,N
602,866.34,872.47,5,W,5,N
603,868.51,874.65,5,W,5,N
604,870.00,876.14,5,W,5,N
605,870.62,876.75,5,W,5,N
606,871.54,877.67,5,W,5,N
641,802.40,879.64,5,E,5,N
642,853.67,879.94,5,E,5,N
643,869.14,880.24,5,E,5,N
145,776.80,898.50,1,S,3,E
322,696.70,899.40,1,E,5,W
453,776.89,899.70,3,E,5,W
323,701.88,900.00,1,E,5,W
324,702.30,900.30,1,E,5,W
113,642.30,900.60,1,S,5,W
117,645.61,900.90,1,S,5,W
118,646.90,901.20,1,S,5,W
119,648.59,901.50,1,S,5,W
128,709.67,901.80,1,S,5,W
133,716.81,902.10,1,S,5,W
140,726.54,902.40,1,S,5,W
250,675.01,902.70,1,W,5,W
252,677.85,903.00,1,W,5,W
253,678.41,903.30,1,W,5,W
255,695.82,903.60,1,W,5,W
260,746.82,903.90,1,W,5,W
325,719.30,904.20,1,E,5,W
327,737.35,904.50,1,E,5,W
332,778.07,904.80,1,E,5,W
337,839.39,906.00,1,E,2,E
339,883.32,909.44,1,E,2,E
169,896.29,910.42,1,S,1,W
131,714.18,918.40,1,S,5,E
110,640.75,921.54,1,S,5,N
112,642.12,921.84,1,S,5,N
114,642.71,922.14,1,S,5,N
115,642.83,922.44,1,S,5,N
116,644.01,922.74,1,S,5,N
120,649.84,923.04,1,S,5,N
331,767.92,923.20,1,E,5,E
388,711.76,923.34,2,E,5,N
360,778.60,923.64,2,W,5,N
121,650.28,923.94,1,S,5,N
127,660.85,924.24,1,S,5,N
132,715.86,924.84,1,S,5,N
138,724.17,925.14,1,S,5,N
139,724.78,925.44,1,S,5,N
141,728.47,925.74,1,S,5,N
142,731.80,926.04,1,S,5,N
143,732.91,926.34,1,S,5,N
249,673.76,926.64,1,W,5,N
254,694.53,926.94,1,W,5,N
257,700.08,927.24,1,W,5,N
259,737.12,927.54,1,W,5,N
261,759.94,927.84,1,W,5,N
326,723.55,928.14,1,E,5,N
328,755.37,928.44,1,E,5,N
329,755.49,928.74,1,E,5,N
330,765.31,929.04,1,E,5,N
333,796.42,929.64,1,E,5,N
455,830.39,929.67,3,E,5,N
416,863.32,929.67,3,W,5,N
270,839.30,940.57,1,W,3,W
457,880.33,942.10,3,E,5,N
168,893.71,945.22,1,S,2,W
607,873.25,965.54,5,W,5,N
608,896.68,965.84,5,W,5,N
609,899.42,966.14,5,W,5,N
456,878.98,999.30,3,E,5,W
417,880.99,999.60,3,W,5,W
418,895.27,999.90,3,W,5,W
148,780.30,1000.20,1,S,5,W
390,810.23,1000.50,2,E,5,W
362,805.62,1000.80,2,W,5,W
363,817.36,1001.10,2,W,5,W
364,820.89,1001.40,2,W,5,W
392,895.48,1001.70,2,E,5,W
264,784.44,1002.00,1,W,5,W
266,786.13,1002.30,1,W,5,W
334,804.25,1002.60,1,E,5,W
335,814.76,1002.90,1,E,5,W
146,778.33,1015.30,1,S,5,E
150,782.29,1016.20,1,S,5,E
153,783.77,1017.10,1,S,5,E
147,779.13,1021.74,1,S,5,N
149,780.31,1022.04,1,S,5,N
336,821.89,1022.20,1,E,5,E
151,782.54,1022.64,1,S,5,N
152,782.67,1022.94,1,S,5,N
155,784.77,1023.54,1,S,5,N
156,785.65,1023.84,1,S,5,N
361,801.41,1024.14,2,W,5,N
391,852.78,1024.44,2,E,5,N
365,828.98,1024.74,2,W,5,N
366,868.13,1025.04,2,W,5,N
157,834.78,1025.34,1,S,5,N
158,837.03,1025.64,1,S,5,N
159,837.42,1025.94,1,S,5,N
262,779.39,1026.24,1,W,5,N
263,780.96,1026.54,1,W,5,N
265,785.69,1026.84,1,W,5,N
267,803.03,1027.14,1,W,5,N
268,806.28,1027.44,1,W,5,N
269,825.76,1027.74,1,W,5,N
271,848.03,1028.04,1,W,5,N
338,849.48,1028.64,1,E,5,N
161,844.25,1099.20,1,S,5,W
163,885.52,1099.50,1,S,5,W
170,897.04,1099.80,1,S,5,W
272,870.41,1100.10,1,W,5,W
274,886.82,1100.40,1,W,5,W
273,885.09,1117.60,1,W,5,E
160,843.04,1121.34,1,S,5,N
162,884.12,1121.64,1,S,5,N
164,885.97,1121.94,1,S,5,N
165,887.69,1122.24,1,S,5,N
166,889.18,1122.54,1,S,5,N
167,893.41,1122.84,1,S,5,N
171,898.98,1123.14,1,S,5,N
172,898.98,1123.44,1,S,5,N