id,enter_time,exit_time,entrance_intersection,entrance_direction,exit_intersection,exit_direction
8,12.44,26.58,1,S,1,E
12,18.74,32.88,1,S,1,E
445,1.78,66.44,5,W,5,N
446,18.05,66.74,5,W,5,N
447,19.86,67.04,5,W,5,N
448,22.44,67.34,5,W,5,N
449,24.09,67.64,5,W,5,N
450,25.23,67.94,5,W,5,N
451,27.05,68.24,5,W,5,N
452,29.65,68.54,5,W,5,N
453,31.00,68.84,5,W,5,N
454,39.21,69.14,5,W,5,N
455,41.54,69.44,5,W,5,N
566,5.27,80.44,5,E,5,N
567,10.31,80.74,5,E,5,N
568,11.36,81.04,5,E,5,N
569,17.30,81.34,5,E,5,N
570,25.98,81.64,5,E,5,N
0,0.57,100.70,1,S,1,W
2,6.93,101.00,1,S,1,W
571,94.98,101.12,5,E,5,N
5,8.97,101.30,1,S,1,W
15,69.08,101.60,1,S,1,W
18,69.93,101.90,1,S,1,W
350,59.98,112.87,2,E,3,W
375,21.36,131.27,3,W,5,N
403,30.17,131.27,3,E,5,N
376,77.38,139.15,3,W,5,N
160,18.99,139.77,1,W,3,W
272,1.61,142.17,1,E,3,W
377,81.81,143.58,3,W,5,N
456,89.53,166.34,5,W,5,N
457,90.90,166.64,5,W,5,N
458,93.31,166.94,5,W,5,N
459,94.48,167.24,5,W,5,N
460,126.76,167.54,5,W,5,N
461,128.62,167.84,5,W,5,N
462,142.80,168.14,5,W,5,N
463,145.89,168.44,5,W,5,N
464,146.24,168.74,5,W,5,N
465,146.25,169.04,5,W,5,N
466,163.95,170.08,5,W,5,N
572,103.23,180.34,5,E,5,N
573,114.07,180.64,5,E,5,N
574,128.57,180.94,5,E,5,N
575,130.49,181.24,5,E,5,N
576,135.99,181.54,5,E,5,N
577,136.18,181.84,5,E,5,N
578,187.50,193.64,5,E,5,N
404,75.23,200.10,3,E,5,W
378,92.53,200.40,3,W,5,W
349,41.79,200.70,2,E,5,W
21,108.94,200.80,1,S,2,W
6,10.70,201.00,1,S,5,W
23,182.34,201.10,1,S,1,W
9,13.79,201.30,1,S,5,W
579,195.42,201.56,5,E,5,N
11,14.58,201.60,1,S,5,W
13,19.23,201.90,1,S,5,W
161,35.77,202.20,1,W,5,W
164,42.78,202.50,1,W,5,W
173,100.04,202.60,1,W,2,W
165,44.38,202.80,1,W,5,W
166,58.14,203.10,1,W,5,W
167,59.90,203.40,1,W,5,W
177,141.74,203.80,1,W,2,W
277,103.10,205.00,1,E,2,W
279,121.63,205.60,1,E,2,W
333,172.10,213.87,2,W,3,E
328,99.30,217.00,2,W,5,E
273,20.40,220.00,1,E,5,E
353,184.53,220.60,2,E,3,W
326,12.89,222.24,2,W,5,N
327,21.08,222.54,2,W,5,N
351,90.39,222.84,2,E,5,N
1,5.80,223.44,1,S,5,N
3,8.59,223.74,1,S,5,N
4,8.82,224.04,1,S,5,N
7,11.18,224.34,1,S,5,N
10,14.04,224.64,1,S,5,N
379,101.79,224.93,3,W,5,E
158,1.80,224.94,1,W,5,N
159,2.34,225.24,1,W,5,N
162,39.14,225.54,1,W,5,N
163,39.78,225.84,1,W,5,N
274,36.23,226.44,1,E,5,N
275,50.35,226.74,1,E,5,N
276,51.52,227.04,1,E,5,N
406,166.54,231.37,3,E,5,N
380,130.23,231.37,3,W,5,N
381,184.63,246.40,3,W,5,N
408,191.69,253.46,3,E,5,N
467,179.69,266.24,5,W,5,N
468,182.45,266.54,5,W,5,N
469,183.69,266.84,5,W,5,N
470,194.09,267.14,5,W,5,N
471,195.02,267.44,5,W,5,N
472,195.78,267.74,5,W,5,N
473,206.58,268.04,5,W,5,N
474,215.60,268.34,5,W,5,N
475,223.10,268.64,5,W,5,N
476,226.46,268.94,5,W,5,N
477,234.08,269.24,5,W,5,N
478,242.46,269.54,5,W,5,N
479,256.77,269.84,5,W,5,N
480,258.65,270.14,5,W,5,N
481,271.55,277.69,5,W,5,N
580,222.62,280.24,5,E,5,N
581,234.94,280.54,5,E,5,N
582,276.31,282.45,5,E,5,N
583,280.38,286.52,5,E,5,N
584,284.29,290.42,5,E,5,N
585,285.96,292.09,5,E,5,N
586,286.87,293.01,5,E,5,N
587,289.84,295.97,5,E,5,N
405,122.02,300.00,3,E,5,W
407,181.11,300.30,3,E,5,W
330,129.80,300.60,2,W,5,W
20,107.61,300.90,1,S,5,W
169,86.97,301.20,1,W,5,W
170,88.41,301.50,1,W,5,W
172,99.17,301.80,1,W,5,W
174,110.49,302.10,1,W,5,W
178,150.74,302.40,1,W,5,W
334,207.44,312.77,2,W,3,E
14,68.51,316.00,1,S,5,E
16,69.08,316.30,1,S,5,E
175,133.02,319.00,1,W,5,E
280,147.76,320.50,1,E,5,E
17,69.18,322.74,1,S,5,N
19,72.25,323.04,1,S,5,N
352,139.85,323.34,2,E,5,N
329,127.58,323.64,2,W,5,N
331,164.93,323.94,2,W,5,N
332,165.46,324.24,2,W,5,N
168,85.36,324.54,1,W,5,N
171,97.80,324.84,1,W,5,N
176,134.65,325.44,1,W,5,N
179,151.33,325.74,1,W,5,N
180,154.54,326.04,1,W,5,N
278,117.70,326.34,1,E,5,N
281,150.75,326.94,1,E,5,N
282,196.98,327.24,1,E,5,N
382,257.91,330.87,3,W,5,N
411,229.44,331.47,3,E,5,N
412,275.22,336.99,3,E,5,N
413,276.74,338.51,3,E,5,N
286,272.38,341.77,1,E,3,W
384,289.20,350.97,3,W,5,N
482,295.97,366.14,5,W,5,N
483,303.43,366.44,5,W,5,N
484,307.18,366.74,5,W,5,N
485,335.42,367.04,5,W,5,N
486,342.61,367.34,5,W,5,N
487,357.01,367.64,5,W,5,N
488,364.72,370.85,5,W,5,N
489,365.77,371.91,5,W,5,N
490,367.11,373.24,5,W,5,N
588,362.78,380.14,5,E,5,N
409,221.82,399.90,3,E,5,W
410,223.27,400.20,3,E,5,W
383,287.66,400.50,3,W,5,W
22,146.10,400.80,1,S,5,W
24,184.06,401.10,1,S,5,W
25,185.98,401.40,1,S,5,W
355,247.55,401.70,2,E,5,W
41,387.19,401.90,1,S,1,W
181,170.52,402.00,1,W,5,W
184,191.09,402.30,1,W,5,W
185,192.13,402.60,1,W,5,W
186,193.58,402.90,1,W,5,W
188,210.55,403.20,1,W,5,W
189,227.14,403.50,1,W,5,W
285,245.90,403.80,1,E,5,W
45,395.08,409.21,1,S,1,W
360,382.75,418.83,2,E,3,W
26,191.96,422.04,1,S,5,N
27,192.25,422.34,1,S,5,N
354,203.13,422.64,2,E,5,N
335,229.06,422.94,2,W,5,N
356,258.35,423.24,2,E,5,N
28,226.94,423.54,1,S,5,N
29,229.35,423.84,1,S,5,N
30,230.66,424.14,1,S,5,N
182,174.41,424.44,1,W,5,N
183,175.73,424.74,1,W,5,N
187,210.18,425.04,1,W,5,N
190,243.44,425.34,1,W,5,N
191,246.85,425.64,1,W,5,N
283,239.00,425.94,1,E,5,N
284,242.20,426.24,1,E,5,N
385,344.85,430.67,3,W,5,N
416,360.63,431.27,3,E,5,N
417,366.67,431.57,3,E,5,N
418,373.45,435.22,3,E,5,N
419,375.19,436.96,3,E,5,N
201,345.00,439.77,1,W,3,W
202,346.72,440.07,1,W,3,W
491,374.92,466.04,5,W,5,N
492,376.79,466.34,5,W,5,N
493,379.44,466.64,5,W,5,N
494,381.15,466.94,5,W,5,N
495,388.42,467.24,5,W,5,N
496,415.32,467.54,5,W,5,N
497,416.74,467.84,5,W,5,N
498,417.00,468.14,5,W,5,N
499,417.22,468.44,5,W,5,N
500,418.62,468.74,5,W,5,N
501,418.95,469.04,5,W,5,N
502,441.11,469.34,5,W,5,N
503,442.66,469.64,5,W,5,N
504,450.46,469.94,5,W,5,N
505,451.62,470.24,5,W,5,N
506,453.26,470.54,5,W,5,N
507,453.28,470.84,5,W,5,N
508,454.09,471.14,5,W,5,N
509,455.42,471.44,5,W,5,N
589,435.57,480.04,5,E,5,N
590,457.24,480.34,5,E,5,N
591,465.03,480.64,5,E,5,N
592,468.37,480.94,5,E,5,N
414,311.40,499.80,3,E,5,W
415,358.72,500.10,3,E,5,W
40,386.53,500.20,1,S,3,E
420,382.86,500.40,3,E,5,W
31,261.09,500.70,1,S,5,W
336,324.27,501.00,2,W,5,W
359,359.72,501.30,2,E,5,W
195,294.48,501.60,1,W,5,W
196,296.43,501.90,1,W,5,W
198,314.29,502.20,1,W,5,W
48,398.83,502.30,1,S,1,W
199,329.38,502.50,1,W,5,W
52,403.64,502.60,1,S,1,W
200,335.49,502.80,1,W,5,W
203,356.00,503.10,1,W,5,W
212,454.68,503.20,1,W,2,W
291,350.29,503.40,1,E,5,W
295,383.77,503.70,1,E,5,W
58,492.33,506.47,1,S,1,W
59,493.79,507.92,1,S,1,W
60,494.70,508.84,1,S,1,W
61,496.43,516.30,1,S,1,E
65,503.06,517.19,1,S,1,E
32,261.57,521.94,1,S,5,N
33,263.50,522.24,1,S,5,N
34,265.26,522.54,1,S,5,N
35,267.20,522.84,1,S,5,N
357,306.26,523.14,2,E,5,N
358,318.78,523.44,2,E,5,N
36,310.43,523.74,1,S,5,N
192,266.29,524.04,1,W,5,N
193,269.88,524.34,1,W,5,N
194,285.22,524.64,1,W,5,N
423,433.28,524.93,3,E,5,E
197,311.71,524.94,1,W,5,N
287,309.45,525.24,1,E,5,N
288,324.30,525.54,1,E,5,N
289,343.02,525.84,1,E,5,N
290,348.93,526.14,1,E,5,N
292,354.11,526.44,1,E,5,N
74,512.41,526.54,1,S,1,E
293,355.23,526.74,1,E,5,N
294,356.91,527.04,1,E,5,N
296,383.91,527.34,1,E,5,N
297,388.16,527.64,1,E,5,N
386,415.60,530.47,3,W,5,N
421,425.76,530.47,3,E,5,N
387,420.20,530.77,3,W,5,N
422,427.41,530.77,3,E,5,N
388,424.82,531.07,3,W,5,N
424,444.77,531.37,3,E,5,N
389,427.83,531.37,3,W,5,N
425,446.10,531.67,3,E,5,N
363,497.09,533.16,2,E,3,E
207,402.80,537.77,1,W,3,W
214,462.31,539.87,1,W,3,E
299,419.24,540.77,1,E,3,W
301,472.48,541.37,1,E,3,W
55,450.22,541.52,1,S,2,W
427,480.63,542.40,3,E,5,N
510,481.57,565.94,5,W,5,N
511,482.81,566.24,5,W,5,N
512,525.98,566.54,5,W,5,N
513,527.21,566.84,5,W,5,N
514,528.67,567.14,5,W,5,N
515,544.46,567.44,5,W,5,N
516,546.31,567.74,5,W,5,N
517,555.61,568.04,5,W,5,N
518,556.23,568.34,5,W,5,N
519,557.29,568.64,5,W,5,N
520,558.43,568.94,5,W,5,N
521,559.18,569.24,5,W,5,N
522,560.71,569.54,5,W,5,N
523,562.28,569.84,5,W,5,N
524,564.24,570.38,5,W,5,N
593,519.52,579.94,5,E,5,N
594,525.00,580.24,5,E,5,N
595,527.39,580.54,5,E,5,N
596,529.08,580.84,5,E,5,N
597,534.79,581.14,5,E,5,N
598,552.06,581.44,5,E,5,N
599,553.08,581.74,5,E,5,N
600,558.17,582.04,5,E,5,N
601,562.57,582.34,5,E,5,N
602,565.11,582.64,5,E,5,N
603,592.51,598.64,5,E,5,N
426,447.12,599.70,3,E,5,W
390,486.99,600.00,3,W,5,W
428,493.60,600.30,3,E,5,W
37,340.83,600.60,1,S,5,W
44,391.74,600.90,1,S,5,W
47,397.28,601.20,1,S,5,W
51,402.48,601.50,1,S,5,W
205,381.17,601.80,1,W,5,W
208,408.16,602.10,1,W,5,W
210,419.12,602.40,1,W,5,W
75,512.72,602.40,1,S,2,E
213,455.17,602.70,1,W,5,W
64,502.02,602.70,1,S,1,W
298,402.28,603.00,1,E,5,W
69,507.18,603.00,1,S,1,W
73,510.24,603.30,1,S,1,W
78,517.73,603.60,1,S,1,W
79,521.71,603.90,1,S,1,W
82,527.32,604.20,1,S,1,W
83,528.39,604.50,1,S,1,W
85,533.84,604.80,1,S,1,W
227,562.02,607.50,1,W,2,W
53,404.55,617.80,1,S,5,E
38,342.43,621.84,1,S,5,N
39,385.73,622.14,1,S,5,N
42,389.14,622.44,1,S,5,N
43,389.79,622.74,1,S,5,N
46,395.71,623.04,1,S,5,N
49,399.35,623.34,1,S,5,N
50,400.15,623.64,1,S,5,N
337,424.19,624.24,2,W,5,N
361,427.86,624.54,2,E,5,N
362,469.53,624.84,2,E,5,N
204,380.08,625.14,1,W,5,N
206,399.44,625.44,1,W,5,N
209,409.83,625.74,1,W,5,N
211,437.19,626.04,1,W,5,N
215,463.31,626.34,1,W,5,N
300,447.26,626.64,1,E,5,N
429,501.62,630.27,3,E,5,N
430,560.79,630.57,3,E,5,N
392,566.94,630.57,3,W,5,N
431,562.22,630.87,3,E,5,N
87,581.05,641.92,1,S,2,W
302,510.98,644.17,1,E,3,W
305,529.06,645.07,1,E,3,W
307,553.37,645.67,1,E,3,W
309,590.52,652.71,1,E,3,W
525,579.05,665.84,5,W,5,N
526,581.12,666.14,5,W,5,N
527,582.00,666.44,5,W,5,N
528,592.77,666.74,5,W,5,N
529,603.47,667.04,5,W,5,N
530,612.83,667.34,5,W,5,N
531,615.40,667.64,5,W,5,N
532,632.37,667.94,5,W,5,N
533,634.23,668.24,5,W,5,N
534,635.01,668.54,5,W,5,N
604,644.71,679.84,5,E,5,N
605,644.72,680.14,5,E,5,N
606,646.63,680.44,5,E,5,N
607,671.16,680.74,5,E,5,N
608,671.99,681.04,5,E,5,N
609,675.59,681.73,5,E,5,N
391,542.53,699.60,3,W,5,W
66,503.07,699.90,1,S,5,W
364,540.91,700.20,2,E,5,W
67,504.99,700.50,1,S,5,W
217,473.99,700.80,1,W,5,W
222,532.93,701.10,1,W,5,W
226,560.23,701.40,1,W,5,W
228,563.06,701.70,1,W,5,W
303,516.92,702.00,1,E,5,W
230,586.24,702.80,1,W,2,W
98,635.96,703.10,1,S,1,W
232,611.66,703.40,1,W,2,W
102,640.75,703.40,1,S,1,W
109,675.63,703.70,1,S,1,W
112,683.59,704.00,1,S,1,W
238,666.16,705.20,1,W,2,W
340,611.45,713.47,2,W,3,W
57,491.77,716.20,1,S,5,E
338,522.35,717.10,2,W,5,E
72,509.28,718.60,1,S,5,E
80,522.57,719.50,1,S,5,E
54,449.71,721.74,1,S,5,N
223,549.08,721.90,1,W,5,E
56,491.18,722.04,1,S,5,N
62,496.54,722.64,1,S,5,N
63,501.81,722.94,1,S,5,N
365,563.53,723.54,2,E,5,N
68,505.57,723.84,1,S,5,N
70,508.23,724.14,1,S,5,N
71,508.24,724.44,1,S,5,N
76,513.04,725.04,1,S,5,N
77,516.25,725.34,1,S,5,N
81,526.36,725.94,1,S,5,N
84,532.70,726.24,1,S,5,N
216,472.59,726.54,1,W,5,N
218,475.03,726.84,1,W,5,N
219,491.91,727.14,1,W,5,N
220,515.65,727.44,1,W,5,N
221,531.15,727.74,1,W,5,N
224,550.15,728.34,1,W,5,N
225,550.53,728.64,1,W,5,N
304,519.47,728.94,1,E,5,N
306,534.64,729.24,1,E,5,N
308,579.75,729.54,1,E,5,N
433,620.62,730.37,3,E,5,N
394,624.30,730.37,3,W,5,N
434,622.32,730.67,3,E,5,N
436,662.44,731.27,3,E,5,N
343,697.57,733.64,2,W,3,E
314,646.18,742.77,1,E,3,E
127,734.93,749.06,1,S,1,E
128,736.72,750.86,1,S,1,E
535,673.31,765.74,5,W,5,N
536,674.50,766.04,5,W,5,N
537,677.70,766.34,5,W,5,N
538,694.67,766.64,5,W,5,N
539,701.25,766.94,5,W,5,N
540,702.98,767.24,5,W,5,N
541,744.64,767.54,5,W,5,N
542,761.13,767.84,5,W,5,N
543,762.65,768.79,5,W,5,N
544,764.70,770.84,5,W,5,N
545,765.78,771.91,5,W,5,N
610,743.73,779.74,5,E,5,N
611,790.08,796.22,5,E,5,N
612,792.07,798.21,5,E,5,N
104,642.76,799.00,1,S,3,E
432,605.86,799.50,3,E,5,W
393,620.26,799.80,3,W,5,W
435,630.62,800.10,3,E,5,W
395,683.69,800.40,3,W,5,W
110,676.11,800.50,1,S,3,E
89,586.18,800.70,1,S,5,W
91,590.24,801.00,1,S,5,W
94,595.40,801.30,1,S,5,W
95,597.01,801.60,1,S,5,W
96,633.99,801.90,1,S,5,W
97,635.24,802.20,1,S,5,W
229,576.28,802.50,1,W,5,W
231,602.47,802.80,1,W,5,W
233,630.02,803.10,1,W,5,W
235,644.25,803.40,1,W,5,W
118,724.12,803.50,1,S,1,W
237,662.32,803.70,1,W,5,W
121,726.76,803.80,1,S,1,W
310,604.60,804.00,1,E,5,W
129,738.61,804.10,1,S,2,E
125,732.19,804.10,1,S,1,W
126,733.60,804.40,1,S,1,W
131,741.69,804.70,1,S,1,W
135,748.25,805.00,1,S,1,W
136,749.59,805.30,1,S,1,W
139,753.95,805.60,1,S,1,W
145,761.80,805.90,1,S,1,W
150,775.50,806.20,1,S,1,W
151,780.72,806.50,1,S,1,W
153,787.14,806.80,1,S,1,W
248,709.00,807.40,1,W,2,E
249,725.42,807.70,1,W,2,W
132,743.83,816.30,1,S,1,E
234,637.08,820.00,1,W,5,E
437,698.56,821.64,3,E,5,N
371,785.86,821.93,2,E,3,W
86,580.19,821.94,1,S,5,N
88,583.04,822.24,1,S,5,N
90,586.24,822.54,1,S,5,N
92,592.72,822.84,1,S,5,N
93,595.25,823.14,1,S,5,N
366,611.77,823.44,2,E,5,N
339,603.69,823.74,2,W,5,N
367,656.08,824.04,2,E,5,N
368,669.96,824.34,2,E,5,N
341,621.53,824.64,2,W,5,N
342,622.24,824.94,2,W,5,N
99,637.63,825.24,1,S,5,N
100,637.71,825.54,1,S,5,N
101,639.32,825.84,1,S,5,N
236,645.59,826.44,1,W,5,N
311,608.64,826.74,1,E,5,N
312,626.75,827.04,1,E,5,N
313,628.94,827.34,1,E,5,N
315,659.94,827.64,1,E,5,N
316,674.17,827.94,1,E,5,N
317,697.40,828.24,1,E,5,N
396,735.29,829.87,3,W,5,N
438,734.98,829.87,3,E,5,N
397,754.64,830.17,3,W,5,N
123,730.70,839.57,1,S,3,W
239,667.65,840.77,1,W,3,W
242,690.34,841.67,1,W,3,W
400,789.77,851.54,3,W,5,N
440,790.65,852.42,3,E,5,N
323,794.79,856.98,1,E,3,W
546,779.58,865.64,5,W,5,N
547,781.36,865.94,5,W,5,N
548,789.45,866.24,5,W,5,N
549,791.44,866.54,5,W,5,N
550,799.18,866.84,5,W,5,N
551,799.57,867.14,5,W,5,N
552,806.14,867.44,5,W,5,N
553,841.28,867.74,5,W,5,N
554,841.81,868.04,5,W,5,N
555,844.09,868.34,5,W,5,N
556,844.91,868.64,5,W,5,N
557,846.80,868.94,5,W,5,N
558,848.03,869.24,5,W,5,N
559,871.10,877.23,5,W,5,N
613,857.37,879.64,5,E,5,N
614,862.43,879.94,5,E,5,N
615,862.60,880.24,5,E,5,N
616,871.69,880.54,5,E,5,N
398,756.75,899.40,3,W,5,W
399,777.65,899.70,3,W,5,W
439,781.48,900.00,3,E,5,W
103,642.27,900.30,1,S,5,W
108,674.84,900.60,1,S,5,W
344,782.30,900.90,2,W,5,W
345,794.51,901.20,2,W,5,W
114,716.66,901.50,1,S,5,W
115,718.54,901.80,1,S,5,W
241,689.19,902.10,1,W,5,W
244,700.25,902.40,1,W,5,W
252,755.28,902.70,1,W,5,W
253,755.40,903.00,1,W,5,W
319,709.15,903.30,1,E,5,W
321,729.55,903.60,1,E,5,W
155,853.42,903.90,1,S,1,W
260,822.15,904.20,1,W,2,W
156,855.97,904.20,1,S,1,W
106,645.30,915.70,1,S,5,E
107,646.49,916.00,1,S,5,E
113,715.22,917.50,1,S,5,E
243,690.74,920.20,1,W,5,E
105,644.54,921.54,1,S,5,N
111,681.99,922.44,1,S,5,N
369,716.74,922.74,2,E,5,N
370,737.63,923.04,2,E,5,N
372,797.90,923.34,2,E,5,N
116,720.49,923.94,1,S,5,N
117,722.22,924.24,1,S,5,N
119,724.85,924.54,1,S,5,N
120,725.57,924.84,1,S,5,N
122,729.39,925.14,1,S,5,N
124,731.26,925.44,1,S,5,N
130,739.46,925.74,1,S,5,N
240,669.49,926.04,1,W,5,N
245,702.37,926.64,1,W,5,N
246,703.46,926.94,1,W,5,N
247,705.16,927.24,1,W,5,N
250,728.95,927.54,1,W,5,N
251,738.81,927.84,1,W,5,N
254,757.09,928.14,1,W,5,N
318,704.90,928.44,1,E,5,N
320,719.31,928.74,1,E,5,N
322,756.73,929.04,1,E,5,N
441,803.41,929.67,3,E,5,N
401,815.52,929.67,3,W,5,N
148,766.89,937.57,1,S,3,W
257,784.42,939.37,1,W,3,W
324,860.87,942.07,1,E,3,W
402,884.41,946.18,3,W,5,N
443,886.02,947.79,3,E,5,N
560,877.67,965.54,5,W,5,N
561,878.72,965.84,5,W,5,N
562,886.70,966.14,5,W,5,N
563,893.76,966.44,5,W,5,N
564,897.62,966.74,5,W,5,N
565,899.49,967.04,5,W,5,N
442,838.48,999.30,3,E,5,W
444,893.82,999.60,3,E,5,W
137,750.56,999.90,1,S,5,W
138,752.12,1000.20,1,S,5,W
348,859.19,1000.50,2,W,5,W
154,807.84,1000.80,1,S,5,W
255,779.78,1001.10,1,W,5,W
256,782.92,1001.40,1,W,5,W
263,835.19,1001.70,1,W,5,W
265,858.30,1002.00,1,W,5,W
325,893.46,1011.28,1,E,5,W
264,856.70,1021.00,1,W,5,E
133,745.14,1021.44,1,S,5,N
134,745.60,1021.74,1,S,5,N
140,755.31,1022.04,1,S,5,N
141,755.64,1022.34,1,S,5,N
142,757.00,1022.64,1,S,5,N
143,758.57,1022.94,1,S,5,N
144,759.26,1023.24,1,S,5,N
146,763.08,1023.54,1,S,5,N
346,807.52,1023.84,2,W,5,N
373,838.53,1024.14,2,E,5,N
347,845.58,1024.44,2,W,5,N
374,882.66,1024.74,2,E,5,N
147,765.01,1025.04,1,S,5,N
149,774.00,1025.34,1,S,5,N
152,783.14,1025.64,1,S,5,N
258,800.47,1025.94,1,W,5,N
259,814.87,1026.24,1,W,5,N
261,823.84,1026.54,1,W,5,N
262,827.49,1026.84,1,W,5,N
157,859.93,1099.20,1,S,5,W
269,874.65,1099.50,1,W,5,W
271,895.38,1116.40,1,W,5,E
266,868.11,1121.34,1,W,5,N
267,869.40,1121.64,1,W,5,N
268,871.36,1121.94,1,W,5,N
270,875.84,1122.24,1,W,5,N