id,enter_time,exit_time,entrance_intersection,entrance_direction,exit_intersection,exit_direction
7,17.35,31.48,1,S,1,E
19,34.38,48.52,1,S,1,E
484,1.81,66.44,5,W,5,N
485,20.41,66.74,5,W,5,N
486,33.21,67.04,5,W,5,N
487,34.26,67.34,5,W,5,N
488,36.02,67.64,5,W,5,N
489,38.23,67.94,5,W,5,N
490,40.06,68.24,5,W,5,N
491,42.30,68.54,5,W,5,N
492,46.96,68.84,5,W,5,N
493,48.65,69.14,5,W,5,N
494,63.86,70.00,5,W,5,N
495,64.06,70.20,5,W,5,N
496,66.93,73.07,5,W,5,N
599,14.98,80.44,5,E,5,N
600,20.33,80.74,5,E,5,N
601,85.98,92.11,5,E,5,N
2,11.04,100.70,1,S,1,W
4,12.36,101.00,1,S,2,W
3,11.31,101.00,1,S,1,W
13,28.00,103.40,1,S,2,W
16,31.03,104.30,1,S,2,W
389,44.16,112.57,2,E,3,W
442,1.35,131.27,3,E,5,N
413,65.23,131.27,3,W,5,N
443,2.83,131.57,3,E,5,N
444,20.00,131.87,3,E,5,N
448,41.04,133.07,3,E,5,N
449,49.97,133.37,3,E,5,N
28,119.96,134.10,1,S,1,E
35,124.87,139.01,1,S,1,E
178,42.50,142.17,1,W,3,W
450,83.44,145.21,3,E,5,N
497,102.07,166.34,5,W,5,N
498,102.63,166.64,5,W,5,N
499,129.93,166.94,5,W,5,N
500,131.05,167.24,5,W,5,N
501,132.13,167.54,5,W,5,N
502,135.12,167.84,5,W,5,N
503,141.22,168.14,5,W,5,N
504,157.31,168.44,5,W,5,N
505,163.98,170.12,5,W,5,N
506,173.26,179.39,5,W,5,N
602,155.27,180.34,5,E,5,N
603,161.00,180.64,5,E,5,N
604,169.68,180.94,5,E,5,N
605,169.84,181.24,5,E,5,N
606,175.05,181.54,5,E,5,N
607,180.18,186.32,5,E,5,N
445,21.18,200.10,3,E,5,W
446,22.77,200.40,3,E,5,W
447,24.69,200.70,3,E,5,W
451,99.15,201.00,3,E,5,W
24,116.88,201.10,1,S,1,W
366,12.22,201.30,2,W,5,W
29,120.19,201.40,1,S,1,W
5,15.66,201.60,1,S,5,W
36,126.79,201.70,1,S,1,W
6,16.33,201.90,1,S,5,W
8,17.87,202.20,1,S,5,W
10,20.38,202.50,1,S,5,W
11,22.23,202.80,1,S,5,W
12,23.90,203.10,1,S,5,W
15,29.57,203.40,1,S,5,W
175,7.47,203.70,1,W,5,W
179,64.21,204.00,1,W,5,W
299,0.67,204.30,1,E,5,W
304,59.13,204.60,1,E,5,W
307,76.73,204.90,1,E,5,W
311,139.64,208.00,1,E,2,W
1,9.22,216.70,1,S,5,E
305,64.41,220.00,1,E,5,E
306,73.73,220.30,1,E,5,E
390,90.51,222.24,2,E,5,N
0,7.43,222.54,1,S,5,N
9,18.36,223.14,1,S,5,N
14,29.19,223.44,1,S,5,N
17,32.16,223.74,1,S,5,N
18,33.37,224.04,1,S,5,N
176,27.66,224.34,1,W,5,N
177,29.62,224.64,1,W,5,N
300,6.06,224.94,1,E,5,N
301,6.91,225.24,1,E,5,N
302,22.89,225.54,1,E,5,N
303,47.64,225.84,1,E,5,N
414,119.86,231.07,3,W,5,N
452,146.76,231.07,3,E,5,N
44,217.36,231.50,1,S,1,E
415,175.79,237.56,3,W,5,N
507,174.87,266.24,5,W,5,N
508,184.95,266.54,5,W,5,N
509,186.58,266.84,5,W,5,N
510,187.83,267.14,5,W,5,N
511,188.62,267.44,5,W,5,N
512,189.43,267.74,5,W,5,N
513,191.00,268.04,5,W,5,N
514,218.86,268.34,5,W,5,N
515,265.56,271.70,5,W,5,N
516,273.17,279.30,5,W,5,N
608,231.56,280.24,5,E,5,N
609,233.40,280.54,5,E,5,N
610,238.91,280.84,5,E,5,N
20,79.73,300.00,1,S,5,W
367,111.74,300.30,2,W,5,W
392,173.07,300.60,2,E,5,W
22,115.56,300.90,1,S,5,W
23,115.69,301.20,1,S,5,W
43,216.72,301.50,1,S,1,W
26,118.04,301.50,1,S,5,W
32,122.77,301.80,1,S,5,W
189,140.85,302.10,1,W,5,W
308,108.96,302.40,1,E,5,W
309,128.19,302.70,1,E,5,W
310,138.44,303.00,1,E,5,W
197,225.38,303.30,1,W,2,W
55,294.05,308.18,1,S,1,W
56,294.40,308.54,1,S,1,W
45,249.63,314.30,1,S,1,E
46,251.56,314.60,1,S,1,E
47,251.63,314.90,1,S,1,E
21,81.26,316.00,1,S,5,E
183,90.73,319.60,1,W,5,E
391,133.66,322.44,2,E,5,N
25,117.82,322.74,1,S,5,N
27,118.81,323.04,1,S,5,N
30,120.92,323.34,1,S,5,N
31,122.36,323.64,1,S,5,N
33,122.78,323.94,1,S,5,N
34,124.25,324.24,1,S,5,N
37,128.84,324.54,1,S,5,N
180,86.91,324.84,1,W,5,N
181,87.33,325.14,1,W,5,N
182,88.92,325.44,1,W,5,N
184,94.36,326.04,1,W,5,N
185,114.55,326.34,1,W,5,N
186,119.80,326.64,1,W,5,N
187,121.35,326.94,1,W,5,N
188,124.70,327.24,1,W,5,N
190,158.14,327.54,1,W,5,N
312,141.95,327.84,1,E,5,N
313,161.45,328.14,1,E,5,N
314,179.57,328.44,1,E,5,N
315,183.98,328.74,1,E,5,N
316,190.30,329.04,1,E,5,N
453,202.70,330.87,3,E,5,N
416,204.59,330.87,3,W,5,N
417,205.87,331.17,3,W,5,N
454,252.20,331.17,3,E,5,N
418,210.30,331.47,3,W,5,N
419,233.88,331.77,3,W,5,N
317,210.23,341.17,1,E,3,E
57,332.65,346.78,1,S,1,E
455,296.37,358.14,3,E,5,N
517,274.67,366.14,5,W,5,N
518,274.74,366.44,5,W,5,N
519,291.54,366.74,5,W,5,N
520,291.72,367.04,5,W,5,N
521,293.71,367.34,5,W,5,N
522,295.78,367.64,5,W,5,N
523,297.26,367.94,5,W,5,N
524,298.90,368.24,5,W,5,N
525,319.62,368.54,5,W,5,N
526,320.35,368.84,5,W,5,N
527,359.14,369.14,5,W,5,N
528,367.55,373.68,5,W,5,N
611,306.59,380.14,5,E,5,N
612,307.95,380.44,5,E,5,N
613,316.26,380.74,5,E,5,N
614,321.52,381.04,5,E,5,N
615,340.37,381.34,5,E,5,N
616,369.34,381.64,5,E,5,N
617,369.65,381.94,5,E,5,N
420,261.81,399.90,3,W,5,W
39,163.10,400.20,1,S,5,W
396,299.99,400.50,2,E,5,W
42,216.39,400.80,1,S,5,W
193,181.69,401.10,1,W,5,W
194,185.24,401.40,1,W,5,W
200,246.52,401.70,1,W,5,W
60,335.04,401.90,1,S,1,W
202,265.30,402.00,1,W,5,W
61,337.00,402.20,1,S,1,W
318,215.05,402.30,1,E,5,W
68,378.08,402.50,1,S,1,W
319,218.41,402.60,1,E,5,W
69,379.10,402.80,1,S,1,W
322,235.69,402.90,1,E,5,W
323,235.80,403.20,1,E,5,W
73,391.95,406.09,1,S,1,W
75,395.60,417.40,1,S,1,E
38,161.28,422.04,1,S,5,N
393,212.41,422.34,2,E,5,N
368,207.49,422.64,2,W,5,N
394,261.40,422.94,2,E,5,N
395,288.55,423.24,2,E,5,N
369,299.64,423.54,2,W,5,N
40,212.69,423.84,1,S,5,N
41,216.24,424.14,1,S,5,N
191,166.13,424.44,1,W,5,N
192,181.30,424.74,1,W,5,N
195,209.47,425.04,1,W,5,N
196,221.95,425.34,1,W,5,N
198,228.65,425.64,1,W,5,N
199,230.04,425.94,1,W,5,N
201,248.29,426.24,1,W,5,N
320,227.51,426.54,1,E,5,N
321,229.89,426.84,1,E,5,N
324,253.60,427.14,1,E,5,N
421,330.62,430.67,3,W,5,N
456,351.27,430.67,3,E,5,N
457,352.78,430.97,3,E,5,N
422,335.61,430.97,3,W,5,N
423,335.91,431.27,3,W,5,N
424,338.79,431.57,3,W,5,N
459,355.68,431.57,3,E,5,N
425,356.33,431.87,3,W,5,N
460,357.51,431.87,3,E,5,N
203,266.70,437.67,1,W,3,W
215,340.03,441.27,1,W,3,W
529,384.35,466.04,5,W,5,N
530,397.35,466.34,5,W,5,N
531,399.49,466.64,5,W,5,N
532,400.01,466.94,5,W,5,N
533,438.90,467.24,5,W,5,N
534,449.78,467.54,5,W,5,N
535,451.34,467.84,5,W,5,N
536,451.65,468.14,5,W,5,N
537,454.45,468.44,5,W,5,N
538,456.55,468.74,5,W,5,N
539,458.54,469.04,5,W,5,N
618,423.25,480.04,5,E,5,N
619,428.98,480.34,5,E,5,N
620,436.35,480.64,5,E,5,N
621,441.59,480.94,5,E,5,N
622,464.35,481.24,5,E,5,N
623,467.79,481.54,5,E,5,N
624,468.43,481.84,5,E,5,N
64,343.06,499.60,1,S,3,W
458,353.95,499.80,3,E,5,W
461,398.67,500.10,3,E,5,W
50,257.87,500.40,1,S,5,W
370,322.59,500.70,2,W,5,W
398,372.25,501.00,2,E,5,W
207,289.12,501.30,1,W,5,W
208,298.78,501.60,1,W,5,W
211,310.96,501.90,1,W,5,W
76,395.88,502.00,1,S,3,W
325,311.75,502.20,1,E,5,W
328,342.34,502.50,1,E,5,W
331,353.13,502.80,1,E,5,W
334,375.65,503.10,1,E,5,W
374,460.23,513.57,2,W,3,W
210,307.76,520.60,1,W,5,E
48,255.26,521.94,1,S,5,N
49,256.73,522.24,1,S,5,N
51,258.98,522.54,1,S,5,N
52,259.02,522.84,1,S,5,N
53,290.80,523.14,1,S,5,N
54,293.25,523.44,1,S,5,N
397,340.18,523.74,2,E,5,N
371,329.73,524.04,2,W,5,N
399,389.71,524.34,2,E,5,N
58,332.86,524.64,1,S,5,N
59,334.50,524.94,1,S,5,N
62,337.04,525.24,1,S,5,N
204,286.11,525.54,1,W,5,N
205,286.87,525.84,1,W,5,N
206,287.74,526.14,1,W,5,N
209,300.03,526.44,1,W,5,N
212,333.47,527.04,1,W,5,N
213,336.17,527.34,1,W,5,N
214,336.20,527.64,1,W,5,N
216,341.99,527.94,1,W,5,N
326,322.70,528.24,1,E,5,N
327,339.44,528.54,1,E,5,N
329,348.32,528.84,1,E,5,N
330,350.95,529.14,1,E,5,N
332,360.63,529.44,1,E,5,N
333,361.14,529.74,1,E,5,N
426,418.03,530.47,3,W,5,N
462,412.50,530.47,3,E,5,N
427,427.67,530.77,3,W,5,N
463,419.63,530.77,3,E,5,N
221,378.33,538.37,1,W,3,W
230,410.94,541.07,1,W,3,W
428,479.95,541.72,3,W,5,N
540,474.84,565.94,5,W,5,N
541,485.61,566.24,5,W,5,N
542,492.84,566.54,5,W,5,N
543,493.37,566.84,5,W,5,N
544,525.18,567.14,5,W,5,N
545,526.42,567.44,5,W,5,N
546,526.55,567.74,5,W,5,N
547,552.20,568.04,5,W,5,N
548,554.94,568.34,5,W,5,N
549,556.36,568.64,5,W,5,N
550,557.41,568.94,5,W,5,N
551,559.57,569.24,5,W,5,N
625,519.37,579.94,5,E,5,N
626,525.06,580.24,5,E,5,N
627,526.90,580.54,5,E,5,N
628,539.90,580.84,5,E,5,N
629,585.94,592.07,5,E,5,N
464,453.97,599.70,3,E,5,W
465,497.18,600.00,3,E,5,W
65,344.48,600.30,1,S,5,W
66,345.48,600.60,1,S,5,W
72,391.16,600.90,1,S,5,W
77,398.03,601.20,1,S,5,W
400,434.14,601.50,2,E,5,W
222,379.96,601.80,1,W,5,W
87,509.50,601.80,1,S,2,E
223,399.07,602.10,1,W,5,W
224,400.78,602.40,1,W,5,W
90,511.78,602.40,1,S,2,W
225,402.58,602.70,1,W,5,W
88,510.42,602.70,1,S,1,W
229,409.43,603.00,1,W,5,W
231,412.12,603.30,1,W,5,W
240,491.86,603.30,1,W,2,W
232,425.04,603.60,1,W,5,W
246,509.07,605.10,1,W,2,W
94,593.96,608.10,1,S,1,W
339,540.65,608.70,1,E,2,W
379,562.66,613.97,2,W,3,W
380,577.26,614.27,2,W,3,E
71,389.41,616.60,1,S,5,E
401,479.56,617.80,2,E,5,E
218,368.20,619.00,1,W,5,E
63,342.18,621.84,1,S,5,N
67,377.99,622.14,1,S,5,N
70,386.53,622.44,1,S,5,N
74,392.27,623.04,1,S,5,N
372,426.14,623.34,2,W,5,N
373,448.77,623.64,2,W,5,N
375,487.50,624.24,2,W,5,N
78,431.34,624.54,1,S,5,N
217,367.73,624.84,1,W,5,N
219,369.53,625.44,1,W,5,N
220,375.75,625.74,1,W,5,N
226,404.08,626.04,1,W,5,N
227,405.21,626.34,1,W,5,N
228,408.14,626.64,1,W,5,N
233,426.62,626.94,1,W,5,N
234,438.19,627.24,1,W,5,N
235,444.67,627.54,1,W,5,N
236,444.74,627.84,1,W,5,N
237,458.32,628.14,1,W,5,N
335,425.66,628.44,1,E,5,N
336,493.54,628.74,1,E,5,N
466,513.96,630.27,3,E,5,N
429,537.28,630.27,3,W,5,N
467,527.02,630.57,3,E,5,N
254,565.11,643.57,1,W,3,E
430,591.30,653.07,3,W,5,N
552,576.54,665.84,5,W,5,N
553,586.55,666.14,5,W,5,N
554,588.26,666.44,5,W,5,N
555,589.77,666.74,5,W,5,N
556,591.55,667.04,5,W,5,N
557,593.20,667.34,5,W,5,N
558,594.62,667.64,5,W,5,N
559,633.91,667.94,5,W,5,N
560,649.11,668.24,5,W,5,N
561,651.06,668.54,5,W,5,N
562,651.92,668.84,5,W,5,N
563,653.33,669.14,5,W,5,N
564,655.14,669.44,5,W,5,N
630,626.12,679.84,5,E,5,N
631,654.68,680.14,5,E,5,N
468,528.28,699.60,3,E,5,W
469,579.38,699.90,3,E,5,W
79,465.79,700.20,1,S,5,W
81,471.45,700.50,1,S,5,W
403,545.79,700.80,2,E,5,W
378,559.76,701.10,2,W,5,W
85,508.77,701.40,1,S,5,W
239,481.49,701.70,1,W,5,W
242,503.71,702.00,1,W,5,W
247,515.70,702.30,1,W,5,W
248,528.48,702.60,1,W,5,W
252,561.50,702.90,1,W,5,W
98,629.19,703.10,1,S,1,W
253,563.38,703.20,1,W,5,W
102,669.64,703.40,1,S,1,W
255,566.65,703.50,1,W,5,W
337,532.46,703.80,1,E,5,W
338,538.24,704.10,1,E,5,W
263,625.45,704.30,1,W,2,W
111,690.96,705.09,1,S,1,W
115,697.60,711.74,1,S,1,W
405,608.98,713.17,2,E,3,W
80,467.58,721.74,1,S,5,N
82,472.67,722.04,1,S,5,N
83,504.76,722.34,1,S,5,N
376,501.63,722.64,2,W,5,N
402,527.25,722.94,2,E,5,N
377,522.23,723.24,2,W,5,N
404,566.18,723.54,2,E,5,N
381,590.10,723.84,2,W,5,N
84,507.28,724.14,1,S,5,N
86,509.50,724.44,1,S,5,N
89,511.46,724.74,1,S,5,N
238,472.11,725.04,1,W,5,N
241,495.50,725.34,1,W,5,N
243,504.72,725.64,1,W,5,N
244,505.91,725.94,1,W,5,N
245,507.34,726.24,1,W,5,N
249,545.44,726.54,1,W,5,N
250,551.71,726.84,1,W,5,N
251,551.83,727.14,1,W,5,N
340,581.54,727.44,1,E,5,N
341,585.00,727.74,1,E,5,N
125,714.19,728.32,1,S,1,E
432,607.26,730.37,3,W,5,N
433,621.58,730.67,3,W,5,N
471,671.77,733.54,3,E,5,N
258,580.81,738.87,1,W,3,W
104,675.06,742.32,1,S,2,W
435,680.61,742.38,3,W,5,N
350,698.03,760.22,1,E,3,E
565,696.50,765.74,5,W,5,N
566,697.69,766.04,5,W,5,N
567,705.90,766.34,5,W,5,N
568,706.56,766.64,5,W,5,N
569,717.49,766.94,5,W,5,N
570,720.15,767.24,5,W,5,N
571,721.84,767.54,5,W,5,N
572,722.15,767.84,5,W,5,N
573,723.44,768.14,5,W,5,N
574,725.03,768.44,5,W,5,N
575,726.36,768.74,5,W,5,N
576,732.42,769.04,5,W,5,N
577,734.31,769.34,5,W,5,N
578,736.14,769.64,5,W,5,N
579,737.45,769.94,5,W,5,N
580,744.77,770.24,5,W,5,N
581,746.47,770.54,5,W,5,N
582,748.17,770.84,5,W,5,N
583,754.90,771.14,5,W,5,N
632,723.74,779.74,5,E,5,N
633,731.73,780.04,5,E,5,N
634,780.21,786.34,5,E,5,N
635,780.66,786.80,5,E,5,N
470,630.07,799.50,3,E,5,W
431,606.86,799.80,3,W,5,W
434,622.73,800.10,3,W,5,W
92,560.68,800.40,1,S,5,W
93,593.19,800.70,1,S,5,W
95,594.03,801.00,1,S,5,W
96,595.51,801.30,1,S,5,W
100,632.27,801.60,1,S,5,W
101,633.35,801.90,1,S,5,W
264,651.32,802.20,1,W,5,W
266,667.03,802.50,1,W,5,W
127,715.25,802.60,1,S,2,W
348,659.27,802.80,1,E,5,W
118,706.36,803.50,1,S,1,W
119,709.30,803.80,1,S,1,W
121,711.69,804.10,1,S,1,W
126,715.24,804.40,1,S,1,W
132,721.63,804.70,1,S,1,W
135,761.57,805.00,1,S,1,W
354,775.23,810.40,1,E,2,W
383,703.25,813.27,2,W,3,W
147,805.06,819.90,1,S,1,E
91,553.25,821.64,1,S,5,N
382,614.41,821.94,2,W,5,N
406,658.70,822.24,2,E,5,N
97,627.26,822.54,1,S,5,N
99,630.92,822.84,1,S,5,N
256,567.16,823.14,1,W,5,N
257,579.68,823.44,1,W,5,N
259,582.05,823.74,1,W,5,N
260,607.32,824.04,1,W,5,N
261,624.36,824.34,1,W,5,N
262,625.25,824.64,1,W,5,N
265,653.02,824.94,1,W,5,N
342,617.76,825.24,1,E,5,N
343,627.75,825.54,1,E,5,N
344,643.91,825.84,1,E,5,N
345,654.70,826.14,1,E,5,N
346,656.46,826.44,1,E,5,N
347,657.57,826.74,1,E,5,N
349,669.32,827.04,1,E,5,N
436,739.44,829.87,3,W,5,N
437,759.97,830.17,3,W,5,N
474,729.52,830.47,3,E,5,N
475,765.43,830.77,3,E,5,N
128,717.66,838.97,1,S,3,E
269,686.52,841.07,1,W,3,W
276,733.30,843.17,1,W,3,W
143,801.07,844.82,1,S,2,W
584,783.43,865.64,5,W,5,N
585,817.35,865.94,5,W,5,N
586,831.65,866.24,5,W,5,N
587,833.30,866.54,5,W,5,N
588,845.55,866.84,5,W,5,N
589,846.03,867.14,5,W,5,N
590,847.48,867.44,5,W,5,N
591,848.65,867.74,5,W,5,N
592,850.41,868.04,5,W,5,N
593,851.87,868.34,5,W,5,N
594,853.60,868.64,5,W,5,N
595,861.70,868.94,5,W,5,N
596,863.24,869.37,5,W,5,N
597,864.28,870.41,5,W,5,N
598,865.86,871.99,5,W,5,N
636,834.90,879.64,5,E,5,N
637,840.80,879.94,5,E,5,N
137,763.36,899.10,1,S,3,W
472,726.43,899.40,3,E,5,W
139,766.51,899.70,1,S,3,W
473,728.24,899.70,3,E,5,W
438,762.83,900.00,3,W,5,W
103,671.20,900.30,1,S,5,W
107,679.99,900.60,1,S,5,W
108,681.09,900.90,1,S,5,W
109,688.83,901.20,1,S,5,W
112,692.56,901.50,1,S,5,W
113,696.19,901.80,1,S,5,W
271,712.53,902.10,1,W,5,W
277,734.76,902.40,1,W,5,W
278,749.16,902.70,1,W,5,W
279,749.64,903.00,1,W,5,W
351,726.18,903.30,1,E,5,W
353,760.87,903.60,1,E,5,W
150,814.84,903.90,1,S,1,W
152,816.27,904.20,1,S,1,W
158,822.91,904.50,1,S,1,W
162,857.30,904.80,1,S,1,W
164,860.85,905.10,1,S,1,W
166,866.85,905.40,1,S,1,W
172,873.28,905.70,1,S,1,W
173,874.92,919.10,1,S,1,E
105,676.65,921.54,1,S,5,N
106,678.14,921.84,1,S,5,N
110,690.61,922.14,1,S,5,N
114,697.01,922.44,1,S,5,N
116,698.29,922.74,1,S,5,N
407,704.80,923.04,2,E,5,N
408,728.08,923.34,2,E,5,N
384,715.00,923.64,2,W,5,N
409,765.68,923.94,2,E,5,N
117,705.53,924.24,1,S,5,N
120,711.16,924.54,1,S,5,N
439,819.01,924.70,3,W,5,E
122,712.18,924.84,1,S,5,N
123,713.47,925.14,1,S,5,N
124,714.00,925.44,1,S,5,N
129,718.35,925.74,1,S,5,N
130,718.57,926.04,1,S,5,N
131,720.22,926.34,1,S,5,N
133,721.73,926.64,1,S,5,N
267,668.06,926.94,1,W,5,N
268,668.76,927.24,1,W,5,N
270,710.97,927.54,1,W,5,N
272,715.53,927.84,1,W,5,N
273,729.24,928.14,1,W,5,N
274,730.51,928.44,1,W,5,N
275,731.58,928.74,1,W,5,N
280,753.56,929.04,1,W,5,N
281,754.76,929.34,1,W,5,N
282,756.61,929.64,1,W,5,N
283,757.82,929.94,1,W,5,N
352,729.17,930.24,1,E,5,N
355,775.70,930.54,1,E,5,N
476,803.53,931.14,3,E,5,N
477,837.99,931.44,3,E,5,N
478,839.80,931.74,3,E,5,N
479,841.71,932.04,3,E,5,N
482,856.30,932.34,3,E,5,N
483,871.71,933.48,3,E,5,N
289,824.03,942.07,1,W,3,E
290,827.28,942.37,1,W,3,W
441,897.05,952.69,3,W,5,E
440,892.42,954.19,3,W,5,N
480,843.26,999.30,3,E,5,W
481,855.13,999.60,3,E,5,W
134,760.26,999.90,1,S,5,W
136,762.38,1000.20,1,S,5,W
141,798.75,1000.50,1,S,5,W
144,801.37,1000.80,1,S,5,W
145,802.25,1001.10,1,S,5,W
386,823.28,1001.40,2,W,5,W
412,892.58,1001.70,2,E,5,W
297,880.72,1001.90,1,W,2,W
154,818.64,1002.00,1,S,5,W
156,820.36,1002.30,1,S,5,W
159,823.36,1002.60,1,S,5,W
285,784.74,1002.90,1,W,5,W
287,806.73,1003.20,1,W,5,W
288,809.97,1003.50,1,W,5,W
356,811.66,1003.80,1,E,5,W
357,814.03,1004.10,1,E,5,W
358,840.64,1004.40,1,E,5,W
142,800.20,1015.90,1,S,5,E
410,809.44,1016.20,2,E,5,E
138,764.73,1021.44,1,S,5,N
140,766.53,1021.74,1,S,5,N
385,809.35,1022.64,2,W,5,N
411,846.85,1022.94,2,E,5,N
363,890.80,1023.10,1,E,5,E
387,862.95,1023.24,2,W,5,N
388,884.97,1023.54,2,W,5,N
146,803.52,1023.84,1,S,5,N
148,806.30,1024.14,1,S,5,N
149,813.48,1024.44,1,S,5,N
151,815.50,1024.74,1,S,5,N
153,816.70,1025.04,1,S,5,N
155,819.35,1025.34,1,S,5,N
157,821.60,1025.64,1,S,5,N
160,823.80,1025.94,1,S,5,N
284,783.02,1026.24,1,W,5,N
286,805.02,1026.54,1,W,5,N
291,829.09,1026.84,1,W,5,N
292,843.73,1027.14,1,W,5,N
293,845.39,1027.44,1,W,5,N
294,848.57,1027.74,1,W,5,N
359,845.83,1028.04,1,E,5,N
360,877.82,1028.34,1,E,5,N
361,882.38,1028.64,1,E,5,N
362,888.00,1028.94,1,E,5,N
364,893.37,1029.54,1,E,5,N
365,897.05,1099.20,1,E,5,W
161,855.92,1099.50,1,S,5,W
167,868.00,1099.80,1,S,5,W
171,872.81,1100.10,1,S,5,W
296,870.80,1100.40,1,W,5,W
298,898.62,1100.70,1,W,5,W
163,858.91,1121.34,1,S,5,N
165,865.34,1121.64,1,S,5,N
168,869.75,1121.94,1,S,5,N
169,870.01,1122.24,1,S,5,N
170,871.40,1122.54,1,S,5,N
174,875.47,1122.84,1,S,5,N
295,869.10,1123.14,1,W,5,N