id,enter_time,exit_time,entrance_intersection,entrance_direction,exit_intersection,exit_direction
219,3.13,66.44,5,W,5,N
220,62.56,68.69,5,W,5,N
221,65.55,71.69,5,W,5,N
293,3.10,80.44,5,E,5,N
4,11.03,100.70,1,S,1,W
5,12.16,101.00,1,S,1,W
7,16.67,101.30,1,S,1,W
185,3.47,131.27,3,W,5,N
186,12.74,131.57,3,W,5,N
187,68.46,131.87,3,W,5,N
6,15.31,136.77,1,S,3,W
62,56.95,137.97,1,W,3,E
188,76.81,138.58,3,W,5,N
222,85.55,166.34,5,W,5,N
223,90.42,166.64,5,W,5,N
224,90.93,166.94,5,W,5,N
225,107.87,167.24,5,W,5,N
226,111.48,167.54,5,W,5,N
227,113.82,167.84,5,W,5,N
228,118.75,168.14,5,W,5,N
229,120.97,168.44,5,W,5,N
230,142.75,168.74,5,W,5,N
231,148.36,169.04,5,W,5,N
232,151.55,169.34,5,W,5,N
233,152.12,169.64,5,W,5,N
234,165.88,172.02,5,W,5,N
235,169.02,175.15,5,W,5,N
294,110.38,180.34,5,E,5,N
295,169.65,180.64,5,E,5,N
296,171.57,180.94,5,E,5,N
297,174.00,181.24,5,E,5,N
64,61.02,200.10,1,W,5,W
125,10.96,200.40,1,E,5,W
15,188.07,215.40,1,S,1,E
65,62.97,219.10,1,W,5,E
0,2.28,222.24,1,S,5,N
1,2.55,222.54,1,S,5,N
2,4.12,222.84,1,S,5,N
159,58.33,223.14,2,W,5,N
171,96.50,223.44,2,E,5,N
3,7.05,223.74,1,S,5,N
8,19.14,224.04,1,S,5,N
60,3.34,224.34,1,W,5,N
61,37.52,224.64,1,W,5,N
63,58.97,224.94,1,W,5,N
200,115.60,231.07,3,E,5,N
128,109.30,238.67,1,E,3,E
131,161.31,239.57,1,E,3,W
236,204.39,266.24,5,W,5,N
237,204.63,266.54,5,W,5,N
238,206.25,266.84,5,W,5,N
239,258.60,267.14,5,W,5,N
240,261.87,268.01,5,W,5,N
298,200.96,280.24,5,E,5,N
126,100.24,300.00,1,E,5,W
201,117.70,300.30,3,E,5,W
130,154.91,300.60,1,E,5,W
26,282.26,301.50,1,S,1,W
30,287.54,301.67,1,S,1,W
20,198.25,302.40,1,S,3,E
24,271.13,315.20,1,S,1,E
29,286.98,316.40,1,S,1,E
68,129.42,317.20,1,W,5,E
127,103.44,318.40,1,E,5,E
9,96.46,322.14,1,S,5,N
172,153.00,322.44,2,E,5,N
66,77.77,322.74,1,W,5,N
67,109.82,323.04,1,W,5,N
69,135.75,323.64,1,W,5,N
70,136.78,323.94,1,W,5,N
71,140.59,324.24,1,W,5,N
129,117.27,324.84,1,E,5,N
189,202.32,330.87,3,W,5,N
203,247.62,331.17,3,E,5,N
78,264.41,338.47,1,W,3,E
241,307.40,366.14,5,W,5,N
242,312.89,366.44,5,W,5,N
243,315.39,366.74,5,W,5,N
244,317.72,367.04,5,W,5,N
245,320.70,367.34,5,W,5,N
246,338.19,367.64,5,W,5,N
247,340.93,367.94,5,W,5,N
299,343.24,380.14,5,E,5,N
300,391.02,397.15,5,E,5,N
301,393.32,399.46,5,E,5,N
22,268.23,399.80,1,S,3,W
132,199.29,399.90,1,E,5,W
202,221.80,400.20,3,E,5,W
12,178.14,400.50,1,S,5,W
173,248.41,400.80,2,E,5,W
161,257.74,401.10,2,W,5,W
73,173.05,401.40,1,W,5,W
32,339.20,401.90,1,S,1,W
83,318.94,402.20,1,W,2,W
75,218.35,419.20,1,W,5,E
77,261.60,419.80,1,W,5,E
10,170.92,422.04,1,S,5,N
11,175.60,422.34,1,S,5,N
13,181.70,422.64,1,S,5,N
14,185.01,422.94,1,S,5,N
33,409.08,423.21,1,S,1,E
16,189.94,423.24,1,S,5,N
17,190.22,423.54,1,S,5,N
18,193.24,423.84,1,S,5,N
19,197.43,424.14,1,S,5,N
160,227.83,424.44,2,W,5,N
72,172.89,424.74,1,W,5,N
74,214.43,425.04,1,W,5,N
76,259.61,425.64,1,W,5,N
133,206.92,426.24,1,E,5,N
205,348.42,430.97,3,E,5,N
81,307.37,437.67,1,W,3,W
248,375.38,466.04,5,W,5,N
249,378.21,466.34,5,W,5,N
250,383.04,466.64,5,W,5,N
251,386.51,466.94,5,W,5,N
252,389.08,467.24,5,W,5,N
253,405.95,467.54,5,W,5,N
254,409.53,467.84,5,W,5,N
255,412.44,468.14,5,W,5,N
256,432.03,468.44,5,W,5,N
257,432.15,468.74,5,W,5,N
258,434.70,469.04,5,W,5,N
259,437.22,469.34,5,W,5,N
260,464.57,470.70,5,W,5,N
302,410.73,480.04,5,E,5,N
303,449.88,480.34,5,E,5,N
204,330.10,499.80,3,E,5,W
190,325.26,500.10,3,W,5,W
206,352.40,500.40,3,E,5,W
25,281.38,500.70,1,S,5,W
162,328.57,501.00,2,W,5,W
163,353.55,501.30,2,W,5,W
175,376.07,501.60,2,E,5,W
79,266.86,501.90,1,W,5,W
82,317.61,502.20,1,W,5,W
35,495.42,509.56,1,S,1,W
176,471.36,512.97,2,E,3,W
84,321.29,517.90,1,W,5,E
21,267.51,521.94,1,S,5,N
23,270.87,522.24,1,S,5,N
27,282.91,522.54,1,S,5,N
28,285.90,522.84,1,S,5,N
174,315.80,523.14,2,E,5,N
31,337.30,523.44,1,S,5,N
80,305.17,523.74,1,W,5,N
85,328.53,524.34,1,W,5,N
86,343.23,524.64,1,W,5,N
87,359.34,524.94,1,W,5,N
88,361.01,525.24,1,W,5,N
134,320.72,525.54,1,E,5,N
135,359.27,525.84,1,E,5,N
136,394.66,526.14,1,E,5,N
191,468.21,530.47,3,W,5,N
90,429.31,537.47,1,W,3,W
192,486.38,548.15,3,W,5,N
261,485.15,565.94,5,W,5,N
262,488.73,566.24,5,W,5,N
263,492.09,566.54,5,W,5,N
264,496.02,566.84,5,W,5,N
265,499.55,567.14,5,W,5,N
266,500.50,567.44,5,W,5,N
267,502.27,567.74,5,W,5,N
268,550.71,568.04,5,W,5,N
304,550.22,579.94,5,E,5,N
305,550.64,580.24,5,E,5,N
207,432.28,599.70,3,E,5,W
208,466.11,600.00,3,E,5,W
209,469.91,600.30,3,E,5,W
89,379.72,600.60,1,W,5,W
92,438.08,600.90,1,W,5,W
137,430.62,601.20,1,E,5,W
139,514.49,602.70,1,E,2,W
177,495.79,621.84,2,E,5,N
34,410.11,622.14,1,S,5,N
91,435.49,622.44,1,W,5,N
93,456.73,622.74,1,W,5,N
94,464.05,623.04,1,W,5,N
210,541.27,630.27,3,E,5,N
193,513.71,630.27,3,W,5,N
215,597.16,658.93,3,E,5,N
269,620.14,665.84,5,W,5,N
270,623.22,666.14,5,W,5,N
271,625.50,666.44,5,W,5,N
272,629.20,666.74,5,W,5,N
273,632.73,667.04,5,W,5,N
274,634.90,667.34,5,W,5,N
275,647.82,667.64,5,W,5,N
276,650.02,667.94,5,W,5,N
277,652.36,668.24,5,W,5,N
306,637.82,679.84,5,E,5,N
307,644.38,680.14,5,E,5,N
308,645.33,680.44,5,E,5,N
194,570.18,699.60,3,W,5,W
211,570.64,699.90,3,E,5,W
212,573.48,700.20,3,E,5,W
213,577.15,700.50,3,E,5,W
214,593.80,700.80,3,E,5,W
138,503.03,701.10,1,E,5,W
141,559.96,701.40,1,E,5,W
164,542.33,721.74,2,W,5,N
178,522.31,722.04,2,E,5,N
179,548.16,722.34,2,E,5,N
95,497.15,722.64,1,W,5,N
96,528.85,722.94,1,W,5,N
97,545.74,723.24,1,W,5,N
98,548.33,723.54,1,W,5,N
99,565.27,723.84,1,W,5,N
140,521.13,724.14,1,E,5,N
142,592.92,724.44,1,E,5,N
143,598.29,724.74,1,E,5,N
216,615.94,730.07,3,E,5,N
103,632.40,737.97,1,W,3,E
147,638.54,739.17,1,E,3,E
38,656.31,742.32,1,S,2,E
278,702.91,765.74,5,W,5,N
279,734.84,766.04,5,W,5,N
280,738.41,766.34,5,W,5,N
281,741.05,766.64,5,W,5,N
309,749.02,779.74,5,E,5,N
310,771.01,780.04,5,E,5,N
311,782.71,788.84,5,E,5,N
312,786.59,792.73,5,E,5,N
195,627.44,799.50,3,W,5,W
180,640.52,799.80,2,E,5,W
167,646.31,800.10,2,W,5,W
168,689.75,800.40,2,W,5,W
100,570.87,800.70,1,W,5,W
313,794.78,800.91,5,E,5,N
146,618.31,801.00,1,E,5,W
105,674.12,802.00,1,W,2,W
181,721.15,813.27,2,E,3,E
36,587.03,821.64,1,S,5,N
165,613.53,821.94,2,W,5,N
166,634.05,822.24,2,W,5,N
101,589.41,822.54,1,W,5,N
102,593.05,822.84,1,W,5,N
144,603.36,823.14,1,E,5,N
145,614.22,823.44,1,E,5,N
217,719.18,823.73,3,E,5,E
148,700.19,824.15,1,E,5,N
196,728.65,829.87,3,W,5,N
197,745.26,830.17,3,W,5,N
198,750.21,830.47,3,W,5,N
46,827.13,841.26,1,S,1,E
282,774.23,865.64,5,W,5,N
283,792.21,865.94,5,W,5,N
284,855.30,866.24,5,W,5,N
285,860.46,866.60,5,W,5,N
286,861.35,867.49,5,W,5,N
287,869.38,875.51,5,W,5,N
314,806.99,879.64,5,E,5,N
39,662.81,899.40,1,S,5,W
41,730.85,899.70,1,S,5,W
106,675.64,900.00,1,W,5,W
109,687.09,900.30,1,W,5,W
110,691.19,900.60,1,W,5,W
111,693.61,900.90,1,W,5,W
112,744.48,901.20,1,W,5,W
113,763.03,901.50,1,W,5,W
149,713.15,901.80,1,E,5,W
45,825.80,901.80,1,S,2,W
150,717.86,902.10,1,E,5,W
151,726.55,902.40,1,E,5,W
50,835.24,903.00,1,S,2,W
53,840.33,903.90,1,S,1,W
55,846.56,904.20,1,S,1,W
56,849.61,904.50,1,S,1,W
118,796.43,904.80,1,W,2,W
57,851.51,904.80,1,S,1,W
59,860.17,905.10,1,S,1,W
123,863.20,906.30,1,W,2,W
154,773.16,918.40,1,E,5,E
37,649.60,921.54,1,S,5,N
40,663.79,921.84,1,S,5,N
169,704.87,922.14,2,W,5,N
42,734.80,922.44,1,S,5,N
104,671.26,922.74,1,W,5,N
107,681.99,923.04,1,W,5,N
108,684.70,923.34,1,W,5,N
218,822.47,923.53,3,E,5,E
114,765.40,923.64,1,W,5,N
152,732.89,923.94,1,E,5,N
153,744.34,924.24,1,E,5,N
199,859.24,929.67,3,W,5,N
184,895.90,931.97,2,E,3,W
288,873.18,965.54,5,W,5,N
289,890.24,965.84,5,W,5,N
290,892.72,966.14,5,W,5,N
291,896.38,966.44,5,W,5,N
292,899.62,966.74,5,W,5,N
170,875.53,999.30,2,W,5,W
183,845.36,999.60,2,E,5,W
51,835.71,999.90,1,S,5,W
52,839.79,1000.20,1,S,5,W
119,838.44,1000.50,1,W,5,W
120,854.78,1000.80,1,W,5,W
122,860.11,1001.10,1,W,5,W
155,805.11,1001.40,1,E,5,W
182,803.42,1021.44,2,E,5,N
43,821.67,1021.74,1,S,5,N
44,824.62,1022.04,1,S,5,N
47,827.77,1022.34,1,S,5,N
48,831.35,1022.64,1,S,5,N
49,832.27,1022.94,1,S,5,N
115,771.42,1023.24,1,W,5,N
116,771.45,1023.54,1,W,5,N
117,793.13,1023.84,1,W,5,N
121,857.38,1024.14,1,W,5,N
156,807.44,1024.44,1,E,5,N
157,863.04,1024.74,1,E,5,N
158,863.13,1025.04,1,E,5,N
58,854.49,1099.20,1,S,5,W
54,843.79,1115.20,1,S,5,E
124,869.61,1121.64,1,W,5,N