id,enter_time,exit_time,entrance_intersection,entrance_direction,exit_intersection,exit_direction
337,3.06,30.64,5,E,5,N
0,1.47,50.30,1,S,2,W
1,3.67,100.30,1,S,3,W
2,4.88,100.60,1,S,3,E
5,76.58,100.70,1,S,1,W
8,94.62,114.70,1,S,1,E
265,42.74,116.54,5,W,5,N
266,47.05,116.84,5,W,5,N
114,6.86,117.79,1,W,3,W
267,117.22,123.35,5,W,5,N
338,86.02,130.54,5,E,5,N
339,89.20,130.84,5,E,5,N
340,98.79,131.14,5,E,5,N
341,99.22,131.44,5,E,5,N
342,106.14,131.74,5,E,5,N
343,117.20,132.04,5,E,5,N
344,132.68,138.82,5,E,5,N
345,134.60,140.74,5,E,5,N
12,99.18,152.20,1,S,2,W
203,125.93,162.87,2,W,3,E
201,12.55,172.44,2,W,5,N
113,3.70,179.26,1,W,5,N
115,12.93,179.86,1,W,5,N
116,16.74,180.16,1,W,5,N
11,98.87,201.10,1,S,1,W
15,142.37,201.40,1,S,1,W
13,99.79,201.90,1,S,3,E
14,99.80,202.20,1,S,3,E
18,150.80,214.50,1,S,1,E
119,82.50,217.89,1,W,3,W
19,203.99,218.13,1,S,1,E
268,214.81,220.95,5,W,5,N
117,55.79,250.20,1,W,5,W
118,57.21,250.50,1,W,5,W
346,244.54,250.67,5,E,5,N
245,127.61,250.80,3,E,5,W
3,71.02,255.73,1,S,5,W
6,91.47,256.33,1,S,5,W
204,182.87,262.67,2,W,3,W
229,148.28,266.80,3,W,5,E
202,85.81,272.34,2,W,5,N
217,98.38,272.64,2,E,5,N
244,114.75,273.24,3,E,5,N
246,138.70,273.54,3,E,5,N
230,188.31,273.84,3,W,5,N
4,74.12,274.14,1,S,5,N
7,94.38,274.44,1,S,5,N
9,94.62,274.74,1,S,5,N
10,96.65,275.04,1,S,5,N
120,87.61,279.96,1,W,5,N
121,116.75,280.26,1,W,5,N
122,121.69,280.56,1,W,5,N
125,134.54,281.46,1,W,5,N
129,191.75,283.12,1,W,2,W
170,103.05,286.32,1,E,5,E
17,150.72,301.70,1,S,3,E
24,288.38,302.52,1,S,1,W
25,290.17,304.30,1,S,1,W
27,293.88,308.02,1,S,1,W
269,231.83,316.34,5,W,5,N
270,234.11,316.64,5,W,5,N
271,236.95,316.94,5,W,5,N
272,237.52,317.24,5,W,5,N
273,240.71,317.54,5,W,5,N
274,253.70,317.84,5,W,5,N
275,256.75,318.14,5,W,5,N
276,258.94,318.44,5,W,5,N
277,260.70,318.74,5,W,5,N
128,189.83,318.89,1,W,3,E
278,264.63,319.04,5,W,5,N
279,267.07,319.34,5,W,5,N
280,288.60,319.64,5,W,5,N
131,197.21,319.79,1,W,3,E
281,291.42,319.94,5,W,5,N
282,295.14,320.24,5,W,5,N
347,254.80,330.34,5,E,5,N
348,267.00,330.64,5,E,5,N
349,275.78,330.94,5,E,5,N
123,123.95,350.10,1,W,5,W
124,130.76,350.40,1,W,5,W
205,211.20,350.70,2,W,5,W
176,223.85,350.90,1,E,2,W
247,253.21,351.00,3,E,5,W
171,121.14,355.83,1,E,5,W
172,156.14,356.13,1,E,5,W
36,316.45,356.70,1,S,2,E
16,143.93,357.03,1,S,5,W
22,215.06,358.23,1,S,5,W
218,158.20,372.24,2,E,5,N
231,224.96,372.54,3,W,5,N
232,259.53,372.84,3,W,5,N
248,270.50,373.14,3,E,5,N
249,286.40,373.44,3,E,5,N
250,288.72,373.74,3,E,5,N
219,235.25,374.04,2,E,5,N
173,161.14,374.34,1,E,5,N
174,189.14,374.64,1,E,5,N
20,207.75,374.94,1,S,5,N
21,210.70,375.24,1,S,5,N
135,256.63,376.62,1,W,5,E
126,167.51,380.06,1,W,5,N
127,168.09,380.36,1,W,5,N
130,194.60,381.26,1,W,5,N
133,228.50,382.16,1,W,5,N
134,254.49,382.46,1,W,5,N
178,239.38,400.90,1,E,3,E
33,313.31,401.90,1,S,1,W
35,316.28,402.20,1,S,1,W
283,327.80,416.24,5,W,5,N
284,348.62,416.54,5,W,5,N
285,352.07,416.84,5,W,5,N
286,354.21,417.14,5,W,5,N
287,358.31,417.44,5,W,5,N
288,362.12,417.74,5,W,5,N
289,366.39,418.04,5,W,5,N
290,366.94,418.34,5,W,5,N
291,399.30,418.64,5,W,5,N
136,269.47,418.69,1,W,3,E
292,411.75,418.94,5,W,5,N
350,377.82,430.24,5,E,5,N
351,379.71,430.54,5,E,5,N
352,397.62,430.84,5,E,5,N
132,198.40,450.00,1,W,5,W
220,278.88,450.30,2,E,5,W
251,397.15,452.78,3,E,5,W
175,213.32,455.93,1,E,5,W
177,229.38,456.23,1,E,5,W
23,284.69,456.83,1,S,5,W
28,309.10,457.43,1,S,5,W
29,310.45,457.73,1,S,5,W
30,310.54,458.03,1,S,5,W
206,255.80,472.14,2,W,5,N
207,309.58,472.44,2,W,5,N
208,336.44,472.74,2,W,5,N
209,346.60,473.04,2,W,5,N
26,293.40,473.34,1,S,5,N
31,310.69,473.64,1,S,5,N
32,310.76,473.94,1,S,5,N
34,314.22,474.24,1,S,5,N
137,297.21,480.76,1,W,5,N
138,327.67,481.06,1,W,5,N
140,364.51,488.47,1,W,5,N
41,418.26,502.30,1,S,1,W
57,460.89,502.60,1,S,1,W
58,464.84,502.90,1,S,1,W
60,468.67,503.20,1,S,1,W
63,473.33,503.50,1,S,1,W
64,483.86,503.80,1,S,1,W
66,490.45,504.59,1,S,1,W
45,430.13,506.46,1,S,3,E
71,497.90,512.04,1,S,1,W
48,437.96,514.28,1,S,3,W
293,441.01,516.14,5,W,5,N
294,498.85,516.44,5,W,5,N
295,506.50,516.74,5,W,5,N
296,509.29,517.04,5,W,5,N
59,466.10,517.20,1,S,1,E
297,509.75,517.34,5,W,5,N
353,499.75,530.14,5,E,5,N
139,330.71,549.90,1,W,5,W
221,374.91,550.20,2,E,5,W
233,408.53,550.50,3,W,5,W
179,314.10,555.43,1,E,5,W
181,345.24,556.03,1,E,5,W
65,487.56,556.20,1,S,2,W
37,411.13,556.63,1,S,5,W
73,501.36,557.70,1,S,2,E
252,400.66,572.04,3,E,5,N
222,431.37,572.34,2,E,5,N
180,342.46,572.64,1,E,5,N
182,398.08,572.94,1,E,5,N
38,411.72,573.24,1,S,5,N
39,412.24,573.54,1,S,5,N
40,414.90,573.84,1,S,5,N
42,418.91,574.14,1,S,5,N
43,423.01,574.44,1,S,5,N
44,426.43,574.74,1,S,5,N
46,433.20,575.04,1,S,5,N
47,434.76,575.34,1,S,5,N
144,433.81,575.62,1,W,5,E
141,366.52,580.86,1,W,5,N
143,400.68,581.46,1,W,5,N
185,411.40,600.20,1,E,3,E
72,499.44,602.70,1,S,1,W
77,510.20,603.00,1,S,1,W
79,512.47,603.30,1,S,1,W
84,540.08,603.60,1,S,1,W
87,547.48,603.90,1,S,1,W
93,558.75,604.20,1,S,1,W
98,575.24,604.50,1,S,1,W
74,504.35,606.20,1,S,3,W
76,508.11,606.80,1,S,3,E
80,515.18,607.40,1,S,3,E
298,561.60,616.04,5,W,5,N
299,581.83,616.34,5,W,5,N
300,584.94,616.64,5,W,5,N
301,585.71,616.94,5,W,5,N
302,589.25,617.24,5,W,5,N
303,591.47,617.54,5,W,5,N
304,607.26,617.84,5,W,5,N
96,568.21,618.20,1,S,1,E
97,571.86,618.50,1,S,1,E
354,609.08,630.04,5,E,5,N
49,438.01,649.80,1,S,5,W
142,369.02,650.10,1,W,5,W
223,502.80,650.40,2,E,5,W
254,529.32,650.70,3,E,5,W
190,482.36,657.33,1,E,5,W
52,446.50,658.53,1,S,5,W
55,459.07,659.43,1,S,5,W
62,472.59,660.33,1,S,5,W
67,491.77,660.63,1,S,5,W
68,493.25,660.93,1,S,5,W
70,497.46,661.53,1,S,5,W
187,424.01,668.20,1,E,5,E
210,519.63,671.94,2,W,5,N
234,518.00,672.24,3,W,5,N
253,509.66,672.54,3,E,5,N
255,532.03,672.84,3,E,5,N
211,542.59,673.14,2,W,5,N
183,401.91,673.44,1,E,5,N
184,406.10,673.74,1,E,5,N
186,416.59,674.04,1,E,5,N
188,444.87,674.64,1,E,5,N
189,465.10,674.94,1,E,5,N
191,501.36,675.24,1,E,5,N
50,439.93,675.54,1,S,5,N
51,443.31,675.84,1,S,5,N
53,447.75,676.14,1,S,5,N
54,448.48,676.44,1,S,5,N
56,460.35,676.74,1,S,5,N
61,468.91,677.04,1,S,5,N
69,494.02,677.34,1,S,5,N
75,506.19,677.64,1,S,5,N
82,524.41,677.94,1,S,5,N
83,536.32,678.24,1,S,5,N
145,477.78,681.26,1,W,5,N
146,516.13,681.56,1,W,5,N
147,560.22,684.18,1,W,5,N
150,591.57,684.42,1,W,2,E
94,560.69,702.10,1,S,3,W
305,629.07,715.94,5,W,5,N
306,631.66,716.24,5,W,5,N
307,635.68,716.54,5,W,5,N
308,636.93,716.84,5,W,5,N
309,637.57,717.14,5,W,5,N
310,638.97,717.44,5,W,5,N
311,641.32,717.74,5,W,5,N
312,643.72,718.04,5,W,5,N
313,645.29,718.34,5,W,5,N
314,648.67,718.64,5,W,5,N
315,650.19,718.94,5,W,5,N
316,652.83,719.24,5,W,5,N
105,705.37,719.51,1,S,1,E
317,656.62,719.54,5,W,5,N
318,659.47,719.84,5,W,5,N
319,675.22,720.14,5,W,5,N
320,680.45,720.44,5,W,5,N
153,619.83,721.39,1,W,3,W
154,649.26,721.69,1,W,3,W
107,707.69,721.82,1,S,1,E
355,653.61,729.94,5,E,5,N
356,656.20,730.24,5,E,5,N
357,698.81,730.54,5,E,5,N
358,700.23,730.84,5,E,5,N
78,510.35,749.70,1,S,5,W
81,521.38,750.00,1,S,5,W
212,568.63,750.30,2,W,5,W
236,659.09,750.60,3,W,5,W
213,592.91,754.73,2,W,5,W
91,553.75,757.13,1,S,5,W
92,557.57,757.43,1,S,5,W
95,564.81,758.03,1,S,5,W
237,663.02,766.90,3,W,5,E
224,601.61,771.84,2,E,5,N
235,623.40,772.14,3,W,5,N
256,630.64,772.44,3,E,5,N
257,633.22,772.74,3,E,5,N
238,687.91,773.34,3,W,5,N
239,688.59,773.64,3,W,5,N
214,613.56,773.94,2,W,5,N
192,593.31,774.24,1,E,5,N
85,542.91,774.54,1,S,5,N
86,544.34,774.84,1,S,5,N
88,549.64,775.14,1,S,5,N
89,550.29,775.44,1,S,5,N
90,551.20,775.74,1,S,5,N
99,576.65,776.04,1,S,5,N
149,587.81,781.96,1,W,5,N
152,600.20,782.86,1,W,5,N
155,652.54,783.76,1,W,5,N
160,682.11,785.12,1,W,2,W
109,724.49,803.50,1,S,1,W
321,730.64,815.84,5,W,5,N
322,738.01,816.14,5,W,5,N
323,753.07,816.44,5,W,5,N
324,757.03,816.74,5,W,5,N
325,759.01,817.04,5,W,5,N
326,761.39,817.34,5,W,5,N
327,779.20,817.64,5,W,5,N
328,812.94,819.08,5,W,5,N
158,675.55,820.59,1,W,3,E
359,756.35,829.84,5,E,5,N
360,756.72,830.14,5,E,5,N
361,810.83,830.44,5,E,5,N
362,831.06,837.20,5,E,5,N
148,579.99,849.60,1,W,5,W
151,597.07,849.90,1,W,5,W
156,653.69,850.20,1,W,5,W
241,737.99,850.50,3,W,5,W
197,707.55,851.10,1,E,2,W
225,680.30,854.83,2,E,5,W
196,685.92,856.03,1,E,5,W
101,654.28,856.63,1,S,5,W
106,707.25,857.83,1,S,5,W
108,723.32,858.13,1,S,5,W
240,735.63,865.60,3,W,5,E
102,699.35,868.30,1,S,5,E
258,709.76,872.04,3,E,5,N
259,712.12,872.34,3,E,5,N
242,773.20,872.64,3,W,5,N
215,655.53,872.94,2,W,5,N
193,646.41,873.24,1,E,5,N
194,649.17,873.54,1,E,5,N
195,656.89,873.84,1,E,5,N
100,654.06,874.14,1,S,5,N
103,700.83,874.74,1,S,5,N
104,704.80,875.04,1,S,5,N
159,679.70,882.66,1,W,5,N
161,684.39,883.26,1,W,5,N
112,845.85,903.90,1,S,1,W
329,827.65,915.74,5,W,5,N
330,839.69,916.04,5,W,5,N
331,860.85,916.34,5,W,5,N
332,875.18,916.64,5,W,5,N
333,875.94,916.94,5,W,5,N
334,876.63,917.24,5,W,5,N
335,887.95,917.54,5,W,5,N
336,890.54,917.84,5,W,5,N
157,672.66,949.50,1,W,5,W
162,724.45,949.80,1,W,5,W
163,726.54,950.10,1,W,5,W
261,811.97,950.40,3,E,5,W
262,815.05,950.70,3,E,5,W
263,894.17,951.00,3,E,5,W
264,897.48,953.11,3,E,5,W
110,784.75,955.23,1,S,5,W
111,786.04,955.53,1,S,5,W
260,808.20,971.64,3,E,5,N
243,890.04,971.94,3,W,5,N
226,763.96,972.24,2,E,5,N
198,728.37,972.54,1,E,5,N
199,780.67,972.84,1,E,5,N
167,835.39,977.22,1,W,5,E
165,799.50,982.76,1,W,5,N
168,836.03,983.66,1,W,5,N
164,770.95,1049.40,1,W,5,W
166,803.22,1049.70,1,W,5,W
227,860.45,1054.43,2,E,5,W
216,853.85,1071.54,2,W,5,N
228,893.58,1071.84,2,E,5,N
200,812.16,1072.14,1,E,5,N
169,875.40,1149.30,1,W,5,W