id,enter_time,exit_time,entrance_intersection,entrance_direction,exit_intersection,exit_direction
241,4.99,66.44,5,W,5,N
242,9.69,66.74,5,W,5,N
243,12.57,67.04,5,W,5,N
244,14.77,67.34,5,W,5,N
245,40.45,67.64,5,W,5,N
246,61.61,67.74,5,W,5,N
293,18.08,80.44,5,E,5,N
6,17.93,100.70,1,S,1,W
7,21.82,101.00,1,S,1,W
10,92.55,106.69,1,S,1,W
11,93.06,107.19,1,S,1,W
8,82.42,113.50,1,S,1,E
17,109.11,123.25,1,S,1,E
207,24.88,131.87,3,W,5,N
208,53.99,132.17,3,W,5,N
4,14.98,137.67,1,S,3,E
247,73.90,166.34,5,W,5,N
248,78.24,166.64,5,W,5,N
249,79.47,166.94,5,W,5,N
250,95.22,167.24,5,W,5,N
251,97.08,167.54,5,W,5,N
252,156.52,167.84,5,W,5,N
294,155.57,180.34,5,E,5,N
295,158.35,180.64,5,E,5,N
296,160.01,180.94,5,E,5,N
205,0.30,200.10,3,W,5,W
206,0.93,200.40,3,W,5,W
221,83.11,200.70,3,E,5,W
1,9.75,201.00,1,S,5,W
15,101.69,201.10,1,S,3,E
2,12.84,201.30,1,S,5,W
5,15.69,201.60,1,S,5,W
145,61.02,201.90,1,E,5,W
22,188.02,202.15,1,S,1,W
23,191.95,206.09,1,S,1,W
193,119.99,212.67,2,E,3,E
24,193.23,214.20,1,S,1,E
144,4.41,217.30,1,E,5,E
192,75.27,222.24,2,E,5,N
0,6.43,222.54,1,S,5,N
3,14.18,222.84,1,S,5,N
84,32.25,223.14,1,W,5,N
209,156.06,231.07,3,W,5,N
222,159.22,231.07,3,E,5,N
87,114.73,238.37,1,W,3,E
253,186.47,266.24,5,W,5,N
254,200.95,266.54,5,W,5,N
255,228.96,266.84,5,W,5,N
256,232.14,267.14,5,W,5,N
297,213.62,280.24,5,E,5,N
223,175.86,300.00,3,E,5,W
224,178.20,300.30,3,E,5,W
225,180.59,300.60,3,E,5,W
12,93.63,300.90,1,S,5,W
86,95.62,301.20,1,W,5,W
146,132.38,301.50,1,E,5,W
103,256.01,304.50,1,W,2,W
9,89.05,322.14,1,S,5,N
13,96.30,322.44,1,S,5,N
14,98.75,322.74,1,S,5,N
176,168.66,323.04,2,W,5,N
194,154.59,323.34,2,E,5,N
177,177.72,323.64,2,W,5,N
16,105.31,323.94,1,S,5,N
18,111.51,324.24,1,S,5,N
19,115.38,324.54,1,S,5,N
20,115.45,324.84,1,S,5,N
85,77.56,325.14,1,W,5,N
88,133.48,325.44,1,W,5,N
89,164.80,325.74,1,W,5,N
147,139.47,326.04,1,E,5,N
148,145.92,326.34,1,E,5,N
149,157.94,326.64,1,E,5,N
210,207.53,330.87,3,W,5,N
213,223.13,331.77,3,W,5,N
92,188.77,337.27,1,W,3,W
214,282.70,344.47,3,W,5,N
227,289.99,351.76,3,E,5,N
257,292.54,366.14,5,W,5,N
258,306.78,366.44,5,W,5,N
259,310.59,366.74,5,W,5,N
260,314.16,367.04,5,W,5,N
298,316.50,380.14,5,E,5,N
299,319.94,380.44,5,E,5,N
300,320.20,380.74,5,E,5,N
226,212.31,399.90,3,E,5,W
211,213.92,400.20,3,W,5,W
212,221.96,400.50,3,W,5,W
21,183.83,400.80,1,S,5,W
104,259.92,401.10,1,W,5,W
152,232.69,401.40,1,E,5,W
196,225.29,416.50,2,E,5,E
99,245.40,419.20,1,W,5,E
195,201.10,422.04,2,E,5,N
178,229.15,422.34,2,W,5,N
90,166.85,422.94,1,W,5,N
91,168.55,423.24,1,W,5,N
93,190.95,423.54,1,W,5,N
94,194.02,423.84,1,W,5,N
95,197.66,424.14,1,W,5,N
96,201.01,424.44,1,W,5,N
97,203.81,424.74,1,W,5,N
98,241.11,425.04,1,W,5,N
100,249.07,425.64,1,W,5,N
101,249.63,425.94,1,W,5,N
102,255.81,426.24,1,W,5,N
216,370.68,426.32,3,W,5,E
150,216.72,426.54,1,E,5,N
151,220.82,426.84,1,E,5,N
153,261.37,427.14,1,E,5,N
228,369.04,430.81,3,E,5,N
33,417.76,431.90,1,S,1,E
34,422.66,436.79,1,S,1,E
261,375.35,466.04,5,W,5,N
262,378.30,466.34,5,W,5,N
263,381.64,466.64,5,W,5,N
264,402.59,466.94,5,W,5,N
265,404.79,467.24,5,W,5,N
266,407.99,467.54,5,W,5,N
267,410.16,467.84,5,W,5,N
268,422.23,468.14,5,W,5,N
269,443.57,468.44,5,W,5,N
301,415.65,480.04,5,E,5,N
302,426.20,480.34,5,E,5,N
29,394.74,499.60,1,S,3,E
215,333.38,499.80,3,W,5,W
27,291.69,500.10,1,S,5,W
179,306.72,500.40,2,W,5,W
181,372.09,500.70,2,W,5,W
105,293.22,501.00,1,W,5,W
35,426.48,501.40,1,S,2,W
31,407.82,502.30,1,S,1,W
111,426.73,504.10,1,W,2,W
25,288.08,521.94,1,S,5,N
26,289.51,522.24,1,S,5,N
197,318.41,522.54,2,E,5,N
180,327.22,522.84,2,W,5,N
182,397.16,523.14,2,W,5,N
106,310.59,523.44,1,W,5,N
107,335.67,523.74,1,W,5,N
154,308.79,524.04,1,E,5,N
229,476.51,538.28,3,E,5,N
38,431.26,538.37,1,S,3,W
45,524.25,538.38,1,S,1,E
108,374.44,539.27,1,W,3,E
158,457.09,541.67,1,E,3,W
46,527.81,541.94,1,S,1,E
270,521.11,565.94,5,W,5,N
271,523.83,566.24,5,W,5,N
303,529.39,579.94,5,E,5,N
304,573.51,580.24,5,E,5,N
155,399.85,599.70,1,E,5,W
199,478.49,600.00,2,E,5,W
36,428.84,600.30,1,S,5,W
40,434.15,600.60,1,S,5,W
156,401.99,600.90,1,E,5,W
160,470.22,601.20,1,E,5,W
49,539.09,602.70,1,S,1,W
52,543.74,603.00,1,S,1,W
54,549.56,603.30,1,S,1,W
55,550.09,603.60,1,S,1,W
61,575.76,603.90,1,S,1,W
28,391.28,615.70,1,S,5,E
59,569.78,617.30,1,S,1,E
198,408.34,622.14,2,E,5,N
183,422.28,622.44,2,W,5,N
184,423.12,622.74,2,W,5,N
185,498.77,623.04,2,W,5,N
30,405.76,623.34,1,S,5,N
32,415.18,623.64,1,S,5,N
37,429.38,623.94,1,S,5,N
39,433.91,624.24,1,S,5,N
109,407.24,624.54,1,W,5,N
110,414.36,624.84,1,W,5,N
112,441.95,625.14,1,W,5,N
113,449.80,625.44,1,W,5,N
157,420.53,625.74,1,E,5,N
159,462.67,626.04,1,E,5,N
161,480.97,626.34,1,E,5,N
230,574.63,636.40,3,E,5,N
43,521.16,636.97,1,S,3,W
116,506.65,638.77,1,W,3,W
231,590.56,652.33,3,E,5,N
232,594.06,655.83,3,E,5,N
165,600.39,662.58,1,E,3,E
272,612.12,665.84,5,W,5,N
273,632.84,666.14,5,W,5,N
274,636.45,666.44,5,W,5,N
275,650.17,666.74,5,W,5,N
276,652.56,667.04,5,W,5,N
305,668.65,679.84,5,E,5,N
217,519.10,699.60,3,W,5,W
200,574.84,699.90,2,E,5,W
48,537.31,700.20,1,S,5,W
114,470.48,700.50,1,W,5,W
117,521.89,700.80,1,W,5,W
118,525.01,701.10,1,W,5,W
162,516.78,701.40,1,E,5,W
163,541.55,701.70,1,E,5,W
123,634.18,702.20,1,W,2,W
168,658.66,703.10,1,E,2,W
41,438.59,721.74,1,S,5,N
42,439.24,722.04,1,S,5,N
186,521.22,722.34,2,W,5,N
44,522.99,722.64,1,S,5,N
47,529.77,722.94,1,S,5,N
115,503.39,723.24,1,W,5,N
119,528.74,723.54,1,W,5,N
164,599.27,723.84,1,E,5,N
233,607.95,723.93,3,E,5,E
218,651.32,730.07,3,W,5,N
121,574.48,737.67,1,W,3,W
277,708.48,765.74,5,W,5,N
278,711.48,766.04,5,W,5,N
279,714.71,766.34,5,W,5,N
280,716.15,766.64,5,W,5,N
281,716.62,766.94,5,W,5,N
282,716.68,767.24,5,W,5,N
283,730.23,767.54,5,W,5,N
284,763.56,769.70,5,W,5,N
306,700.92,779.74,5,E,5,N
307,791.53,797.67,5,E,5,N
234,637.97,799.50,3,E,5,W
53,545.58,799.80,1,S,5,W
64,582.08,800.10,1,S,5,W
66,586.63,800.40,1,S,5,W
308,794.56,800.70,5,E,5,N
130,740.00,803.80,1,W,2,W
309,797.68,803.82,5,E,5,N
77,790.11,804.25,1,S,1,W
56,553.53,816.10,1,S,5,E
62,577.15,817.30,1,S,5,E
171,792.00,818.11,1,E,2,E
167,626.06,820.00,1,E,5,E
50,542.50,821.64,1,S,5,N
51,543.69,821.94,1,S,5,N
57,564.98,822.54,1,S,5,N
58,566.26,822.84,1,S,5,N
60,572.81,823.14,1,S,5,N
63,580.95,823.74,1,S,5,N
236,749.31,824.03,3,E,5,E
65,585.79,824.04,1,S,5,N
201,665.27,824.34,2,E,5,N
187,693.99,824.64,2,W,5,N
67,637.95,824.94,1,S,5,N
120,573.99,825.24,1,W,5,N
122,596.82,825.54,1,W,5,N
166,605.60,825.84,1,E,5,N
235,746.88,829.87,3,E,5,N
238,755.08,830.77,3,E,5,N
72,711.81,837.47,1,S,3,W
128,730.29,839.27,1,W,3,E
170,757.19,841.37,1,E,3,E
219,781.93,843.70,3,W,5,N
220,790.87,852.64,3,W,5,N
172,799.70,861.89,1,E,3,W
285,776.10,865.64,5,W,5,N
286,826.51,865.94,5,W,5,N
287,827.09,866.24,5,W,5,N
288,856.50,866.54,5,W,5,N
289,859.85,866.84,5,W,5,N
290,860.16,867.14,5,W,5,N
291,863.21,869.34,5,W,5,N
292,863.48,869.61,5,W,5,N
310,878.55,884.69,5,E,5,N
237,751.39,899.40,3,E,5,W
69,643.09,899.70,1,S,5,W
70,705.08,900.00,1,S,5,W
189,733.42,900.30,2,W,5,W
71,710.51,900.60,1,S,5,W
73,715.26,900.90,1,S,5,W
125,688.90,901.20,1,W,5,W
127,695.36,901.50,1,W,5,W
132,754.72,901.80,1,W,5,W
79,873.06,917.00,1,S,1,E
133,756.78,917.50,1,W,5,E
81,876.82,917.60,1,S,1,E
68,639.86,921.54,1,S,5,N
202,762.68,921.84,2,E,5,N
188,714.85,922.14,2,W,5,N
124,684.91,922.44,1,W,5,N
126,692.45,922.74,1,W,5,N
129,732.33,923.04,1,W,5,N
131,742.67,923.34,1,W,5,N
169,753.80,923.94,1,E,5,N
239,846.50,929.67,3,E,5,N
135,794.71,937.57,1,W,3,W
136,797.37,937.87,1,W,3,W
140,835.48,939.07,1,W,3,E
240,850.01,999.30,3,E,5,W
76,788.95,999.60,1,S,5,W
190,886.61,999.90,2,W,5,W
191,890.10,1000.20,2,W,5,W
137,804.65,1000.50,1,W,5,W
143,867.71,1000.80,1,W,5,W
173,841.65,1001.10,1,E,5,W
174,842.49,1001.40,1,E,5,W
175,849.96,1001.70,1,E,5,W
204,886.69,1016.20,2,E,5,E
74,781.96,1021.44,1,S,5,N
75,782.46,1021.74,1,S,5,N
203,828.51,1022.04,2,E,5,N
134,787.72,1022.64,1,W,5,N
138,808.10,1022.94,1,W,5,N
139,828.55,1023.24,1,W,5,N
141,839.26,1023.54,1,W,5,N
142,840.73,1023.84,1,W,5,N
78,869.08,1099.20,1,S,5,W
82,878.28,1099.50,1,S,5,W
83,880.26,1099.80,1,S,5,W
80,874.81,1121.34,1,S,5,N