id,enter_time,exit_time,entrance_intersection,entrance_direction,exit_intersection,exit_direction
265,3.00,16.64,5,W,5,N
266,6.85,16.94,5,W,5,N
1,9.53,23.66,1,S,1,E
326,34.27,40.41,5,E,5,N
84,41.96,81.72,1,W,2,W
0,2.09,100.70,1,S,1,W
2,10.54,101.00,1,S,1,W
4,85.28,101.30,1,S,1,W
267,49.33,116.54,5,W,5,N
268,65.13,116.84,5,W,5,N
269,67.45,117.14,5,W,5,N
270,70.73,117.44,5,W,5,N
327,51.57,130.54,5,E,5,N
206,91.17,162.57,2,W,3,W
205,23.04,172.44,2,W,5,N
239,91.93,172.74,3,E,5,N
3,11.96,173.04,1,S,5,N
83,2.33,179.26,1,W,5,N
85,44.67,179.86,1,W,5,N
86,47.02,180.16,1,W,5,N
168,4.59,192.06,1,E,5,N
169,36.33,192.36,1,E,5,N
7,136.93,201.10,1,S,1,W
271,134.33,216.44,5,W,5,N
272,137.69,216.74,5,W,5,N
273,139.70,217.04,5,W,5,N
274,155.14,217.34,5,W,5,N
275,171.01,217.64,5,W,5,N
276,171.70,217.94,5,W,5,N
16,215.97,230.10,1,S,1,E
328,186.65,230.44,5,E,5,N
172,150.39,230.69,1,E,3,W
227,102.83,250.20,3,W,5,W
173,183.51,250.50,1,E,2,W
240,107.86,250.50,3,E,5,W
242,145.80,250.80,3,E,5,W
170,40.17,255.73,1,E,5,W
171,52.10,256.03,1,E,5,W
216,99.53,272.34,2,E,5,N
241,131.89,272.64,3,E,5,N
243,147.87,272.94,3,E,5,N
244,151.76,273.24,3,E,5,N
5,88.38,273.54,1,S,5,N
92,150.39,275.02,1,W,5,E
88,93.65,279.96,1,W,5,N
89,132.61,280.26,1,W,5,N
90,135.51,280.56,1,W,5,N
93,164.70,288.66,1,W,5,N
11,207.00,300.50,1,S,3,W
12,209.24,300.80,1,S,3,W
9,205.75,301.50,1,S,1,W
15,215.60,301.70,1,S,3,E
19,231.55,301.80,1,S,1,W
26,250.43,302.10,1,S,1,W
277,250.55,316.34,5,W,5,N
278,254.73,316.64,5,W,5,N
279,302.25,316.94,5,W,5,N
100,257.83,320.02,1,W,3,W
329,287.82,330.34,5,E,5,N
330,306.64,330.64,5,E,5,N
6,133.18,350.10,1,S,5,W
87,67.65,350.40,1,W,5,W
91,147.17,350.70,1,W,5,W
175,231.06,350.90,1,E,2,W
207,157.91,351.00,2,W,5,W
217,188.23,351.30,2,E,5,W
228,252.71,351.60,3,W,5,W
245,219.61,351.90,3,E,5,W
246,257.63,352.20,3,E,5,W
8,202.77,355.53,1,S,5,W
10,205.78,355.83,1,S,5,W
13,210.74,356.73,1,S,5,W
208,180.00,372.24,2,W,5,N
247,259.84,372.54,3,E,5,N
14,214.30,372.84,1,S,5,N
17,222.26,373.14,1,S,5,N
18,227.90,373.44,1,S,5,N
20,232.27,373.74,1,S,5,N
22,234.06,374.04,1,S,5,N
23,236.03,374.12,1,S,5,N
98,208.26,375.12,1,W,5,E
94,196.44,380.06,1,W,5,N
95,200.13,380.36,1,W,5,N
97,205.10,380.96,1,W,5,N
101,261.65,385.61,1,W,5,N
209,348.29,399.70,2,W,3,E
25,246.60,400.90,1,S,3,W
31,352.31,401.90,1,S,1,W
280,332.65,416.24,5,W,5,N
281,334.53,416.54,5,W,5,N
282,338.44,416.84,5,W,5,N
283,400.81,417.14,5,W,5,N
284,404.75,417.44,5,W,5,N
285,408.40,417.74,5,W,5,N
286,410.37,418.04,5,W,5,N
103,298.89,418.99,1,W,3,W
287,414.13,420.27,5,W,5,N
288,417.27,423.41,5,W,5,N
21,233.28,450.00,1,S,5,W
96,202.81,450.30,1,W,5,W
99,211.45,450.60,1,W,5,W
218,272.57,450.90,2,E,5,W
249,329.96,451.20,3,E,5,W
230,394.57,451.50,3,W,5,W
176,233.93,455.93,1,E,5,W
28,256.82,457.13,1,S,5,W
248,326.44,472.14,3,E,5,N
250,333.50,472.44,3,E,5,N
229,387.61,472.74,3,W,5,N
174,219.11,473.04,1,E,5,N
24,244.02,473.34,1,S,5,N
27,253.59,473.64,1,S,5,N
29,257.45,473.94,1,S,5,N
30,258.93,474.24,1,S,5,N
104,317.47,474.92,1,W,5,E
102,291.42,480.46,1,W,5,N
105,336.43,481.36,1,W,5,N
106,343.71,481.66,1,W,5,N
107,356.38,481.96,1,W,5,N
108,359.90,483.86,1,W,5,N
113,377.57,483.92,1,W,2,E
109,363.22,487.18,1,W,5,N
178,391.99,500.10,1,E,3,W
33,422.45,502.30,1,S,1,W
36,427.01,502.60,1,S,1,W
37,429.87,502.90,1,S,1,W
39,434.05,510.37,1,S,3,W
289,468.22,516.14,5,W,5,N
290,468.40,516.44,5,W,5,N
291,471.97,516.74,5,W,5,N
331,456.35,530.14,5,E,5,N
332,475.89,530.44,5,E,5,N
333,481.84,530.74,5,E,5,N
334,486.66,531.04,5,E,5,N
335,487.18,531.34,5,E,5,N
336,493.53,531.64,5,E,5,N
337,497.47,531.94,5,E,5,N
338,541.79,547.93,5,E,5,N
339,542.54,548.68,5,E,5,N
231,406.99,549.90,3,W,5,W
253,420.03,550.20,3,E,5,W
254,422.06,550.50,3,E,5,W
40,499.30,552.60,1,S,2,E
177,370.85,555.43,1,E,5,W
34,422.80,556.33,1,S,5,W
35,423.45,556.63,1,S,5,W
219,353.94,566.20,2,E,5,E
210,392.36,572.04,2,W,5,N
251,414.89,572.64,3,E,5,N
252,417.92,572.94,3,E,5,N
232,416.50,573.24,3,W,5,N
233,420.92,573.54,3,W,5,N
234,466.95,573.84,3,W,5,N
255,425.44,574.14,3,E,5,N
220,445.20,574.44,2,E,5,N
32,419.88,574.74,1,S,5,N
38,432.45,575.04,1,S,5,N
114,393.99,575.92,1,W,5,E
110,369.67,580.86,1,W,5,N
112,373.80,581.46,1,W,5,N
115,396.56,582.36,1,W,5,N
116,431.04,582.66,1,W,5,N
118,441.77,583.26,1,W,5,N
119,441.97,583.56,1,W,5,N
222,527.93,599.30,2,E,3,W
182,466.17,600.50,1,E,3,W
184,494.55,601.10,1,E,3,W
45,580.20,602.70,1,S,1,W
292,526.00,616.04,5,W,5,N
293,529.39,616.34,5,W,5,N
294,532.71,616.64,5,W,5,N
295,535.73,616.94,5,W,5,N
296,539.64,617.24,5,W,5,N
297,563.74,617.54,5,W,5,N
298,565.86,617.84,5,W,5,N
299,585.33,618.14,5,W,5,N
300,588.75,618.44,5,W,5,N
126,544.38,621.29,1,W,3,W
340,625.23,631.37,5,E,5,N
111,371.14,649.80,1,W,5,W
117,437.93,650.10,1,W,5,W
181,453.70,655.83,1,E,5,W
41,502.41,657.03,1,S,5,W
221,500.22,671.94,2,E,5,N
235,514.65,672.24,3,W,5,N
256,538.03,672.54,3,E,5,N
179,410.62,672.84,1,E,5,N
180,427.98,673.14,1,E,5,N
183,476.56,673.44,1,E,5,N
42,503.83,673.74,1,S,5,N
43,505.70,674.04,1,S,5,N
44,517.48,674.34,1,S,5,N
120,473.98,681.26,1,W,5,N
121,477.19,681.56,1,W,5,N
123,491.46,682.16,1,W,5,N
124,507.13,682.46,1,W,5,N
127,544.91,683.36,1,W,5,N
50,611.40,703.10,1,S,1,W
58,645.63,703.40,1,S,1,W
69,690.60,704.74,1,S,1,W
301,651.02,715.94,5,W,5,N
302,656.08,716.24,5,W,5,N
59,646.98,716.50,1,S,1,E
303,656.99,716.54,5,W,5,N
304,660.44,716.84,5,W,5,N
61,657.23,717.10,1,S,1,E
305,680.70,717.14,5,W,5,N
306,702.67,717.44,5,W,5,N
307,709.95,717.74,5,W,5,N
68,680.97,719.20,1,S,1,E
308,714.50,720.64,5,W,5,N
132,606.20,721.09,1,W,3,E
72,709.62,723.75,1,S,1,E
309,719.95,726.09,5,W,5,N
310,722.61,728.75,5,W,5,N
122,484.09,749.70,1,W,5,W
125,536.42,750.00,1,W,5,W
257,615.01,750.30,3,E,5,W
46,580.85,755.63,1,S,5,W
48,599.57,756.23,1,S,5,W
49,609.99,756.53,1,S,5,W
52,627.29,759.25,1,S,5,W
47,584.15,768.40,1,S,5,E
211,566.59,771.84,2,W,5,N
223,622.58,772.14,2,E,5,N
236,631.36,772.44,3,W,5,N
258,639.71,772.74,3,E,5,N
259,643.39,773.04,3,E,5,N
260,654.48,773.34,3,E,5,N
212,579.15,773.64,2,W,5,N
185,516.31,773.94,1,E,5,N
186,567.94,774.24,1,E,5,N
51,612.28,774.84,1,S,5,N
53,628.21,775.14,1,S,5,N
54,633.54,775.44,1,S,5,N
55,638.20,776.30,1,S,5,N
133,613.29,777.02,1,W,5,E
129,596.39,781.96,1,W,5,N
134,645.39,783.46,1,W,5,N
143,731.95,786.62,1,W,2,W
145,738.85,787.22,1,W,2,W
71,707.49,803.50,1,S,1,W
75,714.31,803.80,1,S,1,W
74,712.09,805.50,1,S,3,W
311,753.91,815.84,5,W,5,N
312,756.94,816.14,5,W,5,N
313,760.37,816.44,5,W,5,N
314,762.68,816.74,5,W,5,N
315,766.28,817.04,5,W,5,N
316,768.44,817.34,5,W,5,N
317,784.90,817.64,5,W,5,N
318,787.01,817.94,5,W,5,N
319,790.77,818.24,5,W,5,N
320,792.65,818.54,5,W,5,N
321,813.39,819.53,5,W,5,N
341,756.36,829.84,5,E,5,N
128,582.41,849.60,1,W,5,W
130,597.02,849.90,1,W,5,W
131,604.37,850.20,1,W,5,W
237,759.22,850.50,3,W,5,W
225,736.54,854.83,2,E,5,W
188,627.51,856.03,1,E,5,W
62,668.50,858.73,1,S,5,W
66,675.00,859.93,1,S,5,W
67,678.05,860.23,1,S,5,W
70,705.87,860.53,1,S,5,W
224,684.43,866.20,2,E,5,E
191,663.67,868.00,1,E,5,E
261,768.20,871.74,3,E,5,N
262,771.06,872.04,3,E,5,N
213,744.26,872.64,2,W,5,N
214,748.44,872.94,2,W,5,N
187,621.25,873.24,1,E,5,N
189,645.57,873.54,1,E,5,N
190,657.28,873.84,1,E,5,N
192,663.93,874.44,1,E,5,N
193,667.22,874.74,1,E,5,N
56,642.11,875.04,1,S,5,N
57,643.28,875.34,1,S,5,N
60,653.34,875.64,1,S,5,N
63,671.81,875.94,1,S,5,N
64,672.35,876.24,1,S,5,N
65,674.62,876.54,1,S,5,N
73,710.09,876.84,1,S,5,N
135,668.86,882.06,1,W,5,N
136,675.53,882.36,1,W,5,N
137,676.87,882.66,1,W,5,N
138,680.48,882.96,1,W,5,N
139,719.96,883.26,1,W,5,N
140,723.71,883.56,1,W,5,N
141,727.06,883.86,1,W,5,N
142,729.79,884.16,1,W,5,N
146,742.30,885.36,1,W,5,N
147,743.75,885.66,1,W,5,N
148,745.90,885.96,1,W,5,N
149,753.61,886.26,1,W,5,N
150,760.40,886.56,1,W,5,N
152,766.62,890.58,1,W,5,N
195,730.35,899.60,1,E,3,W
79,858.64,903.90,1,S,1,W
322,831.28,915.74,5,W,5,N
323,860.32,916.04,5,W,5,N
324,860.47,916.34,5,W,5,N
325,861.93,916.64,5,W,5,N
82,861.49,917.90,1,S,1,E
155,810.36,921.29,1,W,3,W
342,893.32,929.74,5,E,5,N
144,735.57,949.50,1,W,5,W
151,762.99,949.80,1,W,5,W
263,854.79,950.10,3,E,5,W
264,857.11,950.40,3,E,5,W
196,730.50,955.53,1,E,5,W
197,759.64,955.83,1,E,5,W
198,790.32,956.13,1,E,5,W
238,864.76,971.64,3,W,5,N
215,771.20,971.94,2,W,5,N
226,820.26,972.24,2,E,5,N
194,720.73,972.54,1,E,5,N
199,800.11,972.84,1,E,5,N
76,784.26,973.14,1,S,5,N
159,831.79,978.12,1,W,5,E
153,769.38,982.46,1,W,5,N
156,812.50,983.36,1,W,5,N
157,826.06,983.66,1,W,5,N
158,829.66,983.96,1,W,5,N
160,838.67,984.56,1,W,5,N
161,842.30,984.86,1,W,5,N
162,862.12,986.07,1,W,5,N
166,885.87,1021.99,1,W,3,E
154,772.16,1049.40,1,W,5,W
200,809.25,1054.13,1,E,5,W
201,845.86,1054.43,1,E,5,W
204,899.37,1055.33,1,E,5,W
202,856.05,1071.54,1,E,5,N
203,889.01,1071.84,1,E,5,N
77,856.30,1072.14,1,S,5,N
78,858.24,1072.44,1,S,5,N
80,859.53,1072.74,1,S,5,N
81,860.20,1073.04,1,S,5,N
163,873.64,1082.86,1,W,5,N
164,877.60,1083.16,1,W,5,N
165,881.60,1083.46,1,W,5,N
167,888.68,1084.06,1,W,5,N