id,enter_time,exit_time,entrance_intersection,entrance_direction,exit_intersection,exit_direction
326,12.01,30.64,5,E,5,N
0,0.18,100.70,1,S,1,W
9,32.14,101.00,1,S,1,W
12,40.56,101.30,1,S,1,W
13,44.12,101.60,1,S,1,W
269,50.41,116.54,5,W,5,N
270,52.83,116.84,5,W,5,N
271,83.22,117.14,5,W,5,N
272,85.35,117.44,5,W,5,N
273,87.32,117.74,5,W,5,N
274,113.33,119.47,5,W,5,N
275,115.58,121.71,5,W,5,N
276,118.25,124.38,5,W,5,N
327,102.65,130.54,5,E,5,N
328,112.78,130.84,5,E,5,N
22,132.61,146.74,1,S,1,E
253,91.92,150.30,3,E,5,W
329,148.72,154.85,5,E,5,N
2,5.99,156.53,1,S,5,W
3,17.91,156.83,1,S,5,W
7,22.87,158.03,1,S,5,W
218,45.38,167.50,2,W,5,E
217,23.78,172.44,2,W,5,N
240,40.99,172.74,3,W,5,N
252,2.24,173.04,3,E,5,N
241,95.76,173.34,3,W,5,N
1,4.13,173.94,1,S,5,N
4,19.27,174.24,1,S,5,N
5,20.90,174.54,1,S,5,N
6,21.69,174.84,1,S,5,N
8,30.75,175.14,1,S,5,N
10,32.40,175.44,1,S,5,N
110,2.66,179.26,1,W,5,N
111,6.22,179.56,1,W,5,N
114,29.23,180.46,1,W,5,N
115,62.32,186.28,1,W,5,N
24,136.64,201.10,1,S,1,W
277,138.43,216.44,5,W,5,N
278,140.69,216.74,5,W,5,N
279,167.28,217.04,5,W,5,N
280,173.13,217.34,5,W,5,N
281,181.82,217.64,5,W,5,N
282,202.24,217.94,5,W,5,N
117,112.37,218.19,1,W,3,W
283,204.80,218.24,5,W,5,N
118,146.74,218.49,1,W,3,W
284,209.25,218.54,5,W,5,N
28,205.34,219.47,1,S,1,E
330,242.05,248.18,5,E,5,N
331,243.47,249.60,5,E,5,N
112,7.84,250.20,1,W,5,W
113,25.49,250.50,1,W,5,W
184,5.99,250.80,1,E,5,W
185,53.84,251.10,1,E,5,W
228,59.67,251.40,2,E,5,W
26,139.88,251.70,1,S,2,W
242,138.48,251.70,3,W,5,W
29,207.89,252.30,1,S,2,W
186,65.79,255.73,1,E,5,W
11,37.19,256.03,1,S,5,W
14,47.07,256.33,1,S,5,W
18,121.71,257.53,1,S,5,W
19,124.68,257.83,1,S,5,W
15,110.87,266.80,1,S,5,E
219,115.39,272.34,2,W,5,N
254,106.22,272.64,3,E,5,N
16,116.91,273.24,1,S,5,N
17,118.02,273.54,1,S,5,N
20,129.96,273.84,1,S,5,N
21,132.39,274.14,1,S,5,N
119,149.37,274.42,1,W,5,E
23,133.92,274.44,1,S,5,N
116,81.10,279.66,1,W,5,N
31,210.95,301.70,1,S,3,W
285,257.26,316.34,5,W,5,N
286,287.48,316.64,5,W,5,N
287,318.24,324.37,5,W,5,N
332,260.16,330.34,5,E,5,N
333,271.30,330.64,5,E,5,N
187,101.32,350.10,1,E,5,W
193,232.94,351.20,1,E,2,W
34,287.71,352.40,1,S,2,E
35,288.37,352.70,1,S,2,W
190,155.04,356.13,1,E,5,W
27,205.21,356.73,1,S,5,W
30,207.97,357.03,1,S,5,W
229,150.77,372.24,2,E,5,N
230,207.57,372.54,2,E,5,N
255,215.51,372.84,3,E,5,N
256,253.31,373.14,3,E,5,N
243,273.40,373.44,3,W,5,N
188,141.18,373.74,1,E,5,N
189,153.58,374.04,1,E,5,N
25,139.22,374.34,1,S,5,N
32,213.92,374.64,1,S,5,N
120,170.01,380.06,1,W,5,N
121,180.73,380.36,1,W,5,N
122,183.70,380.66,1,W,5,N
123,186.26,380.96,1,W,5,N
125,192.86,381.56,1,W,5,N
126,204.99,381.86,1,W,5,N
127,206.26,382.16,1,W,5,N
128,219.59,382.46,1,W,5,N
129,239.23,382.76,1,W,5,N
130,257.70,383.06,1,W,5,N
134,306.99,383.22,1,W,2,W
131,264.59,388.54,1,W,5,N
36,289.27,401.50,1,S,3,E
48,385.11,401.90,1,S,1,W
49,385.91,402.20,1,S,1,W
52,391.66,405.79,1,S,1,W
54,396.21,410.34,1,S,1,W
288,332.95,416.24,5,W,5,N
289,347.38,416.54,5,W,5,N
290,348.74,416.84,5,W,5,N
291,351.25,417.14,5,W,5,N
292,366.47,417.44,5,W,5,N
293,366.52,417.74,5,W,5,N
294,368.87,418.04,5,W,5,N
132,305.10,418.69,1,W,3,E
334,414.87,430.24,5,E,5,N
124,189.79,450.00,1,W,5,W
220,314.02,450.30,2,W,5,W
231,305.17,450.60,2,E,5,W
257,330.95,450.90,3,E,5,W
197,333.61,451.00,1,E,2,E
244,322.97,451.20,3,W,5,W
44,372.18,454.00,1,S,2,W
232,346.88,455.33,2,E,5,W
59,407.29,457.30,1,S,2,W
191,208.91,472.14,1,E,5,N
192,228.57,472.44,1,E,5,N
194,261.39,472.74,1,E,5,N
195,283.55,473.04,1,E,5,N
33,286.37,473.34,1,S,5,N
37,290.49,473.64,1,S,5,N
136,314.18,475.52,1,W,5,E
138,333.87,476.12,1,W,5,E
133,306.35,480.76,1,W,5,N
139,362.31,486.27,1,W,5,N
66,494.28,508.42,1,S,1,W
295,429.43,516.14,5,W,5,N
296,439.54,516.44,5,W,5,N
297,443.80,516.74,5,W,5,N
298,458.22,517.04,5,W,5,N
299,473.32,517.34,5,W,5,N
300,478.55,517.64,5,W,5,N
301,499.55,517.94,5,W,5,N
302,500.81,518.24,5,W,5,N
303,500.90,518.54,5,W,5,N
146,449.50,520.89,1,W,3,W
335,458.91,530.14,5,E,5,N
336,467.65,530.44,5,E,5,N
337,484.16,530.74,5,E,5,N
338,487.83,531.04,5,E,5,N
339,526.88,533.01,5,E,5,N
135,310.55,549.90,1,W,5,W
137,317.22,550.20,1,W,5,W
222,425.90,550.50,2,W,5,W
246,474.87,550.80,3,W,5,W
64,489.48,552.30,1,S,2,W
196,316.97,555.13,1,E,5,W
198,350.24,555.43,1,E,5,W
200,364.48,556.03,1,E,5,W
40,361.79,556.93,1,S,5,W
41,362.95,557.23,1,S,5,W
43,369.61,557.83,1,S,5,W
46,382.90,558.43,1,S,5,W
47,384.48,558.73,1,S,5,W
55,397.90,559.93,1,S,5,W
56,399.18,560.23,1,S,5,W
60,410.68,561.13,1,S,5,W
259,434.80,567.10,3,E,5,E
45,378.13,568.90,1,S,5,E
233,371.32,572.04,2,E,5,N
221,373.46,572.34,2,W,5,N
258,422.80,572.64,3,E,5,N
245,454.31,572.94,3,W,5,N
260,438.49,573.54,3,E,5,N
199,361.86,573.84,1,E,5,N
38,359.13,574.14,1,S,5,N
39,360.71,574.44,1,S,5,N
42,366.43,574.74,1,S,5,N
50,386.14,575.34,1,S,5,N
143,426.60,575.62,1,W,5,E
51,389.29,575.64,1,S,5,N
53,393.68,575.94,1,S,5,N
145,446.45,576.22,1,W,5,E
57,399.81,576.24,1,S,5,N
58,402.93,576.54,1,S,5,N
61,414.14,576.84,1,S,5,N
148,454.56,577.12,1,W,5,E
140,381.10,580.86,1,W,5,N
142,420.20,581.46,1,W,5,N
147,451.02,582.96,1,W,5,N
150,477.81,583.72,1,W,2,W
151,481.30,584.02,1,W,2,W
158,566.11,592.23,1,W,2,E
235,549.32,599.60,2,E,3,E
201,460.23,599.90,1,E,3,W
202,470.59,600.20,1,E,3,W
63,488.12,601.10,1,S,3,E
70,504.50,602.70,1,S,1,W
74,533.05,603.00,1,S,1,W
304,535.70,616.04,5,W,5,N
305,537.24,616.34,5,W,5,N
306,540.40,616.64,5,W,5,N
81,556.58,616.70,1,S,1,E
307,592.03,616.94,5,W,5,N
308,595.02,617.24,5,W,5,N
309,616.50,622.63,5,W,5,N
310,619.86,625.99,5,W,5,N
340,557.55,630.04,5,E,5,N
341,587.09,630.34,5,E,5,N
342,588.75,630.64,5,E,5,N
141,388.52,649.80,1,W,5,W
144,433.98,650.10,1,W,5,W
224,496.01,650.40,2,W,5,W
247,520.61,650.70,3,W,5,W
261,543.61,651.00,3,E,5,W
203,488.08,656.13,1,E,5,W
65,491.39,657.03,1,S,5,W
71,518.59,658.23,1,S,5,W
72,519.70,658.53,1,S,5,W
62,478.08,666.70,1,S,5,E
67,494.65,667.00,1,S,5,E
223,450.99,671.94,2,W,5,N
234,454.62,672.24,2,E,5,N
225,514.46,672.54,2,W,5,N
68,497.01,673.44,1,S,5,N
69,501.41,673.74,1,S,5,N
73,531.62,674.04,1,S,5,N
156,560.58,678.40,1,W,5,E
149,474.25,681.26,1,W,5,N
153,484.91,682.46,1,W,5,N
154,507.31,682.76,1,W,5,N
157,564.04,688.00,1,W,5,N
77,541.52,700.60,1,S,3,W
86,643.19,703.10,1,S,1,W
87,646.17,703.40,1,S,1,W
93,667.76,703.70,1,S,1,W
94,670.72,704.00,1,S,1,W
99,687.71,704.30,1,S,1,W
311,623.27,715.94,5,W,5,N
312,625.52,716.24,5,W,5,N
313,628.04,716.54,5,W,5,N
314,689.53,716.84,5,W,5,N
315,689.90,717.14,5,W,5,N
316,693.83,717.44,5,W,5,N
317,696.01,717.74,5,W,5,N
97,678.02,718.30,1,S,1,E
162,597.70,720.79,1,W,3,E
166,660.23,722.42,1,W,3,W
343,698.33,729.94,5,E,5,N
344,698.89,730.24,5,E,5,N
345,734.46,740.60,5,E,5,N
75,537.03,749.70,1,S,5,W
76,537.75,750.00,1,S,5,W
152,482.74,750.30,1,W,5,W
155,512.28,750.60,1,W,5,W
205,563.48,755.33,1,E,5,W
80,552.91,757.13,1,S,5,W
82,558.27,757.43,1,S,5,W
262,651.83,765.70,3,E,5,E
83,559.23,768.70,1,S,5,E
248,645.20,772.14,3,W,5,N
263,685.20,772.44,3,E,5,N
264,688.90,772.74,3,E,5,N
236,642.70,773.04,2,E,5,N
204,546.22,773.34,1,E,5,N
206,574.31,773.64,1,E,5,N
207,595.32,773.94,1,E,5,N
78,545.03,774.24,1,S,5,N
79,547.06,774.54,1,S,5,N
160,575.65,775.82,1,W,5,E
84,638.75,776.84,1,S,5,N
163,614.76,782.86,1,W,5,N
165,652.37,783.46,1,W,5,N
171,749.27,785.42,1,W,2,W
89,652.52,801.60,1,S,3,W
92,665.92,802.50,1,S,3,W
318,726.37,815.84,5,W,5,N
319,743.97,816.14,5,W,5,N
320,749.52,816.44,5,W,5,N
321,753.01,816.74,5,W,5,N
322,754.95,817.04,5,W,5,N
346,837.91,844.04,5,E,5,N
159,573.01,849.60,1,W,5,W
161,578.09,849.90,1,W,5,W
164,649.50,850.20,1,W,5,W
265,713.54,850.50,3,E,5,W
226,704.21,854.53,2,W,5,W
227,723.91,854.83,2,W,5,W
208,616.96,855.43,1,E,5,W
211,696.58,856.33,1,E,5,W
88,649.85,856.93,1,S,5,W
90,655.09,857.53,1,S,5,W
95,671.44,858.43,1,S,5,W
98,681.95,859.03,1,S,5,W
100,694.25,859.33,1,S,5,W
85,641.23,866.80,1,S,5,E
249,746.46,871.74,3,W,5,N
237,739.84,872.04,2,E,5,N
209,628.86,872.34,1,E,5,N
210,640.90,872.64,1,E,5,N
91,665.91,873.24,1,S,5,N
96,674.63,873.54,1,S,5,N
101,696.75,873.84,1,S,5,N
102,707.75,874.14,1,S,5,N
170,745.58,876.82,1,W,5,E
168,701.35,882.36,1,W,5,N
172,752.69,883.56,1,W,5,N
213,710.59,899.30,1,E,3,W
104,885.23,903.90,1,S,1,W
107,889.24,904.20,1,S,1,W
323,852.13,915.74,5,W,5,N
324,852.36,916.04,5,W,5,N
325,865.06,916.34,5,W,5,N
105,886.01,916.70,1,S,1,E
174,771.32,920.69,1,W,3,W
347,890.26,929.74,5,E,5,N
167,693.76,949.50,1,W,5,W
169,706.64,949.80,1,W,5,W
173,756.33,950.10,1,W,5,W
266,812.72,950.40,3,E,5,W
103,787.77,955.53,1,S,5,W
251,890.45,966.40,3,W,5,E
212,706.97,967.00,1,E,5,E
267,815.75,971.64,3,E,5,N
268,827.87,971.94,3,E,5,N
250,887.53,972.24,3,W,5,N
238,799.11,972.84,2,E,5,N
214,755.05,973.44,1,E,5,N
176,813.69,983.06,1,W,5,N
180,876.21,985.32,1,W,2,W
178,865.76,989.72,1,W,5,N
109,894.48,1000.00,1,S,3,W
175,802.56,1049.40,1,W,5,W
177,817.31,1049.70,1,W,5,W
239,885.39,1071.54,2,E,5,N
215,888.24,1071.84,1,E,5,N
216,889.53,1072.14,1,E,5,N
106,886.48,1072.44,1,S,5,N
108,893.81,1072.74,1,S,5,N
179,872.54,1082.86,1,W,5,N
182,885.87,1083.76,1,W,5,N
183,889.64,1084.06,1,W,5,N
181,882.66,1149.30,1,W,5,W