id,enter_time,exit_time,entrance_intersection,entrance_direction,exit_intersection,exit_direction
0,0.18,40.44,1,S,2,W
11,30.91,45.05,1,S,1,E
248,3.29,66.44,5,W,5,N
249,9.08,66.74,5,W,5,N
250,11.85,67.04,5,W,5,N
251,15.68,67.34,5,W,5,N
252,18.59,67.64,5,W,5,N
253,34.87,67.94,5,W,5,N
254,37.99,68.24,5,W,5,N
255,41.32,68.54,5,W,5,N
323,31.52,80.44,5,E,5,N
324,35.44,80.74,5,E,5,N
325,36.82,81.04,5,E,5,N
8,27.88,100.70,1,S,1,W
16,49.78,101.00,1,S,1,W
17,52.27,101.30,1,S,1,W
9,28.98,102.20,1,S,2,E
228,14.89,131.27,3,E,5,N
79,58.48,139.47,1,W,3,E
256,105.91,166.34,5,W,5,N
257,108.91,166.64,5,W,5,N
258,130.64,166.94,5,W,5,N
259,132.01,167.24,5,W,5,N
260,153.62,167.54,5,W,5,N
261,156.22,167.84,5,W,5,N
262,159.34,168.14,5,W,5,N
326,170.00,180.34,5,E,5,N
208,45.38,200.10,3,W,5,W
14,45.62,200.20,1,S,3,W
172,66.32,200.40,2,W,5,W
195,94.32,200.70,2,E,5,W
2,5.88,201.00,1,S,5,W
21,138.26,201.10,1,S,1,W
19,56.39,201.10,1,S,3,W
12,33.63,201.30,1,S,5,W
26,150.09,201.40,1,S,1,W
20,56.82,201.40,1,S,3,W
78,31.48,201.60,1,W,5,W
34,178.65,201.70,1,S,1,W
23,142.15,214.20,1,S,1,E
27,152.86,215.10,1,S,1,E
28,156.10,215.40,1,S,1,E
1,2.83,222.24,1,S,5,N
171,55.58,222.54,2,W,5,N
173,87.20,222.84,2,W,5,N
3,13.28,223.14,1,S,5,N
4,18.32,223.44,1,S,5,N
5,21.54,223.74,1,S,5,N
6,24.27,224.04,1,S,5,N
7,27.06,224.34,1,S,5,N
10,30.25,224.64,1,S,5,N
80,60.67,224.94,1,W,5,N
229,130.25,231.07,3,E,5,N
86,145.38,238.07,1,W,3,E
142,186.99,249.18,1,E,3,E
263,178.70,266.24,5,W,5,N
22,140.58,299.70,1,S,3,E
209,152.99,300.00,3,W,5,W
230,133.53,300.30,3,E,5,W
13,43.45,300.60,1,S,5,W
15,47.27,300.90,1,S,5,W
18,55.13,301.20,1,S,5,W
32,171.30,301.50,1,S,3,E
84,98.39,301.50,1,W,5,W
85,141.69,301.80,1,W,5,W
174,244.60,312.77,2,W,3,E
41,266.83,314.90,1,S,1,E
196,176.33,322.14,2,E,5,N
81,70.69,322.44,1,W,5,N
82,77.50,322.74,1,W,5,N
83,80.32,323.04,1,W,5,N
140,108.80,323.34,1,E,5,N
141,161.57,323.64,1,E,5,N
231,227.95,330.87,3,E,5,N
210,210.01,330.87,3,W,5,N
232,250.42,331.17,3,E,5,N
233,283.11,338.75,3,E,5,E
264,274.82,366.14,5,W,5,N
265,278.14,366.44,5,W,5,N
266,282.01,366.74,5,W,5,N
267,285.00,367.04,5,W,5,N
268,290.86,367.34,5,W,5,N
269,292.66,367.64,5,W,5,N
270,293.63,367.94,5,W,5,N
271,296.78,368.24,5,W,5,N
272,344.58,368.54,5,W,5,N
273,346.83,368.84,5,W,5,N
274,351.75,369.14,5,W,5,N
275,355.03,369.44,5,W,5,N
276,357.62,369.74,5,W,5,N
327,314.80,380.14,5,E,5,N
328,369.57,380.44,5,E,5,N
24,143.03,399.90,1,S,5,W
33,176.42,400.20,1,S,5,W
35,181.06,400.50,1,S,5,W
197,251.47,400.80,2,E,5,W
175,271.83,401.10,2,W,5,W
89,242.44,401.40,1,W,5,W
146,257.97,401.70,1,E,5,W
148,268.78,402.00,1,E,5,W
87,181.66,418.30,1,W,5,E
25,145.28,422.04,1,S,5,N
29,156.27,422.34,1,S,5,N
30,158.73,422.64,1,S,5,N
31,160.63,422.94,1,S,5,N
36,183.90,423.24,1,S,5,N
37,184.18,423.54,1,S,5,N
38,187.66,423.84,1,S,5,N
176,296.29,424.14,2,W,5,N
88,199.05,424.74,1,W,5,N
235,311.82,424.83,3,E,5,E
90,262.68,425.04,1,W,5,N
143,211.34,425.34,1,E,5,N
144,223.18,425.64,1,E,5,N
145,251.67,425.94,1,E,5,N
147,268.61,426.24,1,E,5,N
211,328.20,430.67,3,W,5,N
236,314.97,431.27,3,E,5,N
94,309.75,437.97,1,W,3,W
237,392.12,453.89,3,E,5,N
277,378.79,466.04,5,W,5,N
278,391.09,466.34,5,W,5,N
279,393.26,466.64,5,W,5,N
280,394.86,466.94,5,W,5,N
281,397.48,467.24,5,W,5,N
282,398.67,467.54,5,W,5,N
283,402.37,467.84,5,W,5,N
284,458.60,468.14,5,W,5,N
329,399.88,480.04,5,E,5,N
330,401.60,480.34,5,E,5,N
331,422.05,480.64,5,E,5,N
149,300.80,499.80,1,E,5,W
234,308.72,500.10,3,E,5,W
212,380.72,500.40,3,W,5,W
45,331.76,500.70,1,S,5,W
93,288.82,501.00,1,W,5,W
150,320.40,501.30,1,E,5,W
52,420.34,502.30,1,S,1,W
102,412.77,502.30,1,W,2,E
104,418.90,502.90,1,W,2,W
108,451.01,504.10,1,W,2,W
42,267.21,516.40,1,S,5,E
44,269.36,517.00,1,S,5,E
39,260.35,521.94,1,S,5,N
40,263.17,522.24,1,S,5,N
43,268.54,522.84,1,S,5,N
177,353.28,523.44,2,W,5,N
198,339.23,523.74,2,E,5,N
91,265.70,524.04,1,W,5,N
92,270.19,524.34,1,W,5,N
95,316.34,524.64,1,W,5,N
96,328.37,524.94,1,W,5,N
151,382.20,525.24,1,E,5,N
213,433.27,530.47,3,W,5,N
214,461.00,530.77,3,W,5,N
239,450.23,530.77,3,E,5,N
97,379.56,536.87,1,W,3,W
109,454.83,540.47,1,W,3,E
285,528.29,565.94,5,W,5,N
286,557.76,566.24,5,W,5,N
287,561.22,567.35,5,W,5,N
332,528.99,579.94,5,E,5,N
333,540.70,580.24,5,E,5,N
334,552.56,580.54,5,E,5,N
238,416.12,599.70,3,E,5,W
110,457.74,600.00,1,W,5,W
154,440.62,600.30,1,E,5,W
53,500.20,602.70,1,S,1,W
56,516.25,603.00,1,S,1,W
181,522.13,613.07,2,W,3,E
46,342.07,621.84,1,S,5,N
47,345.30,622.14,1,S,5,N
48,347.46,622.44,1,S,5,N
49,347.93,622.74,1,S,5,N
50,351.72,623.04,1,S,5,N
51,354.76,623.34,1,S,5,N
199,427.52,623.64,2,E,5,N
178,410.88,623.94,2,W,5,N
215,502.07,624.13,3,W,5,E
179,466.36,624.24,2,W,5,N
180,493.75,624.54,2,W,5,N
98,398.24,624.84,1,W,5,N
99,401.23,625.14,1,W,5,N
100,408.86,625.44,1,W,5,N
101,409.01,625.74,1,W,5,N
103,415.42,626.04,1,W,5,N
105,422.07,626.34,1,W,5,N
106,445.16,626.64,1,W,5,N
107,447.62,626.94,1,W,5,N
152,416.42,627.24,1,E,5,N
153,436.10,627.54,1,E,5,N
155,460.02,627.84,1,E,5,N
156,464.39,628.14,1,E,5,N
157,464.46,628.44,1,E,5,N
158,482.11,628.74,1,E,5,N
240,567.13,630.27,3,E,5,N
216,547.35,630.57,3,W,5,N
217,553.96,630.87,3,W,5,N
218,561.82,631.17,3,W,5,N
219,569.00,631.47,3,W,5,N
220,573.85,635.62,3,W,5,N
221,593.17,654.94,3,W,5,N
288,576.30,665.84,5,W,5,N
289,580.26,666.14,5,W,5,N
290,580.49,666.44,5,W,5,N
291,590.39,666.74,5,W,5,N
292,602.63,667.04,5,W,5,N
293,617.47,667.34,5,W,5,N
294,650.62,667.64,5,W,5,N
295,650.81,667.94,5,W,5,N
296,656.22,668.24,5,W,5,N
297,670.60,676.74,5,W,5,N
200,507.28,699.60,2,E,5,W
182,534.12,699.90,2,W,5,W
54,510.02,700.20,1,S,5,W
55,513.35,700.50,1,S,5,W
57,519.53,700.80,1,S,5,W
58,612.19,701.00,1,S,2,W
112,494.15,701.10,1,W,5,W
59,615.04,701.30,1,S,2,E
116,505.45,701.40,1,W,5,W
117,508.06,701.70,1,W,5,W
61,619.71,703.10,1,S,1,W
64,689.52,703.65,1,S,1,W
65,691.42,705.55,1,S,1,W
183,555.94,721.74,2,W,5,N
201,599.64,722.04,2,E,5,N
111,491.17,722.34,1,W,5,N
113,494.24,722.64,1,W,5,N
114,496.42,722.94,1,W,5,N
115,498.61,723.24,1,W,5,N
118,547.61,723.54,1,W,5,N
159,555.80,723.84,1,E,5,N
241,665.61,730.07,3,E,5,N
222,642.15,730.07,3,W,5,N
224,648.95,730.67,3,W,5,N
242,669.55,731.32,3,E,5,N
243,671.57,733.34,3,E,5,N
62,622.93,737.97,1,S,3,W
63,688.84,742.02,1,S,2,W
298,684.05,765.74,5,W,5,N
299,718.81,766.04,5,W,5,N
300,722.45,766.34,5,W,5,N
301,723.28,766.64,5,W,5,N
302,735.32,766.94,5,W,5,N
303,739.23,767.24,5,W,5,N
304,743.25,767.54,5,W,5,N
305,745.59,767.84,5,W,5,N
306,748.97,768.14,5,W,5,N
335,702.50,779.74,5,E,5,N
223,648.51,799.50,3,W,5,W
204,679.91,799.80,2,E,5,W
121,615.34,800.10,1,W,5,W
122,619.16,800.40,1,W,5,W
124,629.05,800.70,1,W,5,W
161,622.78,801.00,1,E,5,W
191,759.74,814.47,2,W,3,E
160,602.34,821.64,1,E,5,N
202,620.06,821.94,2,E,5,N
184,628.06,822.24,2,W,5,N
203,659.79,822.54,2,E,5,N
185,680.37,822.84,2,W,5,N
186,697.40,823.14,2,W,5,N
60,617.71,823.44,1,S,5,N
119,595.44,823.74,1,W,5,N
120,596.47,824.04,1,W,5,N
123,625.41,824.34,1,W,5,N
244,753.21,829.87,3,E,5,N
245,756.96,830.17,3,E,5,N
73,818.55,832.69,1,S,1,E
70,770.06,843.32,1,S,2,W
307,784.92,865.64,5,W,5,N
308,787.82,865.94,5,W,5,N
309,791.75,866.24,5,W,5,N
310,791.76,866.54,5,W,5,N
311,794.96,866.84,5,W,5,N
312,800.96,867.14,5,W,5,N
313,803.94,867.44,5,W,5,N
314,806.80,867.74,5,W,5,N
315,809.99,868.04,5,W,5,N
316,814.56,868.34,5,W,5,N
317,819.94,868.64,5,W,5,N
318,823.53,868.94,5,W,5,N
319,825.17,869.24,5,W,5,N
320,851.47,869.54,5,W,5,N
321,865.68,871.82,5,W,5,N
322,868.69,874.82,5,W,5,N
336,803.65,879.64,5,E,5,N
337,805.35,879.94,5,E,5,N
338,822.46,880.24,5,E,5,N
339,825.45,880.54,5,E,5,N
340,825.65,880.84,5,E,5,N
341,845.33,881.14,5,E,5,N
342,860.28,881.44,5,E,5,N
343,864.66,881.74,5,E,5,N
225,704.51,899.40,3,W,5,W
127,711.61,899.70,1,W,5,W
166,776.81,900.00,1,E,5,W
167,782.39,900.21,1,E,5,W
75,820.22,903.90,1,S,1,W
193,858.23,913.37,2,W,3,E
194,879.07,915.14,2,W,3,E
162,701.97,921.54,1,E,5,N
66,693.27,921.84,1,S,5,N
205,769.60,922.14,2,E,5,N
187,703.19,922.44,2,W,5,N
188,713.04,922.74,2,W,5,N
189,736.38,923.04,2,W,5,N
190,756.88,923.34,2,W,5,N
192,787.78,923.64,2,W,5,N
125,679.76,923.94,1,W,5,N
126,707.03,924.24,1,W,5,N
128,740.70,924.54,1,W,5,N
129,743.01,924.84,1,W,5,N
130,746.74,925.14,1,W,5,N
131,764.13,925.44,1,W,5,N
163,731.33,925.74,1,E,5,N
164,735.19,926.04,1,E,5,N
165,742.51,926.34,1,E,5,N
226,833.28,929.67,3,W,5,N
246,839.38,929.67,3,E,5,N
227,835.41,929.97,3,W,5,N
134,794.81,939.37,1,W,3,W
168,799.51,999.30,1,E,5,W
247,843.35,999.60,3,E,5,W
68,765.14,999.90,1,S,5,W
71,810.20,1000.20,1,S,5,W
72,810.65,1000.50,1,S,5,W
74,819.27,1000.80,1,S,5,W
133,781.75,1001.10,1,W,5,W
135,833.67,1001.40,1,W,5,W
170,850.78,1001.70,1,E,5,W
67,759.84,1021.44,1,S,5,N
69,768.22,1021.74,1,S,5,N
206,805.23,1022.04,2,E,5,N
207,888.63,1022.34,2,E,5,N
76,823.95,1022.64,1,S,5,N
77,825.43,1022.94,1,S,5,N
132,767.91,1023.24,1,W,5,N
169,813.18,1023.54,1,E,5,N
137,885.74,1099.20,1,W,5,W
136,883.11,1121.34,1,W,5,N
138,893.08,1121.64,1,W,5,N
139,895.77,1121.94,1,W,5,N