id,enter_time,exit_time,entrance_intersection,entrance_direction,exit_intersection,exit_direction
329,32.84,38.98,5,E,5,N
162,59.60,94.52,1,E,2,W
3,87.96,102.10,1,S,1,W
253,31.86,116.54,5,W,5,N
254,33.07,116.84,5,W,5,N
255,49.05,117.14,5,W,5,N
256,108.46,117.44,5,W,5,N
257,108.88,117.74,5,W,5,N
258,112.50,118.63,5,W,5,N
330,87.84,130.54,5,E,5,N
331,131.50,137.64,5,E,5,N
235,3.11,150.30,3,E,5,W
236,80.68,150.60,3,E,5,W
0,2.12,172.44,1,S,5,N
91,94.12,182.42,1,W,2,W
161,40.35,185.92,1,E,5,E
5,171.86,214.20,1,S,1,E
259,133.30,216.44,5,W,5,N
260,134.74,216.74,5,W,5,N
261,203.10,217.04,5,W,5,N
332,165.55,230.44,5,E,5,N
333,166.53,230.74,5,E,5,N
334,169.34,231.04,5,E,5,N
335,180.83,231.34,5,E,5,N
336,195.52,231.64,5,E,5,N
88,39.41,250.20,1,W,5,W
170,178.89,252.00,1,E,2,E
6,175.36,252.60,1,S,2,W
207,86.77,266.50,2,E,5,E
196,77.73,272.34,2,W,5,N
219,125.23,272.94,3,W,5,N
237,162.34,273.24,3,E,5,N
238,165.07,273.54,3,E,5,N
239,176.74,273.84,3,E,5,N
163,81.19,274.14,1,E,5,N
92,94.39,274.42,1,W,5,E
1,82.19,274.44,1,S,5,N
2,84.68,274.74,1,S,5,N
94,115.84,275.02,1,W,5,E
89,89.91,279.66,1,W,5,N
93,112.45,280.86,1,W,5,N
95,127.87,281.46,1,W,5,N
98,140.73,282.36,1,W,5,N
99,146.36,282.66,1,W,5,N
105,204.60,283.72,1,W,2,W
164,102.95,292.46,1,E,5,N
17,286.42,301.50,1,S,1,W
14,284.96,315.80,1,S,1,E
15,285.73,316.10,1,S,1,E
262,230.86,316.34,5,W,5,N
263,234.74,316.64,5,W,5,N
264,251.26,316.94,5,W,5,N
265,254.13,317.24,5,W,5,N
266,254.99,317.54,5,W,5,N
267,321.47,327.61,5,W,5,N
337,251.81,330.34,5,E,5,N
338,274.89,330.64,5,E,5,N
339,282.34,330.94,5,E,5,N
90,92.10,350.10,1,W,5,W
96,135.79,350.40,1,W,5,W
171,205.46,350.60,1,E,2,W
97,137.44,350.70,1,W,5,W
208,169.29,351.00,2,E,5,W
220,235.12,351.30,3,W,5,W
9,274.22,352.10,1,S,2,W
168,120.36,356.73,1,E,5,W
169,157.25,357.03,1,E,5,W
242,251.68,366.70,3,E,5,E
222,296.89,367.30,3,W,5,E
240,245.54,372.24,3,E,5,N
241,249.51,372.54,3,E,5,N
221,287.38,373.14,3,W,5,N
197,246.55,373.74,2,W,5,N
165,112.24,374.04,1,E,5,N
166,114.42,374.34,1,E,5,N
167,115.26,374.64,1,E,5,N
4,166.58,374.94,1,S,5,N
7,175.87,375.24,1,S,5,N
8,178.00,375.54,1,S,5,N
108,233.88,376.32,1,W,5,E
101,178.86,380.36,1,W,5,N
102,197.24,380.66,1,W,5,N
103,199.84,380.96,1,W,5,N
106,212.42,381.86,1,W,5,N
113,332.66,383.52,1,W,2,W
23,307.35,401.90,1,S,1,W
32,337.92,402.20,1,S,1,W
35,342.87,402.50,1,S,1,W
24,309.19,404.20,1,S,3,E
38,352.92,415.90,1,S,1,E
268,325.42,416.24,5,W,5,N
269,330.71,416.54,5,W,5,N
270,333.56,416.84,5,W,5,N
271,335.84,417.14,5,W,5,N
272,385.79,417.44,5,W,5,N
273,389.35,417.74,5,W,5,N
274,393.11,418.04,5,W,5,N
275,407.67,418.34,5,W,5,N
276,411.64,418.64,5,W,5,N
277,417.49,423.63,5,W,5,N
278,421.19,427.33,5,W,5,N
279,422.49,428.63,5,W,5,N
340,362.81,430.24,5,E,5,N
341,372.03,430.54,5,E,5,N
342,394.13,430.84,5,E,5,N
343,395.51,431.14,5,E,5,N
100,176.54,450.00,1,W,5,W
104,201.88,450.30,1,W,5,W
107,220.23,450.60,1,W,5,W
109,260.46,450.90,1,W,5,W
198,269.23,451.20,2,W,5,W
210,321.47,451.50,2,E,5,W
243,324.75,451.80,3,E,5,W
36,349.59,451.90,1,S,2,E
211,346.31,455.33,2,E,5,W
172,210.93,455.63,1,E,5,W
173,248.85,455.93,1,E,5,W
175,277.97,456.53,1,E,5,W
10,275.97,456.83,1,S,5,W
16,286.19,458.03,1,S,5,W
18,287.31,458.33,1,S,5,W
20,297.36,458.93,1,S,5,W
29,317.15,461.33,1,S,5,W
13,281.93,467.20,1,S,5,E
209,251.69,472.14,2,E,5,N
174,274.69,472.44,1,E,5,N
11,278.70,472.74,1,S,5,N
12,280.45,473.04,1,S,5,N
19,293.99,473.64,1,S,5,N
21,298.85,473.94,1,S,5,N
22,306.54,474.24,1,S,5,N
25,309.32,474.54,1,S,5,N
26,312.59,474.84,1,S,5,N
27,313.32,475.14,1,S,5,N
28,316.04,475.44,1,S,5,N
30,331.87,475.74,1,S,5,N
110,295.18,480.46,1,W,5,N
111,298.06,480.76,1,W,5,N
112,329.55,481.06,1,W,5,N
117,400.96,483.62,1,W,2,E
121,411.97,484.82,1,W,2,W
114,365.67,489.63,1,W,5,N
40,357.64,501.30,1,S,3,W
280,435.17,516.14,5,W,5,N
281,447.69,516.44,5,W,5,N
282,453.69,516.74,5,W,5,N
283,457.24,517.04,5,W,5,N
284,471.93,517.34,5,W,5,N
285,475.44,517.64,5,W,5,N
286,480.42,517.94,5,W,5,N
287,481.16,518.24,5,W,5,N
288,481.20,518.54,5,W,5,N
289,484.37,518.84,5,W,5,N
290,492.73,519.14,5,W,5,N
291,494.86,519.44,5,W,5,N
292,510.30,519.74,5,W,5,N
344,537.29,543.42,5,E,5,N
31,334.23,549.90,1,S,5,W
223,444.88,550.20,3,W,5,W
178,431.68,550.80,1,E,2,E
47,500.58,553.50,1,S,2,W
34,342.39,556.03,1,S,5,W
41,422.45,557.23,1,S,5,W
37,350.19,568.30,1,S,5,E
212,387.08,572.04,2,E,5,N
213,422.40,572.34,2,E,5,N
244,400.97,572.64,3,E,5,N
245,464.63,572.94,3,E,5,N
246,488.98,573.24,3,E,5,N
176,331.87,573.54,1,E,5,N
177,368.27,573.84,1,E,5,N
33,341.08,574.14,1,S,5,N
39,355.12,574.74,1,S,5,N
115,396.62,580.86,1,W,5,N
119,407.28,582.06,1,W,5,N
120,410.24,582.36,1,W,5,N
122,444.87,582.96,1,W,5,N
123,448.14,583.26,1,W,5,N
124,450.48,583.56,1,W,5,N
126,460.42,584.38,1,W,5,N
44,494.81,600.80,1,S,3,W
51,579.20,602.70,1,S,1,W
53,585.62,603.00,1,S,1,W
293,531.95,616.04,5,W,5,N
294,535.17,616.34,5,W,5,N
295,549.73,616.64,5,W,5,N
296,553.35,616.94,5,W,5,N
297,553.97,617.24,5,W,5,N
298,558.24,617.54,5,W,5,N
299,562.91,617.84,5,W,5,N
300,611.74,617.87,5,W,5,N
301,613.18,619.31,5,W,5,N
135,527.02,621.89,1,W,3,E
302,616.57,622.71,5,W,5,N
303,622.33,628.47,5,W,5,N
345,617.67,630.04,5,E,5,N
116,398.14,649.80,1,W,5,W
118,403.89,650.10,1,W,5,W
125,453.80,650.40,1,W,5,W
214,504.75,650.70,2,E,5,W
225,593.14,651.00,3,W,5,W
60,608.26,654.50,1,S,2,E
42,492.29,655.83,1,S,5,W
45,495.70,656.73,1,S,5,W
48,502.53,657.33,1,S,5,W
199,453.10,665.80,2,W,5,E
200,515.73,672.24,2,W,5,N
224,562.75,672.54,3,W,5,N
247,593.74,672.84,3,E,5,N
179,436.00,673.14,1,E,5,N
180,438.33,673.44,1,E,5,N
181,495.32,673.74,1,E,5,N
43,493.73,674.04,1,S,5,N
46,499.64,674.34,1,S,5,N
131,493.81,676.32,1,W,5,E
127,468.20,681.26,1,W,5,N
128,468.96,681.56,1,W,5,N
129,469.19,681.86,1,W,5,N
130,490.42,682.16,1,W,5,N
132,493.87,682.76,1,W,5,N
134,526.32,683.36,1,W,5,N
136,529.30,683.96,1,W,5,N
137,532.23,684.26,1,W,5,N
138,533.81,684.56,1,W,5,N
146,662.37,688.48,1,W,2,W
202,608.25,699.10,2,W,3,W
65,624.25,703.10,1,S,1,W
70,634.11,703.40,1,S,1,W
304,623.02,715.94,5,W,5,N
305,627.59,716.24,5,W,5,N
306,630.18,716.54,5,W,5,N
307,630.66,716.84,5,W,5,N
308,635.43,717.14,5,W,5,N
309,638.77,717.44,5,W,5,N
310,643.58,717.74,5,W,5,N
311,658.23,718.04,5,W,5,N
312,659.53,718.34,5,W,5,N
313,681.33,718.64,5,W,5,N
314,682.14,718.94,5,W,5,N
346,650.42,729.94,5,E,5,N
347,657.46,730.24,5,E,5,N
348,661.37,730.54,5,E,5,N
349,672.05,730.84,5,E,5,N
73,729.50,743.64,1,S,1,E
133,496.02,749.70,1,W,5,W
139,565.82,750.00,1,W,5,W
215,594.79,750.30,2,E,5,W
226,649.65,750.60,3,W,5,W
230,688.31,750.90,3,W,5,W
183,557.01,755.93,1,E,5,W
54,588.53,757.43,1,S,5,W
55,590.81,757.73,1,S,5,W
58,596.65,758.63,1,S,5,W
59,597.90,758.93,1,S,5,W
62,614.61,759.53,1,S,5,W
66,624.38,760.43,1,S,5,W
63,618.58,770.20,1,S,5,E
201,561.03,771.84,2,W,5,N
248,623.07,772.14,3,E,5,N
227,654.05,772.44,3,W,5,N
228,677.45,772.74,3,W,5,N
229,684.16,773.04,3,W,5,N
203,613.79,773.34,2,W,5,N
204,627.88,773.64,2,W,5,N
182,526.56,773.94,1,E,5,N
184,578.91,774.24,1,E,5,N
49,568.18,774.54,1,S,5,N
50,578.24,774.84,1,S,5,N
52,581.79,775.14,1,S,5,N
56,592.15,775.44,1,S,5,N
57,594.22,775.74,1,S,5,N
61,612.14,776.04,1,S,5,N
64,622.64,776.64,1,S,5,N
67,626.63,776.94,1,S,5,N
68,630.01,777.24,1,S,5,N
69,631.94,777.54,1,S,5,N
140,569.15,781.66,1,W,5,N
141,595.21,781.96,1,W,5,N
142,595.28,782.26,1,W,5,N
143,632.13,782.56,1,W,5,N
71,724.69,803.50,1,S,1,W
77,787.77,803.80,1,S,1,W
83,794.89,809.03,1,S,1,W
315,743.06,815.84,5,W,5,N
316,745.28,816.14,5,W,5,N
317,819.61,825.74,5,W,5,N
318,822.80,828.94,5,W,5,N
350,776.35,829.84,5,E,5,N
144,635.30,849.60,1,W,5,W
145,659.03,849.90,1,W,5,W
231,736.67,850.20,3,W,5,W
205,703.65,854.53,2,W,5,W
216,687.32,854.83,2,E,5,W
72,727.16,859.11,1,S,5,W
249,734.89,871.74,3,E,5,N
185,634.41,872.04,1,E,5,N
186,645.68,872.34,1,E,5,N
187,675.12,872.64,1,E,5,N
74,732.82,872.94,1,S,5,N
75,736.48,874.57,1,S,5,N
147,668.02,882.06,1,W,5,N
149,685.42,882.66,1,W,5,N
150,732.91,882.96,1,W,5,N
152,738.30,883.56,1,W,5,N
153,740.81,883.86,1,W,5,N
78,789.88,900.80,1,S,3,E
79,790.64,901.10,1,S,3,W
319,833.96,915.74,5,W,5,N
320,847.82,916.04,5,W,5,N
321,849.21,916.34,5,W,5,N
322,854.63,916.64,5,W,5,N
85,840.52,916.70,1,S,1,E
323,859.56,916.94,5,W,5,N
324,860.36,917.24,5,W,5,N
325,863.81,917.54,5,W,5,N
326,865.90,917.84,5,W,5,N
327,880.79,918.14,5,W,5,N
328,881.06,918.44,5,W,5,N
351,880.60,929.74,5,E,5,N
352,881.44,930.04,5,E,5,N
353,897.72,930.34,5,E,5,N
148,670.17,949.50,1,W,5,W
151,735.02,949.80,1,W,5,W
154,747.57,950.10,1,W,5,W
250,804.95,950.40,3,E,5,W
233,896.38,952.01,3,W,5,W
218,847.11,954.63,2,E,5,W
190,769.50,955.53,1,E,5,W
82,793.97,957.63,1,S,5,W
232,852.72,971.64,3,W,5,N
251,831.86,971.94,3,E,5,N
252,848.63,972.24,3,E,5,N
217,777.44,972.54,2,E,5,N
188,713.44,972.84,1,E,5,N
189,734.53,973.14,1,E,5,N
191,773.93,973.44,1,E,5,N
76,787.32,973.74,1,S,5,N
80,793.00,974.04,1,S,5,N
81,793.82,974.34,1,S,5,N
84,835.63,974.64,1,S,5,N
155,779.23,982.46,1,W,5,N
160,874.63,985.02,1,W,2,W
159,861.75,985.70,1,W,5,N
156,781.79,1049.40,1,W,5,W
157,821.78,1049.70,1,W,5,W
158,824.46,1050.00,1,W,5,W
192,831.65,1054.43,1,E,5,W
193,861.42,1054.73,1,E,5,W
86,841.58,1055.63,1,S,5,W
234,899.83,1071.54,3,W,5,N
206,860.58,1071.84,2,W,5,N
194,868.34,1072.14,1,E,5,N
195,890.05,1072.44,1,E,5,N
87,845.40,1072.74,1,S,5,N