id,enter_time,exit_time,entrance_intersection,entrance_direction,exit_intersection,exit_direction
3,7.16,21.30,1,S,1,E
353,6.70,30.64,5,E,5,N
354,34.70,40.84,5,E,5,N
1,4.96,50.30,1,S,2,W
0,4.17,100.70,1,S,1,W
8,32.39,101.00,1,S,1,W
9,34.57,101.30,1,S,1,W
11,38.75,101.60,1,S,1,W
282,31.47,116.54,5,W,5,N
283,31.60,116.84,5,W,5,N
284,33.65,117.14,5,W,5,N
285,34.23,117.44,5,W,5,N
99,7.59,117.49,1,W,3,E
286,36.46,117.74,5,W,5,N
100,10.13,117.79,1,W,3,W
287,37.37,118.04,5,W,5,N
288,40.11,118.34,5,W,5,N
289,42.47,118.64,5,W,5,N
290,49.67,118.94,5,W,5,N
291,104.20,119.24,5,W,5,N
355,51.26,130.54,5,E,5,N
356,61.74,130.84,5,E,5,N
357,117.56,131.14,5,E,5,N
256,39.59,150.30,3,E,5,W
257,42.26,150.60,3,E,5,W
258,45.32,150.90,3,E,5,W
4,7.52,156.23,1,S,5,W
5,9.34,156.53,1,S,5,W
6,20.53,156.83,1,S,5,W
211,25.78,166.30,2,W,5,E
15,129.49,169.75,1,S,2,W
2,6.44,172.74,1,S,5,N
101,13.67,179.86,1,W,5,N
102,17.49,180.16,1,W,5,N
103,39.63,180.46,1,W,5,N
177,53.01,192.06,1,E,5,N
12,126.05,201.10,1,S,1,W
13,126.91,201.40,1,S,1,W
16,130.18,201.70,1,S,1,W
292,125.25,216.44,5,W,5,N
293,127.86,216.74,5,W,5,N
294,131.59,217.04,5,W,5,N
295,137.14,217.34,5,W,5,N
296,184.98,217.64,5,W,5,N
297,188.77,217.94,5,W,5,N
298,190.52,218.24,5,W,5,N
299,194.05,218.54,5,W,5,N
300,198.98,218.84,5,W,5,N
301,201.31,219.14,5,W,5,N
302,203.72,219.44,5,W,5,N
303,206.32,219.74,5,W,5,N
304,219.24,225.38,5,W,5,N
305,219.82,225.95,5,W,5,N
306,223.38,229.52,5,W,5,N
358,219.71,230.44,5,E,5,N
7,31.56,250.20,1,S,5,W
259,115.33,250.50,3,E,5,W
243,114.25,250.80,3,W,5,W
246,183.07,251.10,3,W,5,W
183,158.23,251.70,1,E,2,W
10,38.04,255.73,1,S,5,W
14,129.16,261.12,1,S,5,W
229,74.88,272.34,2,E,5,N
212,52.87,272.64,2,W,5,N
230,120.25,272.94,2,E,5,N
213,117.72,273.24,2,W,5,N
242,111.57,273.54,3,W,5,N
260,118.56,273.84,3,E,5,N
244,123.99,274.14,3,W,5,N
245,179.98,274.44,3,W,5,N
261,192.79,274.74,3,E,5,N
109,94.42,275.02,1,W,5,E
247,194.41,275.04,3,W,5,N
262,195.89,275.34,3,E,5,N
104,72.58,279.66,1,W,5,N
105,79.67,279.96,1,W,5,N
106,81.80,280.26,1,W,5,N
108,90.56,280.86,1,W,5,N
110,114.92,281.46,1,W,5,N
111,161.76,285.71,1,W,5,N
178,107.90,292.46,1,E,5,N
181,147.52,301.10,1,E,3,E
182,147.96,301.40,1,E,3,E
19,233.73,310.05,1,S,3,W
20,234.57,310.89,1,S,3,W
307,251.82,316.34,5,W,5,N
114,185.11,318.59,1,W,3,E
117,212.32,319.49,1,W,3,E
120,216.15,320.39,1,W,3,W
308,314.97,321.11,5,W,5,N
309,317.43,323.57,5,W,5,N
310,320.41,326.55,5,W,5,N
311,322.89,329.03,5,W,5,N
359,300.32,330.34,5,E,5,N
360,311.71,330.64,5,E,5,N
31,328.60,342.73,1,S,1,E
107,84.71,350.10,1,W,5,W
112,165.07,350.40,1,W,5,W
248,204.39,350.70,3,W,5,W
263,298.68,354.31,3,E,5,W
180,121.73,356.43,1,E,5,W
17,224.03,357.63,1,S,5,W
214,162.96,366.40,2,W,5,E
231,169.57,372.24,2,E,5,N
215,233.91,372.84,2,W,5,N
216,239.58,373.14,2,W,5,N
179,113.80,373.44,1,E,5,N
184,178.47,373.74,1,E,5,N
18,230.11,374.04,1,S,5,N
21,235.45,374.34,1,S,5,N
113,183.68,380.06,1,W,5,N
115,187.95,380.66,1,W,5,N
116,194.26,380.96,1,W,5,N
119,213.56,381.86,1,W,5,N
121,219.11,382.46,1,W,5,N
133,347.82,385.32,1,W,2,W
185,210.24,399.70,1,E,3,E
24,305.65,401.90,1,S,1,W
27,316.14,402.20,1,S,1,W
35,339.12,402.50,1,S,1,W
312,336.28,416.24,5,W,5,N
42,363.23,416.50,1,S,1,E
313,336.67,416.54,5,W,5,N
43,367.21,416.80,1,S,1,E
314,360.81,416.84,5,W,5,N
315,366.66,417.14,5,W,5,N
316,369.60,417.44,5,W,5,N
317,400.87,417.74,5,W,5,N
318,403.34,418.04,5,W,5,N
319,409.47,418.34,5,W,5,N
320,411.13,418.64,5,W,5,N
321,413.34,419.48,5,W,5,N
322,415.26,421.39,5,W,5,N
361,415.36,430.24,5,E,5,N
118,213.32,450.00,1,W,5,W
122,259.10,450.30,1,W,5,W
123,262.15,450.60,1,W,5,W
217,317.96,450.90,2,W,5,W
249,309.52,451.20,3,W,5,W
265,392.30,451.50,3,E,5,W
40,359.13,454.00,1,S,2,E
188,275.14,456.23,1,E,5,W
26,309.67,457.73,1,S,5,W
29,324.50,458.33,1,S,5,W
218,359.38,462.87,2,W,3,E
30,327.36,468.70,1,S,5,E
232,258.18,472.14,2,E,5,N
264,325.04,472.44,3,E,5,N
186,248.82,472.74,1,E,5,N
187,268.95,473.04,1,E,5,N
189,279.84,473.34,1,E,5,N
22,301.51,473.64,1,S,5,N
23,304.41,473.94,1,S,5,N
25,308.58,474.24,1,S,5,N
28,323.81,474.54,1,S,5,N
32,330.97,475.14,1,S,5,N
33,332.36,475.44,1,S,5,N
129,297.38,475.82,1,W,5,E
124,279.44,480.46,1,W,5,N
126,284.85,481.06,1,W,5,N
128,291.31,481.66,1,W,5,N
130,339.35,482.26,1,W,5,N
131,341.86,482.56,1,W,5,N
134,349.19,483.46,1,W,5,N
135,351.51,483.76,1,W,5,N
136,357.70,484.06,1,W,5,N
191,329.07,500.40,1,E,3,W
48,445.29,502.30,1,S,1,W
50,449.33,502.60,1,S,1,W
52,496.58,510.71,1,S,1,W
51,492.21,515.40,1,S,1,E
323,430.44,516.14,5,W,5,N
324,432.57,516.44,5,W,5,N
325,496.83,516.74,5,W,5,N
326,497.34,517.04,5,W,5,N
142,427.02,520.29,1,W,3,W
362,525.30,531.44,5,E,5,N
363,529.73,535.87,5,E,5,N
364,542.73,548.86,5,E,5,N
34,335.69,549.90,1,S,5,W
125,282.02,550.20,1,W,5,W
127,287.89,550.50,1,W,5,W
132,345.59,550.80,1,W,5,W
137,360.70,551.10,1,W,5,W
250,427.98,551.40,3,W,5,W
269,471.71,551.70,3,E,5,W
270,486.61,552.00,3,E,5,W
271,488.95,552.30,3,E,5,W
221,424.11,555.13,2,W,5,W
190,319.17,555.73,1,E,5,W
193,375.60,556.63,1,E,5,W
195,398.64,557.23,1,E,5,W
196,401.52,557.53,1,E,5,W
38,356.36,558.43,1,S,5,W
39,358.34,558.73,1,S,5,W
223,496.05,562.97,2,W,3,E
233,357.83,572.04,2,E,5,N
219,363.33,572.34,2,W,5,N
220,376.60,572.64,2,W,5,N
266,463.83,572.94,3,E,5,N
267,466.38,573.24,3,E,5,N
251,430.48,573.54,3,W,5,N
268,468.71,573.84,3,E,5,N
222,444.22,574.14,2,W,5,N
192,334.43,574.44,1,E,5,N
138,412.11,574.72,1,W,5,E
194,380.62,574.74,1,E,5,N
36,340.79,575.04,1,S,5,N
37,352.58,575.34,1,S,5,N
41,362.01,575.64,1,S,5,N
44,433.15,575.94,1,S,5,N
45,433.25,576.24,1,S,5,N
46,435.70,576.54,1,S,5,N
47,437.79,576.84,1,S,5,N
140,423.27,581.46,1,W,5,N
141,424.57,581.76,1,W,5,N
143,448.12,582.36,1,W,5,N
145,459.71,583.67,1,W,5,N
56,502.95,602.70,1,S,1,W
62,596.72,610.85,1,S,1,W
64,598.23,612.37,1,S,1,W
65,599.56,615.80,1,S,1,E
327,576.88,616.04,5,W,5,N
328,578.94,616.34,5,W,5,N
329,592.70,616.64,5,W,5,N
66,602.50,616.64,1,S,1,E
330,594.80,616.94,5,W,5,N
331,599.58,617.24,5,W,5,N
332,602.26,617.54,5,W,5,N
139,419.80,649.80,1,W,5,W
144,455.97,650.10,1,W,5,W
274,577.30,650.40,3,E,5,W
57,503.21,656.73,1,S,5,W
59,507.65,657.33,1,S,5,W
72,622.67,662.92,1,S,2,W
55,501.45,668.80,1,S,5,E
61,517.85,669.70,1,S,5,E
234,457.35,671.94,2,E,5,N
272,553.06,672.24,3,E,5,N
252,552.92,672.54,3,W,5,N
273,573.50,672.84,3,E,5,N
253,592.84,673.14,3,W,5,N
197,486.96,673.44,1,E,5,N
198,490.07,673.74,1,E,5,N
49,447.76,674.04,1,S,5,N
53,496.70,674.34,1,S,5,N
54,498.84,674.64,1,S,5,N
58,507.07,675.24,1,S,5,N
60,515.51,675.54,1,S,5,N
146,479.54,681.26,1,W,5,N
147,482.10,681.56,1,W,5,N
148,482.89,681.86,1,W,5,N
149,516.27,682.16,1,W,5,N
150,518.88,682.46,1,W,5,N
151,543.89,682.76,1,W,5,N
236,575.51,699.10,2,E,3,E
199,577.09,699.40,1,E,3,W
68,615.10,700.30,1,S,3,E
333,639.21,715.94,5,W,5,N
334,643.00,716.24,5,W,5,N
335,658.46,716.54,5,W,5,N
336,674.18,716.84,5,W,5,N
337,677.25,717.14,5,W,5,N
338,682.42,717.44,5,W,5,N
339,687.47,717.74,5,W,5,N
340,689.55,718.04,5,W,5,N
341,693.26,718.34,5,W,5,N
365,683.44,729.94,5,E,5,N
152,547.42,749.70,1,W,5,W
153,549.91,750.00,1,W,5,W
224,571.03,750.30,2,W,5,W
276,659.58,750.60,3,E,5,W
201,671.00,751.30,1,E,2,W
202,699.80,751.60,1,E,2,W
63,597.55,755.33,1,S,5,W
69,618.00,756.23,1,S,5,W
70,621.67,756.53,1,S,5,W
235,553.33,771.84,2,E,5,N
275,656.91,772.14,3,E,5,N
277,662.69,772.44,3,E,5,N
278,698.37,772.74,3,E,5,N
67,614.02,773.04,1,S,5,N
71,621.85,773.34,1,S,5,N
73,625.10,773.64,1,S,5,N
74,626.19,773.94,1,S,5,N
155,602.59,781.96,1,W,5,N
157,642.33,782.56,1,W,5,N
80,777.87,803.50,1,S,1,W
342,725.21,815.84,5,W,5,N
343,730.64,816.14,5,W,5,N
344,730.87,816.44,5,W,5,N
345,734.17,816.74,5,W,5,N
163,691.62,821.19,1,W,3,W
366,818.68,829.84,5,E,5,N
367,829.96,836.09,5,E,5,N
154,588.10,849.60,1,W,5,W
156,605.85,849.90,1,W,5,W
158,646.08,850.20,1,W,5,W
159,661.50,850.50,1,W,5,W
279,700.99,850.80,3,E,5,W
254,736.61,851.10,3,W,5,W
255,791.42,851.40,3,W,5,W
78,696.46,856.33,1,S,5,W
79,698.94,856.63,1,S,5,W
280,798.13,871.74,3,E,5,N
237,666.66,872.04,2,E,5,N
238,729.42,872.34,2,E,5,N
200,613.28,872.64,1,E,5,N
75,689.37,872.94,1,S,5,N
76,692.62,873.24,1,S,5,N
77,695.20,873.54,1,S,5,N
92,863.19,903.90,1,S,1,W
98,870.18,904.20,1,S,1,W
346,825.94,915.74,5,W,5,N
347,846.06,916.04,5,W,5,N
348,846.66,916.34,5,W,5,N
349,850.23,916.64,5,W,5,N
350,865.78,916.94,5,W,5,N
351,867.99,917.24,5,W,5,N
352,872.79,917.54,5,W,5,N
86,846.45,918.20,1,S,1,E
90,857.57,919.40,1,S,1,E
169,815.56,921.59,1,W,3,E
368,872.40,929.74,5,E,5,N
160,667.37,949.50,1,W,5,W
161,670.67,949.80,1,W,5,W
162,673.40,950.10,1,W,5,W
164,694.61,950.40,1,W,5,W
165,737.58,950.70,1,W,5,W
225,769.13,954.63,2,W,5,W
240,804.62,954.93,2,E,5,W
95,865.01,955.70,1,S,2,E
228,845.07,956.13,2,W,5,W
206,784.86,957.33,1,E,5,W
281,867.19,971.64,3,E,5,N
239,784.49,971.94,2,E,5,N
226,797.40,972.24,2,W,5,N
227,820.03,972.54,2,W,5,N
241,832.24,972.84,2,E,5,N
203,736.91,973.14,1,E,5,N
204,761.99,973.44,1,E,5,N
205,780.39,973.74,1,E,5,N
168,812.47,976.92,1,W,5,E
171,832.57,977.82,1,W,5,E
166,769.01,982.46,1,W,5,N
172,835.54,984.26,1,W,5,N
174,842.50,984.86,1,W,5,N
167,769.85,1049.40,1,W,5,W
170,829.22,1049.70,1,W,5,W
173,838.84,1050.00,1,W,5,W
209,849.88,1054.73,1,E,5,W
83,842.71,1055.93,1,S,5,W
88,852.19,1057.13,1,S,5,W
89,856.10,1057.43,1,S,5,W
91,860.42,1057.73,1,S,5,W
97,867.97,1058.93,1,S,5,W
207,806.89,1065.40,1,E,5,E
208,809.25,1065.70,1,E,5,E
84,842.73,1066.90,1,S,5,E
85,842.83,1067.20,1,S,5,E
210,887.92,1072.14,1,E,5,N
81,840.33,1072.44,1,S,5,N
82,840.88,1072.74,1,S,5,N
87,850.31,1073.64,1,S,5,N
93,863.78,1073.94,1,S,5,N
94,863.87,1074.24,1,S,5,N
96,866.35,1074.54,1,S,5,N
175,881.68,1082.86,1,W,5,N
176,899.60,1149.30,1,W,5,W