id,enter_time,exit_time,entrance_intersection,entrance_direction,exit_intersection,exit_direction
280,38.18,66.44,5,W,5,N
281,53.26,66.74,5,W,5,N
340,0.93,80.44,5,E,5,N
341,15.01,80.74,5,E,5,N
342,15.65,81.04,5,E,5,N
343,53.67,81.34,5,E,5,N
344,62.68,81.64,5,E,5,N
2,4.36,100.70,1,S,1,W
3,14.73,101.00,1,S,1,W
282,114.60,166.34,5,W,5,N
283,116.55,166.64,5,W,5,N
284,127.07,166.94,5,W,5,N
285,130.20,167.24,5,W,5,N
286,145.03,167.54,5,W,5,N
287,147.47,167.84,5,W,5,N
288,151.26,168.14,5,W,5,N
289,153.27,168.44,5,W,5,N
290,167.57,173.70,5,W,5,N
291,170.60,176.73,5,W,5,N
345,160.20,180.34,5,E,5,N
346,162.89,180.64,5,E,5,N
262,91.35,200.10,3,E,5,W
0,0.52,200.40,1,S,5,W
1,0.97,200.70,1,S,5,W
120,42.91,201.00,1,W,5,W
7,167.32,201.10,1,S,1,W
195,45.36,201.30,1,E,5,W
133,106.86,204.10,1,W,2,E
137,133.92,205.30,1,W,2,W
222,56.87,222.24,2,W,5,N
234,57.34,222.54,2,E,5,N
119,3.67,222.84,1,W,5,N
194,33.02,223.14,1,E,5,N
196,65.27,223.44,1,E,5,N
197,67.82,223.74,1,E,5,N
247,122.69,231.07,3,W,5,N
248,172.17,233.94,3,W,5,N
11,232.50,246.63,1,S,1,E
292,229.89,266.24,5,W,5,N
293,232.34,266.54,5,W,5,N
294,264.23,270.37,5,W,5,N
295,266.57,272.71,5,W,5,N
296,271.49,277.62,5,W,5,N
263,124.58,300.00,3,E,5,W
225,154.42,300.30,2,W,5,W
121,73.46,300.60,1,W,5,W
126,84.59,300.90,1,W,5,W
131,98.00,301.20,1,W,5,W
20,255.35,301.50,1,S,1,W
134,111.19,301.50,1,W,5,W
23,263.85,301.80,1,S,1,W
135,113.97,301.80,1,W,5,W
198,169.87,302.10,1,E,5,W
13,239.62,314.30,1,S,1,E
129,91.87,319.30,1,W,5,E
264,198.82,322.14,3,E,5,N
4,91.60,322.44,1,S,5,N
223,116.10,322.74,2,W,5,N
235,154.41,323.04,2,E,5,N
224,141.29,323.34,2,W,5,N
122,75.78,323.64,1,W,5,N
123,78.71,323.94,1,W,5,N
124,80.86,324.24,1,W,5,N
125,83.74,324.54,1,W,5,N
127,86.33,324.84,1,W,5,N
128,88.92,325.14,1,W,5,N
130,95.09,325.74,1,W,5,N
132,100.41,326.04,1,W,5,N
136,115.46,326.34,1,W,5,N
138,136.03,326.64,1,W,5,N
140,171.41,338.17,1,W,3,E
146,231.42,339.97,1,W,3,W
147,264.00,340.27,1,W,3,W
297,305.27,366.14,5,W,5,N
298,306.44,366.44,5,W,5,N
299,309.12,366.74,5,W,5,N
300,330.90,367.04,5,W,5,N
301,334.39,367.34,5,W,5,N
302,338.40,367.64,5,W,5,N
303,343.02,367.94,5,W,5,N
304,368.88,375.01,5,W,5,N
347,306.91,380.14,5,E,5,N
249,230.85,399.90,3,W,5,W
236,247.84,400.20,2,E,5,W
237,274.64,400.50,2,E,5,W
143,183.62,400.80,1,W,5,W
41,364.34,401.90,1,S,1,W
45,369.98,402.20,1,S,1,W
51,388.22,402.35,1,S,1,W
55,390.99,405.12,1,S,1,W
144,186.68,418.60,1,W,5,E
46,376.28,419.50,1,S,1,E
54,390.67,421.60,1,S,1,E
5,161.31,422.04,1,S,5,N
6,166.41,422.34,1,S,5,N
8,227.43,422.64,1,S,5,N
9,229.41,422.94,1,S,5,N
10,229.99,423.24,1,S,5,N
12,235.96,423.54,1,S,5,N
139,167.53,423.84,1,W,5,N
141,173.56,424.14,1,W,5,N
142,179.75,424.44,1,W,5,N
145,225.36,425.04,1,W,5,N
199,270.43,425.34,1,E,5,N
250,339.19,430.67,3,W,5,N
265,309.14,430.67,3,E,5,N
151,295.37,437.67,1,W,3,E
153,334.65,438.27,1,W,3,W
267,382.53,444.30,3,E,5,N
268,385.96,447.73,3,E,5,N
305,395.58,466.04,5,W,5,N
306,417.03,466.34,5,W,5,N
307,441.84,466.64,5,W,5,N
308,446.01,466.94,5,W,5,N
309,446.81,467.24,5,W,5,N
310,462.67,468.81,5,W,5,N
348,447.91,480.04,5,E,5,N
200,300.00,499.80,1,E,5,W
266,369.67,500.10,3,E,5,W
14,242.63,500.40,1,S,5,W
15,243.39,500.70,1,S,5,W
16,246.88,501.00,1,S,5,W
17,249.07,501.30,1,S,5,W
48,379.24,501.40,1,S,2,E
25,267.03,501.60,1,S,5,W
26,269.00,501.90,1,S,5,W
238,367.89,502.20,2,E,5,W
62,483.41,502.30,1,S,1,W
226,330.16,502.50,2,W,5,W
150,294.97,502.80,1,W,5,W
40,362.99,502.90,1,S,3,W
59,477.84,515.40,1,S,1,E
202,362.50,519.70,1,E,5,E
18,251.06,521.94,1,S,5,N
19,254.58,522.24,1,S,5,N
21,262.55,522.54,1,S,5,N
22,263.60,522.84,1,S,5,N
24,266.42,523.14,1,S,5,N
27,272.92,523.44,1,S,5,N
227,341.69,523.74,2,W,5,N
228,363.47,524.04,2,W,5,N
148,267.80,524.34,1,W,5,N
149,275.24,524.64,1,W,5,N
152,328.13,524.94,1,W,5,N
154,346.50,525.24,1,W,5,N
201,343.53,525.54,1,E,5,N
271,467.59,531.07,3,E,5,N
57,394.72,539.27,1,S,3,E
65,497.60,543.02,1,S,2,E
311,491.79,565.94,5,W,5,N
312,495.79,566.24,5,W,5,N
313,498.23,566.54,5,W,5,N
314,501.79,566.84,5,W,5,N
315,503.89,567.14,5,W,5,N
316,542.15,567.44,5,W,5,N
317,545.24,567.74,5,W,5,N
318,548.89,568.04,5,W,5,N
319,564.52,570.66,5,W,5,N
320,567.37,573.50,5,W,5,N
321,568.77,574.91,5,W,5,N
322,571.67,577.81,5,W,5,N
349,550.19,579.94,5,E,5,N
350,577.97,584.10,5,E,5,N
269,446.35,599.70,3,E,5,W
270,449.26,600.00,3,E,5,W
251,472.80,600.30,3,W,5,W
28,339.43,600.60,1,S,5,W
30,346.13,600.90,1,S,5,W
31,349.28,601.20,1,S,5,W
72,511.09,601.20,1,S,2,W
32,350.39,601.50,1,S,5,W
35,353.91,601.80,1,S,5,W
39,362.36,602.10,1,S,5,W
75,513.68,602.10,1,S,2,W
43,368.30,602.40,1,S,5,W
239,443.27,602.70,2,E,5,W
67,502.68,602.70,1,S,1,W
50,380.84,603.00,1,S,5,W
69,505.17,603.00,1,S,1,W
156,391.63,603.30,1,W,5,W
79,523.30,603.30,1,S,2,E
70,507.16,603.30,1,S,1,W
162,504.29,604.80,1,W,2,W
38,358.55,617.20,1,S,5,E
52,388.38,619.00,1,S,5,E
29,341.90,621.84,1,S,5,N
33,350.45,622.14,1,S,5,N
34,350.82,622.44,1,S,5,N
36,354.60,622.74,1,S,5,N
37,358.25,623.04,1,S,5,N
42,364.87,623.64,1,S,5,N
240,490.77,623.94,2,E,5,N
272,567.74,624.13,3,E,5,E
44,368.77,624.24,1,S,5,N
47,376.47,624.54,1,S,5,N
49,379.26,624.84,1,S,5,N
53,388.72,625.44,1,S,5,N
56,391.06,625.74,1,S,5,N
155,378.97,626.04,1,W,5,N
157,411.15,626.34,1,W,5,N
158,430.81,626.64,1,W,5,N
159,434.59,626.94,1,W,5,N
160,437.64,627.24,1,W,5,N
252,507.81,630.27,3,W,5,N
253,525.65,630.57,3,W,5,N
254,580.09,641.86,3,W,5,N
255,582.68,644.45,3,W,5,N
208,584.34,646.53,1,E,3,E
256,585.52,647.29,3,W,5,N
257,588.56,650.33,3,W,5,N
258,597.43,659.20,3,W,5,N
323,616.02,665.84,5,W,5,N
324,642.57,666.14,5,W,5,N
325,648.17,666.44,5,W,5,N
326,661.72,667.86,5,W,5,N
351,681.31,687.45,5,E,5,N
203,500.86,699.60,1,E,5,W
273,570.45,699.90,3,E,5,W
61,482.30,700.20,1,S,5,W
63,484.67,700.50,1,S,5,W
66,498.72,700.80,1,S,5,W
68,503.26,701.10,1,S,5,W
71,508.91,701.40,1,S,5,W
164,520.68,701.70,1,W,5,W
206,567.55,702.00,1,E,5,W
207,572.00,702.30,1,E,5,W
92,672.39,715.90,1,S,1,E
241,529.44,716.80,2,E,5,E
74,513.58,718.00,1,S,5,E
58,477.27,721.74,1,S,5,N
60,481.68,722.04,1,S,5,N
64,486.52,722.34,1,S,5,N
229,550.47,722.64,2,W,5,N
242,549.48,723.24,2,E,5,N
243,583.40,723.54,2,E,5,N
73,511.42,723.84,1,S,5,N
76,517.04,724.44,1,S,5,N
77,518.71,724.74,1,S,5,N
78,522.09,725.04,1,S,5,N
80,526.48,725.34,1,S,5,N
81,526.93,725.64,1,S,5,N
82,527.70,725.94,1,S,5,N
161,469.03,726.24,1,W,5,N
163,516.75,726.54,1,W,5,N
165,534.03,726.84,1,W,5,N
204,517.80,727.14,1,E,5,N
205,530.46,727.44,1,E,5,N
209,589.46,727.74,1,E,5,N
274,660.29,730.07,3,E,5,N
213,635.50,740.67,1,E,3,W
93,673.15,742.32,1,S,2,W
276,692.71,754.48,3,E,5,N
327,755.31,765.74,5,W,5,N
328,757.71,766.04,5,W,5,N
329,760.84,766.98,5,W,5,N
330,761.77,767.91,5,W,5,N
352,718.35,779.74,5,E,5,N
353,756.82,780.04,5,E,5,N
354,788.29,794.42,5,E,5,N
210,598.09,799.50,1,E,5,W
259,648.63,799.80,3,W,5,W
275,664.15,800.10,3,E,5,W
83,589.12,800.40,1,S,5,W
91,619.04,800.70,1,S,5,W
166,573.07,801.00,1,W,5,W
170,651.77,801.30,1,W,5,W
171,654.40,801.60,1,W,5,W
180,735.85,803.20,1,W,2,E
103,789.30,803.44,1,S,1,W
216,724.47,804.70,1,E,2,W
214,688.40,806.23,1,E,5,W
100,773.67,816.60,1,S,1,E
84,590.89,821.64,1,S,5,N
85,593.35,821.94,1,S,5,N
86,597.08,822.24,1,S,5,N
87,597.54,822.54,1,S,5,N
88,599.84,822.84,1,S,5,N
244,650.28,823.14,2,E,5,N
89,605.85,823.44,1,S,5,N
90,617.13,823.74,1,S,5,N
167,576.55,824.04,1,W,5,N
168,579.46,824.34,1,W,5,N
169,625.20,824.64,1,W,5,N
172,656.52,824.94,1,W,5,N
211,608.76,825.24,1,E,5,N
212,630.12,825.54,1,E,5,N
277,759.01,829.87,3,E,5,N
179,733.37,838.97,1,W,3,W
331,782.11,865.64,5,W,5,N
332,783.90,865.94,5,W,5,N
333,795.65,866.24,5,W,5,N
334,810.21,866.54,5,W,5,N
335,813.47,866.84,5,W,5,N
336,868.50,874.64,5,W,5,N
337,871.44,877.57,5,W,5,N
355,877.97,884.11,5,E,5,N
104,792.29,899.40,1,S,3,W
260,780.39,899.40,3,W,5,W
95,682.20,899.70,1,S,5,W
245,749.37,900.00,2,E,5,W
173,687.86,900.30,1,W,5,W
181,738.10,900.60,1,W,5,W
215,722.49,900.90,1,E,5,W
219,783.56,901.38,1,E,5,W
356,896.34,902.48,5,E,5,N
357,896.94,903.07,5,E,5,N
96,685.12,915.70,1,S,5,E
174,690.75,917.50,1,W,5,E
94,681.35,921.54,1,S,5,N
97,688.59,922.14,1,S,5,N
98,689.28,922.44,1,S,5,N
230,717.12,922.74,2,W,5,N
231,732.62,923.04,2,W,5,N
232,785.01,923.34,2,W,5,N
175,693.00,923.94,1,W,5,N
176,723.95,924.24,1,W,5,N
177,726.04,924.54,1,W,5,N
178,728.64,924.84,1,W,5,N
182,741.37,925.14,1,W,5,N
183,744.75,925.44,1,W,5,N
217,728.57,925.74,1,E,5,N
218,757.49,926.04,1,E,5,N
278,835.77,929.67,3,E,5,N
261,880.86,942.63,3,W,5,N
338,898.40,965.54,5,W,5,N
339,899.73,965.84,5,W,5,N
99,763.18,999.30,1,S,5,W
110,861.19,999.50,1,S,3,W
101,783.73,999.60,1,S,5,W
233,851.17,999.90,2,W,5,W
186,809.84,1000.20,1,W,5,W
113,867.97,1000.40,1,S,3,W
187,858.36,1000.50,1,W,5,W
102,786.32,1015.30,1,S,5,E
105,792.58,1021.74,1,S,5,N
246,832.90,1022.04,2,E,5,N
184,776.30,1022.34,1,W,5,N
185,793.71,1022.64,1,W,5,N
188,865.25,1022.94,1,W,5,N
220,838.31,1023.24,1,E,5,N
221,875.24,1023.54,1,E,5,N
279,899.96,1029.47,3,E,5,N
117,875.78,1099.20,1,S,5,W
106,853.04,1121.34,1,S,5,N
107,856.45,1121.64,1,S,5,N
108,858.69,1121.94,1,S,5,N
109,860.03,1122.24,1,S,5,N
111,865.16,1122.54,1,S,5,N
112,866.10,1122.84,1,S,5,N
114,870.17,1123.14,1,S,5,N
115,870.67,1123.44,1,S,5,N
116,872.13,1123.74,1,S,5,N
118,877.21,1124.04,1,S,5,N
189,871.64,1124.34,1,W,5,N
190,874.59,1124.64,1,W,5,N
191,877.87,1124.94,1,W,5,N
192,880.44,1125.24,1,W,5,N
193,884.42,1125.54,1,W,5,N