id,enter_time,exit_time,entrance_intersection,entrance_direction,exit_intersection,exit_direction
248,12.20,18.34,5,W,5,N
249,15.59,21.73,5,W,5,N
3,9.10,23.23,1,S,1,E
9,23.37,63.62,1,S,2,E
1,5.03,100.70,1,S,1,W
14,36.31,101.00,1,S,1,W
250,34.61,116.54,5,W,5,N
251,39.31,116.84,5,W,5,N
252,41.36,117.14,5,W,5,N
253,41.48,117.44,5,W,5,N
254,74.77,117.74,5,W,5,N
255,76.71,118.04,5,W,5,N
256,79.35,118.34,5,W,5,N
257,91.21,118.64,5,W,5,N
258,108.02,118.94,5,W,5,N
314,102.62,130.54,5,E,5,N
211,7.32,150.30,3,W,5,W
213,28.92,150.60,3,W,5,W
6,15.88,157.13,1,S,5,W
12,27.41,159.37,1,S,5,W
228,2.08,172.44,3,E,5,N
229,24.52,172.74,3,E,5,N
212,17.20,173.04,3,W,5,N
230,27.71,173.34,3,E,5,N
214,36.52,173.64,3,W,5,N
0,3.65,173.94,1,S,5,N
2,8.88,174.24,1,S,5,N
4,11.18,174.54,1,S,5,N
5,15.06,174.84,1,S,5,N
7,17.54,175.14,1,S,5,N
8,20.47,175.44,1,S,5,N
10,23.65,175.74,1,S,5,N
11,25.65,176.04,1,S,5,N
13,33.09,176.34,1,S,5,N
91,32.61,179.26,1,W,5,N
92,52.26,179.56,1,W,5,N
98,154.83,183.32,1,W,2,E
99,157.04,183.62,1,W,2,W
157,35.07,192.06,1,E,5,N
184,142.24,200.40,2,W,3,E
16,105.60,201.10,1,S,1,W
259,129.85,216.44,5,W,5,N
260,132.12,216.74,5,W,5,N
261,138.59,217.04,5,W,5,N
262,184.75,217.34,5,W,5,N
263,189.64,217.64,5,W,5,N
264,218.26,224.40,5,W,5,N
265,221.50,227.63,5,W,5,N
315,196.40,230.44,5,E,5,N
183,75.30,250.20,2,W,5,W
215,144.77,250.50,3,W,5,W
231,120.36,250.80,3,E,5,W
232,137.09,251.10,3,E,5,W
158,70.91,256.33,1,E,5,W
15,98.40,256.63,1,S,5,W
17,105.78,266.80,1,S,5,E
197,86.00,272.34,2,E,5,N
198,135.26,272.64,2,E,5,N
93,96.15,279.66,1,W,5,N
94,99.54,279.96,1,W,5,N
95,119.44,280.26,1,W,5,N
96,145.87,280.56,1,W,5,N
97,148.73,280.86,1,W,5,N
100,159.37,283.33,1,W,5,N
24,209.53,301.50,1,S,1,W
25,210.50,301.80,1,S,1,W
29,280.32,315.20,1,S,1,E
266,224.14,316.34,5,W,5,N
267,304.01,316.64,5,W,5,N
268,307.60,316.94,5,W,5,N
316,338.17,344.31,5,E,5,N
159,144.99,350.10,1,E,5,W
233,255.09,350.40,3,E,5,W
234,257.31,350.70,3,E,5,W
18,192.45,355.53,1,S,5,W
20,200.69,356.13,1,S,5,W
22,203.21,356.73,1,S,5,W
23,208.82,368.80,1,S,5,E
185,154.99,372.24,2,W,5,N
199,166.20,372.54,2,E,5,N
200,218.34,372.84,2,E,5,N
186,175.69,373.14,2,W,5,N
235,259.95,373.44,3,E,5,N
216,272.44,373.74,3,W,5,N
217,277.92,374.04,3,W,5,N
102,172.58,374.22,1,W,5,E
19,197.46,374.34,1,S,5,N
21,203.18,374.64,1,S,5,N
103,174.49,380.66,1,W,5,N
104,205.32,380.96,1,W,5,N
106,212.66,381.56,1,W,5,N
114,296.18,384.12,1,W,2,W
33,359.76,401.90,1,S,1,W
34,362.58,402.20,1,S,1,W
269,337.76,416.24,5,W,5,N
270,339.06,416.54,5,W,5,N
271,360.26,416.84,5,W,5,N
272,375.07,417.14,5,W,5,N
273,388.87,417.44,5,W,5,N
274,398.29,417.74,5,W,5,N
275,400.98,418.04,5,W,5,N
276,404.05,418.34,5,W,5,N
277,409.95,418.64,5,W,5,N
116,331.33,420.79,1,W,3,E
278,417.49,423.63,5,W,5,N
101,166.26,450.00,1,W,5,W
105,208.13,450.30,1,W,5,W
107,214.46,450.60,1,W,5,W
108,236.52,450.90,1,W,5,W
239,385.53,451.20,3,E,5,W
164,389.31,451.30,1,E,2,W
187,343.52,455.33,2,W,5,W
28,279.48,456.83,1,S,5,W
189,396.42,463.17,2,W,3,E
201,289.83,472.14,2,E,5,N
236,376.94,472.44,3,E,5,N
237,378.97,472.74,3,E,5,N
238,382.17,473.04,3,E,5,N
218,395.91,473.34,3,W,5,N
160,283.99,473.64,1,E,5,N
161,289.91,473.94,1,E,5,N
26,274.75,474.24,1,S,5,N
27,276.95,474.54,1,S,5,N
109,269.32,480.46,1,W,5,N
110,270.11,480.76,1,W,5,N
111,272.04,481.06,1,W,5,N
112,273.93,481.36,1,W,5,N
113,289.51,481.66,1,W,5,N
117,364.76,488.72,1,W,5,N
120,462.91,489.03,1,W,2,W
40,457.30,502.30,1,S,1,W
54,493.61,507.74,1,S,1,W
41,457.73,516.00,1,S,1,E
279,477.43,516.14,5,W,5,N
280,481.37,516.44,5,W,5,N
281,484.42,516.74,5,W,5,N
282,487.20,517.04,5,W,5,N
283,490.84,517.34,5,W,5,N
284,494.38,517.64,5,W,5,N
285,515.82,521.95,5,W,5,N
286,518.55,524.69,5,W,5,N
121,464.23,526.42,1,W,3,E
317,484.04,530.14,5,E,5,N
318,537.27,543.41,5,E,5,N
115,329.52,549.90,1,W,5,W
46,471.12,553.80,1,S,2,W
165,394.37,556.03,1,E,5,W
30,353.92,556.33,1,S,5,W
32,356.37,556.93,1,S,5,W
58,501.20,557.10,1,S,2,W
35,427.80,559.76,1,S,5,W
36,429.46,561.42,1,S,5,W
202,354.53,572.04,2,E,5,N
188,354.79,572.34,2,W,5,N
219,409.30,572.64,3,W,5,N
240,478.26,572.94,3,E,5,N
203,449.35,573.24,2,E,5,N
162,304.98,573.54,1,E,5,N
163,313.31,573.84,1,E,5,N
31,354.68,574.14,1,S,5,N
118,366.87,580.86,1,W,5,N
119,417.41,581.16,1,W,5,N
125,531.26,584.32,1,W,2,W
59,501.90,602.70,1,S,1,W
61,503.16,603.00,1,S,1,W
69,589.49,603.62,1,S,1,W
52,487.69,604.40,1,S,3,W
74,595.25,609.38,1,S,1,W
64,578.29,615.80,1,S,1,E
287,530.98,616.04,5,W,5,N
288,546.97,616.34,5,W,5,N
289,549.38,616.64,5,W,5,N
290,574.36,616.94,5,W,5,N
291,579.30,617.24,5,W,5,N
292,580.79,617.54,5,W,5,N
293,596.39,617.84,5,W,5,N
72,591.85,617.90,1,S,1,E
294,601.54,618.14,5,W,5,N
241,562.47,649.80,3,E,5,W
204,544.55,655.23,2,E,5,W
38,442.78,656.73,1,S,5,W
39,448.05,657.03,1,S,5,W
44,464.04,657.93,1,S,5,W
48,474.56,658.83,1,S,5,W
49,479.22,659.13,1,S,5,W
53,490.74,660.33,1,S,5,W
60,502.08,661.53,1,S,5,W
190,452.96,671.94,2,W,5,N
220,520.54,672.24,3,W,5,N
191,531.58,672.54,2,W,5,N
166,402.21,672.84,1,E,5,N
167,470.10,673.14,1,E,5,N
168,480.83,673.44,1,E,5,N
37,440.11,673.74,1,S,5,N
42,460.47,674.04,1,S,5,N
43,463.62,674.34,1,S,5,N
45,467.82,674.64,1,S,5,N
47,472.26,674.94,1,S,5,N
50,480.55,675.24,1,S,5,N
51,483.01,675.54,1,S,5,N
55,496.32,675.84,1,S,5,N
56,497.78,676.14,1,S,5,N
57,499.79,676.44,1,S,5,N
62,504.20,676.74,1,S,5,N
122,466.71,681.26,1,W,5,N
124,501.36,681.86,1,W,5,N
126,533.03,682.46,1,W,5,N
127,536.78,682.76,1,W,5,N
128,555.92,683.06,1,W,5,N
77,603.09,703.10,1,S,1,W
80,675.59,703.40,1,S,1,W
81,677.82,703.70,1,S,1,W
295,661.86,715.94,5,W,5,N
296,665.08,716.24,5,W,5,N
297,667.67,716.54,5,W,5,N
298,720.89,727.03,5,W,5,N
299,722.63,728.76,5,W,5,N
319,681.94,729.94,5,E,5,N
320,740.33,746.47,5,E,5,N
123,470.14,749.70,1,W,5,W
243,664.10,750.00,3,E,5,W
193,568.11,754.73,2,W,5,W
169,513.85,755.33,1,E,5,W
170,521.68,755.63,1,E,5,W
70,589.77,757.43,1,S,5,W
71,589.94,769.60,1,S,5,E
205,582.19,771.84,2,E,5,N
192,557.12,772.14,2,W,5,N
221,657.20,772.44,3,W,5,N
242,661.15,772.74,3,E,5,N
244,666.16,773.04,3,E,5,N
245,669.14,773.34,3,E,5,N
222,672.08,773.64,3,W,5,N
206,603.49,773.94,2,E,5,N
63,575.25,774.24,1,S,5,N
65,582.00,774.54,1,S,5,N
66,585.70,774.84,1,S,5,N
67,587.01,775.14,1,S,5,N
68,587.86,775.44,1,S,5,N
73,593.23,776.04,1,S,5,N
75,595.90,776.34,1,S,5,N
76,602.51,776.64,1,S,5,N
78,604.01,776.94,1,S,5,N
133,627.31,782.86,1,W,5,N
141,703.25,786.02,1,W,2,W
145,761.90,788.01,1,W,2,W
176,650.03,801.00,1,E,3,W
83,760.77,803.50,1,S,1,W
300,754.14,815.84,5,W,5,N
301,756.96,816.14,5,W,5,N
302,760.85,816.44,5,W,5,N
303,762.77,816.74,5,W,5,N
304,776.87,817.04,5,W,5,N
305,780.52,817.34,5,W,5,N
306,801.01,817.64,5,W,5,N
307,816.98,823.11,5,W,5,N
321,784.36,829.84,5,E,5,N
322,785.53,830.14,5,E,5,N
129,588.75,849.60,1,W,5,W
130,591.20,849.90,1,W,5,W
131,606.34,850.20,1,W,5,W
132,625.17,850.50,1,W,5,W
134,646.24,850.80,1,W,5,W
246,738.49,851.10,3,E,5,W
177,782.04,851.10,1,E,2,E
84,762.49,851.70,1,S,2,W
207,652.31,854.53,2,E,5,W
173,635.08,855.73,1,E,5,W
79,673.10,856.93,1,S,5,W
175,644.08,867.40,1,E,5,E
223,699.49,871.74,3,W,5,N
224,710.09,872.04,3,W,5,N
208,746.24,872.34,2,E,5,N
171,622.98,872.64,1,E,5,N
172,630.47,872.94,1,E,5,N
174,638.07,873.24,1,E,5,N
82,692.36,873.84,1,S,5,N
144,759.32,878.62,1,W,5,E
135,684.07,882.06,1,W,5,N
137,689.00,882.66,1,W,5,N
140,701.23,883.56,1,W,5,N
143,755.87,884.46,1,W,5,N
146,765.53,889.49,1,W,5,N
90,850.55,903.90,1,S,1,W
308,835.00,915.74,5,W,5,N
309,848.23,916.04,5,W,5,N
310,852.13,916.34,5,W,5,N
311,867.40,916.64,5,W,5,N
312,868.51,916.94,5,W,5,N
313,871.77,917.24,5,W,5,N
87,845.99,917.30,1,S,1,E
323,892.51,929.74,5,E,5,N
136,686.10,949.50,1,W,5,W
138,696.89,949.80,1,W,5,W
139,698.99,950.10,1,W,5,W
142,723.06,950.40,1,W,5,W
181,833.60,951.80,1,E,2,E
209,800.44,954.33,2,E,5,W
196,803.85,967.30,2,W,5,E
225,819.99,971.64,3,W,5,N
247,849.25,971.94,3,E,5,N
226,823.59,972.24,3,W,5,N
227,871.40,972.54,3,W,5,N
194,760.39,972.84,2,W,5,N
195,782.97,973.14,2,W,5,N
178,786.04,973.74,1,E,5,N
147,796.10,976.32,1,W,5,E
148,798.89,982.76,1,W,5,N
149,835.59,983.06,1,W,5,N
150,851.57,1049.40,1,W,5,W
210,886.46,1054.13,2,E,5,W
88,848.69,1055.93,1,S,5,W
179,824.39,1071.54,1,E,5,N
180,830.05,1071.84,1,E,5,N
182,868.60,1072.14,1,E,5,N
85,840.78,1072.44,1,S,5,N
86,845.78,1072.74,1,S,5,N
89,850.09,1073.04,1,S,5,N
151,871.17,1082.86,1,W,5,N
152,887.23,1083.16,1,W,5,N
153,889.36,1083.46,1,W,5,N
154,891.48,1083.76,1,W,5,N
155,895.13,1084.06,1,W,5,N
156,899.11,1084.36,1,W,5,N