id,enter_time,exit_time,entrance_intersection,entrance_direction,exit_intersection,exit_direction
215,5.75,16.64,5,W,5,N
216,8.09,16.94,5,W,5,N
217,10.09,17.24,5,W,5,N
218,12.64,18.77,5,W,5,N
259,33.92,40.06,5,E,5,N
5,76.35,100.70,1,S,1,W
4,14.68,101.50,1,S,3,E
219,33.28,116.54,5,W,5,N
220,117.88,124.02,5,W,5,N
221,120.79,126.93,5,W,5,N
260,69.12,130.54,5,E,5,N
190,94.83,150.46,3,E,5,W
0,3.89,155.93,1,S,5,W
3,12.18,156.83,1,S,5,W
189,2.17,172.44,3,E,5,N
1,7.48,172.74,1,S,5,N
2,8.94,173.04,1,S,5,N
47,2.51,179.26,1,W,5,N
48,13.57,179.56,1,W,5,N
49,17.15,179.86,1,W,5,N
50,34.81,180.16,1,W,5,N
51,35.03,180.46,1,W,5,N
52,54.30,180.76,1,W,5,N
57,117.04,182.12,1,W,2,E
53,58.26,182.22,1,W,5,N
54,61.20,185.16,1,W,5,N
110,21.53,192.06,1,E,5,N
7,159.74,201.10,1,S,1,W
222,152.77,216.44,5,W,5,N
223,155.39,216.74,5,W,5,N
224,157.77,217.04,5,W,5,N
225,158.96,217.34,5,W,5,N
261,161.85,230.44,5,E,5,N
262,172.64,230.74,5,E,5,N
263,192.58,231.04,5,E,5,N
264,200.46,231.34,5,E,5,N
55,63.84,250.20,1,W,5,W
116,168.35,250.50,1,E,2,W
111,31.54,250.50,1,E,5,W
151,52.71,250.80,2,W,5,W
176,101.84,251.10,3,W,5,W
177,142.07,251.40,3,W,5,W
152,128.53,255.73,2,W,5,W
164,130.81,256.03,2,E,5,W
114,87.51,267.40,1,E,5,E
163,58.36,272.34,2,E,5,N
178,188.07,272.64,3,W,5,N
112,51.58,272.94,1,E,5,N
113,76.82,273.24,1,E,5,N
59,122.11,274.42,1,W,5,E
226,246.76,316.34,5,W,5,N
227,249.63,316.64,5,W,5,N
228,304.49,316.94,5,W,5,N
229,312.40,318.53,5,W,5,N
265,301.88,330.34,5,E,5,N
266,343.15,349.29,5,E,5,N
56,67.33,350.10,1,W,5,W
58,119.52,350.40,1,W,5,W
60,160.15,350.70,1,W,5,W
119,234.38,350.90,1,E,2,W
115,147.35,351.00,1,E,5,W
155,192.61,351.30,2,W,5,W
192,205.90,351.60,3,E,5,W
193,207.92,351.90,3,E,5,W
8,222.83,356.13,1,S,5,W
167,308.83,363.07,2,E,3,W
154,180.87,366.70,2,W,5,E
165,226.26,372.24,2,E,5,N
153,169.15,372.54,2,W,5,N
156,218.88,373.14,2,W,5,N
191,203.12,373.44,3,E,5,N
194,289.55,373.74,3,E,5,N
117,174.65,374.04,1,E,5,N
62,191.10,374.22,1,W,5,E
6,156.75,374.34,1,S,5,N
9,224.40,374.64,1,S,5,N
61,178.48,380.06,1,W,5,N
63,210.93,380.66,1,W,5,N
64,239.73,380.96,1,W,5,N
12,323.47,401.90,1,S,1,W
13,325.39,402.20,1,S,1,W
230,340.28,416.24,5,W,5,N
231,344.16,416.54,5,W,5,N
232,403.75,416.84,5,W,5,N
267,358.17,430.24,5,E,5,N
268,409.99,430.54,5,E,5,N
269,426.19,432.33,5,E,5,N
23,419.58,433.71,1,S,1,E
270,429.35,435.48,5,E,5,N
271,429.76,435.89,5,E,5,N
65,243.21,450.00,1,W,5,W
195,319.50,450.30,3,E,5,W
123,378.15,451.30,1,E,2,W
28,437.39,451.53,1,S,1,E
14,325.80,457.75,1,S,5,W
196,351.25,466.60,3,E,5,E
198,367.28,467.20,3,E,5,E
10,319.37,468.70,1,S,5,E
166,280.89,472.14,2,E,5,N
179,301.22,472.44,3,W,5,N
197,364.21,473.04,3,E,5,N
199,370.14,473.64,3,E,5,N
200,372.67,473.94,3,E,5,N
118,229.88,474.24,1,E,5,N
120,236.82,474.54,1,E,5,N
11,321.48,475.14,1,S,5,N
66,273.50,480.46,1,W,5,N
67,275.12,480.76,1,W,5,N
69,319.52,481.36,1,W,5,N
70,324.57,481.66,1,W,5,N
71,328.12,481.96,1,W,5,N
72,356.21,482.26,1,W,5,N
73,397.84,483.02,1,W,2,W
21,412.63,502.20,1,S,3,W
29,451.83,502.30,1,S,1,W
35,467.76,502.60,1,S,1,W
32,458.32,515.70,1,S,1,E
233,464.88,516.14,5,W,5,N
234,465.89,516.44,5,W,5,N
235,469.50,516.74,5,W,5,N
236,477.08,517.04,5,W,5,N
237,479.42,517.34,5,W,5,N
238,482.61,517.64,5,W,5,N
239,485.84,517.94,5,W,5,N
240,510.96,518.24,5,W,5,N
272,456.48,530.14,5,E,5,N
273,484.42,530.44,5,E,5,N
274,494.49,530.74,5,E,5,N
275,538.17,544.31,5,E,5,N
68,318.03,549.90,1,W,5,W
181,468.41,550.20,3,W,5,W
158,436.13,555.13,2,W,5,W
20,400.76,557.53,1,S,5,W
25,428.17,560.13,1,S,5,W
26,431.11,570.10,1,S,5,E
168,404.18,572.04,2,E,5,N
157,415.84,572.34,2,W,5,N
180,409.43,572.64,3,W,5,N
201,484.84,572.94,3,E,5,N
202,488.79,573.24,3,E,5,N
121,302.83,573.54,1,E,5,N
122,356.96,573.84,1,E,5,N
15,392.75,574.14,1,S,5,N
16,396.27,574.44,1,S,5,N
17,398.47,574.74,1,S,5,N
18,399.63,575.04,1,S,5,N
19,400.34,575.34,1,S,5,N
22,418.22,575.64,1,S,5,N
24,425.46,575.94,1,S,5,N
27,433.40,576.54,1,S,5,N
75,431.83,581.46,1,W,5,N
76,445.56,581.76,1,W,5,N
77,461.01,584.97,1,W,5,N
85,513.72,585.22,1,W,2,W
78,463.26,587.22,1,W,5,N
128,471.26,600.80,1,E,3,E
36,512.66,602.70,1,S,1,W
241,596.53,616.04,5,W,5,N
242,601.54,616.34,5,W,5,N
276,641.21,647.34,5,E,5,N
74,428.84,649.80,1,W,5,W
169,490.63,650.10,2,E,5,W
170,511.30,650.40,2,E,5,W
160,539.78,654.93,2,W,5,W
124,411.59,655.23,1,E,5,W
127,454.04,656.13,1,E,5,W
126,448.33,667.00,1,E,5,E
31,457.93,668.20,1,S,5,E
159,512.14,671.94,2,W,5,N
182,501.00,672.24,3,W,5,N
203,588.30,672.54,3,E,5,N
125,411.64,672.84,1,E,5,N
129,476.84,673.44,1,E,5,N
130,478.10,673.74,1,E,5,N
30,454.63,674.04,1,S,5,N
33,461.54,674.64,1,S,5,N
34,463.54,674.94,1,S,5,N
82,496.32,676.02,1,W,5,E
80,492.96,681.56,1,W,5,N
81,493.62,681.86,1,W,5,N
83,500.59,682.46,1,W,5,N
86,547.81,683.36,1,W,5,N
87,551.62,683.66,1,W,5,N
134,562.15,700.00,1,E,3,W
135,567.64,700.30,1,E,3,W
38,674.07,703.10,1,S,1,W
39,677.95,703.40,1,S,1,W
40,684.67,703.70,1,S,1,W
243,674.38,715.94,5,W,5,N
244,693.41,716.24,5,W,5,N
245,696.25,716.54,5,W,5,N
246,713.45,719.58,5,W,5,N
247,713.50,719.64,5,W,5,N
91,610.75,720.49,1,W,3,E
248,714.51,720.65,5,W,5,N
249,718.31,724.45,5,W,5,N
250,718.86,725.00,5,W,5,N
251,718.90,725.04,5,W,5,N
252,721.19,727.33,5,W,5,N
277,743.28,749.42,5,E,5,N
79,489.47,749.70,1,W,5,W
84,502.95,750.00,1,W,5,W
88,556.66,750.30,1,W,5,W
185,631.09,750.60,3,W,5,W
204,674.43,750.90,3,E,5,W
131,531.34,754.73,1,E,5,W
136,598.09,756.23,1,E,5,W
205,677.15,766.60,3,E,5,E
132,549.28,766.90,1,E,5,E
171,591.56,771.84,2,E,5,N
183,611.50,772.14,3,W,5,N
184,617.94,772.44,3,W,5,N
133,551.67,773.34,1,E,5,N
37,596.89,773.64,1,S,5,N
89,592.70,781.66,1,W,5,N
92,624.35,782.56,1,W,5,N
173,722.03,799.50,2,E,3,W
253,723.59,815.84,5,W,5,N
254,726.19,816.14,5,W,5,N
255,729.57,816.44,5,W,5,N
256,731.80,816.74,5,W,5,N
95,673.63,820.59,1,W,3,W
257,815.26,821.40,5,W,5,N
258,818.43,824.57,5,W,5,N
278,754.11,829.84,5,E,5,N
279,812.82,830.14,5,E,5,N
280,823.85,830.44,5,E,5,N
281,831.30,837.44,5,E,5,N
282,840.40,846.53,5,E,5,N
90,596.69,849.60,1,W,5,W
283,843.56,849.69,5,E,5,N
93,650.59,849.90,1,W,5,W
186,750.50,850.20,3,W,5,W
207,761.81,850.50,3,E,5,W
145,755.32,851.70,1,E,2,W
210,796.29,851.92,3,E,5,W
41,764.56,852.00,1,S,2,W
161,719.82,854.83,2,W,5,W
137,605.80,855.43,1,E,5,W
139,682.94,856.03,1,E,5,W
141,689.29,856.63,1,E,5,W
140,684.96,867.40,1,E,5,E
206,742.65,871.74,3,E,5,N
187,766.60,872.04,3,W,5,N
208,778.50,872.34,3,E,5,N
209,793.16,872.64,3,E,5,N
172,665.88,872.94,2,E,5,N
138,615.46,873.24,1,E,5,N
46,833.09,873.35,1,S,2,W
142,690.48,873.84,1,E,5,N
96,717.75,882.66,1,W,5,N
97,769.22,884.62,1,W,2,W
100,805.94,885.52,1,W,2,E
42,765.07,900.20,1,S,3,E
284,892.15,929.74,5,E,5,N
94,669.92,949.50,1,W,5,W
212,883.22,949.80,3,E,5,W
214,888.58,950.10,3,E,5,W
43,768.36,956.13,1,S,5,W
211,879.23,971.64,3,E,5,N
213,885.79,971.94,3,E,5,N
188,894.62,972.24,3,W,5,N
174,790.75,972.54,2,E,5,N
162,787.22,972.84,2,W,5,N
175,845.02,973.14,2,E,5,N
143,718.96,973.44,1,E,5,N
144,749.01,973.74,1,E,5,N
44,771.83,974.04,1,S,5,N
45,772.27,974.34,1,S,5,N
104,851.74,978.42,1,W,5,E
98,772.47,982.76,1,W,5,N
102,840.66,983.96,1,W,5,N
103,847.58,984.26,1,W,5,N
105,851.86,984.86,1,W,5,N
146,837.16,998.50,1,E,3,E
99,775.21,1049.40,1,W,5,W
101,808.08,1049.70,1,W,5,W
147,857.09,1054.43,1,E,5,W
148,858.38,1071.54,1,E,5,N
149,889.75,1071.84,1,E,5,N
150,895.88,1072.14,1,E,5,N
106,881.16,1082.86,1,W,5,N
108,886.00,1083.46,1,W,5,N
109,888.50,1083.76,1,W,5,N
107,884.70,1149.30,1,W,5,W