id,enter_time,exit_time,entrance_intersection,entrance_direction,exit_intersection,exit_direction
6,12.76,26.90,1,S,1,E
270,24.83,66.44,5,W,5,N
271,28.13,66.74,5,W,5,N
272,30.39,67.04,5,W,5,N
273,31.01,67.34,5,W,5,N
274,36.76,67.64,5,W,5,N
275,40.20,67.94,5,W,5,N
9,19.74,100.70,1,S,1,W
2,4.44,100.70,1,S,3,W
21,70.01,101.00,1,S,1,W
28,105.07,119.21,1,S,1,E
247,34.21,126.93,3,E,5,E
241,14.09,131.27,3,E,5,N
227,39.41,131.27,3,W,5,N
242,17.88,131.57,3,E,5,N
228,42.98,131.57,3,W,5,N
243,21.19,131.87,3,E,5,N
229,51.11,131.87,3,W,5,N
245,28.59,132.47,3,E,5,N
246,31.48,132.77,3,E,5,N
248,36.81,133.37,3,E,5,N
249,40.02,133.67,3,E,5,N
99,21.64,139.77,1,W,3,E
18,52.75,140.82,1,S,2,W
27,102.43,143.22,1,S,2,W
276,123.50,166.34,5,W,5,N
277,172.20,178.33,5,W,5,N
336,99.96,180.34,5,E,5,N
337,152.26,180.64,5,E,5,N
338,163.00,180.94,5,E,5,N
244,25.13,200.10,3,E,5,W
193,74.25,200.40,2,W,5,W
4,6.94,200.70,1,S,5,W
5,9.21,201.00,1,S,5,W
30,108.74,201.10,1,S,1,W
8,16.80,201.30,1,S,5,W
40,129.47,201.40,1,S,1,W
33,113.08,201.40,1,S,2,E
10,22.08,201.60,1,S,5,W
50,171.11,201.70,1,S,1,W
100,45.96,201.90,1,W,5,W
107,157.13,205.60,1,W,2,W
195,105.40,212.67,2,W,3,W
0,1.68,222.24,1,S,5,N
1,3.77,222.54,1,S,5,N
215,60.77,222.84,2,E,5,N
194,82.45,223.14,2,W,5,N
3,4.81,223.44,1,S,5,N
7,16.17,223.74,1,S,5,N
11,24.30,224.04,1,S,5,N
12,27.87,224.34,1,S,5,N
13,34.85,224.64,1,S,5,N
97,13.44,224.94,1,W,5,N
98,17.87,225.24,1,W,5,N
101,49.60,225.54,1,W,5,N
158,10.52,225.84,1,E,5,N
159,31.50,226.14,1,E,5,N
160,69.67,226.44,1,E,5,N
161,73.05,226.74,1,E,5,N
250,125.76,231.07,3,E,5,N
251,129.42,231.37,3,E,5,N
252,163.95,231.67,3,E,5,N
43,138.47,240.02,1,S,2,W
102,68.13,240.17,1,W,3,E
278,192.37,266.24,5,W,5,N
279,196.13,266.54,5,W,5,N
280,247.10,266.84,5,W,5,N
281,250.95,267.14,5,W,5,N
282,254.51,267.44,5,W,5,N
339,220.52,280.24,5,E,5,N
340,226.32,280.54,5,E,5,N
341,229.68,280.84,5,E,5,N
342,232.37,281.14,5,E,5,N
230,109.11,300.00,3,W,5,W
253,166.96,300.30,3,E,5,W
254,181.27,300.60,3,E,5,W
14,38.44,300.90,1,S,5,W
15,42.34,301.20,1,S,5,W
20,68.06,301.50,1,S,5,W
22,74.54,301.80,1,S,5,W
23,82.26,302.10,1,S,5,W
25,89.15,302.40,1,S,5,W
216,141.62,302.70,2,E,5,W
196,128.04,303.00,2,W,5,W
197,132.31,303.30,2,W,5,W
32,110.22,303.60,1,S,5,W
34,114.51,303.90,1,S,5,W
36,121.74,304.20,1,S,5,W
41,132.01,304.50,1,S,5,W
42,135.47,304.80,1,S,5,W
163,127.80,305.10,1,E,5,W
202,252.78,313.37,2,W,3,W
16,46.14,316.00,1,S,5,E
35,116.28,318.70,1,S,5,E
218,283.38,319.45,2,E,3,W
104,73.13,320.20,1,W,5,E
17,49.92,322.44,1,S,5,N
19,64.67,322.74,1,S,5,N
24,83.52,323.04,1,S,5,N
26,100.16,323.34,1,S,5,N
198,153.88,323.64,2,W,5,N
199,182.18,323.94,2,W,5,N
29,107.26,324.24,1,S,5,N
31,109.96,324.54,1,S,5,N
37,124.73,325.14,1,S,5,N
38,125.44,325.44,1,S,5,N
39,127.32,325.74,1,S,5,N
103,70.27,326.04,1,W,5,N
105,76.14,326.64,1,W,5,N
106,120.09,326.94,1,W,5,N
162,116.20,327.24,1,E,5,N
231,233.66,330.87,3,W,5,N
232,254.25,331.17,3,W,5,N
255,277.78,339.55,3,E,5,N
256,280.53,342.30,3,E,5,N
56,334.54,348.68,1,S,1,E
257,294.54,356.31,3,E,5,N
283,275.27,366.14,5,W,5,N
284,278.77,366.44,5,W,5,N
285,281.80,366.74,5,W,5,N
286,283.96,367.04,5,W,5,N
287,289.61,367.34,5,W,5,N
288,297.44,367.64,5,W,5,N
289,300.69,367.94,5,W,5,N
290,305.24,368.24,5,W,5,N
291,307.82,368.54,5,W,5,N
292,308.48,368.84,5,W,5,N
293,311.18,369.14,5,W,5,N
294,332.75,369.44,5,W,5,N
295,345.15,369.74,5,W,5,N
296,348.26,370.04,5,W,5,N
297,364.52,370.66,5,W,5,N
298,364.75,370.89,5,W,5,N
343,341.40,380.14,5,E,5,N
344,350.26,380.44,5,E,5,N
47,154.50,399.90,1,S,5,W
48,157.06,400.20,1,S,5,W
111,181.54,400.50,1,W,5,W
114,230.05,400.80,1,W,5,W
116,250.20,401.10,1,W,5,W
57,337.30,401.30,1,S,2,W
166,233.35,401.40,1,E,5,W
168,271.95,401.70,1,E,5,W
55,330.90,401.90,1,S,1,W
60,346.83,402.20,1,S,1,W
201,226.91,418.00,2,W,5,E
109,175.19,418.90,1,W,5,E
44,140.95,422.04,1,S,5,N
45,149.33,422.34,1,S,5,N
46,150.65,422.64,1,S,5,N
49,159.23,422.94,1,S,5,N
51,172.66,423.24,1,S,5,N
200,205.11,423.54,2,W,5,N
217,200.32,423.84,2,E,5,N
203,281.19,424.44,2,W,5,N
108,171.44,424.74,1,W,5,N
110,178.83,425.34,1,W,5,N
112,200.34,425.64,1,W,5,N
113,229.50,425.94,1,W,5,N
115,233.35,426.24,1,W,5,N
164,205.43,426.54,1,E,5,N
165,228.43,426.84,1,E,5,N
167,260.09,427.14,1,E,5,N
233,302.86,430.67,3,W,5,N
234,347.13,430.97,3,W,5,N
259,336.43,430.97,3,E,5,N
54,330.35,437.07,1,S,3,E
119,298.38,438.27,1,W,3,W
299,395.18,466.04,5,W,5,N
300,398.41,466.34,5,W,5,N
301,471.07,477.21,5,W,5,N
302,471.26,477.39,5,W,5,N
345,445.82,480.04,5,E,5,N
258,333.14,499.80,3,E,5,W
260,368.97,500.10,3,E,5,W
261,386.15,500.40,3,E,5,W
52,241.98,500.70,1,S,5,W
120,347.66,501.00,1,W,5,W
62,418.81,502.30,1,S,1,W
118,284.34,516.70,1,W,5,E
169,328.87,517.30,1,E,5,E
219,374.86,521.94,2,E,5,N
53,325.39,522.24,1,S,5,N
117,281.37,522.54,1,W,5,N
121,349.20,523.14,1,W,5,N
170,339.00,523.74,1,E,5,N
77,513.40,527.53,1,S,1,E
235,454.71,530.47,3,W,5,N
61,416.41,536.87,1,S,3,E
126,404.50,538.67,1,W,3,W
263,483.46,545.23,3,E,5,N
303,533.49,565.94,5,W,5,N
304,537.33,566.24,5,W,5,N
305,537.34,566.54,5,W,5,N
306,557.01,566.84,5,W,5,N
307,560.93,567.07,5,W,5,N
346,589.32,595.45,5,E,5,N
171,394.98,599.70,1,E,5,W
262,480.63,600.00,3,E,5,W
221,497.19,600.30,2,E,5,W
124,387.39,600.60,1,W,5,W
125,402.12,600.90,1,W,5,W
172,438.41,601.20,1,E,5,W
173,458.54,601.50,1,E,5,W
71,502.81,602.70,1,S,1,W
76,511.06,603.00,1,S,1,W
58,339.11,621.84,1,S,5,N
59,343.70,622.14,1,S,5,N
220,461.69,622.44,2,E,5,N
204,467.07,622.74,2,W,5,N
205,496.91,623.04,2,W,5,N
63,420.18,623.34,1,S,5,N
122,381.95,623.64,1,W,5,N
123,385.01,623.94,1,W,5,N
127,405.95,624.24,1,W,5,N
128,416.72,624.54,1,W,5,N
129,419.91,624.84,1,W,5,N
130,464.92,625.14,1,W,5,N
131,465.35,625.44,1,W,5,N
174,481.45,625.74,1,E,5,N
132,484.80,637.87,1,W,3,E
264,583.44,645.21,3,E,5,N
236,587.85,649.62,3,W,5,N
308,586.76,665.84,5,W,5,N
309,590.65,666.14,5,W,5,N
310,590.70,666.44,5,W,5,N
311,590.90,666.74,5,W,5,N
312,593.48,667.04,5,W,5,N
313,598.48,667.34,5,W,5,N
314,601.65,667.64,5,W,5,N
315,605.07,667.94,5,W,5,N
316,608.78,668.24,5,W,5,N
317,626.18,668.54,5,W,5,N
318,629.81,668.84,5,W,5,N
319,656.60,669.14,5,W,5,N
320,659.28,669.44,5,W,5,N
321,662.38,669.74,5,W,5,N
347,680.13,686.27,5,E,5,N
348,685.91,692.05,5,E,5,N
349,690.31,696.44,5,E,5,N
69,499.30,699.60,1,S,5,W
70,501.42,699.90,1,S,5,W
72,503.33,700.20,1,S,5,W
222,576.97,700.50,2,E,5,W
206,553.16,700.80,2,W,5,W
78,517.20,701.10,1,S,5,W
133,490.80,701.40,1,W,5,W
177,584.87,702.69,1,E,5,W
66,491.72,716.20,1,S,5,E
64,488.37,721.74,1,S,5,N
65,490.44,722.04,1,S,5,N
67,495.63,722.64,1,S,5,N
68,498.25,722.94,1,S,5,N
73,504.72,723.24,1,S,5,N
74,506.83,723.54,1,S,5,N
75,509.38,723.84,1,S,5,N
134,534.69,724.14,1,W,5,N
175,502.26,724.44,1,E,5,N
176,507.05,724.74,1,E,5,N
237,631.83,730.07,3,W,5,N
265,613.98,730.07,3,E,5,N
137,586.47,737.67,1,W,3,E
138,587.35,737.97,1,W,3,E
180,683.38,745.57,1,E,3,W
322,695.49,765.74,5,W,5,N
323,712.72,766.04,5,W,5,N
324,718.27,766.34,5,W,5,N
350,775.36,781.50,5,E,5,N
351,779.04,785.17,5,E,5,N
266,645.72,799.50,3,E,5,W
80,594.19,799.80,1,S,5,W
223,632.77,800.10,2,E,5,W
135,582.31,800.40,1,W,5,W
139,587.81,800.70,1,W,5,W
140,591.42,801.00,1,W,5,W
143,632.52,801.30,1,W,5,W
145,657.12,801.60,1,W,5,W
146,659.87,801.90,1,W,5,W
178,640.07,802.20,1,E,5,W
179,679.25,802.50,1,E,5,W
85,729.54,803.50,1,S,1,W
208,670.47,816.70,2,W,5,E
141,591.42,817.60,1,W,5,E
79,593.24,821.64,1,S,5,N
81,598.67,821.94,1,S,5,N
82,598.87,822.24,1,S,5,N
207,611.61,822.54,2,W,5,N
224,684.01,823.14,2,E,5,N
136,586.29,823.44,1,W,5,N
142,629.78,824.04,1,W,5,N
144,651.56,824.34,1,W,5,N
238,736.28,829.87,3,W,5,N
267,745.12,829.87,3,E,5,N
185,784.83,847.02,1,E,3,W
239,795.96,857.73,3,W,5,N
325,785.49,865.64,5,W,5,N
326,787.28,865.94,5,W,5,N
327,793.12,866.24,5,W,5,N
328,834.55,866.54,5,W,5,N
329,837.24,866.84,5,W,5,N
330,838.48,867.14,5,W,5,N
331,840.68,867.44,5,W,5,N
332,843.69,867.74,5,W,5,N
333,843.91,868.04,5,W,5,N
334,846.46,868.34,5,W,5,N
335,861.61,868.64,5,W,5,N
352,811.95,879.64,5,E,5,N
353,823.64,879.94,5,E,5,N
210,770.02,899.40,2,W,5,W
211,781.27,899.70,2,W,5,W
86,733.33,900.00,1,S,5,W
88,738.50,900.30,1,S,5,W
150,731.17,900.60,1,W,5,W
89,817.83,901.20,1,S,2,E
90,820.23,903.90,1,S,1,W
225,763.47,916.00,2,E,5,E
94,843.83,917.00,1,S,1,E
183,748.36,918.40,1,E,5,E
83,659.52,921.54,1,S,5,N
84,662.03,921.84,1,S,5,N
209,746.70,922.44,2,W,5,N
87,735.18,922.74,1,S,5,N
147,698.95,923.04,1,W,5,N
148,728.21,923.34,1,W,5,N
149,730.84,923.64,1,W,5,N
181,704.80,923.94,1,E,5,N
182,737.66,924.24,1,E,5,N
184,782.78,924.84,1,E,5,N
269,874.68,936.45,3,E,5,N
152,784.13,938.47,1,W,3,E
188,818.45,940.57,1,E,3,W
240,826.96,999.30,3,W,5,W
268,863.68,999.60,3,E,5,W
212,850.70,999.90,2,W,5,W
226,843.61,1000.20,2,E,5,W
213,859.10,1000.50,2,W,5,W
91,821.79,1000.80,1,S,5,W
92,824.55,1001.10,1,S,5,W
153,787.84,1001.40,1,W,5,W
155,843.67,1001.70,1,W,5,W
186,809.81,1002.00,1,E,5,W
190,846.22,1002.30,1,E,5,W
214,880.54,1021.44,2,W,5,N
151,781.63,1021.74,1,W,5,N
154,824.48,1022.04,1,W,5,N
156,866.99,1022.34,1,W,5,N
187,816.04,1022.64,1,E,5,N
189,818.85,1022.94,1,E,5,N
191,851.47,1023.24,1,E,5,N
192,859.67,1023.54,1,E,5,N
93,840.36,1099.20,1,S,5,W
157,886.34,1099.50,1,W,5,W
95,845.53,1121.34,1,S,5,N
96,845.59,1121.64,1,S,5,N