id,enter_time,exit_time,entrance_intersection,entrance_direction,exit_intersection,exit_direction
270,3.69,16.64,5,W,5,N
271,8.06,16.94,5,W,5,N
272,10.55,17.24,5,W,5,N
273,14.26,20.39,5,W,5,N
274,16.82,22.96,5,W,5,N
7,27.22,41.36,1,S,1,E
118,2.45,81.42,1,W,2,W
1,7.78,100.60,1,S,3,W
2,10.01,100.70,1,S,1,W
4,16.71,101.00,1,S,1,W
5,19.07,101.30,1,S,1,W
12,40.04,101.60,1,S,1,W
21,56.66,101.90,1,S,1,W
16,45.30,114.40,1,S,1,E
275,32.60,116.54,5,W,5,N
276,33.38,116.84,5,W,5,N
277,35.76,117.14,5,W,5,N
278,36.70,117.44,5,W,5,N
279,37.67,117.74,5,W,5,N
280,54.14,118.04,5,W,5,N
281,54.60,118.34,5,W,5,N
282,56.65,118.64,5,W,5,N
283,60.53,118.94,5,W,5,N
284,62.92,119.24,5,W,5,N
285,65.58,119.54,5,W,5,N
286,67.93,119.84,5,W,5,N
287,93.34,120.14,5,W,5,N
288,122.38,128.52,5,W,5,N
346,108.00,130.54,5,E,5,N
347,109.61,130.84,5,E,5,N
348,112.75,131.14,5,E,5,N
349,125.58,131.72,5,E,5,N
248,81.86,150.30,3,E,5,W
230,86.02,150.60,3,W,5,W
15,43.92,151.30,1,S,2,W
8,27.76,159.72,1,S,5,W
9,28.01,159.96,1,S,5,W
229,45.67,166.30,3,W,5,E
6,25.09,167.80,1,S,5,E
247,79.42,172.74,3,E,5,N
231,94.82,173.04,3,W,5,N
0,7.25,173.34,1,S,5,N
3,13.39,173.64,1,S,5,N
10,32.40,174.24,1,S,5,N
119,6.24,179.56,1,W,5,N
121,43.01,180.16,1,W,5,N
14,43.16,201.00,1,S,3,W
22,142.91,201.10,1,S,1,W
23,151.55,201.40,1,S,1,W
289,125.20,216.44,5,W,5,N
290,139.80,216.74,5,W,5,N
291,154.30,217.04,5,W,5,N
292,184.97,217.34,5,W,5,N
293,189.87,217.64,5,W,5,N
294,206.16,217.94,5,W,5,N
295,207.10,218.24,5,W,5,N
296,211.91,218.54,5,W,5,N
297,212.13,218.84,5,W,5,N
298,214.83,220.97,5,W,5,N
299,220.74,226.88,5,W,5,N
177,101.08,230.69,1,E,3,E
350,229.17,235.30,5,E,5,N
351,242.55,248.69,5,E,5,N
11,36.15,250.20,1,S,5,W
120,39.84,250.50,1,W,5,W
218,114.95,250.80,2,E,5,W
232,141.57,251.10,3,W,5,W
250,113.40,251.40,3,E,5,W
234,151.14,251.70,3,W,5,W
235,159.22,252.00,3,W,5,W
28,160.64,253.50,1,S,2,W
205,130.53,255.73,2,W,5,W
176,96.14,256.03,1,E,5,W
249,111.36,266.80,3,E,5,E
217,72.26,272.34,2,E,5,N
204,71.50,272.64,2,W,5,N
233,150.02,273.24,3,W,5,N
251,128.32,273.54,3,E,5,N
13,41.35,273.84,1,S,5,N
17,46.76,274.14,1,S,5,N
18,48.08,274.44,1,S,5,N
19,54.77,274.74,1,S,5,N
20,56.33,275.04,1,S,5,N
122,73.04,279.66,1,W,5,N
124,116.99,280.26,1,W,5,N
125,123.22,280.56,1,W,5,N
126,126.83,280.86,1,W,5,N
127,129.26,281.16,1,W,5,N
134,232.25,283.72,1,W,2,W
35,276.27,301.50,1,S,1,W
33,269.92,315.50,1,S,1,E
300,223.66,316.34,5,W,5,N
301,224.38,316.64,5,W,5,N
302,288.25,316.94,5,W,5,N
303,292.32,317.24,5,W,5,N
304,294.88,317.54,5,W,5,N
305,295.46,317.84,5,W,5,N
306,297.62,318.14,5,W,5,N
307,299.71,318.44,5,W,5,N
308,305.31,318.74,5,W,5,N
309,308.72,319.04,5,W,5,N
132,213.43,319.19,1,W,3,E
310,311.21,319.34,5,W,5,N
311,317.76,323.90,5,W,5,N
352,254.16,330.34,5,E,5,N
353,264.89,330.64,5,E,5,N
354,268.57,330.94,5,E,5,N
123,75.08,350.10,1,W,5,W
128,131.42,350.40,1,W,5,W
206,202.44,350.70,2,W,5,W
180,137.00,356.13,1,E,5,W
183,192.11,357.03,1,E,5,W
25,156.25,357.63,1,S,5,W
219,160.52,366.10,2,E,5,E
236,265.09,372.54,3,W,5,N
252,201.43,372.84,3,E,5,N
237,295.85,373.14,3,W,5,N
178,104.49,373.44,1,E,5,N
179,132.92,373.74,1,E,5,N
181,155.38,374.04,1,E,5,N
182,187.29,374.34,1,E,5,N
131,181.30,374.52,1,W,5,E
24,155.31,374.64,1,S,5,N
26,157.16,374.94,1,S,5,N
27,160.47,375.24,1,S,5,N
136,240.18,376.02,1,W,5,E
129,170.07,380.06,1,W,5,N
130,173.55,380.36,1,W,5,N
133,215.90,381.26,1,W,5,N
142,325.46,383.82,1,W,2,W
146,358.71,384.83,1,W,2,W
44,302.21,401.90,1,S,1,W
32,264.09,402.10,1,S,3,W
45,304.08,402.20,1,S,1,W
46,349.12,402.50,1,S,1,W
55,385.20,402.80,1,S,1,W
56,385.38,403.10,1,S,1,W
52,372.36,416.20,1,S,1,E
312,377.95,416.24,5,W,5,N
355,403.66,430.24,5,E,5,N
356,405.11,430.54,5,E,5,N
135,236.54,450.00,1,W,5,W
137,247.63,450.30,1,W,5,W
220,250.34,450.60,2,E,5,W
254,373.94,450.90,3,E,5,W
221,349.68,455.63,2,E,5,W
185,242.14,456.23,1,E,5,W
38,283.48,458.93,1,S,5,W
39,285.86,459.23,1,S,5,W
40,289.25,469.60,1,S,5,E
207,273.79,472.14,2,W,5,N
208,298.40,472.44,2,W,5,N
253,304.25,472.74,3,E,5,N
209,344.75,473.04,2,W,5,N
184,222.41,473.34,1,E,5,N
186,246.72,473.64,1,E,5,N
29,251.43,473.94,1,S,5,N
30,254.94,474.24,1,S,5,N
31,260.94,474.54,1,S,5,N
34,271.99,474.84,1,S,5,N
36,279.59,475.14,1,S,5,N
141,297.87,475.22,1,W,5,E
37,280.93,475.44,1,S,5,N
41,289.50,476.04,1,S,5,N
42,294.75,476.34,1,S,5,N
43,298.23,476.64,1,S,5,N
139,274.18,480.76,1,W,5,N
143,331.33,481.96,1,W,5,N
144,337.81,482.26,1,W,5,N
147,360.74,484.70,1,W,5,N
148,363.17,487.13,1,W,5,N
61,406.39,503.40,1,S,3,W
313,436.93,516.14,5,W,5,N
314,439.54,516.44,5,W,5,N
315,442.49,516.74,5,W,5,N
316,445.33,517.04,5,W,5,N
317,449.11,517.34,5,W,5,N
318,450.32,517.64,5,W,5,N
319,468.27,517.94,5,W,5,N
320,470.67,518.24,5,W,5,N
321,478.86,518.54,5,W,5,N
322,498.97,518.84,5,W,5,N
323,520.46,526.59,5,W,5,N
357,486.26,530.14,5,E,5,N
358,487.31,530.44,5,E,5,N
359,501.32,530.74,5,E,5,N
360,532.29,538.43,5,E,5,N
361,532.95,539.09,5,E,5,N
138,270.45,549.90,1,W,5,W
140,295.23,550.20,1,W,5,W
145,340.08,550.50,1,W,5,W
238,409.43,550.80,3,W,5,W
257,426.72,551.10,3,E,5,W
54,377.98,557.53,1,S,5,W
57,396.57,557.83,1,S,5,W
58,399.71,558.13,1,S,5,W
59,401.27,558.43,1,S,5,W
210,419.16,572.04,2,W,5,N
211,423.38,572.34,2,W,5,N
255,401.18,572.64,3,E,5,N
256,403.30,572.94,3,E,5,N
258,446.62,573.24,3,E,5,N
259,479.90,573.54,3,E,5,N
222,430.05,573.84,2,E,5,N
187,342.50,574.14,1,E,5,N
47,351.85,574.44,1,S,5,N
48,355.16,574.74,1,S,5,N
49,357.78,575.04,1,S,5,N
50,359.05,575.34,1,S,5,N
51,369.96,575.64,1,S,5,N
53,375.02,575.94,1,S,5,N
60,404.69,576.24,1,S,5,N
149,367.01,580.86,1,W,5,N
150,368.37,581.16,1,W,5,N
151,372.08,581.46,1,W,5,N
152,420.61,581.76,1,W,5,N
153,442.02,582.06,1,W,5,N
154,444.67,582.36,1,W,5,N
70,556.71,602.70,1,S,1,W
74,567.93,603.00,1,S,1,W
77,575.65,603.30,1,S,1,W
80,583.73,603.60,1,S,1,W
324,539.55,616.04,5,W,5,N
325,542.84,616.34,5,W,5,N
68,552.70,616.40,1,S,1,E
326,545.45,616.64,5,W,5,N
327,549.24,616.94,5,W,5,N
328,552.59,617.24,5,W,5,N
329,556.81,617.54,5,W,5,N
330,587.42,617.84,5,W,5,N
331,604.55,618.14,5,W,5,N
332,607.54,618.44,5,W,5,N
155,489.86,619.49,1,W,3,W
159,552.68,620.69,1,W,3,W
362,623.64,629.78,5,E,5,N
223,514.41,649.80,2,E,5,W
212,491.85,650.10,2,W,5,W
62,466.74,655.53,1,S,5,W
260,515.19,671.94,3,E,5,N
239,543.98,672.24,3,W,5,N
240,597.42,672.54,3,W,5,N
188,427.41,672.84,1,E,5,N
189,465.83,673.14,1,E,5,N
63,535.73,673.82,1,S,5,N
156,490.48,681.56,1,W,5,N
160,565.47,689.43,1,W,5,N
214,627.98,699.10,2,W,3,E
190,560.86,699.40,1,E,3,W
78,576.71,703.00,1,S,3,E
83,671.93,703.10,1,S,1,W
333,664.91,715.94,5,W,5,N
334,665.59,716.24,5,W,5,N
84,675.74,716.50,1,S,1,E
335,669.80,716.54,5,W,5,N
336,691.76,716.84,5,W,5,N
363,678.69,729.94,5,E,5,N
64,538.71,749.70,1,S,5,W
157,497.46,750.00,1,W,5,W
158,501.19,750.30,1,W,5,W
224,599.74,750.60,2,E,5,W
213,553.08,750.90,2,W,5,W
242,627.01,751.20,3,W,5,W
263,661.12,751.50,3,E,5,W
191,578.18,755.33,1,E,5,W
192,598.83,755.63,1,E,5,W
65,540.96,755.93,1,S,5,W
71,559.01,757.13,1,S,5,W
261,623.62,771.84,3,E,5,N
241,615.64,772.14,3,W,5,N
262,627.53,772.44,3,E,5,N
243,643.27,772.74,3,W,5,N
264,677.18,773.04,3,E,5,N
66,542.92,773.34,1,S,5,N
67,544.71,773.64,1,S,5,N
69,555.86,773.94,1,S,5,N
72,563.60,774.24,1,S,5,N
73,564.05,774.54,1,S,5,N
75,569.60,774.84,1,S,5,N
76,571.65,775.14,1,S,5,N
79,580.13,775.44,1,S,5,N
161,568.98,775.52,1,W,5,E
165,636.96,776.72,1,W,5,E
90,738.24,778.49,1,S,2,W
163,620.90,782.26,1,W,5,N
81,664.18,800.40,1,S,3,E
337,776.30,815.84,5,W,5,N
338,779.61,816.14,5,W,5,N
339,781.65,816.44,5,W,5,N
340,787.07,816.74,5,W,5,N
341,787.84,817.04,5,W,5,N
342,792.30,817.34,5,W,5,N
343,794.55,817.64,5,W,5,N
344,798.79,817.94,5,W,5,N
364,760.56,829.84,5,E,5,N
92,832.71,846.84,1,S,1,E
93,835.14,849.28,1,S,1,E
162,569.19,849.60,1,W,5,W
164,634.89,849.90,1,W,5,W
266,783.09,850.20,3,E,5,W
365,844.43,850.56,5,E,5,N
193,615.61,855.43,1,E,5,W
85,677.76,856.63,1,S,5,W
215,651.58,866.20,2,W,5,E
82,665.31,867.40,1,S,5,E
87,682.68,868.00,1,S,5,E
265,763.91,871.74,3,E,5,N
244,777.98,872.04,3,W,5,N
225,673.21,872.64,2,E,5,N
226,706.81,872.94,2,E,5,N
194,625.80,873.24,1,E,5,N
86,679.43,873.84,1,S,5,N
88,734.05,874.44,1,S,5,N
89,738.09,876.19,1,S,5,N
166,679.58,882.06,1,W,5,N
168,727.25,882.66,1,W,5,N
169,760.57,884.53,1,W,5,N
171,805.49,884.92,1,W,2,E
94,838.01,903.90,1,S,1,W
99,846.27,904.20,1,S,1,W
103,860.33,904.50,1,S,1,W
104,863.43,904.80,1,S,1,W
110,873.24,905.10,1,S,1,W
111,876.22,905.40,1,S,1,W
117,896.71,910.85,1,S,1,W
345,892.74,915.74,5,W,5,N
167,687.53,949.50,1,W,5,W
267,816.02,949.80,3,E,5,W
268,852.29,950.10,3,E,5,W
98,846.05,952.40,1,S,2,E
106,867.42,953.90,1,S,2,W
216,826.98,954.33,2,W,5,W
195,708.14,955.23,1,E,5,W
115,894.47,956.00,1,S,2,W
198,757.91,956.13,1,E,5,W
196,710.25,966.70,1,E,5,E
200,791.46,967.60,1,E,5,E
91,830.51,967.90,1,S,5,E
269,864.58,971.64,3,E,5,N
245,884.70,971.94,3,W,5,N
227,759.70,972.24,2,E,5,N
228,845.62,972.54,2,E,5,N
197,737.48,973.14,1,E,5,N
199,770.50,973.44,1,E,5,N
170,802.68,982.46,1,W,5,N
172,809.46,983.06,1,W,5,N
95,838.58,1049.40,1,S,5,W
96,840.00,1049.70,1,S,5,W
173,823.13,1050.00,1,W,5,W
174,864.11,1050.30,1,W,5,W
175,866.86,1050.60,1,W,5,W
246,899.97,1050.90,3,W,5,W
202,851.14,1054.43,1,E,5,W
203,871.74,1054.73,1,E,5,W
100,850.04,1055.33,1,S,5,W
112,876.77,1057.43,1,S,5,W
114,890.89,1058.03,1,S,5,W
116,894.51,1058.33,1,S,5,W
105,867.13,1066.60,1,S,5,E
201,826.38,1071.54,1,E,5,N
97,842.33,1071.84,1,S,5,N
101,853.84,1072.14,1,S,5,N
102,856.45,1072.44,1,S,5,N
107,869.13,1073.04,1,S,5,N
108,869.98,1073.34,1,S,5,N
109,872.40,1073.64,1,S,5,N
113,879.69,1073.94,1,S,5,N