id,enter_time,exit_time,entrance_intersection,entrance_direction,exit_intersection,exit_direction
243,15.84,21.98,5,W,5,N
244,19.83,25.97,5,W,5,N
306,36.64,42.78,5,E,5,N
0,3.30,100.70,1,S,1,W
10,38.11,101.00,1,S,1,W
16,52.05,101.30,1,S,1,W
21,59.25,101.60,1,S,1,W
30,80.91,101.90,1,S,1,W
20,57.21,115.90,1,S,1,E
245,25.30,116.54,5,W,5,N
246,45.58,116.84,5,W,5,N
247,61.96,117.14,5,W,5,N
248,74.57,117.44,5,W,5,N
249,90.27,117.74,5,W,5,N
250,93.03,118.04,5,W,5,N
29,80.70,118.30,1,S,1,E
251,95.46,118.34,5,W,5,N
252,99.30,118.64,5,W,5,N
253,103.04,118.94,5,W,5,N
307,126.11,132.25,5,E,5,N
308,136.43,142.57,5,E,5,N
211,55.62,150.30,3,W,5,W
227,70.64,150.60,3,E,5,W
15,49.32,153.10,1,S,2,W
309,147.40,153.53,5,E,5,N
212,99.73,155.36,3,W,5,W
3,13.97,156.53,1,S,5,W
5,17.00,157.13,1,S,5,W
4,14.53,167.20,1,S,5,E
210,10.21,172.44,3,W,5,N
1,6.64,172.74,1,S,5,N
2,10.25,173.04,1,S,5,N
6,20.50,173.64,1,S,5,N
7,21.27,173.94,1,S,5,N
8,35.41,174.24,1,S,5,N
89,26.31,179.56,1,W,5,N
90,45.19,179.86,1,W,5,N
93,118.40,182.42,1,W,2,W
155,34.63,192.36,1,E,5,N
22,63.22,203.70,1,S,3,E
27,75.46,205.20,1,S,3,W
254,133.30,216.44,5,W,5,N
255,157.53,216.74,5,W,5,N
256,160.39,217.04,5,W,5,N
257,181.38,217.34,5,W,5,N
258,194.24,217.64,5,W,5,N
259,215.28,221.41,5,W,5,N
260,216.88,223.02,5,W,5,N
261,219.82,225.95,5,W,5,N
310,153.48,230.44,5,E,5,N
311,163.79,230.74,5,E,5,N
9,36.83,250.20,1,S,5,W
88,26.11,250.50,1,W,5,W
154,18.25,250.80,1,E,5,W
198,53.41,251.10,2,E,5,W
199,127.88,251.40,2,E,5,W
213,105.84,251.70,3,W,5,W
228,169.65,252.00,3,E,5,W
34,187.45,252.30,1,S,2,W
215,158.13,252.30,3,W,5,W
229,172.44,252.60,3,E,5,W
36,192.59,252.90,1,S,2,W
158,71.22,256.33,1,E,5,W
12,42.34,257.53,1,S,5,W
14,49.21,258.13,1,S,5,W
25,67.14,260.23,1,S,5,W
190,209.52,262.97,2,W,3,E
214,156.91,266.20,3,W,5,E
156,40.08,272.64,1,E,5,N
157,44.21,272.94,1,E,5,N
159,80.76,273.24,1,E,5,N
160,83.66,273.54,1,E,5,N
11,40.75,273.84,1,S,5,N
13,45.85,274.14,1,S,5,N
17,52.66,274.44,1,S,5,N
18,53.42,274.74,1,S,5,N
19,54.85,275.04,1,S,5,N
23,66.39,275.34,1,S,5,N
24,66.64,275.64,1,S,5,N
26,71.13,275.94,1,S,5,N
28,77.44,276.24,1,S,5,N
91,77.94,279.66,1,W,5,N
94,118.84,280.56,1,W,5,N
95,122.45,280.86,1,W,5,N
97,163.54,287.50,1,W,5,N
161,121.89,292.46,1,E,5,N
33,182.96,301.70,1,S,3,W
35,191.27,302.00,1,S,3,W
39,294.62,308.75,1,S,1,W
38,289.90,314.60,1,S,1,E
262,274.05,316.34,5,W,5,N
263,277.30,316.64,5,W,5,N
264,277.44,316.94,5,W,5,N
265,277.79,317.24,5,W,5,N
266,278.43,317.54,5,W,5,N
267,283.60,317.84,5,W,5,N
268,286.36,318.14,5,W,5,N
98,165.29,318.29,1,W,3,W
269,289.67,318.44,5,W,5,N
270,302.31,318.74,5,W,5,N
312,272.46,330.34,5,E,5,N
313,299.87,330.64,5,E,5,N
92,117.76,350.10,1,W,5,W
96,134.82,350.40,1,W,5,W
230,242.54,350.70,3,E,5,W
191,227.86,355.53,2,W,5,W
162,143.78,355.83,1,E,5,W
31,171.96,356.73,1,S,5,W
200,171.66,372.24,2,E,5,N
189,155.62,372.54,2,W,5,N
231,271.57,372.84,3,E,5,N
216,271.79,373.14,3,W,5,N
163,149.01,373.44,1,E,5,N
164,152.33,373.74,1,E,5,N
32,172.19,374.04,1,S,5,N
99,166.05,380.36,1,W,5,N
100,169.21,380.66,1,W,5,N
101,214.68,380.96,1,W,5,N
103,224.62,381.56,1,W,5,N
104,228.00,381.86,1,W,5,N
105,245.03,382.16,1,W,5,N
109,343.19,383.52,1,W,2,W
167,241.86,400.60,1,E,3,W
43,365.63,401.90,1,S,1,W
47,372.19,416.20,1,S,1,E
271,332.85,416.24,5,W,5,N
272,335.93,416.54,5,W,5,N
273,351.03,416.84,5,W,5,N
274,353.76,417.14,5,W,5,N
275,360.40,417.44,5,W,5,N
276,363.26,417.74,5,W,5,N
277,380.54,418.04,5,W,5,N
278,395.86,418.34,5,W,5,N
110,346.23,419.89,1,W,3,E
102,217.19,450.00,1,W,5,W
45,368.36,452.50,1,S,2,W
314,447.90,454.04,5,E,5,N
165,205.84,455.63,1,E,5,W
166,222.35,455.93,1,E,5,W
192,404.56,462.87,2,W,3,E
201,255.68,466.00,2,E,5,E
169,298.55,468.10,1,E,5,E
37,275.17,468.40,1,S,5,E
232,360.43,472.44,3,E,5,N
233,363.26,472.74,3,E,5,N
234,378.09,473.04,3,E,5,N
235,380.55,473.34,3,E,5,N
202,338.05,473.64,2,E,5,N
168,258.84,473.94,1,E,5,N
106,290.50,474.32,1,W,5,E
40,296.26,474.84,1,S,5,N
107,319.87,480.76,1,W,5,N
108,339.44,481.06,1,W,5,N
113,395.60,483.32,1,W,2,E
46,369.63,501.90,1,S,3,E
48,443.26,502.30,1,S,1,W
51,454.80,502.60,1,S,1,W
50,448.11,515.40,1,S,1,E
279,423.69,516.14,5,W,5,N
280,441.66,516.44,5,W,5,N
281,447.62,516.74,5,W,5,N
282,450.19,517.04,5,W,5,N
283,453.83,517.34,5,W,5,N
284,468.98,517.64,5,W,5,N
285,472.57,517.94,5,W,5,N
286,487.36,518.24,5,W,5,N
287,500.43,518.54,5,W,5,N
315,452.88,530.14,5,E,5,N
111,349.41,549.90,1,W,5,W
236,413.27,550.20,3,E,5,W
217,407.25,550.50,3,W,5,W
170,333.93,555.73,1,E,5,W
41,362.13,556.63,1,S,5,W
44,367.13,557.23,1,S,5,W
193,428.88,572.04,2,W,5,N
203,433.38,572.34,2,E,5,N
171,345.22,572.64,1,E,5,N
172,375.50,572.94,1,E,5,N
42,362.68,573.24,1,S,5,N
112,392.18,580.86,1,W,5,N
115,429.75,581.76,1,W,5,N
116,436.42,582.06,1,W,5,N
119,453.93,582.96,1,W,5,N
56,528.79,602.70,1,S,1,W
288,559.82,616.04,5,W,5,N
289,593.12,616.34,5,W,5,N
290,604.24,616.64,5,W,5,N
123,510.10,620.39,1,W,3,E
126,558.53,621.29,1,W,3,W
291,617.46,623.60,5,W,5,N
316,596.93,630.04,5,E,5,N
317,618.19,630.34,5,E,5,N
114,396.66,649.80,1,W,5,W
117,439.07,650.10,1,W,5,W
118,451.06,650.40,1,W,5,W
174,497.05,655.23,1,E,5,W
54,462.34,656.43,1,S,5,W
204,516.45,671.94,2,E,5,N
194,500.33,672.24,2,W,5,N
237,513.83,672.54,3,E,5,N
218,516.26,672.84,3,W,5,N
238,525.44,673.14,3,E,5,N
173,444.32,673.44,1,E,5,N
49,444.33,673.74,1,S,5,N
52,455.86,674.04,1,S,5,N
53,460.63,674.34,1,S,5,N
55,526.07,674.64,1,S,5,N
120,492.70,681.26,1,W,5,N
122,507.60,681.86,1,W,5,N
125,533.70,682.76,1,W,5,N
127,579.88,683.82,1,W,2,W
175,522.90,699.40,1,E,3,W
63,692.76,706.90,1,S,1,W
64,696.21,710.35,1,S,1,W
66,698.72,712.85,1,S,1,W
292,699.75,715.94,5,W,5,N
133,642.70,721.69,1,W,3,E
293,720.85,726.99,5,W,5,N
318,718.99,729.94,5,E,5,N
121,505.29,749.70,1,W,5,W
124,515.94,750.00,1,W,5,W
239,610.26,750.30,3,E,5,W
179,628.60,751.60,1,E,2,W
206,631.42,754.73,2,E,5,W
57,597.95,755.63,1,S,5,W
219,632.34,766.00,3,W,5,E
205,571.68,771.84,2,E,5,N
220,653.67,772.44,3,W,5,N
221,678.55,772.74,3,W,5,N
176,534.76,773.04,1,E,5,N
58,599.99,773.34,1,S,5,N
59,601.17,773.64,1,S,5,N
128,582.66,781.96,1,W,5,N
129,585.92,782.26,1,W,5,N
131,594.19,782.86,1,W,5,N
132,638.99,783.16,1,W,5,N
69,707.52,802.80,1,S,3,W
71,710.17,803.40,1,S,3,W
294,724.43,815.84,5,W,5,N
295,727.44,816.14,5,W,5,N
296,729.40,816.44,5,W,5,N
297,733.21,816.74,5,W,5,N
298,761.11,817.04,5,W,5,N
299,762.18,817.34,5,W,5,N
300,764.71,817.64,5,W,5,N
301,768.03,817.94,5,W,5,N
302,769.42,818.24,5,W,5,N
135,676.22,820.59,1,W,3,W
139,701.46,821.79,1,W,3,E
319,754.55,829.84,5,E,5,N
320,789.47,830.14,5,E,5,N
321,792.74,830.44,5,E,5,N
82,831.44,845.58,1,S,1,E
130,593.76,849.60,1,W,5,W
240,704.36,849.90,3,E,5,W
180,640.07,855.73,1,E,5,W
72,713.96,859.33,1,S,5,W
73,716.39,859.63,1,S,5,W
74,720.38,859.93,1,S,5,W
75,723.10,860.23,1,S,5,W
78,820.74,860.99,1,S,2,W
241,734.44,865.60,3,E,5,E
177,605.29,866.80,1,E,5,E
60,689.24,868.00,1,S,5,E
65,697.08,868.90,1,S,5,E
81,829.87,870.12,1,S,2,W
222,779.27,872.04,3,W,5,N
195,690.19,872.34,2,W,5,N
207,729.16,872.64,2,E,5,N
178,618.54,873.24,1,E,5,N
181,640.90,873.54,1,E,5,N
182,695.77,873.84,1,E,5,N
61,691.70,874.44,1,S,5,N
62,691.77,874.74,1,S,5,N
67,700.78,875.34,1,S,5,N
68,703.89,875.64,1,S,5,N
70,707.85,875.94,1,S,5,N
142,720.36,878.32,1,W,5,E
134,673.66,882.06,1,W,5,N
136,682.24,882.66,1,W,5,N
137,682.74,882.96,1,W,5,N
138,685.95,883.26,1,W,5,N
140,704.94,883.86,1,W,5,N
141,712.60,884.16,1,W,5,N
143,722.42,884.76,1,W,5,N
145,776.75,884.92,1,W,2,W
147,816.45,885.52,1,W,2,W
76,812.24,903.90,1,S,1,W
303,836.90,915.74,5,W,5,N
304,839.39,916.04,5,W,5,N
305,845.35,916.34,5,W,5,N
187,888.23,952.40,1,E,2,W
80,827.76,959.72,1,S,5,W
242,826.13,971.64,3,E,5,N
223,808.85,971.94,3,W,5,N
224,827.75,972.24,3,W,5,N
225,833.46,972.54,3,W,5,N
226,835.82,972.84,3,W,5,N
208,818.17,973.14,2,E,5,N
77,817.74,973.44,1,S,5,N
79,823.93,973.74,1,S,5,N
144,773.11,982.46,1,W,5,N
146,784.66,983.06,1,W,5,N
152,855.28,984.86,1,W,5,N
184,814.21,999.70,1,E,3,W
87,866.34,1002.10,1,S,3,W
148,818.53,1049.40,1,W,5,W
149,819.10,1049.70,1,W,5,W
150,850.98,1050.00,1,W,5,W
151,853.55,1050.30,1,W,5,W
197,896.17,1054.73,2,W,5,W
185,864.12,1055.63,1,E,5,W
188,892.37,1056.23,1,E,5,W
209,891.88,1065.70,2,E,5,E
196,874.09,1071.54,2,W,5,N
183,809.33,1072.14,1,E,5,N
186,884.20,1072.44,1,E,5,N
83,846.93,1072.74,1,S,5,N
84,862.25,1073.04,1,S,5,N
85,863.54,1073.34,1,S,5,N
86,865.28,1073.64,1,S,5,N
153,896.78,1082.86,1,W,5,N