id,enter_time,exit_time,entrance_intersection,entrance_direction,exit_intersection,exit_direction
248,55.05,66.44,5,W,5,N
249,57.99,66.74,5,W,5,N
250,72.62,78.76,5,W,5,N
304,84.45,90.59,5,E,5,N
305,85.99,92.13,5,E,5,N
16,40.13,100.70,1,S,1,W
17,42.29,101.00,1,S,1,W
20,43.38,101.30,1,S,1,W
21,46.07,101.60,1,S,1,W
28,66.10,101.90,1,S,1,W
35,85.41,102.20,1,S,1,W
111,48.25,105.80,1,W,2,W
113,51.23,106.40,1,W,2,E
36,93.88,108.01,1,S,1,W
31,80.44,116.80,1,S,1,E
218,29.06,131.27,3,W,5,N
7,16.36,138.27,1,S,3,W
231,82.89,144.66,3,E,5,N
251,96.70,166.34,5,W,5,N
252,142.79,166.64,5,W,5,N
253,148.56,166.94,5,W,5,N
254,150.64,167.24,5,W,5,N
306,123.53,180.34,5,E,5,N
307,134.12,180.64,5,E,5,N
308,145.54,180.94,5,E,5,N
309,146.02,181.24,5,E,5,N
310,172.06,181.54,5,E,5,N
219,32.57,200.10,3,W,5,W
230,79.86,200.40,3,E,5,W
0,2.15,200.70,1,S,5,W
207,71.82,201.00,2,E,5,W
38,98.12,201.10,1,S,1,W
192,79.48,201.30,2,W,5,W
44,174.66,201.40,1,S,1,W
116,101.96,201.40,1,W,2,W
2,6.52,201.60,1,S,5,W
46,178.71,201.70,1,S,1,W
4,10.96,201.90,1,S,5,W
47,182.68,202.00,1,S,1,W
8,17.25,202.20,1,S,5,W
10,23.12,202.50,1,S,5,W
29,67.66,202.60,1,S,3,W
12,33.38,202.80,1,S,5,W
14,36.83,203.10,1,S,5,W
107,32.32,203.40,1,W,5,W
109,36.64,203.70,1,W,5,W
167,29.15,204.00,1,E,5,W
193,108.25,212.67,2,W,3,E
5,12.53,217.00,1,S,5,E
11,25.40,217.90,1,S,5,E
110,42.76,218.80,1,W,5,E
206,30.58,222.24,2,E,5,N
1,6.07,222.54,1,S,5,N
3,10.35,222.84,1,S,5,N
6,15.58,223.44,1,S,5,N
9,20.03,223.74,1,S,5,N
13,33.70,224.34,1,S,5,N
108,34.45,224.64,1,W,5,N
112,49.00,225.24,1,W,5,N
220,137.73,231.07,3,W,5,N
115,99.85,237.17,1,W,3,W
117,144.89,237.77,1,W,3,W
255,220.33,266.24,5,W,5,N
256,269.69,275.82,5,W,5,N
311,274.56,280.70,5,E,5,N
312,274.94,281.08,5,E,5,N
232,170.81,300.00,3,E,5,W
18,43.15,300.30,1,S,5,W
25,51.79,300.60,1,S,5,W
26,55.51,300.90,1,S,5,W
30,69.29,301.20,1,S,5,W
48,247.10,301.50,1,S,1,W
39,100.34,301.50,1,S,5,W
51,253.38,301.80,1,S,1,W
40,103.37,301.80,1,S,5,W
57,266.20,302.10,1,S,1,W
41,104.12,302.10,1,S,5,W
58,266.90,302.40,1,S,1,W
114,80.26,302.40,1,W,5,W
59,269.49,302.70,1,S,1,W
50,251.16,314.60,1,S,1,E
15,38.17,322.14,1,S,5,N
19,43.22,322.44,1,S,5,N
22,47.18,322.74,1,S,5,N
23,48.25,323.04,1,S,5,N
24,51.63,323.34,1,S,5,N
27,64.13,323.64,1,S,5,N
32,83.32,323.94,1,S,5,N
33,83.90,324.24,1,S,5,N
34,84.40,324.54,1,S,5,N
37,97.30,324.84,1,S,5,N
208,165.01,325.14,2,E,5,N
168,119.17,325.44,1,E,5,N
169,139.30,325.74,1,E,5,N
233,248.18,330.87,3,E,5,N
171,216.70,339.97,1,E,3,E
63,280.40,343.42,1,S,2,W
257,289.34,366.14,5,W,5,N
258,358.87,366.44,5,W,5,N
259,364.56,370.70,5,W,5,N
221,281.45,399.90,3,W,5,W
194,282.91,400.20,2,W,5,W
119,217.19,400.50,1,W,5,W
121,223.57,400.80,1,W,5,W
170,210.86,401.10,1,E,5,W
65,357.31,401.90,1,S,1,W
195,305.85,412.87,2,W,3,W
67,363.21,415.30,1,S,1,E
43,173.43,416.20,1,S,5,E
126,262.23,418.90,1,W,5,E
42,168.25,422.04,1,S,5,N
45,176.18,422.64,1,S,5,N
209,257.02,422.94,2,E,5,N
118,178.83,423.24,1,W,5,N
120,219.87,423.54,1,W,5,N
122,229.19,423.84,1,W,5,N
123,248.67,424.14,1,W,5,N
124,252.18,424.44,1,W,5,N
125,256.13,424.74,1,W,5,N
127,264.28,425.34,1,W,5,N
172,248.67,425.64,1,E,5,N
173,275.84,425.94,1,E,5,N
234,354.78,430.67,3,E,5,N
260,382.44,466.04,5,W,5,N
261,385.09,466.34,5,W,5,N
262,388.11,466.64,5,W,5,N
263,393.05,466.94,5,W,5,N
264,395.13,467.24,5,W,5,N
265,460.60,467.54,5,W,5,N
313,414.58,480.04,5,E,5,N
314,451.05,480.34,5,E,5,N
235,368.20,499.80,3,E,5,W
236,371.59,500.10,3,E,5,W
54,259.27,500.40,1,S,5,W
60,270.31,500.70,1,S,5,W
196,351.46,501.00,2,W,5,W
211,399.00,501.30,2,E,5,W
128,305.54,501.60,1,W,5,W
175,387.13,504.95,1,E,5,W
49,249.36,521.94,1,S,5,N
52,255.09,522.24,1,S,5,N
53,257.34,522.54,1,S,5,N
55,259.55,522.84,1,S,5,N
56,264.86,523.14,1,S,5,N
61,274.13,523.44,1,S,5,N
62,277.51,523.74,1,S,5,N
210,347.87,524.04,2,E,5,N
197,372.26,524.34,2,W,5,N
129,355.86,524.64,1,W,5,N
174,314.26,524.94,1,E,5,N
176,399.69,525.24,1,E,5,N
222,404.04,530.47,3,W,5,N
237,489.41,551.18,3,E,5,N
238,492.72,554.49,3,E,5,N
266,474.62,565.94,5,W,5,N
267,477.21,566.24,5,W,5,N
268,480.04,566.54,5,W,5,N
269,482.76,566.84,5,W,5,N
270,496.25,567.14,5,W,5,N
271,500.14,567.44,5,W,5,N
272,500.85,567.74,5,W,5,N
273,551.67,568.04,5,W,5,N
274,554.59,568.34,5,W,5,N
315,556.89,579.94,5,E,5,N
239,495.50,599.70,3,E,5,W
131,378.71,600.00,1,W,5,W
137,454.12,600.30,1,W,5,W
76,574.21,602.70,1,S,1,W
132,381.22,618.10,1,W,5,E
64,355.28,621.84,1,S,5,N
66,359.79,622.14,1,S,5,N
68,364.72,622.44,1,S,5,N
198,416.04,622.74,2,W,5,N
199,445.11,623.04,2,W,5,N
212,494.09,623.34,2,E,5,N
69,425.67,623.64,1,S,5,N
130,375.85,623.94,1,W,5,N
133,384.71,624.54,1,W,5,N
134,412.08,624.84,1,W,5,N
135,414.99,625.14,1,W,5,N
136,448.73,625.44,1,W,5,N
177,408.47,625.74,1,E,5,N
223,543.67,630.27,3,W,5,N
240,571.08,632.85,3,E,5,N
178,505.39,639.97,1,E,3,W
179,569.24,640.27,1,E,3,E
275,614.26,665.84,5,W,5,N
276,627.75,666.14,5,W,5,N
277,632.80,666.44,5,W,5,N
278,634.32,666.74,5,W,5,N
279,634.32,667.04,5,W,5,N
280,639.08,667.34,5,W,5,N
281,654.39,667.64,5,W,5,N
316,646.96,679.84,5,E,5,N
317,660.19,680.14,5,E,5,N
241,573.51,699.60,3,E,5,W
224,584.09,699.90,3,W,5,W
72,499.48,700.20,1,S,5,W
73,502.61,700.50,1,S,5,W
74,503.77,700.80,1,S,5,W
140,488.11,701.10,1,W,5,W
145,554.44,701.40,1,W,5,W
146,560.70,701.70,1,W,5,W
82,685.91,703.10,1,S,1,W
200,609.59,713.17,2,W,3,W
77,666.93,715.90,1,S,1,E
181,588.90,718.90,1,E,5,E
70,495.05,721.74,1,S,5,N
71,495.56,722.04,1,S,5,N
213,589.15,722.34,2,E,5,N
138,485.62,722.64,1,W,5,N
139,488.09,722.94,1,W,5,N
141,527.91,723.24,1,W,5,N
142,534.55,723.54,1,W,5,N
143,537.98,723.84,1,W,5,N
144,550.75,724.14,1,W,5,N
147,562.65,724.44,1,W,5,N
180,577.06,724.74,1,E,5,N
93,711.89,726.03,1,S,1,E
225,623.87,730.07,3,W,5,N
97,719.70,733.83,1,S,1,E
282,675.23,765.74,5,W,5,N
283,676.88,766.04,5,W,5,N
284,679.45,766.34,5,W,5,N
285,682.39,766.64,5,W,5,N
286,683.82,766.94,5,W,5,N
287,683.89,767.24,5,W,5,N
288,725.84,767.54,5,W,5,N
318,703.91,779.74,5,E,5,N
319,712.93,780.04,5,E,5,N
80,683.89,799.30,1,S,3,W
182,594.37,799.50,1,E,5,W
183,595.68,799.80,1,E,5,W
242,613.46,800.10,3,E,5,W
214,674.88,800.40,2,E,5,W
201,655.71,800.70,2,W,5,W
215,697.96,801.00,2,E,5,W
152,615.45,801.30,1,W,5,W
184,615.60,801.60,1,E,5,W
154,667.68,802.60,1,W,2,W
90,708.65,803.50,1,S,1,W
150,600.57,816.70,1,W,5,E
75,572.64,821.64,1,S,5,N
202,680.80,821.94,2,W,5,N
148,595.73,822.24,1,W,5,N
149,598.38,822.54,1,W,5,N
151,603.83,823.14,1,W,5,N
153,660.16,823.44,1,W,5,N
185,626.87,823.74,1,E,5,N
186,633.77,824.04,1,E,5,N
226,737.59,829.87,3,W,5,N
243,714.98,829.87,3,E,5,N
244,730.62,830.17,3,E,5,N
245,733.89,830.47,3,E,5,N
96,719.05,838.37,1,S,3,W
228,784.24,839.87,3,W,5,E
227,780.02,841.79,3,W,5,N
289,824.79,865.64,5,W,5,N
290,825.23,865.94,5,W,5,N
291,855.81,866.24,5,W,5,N
292,859.40,866.54,5,W,5,N
293,863.77,869.91,5,W,5,N
294,865.10,871.24,5,W,5,N
295,865.92,872.05,5,W,5,N
296,870.87,877.00,5,W,5,N
320,817.79,879.64,5,E,5,N
321,818.55,879.94,5,E,5,N
322,872.97,880.24,5,E,5,N
246,762.56,899.40,3,E,5,W
78,677.61,899.70,1,S,5,W
85,694.73,900.00,1,S,5,W
86,695.24,900.30,1,S,5,W
87,699.15,900.60,1,S,5,W
89,704.18,900.90,1,S,5,W
158,719.07,901.20,1,W,5,W
187,708.53,901.50,1,E,5,W
100,858.87,903.90,1,S,1,W
103,866.33,904.20,1,S,1,W
104,868.36,904.50,1,S,1,W
106,874.21,917.60,1,S,1,E
79,680.08,921.54,1,S,5,N
81,685.73,921.84,1,S,5,N
83,686.83,922.14,1,S,5,N
84,694.40,922.44,1,S,5,N
88,700.89,922.74,1,S,5,N
203,703.09,923.04,2,W,5,N
216,791.83,923.34,2,E,5,N
91,709.30,923.64,1,S,5,N
92,710.19,923.94,1,S,5,N
94,712.84,924.24,1,S,5,N
95,716.28,924.54,1,S,5,N
155,670.57,924.84,1,W,5,N
156,677.28,925.14,1,W,5,N
157,715.69,925.44,1,W,5,N
159,721.75,925.74,1,W,5,N
160,739.27,926.04,1,W,5,N
247,861.00,929.67,3,E,5,N
163,808.16,937.87,1,W,3,E
297,876.95,965.54,5,W,5,N
298,880.69,965.84,5,W,5,N
299,884.12,966.14,5,W,5,N
300,887.50,966.44,5,W,5,N
301,891.22,966.74,5,W,5,N
302,894.89,967.04,5,W,5,N
303,897.69,967.34,5,W,5,N
229,895.17,999.30,3,W,5,W
190,877.79,999.60,1,E,5,W
204,868.94,1015.90,2,W,5,E
217,876.27,1016.20,2,E,5,E
164,849.96,1017.40,1,W,5,E
165,867.90,1017.70,1,W,5,E
98,787.77,1021.44,1,S,5,N
99,794.32,1021.74,1,S,5,N
205,894.60,1022.64,2,W,5,N
161,768.03,1022.94,1,W,5,N
162,775.00,1023.24,1,W,5,N
188,835.62,1024.14,1,E,5,N
189,870.75,1024.44,1,E,5,N
191,883.62,1024.74,1,E,5,N
101,862.63,1099.20,1,S,5,W
166,875.85,1099.50,1,W,5,W
102,864.01,1121.34,1,S,5,N
105,871.49,1121.64,1,S,5,N