id,enter_time,exit_time,entrance_intersection,entrance_direction,exit_intersection,exit_direction
1,2.72,16.85,1,S,1,E
262,3.21,66.44,5,W,5,N
263,18.89,66.74,5,W,5,N
264,22.55,67.04,5,W,5,N
313,23.93,80.44,5,E,5,N
314,30.93,80.74,5,E,5,N
5,6.91,100.70,1,S,1,W
7,63.63,101.00,1,S,1,W
8,63.82,101.30,1,S,1,W
9,66.65,101.60,1,S,1,W
11,71.10,101.90,1,S,1,W
6,60.29,113.50,1,S,1,E
24,108.10,122.23,1,S,1,E
239,2.96,131.27,3,E,5,N
240,14.63,131.57,3,E,5,N
166,39.32,137.97,1,E,3,W
12,72.82,140.22,1,S,2,W
265,87.93,166.34,5,W,5,N
266,88.28,166.64,5,W,5,N
267,137.00,166.94,5,W,5,N
268,140.60,167.24,5,W,5,N
269,140.75,167.54,5,W,5,N
270,142.76,167.84,5,W,5,N
271,145.61,168.14,5,W,5,N
272,149.38,168.44,5,W,5,N
273,152.89,168.74,5,W,5,N
274,156.01,169.04,5,W,5,N
315,139.16,180.34,5,E,5,N
316,146.51,180.64,5,E,5,N
317,157.09,180.94,5,E,5,N
241,88.76,200.10,3,E,5,W
0,0.18,200.40,1,S,5,W
217,82.66,200.70,2,E,5,W
167,71.33,201.00,1,E,5,W
22,104.77,201.10,1,S,1,W
23,105.20,201.40,1,S,1,W
29,125.25,201.70,1,S,1,W
100,87.57,202.90,1,W,2,W
201,59.55,216.40,2,W,5,E
202,86.21,216.70,2,W,5,E
2,3.41,222.24,1,S,5,N
3,5.78,223.14,1,S,5,N
4,6.09,223.44,1,S,5,N
98,44.67,223.74,1,W,5,N
99,46.84,224.04,1,W,5,N
165,15.31,224.34,1,E,5,N
229,147.39,231.07,3,W,5,N
31,130.43,238.07,1,S,3,E
242,192.51,254.28,3,E,5,N
275,217.68,266.24,5,W,5,N
10,70.46,300.00,1,S,5,W
20,95.22,300.30,1,S,5,W
203,151.14,300.60,2,W,5,W
204,174.25,300.90,2,W,5,W
27,124.06,301.20,1,S,5,W
34,210.78,301.50,1,S,1,W
101,90.52,301.50,1,W,5,W
168,135.05,301.80,1,E,5,W
169,176.05,302.10,1,E,5,W
173,241.29,304.20,1,E,2,W
14,76.67,316.30,1,S,5,E
21,98.86,318.10,1,S,5,E
13,73.80,322.14,1,S,5,N
15,80.56,322.74,1,S,5,N
16,81.23,323.04,1,S,5,N
17,81.71,323.34,1,S,5,N
18,90.76,323.64,1,S,5,N
19,94.61,323.94,1,S,5,N
218,182.37,324.54,2,E,5,N
205,200.15,324.84,2,W,5,N
25,108.58,325.14,1,S,5,N
26,112.37,325.44,1,S,5,N
28,124.92,325.74,1,S,5,N
30,125.95,326.04,1,S,5,N
32,133.58,326.34,1,S,5,N
33,134.42,326.64,1,S,5,N
102,92.68,326.94,1,W,5,N
103,121.12,327.24,1,W,5,N
104,140.52,327.54,1,W,5,N
244,206.44,331.17,3,E,5,N
245,209.98,331.47,3,E,5,N
246,213.70,331.77,3,E,5,N
247,230.04,332.07,3,E,5,N
276,283.88,366.14,5,W,5,N
277,289.49,366.44,5,W,5,N
278,310.82,366.74,5,W,5,N
279,314.20,367.04,5,W,5,N
280,316.06,367.34,5,W,5,N
281,319.46,367.64,5,W,5,N
282,340.72,367.94,5,W,5,N
283,342.93,368.24,5,W,5,N
318,302.80,380.14,5,E,5,N
243,202.85,399.90,3,E,5,W
230,287.01,400.20,3,W,5,W
219,262.81,400.50,2,E,5,W
107,229.33,400.80,1,W,5,W
108,248.71,401.10,1,W,5,W
110,255.40,401.40,1,W,5,W
111,258.36,401.70,1,W,5,W
37,302.06,401.90,1,S,1,W
112,258.65,402.00,1,W,5,W
177,360.56,404.00,1,E,2,W
44,390.81,404.95,1,S,1,W
45,391.00,405.14,1,S,1,W
46,395.27,409.40,1,S,1,W
47,397.96,412.09,1,S,1,W
170,205.99,418.00,1,E,5,E
206,258.76,422.04,2,W,5,N
207,270.27,422.34,2,W,5,N
220,296.66,422.64,2,E,5,N
105,190.74,422.94,1,W,5,N
106,197.23,423.24,1,W,5,N
109,251.85,423.54,1,W,5,N
113,261.14,423.84,1,W,5,N
171,214.38,424.44,1,E,5,N
172,218.63,424.74,1,E,5,N
174,262.09,425.04,1,E,5,N
248,309.72,430.67,3,E,5,N
231,330.55,430.67,3,W,5,N
249,372.50,434.27,3,E,5,N
115,298.88,437.67,1,W,3,E
116,331.48,437.97,1,W,3,E
284,408.14,466.04,5,W,5,N
285,459.76,466.34,5,W,5,N
286,461.98,468.12,5,W,5,N
287,465.29,471.43,5,W,5,N
288,468.76,474.90,5,W,5,N
289,471.63,477.76,5,W,5,N
319,407.44,480.04,5,E,5,N
320,434.90,480.34,5,E,5,N
321,465.40,480.64,5,E,5,N
232,381.75,499.80,3,W,5,W
42,387.71,499.90,1,S,3,E
208,324.45,500.10,2,W,5,W
209,353.49,500.40,2,W,5,W
176,322.72,500.70,1,E,5,W
49,402.32,502.30,1,S,1,W
50,404.21,502.60,1,S,1,W
119,353.70,518.20,1,W,5,E
178,367.74,519.10,1,E,5,E
181,494.46,520.58,1,E,2,W
35,290.57,521.94,1,S,5,N
36,297.76,522.24,1,S,5,N
221,384.63,522.54,2,E,5,N
38,307.38,522.84,1,S,5,N
39,314.83,523.14,1,S,5,N
114,296.09,523.44,1,W,5,N
117,338.64,523.74,1,W,5,N
118,352.86,524.04,1,W,5,N
120,360.17,524.64,1,W,5,N
175,318.42,524.94,1,E,5,N
250,455.56,530.47,3,E,5,N
233,421.33,530.47,3,W,5,N
251,457.58,530.77,3,E,5,N
252,474.05,535.82,3,E,5,N
290,528.92,565.94,5,W,5,N
291,531.78,566.24,5,W,5,N
292,547.66,566.54,5,W,5,N
293,569.52,575.66,5,W,5,N
322,520.97,579.94,5,E,5,N
323,526.95,580.24,5,E,5,N
324,528.07,580.54,5,E,5,N
325,538.74,580.84,5,E,5,N
326,549.58,581.14,5,E,5,N
327,549.88,581.44,5,E,5,N
328,553.26,581.74,5,E,5,N
57,495.39,599.10,1,S,3,E
41,381.66,599.70,1,S,5,W
48,400.53,600.00,1,S,5,W
222,483.54,600.30,2,E,5,W
51,405.51,600.60,1,S,5,W
123,429.86,600.90,1,W,5,W
65,529.78,601.80,1,S,2,W
61,509.52,602.70,1,S,1,W
62,517.65,603.00,1,S,1,W
74,559.42,603.30,1,S,1,W
122,401.95,618.70,1,W,5,E
180,438.97,619.60,1,E,5,E
40,378.97,621.84,1,S,5,N
43,390.64,622.14,1,S,5,N
210,430.41,622.44,2,W,5,N
211,440.96,622.74,2,W,5,N
52,409.38,623.04,1,S,5,N
53,410.92,623.34,1,S,5,N
54,414.86,623.64,1,S,5,N
55,426.42,623.94,1,S,5,N
56,434.15,624.24,1,S,5,N
121,398.39,624.54,1,W,5,N
124,443.77,625.14,1,W,5,N
179,431.10,625.44,1,E,5,N
253,566.61,630.27,3,E,5,N
234,543.80,630.27,3,W,5,N
235,564.85,630.57,3,W,5,N
135,554.63,642.07,1,W,3,W
184,558.18,642.97,1,E,3,W
294,574.67,665.84,5,W,5,N
295,577.30,666.14,5,W,5,N
296,594.88,666.44,5,W,5,N
297,598.30,666.74,5,W,5,N
298,602.42,667.04,5,W,5,N
299,608.09,667.34,5,W,5,N
300,611.80,667.64,5,W,5,N
301,630.38,667.94,5,W,5,N
329,692.23,698.37,5,E,5,N
254,570.03,699.60,3,E,5,W
59,501.19,699.90,1,S,5,W
73,558.31,700.10,1,S,3,W
213,584.47,700.20,2,W,5,W
67,531.94,700.50,1,S,5,W
125,484.06,700.80,1,W,5,W
127,498.30,701.10,1,W,5,W
129,512.78,701.40,1,W,5,W
131,519.21,701.70,1,W,5,W
139,614.94,701.90,1,W,2,W
133,522.70,702.00,1,W,5,W
182,508.40,702.30,1,E,5,W
186,571.35,702.60,1,E,5,W
77,659.42,703.10,1,S,1,W
78,660.14,703.40,1,S,1,W
79,663.58,703.70,1,S,1,W
80,678.45,704.00,1,S,1,W
81,686.20,704.30,1,S,1,W
193,681.60,707.72,1,E,2,W
82,696.25,710.39,1,S,1,W
76,659.06,716.20,1,S,1,E
224,598.33,716.50,2,E,5,E
58,496.59,721.74,1,S,5,N
223,574.69,722.04,2,E,5,N
212,510.98,722.34,2,W,5,N
60,508.50,722.94,1,S,5,N
63,522.24,723.24,1,S,5,N
64,526.21,723.54,1,S,5,N
66,530.56,723.84,1,S,5,N
68,536.41,724.14,1,S,5,N
126,486.75,724.44,1,W,5,N
128,510.47,724.74,1,W,5,N
130,515.43,725.04,1,W,5,N
132,522.31,725.34,1,W,5,N
134,525.56,725.64,1,W,5,N
183,523.25,725.94,1,E,5,N
185,562.94,726.24,1,E,5,N
187,581.18,726.54,1,E,5,N
188,585.71,726.84,1,E,5,N
255,603.48,730.07,3,E,5,N
136,587.51,737.07,1,W,3,E
192,676.94,740.07,1,E,3,W
302,688.83,765.74,5,W,5,N
303,721.84,766.04,5,W,5,N
304,724.88,766.34,5,W,5,N
305,738.50,766.64,5,W,5,N
306,743.88,766.94,5,W,5,N
307,747.44,767.24,5,W,5,N
308,751.75,767.54,5,W,5,N
330,701.74,779.74,5,E,5,N
331,713.56,780.04,5,E,5,N
332,724.71,780.34,5,E,5,N
333,734.73,780.64,5,E,5,N
75,656.92,798.70,1,S,3,E
236,604.67,799.50,3,W,5,W
256,606.44,799.80,3,E,5,W
69,546.99,800.10,1,S,5,W
141,637.03,800.40,1,W,5,W
142,644.77,800.70,1,W,5,W
189,621.25,801.00,1,E,5,W
190,672.28,801.30,1,E,5,W
191,674.40,801.60,1,E,5,W
149,701.02,802.90,1,W,2,W
150,705.00,803.20,1,W,2,E
151,743.09,803.50,1,W,2,W
85,765.72,803.50,1,S,1,W
86,765.81,803.80,1,S,1,W
214,761.80,813.27,2,W,3,W
71,552.14,815.80,1,S,5,E
70,549.46,821.64,1,S,5,N
72,556.20,822.24,1,S,5,N
225,683.66,822.54,2,E,5,N
137,602.31,822.84,1,W,5,N
138,610.21,823.14,1,W,5,N
140,617.82,823.44,1,W,5,N
194,699.57,823.53,1,E,5,N
237,744.65,829.87,3,W,5,N
309,827.68,865.64,5,W,5,N
310,842.76,865.94,5,W,5,N
311,872.35,878.49,5,W,5,N
334,830.26,879.64,5,E,5,N
335,848.01,879.94,5,E,5,N
257,698.88,899.40,3,E,5,W
258,767.55,899.70,3,E,5,W
84,698.18,900.00,1,S,5,W
215,788.73,900.30,2,W,5,W
96,876.37,903.90,1,S,1,W
216,835.35,913.37,2,W,3,W
226,764.32,915.70,2,E,5,E
91,855.63,917.60,1,S,1,E
95,872.32,918.80,1,S,1,E
83,697.87,921.54,1,S,5,N
143,677.35,922.14,1,W,5,N
144,680.75,922.44,1,W,5,N
145,683.93,922.74,1,W,5,N
146,687.36,923.04,1,W,5,N
147,694.50,923.34,1,W,5,N
148,697.18,923.64,1,W,5,N
152,745.71,923.94,1,W,5,N
195,732.59,924.24,1,E,5,N
196,784.59,924.54,1,E,5,N
260,877.30,939.07,3,E,5,N
160,854.47,939.37,1,W,3,W
93,859.71,944.32,1,S,2,W
238,886.17,947.94,3,W,5,N
312,876.25,965.54,5,W,5,N
259,850.72,999.30,3,E,5,W
228,833.41,999.60,2,E,5,W
156,792.16,999.90,1,W,5,W
159,835.62,1000.20,1,W,5,W
198,808.59,1000.50,1,E,5,W
199,812.96,1000.80,1,E,5,W
87,767.34,1021.44,1,S,5,N
227,812.04,1021.74,2,E,5,N
153,784.84,1022.04,1,W,5,N
154,785.45,1022.34,1,W,5,N
155,788.63,1022.64,1,W,5,N
157,812.41,1022.94,1,W,5,N
158,833.12,1023.24,1,W,5,N
161,858.09,1023.54,1,W,5,N
162,859.17,1023.84,1,W,5,N
197,803.97,1024.14,1,E,5,N
200,867.75,1024.44,1,E,5,N
261,898.81,1029.47,3,E,5,N
89,848.17,1099.20,1,S,5,W
90,850.18,1099.50,1,S,5,W
92,856.06,1099.80,1,S,5,W
94,862.27,1100.10,1,S,5,W
88,845.20,1121.34,1,S,5,N
97,879.54,1121.64,1,S,5,N
163,883.61,1121.94,1,W,5,N
164,890.69,1122.24,1,W,5,N