id,enter_time,exit_time,entrance_intersection,entrance_direction,exit_intersection,exit_direction
268,0.79,16.64,5,W,5,N
269,4.23,16.94,5,W,5,N
3,8.37,22.51,1,S,1,E
270,21.99,28.12,5,W,5,N
271,22.13,28.26,5,W,5,N
330,17.25,30.64,5,E,5,N
331,29.22,35.36,5,E,5,N
332,40.35,46.48,5,E,5,N
333,42.64,48.78,5,E,5,N
212,23.28,62.47,2,W,3,E
1,5.84,100.70,1,S,1,W
4,90.08,104.22,1,S,1,W
272,25.96,116.54,5,W,5,N
273,28.85,116.84,5,W,5,N
274,91.91,117.14,5,W,5,N
275,94.51,117.44,5,W,5,N
334,84.86,130.54,5,E,5,N
335,103.50,130.84,5,E,5,N
336,147.16,153.29,5,E,5,N
228,40.91,155.93,2,E,5,W
0,2.10,156.23,1,S,5,W
2,6.26,156.53,1,S,5,W
126,40.29,174.02,1,W,5,E
123,2.29,179.26,1,W,5,N
124,30.76,179.56,1,W,5,N
179,51.32,186.22,1,E,5,E
128,62.80,186.76,1,W,5,N
7,97.35,201.10,1,S,1,W
15,120.54,201.40,1,S,1,W
17,124.55,201.70,1,S,1,W
22,139.70,202.00,1,S,1,W
23,142.97,202.30,1,S,1,W
36,171.56,202.60,1,S,1,W
41,180.34,202.90,1,S,1,W
42,180.88,203.20,1,S,1,W
44,187.70,203.50,1,S,1,W
45,188.12,203.80,1,S,1,W
27,148.85,215.10,1,S,1,E
31,159.07,216.30,1,S,1,E
276,160.28,216.44,5,W,5,N
277,200.01,216.74,5,W,5,N
278,220.38,226.51,5,W,5,N
337,190.42,230.44,5,E,5,N
338,208.85,230.74,5,E,5,N
339,210.80,231.04,5,E,5,N
125,38.18,250.20,1,W,5,W
127,61.74,250.50,1,W,5,W
178,29.99,250.80,1,E,5,W
213,99.41,251.10,2,W,5,W
229,78.29,251.40,2,E,5,W
32,160.43,252.90,1,S,2,W
5,92.98,256.63,1,S,5,W
6,96.49,256.93,1,S,5,W
14,118.69,259.03,1,S,5,W
230,121.21,266.20,2,E,5,E
257,106.12,272.64,3,E,5,N
243,119.86,272.94,3,W,5,N
214,139.73,273.24,2,W,5,N
180,71.48,273.54,1,E,5,N
130,84.26,273.82,1,W,5,E
181,92.78,273.84,1,E,5,N
8,101.25,274.14,1,S,5,N
9,105.12,274.44,1,S,5,N
10,108.67,274.74,1,S,5,N
11,111.10,275.04,1,S,5,N
12,111.12,275.34,1,S,5,N
13,114.75,275.64,1,S,5,N
16,123.02,275.94,1,S,5,N
18,126.03,276.24,1,S,5,N
19,133.95,276.54,1,S,5,N
129,81.40,279.66,1,W,5,N
132,131.33,280.56,1,W,5,N
133,165.19,289.15,1,W,5,N
47,254.02,301.50,1,S,1,W
28,150.19,301.70,1,S,3,E
49,258.33,301.80,1,S,1,W
52,264.40,302.10,1,S,1,W
55,271.36,302.40,1,S,1,W
61,283.71,302.70,1,S,1,W
65,292.17,306.30,1,S,1,W
48,256.61,314.30,1,S,1,E
279,223.82,316.34,5,W,5,N
280,228.12,316.64,5,W,5,N
281,231.04,316.94,5,W,5,N
282,236.30,317.24,5,W,5,N
283,282.93,317.54,5,W,5,N
284,286.11,317.84,5,W,5,N
285,291.29,318.14,5,W,5,N
286,293.90,318.44,5,W,5,N
340,251.32,330.34,5,E,5,N
341,254.69,330.64,5,E,5,N
342,258.47,330.94,5,E,5,N
20,136.03,350.10,1,S,5,W
131,101.40,350.40,1,W,5,W
182,113.12,350.70,1,E,5,W
215,161.39,351.00,2,W,5,W
258,225.07,351.30,3,E,5,W
50,262.41,351.50,1,S,2,W
343,348.62,354.75,5,E,5,N
344,348.96,355.10,5,E,5,N
345,349.64,355.78,5,E,5,N
24,145.27,356.43,1,S,5,W
25,146.11,356.73,1,S,5,W
30,157.08,357.93,1,S,5,W
34,164.42,358.53,1,S,5,W
38,174.45,359.43,1,S,5,W
43,182.80,360.33,1,S,5,W
216,235.17,367.00,2,W,5,E
231,168.53,372.24,2,E,5,N
232,201.40,372.54,2,E,5,N
244,231.16,372.84,3,W,5,N
183,165.49,373.44,1,E,5,N
21,138.44,373.74,1,S,5,N
26,148.56,374.04,1,S,5,N
29,150.71,374.34,1,S,5,N
33,163.33,374.64,1,S,5,N
35,167.64,374.94,1,S,5,N
37,171.73,375.24,1,S,5,N
39,175.12,375.54,1,S,5,N
40,176.55,375.84,1,S,5,N
46,189.67,376.14,1,S,5,N
134,191.59,380.06,1,W,5,N
135,203.11,380.36,1,W,5,N
136,232.49,380.66,1,W,5,N
137,254.22,380.96,1,W,5,N
143,354.39,384.12,1,W,2,W
184,274.12,400.30,1,E,3,W
54,270.44,401.80,1,S,3,E
68,308.82,401.90,1,S,1,W
72,320.23,402.20,1,S,1,W
73,320.71,402.50,1,S,1,W
60,283.08,403.30,1,S,3,W
77,387.40,414.70,1,S,1,E
80,393.99,415.60,1,S,1,E
287,330.03,416.24,5,W,5,N
288,335.47,416.54,5,W,5,N
289,337.90,416.84,5,W,5,N
290,350.11,417.14,5,W,5,N
291,352.51,417.44,5,W,5,N
90,428.31,442.45,1,S,1,E
188,349.71,451.00,1,E,2,W
219,330.93,455.33,2,W,5,W
234,336.03,455.63,2,E,5,W
51,263.46,456.83,1,S,5,W
56,272.65,457.73,1,S,5,W
63,285.86,459.53,1,S,5,W
74,321.29,461.63,1,S,5,W
220,379.04,462.87,2,W,3,E
185,274.87,467.80,1,E,5,E
233,295.66,472.14,2,E,5,N
217,294.37,472.44,2,W,5,N
218,318.39,472.74,2,W,5,N
259,322.22,473.04,3,E,5,N
245,351.03,473.34,3,W,5,N
246,358.99,473.64,3,W,5,N
186,292.24,474.24,1,E,5,N
53,265.07,474.54,1,S,5,N
57,272.71,474.84,1,S,5,N
93,434.62,474.87,1,S,2,W
58,274.36,475.14,1,S,5,N
59,280.18,475.44,1,S,5,N
62,284.29,475.74,1,S,5,N
64,288.60,476.04,1,S,5,N
66,295.98,476.34,1,S,5,N
67,303.43,476.64,1,S,5,N
69,312.72,476.94,1,S,5,N
70,314.92,477.24,1,S,5,N
71,317.40,477.54,1,S,5,N
75,325.17,477.84,1,S,5,N
76,327.35,478.14,1,S,5,N
138,275.44,480.46,1,W,5,N
140,298.84,481.06,1,W,5,N
141,349.68,481.36,1,W,5,N
187,344.35,499.50,1,E,3,W
84,416.87,501.60,1,S,3,W
85,418.95,502.30,1,S,1,W
96,440.82,502.60,1,S,1,W
99,448.54,502.90,1,S,1,W
292,449.00,516.14,5,W,5,N
293,452.31,516.44,5,W,5,N
150,402.07,520.89,1,W,3,W
100,511.48,525.62,1,S,1,E
294,519.97,526.11,5,W,5,N
346,458.94,530.14,5,E,5,N
347,461.33,530.44,5,E,5,N
348,472.91,530.74,5,E,5,N
349,488.99,531.04,5,E,5,N
350,540.51,546.64,5,E,5,N
139,296.27,549.90,1,W,5,W
142,353.11,550.20,1,W,5,W
260,406.48,550.50,3,E,5,W
261,410.28,550.80,3,E,5,W
82,409.56,556.63,1,S,5,W
87,423.15,557.83,1,S,5,W
235,361.04,572.04,2,E,5,N
236,392.98,572.34,2,E,5,N
247,474.63,572.64,3,W,5,N
189,350.24,572.94,1,E,5,N
78,389.21,573.24,1,S,5,N
79,391.67,573.54,1,S,5,N
81,405.82,573.84,1,S,5,N
83,412.38,574.14,1,S,5,N
86,422.70,574.44,1,S,5,N
88,423.69,574.74,1,S,5,N
89,426.36,575.04,1,S,5,N
92,433.66,575.34,1,S,5,N
152,439.54,577.12,1,W,5,E
144,366.07,580.86,1,W,5,N
145,369.06,581.16,1,W,5,N
146,373.24,581.46,1,W,5,N
147,373.80,581.76,1,W,5,N
148,394.95,582.06,1,W,5,N
149,398.47,582.36,1,W,5,N
151,402.72,582.96,1,W,5,N
153,443.26,583.56,1,W,5,N
98,446.62,600.80,1,S,3,E
295,541.86,616.04,5,W,5,N
104,583.27,616.10,1,S,1,E
296,547.12,616.34,5,W,5,N
297,550.29,616.64,5,W,5,N
298,553.54,616.94,5,W,5,N
299,557.13,617.24,5,W,5,N
300,558.06,617.54,5,W,5,N
301,562.66,617.84,5,W,5,N
302,564.64,618.14,5,W,5,N
303,620.07,626.21,5,W,5,N
351,550.59,630.04,5,E,5,N
91,430.34,649.80,1,S,5,W
263,578.05,650.10,3,E,5,W
191,469.22,655.23,1,E,5,W
237,481.36,671.94,2,E,5,N
248,505.69,672.24,3,W,5,N
262,509.53,672.54,3,E,5,N
249,552.05,672.84,3,W,5,N
190,447.97,673.14,1,E,5,N
94,438.85,673.44,1,S,5,N
95,439.32,673.74,1,S,5,N
97,443.19,674.04,1,S,5,N
101,514.42,674.34,1,S,5,N
154,476.95,681.26,1,W,5,N
155,511.53,681.56,1,W,5,N
156,514.35,681.86,1,W,5,N
158,546.74,682.46,1,W,5,N
160,582.75,683.82,1,W,2,E
106,655.56,703.10,1,S,1,W
108,659.22,703.40,1,S,1,W
304,625.46,715.94,5,W,5,N
305,629.91,716.24,5,W,5,N
352,687.01,729.94,5,E,5,N
353,688.15,730.24,5,E,5,N
354,734.97,741.11,5,E,5,N
157,515.35,749.70,1,W,5,W
159,550.51,750.00,1,W,5,W
221,573.86,750.30,2,W,5,W
195,559.18,756.53,1,E,5,W
102,578.81,757.13,1,S,5,W
103,579.91,768.70,1,S,5,E
238,563.67,771.84,2,E,5,N
264,641.47,772.14,3,E,5,N
250,678.47,772.44,3,W,5,N
222,603.55,772.74,2,W,5,N
223,631.65,773.04,2,W,5,N
239,646.31,773.34,2,E,5,N
192,503.09,773.64,1,E,5,N
193,532.82,773.94,1,E,5,N
194,554.79,774.24,1,E,5,N
196,594.30,774.54,1,E,5,N
162,606.79,782.26,1,W,5,N
163,639.93,782.56,1,W,5,N
165,650.26,783.16,1,W,5,N
113,735.56,803.50,1,S,1,W
115,738.86,803.80,1,S,1,W
117,756.45,804.10,1,S,1,W
119,763.24,804.40,1,S,1,W
306,724.12,815.84,5,W,5,N
307,726.96,816.14,5,W,5,N
308,748.34,816.44,5,W,5,N
118,760.27,816.60,1,S,1,E
309,751.73,816.74,5,W,5,N
310,753.61,817.04,5,W,5,N
311,754.02,817.34,5,W,5,N
312,757.92,817.64,5,W,5,N
313,762.79,817.94,5,W,5,N
314,769.31,818.24,5,W,5,N
315,772.80,818.54,5,W,5,N
316,774.88,818.84,5,W,5,N
317,777.68,819.14,5,W,5,N
318,780.72,819.44,5,W,5,N
319,782.73,819.74,5,W,5,N
320,785.85,820.04,5,W,5,N
321,801.20,820.34,5,W,5,N
322,813.66,820.64,5,W,5,N
323,818.02,824.16,5,W,5,N
324,820.74,826.88,5,W,5,N
161,589.30,849.60,1,W,5,W
164,643.10,849.90,1,W,5,W
253,727.50,850.20,3,W,5,W
224,652.26,854.53,2,W,5,W
199,623.58,856.33,1,E,5,W
200,629.16,856.63,1,E,5,W
201,661.46,856.93,1,E,5,W
105,648.15,857.83,1,S,5,W
109,663.16,858.43,1,S,5,W
110,729.65,861.60,1,S,5,W
265,705.81,871.74,3,E,5,N
251,717.51,872.04,3,W,5,N
252,719.98,872.34,3,W,5,N
254,761.04,872.64,3,W,5,N
240,718.33,872.94,2,E,5,N
225,662.97,873.24,2,W,5,N
226,728.26,873.54,2,W,5,N
197,615.34,873.84,1,E,5,N
198,623.24,874.14,1,E,5,N
202,677.62,874.44,1,E,5,N
203,681.53,874.74,1,E,5,N
107,656.98,875.04,1,S,5,N
111,732.63,875.34,1,S,5,N
112,734.97,875.64,1,S,5,N
114,736.65,875.94,1,S,5,N
168,737.98,882.66,1,W,5,N
172,778.06,884.92,1,W,2,W
120,767.34,900.20,1,S,3,W
121,831.22,903.90,1,S,1,W
325,859.16,915.74,5,W,5,N
326,861.61,916.04,5,W,5,N
327,864.90,916.34,5,W,5,N
328,874.99,916.64,5,W,5,N
329,895.64,916.94,5,W,5,N
355,880.78,929.74,5,E,5,N
166,701.46,949.50,1,W,5,W
167,705.34,949.80,1,W,5,W
169,740.06,950.10,1,W,5,W
170,741.42,950.40,1,W,5,W
266,814.61,971.64,3,E,5,N
255,868.91,971.94,3,W,5,N
256,877.10,972.24,3,W,5,N
267,889.46,972.54,3,E,5,N
241,787.17,972.84,2,E,5,N
204,704.04,973.14,1,E,5,N
205,715.53,973.44,1,E,5,N
206,786.14,973.74,1,E,5,N
116,753.04,974.04,1,S,5,N
171,775.26,976.32,1,W,5,E
174,785.62,983.36,1,W,5,N
175,836.18,983.66,1,W,5,N
177,884.33,1021.09,1,W,3,W
173,780.53,1049.40,1,W,5,W
176,841.78,1049.70,1,W,5,W
210,886.18,1055.63,1,E,5,W
227,888.98,1071.54,2,W,5,N
242,878.46,1071.84,2,E,5,N
207,812.55,1072.14,1,E,5,N
208,814.15,1072.44,1,E,5,N
209,853.11,1072.74,1,E,5,N
211,893.49,1073.04,1,E,5,N
122,898.54,1073.34,1,S,5,N