id,enter_time,exit_time,entrance_intersection,entrance_direction,exit_intersection,exit_direction
230,3.80,16.64,5,W,5,N
231,7.47,16.94,5,W,5,N
309,18.46,30.64,5,E,5,N
310,21.83,30.94,5,E,5,N
1,3.64,50.30,1,S,2,W
0,2.65,100.70,1,S,1,W
3,6.25,101.00,1,S,1,W
4,75.95,113.50,1,S,1,E
232,27.81,116.54,5,W,5,N
233,95.75,116.84,5,W,5,N
234,96.55,117.14,5,W,5,N
235,100.38,117.44,5,W,5,N
236,103.22,117.74,5,W,5,N
202,31.21,150.30,3,E,5,W
6,86.73,150.70,1,S,2,W
7,91.99,151.00,1,S,2,E
2,4.38,172.44,1,S,5,N
77,10.53,179.26,1,W,5,N
78,13.64,179.56,1,W,5,N
79,46.62,179.86,1,W,5,N
80,59.86,183.82,1,W,5,N
146,17.49,192.06,1,E,5,N
147,24.43,192.36,1,E,5,N
5,81.39,200.10,1,S,3,E
11,195.67,209.81,1,S,1,W
237,135.18,216.44,5,W,5,N
238,139.06,216.74,5,W,5,N
239,141.03,217.04,5,W,5,N
240,143.28,217.34,5,W,5,N
241,173.91,217.64,5,W,5,N
242,188.39,217.94,5,W,5,N
311,154.65,230.44,5,E,5,N
312,167.72,230.74,5,E,5,N
203,127.88,250.20,3,E,5,W
169,171.09,262.67,2,W,3,E
188,145.33,266.50,3,W,5,E
177,88.68,272.34,2,E,5,N
189,146.49,272.94,3,W,5,N
8,92.65,273.24,1,S,5,N
9,95.00,273.54,1,S,5,N
82,69.08,279.96,1,W,5,N
84,107.99,280.56,1,W,5,N
86,145.32,281.16,1,W,5,N
87,148.41,281.46,1,W,5,N
89,193.82,282.52,1,W,2,W
148,105.13,292.46,1,E,5,N
14,263.55,301.50,1,S,1,W
243,232.00,316.34,5,W,5,N
244,251.72,316.64,5,W,5,N
245,256.02,316.94,5,W,5,N
246,266.70,317.24,5,W,5,N
247,267.94,317.54,5,W,5,N
248,270.82,317.84,5,W,5,N
249,274.53,318.14,5,W,5,N
88,166.34,318.29,1,W,3,E
250,279.90,318.44,5,W,5,N
251,283.20,318.74,5,W,5,N
252,286.36,319.04,5,W,5,N
253,308.33,319.34,5,W,5,N
313,313.27,330.34,5,E,5,N
314,323.68,330.64,5,E,5,N
16,329.29,343.42,1,S,1,E
81,66.09,350.10,1,W,5,W
83,70.49,350.40,1,W,5,W
85,111.85,350.70,1,W,5,W
204,242.66,351.00,3,E,5,W
13,263.16,351.50,1,S,2,W
170,242.47,355.53,2,W,5,W
10,193.20,356.43,1,S,5,W
178,174.60,372.24,2,E,5,N
190,257.52,372.54,3,W,5,N
205,246.42,372.84,3,E,5,N
191,258.43,373.14,3,W,5,N
192,278.37,373.44,3,W,5,N
149,180.51,373.74,1,E,5,N
150,196.62,374.04,1,E,5,N
95,261.51,379.33,1,W,5,E
90,197.36,380.66,1,W,5,N
91,203.99,380.96,1,W,5,N
93,255.69,381.56,1,W,5,N
94,258.77,382.73,1,W,5,N
152,239.15,400.00,1,E,3,W
12,260.96,400.30,1,S,3,E
254,335.24,416.24,5,W,5,N
255,338.01,416.54,5,W,5,N
256,366.29,416.84,5,W,5,N
257,369.24,417.14,5,W,5,N
258,375.51,417.44,5,W,5,N
259,381.31,417.74,5,W,5,N
260,385.03,418.04,5,W,5,N
261,387.77,418.34,5,W,5,N
100,333.45,419.89,1,W,3,W
19,407.60,421.73,1,S,1,E
262,418.67,424.81,5,W,5,N
263,422.33,428.47,5,W,5,N
315,419.67,430.24,5,E,5,N
316,423.99,430.54,5,E,5,N
92,251.90,450.00,1,W,5,W
206,339.28,450.30,3,E,5,W
156,329.30,451.60,1,E,2,E
151,233.03,455.33,1,E,5,W
179,257.40,472.14,2,E,5,N
193,335.93,472.44,3,W,5,N
194,340.54,472.74,3,W,5,N
207,375.85,473.04,3,E,5,N
15,265.83,473.34,1,S,5,N
17,331.21,473.64,1,S,5,N
98,317.56,474.92,1,W,5,E
99,320.03,475.22,1,W,5,E
97,272.06,480.76,1,W,5,N
181,442.31,499.50,2,E,3,W
23,416.43,502.30,1,S,1,W
24,419.64,502.60,1,S,1,W
29,435.72,502.90,1,S,1,W
31,448.29,503.20,1,S,1,W
264,438.25,516.14,5,W,5,N
265,471.27,516.44,5,W,5,N
106,413.08,520.29,1,W,3,W
266,515.64,521.78,5,W,5,N
267,518.28,524.42,5,W,5,N
317,461.45,530.14,5,E,5,N
318,515.18,530.44,5,E,5,N
18,331.25,549.90,1,S,5,W
96,269.06,550.20,1,W,5,W
101,335.78,550.50,1,W,5,W
171,395.27,550.80,2,W,5,W
208,453.13,551.10,3,E,5,W
209,489.64,551.40,3,E,5,W
153,307.23,555.43,1,E,5,W
25,422.70,557.83,1,S,5,W
158,339.16,568.30,1,E,5,E
21,409.35,568.90,1,S,5,E
27,432.07,569.80,1,S,5,E
180,352.89,572.04,2,E,5,N
195,461.84,572.34,3,W,5,N
210,492.10,572.64,3,E,5,N
211,494.23,572.94,3,E,5,N
212,496.78,573.24,3,E,5,N
154,311.56,573.54,1,E,5,N
155,315.99,573.84,1,E,5,N
157,336.90,574.14,1,E,5,N
20,408.61,574.74,1,S,5,N
104,407.62,575.32,1,W,5,E
22,411.95,575.34,1,S,5,N
26,424.31,575.64,1,S,5,N
28,434.28,576.24,1,S,5,N
105,409.33,581.76,1,W,5,N
108,442.36,582.66,1,W,5,N
109,450.06,582.96,1,W,5,N
110,452.95,583.26,1,W,5,N
111,459.83,583.79,1,W,5,N
112,462.18,586.14,1,W,5,N
113,465.83,589.79,1,W,5,N
159,468.46,599.60,1,E,3,W
160,497.86,599.90,1,E,3,W
32,451.99,600.50,1,S,3,E
35,462.61,601.40,1,S,3,W
41,531.66,607.99,1,S,3,E
268,546.42,616.04,5,W,5,N
269,548.59,616.34,5,W,5,N
270,549.56,616.64,5,W,5,N
271,567.52,616.94,5,W,5,N
272,570.05,617.24,5,W,5,N
273,588.37,617.54,5,W,5,N
274,588.60,617.84,5,W,5,N
275,593.62,618.14,5,W,5,N
276,594.08,618.44,5,W,5,N
277,610.93,618.74,5,W,5,N
278,611.21,619.04,5,W,5,N
279,613.17,619.31,5,W,5,N
280,616.88,623.01,5,W,5,N
319,570.13,630.04,5,E,5,N
320,574.38,630.34,5,E,5,N
102,373.86,649.80,1,W,5,W
103,404.75,650.10,1,W,5,W
107,420.40,650.40,1,W,5,W
172,467.76,650.70,2,W,5,W
163,582.20,651.50,1,E,2,W
30,445.85,655.83,1,S,5,W
36,462.87,657.33,1,S,5,W
214,533.01,666.70,3,E,5,E
182,470.59,671.94,2,E,5,N
173,517.02,672.24,2,W,5,N
213,529.02,672.54,3,E,5,N
215,571.83,673.14,3,E,5,N
196,575.58,673.44,3,W,5,N
174,541.06,673.74,2,W,5,N
33,453.72,674.04,1,S,5,N
34,457.29,674.34,1,S,5,N
37,465.19,674.64,1,S,5,N
38,466.09,674.94,1,S,5,N
39,469.65,675.24,1,S,5,N
40,531.01,675.54,1,S,5,N
115,469.48,681.56,1,W,5,N
119,546.45,682.76,1,W,5,N
128,611.96,686.22,1,W,2,W
130,615.01,686.82,1,W,2,W
47,611.60,703.10,1,S,1,W
52,681.23,703.40,1,S,1,W
56,692.37,706.51,1,S,1,W
51,677.71,715.90,1,S,1,E
281,634.48,715.94,5,W,5,N
282,654.51,716.24,5,W,5,N
283,656.53,716.54,5,W,5,N
284,669.90,716.84,5,W,5,N
285,671.44,717.14,5,W,5,N
286,674.71,717.44,5,W,5,N
287,677.16,717.74,5,W,5,N
288,681.45,718.04,5,W,5,N
289,684.25,718.34,5,W,5,N
127,608.82,721.99,1,W,3,W
290,718.11,724.25,5,W,5,N
321,711.44,729.94,5,E,5,N
322,712.79,730.24,5,E,5,N
69,722.42,736.55,1,S,1,E
71,723.99,738.13,1,S,1,E
114,468.30,749.70,1,W,5,W
116,472.31,750.00,1,W,5,W
117,501.84,750.30,1,W,5,W
118,505.40,750.60,1,W,5,W
183,568.17,750.90,2,E,5,W
217,669.61,751.20,3,E,5,W
162,573.12,755.33,1,E,5,W
42,597.74,755.63,1,S,5,W
43,598.24,755.93,1,S,5,W
44,600.94,756.23,1,S,5,W
49,614.52,757.43,1,S,5,W
50,614.86,757.73,1,S,5,W
216,649.21,771.84,3,E,5,N
197,613.20,772.14,3,W,5,N
198,619.14,772.44,3,W,5,N
199,628.53,772.74,3,W,5,N
218,671.80,773.04,3,E,5,N
219,675.49,773.34,3,E,5,N
184,632.76,773.64,2,E,5,N
161,502.52,773.94,1,E,5,N
45,604.89,774.24,1,S,5,N
46,608.74,774.54,1,S,5,N
48,612.26,774.84,1,S,5,N
123,588.90,776.42,1,W,5,E
131,662.70,780.52,1,W,5,E
121,581.32,781.96,1,W,5,N
125,600.25,783.16,1,W,5,N
126,601.08,783.46,1,W,5,N
132,682.29,784.22,1,W,2,W
129,614.57,784.36,1,W,5,N
57,696.10,800.70,1,S,3,W
64,708.68,802.50,1,S,3,E
61,703.08,803.50,1,S,1,W
66,710.96,803.80,1,S,1,W
291,749.60,815.84,5,W,5,N
292,752.36,816.14,5,W,5,N
293,757.45,816.44,5,W,5,N
294,761.19,816.74,5,W,5,N
295,790.48,817.04,5,W,5,N
296,790.83,817.34,5,W,5,N
297,794.15,817.64,5,W,5,N
136,730.93,821.49,1,W,3,E
323,764.71,829.84,5,E,5,N
324,764.77,830.14,5,E,5,N
325,778.58,830.44,5,E,5,N
120,578.86,849.60,1,W,5,W
122,585.09,849.90,1,W,5,W
124,592.25,850.20,1,W,5,W
221,785.17,850.50,3,E,5,W
222,787.92,850.80,3,E,5,W
54,688.24,855.73,1,S,5,W
59,699.33,856.93,1,S,5,W
60,699.89,857.23,1,S,5,W
65,709.64,858.43,1,S,5,W
67,714.04,858.73,1,S,5,W
68,718.91,859.03,1,S,5,W
70,722.44,859.33,1,S,5,W
220,774.21,865.60,3,E,5,E
200,777.55,872.04,3,W,5,N
201,779.28,872.34,3,W,5,N
185,722.65,872.64,2,E,5,N
175,712.91,872.94,2,W,5,N
164,651.78,873.24,1,E,5,N
53,685.04,873.54,1,S,5,N
55,690.74,873.84,1,S,5,N
58,696.99,874.14,1,S,5,N
62,703.97,874.44,1,S,5,N
63,705.03,874.74,1,S,5,N
72,729.95,875.04,1,S,5,N
133,714.48,882.36,1,W,5,N
186,778.89,898.70,2,E,3,E
298,823.73,915.74,5,W,5,N
299,825.04,916.04,5,W,5,N
300,845.60,916.34,5,W,5,N
301,859.89,916.64,5,W,5,N
302,862.41,916.94,5,W,5,N
303,879.25,917.24,5,W,5,N
304,881.35,917.54,5,W,5,N
305,883.98,917.84,5,W,5,N
306,887.46,918.14,5,W,5,N
307,887.88,918.44,5,W,5,N
308,890.62,918.74,5,W,5,N
139,773.78,921.29,1,W,3,W
326,884.94,929.74,5,E,5,N
327,896.07,930.04,5,E,5,N
134,722.46,949.50,1,W,5,W
135,724.79,949.80,1,W,5,W
224,853.54,950.10,3,E,5,W
228,879.21,950.40,3,E,5,W
165,778.96,954.63,1,E,5,W
166,790.89,954.93,1,E,5,W
167,800.65,955.23,1,E,5,W
223,825.37,965.50,3,E,5,E
225,856.82,971.94,3,E,5,N
226,859.00,972.24,3,E,5,N
227,861.19,972.54,3,E,5,N
229,890.34,972.84,3,E,5,N
73,792.61,973.14,1,S,5,N
138,769.04,982.76,1,W,5,N
143,852.40,984.26,1,W,5,N
137,769.00,1049.40,1,W,5,W
140,808.34,1049.70,1,W,5,W
141,808.81,1050.00,1,W,5,W
142,813.17,1050.30,1,W,5,W
144,855.64,1050.60,1,W,5,W
76,884.95,1055.63,1,S,5,W
74,877.41,1066.30,1,S,5,E
176,881.76,1071.54,2,W,5,N
187,868.47,1071.84,2,E,5,N
168,881.17,1072.14,1,E,5,N
75,878.29,1072.74,1,S,5,N
145,887.32,1082.86,1,W,5,N