id,enter_time,exit_time,entrance_intersection,entrance_direction,exit_intersection,exit_direction
278,3.71,16.64,5,W,5,N
343,1.31,30.64,5,E,5,N
6,77.20,100.70,1,S,1,W
7,80.70,101.00,1,S,1,W
8,83.04,101.30,1,S,1,W
10,86.74,101.60,1,S,1,W
11,89.11,103.25,1,S,1,W
279,41.21,116.54,5,W,5,N
280,45.50,116.84,5,W,5,N
281,46.57,117.14,5,W,5,N
282,50.73,117.44,5,W,5,N
283,54.14,117.74,5,W,5,N
284,57.51,118.04,5,W,5,N
285,88.60,118.34,5,W,5,N
286,92.77,118.64,5,W,5,N
287,94.63,118.94,5,W,5,N
288,97.78,119.24,5,W,5,N
289,99.86,119.54,5,W,5,N
290,102.71,119.84,5,W,5,N
21,115.67,129.81,1,S,1,E
344,110.53,130.54,5,E,5,N
345,130.86,137.00,5,E,5,N
25,126.73,140.86,1,S,1,E
225,82.03,162.57,2,W,3,W
224,18.99,172.44,2,W,5,N
250,43.04,172.74,3,W,5,N
136,29.57,174.02,1,W,5,E
133,2.17,179.26,1,W,5,N
140,66.22,182.12,1,W,2,W
137,58.18,182.14,1,W,5,N
138,61.83,185.79,1,W,5,N
193,34.75,192.06,1,E,5,N
19,109.18,201.10,1,S,1,W
22,120.44,201.40,1,S,1,W
24,123.51,201.70,1,S,1,W
5,74.37,201.90,1,S,3,W
31,157.16,202.00,1,S,1,W
32,159.93,215.40,1,S,1,E
291,124.67,216.44,5,W,5,N
292,208.26,216.74,5,W,5,N
293,211.23,217.37,5,W,5,N
294,213.46,219.60,5,W,5,N
145,123.16,219.69,1,W,3,W
295,213.82,219.95,5,W,5,N
296,217.66,223.80,5,W,5,N
297,220.33,226.46,5,W,5,N
298,221.58,227.72,5,W,5,N
346,216.50,230.44,5,E,5,N
347,217.65,230.74,5,E,5,N
134,7.24,250.20,1,W,5,W
135,28.53,250.50,1,W,5,W
194,55.80,250.80,1,E,5,W
259,107.06,251.10,3,E,5,W
35,163.99,252.90,1,S,2,W
4,68.84,257.23,1,S,5,W
13,94.57,258.43,1,S,5,W
23,123.09,260.53,1,S,5,W
236,86.10,266.20,2,E,5,E
195,74.78,267.10,1,E,5,E
1,64.85,267.70,1,S,5,E
15,101.39,269.50,1,S,5,E
20,112.04,270.70,1,S,5,E
251,159.59,272.64,3,W,5,N
260,187.84,272.94,3,E,5,N
0,62.98,273.54,1,S,5,N
2,66.81,274.14,1,S,5,N
3,67.64,274.44,1,S,5,N
9,85.33,274.74,1,S,5,N
12,92.69,275.04,1,S,5,N
14,99.03,275.34,1,S,5,N
146,137.47,275.62,1,W,5,E
16,102.63,275.94,1,S,5,N
17,104.17,276.24,1,S,5,N
18,106.92,276.54,1,S,5,N
139,65.20,279.66,1,W,5,N
142,85.66,280.56,1,W,5,N
143,89.59,280.86,1,W,5,N
144,92.56,281.16,1,W,5,N
38,250.22,301.50,1,S,1,W
41,253.05,301.80,1,S,1,W
42,255.85,302.10,1,S,1,W
46,259.79,302.40,1,S,1,W
45,257.59,316.10,1,S,1,E
299,255.67,316.34,5,W,5,N
300,322.93,329.06,5,W,5,N
348,324.56,330.70,5,E,5,N
141,68.19,350.10,1,W,5,W
147,158.10,350.40,1,W,5,W
237,183.64,350.70,2,E,5,W
261,293.08,351.00,3,E,5,W
50,337.88,352.02,1,S,1,E
196,173.45,355.53,1,E,5,W
28,150.56,356.43,1,S,5,W
29,153.93,356.73,1,S,5,W
30,156.46,357.03,1,S,5,W
33,160.39,357.33,1,S,5,W
238,210.71,366.10,2,E,5,E
252,212.08,372.54,3,W,5,N
26,138.66,372.84,1,S,5,N
27,140.26,373.14,1,S,5,N
34,160.79,373.44,1,S,5,N
148,176.39,380.06,1,W,5,N
149,179.92,380.36,1,W,5,N
150,184.16,380.66,1,W,5,N
151,235.34,380.96,1,W,5,N
39,250.38,401.20,1,S,3,W
48,334.22,401.90,1,S,1,W
301,324.45,416.24,5,W,5,N
302,345.44,416.54,5,W,5,N
303,350.67,416.84,5,W,5,N
304,401.82,417.14,5,W,5,N
305,404.88,417.44,5,W,5,N
306,406.88,417.74,5,W,5,N
307,408.17,418.04,5,W,5,N
308,408.74,418.34,5,W,5,N
152,268.31,418.69,1,W,3,E
349,359.08,430.24,5,E,5,N
350,414.05,430.54,5,E,5,N
56,423.09,437.23,1,S,1,E
203,373.78,451.60,1,E,2,W
37,243.63,456.53,1,S,5,W
40,252.01,457.13,1,S,5,W
239,295.07,472.14,2,E,5,N
226,268.91,472.44,2,W,5,N
227,289.27,472.74,2,W,5,N
253,329.06,473.04,3,W,5,N
262,359.56,473.34,3,E,5,N
254,370.56,473.64,3,W,5,N
197,226.86,473.94,1,E,5,N
198,237.40,474.24,1,E,5,N
199,249.09,474.54,1,E,5,N
36,243.54,474.84,1,S,5,N
43,256.83,475.14,1,S,5,N
44,256.90,475.44,1,S,5,N
47,261.24,475.74,1,S,5,N
153,317.97,480.76,1,W,5,N
154,320.19,481.06,1,W,5,N
155,341.37,481.36,1,W,5,N
156,391.36,483.02,1,W,2,E
200,302.35,499.80,1,E,3,E
58,431.98,508.31,1,S,3,E
309,442.37,516.14,5,W,5,N
310,458.30,516.44,5,W,5,N
311,460.72,516.74,5,W,5,N
312,475.87,517.04,5,W,5,N
313,478.76,517.34,5,W,5,N
314,483.97,517.64,5,W,5,N
351,512.42,530.14,5,E,5,N
352,536.51,542.65,5,E,5,N
49,336.73,549.90,1,S,5,W
202,358.38,556.03,1,E,5,W
204,379.40,556.33,1,E,5,W
51,348.50,556.63,1,S,5,W
52,351.44,556.93,1,S,5,W
57,427.29,559.24,1,S,5,W
240,367.85,572.04,2,E,5,N
263,428.94,572.34,3,E,5,N
264,432.53,572.64,3,E,5,N
255,496.96,572.94,3,W,5,N
228,443.85,573.24,2,W,5,N
201,342.34,573.54,1,E,5,N
53,353.37,573.84,1,S,5,N
54,353.80,574.14,1,S,5,N
55,354.51,574.44,1,S,5,N
158,440.73,581.46,1,W,5,N
159,447.17,581.76,1,W,5,N
242,542.52,599.30,2,E,3,E
205,483.92,599.60,1,E,3,E
66,552.66,602.70,1,S,1,W
315,580.51,616.04,5,W,5,N
316,584.71,616.34,5,W,5,N
317,584.85,616.64,5,W,5,N
318,588.75,616.94,5,W,5,N
69,555.12,617.00,1,S,1,E
319,593.66,617.24,5,W,5,N
320,594.77,617.54,5,W,5,N
321,596.84,617.84,5,W,5,N
322,613.46,619.59,5,W,5,N
323,615.86,622.00,5,W,5,N
324,618.59,624.73,5,W,5,N
325,620.57,626.71,5,W,5,N
353,552.00,630.04,5,E,5,N
354,555.65,630.34,5,E,5,N
355,556.35,630.64,5,E,5,N
157,395.32,649.80,1,W,5,W
241,450.88,650.10,2,E,5,W
268,538.60,650.40,3,E,5,W
266,532.02,667.00,3,E,5,E
229,468.56,671.94,2,W,5,N
230,511.04,672.24,2,W,5,N
256,548.20,672.54,3,W,5,N
265,518.88,672.84,3,E,5,N
267,535.92,673.44,3,E,5,N
269,567.09,673.74,3,E,5,N
59,474.46,674.04,1,S,5,N
60,475.10,674.34,1,S,5,N
61,478.79,674.64,1,S,5,N
62,480.36,674.94,1,S,5,N
161,506.33,681.56,1,W,5,N
169,563.91,681.73,1,W,5,E
165,543.86,682.76,1,W,5,N
166,550.10,683.06,1,W,5,N
167,554.42,683.36,1,W,5,N
168,561.02,684.98,1,W,5,N
74,637.97,703.10,1,S,1,W
71,561.39,703.30,1,S,3,W
78,682.94,703.40,1,S,1,W
79,684.24,703.70,1,S,1,W
75,638.14,714.46,1,S,3,W
326,636.10,715.94,5,W,5,N
327,640.58,716.24,5,W,5,N
328,698.26,716.54,5,W,5,N
329,701.49,716.84,5,W,5,N
356,661.40,729.94,5,E,5,N
357,691.51,730.24,5,E,5,N
160,492.14,749.70,1,W,5,W
162,520.25,750.00,1,W,5,W
163,523.59,750.30,1,W,5,W
164,525.23,750.60,1,W,5,W
271,665.90,750.90,3,E,5,W
273,681.21,751.20,3,E,5,W
257,689.56,751.50,3,W,5,W
207,533.13,755.63,1,E,5,W
209,541.86,756.23,1,E,5,W
210,546.08,756.53,1,E,5,W
243,562.90,771.84,2,E,5,N
270,630.62,772.14,3,E,5,N
272,677.74,772.44,3,E,5,N
244,603.11,772.74,2,E,5,N
245,631.19,773.04,2,E,5,N
206,522.10,773.34,1,E,5,N
208,539.50,773.64,1,E,5,N
211,574.48,773.94,1,E,5,N
63,548.42,774.24,1,S,5,N
64,549.41,774.54,1,S,5,N
65,552.45,774.84,1,S,5,N
67,553.07,775.14,1,S,5,N
68,554.35,775.44,1,S,5,N
70,556.73,775.74,1,S,5,N
72,561.45,776.04,1,S,5,N
170,567.73,781.66,1,W,5,N
171,581.66,781.96,1,W,5,N
173,618.79,782.56,1,W,5,N
175,683.19,784.22,1,W,2,W
174,664.01,787.97,1,W,5,N
212,609.21,800.10,1,E,3,E
86,766.48,803.50,1,S,1,W
87,770.03,803.80,1,S,1,W
89,790.41,804.55,1,S,1,W
91,797.61,811.74,1,S,1,W
330,734.97,815.84,5,W,5,N
331,742.81,816.14,5,W,5,N
332,743.74,816.44,5,W,5,N
333,771.61,816.74,5,W,5,N
94,804.80,818.94,1,S,1,E
176,697.09,820.59,1,W,3,E
97,810.02,824.16,1,S,1,E
358,829.81,835.95,5,E,5,N
73,634.18,849.60,1,S,5,W
172,614.62,849.90,1,W,5,W
274,701.68,850.20,3,E,5,W
275,770.75,850.50,3,E,5,W
231,673.52,854.53,2,W,5,W
232,703.25,855.13,2,W,5,W
233,714.28,855.43,2,W,5,W
213,645.38,856.03,1,E,5,W
214,677.45,856.33,1,E,5,W
76,639.76,856.63,1,S,5,W
81,690.95,857.53,1,S,5,W
276,774.17,871.74,3,E,5,N
258,798.06,872.04,3,W,5,N
246,695.04,872.34,2,E,5,N
77,680.23,872.64,1,S,5,N
80,687.56,872.94,1,S,5,N
178,710.12,882.96,1,W,5,N
179,749.58,883.26,1,W,5,N
186,847.27,885.82,1,W,2,W
187,847.83,886.12,1,W,2,W
82,757.64,901.40,1,S,3,W
90,796.86,902.90,1,S,3,W
93,801.85,903.50,1,S,3,E
96,808.03,903.90,1,S,1,W
101,814.78,904.20,1,S,1,W
104,823.97,904.50,1,S,1,W
110,837.24,904.80,1,S,1,W
113,842.88,905.10,1,S,1,W
114,842.98,905.40,1,S,1,W
124,872.73,905.70,1,S,1,W
127,883.76,906.00,1,S,1,W
334,831.81,915.74,5,W,5,N
335,832.33,916.04,5,W,5,N
336,834.10,916.34,5,W,5,N
337,838.27,916.64,5,W,5,N
338,841.88,916.94,5,W,5,N
339,860.30,917.24,5,W,5,N
340,862.94,917.54,5,W,5,N
341,867.94,917.84,5,W,5,N
342,897.44,918.14,5,W,5,N
123,870.29,919.40,1,S,1,E
189,854.02,922.79,1,W,3,W
177,707.32,949.50,1,W,5,W
180,752.12,949.80,1,W,5,W
181,754.52,950.10,1,W,5,W
247,753.40,954.33,2,E,5,W
248,808.11,954.93,2,E,5,W
216,738.90,955.83,1,E,5,W
219,759.32,956.73,1,E,5,W
95,805.28,959.43,1,S,5,W
105,826.78,961.23,1,S,5,W
98,810.88,968.80,1,S,5,E
99,812.09,969.10,1,S,5,E
277,893.33,971.64,3,E,5,N
234,774.79,971.94,2,W,5,N
235,781.53,972.24,2,W,5,N
215,734.63,972.54,1,E,5,N
217,743.20,972.84,1,E,5,N
218,749.00,973.14,1,E,5,N
83,759.94,973.44,1,S,5,N
84,761.70,973.74,1,S,5,N
85,763.73,974.04,1,S,5,N
88,781.22,974.34,1,S,5,N
92,798.02,974.64,1,S,5,N
100,812.16,975.54,1,S,5,N
102,815.18,975.84,1,S,5,N
103,819.31,976.14,1,S,5,N
106,829.30,976.44,1,S,5,N
107,831.14,976.74,1,S,5,N
109,834.43,977.04,1,S,5,N
111,839.54,977.64,1,S,5,N
182,806.29,982.46,1,W,5,N
184,841.31,983.06,1,W,5,N
185,844.42,983.36,1,W,5,N
188,851.56,984.26,1,W,5,N
190,854.55,984.86,1,W,5,N
191,854.77,985.16,1,W,5,N
192,861.54,985.50,1,W,5,N
221,817.93,999.10,1,E,3,W
222,820.82,999.40,1,E,3,W
122,868.00,1002.40,1,S,3,E
108,832.05,1049.40,1,S,5,W
183,822.21,1049.70,1,W,5,W
115,846.17,1055.93,1,S,5,W
118,856.02,1056.83,1,S,5,W
119,858.90,1057.13,1,S,5,W
121,864.92,1057.73,1,S,5,W
132,897.49,1060.13,1,S,5,W
249,882.21,1071.54,2,E,5,N
220,814.61,1071.84,1,E,5,N
223,840.92,1072.14,1,E,5,N
112,840.91,1072.44,1,S,5,N
116,850.70,1072.74,1,S,5,N
117,853.89,1073.04,1,S,5,N
120,862.45,1073.34,1,S,5,N
125,876.56,1073.64,1,S,5,N
126,878.89,1073.94,1,S,5,N
128,887.67,1074.24,1,S,5,N
129,888.88,1074.54,1,S,5,N
130,893.27,1074.84,1,S,5,N
131,897.12,1075.14,1,S,5,N