id,enter_time,exit_time,entrance_intersection,entrance_direction,exit_intersection,exit_direction
228,4.73,16.64,5,W,5,N
174,39.76,100.30,2,W,3,E
0,1.59,100.70,1,S,1,W
2,69.78,101.00,1,S,1,W
229,62.55,116.54,5,W,5,N
230,67.85,116.84,5,W,5,N
231,69.31,117.14,5,W,5,N
232,70.37,117.44,5,W,5,N
233,71.80,117.74,5,W,5,N
234,75.66,118.04,5,W,5,N
235,79.29,118.34,5,W,5,N
141,16.87,130.29,1,E,3,E
288,51.99,130.54,5,E,5,N
9,120.63,134.76,1,S,1,E
289,133.27,139.40,5,E,5,N
290,135.05,141.19,5,E,5,N
211,2.33,150.30,3,E,5,W
212,69.25,150.60,3,E,5,W
213,72.08,150.90,3,E,5,W
214,74.89,151.20,3,E,5,W
173,16.58,172.44,2,W,5,N
199,43.13,172.74,3,W,5,N
1,4.86,173.04,1,S,5,N
73,3.25,179.26,1,W,5,N
74,10.16,179.56,1,W,5,N
76,15.05,180.16,1,W,5,N
77,48.16,180.46,1,W,5,N
78,64.04,188.00,1,W,5,N
178,145.56,200.40,2,W,3,E
13,130.15,201.10,1,S,1,W
14,190.40,204.54,1,S,1,W
15,192.01,213.90,1,S,1,E
236,140.52,216.44,5,W,5,N
237,142.01,216.74,5,W,5,N
238,142.06,217.04,5,W,5,N
239,161.73,217.34,5,W,5,N
240,174.69,217.64,5,W,5,N
241,175.62,217.94,5,W,5,N
242,196.94,218.24,5,W,5,N
243,197.67,218.54,5,W,5,N
244,210.04,218.84,5,W,5,N
291,161.23,230.44,5,E,5,N
292,165.37,230.74,5,E,5,N
293,168.54,231.04,5,E,5,N
294,170.59,231.34,5,E,5,N
75,12.24,250.20,1,W,5,W
142,19.23,250.50,1,E,5,W
176,106.34,250.80,2,W,5,W
16,195.30,251.10,1,S,2,W
177,126.94,251.10,2,W,5,W
200,156.75,251.40,3,W,5,W
8,115.38,258.73,1,S,5,W
12,127.29,259.63,1,S,5,W
189,223.81,262.67,2,E,3,E
175,51.99,272.34,2,W,5,N
187,83.55,272.64,2,E,5,N
215,184.62,272.94,3,E,5,N
188,128.26,273.24,2,E,5,N
79,67.36,273.52,1,W,5,E
143,26.67,273.54,1,E,5,N
144,29.64,273.84,1,E,5,N
145,81.83,274.14,1,E,5,N
3,71.47,274.44,1,S,5,N
4,71.89,274.74,1,S,5,N
5,72.24,275.04,1,S,5,N
6,114.37,275.34,1,S,5,N
7,115.20,275.64,1,S,5,N
10,123.56,275.94,1,S,5,N
11,126.94,276.24,1,S,5,N
81,73.48,280.26,1,W,5,N
82,73.63,280.56,1,W,5,N
85,116.49,281.46,1,W,5,N
86,147.61,281.76,1,W,5,N
87,150.72,282.06,1,W,5,N
88,154.90,282.36,1,W,5,N
89,162.77,286.73,1,W,5,N
146,160.65,292.46,1,E,5,N
17,255.50,301.50,1,S,1,W
245,231.74,316.34,5,W,5,N
246,302.12,316.64,5,W,5,N
92,169.69,318.89,1,W,3,W
94,175.91,319.49,1,W,3,W
295,260.38,330.34,5,E,5,N
296,271.54,330.64,5,E,5,N
297,326.83,332.96,5,E,5,N
298,327.13,333.26,5,E,5,N
299,327.15,333.29,5,E,5,N
300,330.25,336.39,5,E,5,N
80,70.41,350.10,1,W,5,W
83,80.26,350.40,1,W,5,W
84,116.24,350.70,1,W,5,W
216,268.79,351.00,3,E,5,W
18,267.10,351.50,1,S,2,E
179,188.53,372.24,2,W,5,N
201,257.60,372.54,3,W,5,N
147,190.96,372.84,1,E,5,N
148,193.85,373.14,1,E,5,N
91,168.45,374.22,1,W,5,E
98,245.07,376.32,1,W,5,E
90,166.35,380.06,1,W,5,N
93,173.00,380.96,1,W,5,N
95,190.86,381.56,1,W,5,N
96,235.14,381.86,1,W,5,N
97,238.63,382.16,1,W,5,N
100,255.41,383.06,1,W,5,N
27,383.30,401.90,1,S,1,W
247,332.88,416.24,5,W,5,N
248,334.40,416.54,5,W,5,N
249,346.41,416.84,5,W,5,N
250,360.83,417.14,5,W,5,N
251,362.46,417.44,5,W,5,N
252,364.87,417.74,5,W,5,N
253,386.58,418.04,5,W,5,N
254,406.68,418.34,5,W,5,N
301,412.47,430.24,5,E,5,N
302,423.40,430.54,5,E,5,N
303,433.74,439.88,5,E,5,N
99,248.47,450.00,1,W,5,W
190,288.08,450.30,2,E,5,W
152,356.24,450.70,1,E,2,W
149,215.30,455.33,1,E,5,W
20,273.77,456.53,1,S,5,W
191,387.77,462.87,2,E,3,W
217,361.82,472.14,3,E,5,N
218,365.08,472.44,3,E,5,N
150,222.21,472.74,1,E,5,N
151,251.48,473.04,1,E,5,N
19,273.24,473.34,1,S,5,N
101,270.19,480.46,1,W,5,N
102,281.79,480.76,1,W,5,N
103,305.51,481.06,1,W,5,N
104,317.61,481.36,1,W,5,N
106,352.33,481.96,1,W,5,N
33,442.76,502.30,1,S,1,W
34,445.60,502.60,1,S,1,W
31,438.66,515.10,1,S,1,E
32,440.87,515.40,1,S,1,E
255,426.88,516.14,5,W,5,N
37,460.10,516.30,1,S,1,E
256,428.21,516.44,5,W,5,N
257,449.24,516.74,5,W,5,N
258,452.87,517.04,5,W,5,N
259,456.53,517.34,5,W,5,N
260,460.48,517.64,5,W,5,N
261,464.97,517.94,5,W,5,N
262,468.22,518.24,5,W,5,N
263,468.89,518.54,5,W,5,N
105,320.06,549.90,1,W,5,W
21,356.05,556.03,1,S,5,W
181,429.45,568.30,2,W,5,E
24,372.11,569.80,1,S,5,E
180,382.23,572.04,2,W,5,N
202,401.09,572.34,3,W,5,N
219,438.60,572.64,3,E,5,N
203,438.25,572.94,3,W,5,N
220,442.24,573.24,3,E,5,N
204,438.36,573.54,3,W,5,N
205,438.53,573.84,3,W,5,N
221,471.42,574.14,3,E,5,N
192,450.18,574.74,2,E,5,N
153,372.59,575.04,1,E,5,N
22,359.58,575.34,1,S,5,N
23,363.45,575.64,1,S,5,N
25,379.81,576.24,1,S,5,N
26,379.87,576.54,1,S,5,N
28,385.80,576.84,1,S,5,N
29,388.15,577.14,1,S,5,N
30,437.21,577.44,1,S,5,N
107,371.14,580.86,1,W,5,N
108,372.55,581.16,1,W,5,N
109,394.88,581.46,1,W,5,N
110,397.77,581.76,1,W,5,N
111,400.22,582.06,1,W,5,N
112,414.11,582.36,1,W,5,N
113,420.38,582.66,1,W,5,N
156,463.54,600.20,1,E,3,E
41,542.39,602.70,1,S,1,W
47,573.99,603.00,1,S,1,W
50,582.57,603.30,1,S,1,W
53,590.18,604.32,1,S,1,W
40,533.00,609.32,1,S,3,E
42,547.82,615.50,1,S,1,E
264,537.78,616.04,5,W,5,N
265,564.37,616.34,5,W,5,N
266,566.84,616.64,5,W,5,N
267,568.62,616.94,5,W,5,N
268,570.98,617.24,5,W,5,N
269,574.93,617.54,5,W,5,N
270,577.11,617.84,5,W,5,N
271,580.30,618.14,5,W,5,N
272,582.33,618.44,5,W,5,N
304,565.09,630.04,5,E,5,N
305,571.14,630.34,5,E,5,N
114,423.17,649.80,1,W,5,W
206,580.13,650.10,3,W,5,W
207,586.67,650.40,3,W,5,W
154,404.54,655.23,1,E,5,W
155,441.68,655.53,1,E,5,W
157,475.11,656.13,1,E,5,W
35,446.13,657.03,1,S,5,W
36,457.12,657.33,1,S,5,W
38,464.10,657.63,1,S,5,W
182,478.07,671.94,2,W,5,N
193,481.20,672.24,2,E,5,N
222,504.79,672.54,3,E,5,N
223,537.69,672.84,3,E,5,N
194,543.81,673.14,2,E,5,N
158,478.99,673.44,1,E,5,N
159,484.90,673.74,1,E,5,N
39,529.97,674.04,1,S,5,N
116,499.11,681.56,1,W,5,N
162,595.20,700.00,1,E,3,W
45,570.28,700.90,1,S,3,W
55,652.97,703.10,1,S,1,W
273,649.94,715.94,5,W,5,N
274,674.80,716.24,5,W,5,N
275,675.61,716.54,5,W,5,N
123,667.00,729.19,1,W,3,W
306,676.27,729.94,5,E,5,N
307,693.37,730.24,5,E,5,N
308,705.34,730.54,5,E,5,N
309,706.30,730.84,5,E,5,N
115,468.71,749.70,1,W,5,W
117,539.06,750.00,1,W,5,W
208,696.26,751.90,3,W,5,W
160,564.17,755.03,1,E,5,W
161,585.87,755.33,1,E,5,W
49,580.69,757.43,1,S,5,W
224,608.32,771.84,3,E,5,N
225,697.44,772.14,3,E,5,N
195,627.71,772.44,2,E,5,N
43,559.04,772.74,1,S,5,N
44,562.53,773.04,1,S,5,N
46,573.36,773.34,1,S,5,N
48,576.88,773.64,1,S,5,N
51,584.30,773.94,1,S,5,N
52,587.30,774.24,1,S,5,N
121,663.37,781.20,1,W,5,E
118,576.02,781.66,1,W,5,N
119,616.22,781.96,1,W,5,N
120,650.20,782.26,1,W,5,N
66,749.13,803.50,1,S,1,W
68,750.15,803.80,1,S,1,W
276,728.27,815.84,5,W,5,N
277,742.93,816.14,5,W,5,N
278,746.80,816.44,5,W,5,N
65,746.25,816.90,1,S,1,E
279,814.39,820.52,5,W,5,N
280,817.45,823.58,5,W,5,N
281,818.94,825.08,5,W,5,N
310,841.54,847.68,5,E,5,N
122,663.57,849.60,1,W,5,W
196,704.41,854.83,2,E,5,W
184,709.18,855.13,2,W,5,W
164,642.13,855.73,1,E,5,W
56,654.35,856.33,1,S,5,W
58,657.93,856.93,1,S,5,W
61,681.74,867.70,1,S,5,E
226,787.63,871.74,3,E,5,N
183,653.98,872.04,2,W,5,N
163,613.35,872.34,1,E,5,N
54,651.17,872.64,1,S,5,N
57,654.85,872.94,1,S,5,N
59,673.28,873.24,1,S,5,N
60,678.11,873.54,1,S,5,N
62,685.51,874.14,1,S,5,N
124,669.32,882.06,1,W,5,N
125,672.48,882.36,1,W,5,N
127,680.88,882.96,1,W,5,N
128,725.58,883.26,1,W,5,N
129,727.76,883.56,1,W,5,N
130,760.81,884.77,1,W,5,N
132,775.68,884.92,1,W,2,E
137,847.09,886.42,1,W,2,W
282,843.53,915.74,5,W,5,N
283,872.92,916.04,5,W,5,N
284,877.31,916.34,5,W,5,N
285,879.91,916.64,5,W,5,N
286,884.98,916.94,5,W,5,N
287,888.04,917.24,5,W,5,N
311,851.77,929.74,5,E,5,N
312,864.08,930.04,5,E,5,N
313,873.27,930.34,5,E,5,N
314,882.81,930.64,5,E,5,N
126,679.95,949.50,1,W,5,W
210,840.12,949.80,3,W,5,W
227,873.93,950.10,3,E,5,W
197,803.55,954.33,2,E,5,W
185,772.60,954.63,2,W,5,W
186,838.02,954.93,2,W,5,W
167,756.16,955.83,1,E,5,W
63,742.72,956.13,1,S,5,W
209,837.21,971.64,3,W,5,N
165,717.77,971.94,1,E,5,N
166,737.86,972.24,1,E,5,N
64,744.44,972.54,1,S,5,N
67,749.58,972.84,1,S,5,N
138,849.60,978.42,1,W,5,E
131,768.38,982.46,1,W,5,N
133,777.76,983.06,1,W,5,N
134,780.62,983.36,1,W,5,N
135,802.06,983.66,1,W,5,N
136,805.42,983.96,1,W,5,N
139,850.87,984.86,1,W,5,N
171,875.23,999.70,1,E,3,W
198,891.18,1054.13,2,E,5,W
170,832.42,1055.03,1,E,5,W
172,885.83,1055.63,1,E,5,W
69,844.50,1055.93,1,S,5,W
72,853.19,1056.83,1,S,5,W
169,830.12,1065.70,1,E,5,E
168,810.59,1071.54,1,E,5,N
70,848.07,1072.14,1,S,5,N
71,849.17,1072.44,1,S,5,N
140,876.49,1149.30,1,W,5,W