id,enter_time,exit_time,entrance_intersection,entrance_direction,exit_intersection,exit_direction
1,1.24,15.37,1,S,1,E
287,2.22,16.64,5,W,5,N
288,5.07,16.94,5,W,5,N
289,8.78,17.24,5,W,5,N
347,44.68,50.81,5,E,5,N
2,3.77,100.70,1,S,1,W
7,26.02,101.00,1,S,1,W
10,32.96,101.30,1,S,1,W
290,38.27,116.54,5,W,5,N
291,41.36,116.84,5,W,5,N
292,43.76,117.14,5,W,5,N
293,76.43,117.44,5,W,5,N
294,80.08,117.74,5,W,5,N
295,83.47,118.04,5,W,5,N
296,107.82,118.34,5,W,5,N
15,108.88,123.02,1,S,1,E
348,55.53,130.54,5,E,5,N
349,58.04,130.84,5,E,5,N
350,113.52,131.14,5,E,5,N
351,124.57,131.44,5,E,5,N
352,132.95,139.08,5,E,5,N
254,53.55,150.30,3,W,5,W
269,13.58,150.60,3,E,5,W
13,103.09,152.20,1,S,2,W
243,37.18,155.93,2,E,5,W
0,0.21,156.23,1,S,5,W
4,8.26,156.83,1,S,5,W
6,14.28,157.43,1,S,5,W
8,29.55,161.50,1,S,5,W
9,30.41,162.37,1,S,5,W
3,4.45,172.44,1,S,5,N
5,10.71,172.74,1,S,5,N
115,19.34,179.56,1,W,5,N
123,149.24,183.62,1,W,2,W
124,152.29,183.92,1,W,2,E
186,5.62,192.06,1,E,5,N
14,103.13,201.10,1,S,1,W
23,131.49,201.40,1,S,1,W
28,146.19,201.70,1,S,1,W
30,150.90,202.00,1,S,1,W
34,162.02,202.30,1,S,1,W
297,140.50,216.44,5,W,5,N
298,143.78,216.74,5,W,5,N
299,165.11,217.04,5,W,5,N
300,167.53,217.34,5,W,5,N
301,170.16,217.64,5,W,5,N
302,175.17,217.94,5,W,5,N
353,157.71,230.44,5,E,5,N
354,165.65,230.74,5,E,5,N
355,190.95,231.04,5,E,5,N
356,200.99,231.34,5,E,5,N
357,202.83,231.64,5,E,5,N
358,214.48,231.94,5,E,5,N
11,34.02,250.20,1,S,5,W
194,144.13,250.50,1,E,2,W
114,12.01,250.50,1,W,5,W
116,57.85,250.80,1,W,5,W
187,9.76,251.10,1,E,5,W
270,122.71,251.40,3,E,5,W
198,157.67,251.70,1,E,2,W
274,158.83,251.70,3,E,5,W
255,194.49,252.00,3,W,5,W
188,15.38,255.73,1,E,5,W
189,16.83,256.03,1,E,5,W
190,37.16,256.33,1,E,5,W
191,76.75,256.63,1,E,5,W
12,37.26,257.23,1,S,5,W
17,109.33,257.83,1,S,5,W
19,122.93,258.43,1,S,5,W
20,125.26,258.73,1,S,5,W
22,129.95,261.91,1,S,5,W
192,79.27,268.60,1,E,5,E
230,57.02,272.34,2,W,5,N
244,117.68,272.64,2,E,5,N
231,79.94,272.94,2,W,5,N
232,123.22,273.24,2,W,5,N
271,126.36,273.54,3,E,5,N
272,141.60,273.84,3,E,5,N
273,144.96,274.14,3,E,5,N
275,169.23,274.44,3,E,5,N
16,109.03,275.04,1,S,5,N
18,119.94,275.34,1,S,5,N
21,128.60,275.64,1,S,5,N
118,81.90,279.96,1,W,5,N
120,124.81,280.56,1,W,5,N
121,127.41,280.86,1,W,5,N
122,145.77,281.16,1,W,5,N
125,155.34,282.06,1,W,5,N
128,213.01,282.82,1,W,2,W
38,239.90,301.50,1,S,1,W
33,159.59,303.20,1,S,3,E
37,235.47,311.80,1,S,3,W
39,240.99,314.30,1,S,1,E
303,242.60,316.34,5,W,5,N
304,299.02,316.64,5,W,5,N
305,302.07,316.94,5,W,5,N
126,171.41,318.29,1,W,3,E
359,318.30,330.34,5,E,5,N
360,322.69,330.64,5,E,5,N
24,131.84,350.10,1,S,5,W
117,75.17,350.40,1,W,5,W
119,122.26,350.70,1,W,5,W
193,140.32,351.00,1,E,5,W
256,238.80,351.30,3,W,5,W
276,252.26,351.60,3,E,5,W
195,146.16,355.53,1,E,5,W
196,151.14,355.83,1,E,5,W
26,141.50,357.33,1,S,5,W
27,143.17,357.63,1,S,5,W
32,158.79,358.53,1,S,5,W
245,203.46,372.24,2,E,5,N
197,153.86,372.54,1,E,5,N
199,168.89,372.84,1,E,5,N
200,197.97,373.14,1,E,5,N
25,138.31,373.44,1,S,5,N
29,148.70,373.74,1,S,5,N
31,153.13,374.04,1,S,5,N
35,231.90,374.34,1,S,5,N
127,174.67,380.36,1,W,5,N
129,215.47,380.96,1,W,5,N
130,218.95,381.26,1,W,5,N
131,249.11,381.56,1,W,5,N
202,300.20,400.60,1,E,3,E
306,323.49,416.24,5,W,5,N
42,402.28,416.42,1,S,1,E
307,340.19,416.54,5,W,5,N
308,342.59,416.84,5,W,5,N
309,345.31,417.14,5,W,5,N
310,348.45,417.44,5,W,5,N
311,351.61,417.74,5,W,5,N
312,371.09,418.04,5,W,5,N
313,385.87,418.34,5,W,5,N
136,280.87,419.59,1,W,3,W
138,303.45,420.19,1,W,3,E
361,431.64,437.78,5,E,5,N
362,441.25,447.39,5,E,5,N
36,235.43,450.00,1,S,5,W
132,252.95,450.30,1,W,5,W
246,286.12,450.60,2,E,5,W
233,310.73,450.90,2,W,5,W
234,321.90,451.20,2,W,5,W
278,382.76,451.50,3,E,5,W
258,388.24,451.80,3,W,5,W
40,301.44,456.53,1,S,5,W
41,302.37,456.83,1,S,5,W
236,392.92,462.87,2,W,3,W
277,348.62,472.14,3,E,5,N
257,355.96,472.44,3,W,5,N
235,346.85,472.74,2,W,5,N
247,347.18,473.04,2,E,5,N
201,264.73,473.34,1,E,5,N
135,278.08,474.92,1,W,5,E
140,320.57,476.42,1,W,5,E
133,271.57,480.46,1,W,5,N
137,283.76,481.66,1,W,5,N
139,316.83,482.26,1,W,5,N
142,329.13,483.16,1,W,5,N
144,350.16,483.76,1,W,5,N
146,354.47,484.36,1,W,5,N
147,358.08,484.66,1,W,5,N
148,361.37,485.33,1,W,5,N
149,364.69,488.64,1,W,5,N
46,415.38,502.30,1,S,1,W
47,430.27,502.60,1,S,1,W
49,431.01,502.90,1,S,1,W
50,434.19,510.52,1,S,3,E
314,454.57,516.14,5,W,5,N
315,457.07,516.44,5,W,5,N
316,457.44,516.74,5,W,5,N
57,468.80,516.90,1,S,1,E
150,366.87,519.09,1,W,3,W
317,515.47,521.61,5,W,5,N
318,519.31,525.44,5,W,5,N
319,520.03,526.17,5,W,5,N
134,275.54,549.90,1,W,5,W
141,322.07,550.20,1,W,5,W
143,331.33,550.50,1,W,5,W
145,350.55,550.80,1,W,5,W
248,431.66,555.13,2,E,5,W
205,343.98,556.03,1,E,5,W
207,351.45,556.63,1,E,5,W
44,408.82,557.53,1,S,5,W
48,430.86,568.30,1,S,5,E
259,488.65,572.04,3,W,5,N
279,498.58,572.34,3,E,5,N
203,313.86,572.64,1,E,5,N
204,318.99,572.94,1,E,5,N
206,347.54,573.24,1,E,5,N
208,364.60,573.54,1,E,5,N
43,405.23,573.84,1,S,5,N
45,413.05,574.14,1,S,5,N
153,412.15,581.76,1,W,5,N
154,446.20,582.06,1,W,5,N
155,452.67,582.36,1,W,5,N
163,522.54,585.52,1,W,2,W
209,493.57,599.30,1,E,3,W
54,461.11,600.50,1,S,3,E
63,552.24,602.70,1,S,1,W
68,569.11,603.00,1,S,1,W
71,577.64,603.30,1,S,1,W
73,582.52,603.60,1,S,1,W
75,589.47,603.61,1,S,1,W
320,523.63,616.04,5,W,5,N
321,527.25,616.34,5,W,5,N
322,530.56,616.64,5,W,5,N
323,543.37,616.94,5,W,5,N
324,556.64,617.24,5,W,5,N
325,562.52,617.54,5,W,5,N
326,577.87,617.84,5,W,5,N
327,581.79,618.14,5,W,5,N
328,585.28,618.44,5,W,5,N
329,588.16,618.74,5,W,5,N
80,602.99,619.40,1,S,1,E
363,577.79,630.04,5,E,5,N
364,588.35,630.34,5,E,5,N
365,595.24,630.64,5,E,5,N
151,368.27,649.80,1,W,5,W
152,371.51,650.10,1,W,5,W
366,644.96,651.09,5,E,5,N
52,452.71,655.53,1,S,5,W
53,458.20,655.83,1,S,5,W
56,467.15,656.73,1,S,5,W
59,472.02,657.33,1,S,5,W
61,480.77,657.93,1,S,5,W
87,621.92,662.17,1,S,2,W
60,475.98,667.60,1,S,5,E
249,501.81,671.94,2,E,5,N
260,521.48,672.24,3,W,5,N
280,501.53,672.54,3,E,5,N
51,449.49,672.84,1,S,5,N
55,463.78,673.14,1,S,5,N
58,471.20,673.44,1,S,5,N
164,524.67,677.52,1,W,5,E
156,466.78,681.26,1,W,5,N
157,470.01,681.56,1,W,5,N
160,503.31,682.46,1,W,5,N
161,503.34,682.76,1,W,5,N
162,503.38,683.06,1,W,5,N
165,526.84,683.96,1,W,5,N
166,541.64,684.26,1,W,5,N
167,549.19,684.56,1,W,5,N
168,556.58,684.86,1,W,5,N
84,616.10,703.10,1,S,1,W
88,622.83,703.40,1,S,1,W
83,612.43,704.50,1,S,3,W
91,698.98,713.12,1,S,1,W
330,657.74,715.94,5,W,5,N
331,660.72,716.24,5,W,5,N
332,662.00,716.54,5,W,5,N
333,664.30,716.84,5,W,5,N
334,665.84,717.14,5,W,5,N
335,672.33,717.44,5,W,5,N
336,678.15,717.74,5,W,5,N
337,685.36,718.04,5,W,5,N
338,685.45,718.34,5,W,5,N
339,686.95,718.64,5,W,5,N
340,707.13,718.94,5,W,5,N
341,709.54,719.24,5,W,5,N
342,713.70,719.83,5,W,5,N
367,683.73,729.94,5,E,5,N
368,694.97,730.24,5,E,5,N
369,713.91,730.54,5,E,5,N
370,725.94,732.08,5,E,5,N
158,472.57,749.70,1,W,5,W
159,474.78,750.00,1,W,5,W
250,573.04,750.30,2,E,5,W
237,575.42,750.60,2,W,5,W
262,644.08,750.90,3,W,5,W
210,515.00,754.73,1,E,5,W
212,550.31,755.33,1,E,5,W
65,559.90,756.23,1,S,5,W
67,563.37,756.83,1,S,5,W
86,618.32,760.73,1,S,5,W
70,574.85,768.10,1,S,5,E
79,599.28,769.90,1,S,5,E
261,633.77,771.84,3,W,5,N
281,621.14,772.14,3,E,5,N
282,637.33,772.44,3,E,5,N
211,532.11,772.74,1,E,5,N
62,549.17,773.04,1,S,5,N
64,555.55,773.34,1,S,5,N
66,560.75,773.64,1,S,5,N
69,571.27,773.94,1,S,5,N
72,579.15,774.54,1,S,5,N
74,586.11,774.84,1,S,5,N
76,589.68,775.14,1,S,5,N
77,592.12,775.44,1,S,5,N
78,595.50,775.74,1,S,5,N
81,605.29,776.34,1,S,5,N
82,612.03,776.64,1,S,5,N
85,617.27,776.94,1,S,5,N
89,624.76,777.24,1,S,5,N
90,624.93,777.54,1,S,5,N
102,738.90,779.15,1,S,2,W
170,608.63,781.96,1,W,5,N
172,620.15,782.56,1,W,5,N
217,677.59,800.70,1,E,3,W
96,723.17,803.50,1,S,1,W
105,748.29,803.80,1,S,1,W
343,740.20,815.84,5,W,5,N
344,791.65,816.14,5,W,5,N
345,797.08,816.44,5,W,5,N
104,745.76,816.60,1,S,1,E
109,757.11,817.80,1,S,1,E
371,815.64,829.84,5,E,5,N
372,827.58,833.72,5,E,5,N
169,605.25,849.60,1,W,5,W
171,612.29,849.90,1,W,5,W
173,661.87,850.20,1,W,5,W
283,734.58,850.50,3,E,5,W
267,745.54,850.80,3,W,5,W
252,726.45,854.83,2,E,5,W
218,684.99,856.63,1,E,5,W
92,701.47,857.23,1,S,5,W
100,735.73,870.10,1,S,5,E
263,700.35,871.74,3,W,5,N
264,709.63,872.04,3,W,5,N
265,714.62,872.34,3,W,5,N
266,742.69,872.64,3,W,5,N
251,671.09,872.94,2,E,5,N
213,608.64,873.24,1,E,5,N
214,613.09,873.54,1,E,5,N
215,619.84,873.84,1,E,5,N
216,659.80,874.14,1,E,5,N
219,685.26,874.44,1,E,5,N
93,705.07,874.74,1,S,5,N
94,709.91,875.04,1,S,5,N
95,720.27,875.34,1,S,5,N
97,728.01,875.64,1,S,5,N
99,733.63,875.94,1,S,5,N
101,737.70,876.54,1,S,5,N
175,739.91,882.36,1,W,5,N
240,810.97,899.60,2,W,3,W
222,751.73,901.10,1,E,3,W
103,741.84,902.00,1,S,3,E
111,823.19,903.20,1,S,3,W
110,819.46,903.90,1,S,1,W
346,833.89,915.74,5,W,5,N
373,866.82,929.74,5,E,5,N
374,869.57,930.04,5,E,5,N
98,730.32,949.50,1,S,5,W
174,713.75,949.80,1,W,5,W
284,846.47,950.10,3,E,5,W
285,850.18,950.40,3,E,5,W
225,811.38,951.20,1,E,2,W
253,808.33,954.33,2,E,5,W
220,718.57,956.13,1,E,5,W
223,756.69,957.03,1,E,5,W
106,748.63,957.93,1,S,5,W
113,828.75,960.71,1,S,5,W
286,853.77,965.50,3,E,5,E
268,889.51,971.94,3,W,5,N
238,764.09,972.24,2,W,5,N
239,788.05,972.54,2,W,5,N
241,836.05,972.84,2,W,5,N
242,846.01,973.14,2,W,5,N
221,746.93,973.44,1,E,5,N
224,772.79,973.74,1,E,5,N
107,750.81,974.04,1,S,5,N
108,753.31,974.34,1,S,5,N
112,826.49,974.64,1,S,5,N
177,786.04,976.62,1,W,5,E
176,778.72,982.46,1,W,5,N
179,851.36,983.36,1,W,5,N
180,866.74,990.70,1,W,5,N
178,799.86,1049.40,1,W,5,W
226,827.55,1054.13,1,E,5,W
228,850.70,1054.73,1,E,5,W
227,847.93,1071.54,1,E,5,N
229,866.86,1071.84,1,E,5,N
182,871.90,1077.02,1,W,5,E
181,869.29,1082.86,1,W,5,N
184,894.46,1083.76,1,W,5,N
185,896.83,1084.06,1,W,5,N
183,891.51,1149.30,1,W,5,W