id,enter_time,exit_time,entrance_intersection,entrance_direction,exit_intersection,exit_direction
266,4.16,66.44,5,W,5,N
267,35.65,66.74,5,W,5,N
268,41.06,67.04,5,W,5,N
269,46.19,67.34,5,W,5,N
270,65.21,71.35,5,W,5,N
319,90.66,96.79,5,E,5,N
1,64.21,100.70,1,S,1,W
320,98.30,104.43,5,E,5,N
5,89.24,114.70,1,S,1,E
236,4.09,131.27,3,W,5,N
0,62.16,139.62,1,S,2,W
271,84.26,166.34,5,W,5,N
272,85.82,166.64,5,W,5,N
273,129.78,166.94,5,W,5,N
274,132.71,167.24,5,W,5,N
275,137.94,167.54,5,W,5,N
237,9.30,200.10,3,W,5,W
247,78.69,200.40,3,E,5,W
248,90.32,200.70,3,E,5,W
103,4.96,201.00,1,W,5,W
171,36.65,201.30,1,E,5,W
173,88.67,206.49,1,E,5,W
203,22.55,222.24,2,W,5,N
204,67.36,222.54,2,W,5,N
205,88.46,222.84,2,W,5,N
224,88.79,223.14,2,E,5,N
104,8.26,223.44,1,W,5,N
105,11.16,223.74,1,W,5,N
106,48.45,224.04,1,W,5,N
107,62.23,224.34,1,W,5,N
172,71.79,224.64,1,E,5,N
238,135.50,231.07,3,W,5,N
239,180.78,242.55,3,W,5,N
276,204.77,266.24,5,W,5,N
277,208.33,266.54,5,W,5,N
278,211.00,266.84,5,W,5,N
321,242.07,280.24,5,E,5,N
322,265.16,280.54,5,E,5,N
323,265.43,280.84,5,E,5,N
3,80.35,300.00,1,S,5,W
225,177.99,300.30,2,E,5,W
108,94.17,300.60,1,W,5,W
110,119.35,300.90,1,W,5,W
112,161.93,301.20,1,W,5,W
7,262.33,301.50,1,S,1,W
14,272.57,301.80,1,S,1,W
175,190.76,308.59,1,E,5,W
208,244.98,312.77,2,W,3,E
10,264.50,314.90,1,S,1,E
13,270.87,315.80,1,S,1,E
15,274.87,316.10,1,S,1,E
18,288.68,317.00,1,S,1,E
2,79.46,322.14,1,S,5,N
4,85.27,322.44,1,S,5,N
206,105.78,322.74,2,W,5,N
207,170.62,323.04,2,W,5,N
109,113.89,323.34,1,W,5,N
111,143.68,323.64,1,W,5,N
174,163.27,323.94,1,E,5,N
249,203.31,330.87,3,E,5,N
251,208.17,331.47,3,E,5,N
252,210.84,331.77,3,E,5,N
253,248.60,332.07,3,E,5,N
279,284.42,366.14,5,W,5,N
280,301.55,366.44,5,W,5,N
281,302.45,366.74,5,W,5,N
282,305.35,367.04,5,W,5,N
283,315.49,367.34,5,W,5,N
284,318.96,367.64,5,W,5,N
285,324.20,367.94,5,W,5,N
286,327.38,368.24,5,W,5,N
287,360.00,368.54,5,W,5,N
288,365.74,371.87,5,W,5,N
324,316.89,380.14,5,E,5,N
325,318.51,380.44,5,E,5,N
326,319.68,380.74,5,E,5,N
327,331.41,381.04,5,E,5,N
328,342.37,381.34,5,E,5,N
329,349.31,381.64,5,E,5,N
250,205.73,399.90,3,E,5,W
240,294.92,400.20,3,W,5,W
6,166.92,400.50,1,S,5,W
227,273.79,400.80,2,E,5,W
113,180.40,401.10,1,W,5,W
19,292.36,401.30,1,S,3,E
115,201.39,401.40,1,W,5,W
116,208.41,401.70,1,W,5,W
20,360.76,401.90,1,S,1,W
119,242.97,402.00,1,W,5,W
121,247.76,402.30,1,W,5,W
176,224.86,402.60,1,E,5,W
226,230.41,422.04,2,E,5,N
209,266.40,422.34,2,W,5,N
114,187.97,422.64,1,W,5,N
117,209.16,422.94,1,W,5,N
118,229.09,423.24,1,W,5,N
120,246.65,423.54,1,W,5,N
122,260.02,423.84,1,W,5,N
254,318.48,430.67,3,E,5,N
289,379.95,466.04,5,W,5,N
290,405.92,466.34,5,W,5,N
291,408.07,466.64,5,W,5,N
292,410.66,466.94,5,W,5,N
293,440.17,467.24,5,W,5,N
330,451.21,480.04,5,E,5,N
210,324.67,499.80,2,W,5,W
124,270.30,500.10,1,W,5,W
126,322.31,500.40,1,W,5,W
177,305.86,500.70,1,E,5,W
179,411.21,502.00,1,E,2,W
32,459.40,502.30,1,S,1,W
37,473.01,502.60,1,S,1,W
40,474.55,502.90,1,S,1,W
44,482.49,503.20,1,S,1,W
214,449.66,512.97,2,W,3,W
34,464.52,516.60,1,S,1,E
125,272.55,519.10,1,W,5,E
180,495.78,521.90,1,E,2,W
8,262.46,521.94,1,S,5,N
9,263.79,522.24,1,S,5,N
11,264.76,522.54,1,S,5,N
12,269.63,522.84,1,S,5,N
16,285.10,523.14,1,S,5,N
17,287.64,523.44,1,S,5,N
228,362.56,523.74,2,E,5,N
211,325.92,524.04,2,W,5,N
212,351.31,524.34,2,W,5,N
213,379.44,524.64,2,W,5,N
123,266.80,524.94,1,W,5,N
127,329.64,525.54,1,W,5,N
128,356.93,525.84,1,W,5,N
129,363.00,526.14,1,W,5,N
178,358.42,526.44,1,E,5,N
255,408.21,530.47,3,E,5,N
241,428.91,530.47,3,W,5,N
256,411.39,530.77,3,E,5,N
242,472.10,533.87,3,W,5,N
43,480.41,544.82,1,S,2,E
257,490.11,545.74,3,E,5,E
294,507.56,565.94,5,W,5,N
331,509.51,579.94,5,E,5,N
332,543.30,580.24,5,E,5,N
333,550.32,580.54,5,E,5,N
258,494.04,599.70,3,E,5,W
22,368.57,600.00,1,S,5,W
23,370.11,600.30,1,S,5,W
25,378.82,600.60,1,S,5,W
26,379.09,600.90,1,S,5,W
27,382.24,601.20,1,S,5,W
229,448.16,601.50,2,E,5,W
215,477.60,601.80,2,W,5,W
230,486.80,602.10,2,E,5,W
130,410.63,602.40,1,W,5,W
131,428.70,602.70,1,W,5,W
47,572.00,602.70,1,S,1,W
132,431.37,603.00,1,W,5,W
50,579.93,603.00,1,S,1,W
133,461.09,603.30,1,W,5,W
182,510.78,603.60,1,E,2,W
21,362.12,621.84,1,S,5,N
24,373.20,622.14,1,S,5,N
216,498.14,622.44,2,W,5,N
181,506.02,639.37,1,E,3,W
295,576.57,665.84,5,W,5,N
296,578.16,666.14,5,W,5,N
297,584.27,666.44,5,W,5,N
298,587.65,666.74,5,W,5,N
299,606.83,667.04,5,W,5,N
300,620.14,667.34,5,W,5,N
301,623.94,667.64,5,W,5,N
302,628.16,667.94,5,W,5,N
303,630.55,668.24,5,W,5,N
304,634.27,668.54,5,W,5,N
305,637.81,668.84,5,W,5,N
306,639.30,669.14,5,W,5,N
307,640.82,669.44,5,W,5,N
308,644.27,669.74,5,W,5,N
46,569.20,699.20,1,S,3,W
31,458.16,699.60,1,S,5,W
35,466.44,699.90,1,S,5,W
36,468.21,700.20,1,S,5,W
231,558.30,700.50,2,E,5,W
217,556.66,700.80,2,W,5,W
184,535.19,701.10,1,E,5,W
54,669.26,703.10,1,S,1,W
56,673.71,703.40,1,S,1,W
58,675.66,703.70,1,S,1,W
59,679.31,704.00,1,S,1,W
61,691.44,705.58,1,S,1,W
63,694.59,708.73,1,S,1,W
53,667.68,716.20,1,S,1,E
55,670.03,716.50,1,S,1,E
38,473.53,717.10,1,S,5,E
39,474.51,717.40,1,S,5,E
135,489.65,718.60,1,W,5,E
141,565.31,720.40,1,W,5,E
243,598.69,721.74,3,W,5,N
28,452.05,722.04,1,S,5,N
29,452.21,722.34,1,S,5,N
30,456.99,722.64,1,S,5,N
33,460.02,722.94,1,S,5,N
41,475.16,723.84,1,S,5,N
42,477.92,724.14,1,S,5,N
134,468.46,724.44,1,W,5,N
136,515.22,725.04,1,W,5,N
137,528.28,725.34,1,W,5,N
138,531.57,725.64,1,W,5,N
139,538.81,725.94,1,W,5,N
140,563.22,726.24,1,W,5,N
183,513.82,726.84,1,E,5,N
185,573.33,727.14,1,E,5,N
186,575.65,727.44,1,E,5,N
244,601.55,730.07,3,W,5,N
260,610.86,730.37,3,E,5,N
72,721.93,736.06,1,S,1,E
145,591.68,737.97,1,W,3,W
65,702.68,744.12,1,S,2,W
309,678.06,765.74,5,W,5,N
310,678.25,766.04,5,W,5,N
311,681.39,766.34,5,W,5,N
312,696.04,766.64,5,W,5,N
313,698.22,766.94,5,W,5,N
314,768.10,774.23,5,W,5,N
315,770.36,776.50,5,W,5,N
334,699.46,779.74,5,E,5,N
335,792.70,798.83,5,E,5,N
259,608.74,799.50,3,E,5,W
48,573.17,799.80,1,S,5,W
144,585.46,800.10,1,W,5,W
149,644.98,800.40,1,W,5,W
69,712.54,801.70,1,S,2,W
73,722.91,803.50,1,S,1,W
81,760.15,803.80,1,S,1,W
45,564.66,815.50,1,S,5,E
49,576.00,821.94,1,S,5,N
51,584.18,822.24,1,S,5,N
232,619.25,822.54,2,E,5,N
218,616.30,822.84,2,W,5,N
219,663.25,823.14,2,W,5,N
142,575.86,823.44,1,W,5,N
143,579.16,823.74,1,W,5,N
146,593.92,824.04,1,W,5,N
147,595.98,824.34,1,W,5,N
148,598.57,824.64,1,W,5,N
150,664.14,824.94,1,W,5,N
151,666.33,825.24,1,W,5,N
187,603.02,825.54,1,E,5,N
188,611.02,825.84,1,E,5,N
189,639.92,826.14,1,E,5,N
190,674.73,826.44,1,E,5,N
191,676.77,826.74,1,E,5,N
192,680.75,827.04,1,E,5,N
245,733.55,829.87,3,W,5,N
154,748.08,839.87,1,W,3,E
157,756.31,840.77,1,W,3,W
316,785.42,865.64,5,W,5,N
317,859.22,865.94,5,W,5,N
336,834.12,879.64,5,E,5,N
193,698.42,899.40,1,E,5,W
261,727.33,899.70,3,E,5,W
57,675.12,900.00,1,S,5,W
64,698.52,900.30,1,S,5,W
66,703.32,900.60,1,S,5,W
221,754.20,900.90,2,W,5,W
234,798.68,901.20,2,E,5,W
68,711.08,901.50,1,S,5,W
152,669.57,901.80,1,W,5,W
155,751.05,902.10,1,W,5,W
195,753.33,902.40,1,E,5,W
161,823.86,902.40,1,W,2,W
85,840.20,903.90,1,S,1,W
87,846.49,904.20,1,S,1,W
90,854.35,904.50,1,S,1,W
97,882.21,904.80,1,S,1,W
99,884.51,905.10,1,S,1,W
101,890.12,905.40,1,S,1,W
196,790.72,908.54,1,E,5,W
223,830.39,913.37,2,W,3,W
93,856.01,918.20,1,S,1,E
52,661.33,921.54,1,S,5,N
60,688.12,921.84,1,S,5,N
62,693.84,922.14,1,S,5,N
233,713.22,922.44,2,E,5,N
220,724.33,922.74,2,W,5,N
222,778.42,923.04,2,W,5,N
67,705.36,923.34,1,S,5,N
70,714.98,923.64,1,S,5,N
71,716.80,923.94,1,S,5,N
264,857.58,924.13,3,E,5,E
74,725.51,924.24,1,S,5,N
75,737.49,924.54,1,S,5,N
153,700.56,924.84,1,W,5,N
156,753.60,925.14,1,W,5,N
194,733.05,925.44,1,E,5,N
246,838.37,929.67,3,W,5,N
88,849.81,943.12,1,S,2,E
96,881.21,945.22,1,S,2,W
318,874.75,965.54,5,W,5,N
89,851.48,998.60,1,S,3,W
197,797.96,999.30,1,E,5,W
94,859.70,999.50,1,S,3,W
262,835.45,999.60,3,E,5,W
95,865.54,999.80,1,S,3,W
263,837.97,999.90,3,E,5,W
265,879.02,1000.20,3,E,5,W
79,758.04,1000.50,1,S,5,W
82,762.05,1000.80,1,S,5,W
83,765.44,1001.10,1,S,5,W
84,837.20,1001.40,1,S,5,W
159,784.18,1001.70,1,W,5,W
198,846.90,1002.00,1,E,5,W
200,866.38,1002.30,1,E,5,W
202,881.63,1002.60,1,E,5,W
76,740.11,1021.44,1,S,5,N
77,755.13,1021.74,1,S,5,N
78,755.24,1022.04,1,S,5,N
80,759.74,1022.34,1,S,5,N
235,889.12,1022.64,2,E,5,N
158,770.52,1022.94,1,W,5,N
160,817.55,1023.24,1,W,5,N
162,827.30,1023.54,1,W,5,N
163,829.18,1023.84,1,W,5,N
164,840.43,1024.14,1,W,5,N
199,854.12,1024.44,1,E,5,N
201,876.32,1024.74,1,E,5,N
100,886.43,1099.20,1,S,5,W
166,876.11,1099.50,1,W,5,W
169,881.22,1117.60,1,W,5,E
86,843.52,1121.34,1,S,5,N
91,854.39,1121.64,1,S,5,N
92,854.40,1121.94,1,S,5,N
98,882.66,1122.24,1,S,5,N
102,893.19,1122.54,1,S,5,N
165,872.93,1122.84,1,W,5,N
167,876.93,1123.14,1,W,5,N
168,879.35,1123.44,1,W,5,N
170,885.12,1124.04,1,W,5,N