id,enter_time,exit_time,entrance_intersection,entrance_direction,exit_intersection,exit_direction
254,2.78,16.64,5,W,5,N
255,23.39,29.53,5,W,5,N
308,2.22,30.64,5,E,5,N
309,9.19,30.94,5,E,5,N
310,20.31,31.24,5,E,5,N
311,31.76,37.90,5,E,5,N
6,30.27,44.41,1,S,1,E
3,23.54,63.79,1,S,2,W
2,21.01,100.70,1,S,1,W
12,42.14,101.00,1,S,1,W
256,27.11,116.54,5,W,5,N
257,30.77,116.84,5,W,5,N
258,37.13,117.14,5,W,5,N
259,40.64,117.44,5,W,5,N
260,43.29,117.74,5,W,5,N
261,43.75,118.04,5,W,5,N
262,49.07,118.34,5,W,5,N
263,65.20,118.64,5,W,5,N
231,61.76,150.30,3,E,5,W
232,94.34,150.60,3,E,5,W
10,40.57,150.70,1,S,2,E
0,3.56,155.93,1,S,5,W
5,27.13,159.09,1,S,5,W
189,78.04,162.87,2,W,3,W
4,25.69,166.90,1,S,5,E
7,32.13,167.20,1,S,5,E
220,26.07,172.44,3,W,5,N
1,18.93,172.74,1,S,5,N
8,35.38,173.47,1,S,5,N
100,37.38,180.16,1,W,5,N
101,39.52,180.46,1,W,5,N
102,45.97,180.76,1,W,5,N
103,48.22,181.06,1,W,5,N
109,73.75,182.72,1,W,2,W
104,62.14,186.10,1,W,5,N
105,64.53,188.49,1,W,5,N
163,3.53,192.06,1,E,5,N
164,62.50,192.36,1,E,5,N
165,117.35,194.62,1,E,2,E
13,110.40,200.70,1,S,3,W
17,200.31,214.44,1,S,1,E
264,147.58,216.44,5,W,5,N
265,160.24,216.74,5,W,5,N
266,163.95,217.04,5,W,5,N
267,164.33,217.34,5,W,5,N
268,167.36,217.64,5,W,5,N
312,162.49,230.44,5,E,5,N
313,163.71,230.74,5,E,5,N
314,174.61,231.04,5,E,5,N
97,31.29,250.20,1,W,5,W
98,31.73,250.50,1,W,5,W
99,34.44,250.80,1,W,5,W
188,58.44,251.10,2,W,5,W
11,40.74,256.03,1,S,5,W
16,116.63,257.23,1,S,5,W
207,86.14,272.34,2,E,5,N
190,103.68,272.64,2,W,5,N
233,115.75,272.94,3,E,5,N
221,157.64,273.24,3,W,5,N
234,118.28,273.54,3,E,5,N
222,199.75,273.84,3,W,5,N
9,38.01,274.14,1,S,5,N
14,113.18,274.44,1,S,5,N
15,114.28,274.74,1,S,5,N
110,77.16,280.86,1,W,5,N
111,91.67,281.16,1,W,5,N
113,126.52,281.76,1,W,5,N
116,164.46,288.42,1,W,5,N
21,273.89,301.50,1,S,1,W
22,274.78,301.80,1,S,1,W
26,285.44,302.10,1,S,1,W
27,287.63,302.40,1,S,1,W
269,236.44,316.34,5,W,5,N
270,248.30,316.64,5,W,5,N
271,261.67,316.94,5,W,5,N
272,267.14,317.24,5,W,5,N
273,270.08,317.54,5,W,5,N
274,308.78,317.84,5,W,5,N
118,202.49,318.59,1,W,3,E
315,279.55,330.34,5,E,5,N
106,67.34,350.10,1,W,5,W
107,67.89,350.40,1,W,5,W
108,71.07,350.70,1,W,5,W
112,94.74,351.00,1,W,5,W
19,268.63,351.20,1,S,2,W
114,157.96,351.30,1,W,5,W
115,161.11,351.60,1,W,5,W
236,220.44,351.90,3,E,5,W
237,258.98,352.20,3,E,5,W
240,294.51,368.80,3,E,5,E
208,158.40,372.24,2,E,5,N
191,164.20,372.54,2,W,5,N
209,213.25,372.84,2,E,5,N
192,170.63,373.14,2,W,5,N
235,217.95,373.44,3,E,5,N
223,216.56,373.74,3,W,5,N
224,273.61,374.04,3,W,5,N
238,289.02,374.34,3,E,5,N
239,291.98,374.64,3,E,5,N
18,202.06,375.24,1,S,5,N
117,196.26,380.06,1,W,5,N
120,245.66,380.96,1,W,5,N
33,344.00,401.90,1,S,1,W
36,349.37,402.20,1,S,1,W
31,292.85,402.40,1,S,3,W
275,369.71,416.24,5,W,5,N
276,372.03,416.54,5,W,5,N
277,386.64,416.84,5,W,5,N
278,392.39,417.14,5,W,5,N
279,400.04,417.44,5,W,5,N
280,414.30,420.44,5,W,5,N
316,381.00,430.24,5,E,5,N
317,383.14,430.54,5,E,5,N
318,418.62,430.84,5,E,5,N
119,242.60,450.00,1,W,5,W
121,257.73,450.30,1,W,5,W
241,333.17,450.60,3,E,5,W
225,324.18,450.90,3,W,5,W
171,399.21,451.60,1,E,2,W
35,347.12,452.20,1,S,2,W
38,353.00,452.80,1,S,2,W
166,211.26,455.33,1,E,5,W
29,291.30,457.43,1,S,5,W
195,403.22,463.47,2,W,3,W
25,283.36,467.80,1,S,5,E
210,308.29,472.14,2,E,5,N
242,335.71,472.44,3,E,5,N
167,247.56,472.74,1,E,5,N
20,269.63,473.04,1,S,5,N
23,278.14,473.34,1,S,5,N
24,279.80,473.64,1,S,5,N
28,287.76,474.24,1,S,5,N
30,292.46,474.54,1,S,5,N
32,296.10,474.84,1,S,5,N
122,268.22,480.46,1,W,5,N
123,308.43,480.76,1,W,5,N
125,361.90,485.86,1,W,5,N
196,426.10,499.50,2,W,3,W
50,479.63,502.30,1,S,1,W
281,469.30,516.14,5,W,5,N
282,503.70,516.44,5,W,5,N
283,506.97,516.74,5,W,5,N
284,510.55,517.04,5,W,5,N
130,450.55,519.99,1,W,3,E
285,519.22,525.35,5,W,5,N
286,523.06,529.19,5,W,5,N
124,358.76,549.90,1,W,5,W
126,364.78,550.20,1,W,5,W
212,406.55,550.50,2,E,5,W
172,455.56,550.80,1,E,2,W
43,465.23,551.70,1,S,2,E
51,482.76,553.80,1,S,2,W
170,391.20,556.33,1,E,5,W
245,489.45,567.70,3,E,5,E
193,362.27,572.04,2,W,5,N
211,386.44,572.34,2,E,5,N
194,387.76,572.64,2,W,5,N
226,464.18,572.94,3,W,5,N
243,408.98,573.24,3,E,5,N
244,421.41,573.54,3,E,5,N
213,429.76,574.14,2,E,5,N
168,304.86,574.44,1,E,5,N
169,381.27,574.74,1,E,5,N
34,346.13,575.04,1,S,5,N
37,350.49,575.34,1,S,5,N
39,356.81,575.64,1,S,5,N
40,357.74,575.94,1,S,5,N
41,360.56,576.24,1,S,5,N
42,371.53,576.54,1,S,5,N
127,395.03,580.86,1,W,5,N
128,428.97,581.16,1,W,5,N
129,436.50,581.46,1,W,5,N
131,452.83,582.06,1,W,5,N
132,459.95,583.91,1,W,5,N
133,462.71,586.67,1,W,5,N
52,550.14,602.70,1,S,1,W
53,551.69,603.00,1,S,1,W
58,561.46,603.30,1,S,1,W
55,556.77,615.80,1,S,1,E
287,572.25,616.04,5,W,5,N
288,576.18,616.34,5,W,5,N
289,576.62,616.64,5,W,5,N
290,579.06,616.94,5,W,5,N
291,579.91,617.24,5,W,5,N
292,588.06,617.54,5,W,5,N
293,590.94,617.84,5,W,5,N
319,568.28,630.04,5,E,5,N
197,493.51,649.80,2,W,5,W
214,510.65,650.10,2,E,5,W
246,502.51,650.40,3,E,5,W
198,534.02,654.93,2,W,5,W
199,548.58,655.23,2,W,5,W
44,468.88,656.13,1,S,5,W
46,471.61,656.73,1,S,5,W
45,470.81,666.40,1,S,5,E
49,476.27,667.30,1,S,5,E
173,472.21,671.94,1,E,5,N
174,482.78,672.24,1,E,5,N
47,474.72,672.84,1,S,5,N
48,476.07,673.14,1,S,5,N
136,521.34,681.86,1,W,5,N
137,550.15,682.16,1,W,5,N
138,556.37,682.46,1,W,5,N
140,647.26,684.12,1,W,2,W
294,657.35,715.94,5,W,5,N
295,669.60,716.24,5,W,5,N
296,670.11,716.54,5,W,5,N
297,673.44,716.84,5,W,5,N
141,666.18,728.37,1,W,3,W
320,667.55,729.94,5,E,5,N
134,479.20,749.70,1,W,5,W
135,506.44,750.00,1,W,5,W
215,561.77,750.30,2,E,5,W
250,658.80,750.60,3,E,5,W
201,622.46,754.73,2,W,5,W
175,549.37,755.03,1,E,5,W
57,558.39,756.23,1,S,5,W
200,616.94,771.84,2,W,5,N
227,606.92,772.14,3,W,5,N
247,614.13,772.44,3,E,5,N
248,651.04,772.74,3,E,5,N
228,638.10,773.04,3,W,5,N
249,654.97,773.34,3,E,5,N
176,583.59,773.64,1,E,5,N
54,553.60,773.94,1,S,5,N
56,557.80,774.24,1,S,5,N
59,562.42,774.54,1,S,5,N
60,572.26,774.84,1,S,5,N
61,576.18,775.14,1,S,5,N
62,577.60,775.44,1,S,5,N
139,601.90,781.66,1,W,5,N
153,754.69,787.52,1,W,2,E
69,756.27,803.50,1,S,1,W
70,758.03,803.80,1,S,1,W
298,744.30,815.84,5,W,5,N
299,746.85,816.14,5,W,5,N
300,748.98,816.44,5,W,5,N
301,765.64,816.74,5,W,5,N
302,768.51,817.04,5,W,5,N
75,765.04,819.00,1,S,1,E
77,779.19,819.60,1,S,1,E
80,783.27,820.50,1,S,1,E
147,684.99,821.79,1,W,3,E
148,706.30,822.09,1,W,3,E
321,799.27,829.84,5,E,5,N
229,769.13,849.60,3,W,5,W
322,844.45,850.58,5,E,5,N
72,760.49,853.50,1,S,2,E
216,659.18,854.53,2,E,5,W
203,688.77,855.13,2,W,5,W
217,749.13,856.03,2,E,5,W
178,659.31,856.63,1,E,5,W
251,731.99,865.60,3,E,5,E
202,666.98,872.04,2,W,5,N
204,709.05,872.34,2,W,5,N
205,717.19,872.64,2,W,5,N
177,610.80,872.94,1,E,5,N
179,665.46,873.24,1,E,5,N
180,672.12,873.54,1,E,5,N
63,640.66,873.84,1,S,5,N
142,669.07,882.06,1,W,5,N
144,673.76,882.66,1,W,5,N
145,677.75,882.96,1,W,5,N
146,681.25,883.26,1,W,5,N
151,728.82,884.76,1,W,5,N
154,757.68,885.66,1,W,5,N
155,759.77,885.96,1,W,5,N
67,752.50,900.80,1,S,3,E
76,773.55,902.30,1,S,3,E
89,852.06,903.90,1,S,1,W
95,872.45,904.20,1,S,1,W
303,838.70,915.74,5,W,5,N
304,841.21,916.04,5,W,5,N
305,842.64,916.34,5,W,5,N
306,863.93,916.64,5,W,5,N
307,867.84,916.94,5,W,5,N
94,868.76,919.40,1,S,1,E
143,671.53,949.50,1,W,5,W
149,709.56,949.80,1,W,5,W
150,711.39,950.10,1,W,5,W
152,736.63,950.40,1,W,5,W
252,847.75,950.70,3,E,5,W
219,843.12,954.63,2,E,5,W
96,878.13,955.40,1,S,2,W
65,744.93,955.83,1,S,5,W
68,753.78,956.73,1,S,5,W
73,760.93,957.33,1,S,5,W
74,761.15,957.63,1,S,5,W
79,781.11,958.53,1,S,5,W
82,787.06,959.13,1,S,5,W
253,873.13,971.64,3,E,5,N
230,889.10,971.94,3,W,5,N
218,795.07,972.24,2,E,5,N
181,734.37,972.54,1,E,5,N
182,736.55,972.84,1,E,5,N
64,739.84,973.14,1,S,5,N
66,746.08,973.44,1,S,5,N
71,759.54,973.74,1,S,5,N
78,781.10,974.04,1,S,5,N
81,785.31,974.34,1,S,5,N
83,790.90,974.64,1,S,5,N
156,791.89,982.46,1,W,5,N
158,831.25,983.06,1,W,5,N
159,844.23,983.36,1,W,5,N
161,855.04,983.96,1,W,5,N
157,798.46,1049.40,1,W,5,W
160,847.73,1049.70,1,W,5,W
184,824.13,1054.73,1,E,5,W
186,884.25,1055.33,1,E,5,W
187,892.81,1055.63,1,E,5,W
84,843.97,1055.93,1,S,5,W
87,846.46,1056.83,1,S,5,W
93,865.02,1058.33,1,S,5,W
185,872.88,1066.00,1,E,5,E
88,849.21,1066.90,1,S,5,E
206,888.24,1071.54,2,W,5,N
183,817.99,1071.84,1,E,5,N
85,845.57,1072.44,1,S,5,N
86,846.11,1072.74,1,S,5,N
90,853.45,1073.34,1,S,5,N
91,855.59,1073.64,1,S,5,N
92,863.34,1073.94,1,S,5,N
162,874.04,1149.30,1,W,5,W