id,enter_time,exit_time,entrance_intersection,entrance_direction,exit_intersection,exit_direction
255,2.53,66.44,5,W,5,N
256,5.09,66.74,5,W,5,N
257,7.62,67.04,5,W,5,N
258,32.95,67.34,5,W,5,N
259,36.11,67.64,5,W,5,N
260,40.06,67.94,5,W,5,N
261,42.54,68.24,5,W,5,N
317,57.75,80.44,5,E,5,N
318,62.38,80.74,5,E,5,N
319,71.30,81.04,5,E,5,N
0,0.52,100.10,1,S,3,W
14,26.56,139.77,1,S,3,W
240,84.06,145.83,3,E,5,N
241,87.04,148.81,3,E,5,N
262,111.43,166.34,5,W,5,N
263,115.65,166.64,5,W,5,N
264,130.02,166.94,5,W,5,N
265,132.07,167.24,5,W,5,N
266,148.27,167.54,5,W,5,N
267,150.33,167.84,5,W,5,N
268,165.75,171.89,5,W,5,N
269,169.66,175.80,5,W,5,N
270,171.61,177.74,5,W,5,N
224,43.32,200.10,3,W,5,W
1,2.81,200.40,1,S,5,W
2,2.87,200.70,1,S,5,W
3,5.79,201.00,1,S,5,W
15,118.15,201.10,1,S,1,W
16,187.08,201.22,1,S,1,W
7,10.35,201.30,1,S,5,W
9,16.76,201.60,1,S,5,W
12,24.50,201.90,1,S,5,W
99,53.20,202.20,1,W,5,W
17,187.80,213.90,1,S,1,E
8,13.85,217.60,1,S,5,E
101,56.69,219.40,1,W,5,E
202,21.28,222.24,2,W,5,N
211,86.34,222.54,2,E,5,N
4,6.63,222.84,1,S,5,N
5,8.40,223.14,1,S,5,N
6,9.97,223.44,1,S,5,N
10,17.24,224.04,1,S,5,N
11,20.86,224.34,1,S,5,N
13,26.21,224.64,1,S,5,N
98,45.67,224.94,1,W,5,N
100,55.45,225.24,1,W,5,N
162,69.06,225.84,1,E,5,N
225,147.39,231.07,3,W,5,N
25,203.42,243.67,1,S,2,W
226,183.93,245.70,3,W,5,N
227,184.71,246.48,3,W,5,N
228,192.15,253.92,3,W,5,N
271,236.57,266.24,5,W,5,N
272,264.77,270.90,5,W,5,N
320,211.47,280.24,5,E,5,N
212,115.83,300.00,2,E,5,W
103,76.51,300.30,1,W,5,W
104,124.66,300.60,1,W,5,W
108,152.53,300.90,1,W,5,W
166,131.81,301.20,1,E,5,W
110,170.21,301.50,1,W,2,W
215,272.78,313.07,2,E,3,E
167,137.78,318.70,1,E,5,E
213,137.25,322.14,2,E,5,N
203,193.59,322.44,2,W,5,N
102,70.43,322.74,1,W,5,N
105,128.41,323.04,1,W,5,N
106,145.99,323.34,1,W,5,N
107,149.33,323.64,1,W,5,N
163,109.24,323.94,1,E,5,N
164,123.64,324.24,1,E,5,N
165,127.86,324.54,1,E,5,N
168,170.15,325.14,1,E,5,N
169,188.93,325.44,1,E,5,N
170,189.26,325.74,1,E,5,N
243,262.93,331.17,3,E,5,N
244,265.11,331.47,3,E,5,N
114,209.78,338.77,1,W,3,W
118,258.27,339.97,1,W,3,E
172,243.49,340.87,1,E,3,W
273,282.38,366.14,5,W,5,N
274,286.03,366.44,5,W,5,N
275,288.36,366.74,5,W,5,N
276,289.41,367.04,5,W,5,N
277,292.07,367.34,5,W,5,N
278,294.09,367.64,5,W,5,N
279,297.96,367.94,5,W,5,N
280,367.83,373.97,5,W,5,N
281,369.55,375.69,5,W,5,N
282,369.66,375.79,5,W,5,N
321,305.04,380.14,5,E,5,N
322,316.53,380.44,5,E,5,N
242,200.20,399.90,3,E,5,W
245,295.67,400.20,3,E,5,W
22,199.41,400.50,1,S,5,W
113,206.54,400.80,1,W,5,W
117,221.41,401.10,1,W,5,W
119,260.80,401.40,1,W,5,W
173,259.52,401.70,1,E,5,W
31,366.98,401.90,1,S,1,W
216,365.31,412.87,2,E,3,W
21,198.68,416.80,1,S,5,E
18,190.74,422.04,1,S,5,N
19,194.30,422.34,1,S,5,N
20,196.38,422.64,1,S,5,N
23,201.15,423.24,1,S,5,N
24,202.37,423.54,1,S,5,N
26,204.60,423.84,1,S,5,N
214,235.62,424.14,2,E,5,N
27,204.78,424.44,1,S,5,N
28,206.27,424.74,1,S,5,N
109,168.00,425.04,1,W,5,N
111,172.73,425.34,1,W,5,N
112,204.88,425.64,1,W,5,N
115,217.77,425.94,1,W,5,N
116,219.46,426.24,1,W,5,N
171,242.76,426.54,1,E,5,N
229,332.16,430.67,3,W,5,N
246,389.05,450.82,3,E,5,N
247,391.25,453.02,3,E,5,N
283,374.46,466.04,5,W,5,N
284,375.56,466.34,5,W,5,N
285,375.60,466.64,5,W,5,N
286,379.66,466.94,5,W,5,N
287,385.03,467.24,5,W,5,N
288,400.36,467.54,5,W,5,N
289,406.23,467.84,5,W,5,N
323,421.33,480.04,5,E,5,N
324,437.49,480.34,5,E,5,N
325,440.82,480.64,5,E,5,N
326,441.49,480.94,5,E,5,N
327,488.49,494.63,5,E,5,N
33,370.88,499.60,1,S,3,E
230,357.17,499.80,3,W,5,W
328,493.74,499.87,5,E,5,N
29,280.12,500.10,1,S,5,W
121,308.32,500.40,1,W,5,W
123,330.62,500.70,1,W,5,W
174,309.77,501.00,1,E,5,W
37,442.77,502.30,1,S,1,W
41,464.55,502.60,1,S,1,W
54,493.74,507.88,1,S,1,W
36,439.85,515.10,1,S,1,E
30,282.93,521.94,1,S,5,N
217,387.71,522.24,2,E,5,N
204,388.62,522.54,2,W,5,N
120,266.89,522.84,1,W,5,N
122,310.43,523.14,1,W,5,N
124,332.70,523.44,1,W,5,N
175,310.62,523.74,1,E,5,N
176,328.01,524.04,1,E,5,N
231,405.89,524.33,3,W,5,E
177,345.16,524.34,1,E,5,N
248,463.53,530.47,3,E,5,N
232,435.43,530.77,3,W,5,N
290,499.91,565.94,5,W,5,N
291,513.18,566.24,5,W,5,N
292,514.93,566.54,5,W,5,N
293,519.87,566.84,5,W,5,N
294,524.45,567.14,5,W,5,N
295,527.65,567.44,5,W,5,N
296,530.39,567.74,5,W,5,N
297,551.11,568.04,5,W,5,N
298,567.82,573.96,5,W,5,N
299,572.24,578.38,5,W,5,N
329,513.50,579.94,5,E,5,N
330,524.69,580.24,5,E,5,N
331,531.20,580.54,5,E,5,N
332,531.69,580.84,5,E,5,N
35,436.29,599.70,1,S,5,W
127,391.42,600.00,1,W,5,W
129,427.72,600.30,1,W,5,W
179,422.88,600.60,1,E,5,W
181,450.74,600.90,1,E,5,W
51,485.48,602.70,1,S,3,W
56,501.96,602.70,1,S,1,W
58,504.92,603.00,1,S,1,W
133,523.32,603.30,1,W,2,W
60,582.88,603.30,1,S,1,W
61,585.18,603.60,1,S,1,W
188,558.29,605.10,1,E,2,E
249,498.59,621.84,3,E,5,N
32,370.29,622.14,1,S,5,N
218,462.53,622.44,2,E,5,N
34,432.33,622.74,1,S,5,N
125,384.15,623.04,1,W,5,N
126,384.54,623.34,1,W,5,N
128,424.25,623.64,1,W,5,N
178,414.91,623.94,1,E,5,N
180,434.37,624.24,1,E,5,N
182,454.54,624.54,1,E,5,N
183,457.11,624.84,1,E,5,N
250,570.43,632.20,3,E,5,N
59,505.24,638.17,1,S,3,W
233,585.31,647.08,3,W,5,N
300,600.54,665.84,5,W,5,N
301,601.24,666.14,5,W,5,N
302,602.40,666.44,5,W,5,N
303,650.95,666.74,5,W,5,N
333,615.73,679.84,5,E,5,N
40,462.00,699.60,1,S,5,W
43,472.54,699.90,1,S,5,W
44,474.17,700.20,1,S,5,W
48,478.79,700.50,1,S,5,W
50,485.27,700.80,1,S,5,W
219,519.23,701.10,2,E,5,W
205,540.66,701.40,2,W,5,W
220,597.18,701.70,2,E,5,W
53,492.72,702.00,1,S,5,W
130,466.70,702.30,1,W,5,W
132,522.68,702.60,1,W,5,W
185,520.04,702.90,1,E,5,W
65,637.60,703.10,1,S,1,W
187,550.99,703.20,1,E,5,W
144,644.06,704.00,1,W,2,W
192,626.82,704.60,1,E,2,W
45,474.71,716.50,1,S,5,E
46,475.04,716.80,1,S,5,E
38,458.52,721.74,1,S,5,N
39,459.61,722.04,1,S,5,N
42,466.87,722.34,1,S,5,N
47,478.32,723.24,1,S,5,N
49,484.29,723.54,1,S,5,N
52,491.99,723.84,1,S,5,N
55,498.89,724.14,1,S,5,N
57,502.59,724.44,1,S,5,N
131,490.10,724.74,1,W,5,N
134,561.98,725.04,1,W,5,N
184,515.59,725.34,1,E,5,N
186,534.43,725.64,1,E,5,N
189,563.80,725.94,1,E,5,N
190,566.02,726.24,1,E,5,N
191,583.02,726.54,1,E,5,N
234,598.96,730.07,3,W,5,N
236,640.49,730.67,3,W,5,N
237,671.01,732.78,3,W,5,N
143,643.04,739.77,1,W,3,W
251,686.24,748.01,3,E,5,N
304,730.45,765.74,5,W,5,N
305,735.56,766.04,5,W,5,N
306,738.91,766.34,5,W,5,N
307,742.76,766.64,5,W,5,N
308,746.73,766.94,5,W,5,N
309,750.28,767.24,5,W,5,N
310,750.33,767.54,5,W,5,N
311,754.06,767.84,5,W,5,N
334,758.74,779.74,5,E,5,N
235,635.49,799.50,3,W,5,W
252,689.20,799.80,3,E,5,W
137,590.72,800.10,1,W,5,W
139,610.56,800.40,1,W,5,W
142,639.46,800.70,1,W,5,W
193,641.59,801.00,1,E,5,W
69,721.11,801.40,1,S,2,W
70,722.03,803.50,1,S,1,W
73,725.58,803.80,1,S,1,W
62,585.87,821.64,1,S,5,N
63,586.85,821.94,1,S,5,N
206,620.31,822.24,2,W,5,N
221,686.94,822.54,2,E,5,N
207,691.70,822.84,2,W,5,N
208,696.50,823.14,2,W,5,N
64,635.21,823.44,1,S,5,N
135,584.95,823.74,1,W,5,N
136,588.46,824.04,1,W,5,N
138,608.50,824.34,1,W,5,N
140,636.89,824.64,1,W,5,N
141,639.32,824.94,1,W,5,N
145,658.17,825.24,1,W,5,N
238,714.54,829.87,3,W,5,N
148,752.11,839.57,1,W,3,W
253,787.60,849.37,3,E,5,N
312,806.18,865.64,5,W,5,N
313,821.14,865.94,5,W,5,N
314,839.55,866.24,5,W,5,N
315,842.78,866.54,5,W,5,N
316,846.38,866.84,5,W,5,N
222,774.45,899.40,2,E,5,W
210,733.23,899.70,2,W,5,W
74,726.61,900.00,1,S,5,W
194,770.34,900.30,1,E,5,W
153,816.76,903.90,1,W,2,W
87,876.99,903.90,1,S,1,W
91,882.51,904.20,1,S,1,W
95,887.75,904.50,1,S,1,W
200,879.01,907.20,1,E,2,W
66,640.40,921.54,1,S,5,N
67,651.29,921.84,1,S,5,N
209,713.06,922.14,2,W,5,N
68,720.99,922.44,1,S,5,N
71,723.77,922.74,1,S,5,N
72,723.82,923.04,1,S,5,N
75,729.71,923.34,1,S,5,N
146,704.77,923.64,1,W,5,N
147,751.54,923.94,1,W,5,N
77,827.81,937.57,1,S,3,W
156,850.67,940.87,1,W,3,W
254,886.48,948.25,3,E,5,N
239,821.31,999.30,3,W,5,W
76,827.46,999.60,1,S,5,W
79,834.64,999.90,1,S,5,W
149,785.67,1000.20,1,W,5,W
151,792.37,1000.50,1,W,5,W
152,795.23,1000.80,1,W,5,W
92,886.20,1001.00,1,S,3,W
195,822.88,1001.10,1,E,5,W
201,884.29,1002.12,1,E,5,W
157,863.77,1017.10,1,W,5,E
199,872.60,1018.60,1,E,5,E
223,832.25,1021.44,2,E,5,N
78,828.70,1021.74,1,S,5,N
80,839.56,1022.04,1,S,5,N
150,788.64,1022.34,1,W,5,N
154,819.24,1022.64,1,W,5,N
155,848.04,1022.94,1,W,5,N
158,867.40,1023.54,1,W,5,N
196,849.03,1023.84,1,E,5,N
197,851.96,1024.14,1,E,5,N
198,870.14,1024.44,1,E,5,N
93,886.37,1037.37,1,S,3,W
160,886.32,1038.87,1,W,3,W
81,848.43,1099.20,1,S,5,W
84,861.61,1099.50,1,S,5,W
89,880.01,1099.80,1,S,5,W
90,881.38,1100.10,1,S,5,W
96,891.09,1100.40,1,S,5,W
97,892.20,1100.70,1,S,5,W
159,882.68,1101.00,1,W,5,W
94,886.91,1116.70,1,S,5,E
82,857.47,1121.34,1,S,5,N
83,858.68,1121.64,1,S,5,N
85,863.42,1121.94,1,S,5,N
86,867.34,1122.24,1,S,5,N
88,877.82,1122.54,1,S,5,N
161,888.44,1123.14,1,W,5,N