id,enter_time,exit_time,entrance_intersection,entrance_direction,exit_intersection,exit_direction
289,3.28,66.44,5,W,5,N
290,6.01,66.74,5,W,5,N
291,8.20,67.04,5,W,5,N
292,10.74,67.34,5,W,5,N
293,13.55,67.64,5,W,5,N
294,15.58,67.94,5,W,5,N
295,53.86,68.24,5,W,5,N
296,69.96,76.09,5,W,5,N
2,5.99,100.70,1,S,1,W
6,14.06,101.00,1,S,1,W
10,25.33,101.30,1,S,1,W
14,41.93,101.60,1,S,1,W
21,70.25,101.90,1,S,1,W
22,73.50,102.20,1,S,1,W
24,85.81,102.50,1,S,1,W
17,44.72,114.40,1,S,1,E
20,55.43,115.30,1,S,1,E
23,77.41,115.60,1,S,1,E
246,85.87,121.94,2,E,3,E
259,34.96,131.57,3,W,5,N
126,29.21,139.77,1,W,3,E
205,92.09,154.28,1,E,3,E
297,90.18,166.34,5,W,5,N
298,94.14,166.64,5,W,5,N
299,97.55,166.94,5,W,5,N
300,98.13,167.24,5,W,5,N
301,101.95,167.54,5,W,5,N
302,104.89,167.84,5,W,5,N
303,106.29,168.14,5,W,5,N
304,132.18,168.44,5,W,5,N
305,148.76,168.74,5,W,5,N
306,151.76,169.04,5,W,5,N
307,153.44,169.34,5,W,5,N
308,165.58,171.71,5,W,5,N
309,170.79,176.93,5,W,5,N
370,135.35,180.34,5,E,5,N
371,189.10,195.24,5,E,5,N
258,10.03,200.10,3,W,5,W
0,1.94,200.40,1,S,5,W
229,57.90,200.70,2,W,5,W
1,4.62,201.00,1,S,5,W
4,9.17,201.30,1,S,5,W
7,15.96,201.60,1,S,5,W
128,36.91,201.90,1,W,5,W
204,84.38,202.20,1,E,5,W
30,189.26,203.40,1,S,1,W
31,194.20,208.34,1,S,1,W
32,196.00,215.40,1,S,1,E
228,13.33,222.24,2,W,5,N
3,8.56,222.54,1,S,5,N
5,12.01,222.84,1,S,5,N
38,208.92,223.06,1,S,1,E
8,22.34,223.14,1,S,5,N
9,23.29,223.44,1,S,5,N
11,26.46,223.74,1,S,5,N
12,36.65,224.04,1,S,5,N
124,20.57,224.34,1,W,5,N
125,28.46,224.64,1,W,5,N
127,31.49,224.94,1,W,5,N
129,40.36,225.24,1,W,5,N
202,3.14,225.54,1,E,5,N
203,81.46,225.84,1,E,5,N
260,150.31,231.07,3,W,5,N
134,124.67,237.77,1,W,3,W
207,133.12,238.67,1,E,3,W
26,178.64,240.32,1,S,2,W
276,186.12,247.89,3,E,5,N
310,173.54,266.24,5,W,5,N
311,197.65,266.54,5,W,5,N
312,197.65,266.84,5,W,5,N
313,218.25,267.14,5,W,5,N
314,218.64,267.44,5,W,5,N
315,223.85,267.74,5,W,5,N
316,225.30,268.04,5,W,5,N
317,228.00,268.34,5,W,5,N
318,230.43,268.64,5,W,5,N
319,251.31,268.94,5,W,5,N
320,253.51,269.24,5,W,5,N
321,257.18,269.54,5,W,5,N
372,200.44,280.24,5,E,5,N
275,113.41,300.00,3,E,5,W
15,41.96,300.30,1,S,5,W
19,53.93,300.60,1,S,5,W
247,171.07,300.90,2,E,5,W
230,121.26,301.20,2,W,5,W
33,198.60,301.50,1,S,1,W
231,142.81,301.50,2,W,5,W
37,206.81,301.80,1,S,1,W
42,263.41,302.10,1,S,1,W
49,274.78,302.40,1,S,1,W
51,287.88,302.70,1,S,1,W
52,288.92,303.06,1,S,1,W
130,78.46,317.20,1,W,5,E
13,40.01,322.14,1,S,5,N
16,44.05,322.44,1,S,5,N
18,50.26,322.74,1,S,5,N
232,170.50,323.04,2,W,5,N
131,78.50,323.64,1,W,5,N
132,80.97,323.94,1,W,5,N
133,95.65,324.24,1,W,5,N
135,149.90,324.54,1,W,5,N
206,128.21,324.84,1,E,5,N
208,166.89,325.14,1,E,5,N
261,263.22,330.87,3,W,5,N
262,266.18,331.17,3,W,5,N
277,276.19,337.96,3,E,5,N
53,290.40,343.12,1,S,2,W
278,288.92,350.69,3,E,5,N
322,276.70,366.14,5,W,5,N
323,281.60,366.44,5,W,5,N
324,285.69,366.74,5,W,5,N
325,286.90,367.04,5,W,5,N
326,292.79,367.34,5,W,5,N
327,296.08,367.64,5,W,5,N
328,329.83,367.94,5,W,5,N
329,330.67,368.24,5,W,5,N
330,333.74,368.54,5,W,5,N
373,330.61,380.14,5,E,5,N
374,370.71,380.44,5,E,5,N
375,370.86,380.74,5,E,5,N
263,292.69,399.90,3,W,5,W
25,176.02,400.20,1,S,5,W
44,267.68,400.40,1,S,3,W
29,186.01,400.50,1,S,5,W
34,200.87,400.80,1,S,5,W
233,221.37,401.10,2,W,5,W
39,212.12,401.40,1,S,5,W
209,218.51,401.70,1,E,5,W
56,300.35,401.90,1,S,1,W
50,280.20,401.90,1,S,3,W
58,369.26,402.20,1,S,1,W
63,378.77,402.50,1,S,1,W
64,379.26,402.80,1,S,1,W
249,302.38,412.87,2,E,3,W
27,179.83,422.04,1,S,5,N
28,183.59,422.34,1,S,5,N
35,202.70,422.64,1,S,5,N
36,203.89,422.94,1,S,5,N
248,251.31,423.24,2,E,5,N
136,194.24,423.54,1,W,5,N
137,237.83,423.84,1,W,5,N
138,252.19,424.14,1,W,5,N
210,248.49,424.44,1,E,5,N
211,271.54,424.74,1,E,5,N
279,313.15,430.67,3,E,5,N
264,301.19,430.67,3,W,5,N
280,315.23,430.97,3,E,5,N
144,351.48,438.27,1,W,3,W
331,382.65,466.04,5,W,5,N
332,385.26,466.34,5,W,5,N
333,385.53,466.64,5,W,5,N
334,390.54,466.94,5,W,5,N
335,394.02,467.24,5,W,5,N
336,423.79,467.54,5,W,5,N
337,429.15,467.84,5,W,5,N
338,431.83,468.14,5,W,5,N
339,446.57,468.44,5,W,5,N
340,454.26,468.74,5,W,5,N
376,466.23,480.04,5,E,5,N
377,470.10,480.34,5,E,5,N
40,260.43,499.80,1,S,5,W
45,271.55,500.10,1,S,5,W
46,271.60,500.40,1,S,5,W
47,274.32,500.70,1,S,5,W
145,370.42,500.80,1,W,2,W
57,304.33,501.00,1,S,5,W
70,393.38,502.00,1,S,3,W
76,475.38,502.30,1,S,1,W
151,398.27,502.60,1,W,2,W
41,263.06,521.94,1,S,5,N
43,265.32,522.24,1,S,5,N
48,274.35,522.54,1,S,5,N
54,294.66,522.84,1,S,5,N
55,298.35,523.14,1,S,5,N
250,347.96,523.44,2,E,5,N
139,279.67,523.74,1,W,5,N
140,281.21,524.04,1,W,5,N
281,418.88,524.33,3,E,5,E
141,294.71,524.34,1,W,5,N
266,441.10,524.63,3,W,5,E
142,314.36,524.64,1,W,5,N
143,347.84,524.94,1,W,5,N
265,437.31,530.47,3,W,5,N
71,461.52,541.22,1,S,2,W
341,474.26,565.94,5,W,5,N
342,478.39,566.24,5,W,5,N
343,483.96,566.54,5,W,5,N
344,511.30,566.84,5,W,5,N
345,515.64,567.14,5,W,5,N
346,516.44,567.44,5,W,5,N
347,534.01,567.74,5,W,5,N
348,539.63,568.04,5,W,5,N
349,544.29,568.34,5,W,5,N
350,545.79,568.64,5,W,5,N
378,555.39,579.94,5,E,5,N
61,375.44,599.70,1,S,5,W
67,388.58,600.00,1,S,5,W
69,389.87,600.30,1,S,5,W
153,405.58,600.60,1,W,5,W
155,416.69,600.90,1,W,5,W
163,496.83,602.10,1,W,2,W
78,549.05,602.70,1,S,1,W
79,550.16,603.00,1,S,1,W
170,553.52,604.20,1,W,2,W
253,572.69,613.37,2,E,3,E
59,371.60,621.84,1,S,5,N
60,375.26,622.14,1,S,5,N
62,378.12,622.44,1,S,5,N
65,382.01,622.74,1,S,5,N
66,387.03,623.04,1,S,5,N
68,388.89,623.34,1,S,5,N
234,415.72,623.64,2,W,5,N
251,433.05,623.94,2,E,5,N
235,440.87,624.24,2,W,5,N
146,384.98,624.54,1,W,5,N
147,387.66,624.84,1,W,5,N
148,391.39,625.14,1,W,5,N
149,394.25,625.44,1,W,5,N
150,397.75,625.74,1,W,5,N
152,401.92,626.04,1,W,5,N
154,409.27,626.34,1,W,5,N
156,419.21,626.64,1,W,5,N
157,421.30,626.94,1,W,5,N
158,460.78,627.24,1,W,5,N
212,409.95,627.54,1,E,5,N
213,414.01,627.84,1,E,5,N
282,511.25,630.27,3,E,5,N
267,553.59,630.27,3,W,5,N
284,538.75,630.87,3,E,5,N
285,578.03,639.80,3,E,5,N
268,578.64,640.41,3,W,5,N
351,581.71,665.84,5,W,5,N
352,635.34,666.14,5,W,5,N
353,637.78,666.44,5,W,5,N
354,641.45,666.74,5,W,5,N
379,664.98,679.84,5,E,5,N
283,514.58,699.60,3,E,5,W
72,465.09,699.90,1,S,5,W
77,480.77,700.20,1,S,5,W
238,551.57,700.50,2,W,5,W
159,482.14,700.80,1,W,5,W
162,494.98,701.10,1,W,5,W
83,627.32,701.30,1,S,2,E
166,539.44,701.40,1,W,5,W
169,549.67,701.70,1,W,5,W
380,696.81,702.94,5,E,5,N
80,619.79,703.10,1,S,1,W
82,626.54,703.40,1,S,1,W
94,647.64,703.70,1,S,1,W
101,661.55,704.00,1,S,1,W
177,662.47,705.50,1,W,2,W
96,650.89,717.10,1,S,1,E
73,468.82,721.74,1,S,5,N
74,472.63,722.04,1,S,5,N
75,473.01,722.34,1,S,5,N
236,504.45,722.64,2,W,5,N
252,502.42,722.94,2,E,5,N
237,533.33,723.24,2,W,5,N
239,575.06,723.54,2,W,5,N
240,600.19,723.84,2,W,5,N
160,485.30,724.14,1,W,5,N
161,487.90,724.44,1,W,5,N
164,504.44,724.74,1,W,5,N
165,536.36,725.04,1,W,5,N
167,542.00,725.34,1,W,5,N
168,545.78,725.64,1,W,5,N
214,546.66,725.94,1,E,5,N
269,621.72,730.07,3,W,5,N
85,631.00,737.97,1,S,3,W
87,634.05,738.57,1,S,3,W
173,614.76,740.37,1,W,3,E
92,643.41,742.32,1,S,2,W
216,686.11,748.30,1,E,3,E
286,696.04,757.81,3,E,5,N
355,676.64,765.74,5,W,5,N
356,692.00,766.04,5,W,5,N
357,706.77,766.34,5,W,5,N
358,708.95,766.64,5,W,5,N
359,711.68,766.94,5,W,5,N
360,714.10,767.24,5,W,5,N
361,716.79,767.54,5,W,5,N
362,717.37,767.84,5,W,5,N
363,737.71,768.14,5,W,5,N
381,741.25,779.74,5,E,5,N
382,742.55,780.04,5,E,5,N
254,666.38,799.50,2,E,5,W
81,623.39,799.80,1,S,5,W
86,633.89,800.10,1,S,5,W
90,639.09,800.40,1,S,5,W
172,611.63,800.70,1,W,5,W
176,644.27,801.00,1,W,5,W
104,729.75,803.50,1,S,1,W
109,738.97,803.80,1,S,1,W
111,741.88,804.10,1,S,1,W
89,637.30,816.40,1,S,5,E
241,620.35,821.64,2,W,5,N
84,630.93,821.94,1,S,5,N
88,635.16,822.24,1,S,5,N
171,604.47,822.84,1,W,5,N
174,617.55,823.14,1,W,5,N
175,621.23,823.44,1,W,5,N
215,676.31,823.74,1,E,5,N
270,732.46,829.87,3,W,5,N
271,760.14,830.17,3,W,5,N
180,700.67,839.57,1,W,3,E
287,794.57,856.34,3,E,5,N
364,787.47,865.64,5,W,5,N
365,800.24,865.94,5,W,5,N
366,822.06,866.24,5,W,5,N
383,848.98,879.64,5,E,5,N
384,860.85,879.94,5,E,5,N
114,756.54,899.40,1,S,3,E
217,697.87,899.40,1,E,5,W
272,772.46,899.70,3,W,5,W
273,773.75,900.00,3,W,5,W
91,639.45,900.30,1,S,5,W
93,646.73,900.60,1,S,5,W
97,654.71,900.90,1,S,5,W
255,739.16,901.20,2,E,5,W
102,722.27,901.50,1,S,5,W
178,693.32,901.80,1,W,5,W
219,706.66,902.10,1,E,5,W
220,719.95,902.40,1,E,5,W
227,874.31,904.50,1,E,2,E
244,861.51,913.97,2,W,3,E
99,656.75,916.00,1,S,5,E
119,859.66,917.30,1,S,1,E
120,870.42,917.60,1,S,1,E
121,874.26,917.90,1,S,1,E
179,695.79,918.10,1,W,5,E
95,649.90,921.54,1,S,5,N
98,655.01,921.84,1,S,5,N
100,657.56,922.44,1,S,5,N
103,722.60,922.74,1,S,5,N
105,730.36,923.04,1,S,5,N
106,732.52,923.34,1,S,5,N
107,733.77,923.64,1,S,5,N
108,736.63,923.94,1,S,5,N
181,704.54,924.54,1,W,5,N
182,707.91,924.84,1,W,5,N
183,758.45,925.14,1,W,5,N
184,765.90,925.44,1,W,5,N
218,703.95,925.74,1,E,5,N
221,723.24,926.04,1,E,5,N
222,762.87,926.34,1,E,5,N
223,766.76,926.64,1,E,5,N
274,808.29,929.67,3,W,5,N
288,878.06,939.83,3,E,5,N
367,874.81,965.54,5,W,5,N
368,878.00,965.84,5,W,5,N
369,893.28,966.14,5,W,5,N
224,799.43,999.30,1,E,5,W
113,754.30,999.60,1,S,5,W
243,833.24,999.90,2,W,5,W
186,789.60,1000.20,1,W,5,W
257,868.49,1017.10,2,E,5,E
110,740.46,1021.44,1,S,5,N
112,753.37,1021.74,1,S,5,N
115,756.71,1022.04,1,S,5,N
116,760.25,1022.34,1,S,5,N
256,833.49,1022.64,2,E,5,N
242,814.54,1022.94,2,W,5,N
245,888.13,1023.54,2,W,5,N
185,772.00,1023.84,1,W,5,N
187,791.13,1024.14,1,W,5,N
188,797.85,1024.44,1,W,5,N
189,800.33,1024.74,1,W,5,N
190,831.56,1025.04,1,W,5,N
191,834.95,1025.34,1,W,5,N
192,862.65,1025.64,1,W,5,N
193,863.30,1025.94,1,W,5,N
225,838.22,1026.24,1,E,5,N
226,872.23,1026.54,1,E,5,N
201,897.13,1039.47,1,W,3,E
123,877.14,1099.20,1,S,5,W
195,883.79,1099.50,1,W,5,W
197,888.32,1099.80,1,W,5,W
198,890.90,1116.70,1,W,5,E
117,855.30,1121.34,1,S,5,N
118,859.03,1121.64,1,S,5,N
122,875.84,1121.94,1,S,5,N
194,870.22,1122.24,1,W,5,N
196,886.06,1122.54,1,W,5,N
199,894.10,1123.14,1,W,5,N
200,896.69,1123.44,1,W,5,N