id,enter_time,exit_time,entrance_intersection,entrance_direction,exit_intersection,exit_direction
236,21.30,66.44,5,W,5,N
237,25.22,66.74,5,W,5,N
238,27.85,67.04,5,W,5,N
239,32.26,67.34,5,W,5,N
240,32.42,67.64,5,W,5,N
241,35.09,67.94,5,W,5,N
242,38.55,68.24,5,W,5,N
243,42.48,68.54,5,W,5,N
299,90.02,96.16,5,E,5,N
3,8.85,100.70,1,S,1,W
4,9.17,101.00,1,S,1,W
6,17.13,101.30,1,S,1,W
8,21.18,101.30,1,S,2,W
202,50.99,131.27,3,W,5,N
215,3.85,131.27,3,E,5,N
216,6.24,131.57,3,E,5,N
91,2.75,137.67,1,W,3,W
217,85.98,147.75,3,E,5,N
244,75.21,166.34,5,W,5,N
245,79.04,166.64,5,W,5,N
246,84.56,166.94,5,W,5,N
247,105.02,167.24,5,W,5,N
248,111.47,167.54,5,W,5,N
249,139.80,167.84,5,W,5,N
300,192.74,198.87,5,E,5,N
1,4.17,200.10,1,S,5,W
5,16.57,200.40,1,S,5,W
301,194.52,200.66,5,E,5,N
93,37.92,200.70,1,W,5,W
95,46.65,201.00,1,W,5,W
13,175.62,201.10,1,S,1,W
145,27.96,201.30,1,E,5,W
146,30.86,201.60,1,E,5,W
148,80.76,201.90,1,E,5,W
101,133.98,202.00,1,W,2,W
0,3.50,222.24,1,S,5,N
188,35.19,222.54,2,E,5,N
189,85.92,222.84,2,E,5,N
2,5.50,223.14,1,S,5,N
7,20.69,223.44,1,S,5,N
92,31.54,223.74,1,W,5,N
94,44.60,224.04,1,W,5,N
144,8.08,224.34,1,E,5,N
147,45.14,224.64,1,E,5,N
218,120.06,231.07,3,E,5,N
203,186.32,248.09,3,W,5,N
250,195.32,266.24,5,W,5,N
149,99.85,300.00,1,E,5,W
219,123.30,300.30,3,E,5,W
220,127.18,300.60,3,E,5,W
11,102.88,300.90,1,S,5,W
105,251.33,301.20,1,W,2,W
175,168.94,301.20,2,W,5,W
17,252.20,301.50,1,S,1,W
102,140.92,301.50,1,W,5,W
19,257.12,301.80,1,S,1,W
21,258.08,302.10,1,S,1,W
26,274.29,302.40,1,S,1,W
27,277.64,302.70,1,S,1,W
30,283.90,303.00,1,S,1,W
34,291.57,305.71,1,S,1,W
302,299.60,305.73,5,E,5,N
35,294.91,309.05,1,S,1,W
154,284.29,310.41,1,E,2,W
18,254.48,314.90,1,S,1,E
9,83.93,322.14,1,S,5,N
10,87.06,322.44,1,S,5,N
190,174.64,322.74,2,E,5,N
96,75.35,323.04,1,W,5,N
97,78.86,323.34,1,W,5,N
98,82.54,323.64,1,W,5,N
99,85.52,323.94,1,W,5,N
100,102.37,324.24,1,W,5,N
150,139.03,324.54,1,E,5,N
151,142.45,324.84,1,E,5,N
204,211.56,330.87,3,W,5,N
221,210.53,330.87,3,E,5,N
222,230.75,331.17,3,E,5,N
205,228.76,331.17,3,W,5,N
206,258.06,331.47,3,W,5,N
207,266.89,331.77,3,W,5,N
104,220.02,336.97,1,W,3,W
152,202.60,337.87,1,E,3,W
15,238.09,340.42,1,S,2,E
251,295.29,366.14,5,W,5,N
252,295.64,366.44,5,W,5,N
253,300.91,366.74,5,W,5,N
254,325.43,367.04,5,W,5,N
255,329.19,367.34,5,W,5,N
256,333.96,367.64,5,W,5,N
257,338.10,367.94,5,W,5,N
303,313.07,380.14,5,E,5,N
304,347.86,380.44,5,E,5,N
305,382.42,388.55,5,E,5,N
223,245.07,399.90,3,E,5,W
191,270.60,400.20,2,E,5,W
106,255.27,400.50,1,W,5,W
42,308.14,401.60,1,S,2,W
44,312.27,401.90,1,S,1,W
49,325.18,402.20,1,S,1,W
12,172.63,422.04,1,S,5,N
14,176.17,422.34,1,S,5,N
103,171.28,422.64,1,W,5,N
153,232.06,422.94,1,E,5,N
224,348.67,430.67,3,E,5,N
225,351.47,430.97,3,E,5,N
46,316.95,438.57,1,S,3,E
208,379.18,440.95,3,W,5,N
258,375.66,466.04,5,W,5,N
259,435.98,466.34,5,W,5,N
260,452.77,466.64,5,W,5,N
261,456.53,466.94,5,W,5,N
262,469.82,475.95,5,W,5,N
306,477.45,483.59,5,E,5,N
307,486.41,492.54,5,E,5,N
16,240.86,499.80,1,S,5,W
20,257.34,500.10,1,S,5,W
24,260.06,500.40,1,S,5,W
29,280.73,500.70,1,S,5,W
31,287.59,501.00,1,S,5,W
36,297.40,501.30,1,S,5,W
38,301.09,501.60,1,S,5,W
192,361.44,501.90,2,E,5,W
177,352.13,502.20,2,W,5,W
48,324.12,502.50,1,S,5,W
56,497.69,511.82,1,S,1,W
22,259.27,521.94,1,S,5,N
23,259.74,522.24,1,S,5,N
25,263.25,522.54,1,S,5,N
28,280.63,522.84,1,S,5,N
32,288.00,523.14,1,S,5,N
33,289.11,523.44,1,S,5,N
37,298.50,523.74,1,S,5,N
176,323.56,524.04,2,W,5,N
209,417.69,524.33,3,W,5,E
39,301.74,524.34,1,S,5,N
40,301.98,524.64,1,S,5,N
41,302.43,524.94,1,S,5,N
43,310.30,525.24,1,S,5,N
45,315.36,525.54,1,S,5,N
47,320.19,525.84,1,S,5,N
107,269.00,526.14,1,W,5,N
108,270.34,526.44,1,W,5,N
109,297.95,526.74,1,W,5,N
110,336.51,527.04,1,W,5,N
155,337.47,527.34,1,E,5,N
156,368.89,527.64,1,E,5,N
226,452.77,530.47,3,E,5,N
116,408.42,538.37,1,W,3,E
65,530.20,544.33,1,S,1,E
263,473.60,565.94,5,W,5,N
264,505.05,566.24,5,W,5,N
265,520.75,566.54,5,W,5,N
266,525.64,566.84,5,W,5,N
267,535.96,567.14,5,W,5,N
268,539.88,567.44,5,W,5,N
269,539.92,567.74,5,W,5,N
308,501.32,579.94,5,E,5,N
309,591.12,597.26,5,E,5,N
52,491.18,599.10,1,S,3,W
50,386.17,599.70,1,S,5,W
51,396.89,600.00,1,S,5,W
111,380.68,600.30,1,W,5,W
115,405.30,600.60,1,W,5,W
117,447.07,600.90,1,W,5,W
58,506.11,602.70,1,S,1,W
61,514.55,603.00,1,S,1,W
63,527.04,603.30,1,S,1,W
66,596.98,611.11,1,S,1,W
193,460.90,621.84,2,E,5,N
112,383.11,622.14,1,W,5,N
113,396.10,622.44,1,W,5,N
114,401.40,622.74,1,W,5,N
157,455.05,623.04,1,E,5,N
158,465.56,623.34,1,E,5,N
159,469.92,623.64,1,E,5,N
210,554.06,630.27,3,W,5,N
227,516.35,630.27,3,E,5,N
60,511.77,637.27,1,S,3,W
62,524.71,637.57,1,S,3,W
270,587.43,665.84,5,W,5,N
271,587.68,666.14,5,W,5,N
272,605.65,666.44,5,W,5,N
273,609.86,666.74,5,W,5,N
274,617.82,667.04,5,W,5,N
275,657.48,667.34,5,W,5,N
276,660.18,667.64,5,W,5,N
277,662.10,668.24,5,W,5,N
278,666.73,672.87,5,W,5,N
310,602.49,679.84,5,E,5,N
311,691.69,697.83,5,E,5,N
55,494.59,699.60,1,S,5,W
194,539.61,699.90,2,E,5,W
59,508.51,700.20,1,S,5,W
119,518.26,700.50,1,W,5,W
120,557.74,718.30,1,W,5,E
121,560.36,718.60,1,W,5,E
162,549.62,719.50,1,E,5,E
53,491.67,721.74,1,S,5,N
54,493.79,722.04,1,S,5,N
57,502.74,722.34,1,S,5,N
178,533.80,722.64,2,W,5,N
195,572.29,722.94,2,E,5,N
179,544.85,723.24,2,W,5,N
196,597.62,723.54,2,E,5,N
64,529.00,723.84,1,S,5,N
118,477.14,724.14,1,W,5,N
160,544.03,725.04,1,E,5,N
161,547.83,725.34,1,E,5,N
163,571.39,725.94,1,E,5,N
164,600.47,726.24,1,E,5,N
228,625.30,730.07,3,E,5,N
211,605.55,730.07,3,W,5,N
229,628.11,730.37,3,E,5,N
230,644.49,730.67,3,E,5,N
122,567.80,737.07,1,W,3,W
166,615.24,738.57,1,E,3,W
68,674.83,742.32,1,S,2,W
279,693.17,765.74,5,W,5,N
280,695.22,766.04,5,W,5,N
281,696.94,766.34,5,W,5,N
282,699.79,766.64,5,W,5,N
283,702.02,766.94,5,W,5,N
284,705.87,767.24,5,W,5,N
285,709.14,767.54,5,W,5,N
286,711.79,767.84,5,W,5,N
287,713.61,768.14,5,W,5,N
288,715.73,768.44,5,W,5,N
289,733.71,768.74,5,W,5,N
290,738.16,769.04,5,W,5,N
291,741.34,769.34,5,W,5,N
292,743.69,769.64,5,W,5,N
312,702.63,779.74,5,E,5,N
165,608.01,799.50,1,E,5,W
167,651.45,799.80,1,E,5,W
168,658.47,800.10,1,E,5,W
313,796.93,803.06,5,E,5,N
76,754.06,803.50,1,S,1,W
82,768.43,803.80,1,S,1,W
314,798.21,804.34,5,E,5,N
71,743.47,816.30,1,S,1,E
79,758.16,818.40,1,S,1,E
180,613.75,821.64,2,W,5,N
197,626.47,821.94,2,E,5,N
181,687.83,822.24,2,W,5,N
198,690.83,822.54,2,E,5,N
182,691.79,822.84,2,W,5,N
123,587.69,823.14,1,W,5,N
124,628.71,823.44,1,W,5,N
125,659.82,823.74,1,W,5,N
231,751.89,829.87,3,E,5,N
213,716.94,830.17,3,W,5,N
77,754.12,843.92,1,S,2,E
232,785.32,847.09,3,E,5,N
233,789.24,851.01,3,E,5,N
293,808.25,865.64,5,W,5,N
294,809.30,865.94,5,W,5,N
295,812.13,866.24,5,W,5,N
296,844.39,866.54,5,W,5,N
315,816.05,879.64,5,E,5,N
316,874.32,880.45,5,E,5,N
317,882.01,888.15,5,E,5,N
318,885.92,892.05,5,E,5,N
72,745.39,898.50,1,S,3,E
212,709.79,899.40,3,W,5,W
69,678.47,899.70,1,S,5,W
127,699.29,900.00,1,W,5,W
81,761.78,900.30,1,S,3,E
128,702.04,900.30,1,W,5,W
169,717.75,900.60,1,E,5,W
170,780.12,900.90,1,E,5,W
130,768.12,901.50,1,W,2,W
131,773.81,901.80,1,W,2,W
85,840.83,903.90,1,S,1,W
88,849.35,904.20,1,S,1,W
89,853.31,904.50,1,S,1,W
200,805.24,913.37,2,E,3,E
67,671.85,921.54,1,S,5,N
70,681.42,921.84,1,S,5,N
199,757.26,922.14,2,E,5,N
183,745.11,922.44,2,W,5,N
126,673.22,922.74,1,W,5,N
129,736.20,923.04,1,W,5,N
171,787.11,923.34,1,E,5,N
172,822.66,940.57,1,E,3,W
235,895.11,950.75,3,E,5,E
234,892.96,954.73,3,E,5,N
297,883.54,965.54,5,W,5,N
298,886.02,965.84,5,W,5,N
86,842.37,998.30,1,S,3,W
214,818.03,999.30,3,W,5,W
73,746.31,999.60,1,S,5,W
74,749.65,999.90,1,S,5,W
80,758.75,1000.20,1,S,5,W
201,832.67,1000.50,2,E,5,W
84,840.04,1000.80,1,S,5,W
132,781.29,1001.10,1,W,5,W
137,827.42,1001.40,1,W,5,W
139,852.45,1001.70,1,W,5,W
75,750.09,1015.30,1,S,5,E
184,820.59,1016.20,2,W,5,E
138,844.51,1018.60,1,W,5,E
78,756.85,1021.74,1,S,5,N
83,774.25,1022.04,1,S,5,N
185,840.72,1022.64,2,W,5,N
186,895.03,1022.94,2,W,5,N
187,895.95,1023.24,2,W,5,N
133,786.19,1023.54,1,W,5,N
134,789.37,1023.84,1,W,5,N
135,792.75,1024.14,1,W,5,N
136,822.88,1024.44,1,W,5,N
173,875.94,1025.04,1,E,5,N
174,897.01,1025.34,1,E,5,N
141,893.40,1099.20,1,W,5,W
143,898.88,1099.50,1,W,5,W
87,844.88,1121.34,1,S,5,N
90,854.99,1121.64,1,S,5,N
140,890.35,1121.94,1,W,5,N
142,896.42,1122.24,1,W,5,N