id,enter_time,exit_time,entrance_intersection,entrance_direction,exit_intersection,exit_direction
239,4.13,66.44,5,W,5,N
240,5.52,66.74,5,W,5,N
241,54.51,67.04,5,W,5,N
242,60.34,67.34,5,W,5,N
243,63.04,69.18,5,W,5,N
313,44.52,80.44,5,E,5,N
0,2.31,100.70,1,S,1,W
2,11.41,101.00,1,S,1,W
3,11.79,101.30,1,S,1,W
223,3.68,131.27,3,E,5,N
211,9.21,131.27,3,W,5,N
224,7.32,131.57,3,E,5,N
225,85.32,147.09,3,E,5,N
244,79.64,166.34,5,W,5,N
245,79.82,166.64,5,W,5,N
246,113.31,166.94,5,W,5,N
247,146.78,167.24,5,W,5,N
248,152.55,167.54,5,W,5,N
249,156.34,167.84,5,W,5,N
250,159.74,168.14,5,W,5,N
314,180.21,186.34,5,E,5,N
315,182.83,188.97,5,E,5,N
226,88.19,200.10,3,E,5,W
94,6.62,200.40,1,W,5,W
158,29.80,200.70,1,E,5,W
159,40.69,201.00,1,E,5,W
11,163.33,201.10,1,S,1,W
160,56.29,201.30,1,E,5,W
13,166.52,201.40,1,S,1,W
20,187.31,201.45,1,S,1,W
161,63.99,201.60,1,E,5,W
162,65.44,201.90,1,E,5,W
6,149.81,213.90,1,S,1,E
7,151.70,214.20,1,S,1,E
93,5.97,217.30,1,W,5,E
1,2.93,222.24,1,S,5,N
191,76.77,222.54,2,W,5,N
201,82.89,222.84,2,E,5,N
92,3.93,223.14,1,W,5,N
95,18.95,223.74,1,W,5,N
163,82.16,224.04,1,E,5,N
212,116.54,231.07,3,W,5,N
104,132.12,238.97,1,W,3,W
164,103.96,239.57,1,E,3,E
10,161.21,241.22,1,S,2,W
17,183.60,242.72,1,S,2,E
251,200.71,266.24,5,W,5,N
252,201.79,266.54,5,W,5,N
253,204.88,266.84,5,W,5,N
254,218.39,267.14,5,W,5,N
255,221.22,267.44,5,W,5,N
256,223.09,267.74,5,W,5,N
257,236.83,268.04,5,W,5,N
258,254.03,268.34,5,W,5,N
259,257.78,268.64,5,W,5,N
260,259.75,268.94,5,W,5,N
261,262.56,269.24,5,W,5,N
262,263.47,269.61,5,W,5,N
263,264.71,270.84,5,W,5,N
316,230.69,280.24,5,E,5,N
317,261.02,280.54,5,E,5,N
318,271.88,280.84,5,E,5,N
9,158.47,300.00,1,S,3,W
5,84.76,300.00,1,S,5,W
202,177.55,300.30,2,E,5,W
97,80.13,300.60,1,W,5,W
101,108.45,300.90,1,W,5,W
103,131.51,301.20,1,W,5,W
22,271.81,301.50,1,S,1,W
105,147.07,301.50,1,W,5,W
27,281.80,301.80,1,S,1,W
33,295.83,309.96,1,S,1,W
30,288.59,316.40,1,S,1,E
31,289.57,316.70,1,S,1,E
35,303.82,317.96,1,S,1,E
4,80.80,322.14,1,S,5,N
192,155.00,322.44,2,W,5,N
96,67.55,322.74,1,W,5,N
98,87.39,323.04,1,W,5,N
99,89.70,323.34,1,W,5,N
100,104.76,323.64,1,W,5,N
102,128.21,323.94,1,W,5,N
165,142.73,324.24,1,E,5,N
36,310.73,324.87,1,S,1,E
227,207.04,330.87,3,E,5,N
213,243.16,330.87,3,W,5,N
214,252.86,331.17,3,W,5,N
23,273.65,340.72,1,S,2,E
121,234.74,341.17,1,W,3,W
122,236.15,341.47,1,W,3,W
264,304.36,366.14,5,W,5,N
265,308.79,366.44,5,W,5,N
266,310.33,366.74,5,W,5,N
319,356.66,380.14,5,E,5,N
320,368.64,380.44,5,E,5,N
321,379.32,385.46,5,E,5,N
228,217.19,399.90,3,E,5,W
8,155.42,400.20,1,S,5,W
16,179.79,400.50,1,S,5,W
19,184.91,400.80,1,S,5,W
109,182.82,401.10,1,W,5,W
114,206.18,401.40,1,W,5,W
115,209.56,401.70,1,W,5,W
116,214.06,402.00,1,W,5,W
118,223.23,402.30,1,W,5,W
123,256.09,402.60,1,W,5,W
37,388.60,402.74,1,S,1,W
38,391.95,414.70,1,S,1,E
12,166.47,422.04,1,S,5,N
14,175.03,422.34,1,S,5,N
15,178.76,422.64,1,S,5,N
18,184.37,422.94,1,S,5,N
203,276.05,423.24,2,E,5,N
106,175.19,423.54,1,W,5,N
107,178.02,423.84,1,W,5,N
108,181.94,424.14,1,W,5,N
110,184.38,424.44,1,W,5,N
111,192.35,424.74,1,W,5,N
112,194.64,425.04,1,W,5,N
113,201.61,425.34,1,W,5,N
117,219.95,425.64,1,W,5,N
119,224.98,425.94,1,W,5,N
120,232.32,426.24,1,W,5,N
124,258.54,426.54,1,W,5,N
166,203.63,426.84,1,E,5,N
167,251.68,427.14,1,E,5,N
230,375.56,437.33,3,E,5,N
215,388.37,450.14,3,W,5,N
267,390.50,466.04,5,W,5,N
268,392.80,466.34,5,W,5,N
269,394.25,466.64,5,W,5,N
270,461.89,468.02,5,W,5,N
271,465.45,471.59,5,W,5,N
322,412.68,480.04,5,E,5,N
323,492.98,499.12,5,E,5,N
229,336.41,499.80,3,E,5,W
21,271.66,500.10,1,S,5,W
129,357.03,500.40,1,W,5,W
130,360.47,500.70,1,W,5,W
169,357.73,501.00,1,E,5,W
47,424.79,502.30,1,S,1,W
50,436.08,502.60,1,S,1,W
52,443.32,502.90,1,S,1,W
64,474.28,503.20,1,S,1,W
65,477.50,503.50,1,S,1,W
68,487.59,503.80,1,S,1,W
173,456.41,505.30,1,E,2,W
57,450.97,516.60,1,S,1,E
29,288.50,517.00,1,S,5,E
131,364.11,520.30,1,W,5,E
24,276.25,521.94,1,S,5,N
25,278.39,522.24,1,S,5,N
26,280.65,522.54,1,S,5,N
28,284.72,522.84,1,S,5,N
32,292.95,523.44,1,S,5,N
34,300.10,523.74,1,S,5,N
193,352.26,524.04,2,W,5,N
204,367.15,524.34,2,E,5,N
194,374.36,524.64,2,W,5,N
195,399.91,524.94,2,W,5,N
125,269.99,525.24,1,W,5,N
126,291.49,525.54,1,W,5,N
127,293.79,525.84,1,W,5,N
128,345.65,526.14,1,W,5,N
168,304.30,526.74,1,E,5,N
231,446.58,530.47,3,E,5,N
216,444.78,530.47,3,W,5,N
174,458.93,541.67,1,E,3,W
272,486.60,565.94,5,W,5,N
273,488.20,566.24,5,W,5,N
274,491.09,566.54,5,W,5,N
275,520.14,566.84,5,W,5,N
276,525.89,567.14,5,W,5,N
277,529.50,567.44,5,W,5,N
278,544.70,567.74,5,W,5,N
279,561.22,568.04,5,W,5,N
280,564.53,570.67,5,W,5,N
281,565.42,571.55,5,W,5,N
282,569.20,575.34,5,W,5,N
283,569.41,575.55,5,W,5,N
284,571.61,577.75,5,W,5,N
324,503.58,579.94,5,E,5,N
325,514.49,580.24,5,E,5,N
326,568.70,580.54,5,E,5,N
327,570.55,580.84,5,E,5,N
328,580.46,586.59,5,E,5,N
329,581.03,587.17,5,E,5,N
217,457.85,599.70,3,W,5,W
40,401.00,600.00,1,S,5,W
205,416.30,600.30,2,E,5,W
43,418.89,600.60,1,S,5,W
44,421.74,600.90,1,S,5,W
45,421.78,601.20,1,S,5,W
49,434.83,601.50,1,S,5,W
132,370.80,601.80,1,W,5,W
133,396.40,602.10,1,W,5,W
134,403.35,602.40,1,W,5,W
136,461.70,602.70,1,W,5,W
71,569.09,602.70,1,S,1,W
171,428.22,603.00,1,E,5,W
72,572.68,603.00,1,S,1,W
172,451.84,603.30,1,E,5,W
69,564.80,615.50,1,S,1,E
176,463.77,618.10,1,E,5,E
39,393.31,621.84,1,S,5,N
41,404.37,622.14,1,S,5,N
42,413.78,622.44,1,S,5,N
46,422.20,622.74,1,S,5,N
48,432.20,623.04,1,S,5,N
135,441.95,623.34,1,W,5,N
170,416.81,623.64,1,E,5,N
175,459.37,623.94,1,E,5,N
177,498.89,624.54,1,E,5,N
218,593.83,655.60,3,W,5,N
285,582.03,665.84,5,W,5,N
286,594.17,666.14,5,W,5,N
287,596.84,666.44,5,W,5,N
288,621.32,666.74,5,W,5,N
289,648.25,667.04,5,W,5,N
290,650.10,667.34,5,W,5,N
73,582.73,699.20,1,S,3,W
232,551.15,699.60,3,E,5,W
51,440.77,699.90,1,S,5,W
56,449.11,700.20,1,S,5,W
67,484.39,700.50,1,S,5,W
55,448.93,716.20,1,S,5,E
62,467.66,717.70,1,S,5,E
53,444.18,721.74,1,S,5,N
54,446.15,722.04,1,S,5,N
58,453.39,722.64,1,S,5,N
59,454.71,722.94,1,S,5,N
60,457.57,723.24,1,S,5,N
61,459.24,723.54,1,S,5,N
63,471.33,724.14,1,S,5,N
66,481.47,724.44,1,S,5,N
206,513.46,724.74,2,E,5,N
196,579.81,725.04,2,W,5,N
207,597.25,725.34,2,E,5,N
137,475.21,725.64,1,W,5,N
138,508.42,725.94,1,W,5,N
139,531.38,726.24,1,W,5,N
140,546.50,726.54,1,W,5,N
178,523.30,726.84,1,E,5,N
219,623.17,730.07,3,W,5,N
233,638.09,730.07,3,E,5,N
78,721.21,735.34,1,S,1,E
145,607.41,738.27,1,W,3,E
181,618.94,739.77,1,E,3,W
80,733.08,747.22,1,S,1,E
291,678.60,765.74,5,W,5,N
292,691.40,766.04,5,W,5,N
293,692.60,766.34,5,W,5,N
294,697.59,766.64,5,W,5,N
295,700.99,766.94,5,W,5,N
296,704.48,767.24,5,W,5,N
297,710.24,767.54,5,W,5,N
298,711.50,767.84,5,W,5,N
299,727.86,768.14,5,W,5,N
300,733.52,768.44,5,W,5,N
330,712.87,779.74,5,E,5,N
331,734.84,780.04,5,E,5,N
332,737.37,780.34,5,E,5,N
234,640.23,799.50,3,E,5,W
235,643.20,799.80,3,E,5,W
198,650.68,800.10,2,W,5,W
208,692.92,800.40,2,E,5,W
79,731.30,803.50,1,S,1,W
183,687.54,805.36,1,E,5,W
144,605.67,817.00,1,W,5,E
179,608.33,817.90,1,E,5,E
70,566.24,821.64,1,S,5,N
197,605.09,821.94,2,W,5,N
141,579.25,822.24,1,W,5,N
142,580.52,822.54,1,W,5,N
143,602.00,822.84,1,W,5,N
146,640.65,823.44,1,W,5,N
147,643.30,823.74,1,W,5,N
180,614.06,824.34,1,E,5,N
182,682.02,824.64,1,E,5,N
184,698.92,824.94,1,E,5,N
185,700.33,825.24,1,E,5,N
236,718.89,829.87,3,E,5,N
237,722.10,830.17,3,E,5,N
301,787.43,865.64,5,W,5,N
302,803.32,865.94,5,W,5,N
303,809.05,866.24,5,W,5,N
304,822.32,866.54,5,W,5,N
305,827.59,866.84,5,W,5,N
306,841.11,867.14,5,W,5,N
307,863.00,869.14,5,W,5,N
308,866.07,872.21,5,W,5,N
333,834.97,879.64,5,E,5,N
334,840.54,879.94,5,E,5,N
335,853.83,880.24,5,E,5,N
220,749.72,899.40,3,W,5,W
221,785.19,899.70,3,W,5,W
199,714.00,900.00,2,W,5,W
209,773.47,900.30,2,E,5,W
81,734.31,900.60,1,S,5,W
151,756.94,900.90,1,W,5,W
186,753.71,901.20,1,E,5,W
187,759.19,901.50,1,E,5,W
188,771.59,901.80,1,E,5,W
155,864.87,902.70,1,W,2,W
83,806.15,903.90,1,S,1,W
87,878.44,904.20,1,S,1,W
88,878.52,917.00,1,S,1,E
149,723.79,917.50,1,W,5,E
74,649.14,921.54,1,S,5,N
75,650.73,921.84,1,S,5,N
76,652.34,922.14,1,S,5,N
200,741.04,922.44,2,W,5,N
77,720.80,922.74,1,S,5,N
82,739.69,923.04,1,S,5,N
148,692.16,923.34,1,W,5,N
150,754.85,923.94,1,W,5,N
189,776.63,924.24,1,E,5,N
190,788.07,924.54,1,E,5,N
89,879.58,943.42,1,S,2,W
309,881.55,965.54,5,W,5,N
310,884.73,965.84,5,W,5,N
311,884.99,966.14,5,W,5,N
312,889.16,966.44,5,W,5,N
238,833.94,999.30,3,E,5,W
84,808.81,999.60,1,S,5,W
222,897.60,1021.44,3,W,5,N
210,844.87,1021.74,2,E,5,N
85,811.22,1022.04,1,S,5,N
152,796.43,1022.34,1,W,5,N
153,799.48,1022.64,1,W,5,N
154,851.37,1022.94,1,W,5,N
156,878.94,1037.37,1,W,3,E
86,875.80,1099.20,1,S,5,W
90,882.28,1121.34,1,S,5,N
91,883.43,1121.64,1,S,5,N
157,881.20,1121.94,1,W,5,N