id,enter_time,exit_time,entrance_intersection,entrance_direction,exit_intersection,exit_direction
251,1.75,66.44,5,W,5,N
252,4.03,66.74,5,W,5,N
253,25.37,67.04,5,W,5,N
254,29.22,67.34,5,W,5,N
255,43.74,67.64,5,W,5,N
256,44.79,67.94,5,W,5,N
257,46.16,68.24,5,W,5,N
258,48.84,68.54,5,W,5,N
317,11.98,80.44,5,E,5,N
318,16.17,80.74,5,E,5,N
319,34.72,81.04,5,E,5,N
320,87.01,93.15,5,E,5,N
0,4.37,100.10,1,S,3,W
84,5.34,100.70,1,W,2,W
2,87.47,101.60,1,S,1,W
3,87.71,101.84,1,S,1,W
7,97.79,114.70,1,S,1,E
14,116.87,131.01,1,S,1,E
205,15.24,131.27,3,W,5,N
134,47.33,138.27,1,E,3,E
5,95.33,140.22,1,S,2,W
218,92.82,148.45,3,E,5,E
259,101.72,166.34,5,W,5,N
260,108.02,166.64,5,W,5,N
261,110.05,166.94,5,W,5,N
262,112.77,167.24,5,W,5,N
263,115.38,167.54,5,W,5,N
264,167.30,173.43,5,W,5,N
321,106.67,180.34,5,E,5,N
322,107.02,180.64,5,E,5,N
323,133.86,180.94,5,E,5,N
219,96.80,200.10,3,E,5,W
192,39.49,200.40,2,E,5,W
85,29.06,200.70,1,W,5,W
131,10.95,201.00,1,E,5,W
13,110.38,201.10,1,S,1,W
132,24.39,201.30,1,E,5,W
15,181.15,201.40,1,S,1,W
135,70.69,201.60,1,E,5,W
136,92.63,210.45,1,E,5,W
176,158.18,213.57,2,W,3,W
220,99.17,222.24,3,E,5,N
171,23.96,222.54,2,W,5,N
172,50.32,222.84,2,W,5,N
83,2.35,223.14,1,W,5,N
133,37.14,223.44,1,E,5,N
206,162.37,231.07,3,W,5,N
89,140.20,237.77,1,W,3,E
265,223.36,266.24,5,W,5,N
266,243.69,266.54,5,W,5,N
267,247.69,266.84,5,W,5,N
268,247.69,267.14,5,W,5,N
324,242.56,280.24,5,E,5,N
1,85.02,300.00,1,S,5,W
4,92.71,300.30,1,S,5,W
10,103.09,300.60,1,S,5,W
175,136.10,300.90,2,W,5,W
140,246.29,301.20,1,E,2,E
87,97.51,301.20,1,W,5,W
139,185.60,303.42,1,E,5,W
195,211.98,312.77,2,E,3,W
19,247.90,315.20,1,S,1,E
20,249.77,315.50,1,S,1,E
21,250.47,315.80,1,S,1,E
28,283.83,317.90,1,S,1,E
6,95.67,322.14,1,S,5,N
8,98.59,322.44,1,S,5,N
9,99.53,322.74,1,S,5,N
11,104.22,323.04,1,S,5,N
173,107.06,323.34,2,W,5,N
193,105.78,323.64,2,E,5,N
174,113.88,323.94,2,W,5,N
194,151.74,324.24,2,E,5,N
177,186.79,324.54,2,W,5,N
12,106.59,324.84,1,S,5,N
86,73.35,325.14,1,W,5,N
88,102.40,325.44,1,W,5,N
90,143.91,325.74,1,W,5,N
91,161.96,326.04,1,W,5,N
137,129.38,326.34,1,E,5,N
138,133.33,326.64,1,E,5,N
221,203.44,330.87,3,E,5,N
222,206.21,331.17,3,E,5,N
207,275.94,337.71,3,W,5,N
25,267.69,343.12,1,S,2,E
29,286.60,344.32,1,S,2,E
225,285.16,346.93,3,E,5,N
269,281.54,366.14,5,W,5,N
270,287.01,366.44,5,W,5,N
271,303.23,366.74,5,W,5,N
272,305.68,367.04,5,W,5,N
273,310.90,367.34,5,W,5,N
274,331.74,367.64,5,W,5,N
275,347.22,367.94,5,W,5,N
276,368.80,374.93,5,W,5,N
325,333.62,380.14,5,E,5,N
223,209.42,399.90,3,E,5,W
224,281.88,400.20,3,E,5,W
178,265.59,400.50,2,W,5,W
32,295.53,400.70,1,S,2,W
196,297.13,400.80,2,E,5,W
92,200.42,401.10,1,W,5,W
141,275.50,401.40,1,E,5,W
35,301.55,401.60,1,S,2,W
27,278.12,401.60,1,S,3,W
95,288.03,402.80,1,W,2,W
38,390.04,404.17,1,S,1,W
179,290.44,422.04,2,W,5,N
93,232.40,422.34,1,W,5,N
142,277.51,422.64,1,E,5,N
226,322.80,430.67,3,E,5,N
34,298.76,437.37,1,S,3,W
36,307.63,437.97,1,S,3,E
146,367.88,440.67,1,E,3,E
277,376.89,466.04,5,W,5,N
278,382.72,466.34,5,W,5,N
279,384.13,466.64,5,W,5,N
280,406.07,466.94,5,W,5,N
281,467.68,473.81,5,W,5,N
326,471.22,480.04,5,E,5,N
39,392.35,499.30,1,S,3,W
227,336.87,499.80,3,E,5,W
228,356.24,500.10,3,E,5,W
17,243.29,500.40,1,S,5,W
26,272.26,500.70,1,S,5,W
180,319.88,501.00,2,W,5,W
182,366.43,501.30,2,W,5,W
37,316.18,501.60,1,S,5,W
96,307.61,501.90,1,W,5,W
97,345.16,502.20,1,W,5,W
45,477.24,502.30,1,S,1,W
103,393.19,502.30,1,W,2,W
144,361.39,502.50,1,E,5,W
186,482.08,518.15,2,W,3,E
16,243.17,521.94,1,S,5,N
18,244.58,522.24,1,S,5,N
22,261.01,522.54,1,S,5,N
23,263.27,522.84,1,S,5,N
24,265.66,523.14,1,S,5,N
30,289.09,523.44,1,S,5,N
31,291.89,523.74,1,S,5,N
181,339.83,524.04,2,W,5,N
183,388.66,524.34,2,W,5,N
197,391.10,524.64,2,E,5,N
33,298.41,524.94,1,S,5,N
94,284.31,525.24,1,W,5,N
143,315.53,525.54,1,E,5,N
145,365.54,525.84,1,E,5,N
209,422.08,530.77,3,W,5,N
230,470.13,531.90,3,E,5,N
98,377.07,536.87,1,W,3,E
232,475.87,537.64,3,E,5,N
106,446.09,539.27,1,W,3,E
150,474.94,541.07,1,E,3,W
282,481.58,565.94,5,W,5,N
283,483.14,566.24,5,W,5,N
284,490.66,566.54,5,W,5,N
285,506.61,566.84,5,W,5,N
286,506.67,567.14,5,W,5,N
287,510.46,567.44,5,W,5,N
288,510.91,567.74,5,W,5,N
289,562.84,568.97,5,W,5,N
43,476.64,599.10,1,S,3,W
208,414.69,599.70,3,W,5,W
47,478.00,600.00,1,S,3,W
229,466.59,600.00,3,E,5,W
210,434.80,600.30,3,W,5,W
231,473.84,600.60,3,E,5,W
50,490.04,600.90,1,S,3,W
41,398.44,600.90,1,S,5,W
42,398.77,601.20,1,S,5,W
184,443.74,601.50,2,W,5,W
101,388.96,601.80,1,W,5,W
102,391.55,602.10,1,W,5,W
104,405.59,602.40,1,W,5,W
105,444.20,602.70,1,W,5,W
115,554.33,602.70,1,W,2,W
51,560.78,602.70,1,S,1,W
148,428.96,603.00,1,E,5,W
53,573.00,603.00,1,S,1,W
154,566.02,603.90,1,E,2,E
185,457.35,616.60,2,W,5,E
107,452.68,617.50,1,W,5,E
40,394.09,621.84,1,S,5,N
198,414.43,622.14,2,E,5,N
199,476.49,622.44,2,E,5,N
99,379.18,623.04,1,W,5,N
100,386.57,623.34,1,W,5,N
108,456.41,623.94,1,W,5,N
147,413.60,624.24,1,E,5,N
149,457.57,624.54,1,E,5,N
151,487.95,624.84,1,E,5,N
234,513.42,630.57,3,E,5,N
213,546.61,630.87,3,W,5,N
214,589.70,651.47,3,W,5,N
290,587.03,665.84,5,W,5,N
291,607.88,666.14,5,W,5,N
292,613.20,666.44,5,W,5,N
293,617.39,666.74,5,W,5,N
294,621.33,667.04,5,W,5,N
295,621.98,667.34,5,W,5,N
296,625.29,667.64,5,W,5,N
297,628.98,667.94,5,W,5,N
298,656.69,668.24,5,W,5,N
327,601.94,679.84,5,E,5,N
328,612.12,680.14,5,E,5,N
329,616.31,680.44,5,E,5,N
330,625.64,680.74,5,E,5,N
331,634.97,681.04,5,E,5,N
332,642.37,681.34,5,E,5,N
211,538.43,699.60,3,W,5,W
233,510.86,699.90,3,E,5,W
212,538.79,700.20,3,W,5,W
44,476.74,700.50,1,S,5,W
200,544.20,700.80,2,E,5,W
201,589.32,701.10,2,E,5,W
122,655.77,702.50,1,W,2,W
61,665.48,703.10,1,S,1,W
66,674.30,703.40,1,S,1,W
57,651.05,715.90,1,S,1,E
58,657.32,716.20,1,S,1,E
152,510.15,718.90,1,E,5,E
46,477.26,721.74,1,S,5,N
48,488.18,722.04,1,S,5,N
49,489.87,722.34,1,S,5,N
187,550.20,722.64,2,W,5,N
109,472.68,722.94,1,W,5,N
110,511.29,723.24,1,W,5,N
111,515.51,723.54,1,W,5,N
112,523.47,723.84,1,W,5,N
113,524.66,724.14,1,W,5,N
114,538.99,724.44,1,W,5,N
116,558.05,724.74,1,W,5,N
153,529.52,725.34,1,E,5,N
215,639.48,730.07,3,W,5,N
235,605.50,730.07,3,E,5,N
238,625.82,730.97,3,E,5,N
239,645.47,731.27,3,E,5,N
241,663.38,731.87,3,E,5,N
69,733.58,747.71,1,S,1,E
244,688.32,750.09,3,E,5,N
299,674.11,765.74,5,W,5,N
300,674.90,766.04,5,W,5,N
301,687.64,766.34,5,W,5,N
302,688.34,766.64,5,W,5,N
303,690.36,766.94,5,W,5,N
304,711.99,767.24,5,W,5,N
305,713.71,767.54,5,W,5,N
306,770.76,776.90,5,W,5,N
307,772.67,778.80,5,W,5,N
333,743.27,779.74,5,E,5,N
334,745.90,780.04,5,E,5,N
335,763.38,780.34,5,E,5,N
236,620.68,799.50,3,E,5,W
237,623.28,799.80,3,E,5,W
240,648.30,800.10,3,E,5,W
242,666.08,800.40,3,E,5,W
243,670.08,800.70,3,E,5,W
117,570.08,801.00,1,W,5,W
118,572.88,801.30,1,W,5,W
121,623.07,801.60,1,W,5,W
67,728.90,803.50,1,S,1,W
70,734.27,803.80,1,S,1,W
188,724.89,813.27,2,W,3,E
73,745.50,816.60,1,S,1,E
119,575.58,817.00,1,W,5,E
159,690.72,819.10,1,E,5,E
52,564.43,821.64,1,S,5,N
54,578.99,821.94,1,S,5,N
55,582.77,822.24,1,S,5,N
56,585.70,822.54,1,S,5,N
202,675.42,822.84,2,E,5,N
120,577.91,823.44,1,W,5,N
123,663.02,823.74,1,W,5,N
155,602.99,824.04,1,E,5,N
156,612.87,824.34,1,E,5,N
157,666.70,824.64,1,E,5,N
158,688.42,824.94,1,E,5,N
160,692.97,825.54,1,E,5,N
245,703.55,829.87,3,E,5,N
247,732.19,830.47,3,E,5,N
248,748.88,830.77,3,E,5,N
125,743.02,838.07,1,W,3,E
162,755.95,838.67,1,E,3,W
163,775.15,838.97,1,E,3,W
75,749.54,843.32,1,S,2,W
216,783.67,845.44,3,W,5,N
217,793.09,854.86,3,W,5,N
308,791.62,865.64,5,W,5,N
309,824.32,865.94,5,W,5,N
310,848.98,866.24,5,W,5,N
311,852.83,866.54,5,W,5,N
312,867.20,873.33,5,W,5,N
313,869.36,875.49,5,W,5,N
336,814.52,879.64,5,E,5,N
72,741.70,898.50,1,S,3,W
246,719.21,899.40,3,E,5,W
60,661.73,899.70,1,S,5,W
68,731.19,900.00,1,S,5,W
161,745.46,900.30,1,E,5,W
337,895.91,902.05,5,E,5,N
79,888.28,903.90,1,S,1,W
338,898.87,905.00,5,E,5,N
189,768.00,917.20,2,W,5,E
59,658.91,921.54,1,S,5,N
62,665.84,921.84,1,S,5,N
63,666.70,922.14,1,S,5,N
64,669.88,922.44,1,S,5,N
65,671.34,922.74,1,S,5,N
203,752.33,923.04,2,E,5,N
249,848.03,923.53,3,E,5,E
71,736.28,923.64,1,S,5,N
124,703.77,923.94,1,W,5,N
250,850.43,929.97,3,E,5,N
165,835.75,939.37,1,E,3,E
81,894.55,943.12,1,S,2,W
314,872.67,965.54,5,W,5,N
315,887.61,965.84,5,W,5,N
316,889.24,966.14,5,W,5,N
76,750.81,999.30,1,S,5,W
204,826.49,999.60,2,E,5,W
191,865.30,999.90,2,W,5,W
130,866.31,1000.20,1,W,5,W
167,860.12,1000.50,1,E,5,W
168,864.10,1000.80,1,E,5,W
170,877.24,1001.10,1,E,5,W
77,751.33,1015.60,1,S,5,E
128,811.40,1017.10,1,W,5,E
74,746.80,1021.44,1,S,5,N
190,836.39,1022.04,2,W,5,N
78,822.48,1022.34,1,S,5,N
126,774.46,1022.64,1,W,5,N
127,777.54,1022.94,1,W,5,N
129,841.84,1023.54,1,W,5,N
164,830.47,1023.84,1,E,5,N
166,838.09,1024.14,1,E,5,N
169,869.26,1024.44,1,E,5,N
80,893.95,1099.20,1,S,5,W
82,896.90,1121.34,1,S,5,N