id,enter_time,exit_time,entrance_intersection,entrance_direction,exit_intersection,exit_direction
2,12.68,26.81,1,S,1,E
105,3.37,66.14,5,W,5,N
106,64.15,70.28,5,W,5,N
107,69.20,75.33,5,W,5,N
133,2.40,80.14,5,E,5,N
54,1.79,100.10,1,E,2,E
87,49.61,130.97,3,E,5,N
108,73.80,166.04,5,W,5,N
109,97.19,166.34,5,W,5,N
110,138.54,166.64,5,W,5,N
111,142.78,166.94,5,W,5,N
1,7.61,199.80,1,S,5,W
55,63.55,200.10,1,E,5,W
33,144.97,200.20,1,W,2,E
0,0.62,221.94,1,S,5,N
75,70.39,222.24,2,E,5,N
89,119.31,231.07,3,E,5,N
90,165.67,231.37,3,E,5,N
92,175.01,236.78,3,E,5,N
112,200.29,265.94,5,W,5,N
113,204.67,266.24,5,W,5,N
114,264.90,271.03,5,W,5,N
134,218.00,279.94,5,E,5,N
135,238.16,280.24,5,E,5,N
3,191.89,299.40,1,S,3,E
88,112.54,299.70,3,E,5,W
91,170.46,300.00,3,E,5,W
27,81.44,300.30,1,W,5,W
31,92.46,300.60,1,W,5,W
56,169.90,300.90,1,E,5,W
29,86.90,315.70,1,W,5,E
25,74.00,321.84,1,W,5,N
26,77.18,322.14,1,W,5,N
28,82.41,322.44,1,W,5,N
30,90.16,322.74,1,W,5,N
32,113.11,323.04,1,W,5,N
83,260.15,330.57,3,W,5,N
35,250.24,336.67,1,W,3,E
115,366.49,372.62,5,W,5,N
136,311.96,379.84,5,E,5,N
77,245.77,399.60,2,E,5,W
34,237.11,399.90,1,W,5,W
58,362.39,400.40,1,E,2,E
5,323.08,401.60,1,S,1,W
11,365.17,401.90,1,S,1,W
13,372.49,402.20,1,S,1,W
76,204.77,415.60,2,E,5,E
78,291.47,421.74,2,E,5,N
93,350.05,430.37,3,E,5,N
4,314.09,436.47,1,S,3,W
36,352.44,437.37,1,W,3,W
94,387.56,499.50,3,E,5,W
67,397.04,499.80,2,W,5,W
6,328.00,500.10,1,S,5,W
7,328.74,521.64,1,S,5,N
57,353.40,521.94,1,E,5,N
95,417.87,530.17,3,E,5,N
96,425.38,530.47,3,E,5,N
116,502.90,565.64,5,W,5,N
97,476.40,599.40,3,E,5,W
84,477.06,599.70,3,W,5,W
8,343.82,600.00,1,S,5,W
12,371.10,600.30,1,S,5,W
39,441.35,600.60,1,W,5,W
60,443.61,600.90,1,E,5,W
17,527.76,602.40,1,S,1,W
59,401.33,621.54,1,E,5,N
9,350.65,621.84,1,S,5,N
10,357.71,622.14,1,S,5,N
79,461.84,622.44,2,E,5,N
37,430.32,622.74,1,W,5,N
38,434.39,623.04,1,W,5,N
98,500.80,629.97,3,E,5,N
99,506.19,630.27,3,E,5,N
100,548.10,630.57,3,E,5,N
101,568.69,630.87,3,E,5,N
117,616.54,665.54,5,W,5,N
118,655.31,665.84,5,W,5,N
119,662.46,668.59,5,W,5,N
137,602.85,679.54,5,E,5,N
85,527.80,699.30,3,W,5,W
68,510.36,699.60,2,W,5,W
69,565.75,699.90,2,W,5,W
15,521.66,700.20,1,S,5,W
18,681.00,715.60,1,S,1,E
14,518.67,721.44,1,S,5,N
16,522.05,721.74,1,S,5,N
40,524.24,722.04,1,W,5,N
61,518.42,722.34,1,E,5,N
120,673.59,765.44,5,W,5,N
121,685.34,765.74,5,W,5,N
122,692.27,766.04,5,W,5,N
123,757.75,766.34,5,W,5,N
124,763.91,770.05,5,W,5,N
70,623.75,799.20,2,W,5,W
81,675.41,799.50,2,E,5,W
41,602.59,799.80,1,W,5,W
43,657.51,800.10,1,W,5,W
62,623.96,800.40,1,E,5,W
80,625.49,821.34,2,E,5,N
71,642.29,821.64,2,W,5,N
42,628.72,821.94,1,W,5,N
63,645.78,822.24,1,E,5,N
102,726.07,829.57,3,E,5,N
86,762.67,829.87,3,W,5,N
125,812.20,865.34,5,W,5,N
126,819.78,865.64,5,W,5,N
127,821.70,865.94,5,W,5,N
128,848.76,866.24,5,W,5,N
129,855.26,866.54,5,W,5,N
130,860.47,866.61,5,W,5,N
138,814.58,879.34,5,E,5,N
139,819.98,879.64,5,E,5,N
140,842.46,879.94,5,E,5,N
141,886.01,892.15,5,E,5,N
103,747.17,899.10,3,E,5,W
73,764.19,899.40,2,W,5,W
19,853.71,903.60,1,S,1,W
72,725.24,921.24,2,W,5,N
44,740.91,921.54,1,W,5,N
45,747.07,921.84,1,W,5,N
46,751.23,922.14,1,W,5,N
64,730.31,922.44,1,E,5,N
20,874.10,942.52,1,S,2,E
131,897.45,965.24,5,W,5,N
132,898.69,965.54,5,W,5,N
104,813.33,999.00,3,E,5,W
47,776.10,999.30,1,W,5,W
65,835.59,999.60,1,E,5,W
66,886.88,1004.70,1,E,5,W
49,866.46,1015.00,1,W,5,E
74,855.07,1021.14,2,W,5,N
82,869.03,1021.44,2,E,5,N
48,854.17,1021.74,1,W,5,N
52,885.66,1037.67,1,W,3,E
21,878.99,1098.90,1,S,5,W
51,878.89,1099.20,1,W,5,W
53,887.83,1099.50,1,W,5,W
22,882.68,1114.90,1,S,5,E
23,890.26,1121.04,1,S,5,N
24,896.56,1121.34,1,S,5,N
50,870.90,1121.64,1,W,5,N