id,enter_time,exit_time,entrance_intersection,entrance_direction,exit_intersection,exit_direction
3,18.50,32.64,1,S,1,E
121,4.42,66.14,5,W,5,N
122,14.92,66.44,5,W,5,N
123,38.99,66.74,5,W,5,N
124,64.93,71.07,5,W,5,N
125,71.67,77.80,5,W,5,N
1,8.22,100.40,1,S,1,W
12,82.88,100.70,1,S,1,W
10,65.77,113.20,1,S,1,E
11,69.53,113.50,1,S,1,E
5,36.53,136.77,1,S,3,W
114,76.63,138.40,3,E,5,N
77,93.08,155.27,1,E,3,E
126,113.27,166.04,5,W,5,N
127,113.51,166.34,5,W,5,N
128,119.13,166.64,5,W,5,N
15,94.73,199.60,1,S,3,E
107,38.37,199.80,3,W,5,W
0,4.44,200.10,1,S,5,W
47,80.49,200.20,1,W,2,W
2,12.36,200.40,1,S,5,W
4,29.97,200.70,1,S,5,W
16,97.56,200.80,1,S,1,W
74,18.30,201.00,1,E,5,W
18,183.75,201.10,1,S,1,W
76,82.23,201.30,1,E,5,W
90,137.09,212.37,2,W,3,W
19,186.91,213.60,1,S,1,E
89,89.74,221.94,2,W,5,N
6,36.85,222.24,1,S,5,N
75,81.15,222.54,1,E,5,N
21,210.85,224.98,1,S,1,E
129,263.96,270.10,5,W,5,N
145,207.00,279.94,5,E,5,N
7,38.91,299.70,1,S,5,W
8,54.06,300.00,1,S,5,W
48,106.63,300.30,1,W,5,W
22,212.95,301.20,1,S,1,W
26,231.15,301.50,1,S,1,W
28,239.46,314.00,1,S,1,E
13,85.96,315.70,1,S,5,E
9,60.06,321.84,1,S,5,N
14,92.32,322.14,1,S,5,N
100,164.66,322.44,2,E,5,N
91,196.73,322.74,2,W,5,N
46,67.32,323.04,1,W,5,N
78,125.40,323.34,1,E,5,N
79,166.66,323.64,1,E,5,N
115,207.48,330.57,3,E,5,N
116,234.32,330.87,3,E,5,N
130,314.26,365.84,5,W,5,N
108,291.07,399.60,3,W,5,W
23,214.71,399.90,1,S,5,W
24,217.01,400.20,1,S,5,W
58,303.20,400.40,1,W,2,W
51,186.08,400.50,1,W,5,W
146,398.65,404.79,5,E,5,N
17,183.42,421.74,1,S,5,N
101,214.47,422.04,2,E,5,N
20,210.60,422.34,1,S,5,N
25,219.98,422.64,1,S,5,N
27,234.47,422.94,1,S,5,N
49,177.28,423.24,1,W,5,N
50,181.30,423.54,1,W,5,N
52,186.16,423.84,1,W,5,N
53,263.25,424.14,1,W,5,N
54,265.13,424.44,1,W,5,N
109,391.46,453.23,3,W,5,N
131,386.63,465.74,5,W,5,N
132,395.19,466.04,5,W,5,N
133,397.92,466.34,5,W,5,N
134,403.58,466.64,5,W,5,N
147,405.10,479.74,5,E,5,N
30,254.33,499.50,1,S,5,W
92,337.71,499.80,2,W,5,W
81,362.02,500.10,1,E,5,W
29,247.21,521.64,1,S,5,N
102,371.85,521.94,2,E,5,N
55,270.08,522.24,1,W,5,N
56,277.12,522.54,1,W,5,N
57,297.31,522.84,1,W,5,N
80,339.31,523.14,1,E,5,N
82,377.73,523.44,1,E,5,N
61,457.35,537.17,1,W,3,E
110,487.57,549.34,3,W,5,N
135,512.43,565.64,5,W,5,N
136,519.47,565.94,5,W,5,N
148,577.66,583.80,5,E,5,N
117,453.22,599.40,3,E,5,W
33,545.61,602.40,1,S,1,W
35,553.06,602.70,1,S,1,W
31,381.21,621.54,1,S,5,N
93,431.54,621.84,2,W,5,N
103,463.06,622.14,2,E,5,N
59,394.62,622.44,1,W,5,N
60,401.33,622.74,1,W,5,N
83,441.89,623.04,1,E,5,N
111,501.50,623.83,3,W,5,E
118,573.25,635.02,3,E,5,N
32,540.10,641.32,1,S,2,W
137,611.32,665.54,5,W,5,N
138,617.91,665.84,5,W,5,N
149,683.37,689.51,5,E,5,N
150,692.63,698.77,5,E,5,N
37,684.85,702.80,1,S,1,W
39,688.21,715.60,1,S,1,E
104,551.26,721.44,2,E,5,N
94,556.24,721.74,2,W,5,N
62,522.19,722.04,1,W,5,N
63,528.11,722.34,1,W,5,N
64,554.07,722.64,1,W,5,N
65,561.38,722.94,1,W,5,N
139,675.37,765.44,5,W,5,N
140,679.51,765.74,5,W,5,N
141,703.15,766.04,5,W,5,N
142,731.28,766.34,5,W,5,N
151,700.52,779.44,5,E,5,N
152,747.08,779.74,5,E,5,N
153,785.03,791.17,5,E,5,N
112,602.11,799.20,3,W,5,W
95,671.77,799.50,2,W,5,W
105,614.80,799.80,2,E,5,W
66,662.31,800.10,1,W,5,W
86,765.07,800.80,1,E,2,W
87,766.17,801.10,1,E,2,W
84,686.55,815.20,1,E,5,E
34,553.05,821.34,1,S,5,N
36,557.21,821.64,1,S,5,N
96,675.14,821.94,2,W,5,N
119,719.82,829.57,3,E,5,N
143,817.58,865.34,5,W,5,N
144,820.32,865.64,5,W,5,N
120,796.72,899.10,3,E,5,W
38,685.09,899.40,1,S,5,W
68,748.57,899.70,1,W,5,W
70,756.07,900.00,1,W,5,W
85,708.07,900.30,1,E,5,W
42,830.16,903.60,1,S,1,W
69,749.92,915.10,1,W,5,E
106,721.63,921.24,2,E,5,N
97,785.36,921.54,2,W,5,N
98,800.49,921.84,2,W,5,N
67,741.00,922.14,1,W,5,N
71,763.96,922.44,1,W,5,N
113,872.32,934.09,3,W,5,N
45,845.43,942.52,1,S,2,E
99,888.26,999.00,2,W,5,W
40,819.44,999.30,1,S,5,W
41,824.25,1021.14,1,S,5,N
43,833.90,1021.44,1,S,5,N
44,837.61,1021.74,1,S,5,N
72,790.61,1022.04,1,W,5,N
88,836.07,1022.34,1,E,5,N
73,877.97,1114.90,1,W,5,E