id,enter_time,exit_time,entrance_intersection,entrance_direction,exit_intersection,exit_direction
0,7.35,21.48,1,S,1,E
121,67.57,73.71,5,W,5,N
122,70.37,76.50,5,W,5,N
155,74.66,80.80,5,E,5,N
7,32.66,100.40,1,S,1,W
13,84.13,100.70,1,S,1,W
156,97.12,103.25,5,E,5,N
157,98.65,104.78,5,E,5,N
19,109.83,123.96,1,S,1,E
106,39.01,130.97,3,W,5,N
84,68.46,138.27,1,E,3,E
123,80.78,166.04,5,W,5,N
124,91.02,166.34,5,W,5,N
125,109.67,166.64,5,W,5,N
126,114.06,166.94,5,W,5,N
127,146.19,167.24,5,W,5,N
128,150.92,167.54,5,W,5,N
158,101.43,180.04,5,E,5,N
10,71.74,199.60,1,S,3,W
91,46.00,199.80,2,W,5,W
58,74.98,200.20,1,W,2,W
20,117.38,200.80,1,S,1,W
101,58.01,221.94,2,E,5,N
1,10.99,222.24,1,S,5,N
2,16.37,222.54,1,S,5,N
3,17.17,222.84,1,S,5,N
4,19.96,223.14,1,S,5,N
5,26.70,223.44,1,S,5,N
6,30.57,223.74,1,S,5,N
56,9.25,224.04,1,W,5,N
85,78.47,224.34,1,E,5,N
129,183.68,265.94,5,W,5,N
130,246.61,266.24,5,W,5,N
159,274.15,280.29,5,E,5,N
112,198.05,299.70,3,E,5,W
8,39.84,300.00,1,S,5,W
12,77.19,300.30,1,S,5,W
17,101.61,300.60,1,S,5,W
18,107.61,300.90,1,S,5,W
25,281.32,301.20,1,S,1,W
57,68.92,301.20,1,W,5,W
92,203.20,312.47,2,W,3,W
27,286.79,314.00,1,S,1,E
33,304.07,318.20,1,S,1,E
9,42.91,321.84,1,S,5,N
11,75.48,322.14,1,S,5,N
14,84.64,322.44,1,S,5,N
15,90.21,322.74,1,S,5,N
16,95.36,323.04,1,S,5,N
59,79.64,323.34,1,W,5,N
60,83.87,323.64,1,W,5,N
61,86.55,323.94,1,W,5,N
62,91.63,324.24,1,W,5,N
131,303.89,365.84,5,W,5,N
132,311.18,366.14,5,W,5,N
133,342.14,366.44,5,W,5,N
134,348.21,366.74,5,W,5,N
135,356.46,367.04,5,W,5,N
160,356.86,379.84,5,E,5,N
113,219.56,399.60,3,E,5,W
107,286.82,399.90,3,W,5,W
36,320.93,401.60,1,S,1,W
38,325.75,401.90,1,S,1,W
39,326.16,402.20,1,S,1,W
41,340.98,414.40,1,S,1,E
102,200.77,421.74,2,E,5,N
93,253.68,422.04,2,W,5,N
63,171.44,422.34,1,W,5,N
64,172.49,422.64,1,W,5,N
65,177.27,422.94,1,W,5,N
115,365.94,430.67,3,E,5,N
136,411.96,465.74,5,W,5,N
137,418.64,466.04,5,W,5,N
138,423.16,466.34,5,W,5,N
139,431.33,466.64,5,W,5,N
140,439.28,466.94,5,W,5,N
141,468.06,474.20,5,W,5,N
114,358.60,499.50,3,E,5,W
23,269.55,499.80,1,S,5,W
24,276.18,500.10,1,S,5,W
94,376.72,500.40,2,W,5,W
103,387.69,500.70,2,E,5,W
37,322.23,501.00,1,S,5,W
42,428.18,502.00,1,S,1,W
45,487.48,514.80,1,S,1,E
29,293.62,515.50,1,S,5,E
30,293.74,515.80,1,S,5,E
21,257.10,521.64,1,S,5,N
22,268.92,521.94,1,S,5,N
26,284.16,522.24,1,S,5,N
28,289.18,522.54,1,S,5,N
31,296.41,522.84,1,S,5,N
32,299.67,523.14,1,S,5,N
34,310.66,523.44,1,S,5,N
35,315.66,523.74,1,S,5,N
40,333.56,524.04,1,S,5,N
66,267.40,524.34,1,W,5,N
67,271.32,524.64,1,W,5,N
68,307.47,524.94,1,W,5,N
86,336.53,525.24,1,E,5,N
117,492.82,554.59,3,E,5,N
161,553.98,579.64,5,E,5,N
116,486.70,599.40,3,E,5,W
69,373.19,599.70,1,W,5,W
87,423.68,600.00,1,E,5,W
88,484.59,621.54,1,E,5,N
108,548.94,629.97,3,W,5,N
47,617.24,631.37,1,S,1,E
89,517.58,638.47,1,E,3,E
110,585.23,647.00,3,W,5,N
142,588.59,665.54,5,W,5,N
143,663.74,669.87,5,W,5,N
162,653.95,679.54,5,E,5,N
109,573.96,699.30,3,W,5,W
70,469.86,715.30,1,W,5,E
72,513.57,715.60,1,W,5,E
43,456.70,721.44,1,S,5,N
44,479.58,721.74,1,S,5,N
95,513.10,722.04,2,W,5,N
104,542.65,722.34,2,E,5,N
96,597.11,722.64,2,W,5,N
71,505.77,722.94,1,W,5,N
73,519.12,723.24,1,W,5,N
74,526.43,723.54,1,W,5,N
75,566.00,723.84,1,W,5,N
144,690.54,765.44,5,W,5,N
145,694.22,765.74,5,W,5,N
146,698.50,766.04,5,W,5,N
147,741.31,766.34,5,W,5,N
148,767.07,773.20,5,W,5,N
163,722.54,779.44,5,E,5,N
164,723.86,779.74,5,E,5,N
165,745.77,780.04,5,E,5,N
118,651.42,799.20,3,E,5,W
77,653.53,799.50,1,W,5,W
78,662.45,799.80,1,W,5,W
49,734.02,800.80,1,S,2,W
50,739.16,803.20,1,S,1,W
97,686.05,821.34,2,W,5,N
46,613.21,821.64,1,S,5,N
76,615.79,821.94,1,W,5,N
149,776.75,865.34,5,W,5,N
150,781.90,865.64,5,W,5,N
151,789.43,865.94,5,W,5,N
152,791.37,866.24,5,W,5,N
153,854.53,866.54,5,W,5,N
154,860.72,866.86,5,W,5,N
98,731.07,899.10,2,W,5,W
48,730.66,899.40,1,S,5,W
80,731.88,899.70,1,W,5,W
51,872.75,903.60,1,S,1,W
55,889.53,903.66,1,S,1,W
79,725.21,915.10,1,W,5,E
105,730.62,921.24,2,E,5,N
99,782.97,921.54,2,W,5,N
90,750.40,921.84,1,E,5,N
120,842.70,929.67,3,E,5,N
119,798.68,999.00,3,E,5,W
111,827.42,999.30,3,W,5,W
100,827.41,999.60,2,W,5,W
81,784.86,1021.14,1,W,5,N
82,828.78,1021.44,1,W,5,N
83,843.28,1021.74,1,W,5,N
52,874.56,1121.04,1,S,5,N
53,876.98,1121.34,1,S,5,N
54,881.76,1121.64,1,S,5,N