id,enter_time,exit_time,entrance_intersection,entrance_direction,exit_intersection,exit_direction
3,26.89,41.02,1,S,1,E
108,7.04,66.14,5,W,5,N
109,17.81,66.44,5,W,5,N
110,22.63,66.74,5,W,5,N
111,25.34,67.04,5,W,5,N
112,31.02,67.34,5,W,5,N
113,39.25,67.64,5,W,5,N
114,49.88,67.94,5,W,5,N
115,59.22,68.24,5,W,5,N
142,7.22,80.14,5,E,5,N
143,82.27,88.41,5,E,5,N
4,28.85,100.10,1,S,2,W
2,10.38,100.40,1,S,1,W
7,36.74,100.70,1,S,1,W
96,55.03,130.97,3,E,5,N
97,59.09,131.27,3,E,5,N
99,71.95,133.72,3,E,5,N
5,35.81,136.77,1,S,3,W
116,119.00,166.04,5,W,5,N
144,105.15,180.04,5,E,5,N
145,110.34,180.34,5,E,5,N
98,66.44,199.80,3,E,5,W
91,94.70,200.10,3,W,5,W
146,197.41,203.54,5,E,5,N
79,52.00,215.80,2,W,5,E
0,6.21,216.10,1,S,5,E
85,47.64,221.94,2,E,5,N
1,6.35,222.24,1,S,5,N
6,36.67,222.54,1,S,5,N
8,36.89,222.84,1,S,5,N
10,68.33,299.70,1,S,5,W
12,102.84,300.00,1,S,5,W
86,115.52,300.30,2,E,5,W
39,155.64,300.60,1,W,5,W
14,278.89,301.20,1,S,1,W
16,289.79,303.93,1,S,1,W
17,297.32,311.46,1,S,1,W
9,65.01,321.84,1,S,5,N
11,72.53,322.14,1,S,5,N
80,144.65,322.44,2,W,5,N
13,109.17,322.74,1,S,5,N
38,90.03,323.04,1,W,5,N
66,107.15,323.34,1,E,5,N
100,212.70,330.57,3,E,5,N
15,285.52,340.12,1,S,2,W
117,274.46,365.84,5,W,5,N
118,274.61,366.14,5,W,5,N
119,316.01,366.44,5,W,5,N
120,316.11,366.74,5,W,5,N
121,356.51,367.04,5,W,5,N
122,359.21,367.34,5,W,5,N
123,364.38,370.52,5,W,5,N
147,392.84,398.98,5,E,5,N
87,288.96,399.60,2,E,5,W
40,235.60,399.90,1,W,5,W
67,265.39,400.20,1,E,5,W
69,303.22,400.40,1,E,2,W
20,310.61,401.60,1,S,1,W
21,318.56,401.90,1,S,1,W
41,246.98,421.74,1,W,5,N
42,247.83,422.04,1,W,5,N
68,297.61,422.34,1,E,5,N
101,358.53,430.37,3,E,5,N
22,323.87,436.47,1,S,3,W
124,393.19,465.74,5,W,5,N
125,394.62,466.04,5,W,5,N
126,397.64,466.34,5,W,5,N
127,440.07,466.64,5,W,5,N
128,447.02,466.94,5,W,5,N
92,339.30,499.50,3,W,5,W
18,302.22,499.80,1,S,5,W
46,336.19,500.10,1,W,5,W
70,381.12,500.40,1,E,5,W
25,444.84,514.80,1,S,1,E
19,304.42,521.64,1,S,5,N
43,278.71,521.94,1,W,5,N
44,317.49,522.24,1,W,5,N
45,320.63,522.54,1,W,5,N
129,480.24,565.64,5,W,5,N
130,490.91,565.94,5,W,5,N
131,522.17,566.24,5,W,5,N
148,575.41,581.55,5,E,5,N
47,403.06,599.40,1,W,5,W
71,423.98,599.70,1,E,5,W
73,475.82,600.00,1,E,5,W
23,419.56,615.40,1,S,5,E
88,440.78,621.54,2,E,5,N
81,465.16,621.84,2,W,5,N
24,427.84,622.14,1,S,5,N
48,440.19,622.44,1,W,5,N
49,444.73,622.74,1,W,5,N
72,456.65,623.04,1,E,5,N
74,487.23,623.34,1,E,5,N
75,497.82,623.64,1,E,5,N
102,555.40,629.97,3,E,5,N
103,562.28,630.27,3,E,5,N
93,575.12,636.89,3,W,5,N
132,586.78,665.54,5,W,5,N
133,591.45,665.84,5,W,5,N
134,640.55,666.14,5,W,5,N
135,646.97,666.44,5,W,5,N
136,653.02,666.74,5,W,5,N
149,675.88,682.02,5,E,5,N
104,566.46,699.30,3,E,5,W
27,468.35,699.60,1,S,5,W
50,521.63,699.90,1,W,5,W
29,630.45,702.80,1,S,1,W
77,588.05,705.87,1,E,5,W
26,466.22,721.44,1,S,5,N
82,576.34,721.74,2,W,5,N
76,579.00,722.04,1,E,5,N
94,629.72,729.77,3,W,5,N
105,696.11,757.88,3,E,5,N
137,682.35,765.44,5,W,5,N
89,605.50,799.20,2,E,5,W
28,627.02,799.50,1,S,5,W
51,612.19,799.80,1,W,5,W
56,692.84,800.80,1,W,2,W
90,768.99,812.97,2,E,3,W
30,637.54,821.34,1,S,5,N
59,709.81,838.67,1,W,3,W
107,780.33,842.10,3,E,5,N
138,852.24,865.34,5,W,5,N
139,856.15,865.64,5,W,5,N
140,866.76,872.89,5,W,5,N
150,852.47,879.34,5,E,5,N
106,703.61,899.10,3,E,5,W
52,674.89,899.40,1,W,5,W
54,680.78,899.70,1,W,5,W
55,686.48,900.00,1,W,5,W
57,700.20,900.30,1,W,5,W
60,803.95,900.90,1,W,2,W
84,836.04,913.07,2,W,3,E
83,727.27,921.24,2,W,5,N
53,679.22,921.54,1,W,5,N
58,703.07,921.84,1,W,5,N
141,883.13,965.24,5,W,5,N
37,868.91,998.00,1,S,3,W
95,859.74,999.00,3,W,5,W
32,837.17,999.30,1,S,5,W
33,838.35,999.60,1,S,5,W
78,834.12,999.90,1,E,5,W
61,828.90,1015.00,1,W,5,E
31,832.36,1021.14,1,S,5,N
62,834.89,1021.44,1,W,5,N
63,840.62,1021.74,1,W,5,N
36,864.21,1098.90,1,S,5,W
64,885.83,1099.20,1,W,5,W
34,840.43,1114.90,1,S,5,E
65,899.21,1115.20,1,W,5,E
35,844.61,1121.04,1,S,5,N