id,enter_time,exit_time,entrance_intersection,entrance_direction,exit_intersection,exit_direction
148,10.82,66.14,5,W,5,N
149,16.44,66.44,5,W,5,N
173,5.42,80.14,5,E,5,N
174,85.95,92.09,5,E,5,N
0,10.38,100.40,1,S,1,W
175,94.50,100.64,5,E,5,N
7,47.11,100.70,1,S,1,W
10,60.93,101.00,1,S,1,W
11,69.48,113.20,1,S,1,E
110,94.31,130.38,2,W,3,W
1,16.68,136.17,1,S,3,W
2,22.87,136.47,1,S,3,W
123,89.30,151.07,3,W,5,N
150,84.28,166.04,5,W,5,N
151,134.31,166.34,5,W,5,N
176,109.62,180.04,5,E,5,N
8,50.64,199.60,1,S,3,W
135,30.43,199.80,3,E,5,W
136,37.61,200.10,3,E,5,W
3,27.98,200.40,1,S,5,W
4,33.41,200.70,1,S,5,W
21,116.38,200.80,1,S,1,W
91,45.78,201.00,1,E,5,W
61,5.17,215.80,1,W,5,E
62,49.37,221.94,1,W,5,N
92,64.60,222.24,1,E,5,N
22,126.87,236.87,1,S,3,W
137,192.52,254.29,3,E,5,N
177,225.54,279.94,5,E,5,N
178,264.56,280.24,5,E,5,N
179,265.75,280.54,5,E,5,N
93,96.20,299.70,1,E,5,W
124,185.48,300.00,3,W,5,W
15,99.38,300.30,1,S,5,W
16,99.72,300.60,1,S,5,W
17,102.90,300.90,1,S,5,W
27,265.92,301.20,1,S,1,W
95,119.21,301.20,1,E,5,W
29,279.88,301.50,1,S,1,W
31,281.13,301.80,1,S,1,W
33,285.68,302.10,1,S,1,W
180,296.41,302.54,5,E,5,N
34,290.46,314.00,1,S,1,E
5,40.60,315.70,1,S,5,E
6,43.48,321.84,1,S,5,N
9,55.45,322.14,1,S,5,N
12,76.58,322.44,1,S,5,N
13,86.68,322.74,1,S,5,N
14,93.29,323.04,1,S,5,N
18,104.36,323.34,1,S,5,N
117,198.83,323.64,2,E,5,N
19,108.58,323.94,1,S,5,N
20,116.37,324.24,1,S,5,N
23,131.79,324.54,1,S,5,N
24,134.73,324.84,1,S,5,N
63,105.10,325.14,1,W,5,N
64,110.84,325.44,1,W,5,N
65,138.04,325.74,1,W,5,N
94,112.87,326.04,1,E,5,N
96,167.41,326.34,1,E,5,N
39,314.03,328.16,1,S,1,E
125,199.95,330.57,3,W,5,N
126,264.90,330.87,3,W,5,N
152,306.85,365.84,5,W,5,N
153,335.19,366.14,5,W,5,N
154,344.39,366.44,5,W,5,N
155,351.27,366.74,5,W,5,N
156,358.96,367.04,5,W,5,N
181,311.10,379.84,5,E,5,N
182,335.07,380.14,5,E,5,N
183,336.16,380.44,5,E,5,N
28,271.98,399.20,1,S,3,W
25,140.71,399.60,1,S,5,W
111,203.99,399.90,2,W,5,W
112,232.78,400.20,2,W,5,W
69,327.96,400.40,1,W,2,W
97,224.07,400.50,1,E,5,W
38,308.49,401.60,1,S,1,W
40,320.66,401.90,1,S,1,W
43,330.34,402.20,1,S,1,W
44,353.07,402.50,1,S,1,W
46,355.54,402.80,1,S,1,W
98,292.64,410.47,1,E,5,W
113,291.53,421.74,2,W,5,N
66,237.03,422.04,1,W,5,N
67,243.44,422.34,1,W,5,N
138,340.64,430.37,3,E,5,N
127,304.36,430.67,3,W,5,N
139,381.15,442.92,3,E,5,N
45,354.99,499.00,1,S,3,W
128,318.88,499.50,3,W,5,W
129,335.14,499.80,3,W,5,W
26,263.96,500.10,1,S,5,W
32,284.61,500.40,1,S,5,W
36,302.37,500.70,1,S,5,W
37,307.09,501.00,1,S,5,W
42,323.78,501.30,1,S,5,W
68,323.18,501.60,1,W,5,W
70,328.23,501.90,1,W,5,W
74,352.29,502.20,1,W,5,W
99,328.82,502.50,1,E,5,W
100,339.49,502.80,1,E,5,W
184,496.74,502.88,5,E,5,N
101,360.43,503.10,1,E,5,W
102,366.03,503.40,1,E,5,W
30,280.82,521.64,1,S,5,N
35,296.63,521.94,1,S,5,N
118,306.89,522.24,2,E,5,N
41,321.26,522.54,1,S,5,N
71,335.66,522.84,1,W,5,N
72,342.12,523.14,1,W,5,N
73,347.40,523.44,1,W,5,N
140,418.51,530.17,3,E,5,N
142,446.27,530.77,3,E,5,N
143,451.59,531.07,3,E,5,N
157,481.88,565.64,5,W,5,N
158,517.84,565.94,5,W,5,N
159,523.12,566.24,5,W,5,N
160,526.36,566.54,5,W,5,N
161,529.81,566.84,5,W,5,N
162,534.61,567.14,5,W,5,N
163,571.80,577.94,5,W,5,N
130,446.89,599.40,3,W,5,W
141,426.19,599.70,3,E,5,W
115,484.00,600.00,2,W,5,W
77,425.43,600.30,1,W,5,W
114,425.16,621.54,2,W,5,N
119,480.31,621.84,2,E,5,N
75,418.20,622.14,1,W,5,N
76,425.25,622.44,1,W,5,N
78,440.08,622.74,1,W,5,N
103,474.60,623.04,1,E,5,N
48,628.79,642.92,1,S,1,E
131,556.19,699.30,3,W,5,W
81,489.20,699.60,1,W,5,W
82,517.67,699.90,1,W,5,W
83,523.45,700.20,1,W,5,W
104,563.44,700.50,1,E,5,W
116,573.46,715.30,2,W,5,E
47,482.37,721.44,1,S,5,N
79,477.85,721.74,1,W,5,N
80,481.91,722.04,1,W,5,N
105,600.30,724.26,1,E,5,N
133,672.57,734.34,3,W,5,N
164,684.50,765.44,5,W,5,N
165,726.19,765.74,5,W,5,N
166,732.05,766.04,5,W,5,N
167,738.34,766.34,5,W,5,N
168,739.23,766.64,5,W,5,N
169,745.28,766.94,5,W,5,N
132,658.43,799.20,3,W,5,W
144,674.03,799.50,3,E,5,W
185,793.43,799.57,5,E,5,N
120,609.05,799.80,2,E,5,W
84,580.40,800.10,1,W,5,W
87,630.68,800.40,1,W,5,W
85,583.91,821.34,1,W,5,N
86,622.91,821.64,1,W,5,N
106,644.17,821.94,1,E,5,N
122,791.64,827.71,2,E,3,W
170,826.59,865.34,5,W,5,N
171,831.28,865.64,5,W,5,N
172,833.83,865.94,5,W,5,N
186,818.92,879.34,5,E,5,N
187,850.70,879.64,5,E,5,N
188,866.60,879.94,5,E,5,N
189,867.87,880.24,5,E,5,N
108,771.82,899.10,1,E,5,W
89,796.29,900.90,1,W,2,E
121,746.82,915.10,2,E,5,E
107,700.74,921.24,1,E,5,N
88,724.61,921.54,1,W,5,N
146,841.57,929.67,3,E,5,N
134,873.45,935.22,3,W,5,N
147,875.31,937.08,3,E,5,N
145,812.85,999.00,3,E,5,W
49,776.36,999.30,1,S,5,W
51,787.80,999.60,1,S,5,W
54,809.31,999.90,1,S,5,W
50,783.05,1021.14,1,S,5,N
52,793.88,1021.44,1,S,5,N
53,806.25,1021.74,1,S,5,N
55,812.67,1022.04,1,S,5,N
56,816.02,1022.34,1,S,5,N
57,823.43,1022.64,1,S,5,N
58,826.63,1022.94,1,S,5,N
59,829.40,1023.24,1,S,5,N
60,836.44,1023.54,1,S,5,N
90,864.62,1023.84,1,W,5,N
109,849.06,1024.14,1,E,5,N