id,enter_time,exit_time,entrance_intersection,entrance_direction,exit_intersection,exit_direction
8,31.70,45.84,1,S,1,E
144,11.81,66.14,5,W,5,N
145,52.10,66.44,5,W,5,N
146,56.52,66.74,5,W,5,N
147,66.13,72.27,5,W,5,N
148,68.12,74.26,5,W,5,N
179,60.48,80.14,5,E,5,N
2,11.85,100.40,1,S,1,W
3,17.56,100.70,1,S,1,W
4,23.81,101.00,1,S,1,W
9,36.18,101.30,1,S,1,W
11,42.54,101.60,1,S,1,W
12,64.38,101.90,1,S,1,W
14,68.25,102.20,1,S,1,W
17,81.01,102.50,1,S,1,W
13,66.22,139.62,1,S,2,W
149,74.91,166.04,5,W,5,N
150,116.80,166.34,5,W,5,N
151,167.92,174.06,5,W,5,N
180,166.43,180.04,5,E,5,N
181,176.26,182.40,5,E,5,N
182,176.74,182.87,5,E,5,N
183,181.86,187.99,5,E,5,N
16,73.84,199.60,1,S,3,E
80,11.94,199.80,1,W,5,W
82,61.95,200.10,1,W,5,W
84,74.45,200.20,1,W,2,W
30,169.48,200.80,1,S,1,W
31,174.20,213.60,1,S,1,E
33,184.12,213.90,1,S,1,E
0,6.89,221.94,1,S,5,N
1,11.15,222.24,1,S,5,N
5,26.71,222.54,1,S,5,N
6,28.47,222.84,1,S,5,N
7,30.66,223.14,1,S,5,N
81,25.49,223.44,1,W,5,N
135,129.84,230.77,3,E,5,N
126,100.43,231.07,3,W,5,N
102,110.25,238.97,1,E,3,W
152,173.82,265.94,5,W,5,N
153,178.15,266.24,5,W,5,N
154,179.99,266.54,5,W,5,N
155,208.76,266.84,5,W,5,N
156,220.37,267.14,5,W,5,N
157,225.97,267.44,5,W,5,N
184,216.05,279.94,5,E,5,N
185,221.59,280.24,5,E,5,N
186,254.75,280.54,5,E,5,N
187,274.50,280.63,5,E,5,N
127,197.07,299.70,3,W,5,W
128,198.96,300.00,3,W,5,W
15,70.24,300.30,1,S,5,W
114,118.44,300.60,2,W,5,W
103,114.57,300.90,1,E,5,W
188,295.30,301.43,5,E,5,N
115,229.02,312.47,2,W,3,W
121,193.64,315.70,2,E,5,E
26,130.58,316.00,1,S,5,E
10,37.64,321.84,1,S,5,N
18,102.76,322.14,1,S,5,N
19,106.87,322.44,1,S,5,N
20,110.99,322.74,1,S,5,N
21,114.30,323.04,1,S,5,N
22,119.57,323.34,1,S,5,N
23,122.60,323.64,1,S,5,N
24,124.00,323.94,1,S,5,N
25,125.42,324.24,1,S,5,N
83,69.31,324.54,1,W,5,N
136,250.03,330.57,3,E,5,N
87,191.33,336.97,1,W,3,W
158,360.09,366.23,5,W,5,N
159,365.30,371.43,5,W,5,N
189,315.39,379.84,5,E,5,N
190,326.93,380.14,5,E,5,N
191,333.85,380.44,5,E,5,N
137,280.69,399.60,3,E,5,W
27,146.77,399.90,1,S,5,W
28,157.39,400.20,1,S,5,W
29,161.67,400.50,1,S,5,W
34,186.49,400.80,1,S,5,W
116,288.44,401.10,2,W,5,W
86,189.88,401.40,1,W,5,W
38,395.68,409.82,1,S,1,W
37,383.80,414.40,1,S,1,E
88,197.65,415.60,1,W,5,E
104,270.78,415.90,1,E,5,E
32,180.91,421.74,1,S,5,N
35,188.15,422.04,1,S,5,N
85,175.95,422.34,1,W,5,N
129,302.24,430.37,3,W,5,N
130,306.95,430.67,3,W,5,N
46,424.98,439.12,1,S,1,E
160,382.41,465.74,5,W,5,N
161,413.65,466.04,5,W,5,N
162,441.10,466.34,5,W,5,N
192,423.23,479.74,5,E,5,N
193,423.73,480.04,5,E,5,N
194,433.95,480.34,5,E,5,N
41,405.46,500.50,1,S,2,W
44,419.87,500.50,1,S,2,E
43,415.13,502.00,1,S,1,W
89,278.63,515.50,1,W,5,E
122,340.67,521.64,2,E,5,N
90,279.35,521.94,1,W,5,N
91,280.10,522.24,1,W,5,N
92,320.31,522.54,1,W,5,N
105,368.78,522.84,1,E,5,N
138,481.96,543.73,3,E,5,N
163,521.76,565.64,5,W,5,N
164,527.60,565.94,5,W,5,N
165,532.19,566.24,5,W,5,N
166,541.79,566.54,5,W,5,N
167,546.33,566.84,5,W,5,N
168,551.62,567.14,5,W,5,N
42,408.58,599.40,1,S,5,W
54,586.38,615.20,1,S,1,E
45,424.45,615.40,1,S,5,E
36,381.84,621.54,1,S,5,N
39,399.57,621.84,1,S,5,N
40,404.05,622.14,1,S,5,N
47,428.52,622.44,1,S,5,N
48,429.92,622.74,1,S,5,N
49,431.67,623.04,1,S,5,N
50,438.21,623.34,1,S,5,N
93,378.05,623.64,1,W,5,N
94,437.86,623.94,1,W,5,N
106,428.19,624.24,1,E,5,N
107,439.08,624.54,1,E,5,N
139,507.99,629.97,3,E,5,N
140,514.18,630.27,3,E,5,N
132,559.37,630.57,3,W,5,N
169,613.73,665.54,5,W,5,N
170,624.04,665.84,5,W,5,N
171,654.02,666.14,5,W,5,N
172,659.64,666.44,5,W,5,N
195,612.85,679.54,5,E,5,N
196,636.00,679.84,5,E,5,N
197,638.01,680.14,5,E,5,N
131,523.95,699.30,3,W,5,W
51,460.88,699.60,1,S,5,W
95,510.45,699.90,1,W,5,W
108,517.38,700.20,1,E,5,W
60,606.53,702.80,1,S,1,W
70,635.74,703.10,1,S,1,W
78,670.91,703.40,1,S,1,W
71,643.95,715.60,1,S,1,E
123,510.99,721.44,2,E,5,N
117,598.92,721.74,2,W,5,N
76,663.47,742.92,1,S,2,W
173,709.97,765.44,5,W,5,N
174,769.64,775.78,5,W,5,N
77,668.62,798.40,1,S,3,E
52,581.47,799.20,1,S,5,W
55,587.61,799.50,1,S,5,W
58,600.73,799.80,1,S,5,W
59,601.22,800.10,1,S,5,W
124,673.01,800.40,2,E,5,W
62,620.69,800.70,1,S,5,W
63,623.58,801.00,1,S,5,W
68,631.57,801.30,1,S,5,W
53,582.60,821.34,1,S,5,N
56,594.24,821.64,1,S,5,N
57,597.14,821.94,1,S,5,N
61,614.67,822.24,1,S,5,N
64,625.96,822.54,1,S,5,N
65,628.39,822.84,1,S,5,N
66,630.36,823.14,1,S,5,N
67,630.83,823.44,1,S,5,N
69,635.04,823.74,1,S,5,N
96,606.46,824.04,1,W,5,N
143,753.94,830.17,3,E,5,N
175,773.79,865.34,5,W,5,N
176,841.29,865.64,5,W,5,N
198,856.42,879.34,5,E,5,N
141,724.91,899.10,3,E,5,W
142,731.98,899.40,3,E,5,W
133,772.52,899.70,3,W,5,W
75,657.13,900.00,1,S,5,W
118,735.50,900.30,2,W,5,W
119,783.55,900.60,2,W,5,W
97,708.16,900.90,1,W,5,W
111,787.03,904.85,1,E,5,W
72,646.18,921.24,1,S,5,N
73,649.07,921.54,1,S,5,N
74,652.19,921.84,1,S,5,N
109,740.18,922.14,1,E,5,N
110,750.96,922.44,1,E,5,N
98,808.14,936.97,1,W,3,E
177,882.45,965.24,5,W,5,N
178,893.20,965.54,5,W,5,N
134,813.92,999.00,3,W,5,W
79,798.21,999.30,1,S,5,W
125,845.68,999.60,2,E,5,W
120,837.52,999.90,2,W,5,W
99,812.60,1000.20,1,W,5,W
100,866.40,1015.00,1,W,5,E
112,864.90,1015.30,1,E,5,E
113,870.31,1021.14,1,E,5,N
101,873.29,1121.04,1,W,5,N