id,enter_time,exit_time,entrance_intersection,entrance_direction,exit_intersection,exit_direction
89,0.66,66.14,5,W,5,N
90,7.98,66.44,5,W,5,N
91,69.94,76.07,5,W,5,N
122,60.21,80.14,5,E,5,N
123,60.67,80.44,5,E,5,N
80,4.82,130.97,3,E,5,N
73,65.75,131.27,3,W,5,N
81,46.79,131.57,3,E,5,N
19,7.97,136.17,1,W,3,W
92,82.30,166.04,5,W,5,N
124,151.54,180.04,5,E,5,N
125,155.25,180.34,5,E,5,N
82,53.66,199.80,3,E,5,W
74,81.17,200.10,3,W,5,W
0,1.90,200.40,1,S,5,W
60,55.42,221.94,2,W,5,N
43,41.17,222.24,1,E,5,N
44,65.63,222.54,1,E,5,N
45,72.60,222.84,1,E,5,N
75,183.18,244.95,3,W,5,N
93,214.09,265.94,5,W,5,N
94,227.18,266.24,5,W,5,N
95,230.44,266.54,5,W,5,N
96,253.64,266.84,5,W,5,N
97,254.64,267.14,5,W,5,N
98,259.21,267.44,5,W,5,N
1,112.91,299.70,1,S,5,W
21,75.97,300.00,1,W,5,W
3,245.78,301.20,1,S,1,W
69,172.36,321.84,2,E,5,N
61,105.96,322.14,2,W,5,N
20,69.90,322.44,1,W,5,N
22,140.13,322.74,1,W,5,N
46,114.32,323.04,1,E,5,N
76,249.35,330.57,3,W,5,N
83,275.25,337.02,3,E,5,N
47,280.19,342.38,1,E,3,W
99,273.30,365.84,5,W,5,N
100,305.24,366.14,5,W,5,N
101,361.26,367.39,5,W,5,N
102,365.68,371.81,5,W,5,N
24,237.83,399.60,1,W,5,W
62,237.13,415.60,2,W,5,E
63,293.80,421.74,2,W,5,N
23,196.77,422.04,1,W,5,N
103,405.80,465.74,5,W,5,N
104,406.12,466.04,5,W,5,N
105,415.67,466.34,5,W,5,N
126,447.67,479.74,5,E,5,N
84,301.55,499.50,3,E,5,W
64,342.90,499.80,2,W,5,W
65,349.23,500.10,2,W,5,W
26,294.22,500.40,1,W,5,W
27,381.54,500.50,1,W,2,W
2,243.12,521.64,1,S,5,N
70,334.32,521.94,2,E,5,N
25,289.69,522.24,1,W,5,N
48,322.71,522.54,1,E,5,N
49,400.85,524.81,1,E,5,N
53,484.75,546.94,1,E,3,E
106,570.18,576.31,5,W,5,N
107,572.05,578.19,5,W,5,N
85,424.01,599.40,3,E,5,W
4,434.50,599.70,1,S,5,W
29,396.77,600.00,1,W,5,W
50,447.43,600.30,1,E,5,W
52,468.86,600.60,1,E,5,W
9,588.03,602.40,1,S,1,W
66,406.00,621.54,2,W,5,N
28,395.89,621.84,1,W,5,N
51,452.19,622.14,1,E,5,N
13,603.21,643.46,1,S,2,W
108,602.74,665.54,5,W,5,N
109,611.55,665.84,5,W,5,N
110,618.08,666.14,5,W,5,N
111,622.21,666.44,5,W,5,N
112,622.79,666.74,5,W,5,N
113,646.70,667.04,5,W,5,N
114,650.57,667.34,5,W,5,N
127,637.76,679.54,5,E,5,N
10,593.21,698.60,1,S,3,W
77,525.76,699.30,3,W,5,W
31,576.59,700.70,1,W,2,W
15,604.76,702.80,1,S,1,W
71,521.52,721.44,2,E,5,N
30,498.84,721.74,1,W,5,N
54,555.86,722.04,1,E,5,N
55,568.40,722.34,1,E,5,N
86,662.47,729.77,3,E,5,N
88,678.28,740.05,3,E,5,N
115,675.33,765.44,5,W,5,N
87,670.28,799.20,3,E,5,W
11,594.48,799.50,1,S,5,W
12,600.40,799.80,1,S,5,W
32,584.39,800.10,1,W,5,W
34,636.25,800.40,1,W,5,W
56,641.50,800.70,1,E,5,W
57,662.97,801.00,1,E,5,W
5,569.21,821.34,1,S,5,N
6,571.66,821.64,1,S,5,N
7,575.09,821.94,1,S,5,N
8,582.73,822.24,1,S,5,N
14,604.21,822.54,1,S,5,N
33,622.86,822.84,1,W,5,N
58,670.10,823.14,1,E,5,N
79,758.78,829.87,3,W,5,N
116,809.26,865.34,5,W,5,N
117,840.65,865.64,5,W,5,N
118,871.33,877.47,5,W,5,N
128,854.35,879.34,5,E,5,N
78,739.96,899.10,3,W,5,W
39,754.07,899.40,1,W,5,W
67,775.88,915.10,2,W,5,E
72,720.88,915.40,2,E,5,E
40,761.45,915.70,1,W,5,E
16,731.31,921.24,1,S,5,N
17,731.48,921.54,1,S,5,N
35,692.64,921.84,1,W,5,N
36,708.46,922.14,1,W,5,N
37,712.46,922.44,1,W,5,N
38,713.54,922.74,1,W,5,N
59,727.65,923.04,1,E,5,N
119,876.55,965.24,5,W,5,N
120,879.14,965.54,5,W,5,N
121,897.79,965.84,5,W,5,N
18,862.35,998.00,1,S,3,W
68,831.14,1021.14,2,W,5,N
41,785.58,1021.44,1,W,5,N
42,888.58,1121.04,1,W,5,N