id,enter_time,exit_time,entrance_intersection,entrance_direction,exit_intersection,exit_direction
141,5.09,66.14,5,W,5,N
142,7.43,66.44,5,W,5,N
143,42.99,66.74,5,W,5,N
175,23.44,80.14,5,E,5,N
176,34.84,80.44,5,E,5,N
2,30.69,100.40,1,S,1,W
124,11.72,130.97,3,W,5,N
144,97.60,166.04,5,W,5,N
145,101.89,166.34,5,W,5,N
146,165.98,172.11,5,W,5,N
177,130.16,180.04,5,E,5,N
178,142.76,180.34,5,E,5,N
179,179.32,185.45,5,E,5,N
180,181.45,187.59,5,E,5,N
125,72.87,199.80,3,W,5,W
59,56.29,200.10,1,W,5,W
118,149.62,212.37,2,E,3,W
110,41.58,221.94,2,W,5,N
111,60.60,222.24,2,W,5,N
0,7.19,222.54,1,S,5,N
1,11.78,222.84,1,S,5,N
3,34.86,223.14,1,S,5,N
94,9.55,223.44,1,E,5,N
63,112.37,237.17,1,W,3,W
131,188.28,250.05,3,E,5,N
147,176.35,265.94,5,W,5,N
148,183.89,266.24,5,W,5,N
149,211.86,266.54,5,W,5,N
150,217.07,266.84,5,W,5,N
181,234.35,279.94,5,E,5,N
182,272.32,280.24,5,E,5,N
4,38.74,299.70,1,S,5,W
6,46.06,300.00,1,S,5,W
61,97.75,300.30,1,W,5,W
20,254.95,301.20,1,S,1,W
5,45.81,315.70,1,S,5,E
60,72.04,316.00,1,W,5,E
95,190.09,316.30,1,E,5,E
112,105.19,321.84,2,W,5,N
62,103.92,322.14,1,W,5,N
64,117.75,322.44,1,W,5,N
65,156.67,322.74,1,W,5,N
66,163.95,323.04,1,W,5,N
18,234.54,338.17,1,S,3,W
126,282.26,344.03,3,W,5,N
151,281.00,365.84,5,W,5,N
152,284.34,366.14,5,W,5,N
153,286.78,366.44,5,W,5,N
154,316.12,366.74,5,W,5,N
155,340.53,367.04,5,W,5,N
10,202.20,399.60,1,S,5,W
11,203.81,399.90,1,S,5,W
113,261.97,400.20,2,W,5,W
12,209.83,400.50,1,S,5,W
17,231.30,400.80,1,S,5,W
97,264.25,401.10,1,E,5,W
67,169.32,415.60,1,W,5,E
7,166.22,421.74,1,S,5,N
8,169.20,422.04,1,S,5,N
9,200.12,422.34,1,S,5,N
13,214.16,422.64,1,S,5,N
14,217.40,422.94,1,S,5,N
15,226.01,423.24,1,S,5,N
16,227.73,423.54,1,S,5,N
68,246.09,423.84,1,W,5,N
69,253.81,424.14,1,W,5,N
70,258.16,424.44,1,W,5,N
96,262.71,424.74,1,E,5,N
132,356.92,430.37,3,E,5,N
156,456.20,465.74,5,W,5,N
127,322.23,499.50,3,W,5,W
133,381.57,499.80,3,E,5,W
21,262.36,500.10,1,S,5,W
120,397.19,500.40,2,E,5,W
71,319.88,500.70,1,W,5,W
23,438.56,502.00,1,S,1,W
24,444.58,502.30,1,S,1,W
25,448.39,502.60,1,S,1,W
28,466.83,502.90,1,S,1,W
19,242.14,521.64,1,S,5,N
22,274.42,521.94,1,S,5,N
119,313.35,522.24,2,E,5,N
98,335.64,522.54,1,E,5,N
99,346.10,522.84,1,E,5,N
183,553.25,579.64,5,E,5,N
114,418.87,599.40,2,W,5,W
72,386.45,599.70,1,W,5,W
74,465.81,600.00,1,W,5,W
100,475.31,600.30,1,E,5,W
115,471.59,621.54,2,W,5,N
73,389.79,621.84,1,W,5,N
128,593.91,655.68,3,W,5,N
157,605.65,665.54,5,W,5,N
158,609.10,665.84,5,W,5,N
159,610.59,666.14,5,W,5,N
160,618.58,666.44,5,W,5,N
161,622.83,666.74,5,W,5,N
162,656.96,667.04,5,W,5,N
163,663.43,669.56,5,W,5,N
164,670.69,676.83,5,W,5,N
29,469.53,699.30,1,S,5,W
30,484.93,699.60,1,S,5,W
32,497.72,699.90,1,S,5,W
102,531.77,700.20,1,E,5,W
103,534.82,700.50,1,E,5,W
34,630.19,702.80,1,S,1,W
38,649.22,703.10,1,S,1,W
42,659.65,703.40,1,S,1,W
44,667.18,703.70,1,S,1,W
79,547.15,715.30,1,W,5,E
26,453.20,721.44,1,S,5,N
27,459.86,721.74,1,S,5,N
31,487.41,722.04,1,S,5,N
116,520.66,722.34,2,W,5,N
121,534.85,722.64,2,E,5,N
75,478.32,722.94,1,W,5,N
76,488.00,723.24,1,W,5,N
77,503.80,723.54,1,W,5,N
134,603.00,723.63,3,E,5,E
78,507.88,723.84,1,W,5,N
80,553.96,724.14,1,W,5,N
101,505.52,724.44,1,E,5,N
53,712.55,726.69,1,S,1,E
129,606.84,729.77,3,W,5,N
135,609.52,730.07,3,E,5,N
136,642.43,730.37,3,E,5,N
83,602.49,738.27,1,W,3,W
40,655.24,742.32,1,S,2,W
45,668.54,743.22,1,S,2,W
48,688.32,744.12,1,S,2,E
51,700.59,745.02,1,S,2,W
138,689.98,751.75,3,E,5,N
58,739.05,753.18,1,S,1,E
165,698.97,765.44,5,W,5,N
166,710.48,765.74,5,W,5,N
167,760.50,766.63,5,W,5,N
184,765.70,779.44,5,E,5,N
185,771.04,779.74,5,E,5,N
49,692.38,798.40,1,S,3,W
137,669.83,799.20,3,E,5,W
117,636.56,799.50,2,W,5,W
35,637.24,799.80,1,S,5,W
54,719.75,803.20,1,S,1,W
33,626.11,821.34,1,S,5,N
36,637.93,821.64,1,S,5,N
81,593.32,821.94,1,W,5,N
82,595.24,822.24,1,W,5,N
104,694.51,822.54,1,E,5,N
168,791.26,865.34,5,W,5,N
169,797.91,865.64,5,W,5,N
170,809.37,865.94,5,W,5,N
171,817.84,866.24,5,W,5,N
172,817.92,866.54,5,W,5,N
173,824.30,866.84,5,W,5,N
174,856.47,867.14,5,W,5,N
130,718.02,899.10,3,W,5,W
43,660.78,899.40,1,S,5,W
52,706.55,899.70,1,S,5,W
55,720.00,900.00,1,S,5,W
88,780.11,900.90,1,W,2,W
90,787.46,901.20,1,W,2,W
46,676.36,915.10,1,S,5,E
37,642.22,921.24,1,S,5,N
39,650.07,921.54,1,S,5,N
41,658.92,921.84,1,S,5,N
47,681.17,922.14,1,S,5,N
50,694.66,922.44,1,S,5,N
122,705.15,922.74,2,E,5,N
56,727.84,923.04,1,S,5,N
57,733.69,923.34,1,S,5,N
84,702.46,923.64,1,W,5,N
85,709.25,923.94,1,W,5,N
86,713.38,924.24,1,W,5,N
105,726.68,924.54,1,E,5,N
106,740.25,924.84,1,E,5,N
139,864.13,929.37,3,E,5,N
140,872.12,933.89,3,E,5,N
107,817.41,938.47,1,E,3,W
93,820.74,999.00,1,W,5,W
87,775.64,1015.00,1,W,5,E
123,893.36,1021.14,2,E,5,N
89,781.11,1021.44,1,W,5,N
91,799.87,1021.74,1,W,5,N
92,815.04,1022.04,1,W,5,N
108,840.53,1022.34,1,E,5,N
109,844.74,1022.64,1,E,5,N