id,enter_time,exit_time,entrance_intersection,entrance_direction,exit_intersection,exit_direction
6,26.64,40.77,1,S,1,E
129,5.81,66.14,5,W,5,N
130,43.54,66.44,5,W,5,N
131,50.50,66.74,5,W,5,N
132,57.74,67.04,5,W,5,N
164,7.90,80.14,5,E,5,N
165,65.79,80.44,5,E,5,N
166,70.73,80.74,5,E,5,N
87,32.58,100.10,1,E,2,W
4,13.94,100.40,1,S,1,W
5,16.74,100.70,1,S,1,W
8,40.62,101.00,1,S,1,W
9,40.70,113.20,1,S,1,E
118,50.72,125.13,3,E,5,E
117,44.57,130.97,3,E,5,N
53,14.16,137.97,1,W,3,W
133,130.34,166.04,5,W,5,N
134,133.65,166.34,5,W,5,N
135,140.39,166.64,5,W,5,N
136,146.70,166.94,5,W,5,N
137,150.17,167.24,5,W,5,N
138,156.75,167.54,5,W,5,N
3,13.13,199.80,1,S,5,W
51,2.57,200.10,1,W,5,W
52,9.11,200.40,1,W,5,W
86,27.39,200.70,1,E,5,W
0,4.05,215.80,1,S,5,E
1,4.06,221.94,1,S,5,N
2,9.74,222.24,1,S,5,N
7,36.40,222.54,1,S,5,N
50,1.51,222.84,1,W,5,N
84,5.12,223.14,1,E,5,N
85,25.78,223.44,1,E,5,N
139,197.72,265.94,5,W,5,N
54,79.39,299.70,1,W,5,W
56,90.09,300.00,1,W,5,W
90,157.92,300.30,1,E,5,W
16,280.51,301.20,1,S,1,W
18,286.83,314.00,1,S,1,E
10,44.89,321.84,1,S,5,N
108,105.79,322.14,2,E,5,N
55,84.62,322.44,1,W,5,N
57,95.80,322.74,1,W,5,N
88,144.38,323.04,1,E,5,N
89,146.31,323.34,1,E,5,N
120,251.10,324.73,3,E,5,E
119,244.12,330.57,3,E,5,N
114,200.60,330.87,3,W,5,N
140,304.79,365.84,5,W,5,N
141,311.75,366.14,5,W,5,N
142,312.76,366.44,5,W,5,N
167,330.84,379.84,5,E,5,N
15,258.88,399.20,1,S,3,E
168,396.73,402.86,5,E,5,N
58,197.39,415.60,1,W,5,E
109,272.74,421.74,2,E,5,N
59,205.22,422.04,1,W,5,N
60,212.48,422.34,1,W,5,N
143,446.48,465.74,5,W,5,N
144,455.71,466.04,5,W,5,N
145,458.94,466.34,5,W,5,N
146,470.18,476.32,5,W,5,N
169,424.24,479.74,5,E,5,N
121,328.13,499.50,3,E,5,W
122,365.93,499.80,3,E,5,W
11,242.65,500.10,1,S,5,W
13,254.71,500.40,1,S,5,W
66,389.28,500.50,1,W,2,W
17,285.85,500.70,1,S,5,W
21,422.96,502.00,1,S,1,W
22,427.90,502.30,1,S,1,W
23,429.58,502.60,1,S,1,W
12,248.65,521.64,1,S,5,N
14,257.22,521.94,1,S,5,N
19,291.57,522.24,1,S,5,N
20,298.01,522.54,1,S,5,N
104,361.50,522.84,2,W,5,N
61,273.78,523.14,1,W,5,N
62,348.21,523.44,1,W,5,N
63,355.55,523.74,1,W,5,N
64,361.67,524.04,1,W,5,N
91,324.90,524.34,1,E,5,N
115,480.29,542.06,3,W,5,N
147,565.27,571.40,5,W,5,N
148,571.59,577.73,5,W,5,N
92,397.86,599.40,1,E,5,W
123,416.11,599.70,3,E,5,W
124,422.44,600.00,3,E,5,W
125,430.04,600.30,3,E,5,W
110,450.48,600.60,2,E,5,W
70,527.83,600.60,1,W,2,W
65,377.33,600.90,1,W,5,W
105,401.68,621.54,2,W,5,N
93,406.65,621.84,1,E,5,N
94,462.07,622.14,1,E,5,N
126,571.74,633.51,3,E,5,N
97,543.14,639.07,1,E,3,W
149,577.51,665.54,5,W,5,N
150,583.56,665.84,5,W,5,N
151,591.30,666.14,5,W,5,N
152,602.52,666.44,5,W,5,N
26,586.52,698.60,1,S,3,W
69,520.14,699.30,1,W,5,W
95,520.90,699.60,1,E,5,W
29,610.02,702.80,1,S,1,W
111,572.54,715.30,2,E,5,E
67,491.02,721.44,1,W,5,N
68,512.26,721.74,1,W,5,N
71,534.90,722.04,1,W,5,N
72,560.83,722.34,1,W,5,N
73,566.28,722.64,1,W,5,N
96,526.93,722.94,1,E,5,N
127,601.65,729.77,3,E,5,N
37,650.43,742.02,1,S,2,E
153,729.27,765.44,5,W,5,N
154,735.31,765.74,5,W,5,N
155,740.15,766.04,5,W,5,N
156,745.02,766.34,5,W,5,N
157,753.21,766.64,5,W,5,N
158,759.82,766.94,5,W,5,N
159,768.66,774.80,5,W,5,N
170,720.68,779.44,5,E,5,N
24,578.54,799.20,1,S,5,W
27,594.26,799.50,1,S,5,W
33,625.34,799.80,1,S,5,W
35,638.12,800.10,1,S,5,W
74,573.95,800.40,1,W,5,W
31,617.92,815.20,1,S,5,E
102,698.22,816.04,1,E,5,E
25,579.48,821.34,1,S,5,N
28,608.71,821.64,1,S,5,N
30,616.03,821.94,1,S,5,N
32,623.40,822.24,1,S,5,N
34,630.21,822.54,1,S,5,N
75,601.01,822.84,1,W,5,N
98,616.75,823.14,1,E,5,N
99,623.45,823.44,1,E,5,N
100,633.15,823.74,1,E,5,N
101,646.11,824.04,1,E,5,N
128,727.65,829.57,3,E,5,N
103,738.46,837.47,1,E,3,W
49,832.93,847.06,1,S,1,E
160,777.12,865.34,5,W,5,N
161,781.36,865.64,5,W,5,N
162,790.90,865.94,5,W,5,N
163,798.74,866.24,5,W,5,N
171,803.69,879.34,5,E,5,N
172,804.54,879.64,5,E,5,N
116,706.51,899.10,3,W,5,W
39,668.96,899.40,1,S,5,W
40,677.03,899.70,1,S,5,W
112,738.26,900.00,2,E,5,W
77,692.91,900.30,1,W,5,W
45,824.96,903.60,1,S,1,W
46,825.16,903.90,1,S,1,W
36,643.82,921.24,1,S,5,N
38,650.73,921.54,1,S,5,N
41,678.66,921.84,1,S,5,N
106,777.49,922.14,2,W,5,N
76,692.41,922.44,1,W,5,N
113,864.71,999.00,2,E,5,W
43,818.08,999.30,1,S,5,W
78,775.02,999.60,1,W,5,W
79,782.61,999.90,1,W,5,W
82,812.08,1000.20,1,W,5,W
42,817.44,1015.00,1,S,5,E
47,825.78,1015.30,1,S,5,E
107,822.13,1021.14,2,W,5,N
44,822.14,1021.44,1,S,5,N
48,826.17,1021.74,1,S,5,N
80,795.18,1022.04,1,W,5,N
81,799.10,1022.34,1,W,5,N
83,882.20,1121.04,1,W,5,N