id,enter_time,exit_time,entrance_intersection,entrance_direction,exit_intersection,exit_direction
155,1.42,66.14,5,W,5,N
0,2.65,100.40,1,S,1,W
2,13.41,100.70,1,S,1,W
4,22.71,101.00,1,S,1,W
7,48.35,101.30,1,S,1,W
12,87.90,102.04,1,S,1,W
120,51.82,112.27,2,W,3,W
10,62.50,113.20,1,S,1,E
14,91.73,113.50,1,S,1,E
121,92.35,128.42,2,W,3,W
135,15.31,130.97,3,W,5,N
9,54.74,139.62,1,S,2,W
13,88.08,140.22,1,S,2,W
156,159.71,166.04,5,W,5,N
157,163.66,169.80,5,W,5,N
158,171.05,177.19,5,W,5,N
146,7.05,199.80,3,E,5,W
99,126.33,200.20,1,E,2,W
98,116.24,200.20,1,E,2,E
100,130.58,200.50,1,E,2,W
22,118.88,200.80,1,S,1,W
5,30.21,215.80,1,S,5,E
59,15.24,216.10,1,W,5,E
1,8.80,221.94,1,S,5,N
3,16.00,222.24,1,S,5,N
6,30.65,222.54,1,S,5,N
60,55.00,222.84,1,W,5,N
97,7.44,223.14,1,E,5,N
26,133.47,238.37,1,S,3,W
159,181.62,265.94,5,W,5,N
160,189.94,266.24,5,W,5,N
161,220.03,266.54,5,W,5,N
162,223.04,266.84,5,W,5,N
163,236.26,267.14,5,W,5,N
182,260.60,279.94,5,E,5,N
136,114.59,299.70,3,W,5,W
137,151.74,300.00,3,W,5,W
66,190.98,300.30,1,W,2,W
8,48.54,300.30,1,S,5,W
11,85.04,300.60,1,S,5,W
130,191.60,300.90,2,E,5,W
18,108.35,301.20,1,S,5,W
21,118.49,301.50,1,S,5,W
61,103.76,301.80,1,W,5,W
101,138.97,302.10,1,E,5,W
20,112.81,315.70,1,S,5,E
15,92.69,321.84,1,S,5,N
16,100.62,322.14,1,S,5,N
17,101.76,322.44,1,S,5,N
122,116.26,322.74,2,W,5,N
19,108.63,323.04,1,S,5,N
23,125.82,323.34,1,S,5,N
24,128.06,323.64,1,S,5,N
25,128.42,323.94,1,S,5,N
62,110.07,324.24,1,W,5,N
102,150.18,324.54,1,E,5,N
147,214.93,330.57,3,E,5,N
28,324.81,338.94,1,S,1,E
148,293.45,355.22,3,E,5,N
183,362.67,379.84,5,E,5,N
184,387.17,393.31,5,E,5,N
63,173.99,399.60,1,W,5,W
65,186.82,399.90,1,W,5,W
103,223.37,400.20,1,E,5,W
32,344.52,401.60,1,S,1,W
105,258.38,415.60,1,E,5,E
27,146.97,421.74,1,S,5,N
64,180.12,422.04,1,W,5,N
67,232.68,422.34,1,W,5,N
104,227.19,422.64,1,E,5,N
138,363.33,430.37,3,W,5,N
70,326.55,437.67,1,W,3,E
106,302.31,438.27,1,E,3,E
164,434.47,465.74,5,W,5,N
165,435.67,466.04,5,W,5,N
166,439.99,466.34,5,W,5,N
167,440.44,466.64,5,W,5,N
168,450.61,466.94,5,W,5,N
169,458.20,467.24,5,W,5,N
30,337.34,499.50,1,S,5,W
69,296.02,499.80,1,W,5,W
107,325.46,500.10,1,E,5,W
131,356.66,521.64,2,E,5,N
29,331.75,521.94,1,S,5,N
68,289.38,522.24,1,W,5,N
71,327.75,522.54,1,W,5,N
108,399.55,523.51,1,E,5,N
139,452.00,530.17,3,W,5,N
149,461.24,530.47,3,E,5,N
37,479.60,540.92,1,S,2,W
35,387.06,599.40,1,S,5,W
72,405.66,599.70,1,W,5,W
109,423.63,600.00,1,E,5,W
110,423.80,600.30,1,E,5,W
31,339.25,621.54,1,S,5,N
33,375.34,621.84,1,S,5,N
34,382.94,622.14,1,S,5,N
36,392.44,622.44,1,S,5,N
123,481.73,622.74,2,W,5,N
73,457.47,623.04,1,W,5,N
140,515.95,629.97,3,W,5,N
141,561.54,630.27,3,W,5,N
170,576.47,665.54,5,W,5,N
171,585.24,665.84,5,W,5,N
172,663.16,669.30,5,W,5,N
173,669.38,675.52,5,W,5,N
185,604.64,679.54,5,E,5,N
186,605.24,679.84,5,E,5,N
132,506.20,699.30,2,E,5,W
124,534.00,699.60,2,W,5,W
111,530.21,699.90,1,E,5,W
113,580.04,700.20,1,E,5,W
75,498.79,715.30,1,W,5,E
38,484.03,721.44,1,S,5,N
74,494.23,721.74,1,W,5,N
76,503.45,722.04,1,W,5,N
77,513.60,722.34,1,W,5,N
112,571.47,722.64,1,E,5,N
142,647.84,729.77,3,W,5,N
78,598.46,737.37,1,W,3,W
81,623.86,738.27,1,W,3,E
150,697.25,752.89,3,E,5,E
174,747.38,765.44,5,W,5,N
133,691.07,799.20,2,E,5,W
80,609.95,799.50,1,W,5,W
87,681.26,800.80,1,W,2,W
44,780.52,803.20,1,S,1,W
45,781.19,803.50,1,S,1,W
126,694.21,815.20,2,W,5,E
125,659.41,821.34,2,W,5,N
39,619.35,821.64,1,S,5,N
40,629.12,821.94,1,S,5,N
79,602.83,822.24,1,W,5,N
82,625.67,822.54,1,W,5,N
83,663.80,822.84,1,W,5,N
114,695.60,823.14,1,E,5,N
144,731.43,823.73,3,W,5,E
119,799.39,825.51,1,E,2,E
118,783.36,845.55,1,E,3,W
175,776.94,865.34,5,W,5,N
176,784.68,865.64,5,W,5,N
177,812.84,865.94,5,W,5,N
178,819.17,866.24,5,W,5,N
179,845.61,866.54,5,W,5,N
180,849.44,866.84,5,W,5,N
181,853.26,867.14,5,W,5,N
187,819.71,879.34,5,E,5,N
143,711.53,899.10,3,W,5,W
151,701.74,899.40,3,E,5,W
145,748.08,899.70,3,W,5,W
127,744.55,900.00,2,W,5,W
89,692.39,900.30,1,W,5,W
116,764.57,900.60,1,E,5,W
117,778.55,900.90,1,E,5,W
94,832.41,900.90,1,W,2,W
128,768.34,921.24,2,W,5,N
84,667.56,921.54,1,W,5,N
85,672.97,921.84,1,W,5,N
86,673.47,922.14,1,W,5,N
88,687.07,922.44,1,W,5,N
90,697.47,922.74,1,W,5,N
91,763.13,923.04,1,W,5,N
115,706.42,923.34,1,E,5,N
152,824.71,929.37,3,E,5,N
154,854.26,929.97,3,E,5,N
153,828.79,999.00,3,E,5,W
43,772.57,999.30,1,S,5,W
47,800.31,999.60,1,S,5,W
129,826.76,999.90,2,W,5,W
48,810.60,1000.20,1,S,5,W
52,836.00,1000.50,1,S,5,W
92,818.03,1000.80,1,W,5,W
93,827.07,1001.10,1,W,5,W
41,752.59,1021.14,1,S,5,N
42,759.23,1021.44,1,S,5,N
46,794.09,1021.74,1,S,5,N
134,834.36,1022.04,2,E,5,N
49,818.95,1022.34,1,S,5,N
50,825.65,1022.64,1,S,5,N
51,830.28,1022.94,1,S,5,N
54,871.00,1098.90,1,S,5,W
56,883.91,1099.20,1,S,5,W
96,881.76,1099.50,1,W,5,W
57,886.80,1114.90,1,S,5,E
53,866.86,1121.04,1,S,5,N
55,877.57,1121.34,1,S,5,N
58,894.13,1121.64,1,S,5,N
95,872.59,1121.94,1,W,5,N