id,enter_time,exit_time,entrance_intersection,entrance_direction,exit_intersection,exit_direction
171,8.20,66.14,5,W,5,N
172,68.00,74.14,5,W,5,N
215,56.15,80.14,5,E,5,N
69,27.81,100.10,1,W,2,W
71,37.85,100.40,1,W,2,W
0,4.23,100.40,1,S,1,W
131,33.64,112.27,2,W,3,W
70,32.48,137.37,1,W,3,W
173,74.27,166.04,5,W,5,N
174,104.29,166.34,5,W,5,N
175,159.71,166.64,5,W,5,N
216,142.42,180.04,5,E,5,N
217,151.05,180.34,5,E,5,N
107,78.06,199.80,1,E,5,W
109,143.64,200.20,1,E,2,W
65,6.91,215.80,1,W,5,E
66,11.93,221.94,1,W,5,N
67,15.56,222.24,1,W,5,N
68,22.97,222.54,1,W,5,N
106,18.68,222.84,1,E,5,N
108,85.59,223.14,1,E,5,N
111,190.72,252.90,1,E,3,E
176,190.45,265.94,5,W,5,N
177,200.49,266.24,5,W,5,N
178,204.93,266.54,5,W,5,N
179,213.48,266.84,5,W,5,N
180,215.06,267.14,5,W,5,N
181,216.02,267.44,5,W,5,N
72,119.00,299.70,1,W,5,W
73,134.26,300.00,1,W,5,W
3,203.89,301.20,1,S,1,W
142,107.29,321.84,2,E,5,N
132,192.36,322.14,2,W,5,N
74,138.31,322.44,1,W,5,N
110,157.28,322.74,1,E,5,N
149,204.77,330.57,3,W,5,N
159,233.78,330.87,3,E,5,N
150,266.81,331.17,3,W,5,N
4,211.65,336.37,1,S,3,W
182,279.74,365.84,5,W,5,N
183,285.71,366.14,5,W,5,N
184,290.48,366.44,5,W,5,N
185,291.44,366.74,5,W,5,N
186,359.42,367.04,5,W,5,N
187,363.89,370.03,5,W,5,N
188,371.18,377.31,5,W,5,N
218,322.08,379.84,5,E,5,N
219,381.57,387.71,5,E,5,N
220,389.08,395.21,5,E,5,N
2,202.51,399.60,1,S,5,W
5,218.48,399.90,1,S,5,W
6,224.00,400.20,1,S,5,W
76,250.36,400.50,1,W,5,W
77,264.95,400.80,1,W,5,W
15,399.77,414.40,1,S,1,E
78,264.99,415.60,1,W,5,E
1,198.81,421.74,1,S,5,N
143,223.61,422.04,2,E,5,N
133,243.96,422.34,2,W,5,N
134,274.82,422.64,2,W,5,N
7,232.02,422.94,1,S,5,N
75,238.52,423.24,1,W,5,N
160,302.40,430.37,3,E,5,N
163,341.34,431.27,3,E,5,N
14,394.65,440.82,1,S,2,W
189,373.28,465.74,5,W,5,N
190,379.12,466.04,5,W,5,N
191,391.63,466.34,5,W,5,N
192,408.96,466.64,5,W,5,N
193,415.33,466.94,5,W,5,N
221,469.28,479.74,5,E,5,N
222,475.21,481.34,5,E,5,N
161,306.87,499.50,3,E,5,W
162,311.00,499.80,3,E,5,W
151,383.22,500.10,3,W,5,W
152,398.76,500.40,3,W,5,W
12,265.96,500.70,1,S,5,W
144,389.92,501.00,2,E,5,W
79,269.52,501.30,1,W,5,W
19,408.44,502.00,1,S,1,W
23,417.13,502.30,1,S,1,W
25,421.85,502.60,1,S,1,W
29,446.65,502.90,1,S,1,W
223,498.76,504.89,5,E,5,N
83,347.67,515.50,1,W,5,E
8,248.90,521.64,1,S,5,N
9,252.74,521.94,1,S,5,N
10,255.54,522.24,1,S,5,N
11,262.43,522.54,1,S,5,N
80,276.10,522.84,1,W,5,N
81,280.35,523.14,1,W,5,N
82,343.44,523.44,1,W,5,N
112,306.79,523.74,1,E,5,N
113,377.46,524.04,1,E,5,N
24,419.85,537.77,1,S,3,E
153,483.63,545.40,3,W,5,N
194,496.08,565.64,5,W,5,N
195,502.41,565.94,5,W,5,N
196,528.69,566.24,5,W,5,N
224,505.00,579.64,5,E,5,N
225,506.50,579.94,5,E,5,N
226,538.23,580.24,5,E,5,N
227,539.85,580.54,5,E,5,N
114,401.09,599.40,1,E,5,W
16,401.32,599.70,1,S,5,W
17,403.32,600.00,1,S,5,W
27,435.00,600.30,1,S,5,W
84,386.96,600.60,1,W,5,W
89,558.68,600.60,1,W,2,W
85,464.36,600.90,1,W,5,W
115,417.76,601.20,1,E,5,W
13,389.07,621.54,1,S,5,N
18,407.06,621.84,1,S,5,N
20,413.67,622.14,1,S,5,N
21,416.04,622.44,1,S,5,N
22,416.50,622.74,1,S,5,N
26,430.13,623.04,1,S,5,N
116,421.93,623.34,1,E,5,N
164,536.83,629.97,3,E,5,N
165,543.16,630.27,3,E,5,N
166,550.37,630.57,3,E,5,N
87,531.67,636.97,1,W,3,E
45,639.33,653.47,1,S,1,E
30,447.74,699.30,1,S,5,W
32,450.36,699.60,1,S,5,W
88,545.18,699.90,1,W,5,W
36,604.97,702.80,1,S,1,W
40,622.47,703.10,1,S,1,W
41,628.63,703.40,1,S,1,W
43,633.63,703.70,1,S,1,W
48,659.31,704.00,1,S,1,W
28,442.02,721.44,1,S,5,N
31,449.74,721.74,1,S,5,N
33,452.00,722.04,1,S,5,N
145,586.56,722.34,2,E,5,N
86,469.54,722.64,1,W,5,N
117,534.50,722.94,1,E,5,N
167,674.92,736.69,3,E,5,N
44,636.46,737.97,1,S,3,W
46,646.87,741.72,1,S,2,W
50,668.10,742.62,1,S,2,W
197,676.52,765.44,5,W,5,N
198,680.97,765.74,5,W,5,N
199,735.55,766.04,5,W,5,N
200,741.90,766.34,5,W,5,N
201,747.08,766.64,5,W,5,N
202,754.46,766.94,5,W,5,N
228,754.00,779.44,5,E,5,N
229,765.48,779.74,5,E,5,N
135,674.65,799.20,2,W,5,W
146,645.56,799.50,2,E,5,W
37,609.69,799.80,1,S,5,W
39,620.60,800.10,1,S,5,W
119,674.43,800.40,1,E,5,W
34,574.06,821.34,1,S,5,N
35,602.74,821.64,1,S,5,N
38,616.98,821.94,1,S,5,N
42,628.70,822.24,1,S,5,N
90,579.56,822.54,1,W,5,N
91,603.90,822.84,1,W,5,N
92,664.38,823.14,1,W,5,N
118,641.48,823.44,1,E,5,N
120,675.03,823.74,1,E,5,N
154,706.03,829.57,3,W,5,N
155,770.74,832.51,3,W,5,N
121,717.34,838.67,1,E,3,W
156,790.47,846.10,3,W,5,E
203,780.03,865.34,5,W,5,N
204,784.25,865.64,5,W,5,N
205,789.20,865.94,5,W,5,N
206,800.26,866.24,5,W,5,N
207,804.91,866.54,5,W,5,N
208,811.57,866.84,5,W,5,N
209,821.61,867.14,5,W,5,N
210,824.19,867.44,5,W,5,N
211,830.06,867.74,5,W,5,N
212,843.60,868.04,5,W,5,N
213,847.22,868.34,5,W,5,N
230,877.69,883.83,5,E,5,N
231,884.30,890.43,5,E,5,N
232,888.25,894.38,5,E,5,N
139,797.19,899.10,2,W,5,W
98,761.23,899.40,1,W,5,W
124,775.07,899.70,1,E,5,W
101,787.99,900.90,1,W,2,W
60,884.32,903.60,1,S,1,W
94,678.38,915.10,1,W,5,E
55,862.77,916.40,1,S,1,E
47,652.96,921.24,1,S,5,N
49,664.54,921.54,1,S,5,N
136,718.30,921.84,2,W,5,N
137,764.15,922.14,2,W,5,N
138,794.00,922.44,2,W,5,N
93,670.56,922.74,1,W,5,N
95,682.73,923.04,1,W,5,N
96,716.27,923.34,1,W,5,N
97,722.79,923.64,1,W,5,N
122,730.41,923.94,1,E,5,N
123,752.07,924.24,1,E,5,N
125,797.01,924.54,1,E,5,N
168,801.34,929.37,3,E,5,N
157,832.66,929.67,3,W,5,N
158,845.97,929.97,3,W,5,N
104,830.48,938.17,1,W,3,E
54,856.37,943.42,1,S,2,E
63,894.54,945.52,1,S,2,W
214,877.82,965.24,5,W,5,N
169,832.84,999.00,3,E,5,W
170,840.13,999.30,3,E,5,W
147,826.59,999.60,2,E,5,W
148,890.80,999.90,2,E,5,W
102,795.40,1000.20,1,W,5,W
103,799.53,1000.50,1,W,5,W
127,812.61,1000.80,1,E,5,W
140,823.34,1021.14,2,W,5,N
141,867.36,1021.44,2,W,5,N
99,770.52,1021.74,1,W,5,N
100,774.77,1022.04,1,W,5,N
126,811.99,1022.34,1,E,5,N
128,814.07,1022.64,1,E,5,N
129,828.54,1022.94,1,E,5,N
130,832.90,1023.24,1,E,5,N
52,849.04,1098.90,1,S,5,W
57,870.46,1099.20,1,S,5,W
62,893.39,1099.50,1,S,5,W
64,895.53,1099.80,1,S,5,W
51,848.89,1121.04,1,S,5,N
53,849.74,1121.34,1,S,5,N
56,862.95,1121.64,1,S,5,N
58,879.21,1121.94,1,S,5,N
59,883.53,1122.24,1,S,5,N
61,886.57,1122.54,1,S,5,N
105,896.49,1122.84,1,W,5,N