id,enter_time,exit_time,entrance_intersection,entrance_direction,exit_intersection,exit_direction
158,73.37,80.14,5,E,5,N
1,89.34,103.48,1,S,1,W
131,73.75,135.52,3,E,5,N
66,4.86,136.17,1,W,3,W
98,68.49,136.77,1,E,3,E
140,73.97,166.04,5,W,5,N
141,82.07,166.34,5,W,5,N
142,86.51,166.64,5,W,5,N
143,121.41,166.94,5,W,5,N
144,147.50,167.24,5,W,5,N
112,59.15,199.80,2,W,5,W
67,29.77,200.10,1,W,5,W
6,106.91,200.20,1,S,2,W
100,155.04,200.50,1,E,2,W
7,112.26,200.80,1,S,1,W
14,148.50,201.10,1,S,1,W
19,167.51,201.40,1,S,1,W
22,182.54,201.70,1,S,1,W
25,193.08,207.21,1,S,1,W
99,92.68,221.94,1,E,5,N
68,93.14,237.47,1,W,3,W
145,249.85,265.94,5,W,5,N
159,278.26,284.40,5,E,5,N
160,284.04,290.18,5,E,5,N
13,142.21,299.40,1,S,3,W
21,180.12,299.40,1,S,3,E
20,173.55,299.70,1,S,3,W
3,99.29,299.70,1,S,5,W
4,100.82,300.00,1,S,5,W
69,171.58,300.30,1,W,2,W
72,214.59,300.30,1,W,2,E
113,143.61,300.30,2,W,5,W
8,114.35,300.60,1,S,5,W
11,130.85,300.90,1,S,5,W
32,257.52,301.20,1,S,1,W
101,171.49,301.20,1,E,5,W
5,100.94,315.70,1,S,5,E
10,129.06,316.00,1,S,5,E
0,81.39,321.84,1,S,5,N
2,92.01,322.14,1,S,5,N
122,191.97,322.44,2,E,5,N
9,125.49,322.74,1,S,5,N
127,244.76,330.57,3,W,5,N
161,350.45,379.84,5,E,5,N
162,380.80,386.94,5,E,5,N
12,137.74,399.60,1,S,5,W
15,151.89,399.90,1,S,5,W
23,187.63,400.20,1,S,5,W
26,198.40,400.50,1,S,5,W
114,283.46,400.80,2,W,5,W
70,172.14,401.10,1,W,5,W
75,259.69,401.40,1,W,5,W
16,156.12,421.74,1,S,5,N
17,159.30,422.04,1,S,5,N
18,164.69,422.34,1,S,5,N
24,192.26,422.64,1,S,5,N
27,203.59,422.94,1,S,5,N
28,210.70,423.24,1,S,5,N
71,214.49,423.54,1,W,5,N
73,235.15,423.84,1,W,5,N
74,239.45,424.14,1,W,5,N
102,212.11,424.44,1,E,5,N
133,354.16,424.53,3,E,5,E
103,252.70,424.74,1,E,5,N
104,273.03,425.04,1,E,5,N
132,304.29,430.37,3,E,5,N
146,375.05,465.74,5,W,5,N
147,381.45,466.04,5,W,5,N
148,424.22,466.34,5,W,5,N
149,458.72,466.64,5,W,5,N
134,381.25,499.50,3,E,5,W
29,242.14,499.80,1,S,5,W
115,325.03,500.10,2,W,5,W
123,365.85,500.40,2,E,5,W
37,414.89,500.50,1,S,2,W
76,267.30,500.70,1,W,5,W
40,426.09,500.80,1,S,2,W
77,281.19,501.00,1,W,5,W
105,312.31,501.30,1,E,5,W
38,419.08,502.00,1,S,1,W
33,260.61,515.50,1,S,5,E
34,267.39,515.80,1,S,5,E
30,248.57,521.64,1,S,5,N
31,256.39,521.94,1,S,5,N
78,306.75,522.24,1,W,5,N
79,317.05,522.54,1,W,5,N
80,325.02,522.84,1,W,5,N
135,437.19,530.17,3,E,5,N
82,428.57,538.07,1,W,3,W
136,458.85,599.40,3,E,5,W
116,415.03,599.70,2,W,5,W
39,421.65,600.00,1,S,5,W
41,433.30,600.30,1,S,5,W
107,560.74,600.60,1,E,2,W
35,411.17,621.54,1,S,5,N
36,414.20,621.84,1,S,5,N
81,413.68,622.14,1,W,5,N
128,540.78,629.97,3,W,5,N
129,548.98,630.27,3,W,5,N
150,617.67,665.54,5,W,5,N
163,678.62,684.75,5,E,5,N
137,594.90,699.30,3,E,5,W
117,541.70,699.60,2,W,5,W
84,540.13,699.90,1,W,5,W
109,609.10,700.70,1,E,2,W
110,641.78,701.00,1,E,2,W
49,607.55,702.80,1,S,1,W
55,654.76,703.10,1,S,1,W
60,685.94,703.40,1,S,1,W
124,543.35,715.30,2,E,5,E
42,440.74,721.44,1,S,5,N
43,443.29,721.74,1,S,5,N
44,445.31,722.04,1,S,5,N
45,451.64,722.34,1,S,5,N
83,525.27,722.64,1,W,5,N
106,521.10,722.94,1,E,5,N
108,564.51,723.24,1,E,5,N
85,594.69,737.67,1,W,3,W
151,728.56,765.44,5,W,5,N
152,732.86,765.74,5,W,5,N
153,758.40,766.04,5,W,5,N
61,691.76,798.40,1,S,3,W
56,667.68,798.40,1,S,3,E
47,595.91,799.20,1,S,5,W
48,600.54,799.50,1,S,5,W
50,630.58,799.80,1,S,5,W
111,682.00,799.83,1,E,5,W
65,749.16,803.20,1,S,1,W
52,637.03,815.20,1,S,5,E
46,592.61,821.34,1,S,5,N
118,601.54,821.64,2,W,5,N
119,644.68,821.94,2,W,5,N
120,685.17,822.24,2,W,5,N
51,636.50,822.54,1,S,5,N
63,719.45,836.87,1,S,3,W
86,668.67,837.17,1,W,3,W
154,789.00,865.34,5,W,5,N
155,841.36,865.64,5,W,5,N
156,842.42,865.94,5,W,5,N
157,846.12,866.24,5,W,5,N
138,762.68,899.10,3,E,5,W
139,769.44,899.40,3,E,5,W
87,675.54,899.70,1,W,5,W
88,728.16,900.00,1,W,5,W
164,896.04,902.17,5,E,5,N
125,706.02,915.10,2,E,5,E
53,641.40,921.24,1,S,5,N
54,648.38,921.54,1,S,5,N
57,671.67,921.84,1,S,5,N
58,672.77,922.14,1,S,5,N
59,681.53,922.44,1,S,5,N
62,697.29,922.74,1,S,5,N
121,725.76,923.04,2,W,5,N
89,728.98,923.34,1,W,5,N
90,743.73,923.64,1,W,5,N
130,836.09,929.37,3,W,5,N
92,799.13,999.00,1,W,5,W
93,804.34,999.30,1,W,5,W
91,798.60,1015.00,1,W,5,E
64,748.22,1021.14,1,S,5,N
126,867.30,1021.44,2,E,5,N
94,808.60,1021.74,1,W,5,N
95,808.90,1022.04,1,W,5,N
96,816.53,1022.34,1,W,5,N
97,893.25,1121.04,1,W,5,N