id,enter_time,exit_time,entrance_intersection,entrance_direction,exit_intersection,exit_direction
141,40.12,66.14,5,W,5,N
142,67.27,73.40,5,W,5,N
143,71.99,78.13,5,W,5,N
123,21.58,125.13,3,W,5,E
122,8.08,130.97,3,W,5,N
124,85.85,147.62,3,W,5,N
144,169.66,175.79,5,W,5,N
174,116.23,180.04,5,E,5,N
2,38.46,199.60,1,S,3,W
0,28.52,199.80,1,S,5,W
57,7.85,200.10,1,W,5,W
58,94.48,200.20,1,W,2,W
60,108.29,200.50,1,W,2,W
6,183.63,200.80,1,S,1,W
61,114.73,200.80,1,W,2,W
9,196.48,210.62,1,S,1,W
4,177.08,213.60,1,S,1,E
109,43.60,221.94,2,W,5,N
90,39.71,222.24,1,E,5,N
91,92.64,222.54,1,E,5,N
125,106.91,230.77,3,W,5,N
16,235.16,249.30,1,S,1,E
5,180.51,299.40,1,S,3,E
1,37.40,299.70,1,S,5,W
59,99.17,300.00,1,W,5,W
12,204.19,301.20,1,S,1,W
13,212.14,301.50,1,S,1,W
19,247.58,301.80,1,S,1,W
21,252.94,302.10,1,S,1,W
22,260.28,302.40,1,S,1,W
23,261.91,302.70,1,S,1,W
115,101.54,321.84,2,E,5,N
62,148.55,322.14,1,W,5,N
63,156.15,322.44,1,W,5,N
92,104.21,322.74,1,E,5,N
93,182.22,323.04,1,E,5,N
94,206.43,338.17,1,E,3,E
20,248.97,340.72,1,S,2,W
145,292.36,365.84,5,W,5,N
146,328.74,366.14,5,W,5,N
147,353.48,366.44,5,W,5,N
148,362.20,368.33,5,W,5,N
131,209.22,399.60,3,E,5,W
126,220.88,399.90,3,W,5,W
127,228.99,400.20,3,W,5,W
3,175.71,400.50,1,S,5,W
7,189.32,400.80,1,S,5,W
10,199.39,401.10,1,S,5,W
11,202.29,401.40,1,S,5,W
15,229.20,401.70,1,S,5,W
66,187.68,402.00,1,W,5,W
67,208.63,402.30,1,W,5,W
8,195.33,421.74,1,S,5,N
116,241.88,422.04,2,E,5,N
14,214.85,422.34,1,S,5,N
64,177.73,422.64,1,W,5,N
65,183.75,422.94,1,W,5,N
95,279.06,423.24,1,E,5,N
149,394.09,465.74,5,W,5,N
175,399.67,479.74,5,E,5,N
176,400.12,480.04,5,E,5,N
132,389.56,499.50,3,E,5,W
68,287.26,499.80,1,W,5,W
69,350.27,500.10,1,W,5,W
96,371.16,500.40,1,E,5,W
26,453.48,502.00,1,S,1,W
28,461.38,502.30,1,S,1,W
31,476.79,502.60,1,S,1,W
36,497.78,511.92,1,S,1,W
110,408.69,512.67,2,W,3,E
34,490.97,514.80,1,S,1,E
71,362.05,515.50,1,W,5,E
17,240.06,521.64,1,S,5,N
18,245.12,521.94,1,S,5,N
24,267.02,522.24,1,S,5,N
70,355.39,522.54,1,W,5,N
133,432.69,530.17,3,E,5,N
128,448.88,530.47,3,W,5,N
134,440.12,530.77,3,E,5,N
150,491.67,565.64,5,W,5,N
151,492.50,565.94,5,W,5,N
152,497.68,566.24,5,W,5,N
153,502.60,566.54,5,W,5,N
154,506.12,566.84,5,W,5,N
155,509.87,567.14,5,W,5,N
156,511.13,567.44,5,W,5,N
157,541.01,567.74,5,W,5,N
158,546.93,568.04,5,W,5,N
159,560.21,568.34,5,W,5,N
160,565.29,571.42,5,W,5,N
177,579.19,585.33,5,E,5,N
33,483.81,598.80,1,S,3,W
117,427.34,599.40,2,E,5,W
111,496.61,599.70,2,W,5,W
41,531.60,602.40,1,S,1,W
43,535.06,602.70,1,S,1,W
72,392.48,621.54,1,W,5,N
73,464.17,621.84,1,W,5,N
97,417.38,622.14,1,E,5,N
98,428.21,622.44,1,E,5,N
99,491.93,622.74,1,E,5,N
161,585.75,665.54,5,W,5,N
162,597.62,665.84,5,W,5,N
163,605.90,666.14,5,W,5,N
164,611.90,666.44,5,W,5,N
165,635.13,666.74,5,W,5,N
166,638.94,667.04,5,W,5,N
167,647.16,667.34,5,W,5,N
168,652.48,667.64,5,W,5,N
169,653.39,667.94,5,W,5,N
170,660.41,668.24,5,W,5,N
171,666.30,672.44,5,W,5,N
135,518.54,699.30,3,E,5,W
25,452.87,699.60,1,S,5,W
30,472.14,699.90,1,S,5,W
35,493.20,700.20,1,S,5,W
119,573.02,700.50,2,E,5,W
40,529.33,700.80,1,S,5,W
75,475.90,701.10,1,W,5,W
44,688.81,702.95,1,S,1,W
45,692.66,706.80,1,S,1,W
101,592.22,710.04,1,E,5,W
29,468.54,715.30,1,S,5,E
38,516.23,715.60,1,S,5,E
39,519.73,715.90,1,S,5,E
27,457.47,721.44,1,S,5,N
32,478.81,721.74,1,S,5,N
118,501.56,722.04,2,E,5,N
112,548.18,722.34,2,W,5,N
37,510.44,722.64,1,S,5,N
42,533.30,722.94,1,S,5,N
74,471.31,723.24,1,W,5,N
76,488.23,723.54,1,W,5,N
77,493.33,723.84,1,W,5,N
78,498.87,724.14,1,W,5,N
79,528.95,724.44,1,W,5,N
100,564.33,724.74,1,E,5,N
51,733.60,747.74,1,S,1,E
105,697.85,760.04,1,E,3,W
178,765.76,779.44,5,E,5,N
179,772.90,779.74,5,E,5,N
136,690.16,799.20,3,E,5,W
81,574.66,799.50,1,W,5,W
82,614.18,799.80,1,W,5,W
104,663.73,800.10,1,E,5,W
50,731.21,803.20,1,S,1,W
102,608.16,815.20,1,E,5,E
120,693.30,821.34,2,E,5,N
113,698.25,821.64,2,W,5,N
80,568.13,821.94,1,W,5,N
83,621.48,822.24,1,W,5,N
84,626.59,822.54,1,W,5,N
103,648.44,822.84,1,E,5,N
129,727.46,829.57,3,W,5,N
137,746.60,829.87,3,E,5,N
138,753.43,830.17,3,E,5,N
46,712.55,836.87,1,S,3,W
47,716.59,837.17,1,S,3,W
172,863.20,869.34,5,W,5,N
173,870.77,876.91,5,W,5,N
48,718.28,899.10,1,S,5,W
49,725.30,899.40,1,S,5,W
52,735.90,899.70,1,S,5,W
85,717.76,900.00,1,W,5,W
86,758.97,900.30,1,W,5,W
87,761.87,900.60,1,W,5,W
54,875.62,903.60,1,S,1,W
55,878.16,903.90,1,S,1,W
106,738.41,921.24,1,E,5,N
130,841.56,929.37,3,W,5,N
139,879.94,941.71,3,E,5,N
140,886.12,999.00,3,E,5,W
114,826.13,999.30,2,W,5,W
121,887.87,1015.00,2,E,5,E
107,801.52,1021.14,1,E,5,N
53,742.26,1021.44,1,S,5,N
88,768.35,1021.74,1,W,5,N
89,844.64,1022.04,1,W,5,N
108,860.92,1022.34,1,E,5,N
56,889.61,1121.04,1,S,5,N