id,enter_time,exit_time,entrance_intersection,entrance_direction,exit_intersection,exit_direction
128,11.58,66.14,5,W,5,N
129,21.94,66.44,5,W,5,N
130,23.83,66.74,5,W,5,N
51,16.17,100.10,1,W,2,W
2,23.32,100.40,1,S,1,W
115,49.62,130.97,3,W,5,N
122,73.18,134.95,3,E,5,N
55,35.55,139.77,1,W,3,W
159,177.25,183.38,5,E,5,N
102,53.02,199.80,2,W,5,W
0,11.00,200.10,1,S,5,W
1,22.93,200.40,1,S,5,W
4,30.27,200.70,1,S,5,W
7,34.16,201.00,1,S,5,W
52,21.77,201.30,1,W,5,W
53,25.86,201.60,1,W,5,W
54,30.77,201.90,1,W,5,W
86,77.48,202.20,1,E,5,W
8,188.51,213.60,1,S,1,E
3,26.50,221.94,1,S,5,N
5,31.76,222.24,1,S,5,N
6,32.31,222.54,1,S,5,N
49,6.07,222.84,1,W,5,N
50,10.77,223.14,1,W,5,N
87,88.03,223.44,1,E,5,N
58,129.03,236.87,1,W,3,E
131,210.10,265.94,5,W,5,N
132,273.04,279.17,5,W,5,N
160,202.95,279.94,5,E,5,N
161,229.19,280.24,5,E,5,N
162,232.20,280.54,5,E,5,N
163,238.91,280.84,5,E,5,N
164,263.04,281.14,5,E,5,N
165,285.84,291.98,5,E,5,N
17,288.88,303.01,1,S,1,W
109,194.24,321.84,2,E,5,N
56,117.61,322.14,1,W,5,N
57,122.21,322.44,1,W,5,N
88,101.89,322.74,1,E,5,N
123,267.87,330.57,3,E,5,N
11,216.71,336.67,1,S,3,E
62,227.95,338.47,1,W,3,W
133,276.70,365.84,5,W,5,N
134,301.46,366.14,5,W,5,N
135,305.99,366.44,5,W,5,N
136,308.23,366.74,5,W,5,N
137,316.04,367.04,5,W,5,N
138,320.20,367.34,5,W,5,N
139,327.19,367.64,5,W,5,N
9,195.73,399.60,1,S,5,W
12,227.28,399.90,1,S,5,W
13,232.12,400.20,1,S,5,W
61,223.94,400.50,1,W,5,W
63,236.27,400.80,1,W,5,W
66,263.59,401.10,1,W,5,W
26,371.39,401.60,1,S,1,W
104,379.71,415.78,2,W,3,E
10,215.17,421.74,1,S,5,N
59,214.45,422.04,1,W,5,N
60,216.58,422.34,1,W,5,N
64,237.70,422.64,1,W,5,N
65,240.18,422.94,1,W,5,N
89,253.19,423.24,1,E,5,N
117,335.12,430.67,3,W,5,N
124,391.93,453.70,3,E,5,N
140,387.24,465.74,5,W,5,N
141,391.13,466.04,5,W,5,N
142,424.86,466.34,5,W,5,N
143,428.95,466.64,5,W,5,N
144,437.51,466.94,5,W,5,N
145,461.99,468.13,5,W,5,N
146,472.87,479.01,5,W,5,N
166,405.65,479.74,5,E,5,N
167,413.20,480.04,5,E,5,N
116,323.37,499.50,3,W,5,W
15,282.48,499.80,1,S,5,W
18,289.57,500.10,1,S,5,W
103,358.21,500.40,2,W,5,W
68,337.10,500.70,1,W,5,W
19,302.47,515.50,1,S,5,E
14,252.39,521.64,1,S,5,N
16,283.92,521.94,1,S,5,N
110,390.84,522.24,2,E,5,N
20,307.93,522.54,1,S,5,N
21,337.61,522.84,1,S,5,N
67,330.78,523.14,1,W,5,N
90,311.27,523.44,1,E,5,N
91,386.61,523.74,1,E,5,N
70,439.74,536.87,1,W,3,E
147,479.05,565.64,5,W,5,N
148,483.43,565.94,5,W,5,N
118,448.24,599.40,3,W,5,W
22,338.59,599.70,1,S,5,W
23,347.33,600.00,1,S,5,W
25,367.41,600.30,1,S,5,W
27,373.45,600.60,1,S,5,W
69,401.34,600.90,1,W,5,W
71,442.05,601.20,1,W,5,W
72,448.61,601.50,1,W,5,W
93,438.47,601.80,1,E,5,W
111,543.03,612.77,2,E,3,E
24,354.44,621.54,1,S,5,N
92,422.96,621.84,1,E,5,N
94,495.75,622.14,1,E,5,N
125,528.01,629.97,3,E,5,N
120,527.95,630.27,3,W,5,N
149,578.11,665.54,5,W,5,N
150,656.56,665.84,5,W,5,N
168,620.28,679.54,5,E,5,N
169,641.20,679.84,5,E,5,N
170,667.14,680.14,5,E,5,N
119,509.21,699.30,3,W,5,W
105,503.91,699.60,2,W,5,W
106,538.96,699.90,2,W,5,W
28,514.43,700.20,1,S,5,W
73,472.97,700.50,1,W,5,W
75,559.86,700.80,1,W,5,W
30,650.34,702.80,1,S,1,W
112,613.23,712.87,2,E,3,E
74,555.45,721.44,1,W,5,N
33,678.62,742.62,1,S,2,W
97,693.72,755.91,1,E,3,W
151,688.82,765.44,5,W,5,N
152,723.71,765.74,5,W,5,N
171,704.06,779.44,5,E,5,N
172,709.84,779.74,5,E,5,N
173,716.59,780.04,5,E,5,N
174,718.30,780.34,5,E,5,N
37,695.15,798.40,1,S,3,W
107,648.08,799.20,2,W,5,W
96,669.99,799.50,1,E,5,W
39,713.45,803.20,1,S,1,W
43,721.47,803.50,1,S,1,W
113,763.78,812.97,2,E,3,W
95,646.96,815.20,1,E,5,E
76,660.07,821.34,1,W,5,N
99,700.14,824.10,1,E,5,N
121,787.97,849.74,3,W,5,N
153,860.68,866.81,5,W,5,N
154,866.31,872.44,5,W,5,N
155,870.41,876.54,5,W,5,N
98,695.06,899.10,1,E,5,W
126,740.23,899.40,3,E,5,W
29,647.53,899.70,1,S,5,W
32,663.61,900.00,1,S,5,W
36,693.02,900.30,1,S,5,W
108,764.93,900.60,2,W,5,W
42,721.29,900.90,1,S,5,W
44,724.65,901.20,1,S,5,W
78,709.03,901.50,1,W,5,W
80,766.05,901.80,1,W,5,W
40,713.55,915.10,1,S,5,E
45,850.60,916.40,1,S,1,E
46,858.30,916.70,1,S,1,E
31,656.85,921.24,1,S,5,N
34,684.21,921.54,1,S,5,N
35,686.96,921.84,1,S,5,N
38,698.40,922.14,1,S,5,N
41,717.71,922.44,1,S,5,N
77,667.83,922.74,1,W,5,N
79,713.26,923.04,1,W,5,N
156,881.81,965.24,5,W,5,N
157,887.01,965.54,5,W,5,N
158,889.42,965.84,5,W,5,N
127,872.36,999.00,3,E,5,W
82,833.50,999.30,1,W,5,W
83,837.89,999.60,1,W,5,W
100,849.54,999.90,1,E,5,W
114,883.17,1021.14,2,E,5,N
81,773.72,1021.44,1,W,5,N
101,875.11,1021.74,1,E,5,N
47,865.07,1098.90,1,S,5,W
85,883.49,1099.20,1,W,5,W
48,869.64,1121.04,1,S,5,N
84,875.57,1121.34,1,W,5,N