id,enter_time,exit_time,entrance_intersection,entrance_direction,exit_intersection,exit_direction
128,4.20,66.14,5,W,5,N
129,15.28,66.44,5,W,5,N
168,16.61,80.14,5,E,5,N
2,51.23,100.40,1,S,1,W
114,21.97,130.97,3,W,5,N
3,55.40,139.62,1,S,2,W
130,155.15,166.04,5,W,5,N
131,163.11,169.25,5,W,5,N
132,168.29,174.43,5,W,5,N
52,10.87,199.80,1,W,5,W
83,42.97,215.80,1,E,5,E
99,43.34,221.94,2,W,5,N
0,14.15,222.24,1,S,5,N
51,6.72,222.54,1,W,5,N
53,24.22,222.84,1,W,5,N
54,30.30,223.14,1,W,5,N
55,30.89,223.44,1,W,5,N
84,83.08,223.74,1,E,5,N
85,89.94,224.04,1,E,5,N
122,191.83,253.60,3,E,5,N
133,174.07,265.94,5,W,5,N
134,175.09,266.24,5,W,5,N
135,180.38,266.54,5,W,5,N
136,181.65,266.84,5,W,5,N
137,193.47,267.14,5,W,5,N
138,201.03,267.44,5,W,5,N
139,212.26,267.74,5,W,5,N
140,213.67,268.04,5,W,5,N
141,246.44,268.34,5,W,5,N
142,248.35,268.64,5,W,5,N
169,230.49,279.94,5,E,5,N
170,234.41,280.24,5,E,5,N
1,45.64,299.70,1,S,5,W
107,199.94,300.00,2,E,5,W
86,246.59,300.30,1,E,2,W
171,296.35,302.48,5,E,5,N
172,297.25,303.38,5,E,5,N
6,61.62,315.70,1,S,5,E
4,57.72,321.84,1,S,5,N
5,60.93,322.14,1,S,5,N
100,181.42,322.44,2,W,5,N
56,119.18,322.74,1,W,5,N
115,233.89,330.57,3,W,5,N
123,220.04,330.87,3,E,5,N
60,229.14,337.27,1,W,3,E
143,276.81,365.84,5,W,5,N
144,278.46,366.14,5,W,5,N
145,278.78,366.44,5,W,5,N
146,284.22,366.74,5,W,5,N
173,369.52,379.84,5,E,5,N
174,372.38,380.14,5,E,5,N
58,208.21,399.60,1,W,5,W
62,254.75,399.90,1,W,5,W
63,256.88,400.20,1,W,5,W
57,195.54,421.74,1,W,5,N
59,215.15,422.04,1,W,5,N
61,251.94,422.34,1,W,5,N
87,250.21,422.64,1,E,5,N
12,412.97,427.10,1,S,1,E
89,308.08,437.97,1,E,3,E
147,399.53,465.74,5,W,5,N
175,450.05,479.74,5,E,5,N
176,457.40,480.04,5,E,5,N
67,331.91,499.50,1,W,5,W
90,323.35,499.80,1,E,5,W
9,398.99,502.00,1,S,1,W
14,449.90,502.30,1,S,1,W
91,391.95,509.78,1,E,5,W
17,461.77,514.80,1,S,1,E
108,386.02,515.50,2,E,5,E
7,254.89,521.64,1,S,5,N
64,293.60,521.94,1,W,5,N
65,295.07,522.24,1,W,5,N
66,302.84,522.54,1,W,5,N
88,303.82,522.84,1,E,5,N
124,421.81,530.17,3,E,5,N
19,474.22,541.82,1,S,2,W
125,485.66,547.43,3,E,5,N
148,527.50,565.64,5,W,5,N
149,531.54,565.94,5,W,5,N
150,536.64,566.24,5,W,5,N
151,536.95,566.54,5,W,5,N
152,546.95,566.84,5,W,5,N
153,554.91,567.14,5,W,5,N
16,455.63,598.80,1,S,3,W
10,401.23,599.40,1,S,5,W
109,493.82,599.70,2,E,5,W
93,484.88,602.71,1,E,5,W
8,393.97,621.54,1,S,5,N
101,491.50,621.84,2,W,5,N
11,407.16,622.14,1,S,5,N
13,420.05,622.44,1,S,5,N
68,413.29,622.74,1,W,5,N
69,415.22,623.04,1,W,5,N
70,421.61,623.34,1,W,5,N
92,448.94,623.64,1,E,5,N
94,491.67,623.94,1,E,5,N
22,619.43,633.57,1,S,1,E
154,582.22,665.54,5,W,5,N
155,592.38,665.84,5,W,5,N
156,604.31,666.14,5,W,5,N
157,611.26,666.44,5,W,5,N
158,617.73,666.74,5,W,5,N
159,659.97,667.04,5,W,5,N
116,512.91,699.30,3,W,5,W
15,450.41,699.60,1,S,5,W
28,646.16,702.80,1,S,1,W
35,687.41,703.10,1,S,1,W
37,692.07,706.20,1,S,1,W
31,664.58,715.60,1,S,1,E
18,473.69,721.44,1,S,5,N
20,481.97,721.74,1,S,5,N
102,539.90,722.04,2,W,5,N
103,586.12,722.34,2,W,5,N
71,500.71,722.64,1,W,5,N
72,508.15,722.94,1,W,5,N
73,512.87,723.24,1,W,5,N
74,552.28,723.54,1,W,5,N
77,666.68,738.57,1,W,3,W
29,653.04,742.32,1,S,2,W
126,691.97,753.74,3,E,5,N
160,694.24,765.44,5,W,5,N
161,699.73,765.74,5,W,5,N
162,702.89,766.04,5,W,5,N
177,729.91,779.44,5,E,5,N
32,671.01,798.40,1,S,3,W
21,616.67,799.20,1,S,5,W
24,630.80,799.50,1,S,5,W
76,590.91,799.80,1,W,5,W
42,710.92,800.80,1,S,2,W
95,767.66,801.10,1,E,2,W
44,718.10,803.20,1,S,1,W
46,723.14,803.50,1,S,1,W
25,633.43,815.20,1,S,5,E
110,643.87,821.34,2,E,5,N
104,685.83,821.64,2,W,5,N
111,696.62,821.94,2,E,5,N
23,623.46,822.24,1,S,5,N
75,586.07,822.54,1,W,5,N
127,717.75,829.57,3,E,5,N
117,746.54,829.87,3,W,5,N
163,818.50,865.34,5,W,5,N
164,826.36,865.64,5,W,5,N
165,856.32,865.94,5,W,5,N
178,837.56,879.34,5,E,5,N
179,840.82,879.64,5,E,5,N
180,863.14,879.94,5,E,5,N
118,780.37,899.10,3,W,5,W
33,674.24,899.40,1,S,5,W
38,696.51,899.70,1,S,5,W
39,697.00,900.00,1,S,5,W
105,740.04,900.30,2,W,5,W
45,722.76,900.60,1,S,5,W
49,729.06,900.90,1,S,5,W
78,704.41,901.20,1,W,5,W
96,788.43,906.25,1,E,5,W
36,689.83,915.10,1,S,5,E
26,643.69,921.24,1,S,5,N
27,644.71,921.54,1,S,5,N
30,660.86,921.84,1,S,5,N
34,683.83,922.14,1,S,5,N
40,702.88,922.44,1,S,5,N
112,795.25,922.74,2,E,5,N
41,708.87,923.04,1,S,5,N
43,712.73,923.34,1,S,5,N
47,725.86,923.64,1,S,5,N
48,726.53,923.94,1,S,5,N
50,730.84,924.24,1,S,5,N
79,714.35,924.54,1,W,5,N
119,851.49,929.37,3,W,5,N
121,889.36,951.13,3,W,5,N
166,881.18,965.24,5,W,5,N
167,890.95,965.54,5,W,5,N
120,863.00,999.00,3,W,5,W
81,809.38,999.30,1,W,5,W
82,873.63,1001.00,1,W,2,W
106,843.03,1021.14,2,W,5,N
113,873.54,1021.44,2,E,5,N
80,804.69,1021.74,1,W,5,N
97,804.69,1022.04,1,E,5,N
98,814.73,1022.34,1,E,5,N