id,enter_time,exit_time,entrance_intersection,entrance_direction,exit_intersection,exit_direction
122,4.30,66.14,5,W,5,N
123,4.42,66.44,5,W,5,N
124,25.07,66.74,5,W,5,N
113,6.60,130.97,3,E,5,N
2,5.46,136.17,1,S,3,E
125,122.77,166.04,5,W,5,N
126,159.53,166.34,5,W,5,N
127,164.58,170.72,5,W,5,N
128,170.80,176.94,5,W,5,N
150,166.90,180.04,5,E,5,N
151,169.36,180.34,5,E,5,N
152,176.89,183.03,5,E,5,N
1,3.65,199.80,1,S,5,W
76,81.57,200.10,1,E,5,W
153,194.93,201.06,5,E,5,N
92,51.42,215.80,2,W,5,E
0,1.87,221.94,1,S,5,N
3,9.36,222.24,1,S,5,N
75,13.81,222.54,1,E,5,N
114,187.10,248.87,3,E,5,N
129,177.53,265.94,5,W,5,N
130,183.63,266.24,5,W,5,N
131,222.37,266.54,5,W,5,N
101,184.09,299.70,2,E,5,W
5,134.83,300.00,1,S,5,W
6,136.60,300.30,1,S,5,W
38,154.51,300.60,1,W,5,W
78,179.61,300.90,1,E,5,W
93,151.81,321.84,2,W,5,N
4,132.57,322.14,1,S,5,N
35,66.10,322.44,1,W,5,N
36,145.28,322.74,1,W,5,N
37,150.96,323.04,1,W,5,N
39,161.64,323.34,1,W,5,N
77,157.46,323.64,1,E,5,N
108,213.67,324.43,3,W,5,E
109,275.27,330.91,3,W,5,E
44,208.31,337.57,1,W,3,W
132,359.68,365.84,5,W,5,N
133,364.43,370.57,5,W,5,N
134,368.86,375.00,5,W,5,N
79,198.17,399.60,1,E,5,W
110,275.86,399.90,3,W,5,W
40,168.94,400.20,1,W,5,W
14,321.35,400.40,1,S,2,W
41,170.49,400.50,1,W,5,W
43,181.56,400.80,1,W,5,W
80,203.55,401.10,1,E,5,W
10,300.30,401.60,1,S,1,W
12,307.06,401.90,1,S,1,W
102,267.84,421.74,2,E,5,N
94,279.42,422.04,2,W,5,N
42,175.66,422.34,1,W,5,N
115,375.44,437.21,3,E,5,N
135,374.74,465.74,5,W,5,N
136,425.93,466.04,5,W,5,N
154,413.52,479.74,5,E,5,N
155,422.02,480.04,5,E,5,N
156,429.11,480.34,5,E,5,N
157,450.92,480.64,5,E,5,N
95,330.12,499.50,2,W,5,W
13,311.76,499.80,1,S,5,W
47,360.96,500.10,1,W,5,W
82,329.38,500.40,1,E,5,W
97,457.15,512.97,2,W,3,W
46,284.75,515.50,1,W,5,E
7,282.68,521.64,1,S,5,N
8,289.86,521.94,1,S,5,N
9,297.65,522.24,1,S,5,N
103,370.28,522.54,2,E,5,N
11,304.94,522.84,1,S,5,N
45,277.16,523.14,1,W,5,N
81,315.47,523.44,1,E,5,N
51,437.21,537.47,1,W,3,W
83,420.56,537.77,1,E,3,W
18,483.41,541.82,1,S,2,W
137,492.50,565.64,5,W,5,N
138,541.81,565.94,5,W,5,N
158,520.54,579.64,5,E,5,N
159,531.14,579.94,5,E,5,N
160,543.88,580.24,5,E,5,N
15,473.67,598.80,1,S,3,E
84,430.29,599.40,1,E,5,W
20,499.01,602.40,1,S,1,W
21,503.89,602.70,1,S,1,W
49,376.09,615.40,1,W,5,E
96,455.05,621.54,2,W,5,N
104,424.42,621.84,2,E,5,N
48,368.10,622.14,1,W,5,N
50,437.04,622.44,1,W,5,N
111,553.67,629.97,3,W,5,N
116,504.46,630.27,3,E,5,N
118,517.41,630.57,3,E,5,N
52,469.56,636.67,1,W,3,E
139,658.75,665.54,5,W,5,N
140,663.99,670.13,5,W,5,N
141,664.04,670.18,5,W,5,N
117,509.92,699.30,3,E,5,W
98,505.28,699.60,2,W,5,W
53,482.64,699.90,1,W,5,W
54,488.25,700.20,1,W,5,W
57,533.04,700.50,1,W,5,W
60,556.75,700.80,1,W,5,W
16,477.68,721.44,1,S,5,N
17,477.87,721.74,1,S,5,N
19,490.52,722.04,1,S,5,N
55,502.62,722.34,1,W,5,N
56,517.61,722.64,1,W,5,N
58,544.24,722.94,1,W,5,N
59,550.57,723.24,1,W,5,N
85,536.06,723.54,1,E,5,N
119,642.32,729.77,3,E,5,N
142,674.33,765.44,5,W,5,N
143,700.16,765.74,5,W,5,N
144,710.18,766.04,5,W,5,N
145,715.72,766.34,5,W,5,N
161,713.47,779.44,5,E,5,N
162,716.03,779.74,5,E,5,N
105,621.61,799.20,2,E,5,W
62,619.30,799.50,1,W,5,W
63,624.99,799.80,1,W,5,W
65,628.74,800.10,1,W,5,W
26,778.34,803.20,1,S,1,W
27,783.61,803.50,1,S,1,W
28,786.88,803.80,1,S,1,W
61,615.79,815.20,1,W,5,E
32,807.13,821.26,1,S,1,E
99,652.86,821.34,2,W,5,N
64,625.22,821.64,1,W,5,N
86,629.84,821.94,1,E,5,N
146,831.07,865.34,5,W,5,N
147,841.95,865.64,5,W,5,N
148,846.61,865.94,5,W,5,N
149,848.89,866.24,5,W,5,N
106,770.27,899.10,2,E,5,W
66,692.84,899.40,1,W,5,W
87,771.88,899.70,1,E,5,W
88,782.38,900.20,1,E,5,W
71,808.94,900.90,1,W,2,W
34,827.40,903.60,1,S,1,W
22,642.60,915.10,1,S,5,E
23,655.46,921.24,1,S,5,N
24,660.06,921.54,1,S,5,N
25,662.48,921.84,1,S,5,N
100,710.44,922.14,2,W,5,N
67,704.20,922.44,1,W,5,N
68,750.97,922.74,1,W,5,N
69,758.55,923.04,1,W,5,N
112,845.47,929.37,3,W,5,N
120,834.23,929.67,3,E,5,N
121,878.95,940.72,3,E,5,N
30,794.48,999.00,1,S,5,W
90,892.89,1010.71,1,E,5,W
33,819.29,1015.00,1,S,5,E
29,788.61,1021.14,1,S,5,N
31,796.67,1021.44,1,S,5,N
107,891.63,1021.74,2,E,5,N
70,804.01,1022.04,1,W,5,N
72,814.66,1022.34,1,W,5,N
89,822.90,1022.64,1,E,5,N
91,899.07,1023.03,1,E,5,N
73,873.77,1098.90,1,W,5,W
74,881.48,1121.04,1,W,5,N