id,enter_time,exit_time,entrance_intersection,entrance_direction,exit_intersection,exit_direction
133,5.10,66.14,5,W,5,N
134,8.76,66.44,5,W,5,N
135,19.90,66.74,5,W,5,N
117,54.15,125.13,3,W,5,E
118,58.64,131.57,3,W,5,N
126,82.44,144.21,3,E,5,N
136,75.55,166.04,5,W,5,N
137,83.24,166.34,5,W,5,N
138,90.80,166.64,5,W,5,N
139,131.54,166.94,5,W,5,N
140,157.25,167.24,5,W,5,N
141,161.76,167.89,5,W,5,N
142,169.59,175.72,5,W,5,N
143,170.24,176.38,5,W,5,N
163,163.51,180.04,5,E,5,N
164,165.82,180.34,5,E,5,N
165,166.37,180.64,5,E,5,N
116,11.34,199.80,3,W,5,W
125,53.11,200.10,3,E,5,W
55,137.00,200.20,1,W,2,W
0,2.60,200.40,1,S,5,W
104,19.45,200.70,2,W,5,W
105,73.17,221.94,2,W,5,N
106,76.25,222.24,2,W,5,N
107,186.46,222.53,2,W,3,W
144,180.47,265.94,5,W,5,N
145,180.51,266.24,5,W,5,N
146,210.22,266.54,5,W,5,N
147,217.06,266.84,5,W,5,N
148,223.14,267.14,5,W,5,N
149,228.39,267.44,5,W,5,N
150,229.77,267.74,5,W,5,N
166,229.31,279.94,5,E,5,N
167,260.91,280.24,5,E,5,N
2,92.90,299.70,1,S,5,W
3,99.56,300.00,1,S,5,W
4,127.73,300.30,1,S,5,W
53,76.33,300.60,1,W,5,W
1,89.32,321.84,1,S,5,N
111,184.97,322.14,2,E,5,N
5,129.04,322.44,1,S,5,N
54,83.81,322.74,1,W,5,N
83,135.06,323.04,1,E,5,N
84,153.71,323.34,1,E,5,N
85,166.94,323.64,1,E,5,N
127,206.85,330.57,3,E,5,N
151,287.93,365.84,5,W,5,N
152,295.10,366.14,5,W,5,N
153,355.80,366.44,5,W,5,N
154,362.05,368.19,5,W,5,N
168,356.05,379.84,5,E,5,N
169,378.42,384.56,5,E,5,N
9,360.75,401.60,1,S,1,W
14,385.56,401.90,1,S,1,W
13,379.03,414.40,1,S,1,E
56,204.79,421.74,1,W,5,N
86,240.29,422.04,1,E,5,N
87,265.61,422.34,1,E,5,N
119,306.19,430.37,3,W,5,N
17,392.34,499.00,1,S,3,W
90,325.75,499.50,1,E,5,W
94,445.64,500.50,1,E,2,E
24,425.69,500.50,1,S,2,W
91,384.03,501.85,1,E,5,W
20,401.76,502.00,1,S,1,W
21,410.61,502.30,1,S,1,W
23,418.46,502.60,1,S,1,W
26,429.28,502.90,1,S,1,W
33,451.70,503.20,1,S,1,W
36,459.77,503.50,1,S,1,W
6,276.49,521.64,1,S,5,N
108,320.15,521.94,2,W,5,N
112,379.91,522.24,2,E,5,N
57,294.64,522.54,1,W,5,N
88,304.17,522.84,1,E,5,N
89,318.32,523.14,1,E,5,N
128,432.37,530.17,3,E,5,N
120,414.93,530.47,3,W,5,N
130,444.40,530.77,3,E,5,N
92,415.30,538.97,1,E,3,W
96,462.16,539.87,1,E,3,E
155,494.19,565.64,5,W,5,N
156,522.24,565.94,5,W,5,N
157,532.39,566.24,5,W,5,N
129,438.69,599.40,3,E,5,W
10,369.33,599.70,1,S,5,W
16,387.09,600.00,1,S,5,W
22,415.75,600.30,1,S,5,W
25,429.06,600.60,1,S,5,W
28,431.49,600.90,1,S,5,W
59,385.83,601.20,1,W,5,W
170,595.28,601.41,5,E,5,N
171,595.97,602.10,5,E,5,N
15,386.33,615.40,1,S,5,E
38,604.43,618.57,1,S,1,E
7,356.93,621.54,1,S,5,N
8,357.36,621.84,1,S,5,N
11,369.63,622.14,1,S,5,N
12,375.86,622.44,1,S,5,N
18,398.44,622.74,1,S,5,N
19,399.78,623.04,1,S,5,N
109,440.99,623.34,2,W,5,N
27,429.51,623.64,1,S,5,N
29,436.52,623.94,1,S,5,N
58,381.52,624.24,1,W,5,N
60,464.44,624.54,1,W,5,N
93,437.34,624.84,1,E,5,N
95,452.40,625.14,1,E,5,N
97,497.39,625.44,1,E,5,N
41,618.23,632.36,1,S,1,E
64,554.18,637.57,1,W,3,W
158,573.32,665.54,5,W,5,N
159,577.27,665.84,5,W,5,N
160,584.09,666.14,5,W,5,N
172,625.94,679.54,5,E,5,N
173,644.26,679.84,5,E,5,N
100,532.96,699.30,1,E,5,W
42,620.46,702.80,1,S,1,W
32,448.88,715.30,1,S,5,E
62,538.65,715.60,1,W,5,E
30,441.08,721.44,1,S,5,N
31,448.35,721.74,1,S,5,N
34,453.93,722.04,1,S,5,N
35,457.41,722.34,1,S,5,N
113,556.44,722.64,2,E,5,N
61,472.14,722.94,1,W,5,N
63,552.33,723.24,1,W,5,N
98,506.30,723.54,1,E,5,N
99,512.31,723.84,1,E,5,N
131,659.81,729.77,3,E,5,N
161,714.42,765.44,5,W,5,N
174,757.67,779.44,5,E,5,N
175,759.48,779.74,5,E,5,N
176,790.37,796.50,5,E,5,N
121,650.53,799.20,3,W,5,W
37,599.07,799.50,1,S,5,W
40,618.09,799.80,1,S,5,W
43,636.51,800.10,1,S,5,W
67,604.82,800.40,1,W,5,W
47,779.34,803.20,1,S,1,W
48,784.82,816.00,1,S,1,E
39,615.98,821.34,1,S,5,N
65,597.34,821.64,1,W,5,N
66,599.12,821.94,1,W,5,N
68,658.63,822.24,1,W,5,N
101,605.92,822.54,1,E,5,N
122,767.88,829.65,3,W,5,N
73,749.47,838.07,1,W,3,W
51,794.75,843.02,1,S,2,W
103,783.45,845.64,1,E,3,W
162,820.70,865.34,5,W,5,N
114,718.96,899.10,2,E,5,W
69,680.48,899.40,1,W,5,W
70,688.38,899.70,1,W,5,W
72,734.94,900.00,1,W,5,W
102,779.36,900.30,1,E,5,W
44,639.55,921.24,1,S,5,N
45,648.28,921.54,1,S,5,N
71,696.03,921.84,1,W,5,N
74,754.87,922.14,1,W,5,N
75,767.21,922.44,1,W,5,N
123,884.53,946.30,3,W,5,N
124,886.80,948.57,3,W,5,N
132,894.66,956.43,3,E,5,N
49,786.63,999.00,1,S,5,W
115,897.46,999.30,2,E,5,W
80,843.46,999.60,1,W,5,W
46,773.21,1015.00,1,S,5,E
50,793.60,1021.14,1,S,5,N
52,801.42,1021.44,1,S,5,N
110,822.63,1021.74,2,W,5,N
76,819.91,1022.04,1,W,5,N
77,824.17,1022.34,1,W,5,N
78,829.83,1022.64,1,W,5,N
79,836.01,1022.94,1,W,5,N
82,878.00,1114.90,1,W,5,E
81,870.55,1121.04,1,W,5,N