id,enter_time,exit_time,entrance_intersection,entrance_direction,exit_intersection,exit_direction
160,28.68,66.14,5,W,5,N
161,32.57,66.44,5,W,5,N
162,37.24,66.74,5,W,5,N
163,47.46,67.04,5,W,5,N
164,56.07,67.34,5,W,5,N
165,61.48,67.61,5,W,5,N
166,62.07,68.21,5,W,5,N
129,41.74,112.27,2,W,3,E
151,29.55,131.27,3,E,5,N
167,92.90,166.04,5,W,5,N
168,92.93,166.34,5,W,5,N
169,100.78,166.64,5,W,5,N
150,24.74,199.80,3,E,5,W
130,93.62,221.94,2,W,5,N
68,78.60,236.87,1,W,3,W
70,101.40,237.47,1,W,3,W
6,185.56,241.22,1,S,2,W
153,181.92,243.69,3,E,5,N
170,222.38,265.94,5,W,5,N
183,200.94,279.94,5,E,5,N
8,197.79,299.40,1,S,3,W
152,102.13,299.70,3,E,5,W
139,131.08,300.00,2,E,5,W
10,207.39,300.30,1,S,2,E
132,192.68,300.30,2,W,5,W
0,131.09,300.60,1,S,5,W
67,72.23,300.90,1,W,5,W
113,119.36,301.20,1,E,5,W
131,148.57,315.70,2,W,5,E
69,91.59,321.84,1,W,5,N
71,104.22,322.14,1,W,5,N
111,108.47,322.44,1,E,5,N
112,110.53,322.74,1,E,5,N
154,221.10,330.57,3,E,5,N
144,250.39,330.87,3,W,5,N
2,147.25,399.60,1,S,5,W
5,178.28,399.90,1,S,5,W
7,191.47,400.20,1,S,5,W
9,202.46,400.50,1,S,5,W
12,215.47,400.80,1,S,5,W
73,211.13,401.10,1,W,5,W
74,215.91,401.40,1,W,5,W
75,258.45,401.70,1,W,5,W
133,326.68,412.57,2,W,3,W
134,367.35,412.87,2,W,3,W
21,373.45,414.40,1,S,1,E
1,137.97,421.74,1,S,5,N
3,150.14,422.04,1,S,5,N
4,161.49,422.34,1,S,5,N
11,208.74,422.64,1,S,5,N
13,218.62,422.94,1,S,5,N
14,223.78,423.24,1,S,5,N
72,206.68,423.54,1,W,5,N
171,373.99,465.74,5,W,5,N
172,378.68,466.04,5,W,5,N
184,487.87,494.01,5,E,5,N
19,359.70,499.00,1,S,3,W
145,300.30,499.50,3,W,5,W
185,493.61,499.75,5,E,5,N
76,318.44,499.80,1,W,5,W
78,334.06,500.10,1,W,5,W
79,338.53,500.40,1,W,5,W
82,421.98,500.50,1,W,2,W
114,314.87,500.70,1,E,5,W
84,429.93,500.80,1,W,2,W
35,445.23,514.80,1,S,1,E
40,470.89,515.10,1,S,1,E
41,478.70,515.40,1,S,1,E
140,321.86,521.64,2,E,5,N
77,326.08,521.94,1,W,5,N
80,345.20,522.24,1,W,5,N
115,324.89,522.54,1,E,5,N
116,360.45,522.84,1,E,5,N
155,410.37,530.17,3,E,5,N
156,441.45,530.47,3,E,5,N
81,406.58,538.07,1,W,3,W
173,527.74,565.64,5,W,5,N
174,536.44,565.94,5,W,5,N
186,581.51,587.64,5,E,5,N
36,445.78,598.80,1,S,3,W
33,439.79,598.80,1,S,3,E
16,353.26,599.40,1,S,5,W
18,357.07,599.70,1,S,5,W
22,378.77,600.00,1,S,5,W
23,381.22,600.30,1,S,5,W
24,386.45,600.60,1,S,5,W
28,406.53,600.90,1,S,5,W
32,436.09,601.20,1,S,5,W
83,429.48,601.50,1,W,5,W
85,430.74,601.80,1,W,5,W
86,441.48,602.10,1,W,5,W
15,352.80,621.54,1,S,5,N
17,354.78,621.84,1,S,5,N
20,365.55,622.14,1,S,5,N
25,390.67,622.44,1,S,5,N
26,392.96,622.74,1,S,5,N
27,398.84,623.04,1,S,5,N
135,469.24,623.34,2,W,5,N
29,417.95,623.64,1,S,5,N
30,425.84,623.94,1,S,5,N
31,428.77,624.24,1,S,5,N
117,471.42,624.54,1,E,5,N
118,478.84,624.84,1,E,5,N
43,613.80,627.94,1,S,1,E
146,531.48,629.97,3,W,5,N
47,632.70,646.83,1,S,1,E
175,578.04,665.54,5,W,5,N
176,603.35,665.84,5,W,5,N
187,624.17,679.54,5,E,5,N
188,663.25,679.84,5,E,5,N
147,542.27,699.30,3,W,5,W
34,445.09,699.60,1,S,5,W
37,453.61,699.90,1,S,5,W
39,463.80,700.20,1,S,5,W
141,512.04,700.50,2,E,5,W
44,617.80,700.70,1,S,2,W
89,532.48,700.80,1,W,5,W
95,630.66,701.00,1,W,2,W
91,536.75,701.10,1,W,5,W
88,525.86,715.30,1,W,5,E
38,463.77,721.44,1,S,5,N
142,591.62,721.74,2,E,5,N
87,520.13,722.04,1,W,5,N
90,534.07,722.34,1,W,5,N
92,548.81,722.64,1,W,5,N
177,690.74,765.44,5,W,5,N
178,695.02,765.74,5,W,5,N
179,737.11,766.04,5,W,5,N
180,744.49,766.34,5,W,5,N
157,628.12,799.20,3,E,5,W
148,628.77,799.50,3,W,5,W
42,608.03,799.80,1,S,5,W
46,627.08,800.10,1,S,5,W
48,636.07,800.40,1,S,5,W
99,735.03,800.80,1,W,2,W
45,627.07,821.34,1,S,5,N
93,610.59,821.64,1,W,5,N
94,623.05,821.94,1,W,5,N
96,644.95,822.24,1,W,5,N
97,651.63,822.54,1,W,5,N
119,627.52,822.84,1,E,5,N
120,655.50,823.14,1,E,5,N
121,656.58,823.44,1,E,5,N
122,700.49,824.45,1,E,5,N
125,763.57,838.37,1,E,3,W
181,845.89,865.34,5,W,5,N
182,847.78,865.64,5,W,5,N
189,832.24,879.34,5,E,5,N
190,843.68,879.64,5,E,5,N
191,856.77,879.94,5,E,5,N
192,858.55,880.24,5,E,5,N
143,770.18,899.10,2,E,5,W
98,729.51,899.40,1,W,5,W
101,761.53,899.70,1,W,5,W
126,764.36,900.00,1,E,5,W
128,863.33,900.90,1,E,2,E
56,825.34,900.90,1,S,2,W
53,806.40,903.60,1,S,1,W
54,806.47,903.90,1,S,1,W
61,855.45,904.20,1,S,1,W
137,835.71,913.07,2,W,3,E
63,879.32,916.40,1,S,1,E
136,781.60,921.24,2,W,5,N
100,756.79,921.54,1,W,5,N
123,714.80,921.84,1,E,5,N
124,715.80,922.14,1,E,5,N
149,847.78,929.37,3,W,5,N
158,851.95,929.67,3,E,5,N
159,859.74,929.97,3,E,5,N
49,784.79,999.00,1,S,5,W
104,780.13,999.30,1,W,5,W
106,791.05,999.60,1,W,5,W
127,824.33,999.90,1,E,5,W
110,878.10,1001.00,1,W,2,W
50,790.00,1021.14,1,S,5,N
51,794.19,1021.44,1,S,5,N
52,803.38,1021.74,1,S,5,N
138,893.82,1022.04,2,W,5,N
55,819.54,1022.34,1,S,5,N
57,831.51,1022.64,1,S,5,N
102,769.47,1022.94,1,W,5,N
103,774.70,1023.24,1,W,5,N
105,787.62,1023.54,1,W,5,N
107,853.35,1023.84,1,W,5,N
108,857.99,1024.14,1,W,5,N
58,843.15,1098.90,1,S,5,W
65,890.69,1099.20,1,S,5,W
66,897.61,1099.50,1,S,5,W
109,871.22,1099.80,1,W,5,W
62,860.36,1114.90,1,S,5,E
59,848.81,1121.04,1,S,5,N
60,852.40,1121.34,1,S,5,N
64,883.74,1121.64,1,S,5,N