id,enter_time,exit_time,entrance_intersection,entrance_direction,exit_intersection,exit_direction
2,25.39,39.53,1,S,1,E
117,4.75,66.14,5,W,5,N
118,6.50,66.44,5,W,5,N
119,72.90,79.03,5,W,5,N
146,40.74,80.14,5,E,5,N
147,48.85,80.44,5,E,5,N
1,22.52,100.40,1,S,1,W
4,35.95,100.70,1,S,1,W
5,39.96,101.00,1,S,1,W
7,47.84,101.30,1,S,1,W
3,31.77,136.47,1,S,3,W
120,73.97,166.04,5,W,5,N
121,81.18,166.34,5,W,5,N
122,87.53,166.64,5,W,5,N
123,119.25,166.94,5,W,5,N
124,128.55,167.24,5,W,5,N
125,157.50,167.54,5,W,5,N
6,47.10,199.60,1,S,3,W
0,5.96,199.80,1,S,5,W
75,79.33,200.10,1,E,5,W
76,89.99,207.81,1,E,5,W
77,94.69,221.94,1,E,5,N
95,196.22,232.29,2,E,3,W
38,67.86,236.27,1,W,3,W
148,217.19,279.94,5,E,5,N
149,219.27,280.24,5,E,5,N
150,240.42,280.54,5,E,5,N
151,254.97,280.84,5,E,5,N
40,158.41,299.70,1,W,5,W
45,196.49,300.30,1,W,2,W
46,264.96,300.60,1,W,2,W
39,76.38,321.84,1,W,5,N
78,164.43,322.14,1,E,5,N
107,226.76,330.57,3,E,5,N
101,261.56,330.87,3,W,5,N
126,316.89,365.84,5,W,5,N
127,321.70,366.14,5,W,5,N
128,328.81,366.44,5,W,5,N
129,340.33,366.74,5,W,5,N
130,351.08,367.04,5,W,5,N
131,361.44,367.57,5,W,5,N
108,231.96,399.60,3,E,5,W
8,168.25,399.90,1,S,5,W
10,179.21,400.20,1,S,5,W
48,302.81,400.40,1,W,2,E
41,167.52,400.50,1,W,5,W
42,174.50,400.80,1,W,5,W
47,265.12,401.10,1,W,5,W
12,317.50,401.60,1,S,1,W
14,322.95,401.90,1,S,1,W
15,328.93,402.20,1,S,1,W
9,174.99,421.74,1,S,5,N
11,180.74,422.04,1,S,5,N
43,185.28,422.34,1,W,5,N
44,189.66,422.64,1,W,5,N
16,331.02,436.77,1,S,3,E
132,376.63,465.74,5,W,5,N
133,384.46,466.04,5,W,5,N
134,387.27,466.34,5,W,5,N
135,396.95,466.64,5,W,5,N
136,400.14,466.94,5,W,5,N
152,474.29,480.43,5,E,5,N
102,331.22,499.50,3,W,5,W
96,334.81,499.80,2,E,5,W
13,318.16,500.10,1,S,5,W
79,318.17,500.40,1,E,5,W
82,453.61,500.50,1,E,2,W
19,498.33,512.47,1,S,1,W
91,365.86,521.64,2,W,5,N
97,376.50,521.94,2,E,5,N
49,346.16,522.24,1,W,5,N
80,359.75,522.54,1,E,5,N
109,407.98,530.17,3,E,5,N
110,438.22,530.47,3,E,5,N
137,523.77,565.64,5,W,5,N
81,396.72,599.40,1,E,5,W
103,434.41,599.70,3,W,5,W
92,412.50,600.00,2,W,5,W
52,434.62,600.30,1,W,5,W
53,441.97,615.40,1,W,5,E
50,401.55,621.54,1,W,5,N
51,407.15,621.84,1,W,5,N
54,449.22,622.14,1,W,5,N
55,456.48,622.44,1,W,5,N
83,468.34,622.74,1,E,5,N
28,551.79,641.92,1,S,2,W
111,587.55,649.32,3,E,5,N
138,661.72,667.85,5,W,5,N
139,667.55,673.69,5,W,5,N
140,672.29,678.43,5,W,5,N
153,676.36,682.50,5,E,5,N
104,516.09,699.30,3,W,5,W
17,488.72,699.60,1,S,5,W
18,490.35,699.90,1,S,5,W
22,506.10,700.20,1,S,5,W
23,517.91,700.50,1,S,5,W
62,578.69,700.70,1,W,2,W
24,525.37,700.80,1,S,5,W
56,543.41,701.10,1,W,5,W
58,550.07,701.40,1,W,5,W
31,693.70,707.84,1,S,1,W
20,504.32,721.44,1,S,5,N
21,504.63,721.74,1,S,5,N
98,539.58,722.04,2,E,5,N
93,535.58,722.34,2,W,5,N
25,531.92,722.64,1,S,5,N
57,545.94,722.94,1,W,5,N
59,564.31,723.24,1,W,5,N
84,508.04,723.54,1,E,5,N
85,542.76,723.84,1,E,5,N
86,585.69,724.14,1,E,5,N
87,589.53,724.44,1,E,5,N
64,646.82,737.67,1,W,3,W
30,690.91,742.02,1,S,2,E
141,678.33,765.44,5,W,5,N
142,688.48,765.74,5,W,5,N
27,550.13,799.20,1,S,5,W
94,660.71,799.50,2,W,5,W
60,569.21,799.80,1,W,5,W
67,662.68,800.10,1,W,5,W
61,574.26,815.20,1,W,5,E
26,546.62,821.34,1,S,5,N
63,585.57,821.64,1,W,5,N
65,653.22,821.94,1,W,5,N
66,660.14,822.24,1,W,5,N
88,602.51,822.54,1,E,5,N
89,670.45,822.84,1,E,5,N
105,717.43,829.57,3,W,5,N
112,739.94,829.87,3,E,5,N
106,729.01,830.17,3,W,5,N
35,739.38,837.17,1,S,3,W
70,755.80,838.07,1,W,3,W
114,780.13,841.90,3,E,5,N
143,801.81,865.34,5,W,5,N
144,804.74,865.64,5,W,5,N
145,804.86,865.94,5,W,5,N
113,773.72,899.10,3,E,5,W
29,684.69,899.40,1,S,5,W
34,732.40,899.70,1,S,5,W
154,893.85,899.99,5,E,5,N
155,898.99,905.12,5,E,5,N
32,701.20,921.24,1,S,5,N
33,704.19,921.54,1,S,5,N
99,715.33,921.84,2,E,5,N
68,677.27,922.14,1,W,5,N
69,740.28,922.44,1,W,5,N
115,800.46,929.37,3,E,5,N
116,804.56,929.67,3,E,5,N
71,768.51,936.97,1,W,3,E
90,794.90,999.00,1,E,5,W
74,837.96,999.30,1,W,5,W
100,816.94,1021.14,2,E,5,N
72,770.62,1021.44,1,W,5,N
73,785.78,1021.74,1,W,5,N
37,865.19,1098.90,1,S,5,W
36,860.99,1121.04,1,S,5,N