id,enter_time,exit_time,entrance_intersection,entrance_direction,exit_intersection,exit_direction
105,7.76,66.14,5,W,5,N
106,11.96,66.44,5,W,5,N
107,50.47,66.74,5,W,5,N
108,56.54,67.04,5,W,5,N
0,4.57,100.10,1,S,2,W
96,11.78,131.27,3,E,5,N
34,5.76,136.17,1,W,3,W
109,84.86,166.04,5,W,5,N
110,91.30,166.34,5,W,5,N
111,119.63,166.64,5,W,5,N
112,145.93,166.94,5,W,5,N
95,6.11,199.80,3,E,5,W
80,17.08,200.10,2,W,5,W
37,90.09,200.20,1,W,2,W
1,151.01,200.80,1,S,1,W
2,158.15,213.60,1,S,1,E
81,60.72,221.94,2,W,5,N
35,33.07,222.24,1,W,5,N
66,14.37,222.54,1,E,5,N
98,173.29,235.06,3,E,5,N
113,212.23,265.94,5,W,5,N
114,213.08,266.24,5,W,5,N
133,271.81,279.94,5,E,5,N
97,139.19,299.70,3,E,5,W
70,271.65,300.30,1,E,2,W
36,85.46,315.70,1,W,5,E
85,162.83,321.84,2,E,5,N
82,155.15,322.14,2,W,5,N
38,146.93,322.44,1,W,5,N
67,128.85,322.74,1,E,5,N
91,295.49,357.26,3,W,5,N
115,279.54,365.84,5,W,5,N
99,299.36,399.60,3,E,5,W
3,174.14,399.90,1,S,5,W
6,178.83,400.20,1,S,5,W
8,188.60,400.50,1,S,5,W
41,256.07,400.80,1,W,5,W
11,332.63,401.60,1,S,1,W
12,340.18,401.90,1,S,1,W
17,359.42,402.20,1,S,1,W
16,356.62,414.40,1,S,1,E
40,250.62,415.60,1,W,5,E
4,175.30,421.74,1,S,5,N
5,177.62,422.04,1,S,5,N
7,186.70,422.34,1,S,5,N
9,191.06,422.64,1,S,5,N
83,248.54,422.94,2,W,5,N
39,242.72,423.24,1,W,5,N
68,206.09,423.54,1,E,5,N
69,229.16,423.84,1,E,5,N
116,399.63,465.74,5,W,5,N
117,408.80,466.04,5,W,5,N
134,480.46,486.59,5,E,5,N
86,317.56,499.50,2,E,5,W
21,505.05,519.19,1,S,1,E
10,324.83,521.64,1,S,5,N
42,294.19,521.94,1,W,5,N
43,319.86,522.24,1,W,5,N
44,324.18,522.54,1,W,5,N
71,342.45,522.84,1,E,5,N
72,357.70,523.14,1,E,5,N
73,394.09,523.44,1,E,5,N
100,436.92,530.17,3,E,5,N
20,499.28,541.22,1,S,2,W
118,516.36,565.64,5,W,5,N
119,521.76,565.94,5,W,5,N
120,528.45,566.24,5,W,5,N
121,534.23,566.54,5,W,5,N
122,560.82,566.96,5,W,5,N
123,562.90,569.03,5,W,5,N
124,565.33,571.47,5,W,5,N
101,442.28,599.40,3,E,5,W
87,483.80,599.70,2,E,5,W
74,408.24,600.00,1,E,5,W
25,533.62,600.60,1,S,2,E
13,347.45,621.54,1,S,5,N
14,348.70,621.84,1,S,5,N
15,351.38,622.14,1,S,5,N
18,366.18,622.44,1,S,5,N
45,412.24,622.74,1,W,5,N
46,414.50,623.04,1,W,5,N
27,547.37,641.62,1,S,2,E
28,552.34,641.92,1,S,2,W
125,625.13,665.54,5,W,5,N
135,675.13,681.27,5,E,5,N
92,553.75,699.30,3,W,5,W
50,510.28,699.60,1,W,5,W
75,532.18,699.90,1,E,5,W
47,481.79,715.30,1,W,5,E
19,498.98,721.44,1,S,5,N
22,511.39,721.74,1,S,5,N
23,518.20,722.04,1,S,5,N
24,524.77,722.34,1,S,5,N
48,489.29,722.64,1,W,5,N
49,503.23,722.94,1,W,5,N
93,602.91,729.77,3,W,5,N
102,651.43,730.07,3,E,5,N
126,734.75,765.44,5,W,5,N
127,742.03,765.74,5,W,5,N
136,786.94,793.08,5,E,5,N
103,689.26,799.20,3,E,5,W
26,540.45,799.50,1,S,5,W
30,576.41,799.80,1,S,5,W
53,658.96,800.10,1,W,5,W
57,692.42,800.80,1,W,2,E
33,745.29,803.20,1,S,1,W
29,562.99,821.34,1,S,5,N
31,596.72,821.64,1,S,5,N
84,633.41,821.94,2,W,5,N
88,677.60,822.24,2,E,5,N
51,613.63,822.54,1,W,5,N
52,619.96,822.84,1,W,5,N
76,640.69,823.14,1,E,5,N
54,671.20,837.17,1,W,3,W
77,713.86,838.67,1,E,3,E
128,776.33,865.34,5,W,5,N
129,835.66,865.64,5,W,5,N
130,839.84,865.94,5,W,5,N
131,840.61,866.24,5,W,5,N
132,860.15,866.29,5,W,5,N
137,806.61,879.34,5,E,5,N
55,677.17,899.10,1,W,5,W
59,740.35,899.40,1,W,5,W
78,786.57,915.10,1,E,5,E
89,721.78,921.24,2,E,5,N
32,736.37,921.54,1,S,5,N
56,686.91,921.84,1,W,5,N
58,697.84,922.14,1,W,5,N
94,814.71,999.00,3,W,5,W
104,893.13,999.30,3,E,5,W
64,865.42,999.60,1,W,5,W
90,831.25,1021.14,2,E,5,N
60,834.01,1021.44,1,W,5,N
61,841.96,1021.74,1,W,5,N
62,848.66,1022.04,1,W,5,N
63,859.40,1022.34,1,W,5,N
79,891.01,1022.64,1,E,5,N
65,881.30,1121.04,1,W,5,N