id,enter_time,exit_time,entrance_intersection,entrance_direction,exit_intersection,exit_direction
130,7.37,80.14,5,E,5,N
0,6.71,100.40,1,S,1,W
4,33.75,100.70,1,S,1,W
87,22.60,130.97,3,E,5,N
79,25.57,131.27,3,W,5,N
80,62.49,131.57,3,W,5,N
3,23.22,136.77,1,S,3,E
81,78.01,139.78,3,W,5,N
97,111.42,166.04,5,W,5,N
98,160.26,166.40,5,W,5,N
88,86.11,199.80,3,E,5,W
73,72.87,200.10,2,E,5,W
2,15.71,200.40,1,S,5,W
1,12.17,221.94,1,S,5,N
5,35.71,222.24,1,S,5,N
27,48.60,222.54,1,W,5,N
89,114.32,230.77,3,E,5,N
28,133.22,236.27,1,W,3,E
50,112.93,236.57,1,E,3,E
7,196.89,240.02,1,S,2,W
14,225.93,240.07,1,S,1,E
99,217.59,265.94,5,W,5,N
100,251.74,266.24,5,W,5,N
101,256.30,266.54,5,W,5,N
90,187.02,299.70,3,E,5,W
67,137.17,300.00,2,W,5,W
54,261.54,300.30,1,E,2,W
52,178.82,300.30,1,E,5,W
10,206.53,301.20,1,S,1,W
11,210.67,301.50,1,S,1,W
51,134.98,315.70,1,E,5,E
74,121.43,321.84,2,E,5,N
68,146.30,322.14,2,W,5,N
69,178.49,322.44,2,W,5,N
53,209.15,338.17,1,E,3,E
102,281.54,365.84,5,W,5,N
103,282.52,366.14,5,W,5,N
104,289.62,366.44,5,W,5,N
105,358.75,366.74,5,W,5,N
106,365.84,371.97,5,W,5,N
107,372.06,378.20,5,W,5,N
131,300.45,379.84,5,E,5,N
132,323.87,380.14,5,E,5,N
6,192.83,399.60,1,S,5,W
8,201.78,399.90,1,S,5,W
30,191.09,400.20,1,W,5,W
32,295.67,400.40,1,W,2,E
56,329.07,400.40,1,E,2,W
75,287.37,421.74,2,E,5,N
9,206.42,422.04,1,S,5,N
12,212.99,422.34,1,S,5,N
13,219.63,422.64,1,S,5,N
15,228.58,422.94,1,S,5,N
29,165.73,423.24,1,W,5,N
91,340.51,430.37,3,E,5,N
108,374.92,465.74,5,W,5,N
109,381.98,466.04,5,W,5,N
110,390.19,466.34,5,W,5,N
111,399.56,466.64,5,W,5,N
112,403.95,466.94,5,W,5,N
113,410.53,467.24,5,W,5,N
114,415.83,467.54,5,W,5,N
115,425.76,467.84,5,W,5,N
116,433.94,468.14,5,W,5,N
117,469.19,475.32,5,W,5,N
118,471.72,477.86,5,W,5,N
82,330.76,499.50,3,W,5,W
83,381.56,499.80,3,W,5,W
33,354.21,515.50,1,W,5,E
31,285.81,521.64,1,W,5,N
55,305.42,521.94,1,E,5,N
57,376.31,522.24,1,E,5,N
93,453.76,530.47,3,E,5,N
84,469.48,531.25,3,W,5,N
94,482.87,544.64,3,E,5,N
119,498.37,565.64,5,W,5,N
120,508.01,565.94,5,W,5,N
121,514.85,566.24,5,W,5,N
122,552.72,566.54,5,W,5,N
92,417.98,599.40,3,E,5,W
35,415.11,599.70,1,W,5,W
18,521.10,602.40,1,S,1,W
16,397.96,621.54,1,S,5,N
76,460.40,621.84,2,E,5,N
34,409.68,622.14,1,W,5,N
58,444.58,622.44,1,E,5,N
85,528.18,629.97,3,W,5,N
19,527.87,636.97,1,S,3,W
123,649.61,665.54,5,W,5,N
124,661.00,667.13,5,W,5,N
125,661.26,667.40,5,W,5,N
133,623.40,679.54,5,E,5,N
17,520.64,699.30,1,S,5,W
39,558.35,699.60,1,W,5,W
134,697.70,703.84,5,E,5,N
71,656.56,712.87,2,W,3,W
70,507.15,721.44,2,W,5,N
20,535.51,721.74,1,S,5,N
36,481.96,722.04,1,W,5,N
37,489.83,722.34,1,W,5,N
38,495.33,722.64,1,W,5,N
59,548.81,722.94,1,E,5,N
60,591.90,723.24,1,E,5,N
95,616.58,729.77,3,E,5,N
43,640.42,737.67,1,W,3,E
22,678.00,741.72,1,S,2,W
126,728.28,765.44,5,W,5,N
127,733.19,765.74,5,W,5,N
135,721.00,779.44,5,E,5,N
136,791.99,798.13,5,E,5,N
40,622.84,799.20,1,W,5,W
42,632.65,799.50,1,W,5,W
44,645.37,799.80,1,W,5,W
45,649.38,800.10,1,W,5,W
61,633.71,800.40,1,E,5,W
72,706.51,812.97,2,W,3,E
46,657.15,815.20,1,W,5,E
21,541.49,821.34,1,S,5,N
77,646.76,821.64,2,E,5,N
41,625.20,821.94,1,W,5,N
62,644.22,822.24,1,E,5,N
63,678.78,822.54,1,E,5,N
86,732.33,829.57,3,W,5,N
128,775.24,865.34,5,W,5,N
129,815.92,865.64,5,W,5,N
137,865.30,879.34,5,E,5,N
138,870.89,879.64,5,E,5,N
23,690.50,899.10,1,S,5,W
24,696.43,899.40,1,S,5,W
48,756.42,899.70,1,W,5,W
139,894.42,900.55,5,E,5,N
78,832.28,913.07,2,E,3,E
25,700.84,921.24,1,S,5,N
26,703.43,921.54,1,S,5,N
47,729.72,921.84,1,W,5,N
64,757.18,922.14,1,E,5,N
96,827.15,929.37,3,E,5,N
66,823.22,999.00,1,E,5,W
49,836.65,1021.14,1,W,5,N
65,816.78,1021.44,1,E,5,N