id,enter_time,exit_time,entrance_intersection,entrance_direction,exit_intersection,exit_direction
125,5.35,66.14,5,W,5,N
126,8.09,66.44,5,W,5,N
127,40.57,66.74,5,W,5,N
128,63.81,69.95,5,W,5,N
151,17.85,80.14,5,E,5,N
152,61.30,80.44,5,E,5,N
153,66.66,80.74,5,E,5,N
73,74.07,100.19,1,E,2,W
2,31.19,100.40,1,S,1,W
104,1.17,130.97,3,W,5,N
1,26.56,136.17,1,S,3,E
112,80.40,142.17,3,E,5,N
129,166.30,172.44,5,W,5,N
130,169.34,175.47,5,W,5,N
131,172.94,179.08,5,W,5,N
111,6.93,199.80,3,E,5,W
0,3.65,200.10,1,S,5,W
42,98.53,200.20,1,W,2,W
38,7.20,200.40,1,W,5,W
40,30.69,200.70,1,W,5,W
72,17.80,201.00,1,E,5,W
39,15.92,221.94,1,W,5,N
114,148.65,224.93,3,E,5,E
113,143.93,230.77,3,E,5,N
132,179.09,265.94,5,W,5,N
133,214.71,266.24,5,W,5,N
134,245.39,266.54,5,W,5,N
154,282.86,289.00,5,E,5,N
155,287.82,293.95,5,E,5,N
115,153.09,299.70,3,E,5,W
99,172.64,300.00,2,E,5,W
46,150.81,300.30,1,W,5,W
156,299.21,305.35,5,E,5,N
7,290.95,314.00,1,S,1,E
41,96.35,321.84,1,W,5,N
43,100.23,322.14,1,W,5,N
44,126.68,322.44,1,W,5,N
45,147.37,322.74,1,W,5,N
47,156.68,323.04,1,W,5,N
74,148.27,323.34,1,E,5,N
105,205.60,330.57,3,W,5,N
48,172.30,336.37,1,W,3,W
135,332.29,365.84,5,W,5,N
136,339.46,366.14,5,W,5,N
50,184.64,399.60,1,W,5,W
52,226.69,399.90,1,W,5,W
75,203.80,400.20,1,E,5,W
3,149.68,421.74,1,S,5,N
4,151.37,422.04,1,S,5,N
5,158.97,422.34,1,S,5,N
49,177.48,422.64,1,W,5,N
51,222.28,422.94,1,W,5,N
76,216.32,423.24,1,E,5,N
117,383.74,445.51,3,E,5,N
118,388.75,450.52,3,E,5,N
119,393.90,455.67,3,E,5,N
137,468.25,474.39,5,W,5,N
138,472.85,478.98,5,W,5,N
116,331.72,499.50,3,E,5,W
55,368.62,500.50,1,W,2,W
57,389.46,500.80,1,W,2,W
77,414.47,501.10,1,E,2,W
11,476.79,502.00,1,S,1,W
6,286.50,515.50,1,S,5,E
100,360.76,521.64,2,E,5,N
89,368.54,521.94,2,W,5,N
53,283.40,522.24,1,W,5,N
54,288.80,522.54,1,W,5,N
106,434.33,530.17,3,W,5,N
9,463.56,541.22,1,S,2,W
139,505.08,565.64,5,W,5,N
140,540.26,565.94,5,W,5,N
141,546.91,566.24,5,W,5,N
157,501.58,579.64,5,E,5,N
158,509.53,579.94,5,E,5,N
159,514.90,580.24,5,E,5,N
160,516.80,580.54,5,E,5,N
161,583.10,589.24,5,E,5,N
90,422.23,599.40,2,W,5,W
91,474.65,599.70,2,W,5,W
56,375.85,600.00,1,W,5,W
58,393.72,600.30,1,W,5,W
59,472.25,600.60,1,W,2,W
16,506.28,602.40,1,S,1,W
78,490.46,615.40,1,E,5,E
79,493.60,621.54,1,E,5,N
107,551.57,629.97,3,W,5,N
108,552.43,630.27,3,W,5,N
142,579.10,665.54,5,W,5,N
143,610.49,665.84,5,W,5,N
162,680.54,686.68,5,E,5,N
163,683.11,689.24,5,E,5,N
12,483.69,699.30,1,S,5,W
14,502.57,699.60,1,S,5,W
102,596.85,699.90,2,E,5,W
60,538.65,700.20,1,W,5,W
80,509.12,700.50,1,E,5,W
81,566.34,700.80,1,E,5,W
18,650.27,702.80,1,S,1,W
20,670.08,703.10,1,S,1,W
21,671.09,703.40,1,S,1,W
24,690.11,704.24,1,S,1,W
8,463.55,721.44,1,S,5,N
10,469.66,721.74,1,S,5,N
13,491.41,722.04,1,S,5,N
15,502.89,722.34,1,S,5,N
92,529.15,722.64,2,W,5,N
101,532.21,722.94,2,E,5,N
82,571.29,723.24,1,E,5,N
120,626.82,729.77,3,E,5,N
121,631.36,730.07,3,E,5,N
62,628.43,737.07,1,W,3,E
26,698.80,743.22,1,S,2,W
164,724.10,779.44,5,E,5,N
165,745.33,779.74,5,E,5,N
109,620.35,799.20,3,W,5,W
110,691.88,799.50,3,W,5,W
93,659.87,799.80,2,W,5,W
61,614.98,800.10,1,W,5,W
83,627.85,800.40,1,E,5,W
63,635.21,821.34,1,W,5,N
66,749.56,837.77,1,W,3,W
144,801.03,865.34,5,W,5,N
145,812.33,865.64,5,W,5,N
146,812.71,865.94,5,W,5,N
147,814.91,866.24,5,W,5,N
148,852.92,866.54,5,W,5,N
22,677.45,899.10,1,S,5,W
23,684.43,899.40,1,S,5,W
25,694.91,899.70,1,S,5,W
103,771.38,900.00,2,E,5,W
65,743.45,900.30,1,W,5,W
84,737.71,900.60,1,E,5,W
28,845.51,903.60,1,S,1,W
19,657.12,915.10,1,S,5,E
64,675.37,915.40,1,W,5,E
17,649.55,921.24,1,S,5,N
94,748.32,921.54,2,W,5,N
95,794.36,921.84,2,W,5,N
27,705.56,922.14,1,S,5,N
122,838.57,929.37,3,E,5,N
123,843.06,929.67,3,E,5,N
124,847.20,929.97,3,E,5,N
70,795.89,937.87,1,W,3,E
149,882.43,965.24,5,W,5,N
150,886.48,965.54,5,W,5,N
37,882.04,998.00,1,S,3,E
34,865.62,998.00,1,S,3,W
67,777.48,999.00,1,W,5,W
69,790.83,999.30,1,W,5,W
85,803.93,999.60,1,E,5,W
98,869.07,1015.00,2,W,5,E
96,816.23,1021.14,2,W,5,N
97,820.00,1021.44,2,W,5,N
68,784.66,1021.74,1,W,5,N
71,833.57,1022.04,1,W,5,N
86,808.75,1022.34,1,E,5,N
87,852.74,1022.64,1,E,5,N
88,862.48,1022.94,1,E,5,N
29,849.95,1121.04,1,S,5,N
30,850.45,1121.34,1,S,5,N
31,855.90,1121.64,1,S,5,N
32,859.93,1121.94,1,S,5,N
33,862.72,1122.24,1,S,5,N
35,870.89,1122.54,1,S,5,N
36,875.54,1122.84,1,S,5,N