id,enter_time,exit_time,entrance_intersection,entrance_direction,exit_intersection,exit_direction
127,31.26,66.14,5,W,5,N
162,59.47,80.14,5,E,5,N
163,73.72,80.44,5,E,5,N
0,3.61,100.40,1,S,1,W
3,15.33,100.70,1,S,1,W
10,67.50,101.00,1,S,1,W
116,5.58,130.97,3,E,5,N
118,17.92,131.57,3,E,5,N
119,25.51,131.87,3,E,5,N
4,31.72,136.77,1,S,3,W
5,39.83,139.32,1,S,2,W
128,127.10,166.04,5,W,5,N
129,131.60,166.34,5,W,5,N
130,138.60,166.64,5,W,5,N
107,64.90,199.80,3,W,5,W
117,10.51,200.10,3,E,5,W
120,29.84,200.40,3,E,5,W
1,12.03,200.70,1,S,5,W
18,143.14,200.80,1,S,1,W
2,13.24,201.00,1,S,5,W
23,165.00,201.10,1,S,1,W
27,191.51,205.65,1,S,1,W
26,180.12,213.60,1,S,1,E
108,105.95,230.77,3,W,5,N
109,110.80,231.07,3,W,5,N
110,120.84,231.37,3,W,5,N
50,67.57,237.77,1,W,3,E
111,178.62,240.39,3,W,5,N
131,197.74,265.94,5,W,5,N
132,199.65,266.24,5,W,5,N
22,161.00,299.40,1,S,3,E
80,96.43,299.70,1,E,5,W
81,100.24,300.00,1,E,5,W
121,101.24,300.30,3,E,5,W
7,54.07,300.60,1,S,5,W
8,54.19,300.90,1,S,5,W
29,200.47,301.20,1,S,1,W
9,61.72,301.20,1,S,5,W
11,98.91,301.50,1,S,5,W
95,151.34,301.80,2,W,5,W
14,134.72,302.10,1,S,5,W
16,135.99,315.70,1,S,5,E
6,46.88,321.84,1,S,5,N
94,100.19,322.14,2,W,5,N
101,102.02,322.44,2,E,5,N
12,108.45,322.74,1,S,5,N
13,111.93,323.04,1,S,5,N
15,135.83,323.34,1,S,5,N
51,119.57,323.64,1,W,5,N
52,120.02,323.94,1,W,5,N
82,150.37,324.24,1,E,5,N
133,330.68,365.84,5,W,5,N
164,370.71,379.84,5,E,5,N
165,389.15,395.29,5,E,5,N
122,284.92,399.60,3,E,5,W
20,151.00,399.90,1,S,5,W
21,154.34,400.20,1,S,5,W
28,192.90,400.50,1,S,5,W
30,206.17,400.80,1,S,5,W
31,216.54,401.10,1,S,5,W
53,183.31,401.40,1,W,5,W
24,172.08,415.60,1,S,5,E
102,238.47,415.90,2,E,5,E
17,138.24,421.74,1,S,5,N
19,149.05,422.04,1,S,5,N
25,179.24,422.34,1,S,5,N
54,190.89,422.64,1,W,5,N
55,196.25,422.94,1,W,5,N
56,204.14,423.24,1,W,5,N
83,230.04,423.54,1,E,5,N
134,459.09,465.74,5,W,5,N
135,463.70,469.84,5,W,5,N
136,469.30,475.44,5,W,5,N
60,338.56,499.50,1,W,5,W
84,339.44,499.80,1,E,5,W
65,391.19,500.50,1,W,2,W
87,488.99,515.10,1,E,2,W
103,339.03,515.50,2,E,5,E
57,287.61,521.64,1,W,5,N
58,289.54,521.94,1,W,5,N
59,331.98,522.24,1,W,5,N
61,344.82,522.54,1,W,5,N
62,349.74,522.84,1,W,5,N
63,357.43,523.14,1,W,5,N
85,344.97,523.44,1,E,5,N
113,469.19,530.96,3,W,5,N
67,456.94,537.77,1,W,3,E
114,485.83,547.60,3,W,5,N
123,486.39,548.16,3,E,5,N
137,480.80,565.64,5,W,5,N
138,486.23,565.94,5,W,5,N
139,488.37,566.24,5,W,5,N
140,494.66,566.54,5,W,5,N
141,535.12,566.84,5,W,5,N
142,539.67,567.14,5,W,5,N
143,540.96,567.44,5,W,5,N
144,545.36,567.74,5,W,5,N
145,572.86,578.99,5,W,5,N
112,431.29,599.40,3,W,5,W
33,406.62,599.70,1,S,5,W
64,371.12,600.00,1,W,5,W
35,540.18,602.40,1,S,1,W
37,550.38,602.70,1,S,1,W
32,399.27,621.54,1,S,5,N
34,411.89,621.84,1,S,5,N
66,400.84,622.14,1,W,5,N
86,465.85,622.44,1,E,5,N
146,590.87,665.54,5,W,5,N
147,595.25,665.84,5,W,5,N
148,602.89,666.14,5,W,5,N
149,605.95,666.44,5,W,5,N
150,631.93,666.74,5,W,5,N
151,634.94,667.04,5,W,5,N
152,642.49,667.34,5,W,5,N
166,599.91,679.54,5,E,5,N
69,520.51,699.30,1,W,5,W
71,615.71,700.70,1,W,2,E
104,529.78,721.44,2,E,5,N
96,530.01,721.74,2,W,5,N
68,514.31,722.04,1,W,5,N
124,633.98,723.63,3,E,5,E
125,639.21,730.07,3,E,5,N
115,692.78,754.55,3,W,5,N
153,682.84,765.44,5,W,5,N
154,689.57,765.74,5,W,5,N
155,696.31,766.04,5,W,5,N
156,702.82,766.34,5,W,5,N
157,713.41,766.64,5,W,5,N
167,782.54,788.67,5,E,5,N
36,542.86,799.20,1,S,5,W
38,556.60,799.50,1,S,5,W
88,677.57,799.80,1,E,5,W
42,727.71,800.80,1,S,2,W
44,741.53,816.00,1,S,1,E
97,676.41,821.34,2,W,5,N
70,579.69,821.64,1,W,5,N
72,620.20,821.94,1,W,5,N
158,842.19,865.34,5,W,5,N
159,872.47,878.61,5,W,5,N
40,692.00,899.10,1,S,5,W
98,730.23,899.40,2,W,5,W
43,736.22,899.70,1,S,5,W
73,698.96,900.00,1,W,5,W
74,703.98,900.30,1,W,5,W
92,822.08,900.90,1,E,2,W
39,686.01,921.24,1,S,5,N
41,698.39,921.54,1,S,5,N
105,706.95,921.84,2,E,5,N
106,766.40,922.14,2,E,5,N
99,778.03,922.44,2,W,5,N
89,741.76,922.74,1,E,5,N
126,809.94,929.37,3,E,5,N
160,880.61,965.24,5,W,5,N
161,892.24,965.54,5,W,5,N
48,757.40,999.00,1,S,5,W
100,831.48,999.30,2,W,5,W
75,794.07,999.60,1,W,5,W
79,833.20,999.90,1,W,5,W
91,814.96,1000.20,1,E,5,W
90,802.24,1021.14,1,E,5,N
45,746.98,1021.44,1,S,5,N
46,747.20,1021.74,1,S,5,N
47,751.23,1022.04,1,S,5,N
76,804.70,1022.34,1,W,5,N
77,807.93,1022.64,1,W,5,N
78,820.17,1022.94,1,W,5,N
93,837.69,1023.24,1,E,5,N
49,896.48,1114.90,1,S,5,E