id,enter_time,exit_time,entrance_intersection,entrance_direction,exit_intersection,exit_direction
100,10.39,66.14,5,W,5,N
101,13.50,66.44,5,W,5,N
102,110.47,166.04,5,W,5,N
103,144.33,166.34,5,W,5,N
90,7.82,199.80,3,E,5,W
84,65.55,200.10,3,W,5,W
28,53.57,200.40,1,W,5,W
78,85.07,221.94,2,E,5,N
30,163.35,236.87,1,W,3,W
104,241.57,265.94,5,W,5,N
105,250.44,266.24,5,W,5,N
106,265.42,271.55,5,W,5,N
107,273.02,279.16,5,W,5,N
91,133.14,299.70,3,E,5,W
85,161.46,300.00,3,W,5,W
29,77.80,300.30,1,W,5,W
130,299.48,305.62,5,E,5,N
67,136.24,321.84,2,W,5,N
79,191.40,322.14,2,E,5,N
0,115.99,322.44,1,S,5,N
9,309.09,323.22,1,S,1,E
86,270.55,332.32,3,W,5,N
31,223.74,336.37,1,W,3,E
87,290.97,352.74,3,W,5,N
108,275.69,365.84,5,W,5,N
109,281.62,366.14,5,W,5,N
110,355.45,366.44,5,W,5,N
131,303.46,379.84,5,E,5,N
132,308.66,380.14,5,E,5,N
3,143.94,399.60,1,S,5,W
68,266.53,399.90,2,W,5,W
1,138.36,421.74,1,S,5,N
2,138.63,422.04,1,S,5,N
57,256.62,422.34,1,E,5,N
92,362.20,430.37,3,E,5,N
33,284.05,436.77,1,W,3,W
111,422.01,465.74,5,W,5,N
112,450.48,466.04,5,W,5,N
113,451.79,466.34,5,W,5,N
133,416.50,479.74,5,E,5,N
7,300.47,499.50,1,S,5,W
80,351.71,499.80,2,E,5,W
59,350.33,500.10,1,E,5,W
60,363.26,500.40,1,E,5,W
10,436.93,500.50,1,S,2,W
5,276.43,515.50,1,S,5,E
6,279.66,515.80,1,S,5,E
4,270.69,521.64,1,S,5,N
8,301.96,521.94,1,S,5,N
32,277.19,522.24,1,W,5,N
34,343.73,522.54,1,W,5,N
35,347.71,522.84,1,W,5,N
36,352.89,523.14,1,W,5,N
58,332.23,523.44,1,E,5,N
94,465.61,530.47,3,E,5,N
37,368.11,536.87,1,W,3,E
40,395.87,537.77,1,W,3,W
42,417.14,538.37,1,W,3,W
114,478.28,565.64,5,W,5,N
115,485.37,565.94,5,W,5,N
116,490.33,566.24,5,W,5,N
117,555.13,566.54,5,W,5,N
118,560.10,566.84,5,W,5,N
93,426.86,599.40,3,E,5,W
88,491.24,599.70,3,W,5,W
69,409.89,600.00,2,W,5,W
11,437.48,600.30,1,S,5,W
39,390.37,600.60,1,W,5,W
134,597.57,603.70,5,E,5,N
19,596.62,610.75,1,S,1,W
81,528.45,612.77,2,E,3,W
70,453.80,615.40,2,W,5,E
38,383.49,621.54,1,W,5,N
41,403.32,621.84,1,W,5,N
43,451.04,622.14,1,W,5,N
44,458.61,622.44,1,W,5,N
45,465.18,622.74,1,W,5,N
47,546.46,636.97,1,W,3,W
25,629.31,643.44,1,S,1,E
119,601.73,665.54,5,W,5,N
120,609.00,665.84,5,W,5,N
121,638.07,666.14,5,W,5,N
135,656.21,679.54,5,E,5,N
136,664.75,679.84,5,E,5,N
46,469.67,699.30,1,W,5,W
50,644.61,700.70,1,W,2,E
20,602.82,702.80,1,S,1,W
21,611.20,703.10,1,S,1,W
23,624.19,703.40,1,S,1,W
24,626.56,703.70,1,S,1,W
72,531.63,715.30,2,W,5,E
12,441.71,721.44,1,S,5,N
71,503.43,721.74,2,W,5,N
61,503.31,722.04,1,E,5,N
95,607.62,729.77,3,E,5,N
98,690.01,751.78,3,E,5,N
122,701.27,765.44,5,W,5,N
123,705.66,765.74,5,W,5,N
124,712.04,766.04,5,W,5,N
96,614.76,799.20,3,E,5,W
97,682.53,799.50,3,E,5,W
14,573.67,799.80,1,S,5,W
73,628.94,800.10,2,W,5,W
48,633.18,800.40,1,W,5,W
51,708.64,800.80,1,W,2,E
15,577.40,815.20,1,S,5,E
62,648.73,815.50,1,E,5,E
13,566.02,821.34,1,S,5,N
16,582.42,821.64,1,S,5,N
17,585.17,821.94,1,S,5,N
18,586.03,822.24,1,S,5,N
74,681.85,822.54,2,W,5,N
22,616.85,822.84,1,S,5,N
49,639.51,823.14,1,W,5,N
63,664.66,823.44,1,E,5,N
89,731.95,829.57,3,W,5,N
125,846.46,865.34,5,W,5,N
126,851.65,865.64,5,W,5,N
137,853.87,879.34,5,E,5,N
138,854.03,879.64,5,E,5,N
139,857.74,879.94,5,E,5,N
27,761.86,898.20,1,S,3,W
64,699.58,899.10,1,E,5,W
82,712.55,899.40,2,E,5,W
75,730.07,899.70,2,W,5,W
52,753.07,921.24,1,W,5,N
53,757.56,921.54,1,W,5,N
65,710.83,921.84,1,E,5,N
66,750.72,922.14,1,E,5,N
127,880.49,965.24,5,W,5,N
128,890.25,965.54,5,W,5,N
129,894.62,965.84,5,W,5,N
99,881.20,999.00,3,E,5,W
77,854.56,1015.00,2,W,5,E
26,750.29,1021.14,1,S,5,N
83,861.63,1021.44,2,E,5,N
76,850.58,1021.74,2,W,5,N
54,772.50,1022.04,1,W,5,N
55,836.78,1022.34,1,W,5,N
56,875.82,1121.04,1,W,5,N