id,enter_time,exit_time,entrance_intersection,entrance_direction,exit_intersection,exit_direction
123,6.56,66.14,5,W,5,N
4,26.09,100.40,1,S,1,W
9,50.78,100.70,1,S,1,W
12,69.21,101.00,1,S,1,W
59,64.77,139.77,1,W,3,E
10,61.93,139.92,1,S,2,E
107,91.10,152.87,3,W,5,N
124,78.96,166.04,5,W,5,N
125,121.40,166.34,5,W,5,N
126,126.50,166.64,5,W,5,N
127,128.38,166.94,5,W,5,N
128,132.23,167.24,5,W,5,N
129,137.26,167.54,5,W,5,N
130,143.82,167.84,5,W,5,N
131,147.92,168.14,5,W,5,N
132,154.15,168.44,5,W,5,N
158,193.35,199.49,5,E,5,N
97,92.58,199.80,2,W,5,W
1,10.88,200.10,1,S,5,W
63,164.44,200.20,1,W,2,E
2,17.19,200.40,1,S,5,W
6,36.43,200.70,1,S,5,W
53,5.39,201.00,1,W,5,W
54,9.78,201.30,1,W,5,W
57,57.19,201.60,1,W,5,W
55,17.31,215.80,1,W,5,E
96,44.06,221.94,2,W,5,N
0,4.66,222.24,1,S,5,N
3,18.68,222.54,1,S,5,N
5,29.90,222.84,1,S,5,N
56,29.65,223.14,1,W,5,N
58,64.33,223.44,1,W,5,N
85,35.28,223.74,1,E,5,N
133,178.74,265.94,5,W,5,N
134,222.56,266.24,5,W,5,N
135,227.80,266.54,5,W,5,N
136,230.63,266.84,5,W,5,N
159,229.24,279.94,5,E,5,N
160,231.45,280.24,5,E,5,N
161,231.62,280.54,5,E,5,N
162,269.34,280.84,5,E,5,N
7,43.13,299.70,1,S,5,W
101,176.39,300.00,2,E,5,W
62,148.87,300.30,1,W,5,W
86,139.87,300.60,1,E,5,W
8,44.98,321.84,1,S,5,N
11,63.25,322.14,1,S,5,N
60,129.02,322.44,1,W,5,N
61,132.97,322.74,1,W,5,N
115,225.61,330.57,3,E,5,N
116,247.68,330.87,3,E,5,N
137,299.47,365.84,5,W,5,N
138,304.62,366.14,5,W,5,N
13,218.03,399.60,1,S,5,W
65,233.94,399.90,1,W,5,W
16,358.89,401.60,1,S,1,W
64,171.32,421.74,1,W,5,N
87,207.73,422.04,1,E,5,N
88,215.55,422.34,1,E,5,N
139,383.80,465.74,5,W,5,N
140,391.54,466.04,5,W,5,N
141,433.53,466.34,5,W,5,N
142,438.22,466.64,5,W,5,N
143,447.83,466.94,5,W,5,N
144,456.23,467.24,5,W,5,N
163,431.87,479.74,5,E,5,N
108,390.84,499.50,3,W,5,W
102,352.52,521.64,2,E,5,N
66,323.15,521.94,1,W,5,N
89,323.20,522.24,1,E,5,N
117,445.70,530.17,3,E,5,N
70,426.58,537.47,1,W,3,E
90,428.79,538.07,1,E,3,W
17,492.10,540.92,1,S,2,W
145,490.09,565.64,5,W,5,N
146,494.90,565.94,5,W,5,N
147,549.34,566.24,5,W,5,N
18,493.56,598.80,1,S,3,E
14,352.71,599.40,1,S,5,W
68,420.62,599.70,1,W,5,W
69,423.01,600.00,1,W,5,W
23,512.53,602.40,1,S,1,W
33,564.27,602.70,1,S,1,W
35,572.46,603.00,1,S,1,W
38,581.91,603.30,1,S,1,W
30,557.17,615.20,1,S,1,E
32,563.56,615.50,1,S,1,E
37,579.43,615.80,1,S,1,E
15,353.39,621.54,1,S,5,N
103,443.13,621.84,2,E,5,N
98,426.05,622.14,2,W,5,N
67,387.98,622.44,1,W,5,N
71,432.38,622.74,1,W,5,N
91,476.67,623.04,1,E,5,N
27,528.59,638.47,1,S,3,W
72,473.94,639.37,1,W,3,E
73,479.57,639.67,1,W,3,W
148,580.51,665.54,5,W,5,N
149,620.37,665.84,5,W,5,N
150,626.61,666.14,5,W,5,N
164,620.25,679.54,5,E,5,N
165,625.14,679.84,5,E,5,N
109,499.39,699.30,3,W,5,W
21,507.70,699.60,1,S,5,W
24,513.30,699.90,1,S,5,W
29,533.27,700.20,1,S,5,W
74,542.58,700.50,1,W,5,W
93,577.90,700.80,1,E,5,W
19,501.44,721.44,1,S,5,N
99,566.27,721.74,2,W,5,N
20,505.97,722.04,1,S,5,N
22,512.12,722.34,1,S,5,N
25,519.21,722.64,1,S,5,N
26,520.44,722.94,1,S,5,N
28,531.23,723.24,1,S,5,N
75,556.69,723.54,1,W,5,N
92,521.34,723.84,1,E,5,N
110,612.97,729.77,3,W,5,N
118,674.69,736.46,3,E,5,N
151,741.49,765.44,5,W,5,N
152,742.00,765.74,5,W,5,N
153,751.26,766.04,5,W,5,N
154,755.21,766.34,5,W,5,N
155,756.36,766.64,5,W,5,N
119,680.82,799.20,3,E,5,W
39,584.15,799.50,1,S,5,W
41,620.21,799.80,1,S,5,W
42,625.91,800.10,1,S,5,W
44,635.83,800.40,1,S,5,W
76,570.48,800.70,1,W,5,W
81,714.57,800.80,1,W,2,W
77,609.26,801.00,1,W,5,W
83,766.61,801.10,1,W,2,W
31,557.95,821.34,1,S,5,N
34,569.94,821.64,1,S,5,N
36,575.31,821.94,1,S,5,N
40,589.83,822.24,1,S,5,N
104,636.37,822.54,2,E,5,N
105,699.24,822.84,2,E,5,N
43,629.01,823.14,1,S,5,N
45,638.80,823.44,1,S,5,N
80,674.99,837.47,1,W,3,E
166,839.02,879.34,5,E,5,N
47,833.02,900.90,1,S,2,W
50,848.27,903.60,1,S,1,W
51,869.61,903.90,1,S,1,W
78,667.20,921.24,1,W,5,N
79,673.54,921.54,1,W,5,N
82,766.28,921.84,1,W,5,N
112,829.97,929.67,3,W,5,N
113,834.82,929.97,3,W,5,N
120,877.24,939.01,3,E,5,N
121,884.06,945.83,3,E,5,N
156,888.08,965.24,5,W,5,N
157,892.84,965.54,5,W,5,N
111,821.46,999.00,3,W,5,W
114,835.71,999.30,3,W,5,W
122,890.52,999.60,3,E,5,W
46,831.58,999.90,1,S,5,W
48,833.07,1000.20,1,S,5,W
94,832.80,1000.50,1,E,5,W
95,842.01,1015.00,1,E,5,E
106,889.14,1021.14,2,E,5,N
100,890.20,1021.44,2,W,5,N
52,892.72,1098.90,1,S,5,W
49,840.66,1121.04,1,S,5,N
84,869.58,1121.34,1,W,5,N