id,enter_time,exit_time,entrance_intersection,entrance_direction,exit_intersection,exit_direction
114,30.26,66.14,5,W,5,N
115,41.01,66.44,5,W,5,N
116,46.97,66.74,5,W,5,N
117,47.60,67.04,5,W,5,N
118,72.98,79.11,5,W,5,N
103,71.86,133.63,3,E,5,N
104,77.28,139.05,3,E,5,N
119,79.14,166.04,5,W,5,N
120,108.46,166.34,5,W,5,N
121,113.46,166.64,5,W,5,N
122,116.30,166.94,5,W,5,N
143,171.02,180.04,5,E,5,N
144,190.34,196.47,5,E,5,N
95,8.70,199.80,3,W,5,W
32,5.49,200.10,1,W,5,W
33,9.50,200.40,1,W,5,W
35,22.65,200.70,1,W,5,W
4,165.35,200.80,1,S,1,W
68,8.92,201.00,1,E,5,W
69,43.15,201.30,1,E,5,W
71,53.48,201.60,1,E,5,W
34,16.78,221.94,1,W,5,N
36,28.97,222.24,1,W,5,N
70,47.13,222.54,1,E,5,N
72,56.09,222.84,1,E,5,N
123,266.73,272.86,5,W,5,N
83,118.67,299.70,2,W,5,W
89,192.18,300.00,2,E,5,W
47,199.00,300.30,1,W,2,E
41,139.57,300.30,1,W,5,W
44,155.24,300.60,1,W,5,W
37,93.26,315.70,1,W,5,E
40,128.75,316.00,1,W,5,E
84,178.08,321.84,2,W,5,N
38,95.91,322.14,1,W,5,N
39,103.10,322.44,1,W,5,N
42,144.19,322.74,1,W,5,N
43,150.12,323.04,1,W,5,N
45,160.80,323.34,1,W,5,N
46,161.46,323.64,1,W,5,N
96,212.31,330.57,3,W,5,N
105,240.85,330.87,3,E,5,N
106,245.63,331.17,3,E,5,N
48,206.85,336.37,1,W,3,E
124,330.76,365.84,5,W,5,N
125,358.49,366.14,5,W,5,N
6,185.63,399.60,1,S,5,W
85,221.95,399.90,2,W,5,W
9,365.05,401.60,1,S,1,W
3,163.28,415.60,1,S,5,E
0,156.57,421.74,1,S,5,N
1,156.77,422.04,1,S,5,N
2,157.86,422.34,1,S,5,N
5,175.15,422.64,1,S,5,N
7,204.09,422.94,1,S,5,N
90,235.00,423.24,2,E,5,N
73,218.64,423.54,1,E,5,N
74,263.14,423.84,1,E,5,N
75,285.73,424.14,1,E,5,N
98,333.63,430.67,3,W,5,N
77,348.39,437.07,1,E,3,W
145,466.20,479.74,5,E,5,N
97,318.82,499.50,3,W,5,W
49,276.86,521.64,1,W,5,N
76,339.20,521.94,1,E,5,N
107,459.40,530.17,3,E,5,N
126,474.97,565.64,5,W,5,N
8,357.75,599.40,1,S,5,W
91,424.65,599.70,2,E,5,W
50,375.83,600.00,1,W,5,W
53,400.80,600.30,1,W,5,W
55,428.09,600.60,1,W,5,W
78,406.06,600.90,1,E,5,W
10,370.76,621.54,1,S,5,N
11,377.16,621.84,1,S,5,N
12,384.35,622.14,1,S,5,N
92,482.79,622.44,2,E,5,N
51,380.24,622.74,1,W,5,N
52,386.16,623.04,1,W,5,N
54,414.37,623.34,1,W,5,N
56,434.92,623.64,1,W,5,N
79,430.87,623.94,1,E,5,N
127,589.44,665.54,5,W,5,N
128,595.32,665.84,5,W,5,N
129,604.52,666.14,5,W,5,N
130,632.27,666.44,5,W,5,N
146,673.96,680.09,5,E,5,N
86,538.71,699.30,2,W,5,W
147,696.78,702.91,5,E,5,N
59,536.73,715.30,1,W,5,E
16,698.25,715.60,1,S,1,E
57,526.81,721.44,1,W,5,N
58,532.18,721.74,1,W,5,N
60,542.48,722.04,1,W,5,N
108,611.78,729.77,3,E,5,N
99,611.33,730.07,3,W,5,N
131,768.49,774.63,5,W,5,N
148,773.07,779.44,5,E,5,N
14,571.42,799.20,1,S,5,W
88,758.39,812.97,2,W,3,W
87,657.89,815.20,2,W,5,E
13,558.23,821.34,1,S,5,N
93,664.39,821.64,2,E,5,N
61,608.17,821.94,1,W,5,N
80,643.32,822.24,1,E,5,N
100,702.74,829.57,3,W,5,N
109,735.35,829.87,3,E,5,N
110,740.75,830.17,3,E,5,N
101,768.67,830.44,3,W,5,N
111,778.55,840.32,3,E,5,N
132,774.16,865.34,5,W,5,N
133,776.11,865.64,5,W,5,N
134,780.43,865.94,5,W,5,N
135,784.33,866.24,5,W,5,N
136,786.07,866.54,5,W,5,N
137,793.59,866.84,5,W,5,N
138,846.55,867.14,5,W,5,N
139,847.41,867.44,5,W,5,N
140,849.86,867.74,5,W,5,N
17,699.58,899.10,1,S,5,W
19,703.94,899.40,1,S,5,W
81,719.67,899.70,1,E,5,W
65,772.28,900.90,1,W,2,W
22,857.13,903.60,1,S,1,W
23,857.64,903.90,1,S,1,W
27,878.32,904.20,1,S,1,W
30,892.90,907.04,1,S,1,W
20,724.88,915.10,1,S,5,E
15,691.52,921.24,1,S,5,N
18,700.12,921.54,1,S,5,N
21,728.49,921.84,1,S,5,N
62,673.73,922.14,1,W,5,N
82,743.58,922.44,1,E,5,N
102,824.60,929.37,3,W,5,N
63,767.98,936.97,1,W,3,E
64,770.36,937.27,1,W,3,W
141,884.22,965.24,5,W,5,N
142,894.55,965.54,5,W,5,N
24,857.73,998.00,1,S,3,W
112,836.18,999.00,3,E,5,W
113,841.25,999.30,3,E,5,W
94,845.77,1021.14,2,E,5,N
66,849.16,1021.44,1,W,5,N
67,863.18,1021.74,1,W,5,N
26,863.47,1098.90,1,S,5,W
31,894.60,1099.20,1,S,5,W
29,887.91,1114.90,1,S,5,E
25,862.82,1121.04,1,S,5,N
28,881.08,1121.34,1,S,5,N