id,enter_time,exit_time,entrance_intersection,entrance_direction,exit_intersection,exit_direction
106,29.33,66.14,5,W,5,N
107,29.88,66.44,5,W,5,N
108,33.00,66.74,5,W,5,N
140,6.67,80.14,5,E,5,N
98,22.96,130.97,3,E,5,N
91,12.57,131.27,3,W,5,N
99,29.78,131.57,3,E,5,N
92,31.28,131.87,3,W,5,N
109,76.86,166.04,5,W,5,N
110,107.74,166.34,5,W,5,N
111,108.18,166.64,5,W,5,N
112,149.93,166.94,5,W,5,N
113,151.69,167.24,5,W,5,N
84,91.96,199.80,2,E,5,W
114,177.67,265.94,5,W,5,N
115,242.97,266.24,5,W,5,N
116,269.76,275.90,5,W,5,N
141,224.16,279.94,5,E,5,N
142,259.65,280.24,5,E,5,N
63,171.05,299.70,1,E,5,W
34,101.12,321.84,1,W,5,N
117,275.13,365.84,5,W,5,N
118,275.51,366.14,5,W,5,N
119,281.38,366.44,5,W,5,N
120,350.06,366.74,5,W,5,N
121,354.66,367.04,5,W,5,N
122,362.22,368.36,5,W,5,N
123,367.21,373.35,5,W,5,N
143,369.68,379.84,5,E,5,N
100,253.78,399.60,3,E,5,W
93,260.97,399.90,3,W,5,W
0,183.73,400.20,1,S,5,W
43,328.09,400.40,1,W,2,W
36,223.85,400.50,1,W,5,W
65,227.70,400.80,1,E,5,W
66,233.43,401.10,1,E,5,W
2,332.35,401.60,1,S,1,W
8,360.51,401.90,1,S,1,W
10,372.69,402.20,1,S,1,W
11,375.30,402.50,1,S,1,W
13,399.08,414.40,1,S,1,E
85,285.90,421.74,2,E,5,N
35,183.43,422.04,1,W,5,N
37,259.04,422.34,1,W,5,N
38,265.38,422.64,1,W,5,N
64,205.84,422.94,1,E,5,N
67,289.24,423.24,1,E,5,N
101,304.53,430.37,3,E,5,N
94,353.69,430.67,3,W,5,N
102,334.82,430.97,3,E,5,N
103,370.47,432.24,3,E,5,N
4,343.36,440.82,1,S,2,W
9,367.26,442.02,1,S,2,W
6,354.37,499.00,1,S,3,E
40,308.51,499.50,1,W,5,W
44,335.11,499.80,1,W,5,W
45,342.64,500.10,1,W,5,W
47,418.78,500.50,1,W,2,E
1,327.15,515.50,1,S,5,E
76,372.87,521.64,2,W,5,N
39,279.83,521.94,1,W,5,N
41,320.22,522.24,1,W,5,N
42,327.61,522.54,1,W,5,N
124,495.76,565.64,5,W,5,N
125,504.98,565.94,5,W,5,N
126,514.27,566.24,5,W,5,N
127,518.42,566.54,5,W,5,N
128,524.80,566.84,5,W,5,N
129,529.87,567.14,5,W,5,N
130,529.92,567.44,5,W,5,N
144,531.54,579.64,5,E,5,N
12,397.33,599.40,1,S,5,W
14,403.03,599.70,1,S,5,W
86,409.95,600.00,2,E,5,W
48,433.87,600.30,1,W,5,W
68,408.90,600.60,1,E,5,W
5,346.77,615.40,1,S,5,E
77,469.28,615.70,2,W,5,E
15,411.74,616.00,1,S,5,E
50,448.02,616.30,1,W,5,E
3,338.47,621.54,1,S,5,N
7,356.52,621.84,1,S,5,N
16,418.21,622.14,1,S,5,N
17,420.91,622.44,1,S,5,N
46,380.36,622.74,1,W,5,N
49,441.51,623.04,1,W,5,N
69,474.68,623.34,1,E,5,N
70,480.69,623.64,1,E,5,N
104,548.81,629.97,3,E,5,N
95,571.67,633.44,3,W,5,N
131,663.88,670.02,5,W,5,N
132,670.06,676.20,5,W,5,N
145,692.23,698.36,5,E,5,N
19,444.83,699.30,1,S,5,W
78,509.91,699.60,2,W,5,W
21,612.01,700.70,1,S,2,W
26,631.59,702.80,1,S,1,W
72,590.96,708.78,1,E,5,W
54,547.97,715.30,1,W,5,E
30,652.29,715.60,1,S,1,E
31,680.78,715.90,1,S,1,E
18,444.39,721.44,1,S,5,N
87,560.64,721.74,2,E,5,N
51,475.96,722.04,1,W,5,N
52,489.60,722.34,1,W,5,N
53,532.13,722.64,1,W,5,N
71,586.11,722.94,1,E,5,N
96,660.16,729.77,3,W,5,N
58,665.95,739.17,1,W,3,E
133,674.50,765.44,5,W,5,N
134,730.58,765.74,5,W,5,N
146,722.89,779.44,5,E,5,N
88,605.43,799.20,2,E,5,W
24,620.04,799.50,1,S,5,W
55,597.39,799.80,1,W,5,W
57,662.68,800.10,1,W,5,W
56,602.95,815.20,1,W,5,E
79,621.89,821.34,2,W,5,N
80,673.61,821.64,2,W,5,N
20,609.18,821.94,1,S,5,N
22,616.93,822.24,1,S,5,N
23,617.06,822.54,1,S,5,N
25,624.30,822.84,1,S,5,N
135,772.87,865.34,5,W,5,N
136,782.91,865.64,5,W,5,N
137,787.69,865.94,5,W,5,N
138,790.54,866.24,5,W,5,N
139,801.86,866.54,5,W,5,N
147,886.77,892.90,5,E,5,N
73,698.53,899.10,1,E,5,W
105,774.06,899.40,3,E,5,W
97,777.14,899.70,3,W,5,W
81,705.32,900.00,2,W,5,W
82,757.66,900.30,2,W,5,W
32,809.56,903.60,1,S,1,W
33,815.34,903.90,1,S,1,W
27,639.50,921.24,1,S,5,N
28,644.35,921.54,1,S,5,N
29,647.20,921.84,1,S,5,N
89,759.09,922.14,2,E,5,N
59,742.58,922.44,1,W,5,N
60,749.89,922.74,1,W,5,N
74,702.82,923.04,1,E,5,N
83,816.90,999.00,2,W,5,W
61,828.68,999.30,1,W,5,W
75,851.74,999.60,1,E,5,W
90,843.87,1021.14,2,E,5,N
62,893.99,1121.04,1,W,5,N