id,enter_time,exit_time,entrance_intersection,entrance_direction,exit_intersection,exit_direction
99,4.50,66.14,5,W,5,N
100,66.91,73.05,5,W,5,N
131,16.86,80.14,5,E,5,N
132,81.75,87.89,5,E,5,N
101,75.07,166.04,5,W,5,N
102,80.87,166.34,5,W,5,N
103,85.12,166.64,5,W,5,N
76,42.75,199.80,2,W,5,W
34,139.52,200.20,1,W,2,W
36,153.99,200.50,1,W,2,W
7,185.54,200.80,1,S,1,W
68,156.79,200.80,1,E,2,W
77,145.76,212.37,2,W,3,E
0,144.83,213.60,1,S,1,E
33,39.24,221.94,1,W,5,N
65,20.43,222.24,1,E,5,N
92,172.24,234.01,3,E,5,N
104,211.17,265.94,5,W,5,N
105,218.32,266.24,5,W,5,N
106,249.27,266.54,5,W,5,N
107,250.88,266.84,5,W,5,N
108,252.09,267.14,5,W,5,N
109,263.25,269.39,5,W,5,N
110,271.59,277.72,5,W,5,N
133,248.72,279.94,5,E,5,N
134,272.51,280.24,5,E,5,N
93,177.35,299.70,3,E,5,W
83,193.14,321.84,2,E,5,N
78,199.41,322.14,2,W,5,N
35,139.78,322.44,1,W,5,N
66,106.56,322.74,1,E,5,N
67,146.14,323.04,1,E,5,N
111,277.72,365.84,5,W,5,N
112,286.18,366.14,5,W,5,N
113,314.42,366.44,5,W,5,N
114,319.92,366.74,5,W,5,N
115,328.20,367.04,5,W,5,N
116,334.36,367.34,5,W,5,N
135,386.98,393.12,5,E,5,N
88,257.73,399.60,3,W,5,W
6,184.94,399.90,1,S,5,W
38,192.19,400.20,1,W,5,W
10,319.45,400.40,1,S,2,W
39,236.17,400.50,1,W,5,W
9,314.50,401.60,1,S,1,W
12,328.70,401.90,1,S,1,W
1,150.03,421.74,1,S,5,N
2,153.18,422.04,1,S,5,N
3,155.52,422.34,1,S,5,N
4,161.75,422.64,1,S,5,N
5,178.08,422.94,1,S,5,N
79,244.89,423.24,2,W,5,N
84,289.22,423.54,2,E,5,N
37,180.23,423.84,1,W,5,N
69,226.96,424.14,1,E,5,N
94,306.39,430.37,3,E,5,N
89,318.64,430.67,3,W,5,N
95,355.46,430.97,3,E,5,N
8,307.69,436.47,1,S,3,W
41,311.10,437.67,1,W,3,W
80,357.83,499.50,2,W,5,W
13,332.22,499.80,1,S,5,W
42,316.04,500.10,1,W,5,W
16,493.89,508.02,1,S,1,W
71,393.73,511.56,1,E,5,W
11,322.87,515.50,1,S,5,E
40,303.32,521.64,1,W,5,N
43,322.14,521.94,1,W,5,N
44,336.12,522.24,1,W,5,N
45,351.33,522.54,1,W,5,N
70,305.66,522.84,1,E,5,N
90,401.33,530.17,3,W,5,N
117,511.69,565.64,5,W,5,N
118,516.25,565.94,5,W,5,N
119,523.47,566.24,5,W,5,N
120,527.70,566.54,5,W,5,N
121,556.96,566.84,5,W,5,N
136,548.40,579.64,5,E,5,N
50,538.33,600.60,1,W,2,W
85,473.73,621.54,2,E,5,N
46,443.01,621.84,1,W,5,N
72,416.60,622.14,1,E,5,N
49,526.93,637.27,1,W,3,W
137,648.39,679.54,5,E,5,N
138,656.17,679.84,5,E,5,N
139,670.36,680.14,5,E,5,N
96,548.30,699.30,3,E,5,W
15,486.97,699.60,1,S,5,W
47,508.47,699.90,1,W,5,W
73,523.95,700.20,1,E,5,W
19,635.62,702.80,1,S,1,W
86,665.52,712.87,2,E,3,W
14,484.35,721.44,1,S,5,N
17,499.90,721.74,1,S,5,N
48,522.72,722.04,1,W,5,N
51,544.86,722.34,1,W,5,N
122,756.65,765.44,5,W,5,N
140,776.45,782.59,5,E,5,N
91,652.23,799.20,3,W,5,W
53,650.26,799.50,1,W,5,W
81,698.62,815.20,2,W,5,E
18,635.42,821.34,1,S,5,N
52,580.07,821.64,1,W,5,N
97,764.01,829.57,3,E,5,N
98,768.10,829.87,3,E,5,N
123,783.48,865.34,5,W,5,N
124,794.68,865.64,5,W,5,N
125,801.32,865.94,5,W,5,N
126,806.79,866.24,5,W,5,N
127,810.38,866.54,5,W,5,N
128,810.69,866.84,5,W,5,N
129,843.74,867.14,5,W,5,N
130,865.00,871.13,5,W,5,N
141,822.93,879.34,5,E,5,N
142,831.19,879.64,5,E,5,N
20,642.44,899.10,1,S,5,W
23,829.18,903.60,1,S,1,W
32,897.90,912.04,1,S,1,W
29,868.57,916.40,1,S,1,E
54,707.94,921.24,1,W,5,N
55,715.11,921.54,1,W,5,N
56,720.24,921.84,1,W,5,N
74,757.64,922.14,1,E,5,N
28,861.15,998.00,1,S,3,E
82,826.99,999.00,2,W,5,W
58,776.97,999.30,1,W,5,W
62,807.16,999.60,1,W,5,W
63,807.87,999.90,1,W,5,W
87,849.15,1021.14,2,E,5,N
21,825.78,1021.44,1,S,5,N
22,828.60,1021.74,1,S,5,N
24,832.67,1022.04,1,S,5,N
57,774.11,1022.34,1,W,5,N
59,790.59,1022.64,1,W,5,N
60,796.06,1022.94,1,W,5,N
61,801.53,1023.24,1,W,5,N
75,813.84,1023.54,1,E,5,N
26,854.55,1098.90,1,S,5,W
27,858.19,1099.20,1,S,5,W
30,877.40,1099.50,1,S,5,W
25,846.62,1114.90,1,S,5,E
31,890.09,1121.04,1,S,5,N
64,868.34,1121.34,1,W,5,N