id,enter_time,exit_time,entrance_intersection,entrance_direction,exit_intersection,exit_direction
121,7.83,66.14,5,W,5,N
122,41.95,66.44,5,W,5,N
123,44.70,66.74,5,W,5,N
124,69.47,75.61,5,W,5,N
125,72.95,79.08,5,W,5,N
1,9.06,100.40,1,S,1,W
5,40.28,100.70,1,S,1,W
126,77.68,166.04,5,W,5,N
127,140.78,166.34,5,W,5,N
128,142.58,166.64,5,W,5,N
129,168.90,175.03,5,W,5,N
2,17.02,199.80,1,S,5,W
87,20.78,200.10,1,E,5,W
98,59.14,221.94,2,W,5,N
0,6.62,222.24,1,S,5,N
3,32.45,222.54,1,S,5,N
86,14.31,222.84,1,E,5,N
88,23.36,223.14,1,E,5,N
112,132.12,230.77,3,E,5,N
113,186.60,248.37,3,E,5,N
130,176.76,265.94,5,W,5,N
131,177.60,266.24,5,W,5,N
132,183.94,266.54,5,W,5,N
133,191.58,266.84,5,W,5,N
134,197.01,267.14,5,W,5,N
135,201.25,267.44,5,W,5,N
136,241.69,267.74,5,W,5,N
137,246.24,268.04,5,W,5,N
138,264.63,270.76,5,W,5,N
161,216.27,279.94,5,E,5,N
162,287.77,293.90,5,E,5,N
163,293.12,299.25,5,E,5,N
6,45.25,299.70,1,S,5,W
7,52.76,300.00,1,S,5,W
103,179.25,300.30,2,E,5,W
9,213.88,301.20,1,S,1,W
17,253.12,301.50,1,S,1,W
4,38.58,321.84,1,S,5,N
99,114.98,322.14,2,W,5,N
65,77.79,322.44,1,W,5,N
66,83.33,322.74,1,W,5,N
67,108.55,323.04,1,W,5,N
89,181.01,323.34,1,E,5,N
114,226.44,330.57,3,E,5,N
115,252.61,330.87,3,E,5,N
14,245.04,340.12,1,S,2,W
139,317.57,365.84,5,W,5,N
164,335.95,379.84,5,E,5,N
108,277.52,399.60,3,W,5,W
68,170.07,399.90,1,W,5,W
25,337.08,401.60,1,S,1,W
29,367.78,414.40,1,S,1,E
8,209.23,421.74,1,S,5,N
10,217.27,422.04,1,S,5,N
11,225.09,422.34,1,S,5,N
12,230.57,422.64,1,S,5,N
13,237.27,422.94,1,S,5,N
90,258.56,423.24,1,E,5,N
91,298.43,423.54,1,E,5,N
140,373.91,465.74,5,W,5,N
141,429.24,466.04,5,W,5,N
142,436.32,466.34,5,W,5,N
143,440.91,466.64,5,W,5,N
144,447.70,466.94,5,W,5,N
145,450.92,467.24,5,W,5,N
146,451.36,467.54,5,W,5,N
147,455.96,467.84,5,W,5,N
109,357.27,499.50,3,W,5,W
20,281.31,499.80,1,S,5,W
21,291.45,500.10,1,S,5,W
22,298.20,500.40,1,S,5,W
105,388.46,500.70,2,E,5,W
23,320.65,501.00,1,S,5,W
93,350.27,501.30,1,E,5,W
92,341.76,515.50,1,E,5,E
15,246.63,521.64,1,S,5,N
16,252.38,521.94,1,S,5,N
18,258.95,522.24,1,S,5,N
19,275.27,522.54,1,S,5,N
104,319.13,522.84,2,E,5,N
24,332.89,523.14,1,S,5,N
69,271.86,523.44,1,W,5,N
70,277.74,523.74,1,W,5,N
71,362.31,524.04,1,W,5,N
116,423.78,530.17,3,E,5,N
117,430.10,530.47,3,E,5,N
148,542.43,565.64,5,W,5,N
149,566.76,572.90,5,W,5,N
165,507.10,579.64,5,E,5,N
166,579.55,585.69,5,E,5,N
26,343.02,599.40,1,S,5,W
27,350.58,599.70,1,S,5,W
100,490.24,600.00,2,W,5,W
72,385.55,600.30,1,W,5,W
73,451.97,600.60,1,W,5,W
38,596.86,611.00,1,S,1,W
37,589.19,615.20,1,S,1,E
28,355.50,621.54,1,S,5,N
150,575.29,665.54,5,W,5,N
151,618.89,665.84,5,W,5,N
39,601.96,698.60,1,S,3,W
110,595.45,699.30,3,W,5,W
101,549.51,699.60,2,W,5,W
102,585.89,699.90,2,W,5,W
30,512.83,700.20,1,S,5,W
31,517.66,700.50,1,S,5,W
42,617.01,700.70,1,S,2,W
74,515.17,700.80,1,W,5,W
95,659.68,701.00,1,E,2,W
75,552.26,701.10,1,W,5,W
45,631.01,702.80,1,S,1,W
48,649.85,703.10,1,S,1,W
51,665.23,703.40,1,S,1,W
53,674.53,703.70,1,S,1,W
106,574.60,715.30,2,E,5,E
49,656.57,715.60,1,S,1,E
32,528.62,721.44,1,S,5,N
76,559.26,721.74,1,W,5,N
43,619.75,737.37,1,S,3,E
152,683.98,765.44,5,W,5,N
153,688.96,765.74,5,W,5,N
154,694.35,766.04,5,W,5,N
155,702.36,766.34,5,W,5,N
156,704.93,766.64,5,W,5,N
167,753.26,779.44,5,E,5,N
118,626.93,799.20,3,E,5,W
34,559.00,799.50,1,S,5,W
36,566.21,799.80,1,S,5,W
46,637.75,800.10,1,S,5,W
77,625.67,800.40,1,W,5,W
33,558.51,821.34,1,S,5,N
35,560.33,821.64,1,S,5,N
40,608.07,821.94,1,S,5,N
41,613.84,822.24,1,S,5,N
44,626.77,822.54,1,S,5,N
78,650.52,822.84,1,W,5,N
94,622.25,823.14,1,E,5,N
119,759.37,829.57,3,E,5,N
157,779.55,865.34,5,W,5,N
158,783.02,865.64,5,W,5,N
159,825.47,865.94,5,W,5,N
160,833.36,866.24,5,W,5,N
50,660.41,899.10,1,S,5,W
57,835.74,900.90,1,S,2,W
59,861.83,903.60,1,S,1,W
47,641.98,921.24,1,S,5,N
52,666.76,921.54,1,S,5,N
54,681.88,921.84,1,S,5,N
107,715.49,922.14,2,E,5,N
79,699.01,922.44,1,W,5,N
80,711.06,922.74,1,W,5,N
81,748.02,923.04,1,W,5,N
96,768.35,923.34,1,E,5,N
111,858.36,929.37,3,W,5,N
120,798.85,999.00,3,E,5,W
55,834.98,999.30,1,S,5,W
56,835.21,999.60,1,S,5,W
83,843.99,999.90,1,W,5,W
85,854.87,1015.00,1,W,5,E
58,837.94,1021.14,1,S,5,N
82,815.45,1021.44,1,W,5,N
84,850.63,1021.74,1,W,5,N
97,879.05,1022.04,1,E,5,N
60,862.96,1098.90,1,S,5,W
61,868.88,1099.20,1,S,5,W
63,874.60,1099.50,1,S,5,W
62,874.11,1114.90,1,S,5,E
64,875.38,1121.04,1,S,5,N