id,enter_time,exit_time,entrance_intersection,entrance_direction,exit_intersection,exit_direction
123,41.27,66.14,5,W,5,N
150,3.41,80.14,5,E,5,N
151,19.02,80.44,5,E,5,N
152,34.62,80.74,5,E,5,N
153,79.95,86.09,5,E,5,N
3,11.78,100.10,1,S,2,W
9,70.04,100.40,1,S,1,W
10,71.26,100.70,1,S,1,W
11,74.75,101.00,1,S,1,W
154,95.18,101.32,5,E,5,N
155,95.49,101.63,5,E,5,N
156,132.00,180.04,5,E,5,N
8,68.19,199.60,1,S,3,E
91,99.02,199.80,2,W,5,W
5,36.20,200.10,1,S,5,W
56,156.34,200.20,1,W,2,W
0,3.98,221.94,1,S,5,N
1,4.15,222.24,1,S,5,N
2,10.72,222.54,1,S,5,N
4,13.96,222.84,1,S,5,N
109,163.26,230.77,3,E,5,N
110,169.14,230.91,3,E,5,N
124,232.09,265.94,5,W,5,N
125,236.49,266.24,5,W,5,N
126,243.75,266.54,5,W,5,N
127,248.15,266.84,5,W,5,N
128,259.41,267.14,5,W,5,N
129,264.09,270.23,5,W,5,N
130,268.40,274.53,5,W,5,N
6,41.65,299.70,1,S,5,W
99,173.13,300.00,2,E,5,W
92,191.32,300.30,2,W,5,W
14,224.45,301.20,1,S,1,W
16,236.46,301.50,1,S,1,W
7,44.60,321.84,1,S,5,N
12,86.48,322.14,1,S,5,N
13,99.36,322.44,1,S,5,N
55,67.68,322.74,1,W,5,N
71,172.31,323.04,1,E,5,N
72,188.32,323.34,1,E,5,N
73,195.76,323.64,1,E,5,N
104,286.00,347.77,3,W,5,N
131,273.64,365.84,5,W,5,N
93,233.92,399.60,2,W,5,W
58,261.69,399.90,1,W,5,W
76,240.84,400.20,1,E,5,W
79,369.02,400.40,1,E,2,W
18,362.25,401.60,1,S,1,W
94,243.95,421.74,2,W,5,N
15,231.14,422.04,1,S,5,N
57,257.08,422.34,1,W,5,N
74,219.29,422.64,1,E,5,N
75,234.58,422.94,1,E,5,N
111,304.92,430.37,3,E,5,N
132,380.26,465.74,5,W,5,N
133,385.13,466.04,5,W,5,N
134,391.95,466.34,5,W,5,N
135,406.10,466.64,5,W,5,N
136,408.58,466.94,5,W,5,N
157,429.57,479.74,5,E,5,N
158,451.80,480.04,5,E,5,N
112,312.17,499.50,3,E,5,W
17,238.95,499.80,1,S,5,W
100,321.13,500.10,2,E,5,W
95,383.81,500.40,2,W,5,W
77,352.30,500.70,1,E,5,W
78,358.42,501.00,1,E,5,W
25,478.22,502.00,1,S,1,W
59,362.20,521.64,1,W,5,N
80,374.68,521.94,1,E,5,N
113,440.49,530.17,3,E,5,N
114,447.90,530.47,3,E,5,N
137,512.55,565.64,5,W,5,N
138,520.00,565.94,5,W,5,N
24,472.32,598.80,1,S,3,W
28,503.99,598.80,1,S,3,E
26,496.35,599.10,1,S,3,W
101,414.27,599.40,2,E,5,W
60,463.87,599.70,1,W,5,W
34,565.03,602.40,1,S,1,W
81,432.95,621.54,1,E,5,N
82,456.75,621.84,1,E,5,N
105,522.57,629.97,3,W,5,N
139,575.51,665.54,5,W,5,N
140,577.22,665.84,5,W,5,N
141,594.03,666.14,5,W,5,N
142,599.68,666.44,5,W,5,N
143,605.84,666.74,5,W,5,N
159,659.32,679.54,5,E,5,N
160,690.25,696.38,5,E,5,N
83,499.70,699.30,1,E,5,W
106,532.25,699.60,3,W,5,W
22,468.36,699.90,1,S,5,W
61,471.59,700.20,1,W,5,W
62,549.33,700.50,1,W,5,W
42,611.91,702.80,1,S,1,W
161,697.17,703.31,5,E,5,N
20,461.56,715.30,1,S,5,E
19,455.21,721.44,1,S,5,N
21,462.88,721.74,1,S,5,N
23,471.96,722.04,1,S,5,N
27,498.27,722.34,1,S,5,N
102,547.12,722.64,2,E,5,N
29,507.17,722.94,1,S,5,N
30,511.95,723.24,1,S,5,N
31,519.07,723.54,1,S,5,N
32,524.67,723.84,1,S,5,N
107,611.57,729.77,3,W,5,N
115,625.79,730.07,3,E,5,N
85,628.54,737.37,1,E,3,W
116,692.08,753.85,3,E,5,N
144,764.87,771.01,5,W,5,N
145,771.78,777.92,5,W,5,N
162,719.34,779.44,5,E,5,N
33,545.24,799.20,1,S,5,W
38,597.47,799.50,1,S,5,W
41,604.09,799.80,1,S,5,W
84,618.41,800.10,1,E,5,W
44,757.34,803.20,1,S,1,W
52,790.92,805.05,1,S,1,W
39,600.36,815.20,1,S,5,E
43,752.40,816.00,1,S,1,E
35,572.04,821.34,1,S,5,N
36,573.83,821.64,1,S,5,N
37,595.05,821.94,1,S,5,N
40,602.27,822.24,1,S,5,N
63,605.26,822.54,1,W,5,N
86,632.97,822.84,1,E,5,N
87,670.94,823.14,1,E,5,N
117,715.91,829.57,3,E,5,N
118,721.31,829.87,3,E,5,N
119,776.74,838.51,3,E,5,N
49,779.25,843.32,1,S,2,E
146,780.31,865.34,5,W,5,N
147,791.74,865.64,5,W,5,N
148,799.29,865.94,5,W,5,N
149,800.64,866.24,5,W,5,N
163,815.44,879.34,5,E,5,N
164,834.75,879.64,5,E,5,N
165,880.67,886.80,5,E,5,N
50,779.35,898.20,1,S,3,W
48,775.82,898.20,1,S,3,E
96,779.12,899.10,2,W,5,W
64,684.09,899.40,1,W,5,W
65,691.26,899.70,1,W,5,W
103,716.16,921.24,2,E,5,N
66,699.08,921.54,1,W,5,N
88,728.47,921.84,1,E,5,N
120,818.50,929.37,3,E,5,N
121,847.27,929.67,3,E,5,N
122,855.22,929.97,3,E,5,N
108,831.66,999.00,3,W,5,W
45,764.38,999.30,1,S,5,W
46,767.91,999.60,1,S,5,W
47,772.93,999.90,1,S,5,W
97,834.81,1000.20,2,W,5,W
69,859.40,1000.50,1,W,5,W
51,781.40,1021.14,1,S,5,N
53,796.11,1021.44,1,S,5,N
54,796.85,1021.74,1,S,5,N
98,859.24,1022.04,2,W,5,N
67,786.01,1022.34,1,W,5,N
68,792.92,1022.64,1,W,5,N
70,866.52,1022.94,1,W,5,N
89,807.93,1023.24,1,E,5,N
90,828.71,1023.54,1,E,5,N