id,enter_time,exit_time,entrance_intersection,entrance_direction,exit_intersection,exit_direction
151,6.41,80.14,5,E,5,N
1,13.47,100.40,1,S,1,W
7,39.27,113.20,1,S,1,E
116,147.45,166.04,5,W,5,N
117,151.51,166.34,5,W,5,N
118,158.59,166.64,5,W,5,N
152,168.04,180.04,5,E,5,N
9,50.08,199.60,1,S,3,E
108,67.20,199.80,3,E,5,W
109,71.82,200.10,3,E,5,W
2,14.33,200.40,1,S,5,W
4,20.75,200.70,1,S,5,W
6,35.99,201.00,1,S,5,W
79,37.28,201.30,1,E,5,W
92,54.88,221.94,2,W,5,N
0,6.19,222.24,1,S,5,N
3,17.65,222.54,1,S,5,N
5,35.25,222.84,1,S,5,N
50,43.98,223.14,1,W,5,N
51,79.91,236.27,1,W,3,E
52,84.51,236.57,1,W,3,W
53,90.12,236.87,1,W,3,E
80,147.09,237.77,1,E,3,E
119,199.23,265.94,5,W,5,N
120,262.87,269.01,5,W,5,N
121,267.30,273.43,5,W,5,N
59,199.95,300.30,1,W,2,W
17,226.37,301.20,1,S,1,W
19,236.37,301.50,1,S,1,W
95,135.58,315.70,2,E,5,E
8,45.52,321.84,1,S,5,N
10,53.11,322.14,1,S,5,N
54,93.39,322.44,1,W,5,N
55,153.75,322.74,1,W,5,N
110,232.08,330.57,3,E,5,N
122,277.97,365.84,5,W,5,N
123,288.93,366.14,5,W,5,N
124,297.88,366.44,5,W,5,N
125,320.33,366.74,5,W,5,N
153,336.83,379.84,5,E,5,N
154,368.39,380.14,5,E,5,N
155,375.75,381.88,5,E,5,N
102,209.23,399.60,3,W,5,W
111,255.10,399.90,3,E,5,W
13,205.14,400.20,1,S,5,W
16,224.80,400.50,1,S,5,W
18,232.29,400.80,1,S,5,W
23,392.11,406.25,1,S,1,W
15,224.50,415.60,1,S,5,E
11,195.11,421.74,1,S,5,N
12,199.02,422.04,1,S,5,N
96,204.93,422.34,2,E,5,N
14,212.79,422.64,1,S,5,N
56,179.00,422.94,1,W,5,N
57,186.42,423.24,1,W,5,N
58,192.26,423.54,1,W,5,N
60,204.15,423.84,1,W,5,N
61,209.84,424.14,1,W,5,N
81,220.68,424.44,1,E,5,N
82,251.20,424.74,1,E,5,N
126,404.86,465.74,5,W,5,N
127,410.91,466.04,5,W,5,N
128,437.41,466.34,5,W,5,N
129,467.30,473.44,5,W,5,N
112,314.81,499.50,3,E,5,W
113,345.40,499.80,3,E,5,W
20,244.33,500.10,1,S,5,W
21,246.26,500.40,1,S,5,W
97,397.39,500.70,2,E,5,W
22,259.06,521.64,1,S,5,N
62,301.02,521.94,1,W,5,N
83,393.62,522.24,1,E,5,N
84,397.81,522.54,1,E,5,N
130,473.10,565.64,5,W,5,N
131,523.00,565.94,5,W,5,N
132,526.43,566.24,5,W,5,N
133,534.02,566.54,5,W,5,N
134,538.71,566.84,5,W,5,N
103,443.17,599.40,3,W,5,W
93,424.33,599.70,2,W,5,W
63,382.76,600.00,1,W,5,W
64,389.32,600.30,1,W,5,W
65,389.78,600.60,1,W,5,W
67,399.32,600.90,1,W,5,W
69,410.39,601.20,1,W,5,W
156,595.20,601.34,5,E,5,N
85,459.49,601.50,1,E,5,W
86,481.57,601.80,1,E,5,W
26,552.81,602.40,1,S,1,W
24,392.31,621.54,1,S,5,N
25,396.66,621.84,1,S,5,N
98,498.36,622.14,2,E,5,N
66,392.30,622.44,1,W,5,N
68,404.07,622.74,1,W,5,N
114,548.87,629.97,3,E,5,N
29,579.38,641.92,1,S,2,W
135,601.60,665.54,5,W,5,N
136,607.30,665.84,5,W,5,N
137,613.23,666.14,5,W,5,N
138,623.91,666.44,5,W,5,N
139,634.95,666.74,5,W,5,N
140,637.30,667.04,5,W,5,N
141,638.12,667.34,5,W,5,N
142,640.31,667.64,5,W,5,N
28,576.81,698.60,1,S,3,E
104,515.00,699.30,3,W,5,W
105,520.26,699.60,3,W,5,W
70,476.97,699.90,1,W,5,W
73,618.05,700.70,1,W,2,E
33,604.48,702.80,1,S,1,W
37,697.11,715.60,1,S,1,E
71,482.51,721.44,1,W,5,N
72,536.13,721.74,1,W,5,N
87,549.73,722.04,1,E,5,N
143,682.13,765.44,5,W,5,N
144,692.92,765.74,5,W,5,N
145,699.77,766.04,5,W,5,N
146,701.16,766.34,5,W,5,N
147,705.95,766.64,5,W,5,N
148,747.12,766.94,5,W,5,N
149,755.98,767.24,5,W,5,N
35,687.01,798.40,1,S,3,W
32,601.99,799.20,1,S,5,W
99,677.80,799.50,2,E,5,W
41,723.50,803.20,1,S,1,W
43,745.12,803.50,1,S,1,W
47,760.27,803.80,1,S,1,W
49,768.62,816.00,1,S,1,E
27,570.52,821.34,1,S,5,N
30,587.25,821.64,1,S,5,N
31,589.34,821.94,1,S,5,N
88,619.28,822.24,1,E,5,N
106,721.46,829.57,3,W,5,N
115,782.59,844.36,3,E,5,N
150,810.40,865.34,5,W,5,N
157,803.25,879.34,5,E,5,N
158,851.55,879.64,5,E,5,N
159,891.10,897.23,5,E,5,N
45,747.71,898.20,1,S,3,E
36,689.78,899.10,1,S,5,W
42,731.05,899.40,1,S,5,W
78,809.02,900.90,1,W,2,E
75,702.36,915.10,1,W,5,E
34,685.04,921.24,1,S,5,N
38,704.14,921.54,1,S,5,N
39,711.83,921.84,1,S,5,N
40,717.23,922.14,1,S,5,N
74,695.37,922.44,1,W,5,N
76,716.38,922.74,1,W,5,N
77,723.67,923.04,1,W,5,N
107,800.10,929.37,3,W,5,N
46,754.48,999.00,1,S,5,W
100,823.02,999.30,2,E,5,W
101,899.38,999.60,2,E,5,W
44,746.34,1021.14,1,S,5,N
48,764.20,1021.44,1,S,5,N
94,806.82,1021.74,2,W,5,N
89,833.52,1022.04,1,E,5,N
90,857.17,1022.34,1,E,5,N
91,885.12,1022.64,1,E,5,N