id,enter_time,exit_time,entrance_intersection,entrance_direction,exit_intersection,exit_direction
102,4.47,66.14,5,W,5,N
103,24.96,66.44,5,W,5,N
104,36.78,66.74,5,W,5,N
134,11.93,80.14,5,E,5,N
135,29.10,80.44,5,E,5,N
136,49.93,80.74,5,E,5,N
137,88.27,94.41,5,E,5,N
138,93.10,99.24,5,E,5,N
139,93.73,99.86,5,E,5,N
95,43.53,131.27,3,E,5,N
105,116.54,166.04,5,W,5,N
106,119.20,166.34,5,W,5,N
140,100.48,180.04,5,E,5,N
141,122.06,180.34,5,E,5,N
94,37.90,199.80,3,E,5,W
96,51.04,200.10,3,E,5,W
37,7.72,200.40,1,W,5,W
38,11.94,200.70,1,W,5,W
41,54.21,201.00,1,W,5,W
66,35.11,201.30,1,E,5,W
73,44.26,221.94,2,W,5,N
39,41.05,222.24,1,W,5,N
40,48.79,222.54,1,W,5,N
42,59.12,222.84,1,W,5,N
107,180.76,265.94,5,W,5,N
108,184.64,266.24,5,W,5,N
109,215.41,266.54,5,W,5,N
110,222.41,266.84,5,W,5,N
111,225.04,267.14,5,W,5,N
112,234.70,267.44,5,W,5,N
113,240.19,267.74,5,W,5,N
142,222.02,279.94,5,E,5,N
67,111.15,299.70,1,E,5,W
74,101.94,321.84,2,W,5,N
79,187.38,322.14,2,E,5,N
0,126.46,322.44,1,S,5,N
1,129.89,322.74,1,S,5,N
2,133.71,323.04,1,S,5,N
43,101.14,323.34,1,W,5,N
44,163.87,323.64,1,W,5,N
68,165.19,323.94,1,E,5,N
97,264.56,330.57,3,E,5,N
114,335.72,365.84,5,W,5,N
115,340.85,366.14,5,W,5,N
116,348.62,366.44,5,W,5,N
143,315.07,379.84,5,E,5,N
85,259.57,399.60,3,W,5,W
86,275.56,399.90,3,W,5,W
3,145.06,400.20,1,S,5,W
47,292.43,400.40,1,W,2,W
80,296.09,421.74,2,E,5,N
45,228.76,422.04,1,W,5,N
69,277.99,422.34,1,E,5,N
81,392.10,428.17,2,E,3,W
7,307.24,436.47,1,S,3,E
51,315.94,438.87,1,W,3,W
117,411.26,465.74,5,W,5,N
118,415.75,466.04,5,W,5,N
119,444.07,466.34,5,W,5,N
120,445.53,466.64,5,W,5,N
121,455.46,466.94,5,W,5,N
122,465.94,472.08,5,W,5,N
5,297.51,499.50,1,S,5,W
8,309.06,499.80,1,S,5,W
10,330.71,500.10,1,S,5,W
144,494.21,500.35,5,E,5,N
50,310.47,500.40,1,W,5,W
4,290.74,521.64,1,S,5,N
6,300.23,521.94,1,S,5,N
9,329.77,522.24,1,S,5,N
46,289.69,522.54,1,W,5,N
48,300.23,522.84,1,W,5,N
49,304.97,523.14,1,W,5,N
70,382.28,523.44,1,E,5,N
98,406.89,530.17,3,E,5,N
123,498.81,565.64,5,W,5,N
124,530.07,565.94,5,W,5,N
125,544.32,566.24,5,W,5,N
126,572.13,578.27,5,W,5,N
145,589.88,596.01,5,E,5,N
53,396.45,599.40,1,W,5,W
12,531.32,600.60,1,S,2,W
146,594.59,600.73,5,E,5,N
56,481.01,600.90,1,W,2,W
14,541.72,602.40,1,S,1,W
54,409.29,615.40,1,W,5,E
75,430.95,621.54,2,W,5,N
76,478.38,621.84,2,W,5,N
52,394.16,622.14,1,W,5,N
55,414.31,622.44,1,W,5,N
88,526.31,630.27,3,W,5,N
21,570.28,643.12,1,S,2,W
127,576.42,665.54,5,W,5,N
128,579.27,665.84,5,W,5,N
17,549.40,698.60,1,S,3,W
87,510.29,699.30,3,W,5,W
11,524.23,699.60,1,S,5,W
60,659.98,700.70,1,W,2,W
77,590.78,715.30,2,W,5,E
82,546.51,721.44,2,E,5,N
13,537.23,721.74,1,S,5,N
57,488.91,722.04,1,W,5,N
99,644.82,729.77,3,E,5,N
100,683.00,744.77,3,E,5,N
129,684.20,765.44,5,W,5,N
130,725.51,765.74,5,W,5,N
131,753.30,766.04,5,W,5,N
19,558.94,799.20,1,S,5,W
78,645.51,799.50,2,W,5,W
58,590.30,799.80,1,W,5,W
30,742.12,803.20,1,S,1,W
32,755.80,803.50,1,S,1,W
15,545.31,821.34,1,S,5,N
16,548.03,821.64,1,S,5,N
18,558.87,821.94,1,S,5,N
20,566.18,822.24,1,S,5,N
59,604.81,822.54,1,W,5,N
71,640.28,822.84,1,E,5,N
89,759.16,829.57,3,W,5,N
26,716.24,837.17,1,S,3,W
132,813.54,865.34,5,W,5,N
133,814.58,865.64,5,W,5,N
147,873.69,879.83,5,E,5,N
83,720.17,899.10,2,E,5,W
62,766.89,899.40,1,W,5,W
22,695.69,921.24,1,S,5,N
23,699.28,921.54,1,S,5,N
24,702.04,921.84,1,S,5,N
25,707.51,922.14,1,S,5,N
27,719.62,922.44,1,S,5,N
28,727.59,922.74,1,S,5,N
29,734.36,923.04,1,S,5,N
61,760.09,923.34,1,W,5,N
72,706.35,923.64,1,E,5,N
90,809.98,929.37,3,W,5,N
91,813.51,929.67,3,W,5,N
92,825.53,999.00,3,W,5,W
93,859.19,999.30,3,W,5,W
101,894.10,999.60,3,E,5,W
33,757.31,999.90,1,S,5,W
34,764.97,1000.20,1,S,5,W
36,777.11,1000.50,1,S,5,W
63,780.26,1000.80,1,W,5,W
64,785.51,1015.00,1,W,5,E
31,747.21,1021.14,1,S,5,N
35,771.50,1021.44,1,S,5,N
84,864.00,1021.74,2,E,5,N
65,868.28,1121.04,1,W,5,N