id,enter_time,exit_time,entrance_intersection,entrance_direction,exit_intersection,exit_direction
129,20.38,66.14,5,W,5,N
1,9.31,100.40,1,S,1,W
113,55.11,124.83,3,W,5,E
120,4.59,130.97,3,E,5,N
130,79.67,166.04,5,W,5,N
131,85.18,166.34,5,W,5,N
132,108.20,166.64,5,W,5,N
133,113.64,166.94,5,W,5,N
77,23.13,199.80,1,E,5,W
2,148.75,200.80,1,S,1,W
97,58.31,221.94,2,W,5,N
0,4.54,222.24,1,S,5,N
114,122.99,230.77,3,W,5,N
134,246.10,265.94,5,W,5,N
155,274.11,280.25,5,E,5,N
156,274.74,280.88,5,E,5,N
157,289.41,295.54,5,E,5,N
115,128.93,299.70,3,W,5,W
98,154.52,300.00,2,W,5,W
50,155.10,300.30,1,W,5,W
99,172.81,321.84,2,W,5,N
108,189.72,322.14,2,E,5,N
49,90.10,322.44,1,W,5,N
78,101.53,322.74,1,E,5,N
116,212.16,330.57,3,W,5,N
121,224.11,330.87,3,E,5,N
54,212.02,337.27,1,W,3,E
122,278.26,340.03,3,E,5,N
135,365.86,372.00,5,W,5,N
136,371.88,378.02,5,W,5,N
158,301.55,379.84,5,E,5,N
123,285.53,399.60,3,E,5,W
4,159.66,399.90,1,S,5,W
5,165.73,400.20,1,S,5,W
8,175.05,400.50,1,S,5,W
52,185.98,400.80,1,W,5,W
55,255.85,401.10,1,W,5,W
19,371.12,401.60,1,S,1,W
21,379.91,401.90,1,S,1,W
3,153.97,421.74,1,S,5,N
6,172.70,422.04,1,S,5,N
7,173.46,422.34,1,S,5,N
9,176.23,422.64,1,S,5,N
10,180.53,422.94,1,S,5,N
11,189.65,423.24,1,S,5,N
12,199.69,423.54,1,S,5,N
100,231.32,423.84,2,W,5,N
51,171.05,424.14,1,W,5,N
53,207.35,424.44,1,W,5,N
79,217.04,424.74,1,E,5,N
80,221.08,425.04,1,E,5,N
81,293.03,425.34,1,E,5,N
30,423.21,437.34,1,S,1,E
17,359.29,441.72,1,S,2,W
137,379.08,465.74,5,W,5,N
138,383.28,466.04,5,W,5,N
139,387.65,466.34,5,W,5,N
140,393.86,466.64,5,W,5,N
141,453.65,466.94,5,W,5,N
159,488.21,494.35,5,E,5,N
56,322.21,499.50,1,W,5,W
57,360.10,499.80,1,W,5,W
28,409.53,502.00,1,S,1,W
34,439.90,502.30,1,S,1,W
36,443.15,502.60,1,S,1,W
101,316.77,521.64,2,W,5,N
109,306.38,521.94,2,E,5,N
102,371.61,522.24,2,W,5,N
110,353.38,522.54,2,E,5,N
82,362.42,522.84,1,E,5,N
124,461.09,530.17,3,E,5,N
142,542.56,565.64,5,W,5,N
160,515.73,579.64,5,E,5,N
161,531.25,579.94,5,E,5,N
162,552.58,580.24,5,E,5,N
163,573.55,580.54,5,E,5,N
164,578.21,584.34,5,E,5,N
117,420.90,599.40,3,W,5,W
20,373.51,599.70,1,S,5,W
24,390.03,600.00,1,S,5,W
26,398.12,600.30,1,S,5,W
29,420.14,600.60,1,S,5,W
31,423.57,600.90,1,S,5,W
59,415.01,601.20,1,W,5,W
84,417.26,601.50,1,E,5,W
86,493.53,611.36,1,E,5,W
104,542.89,613.07,2,W,3,E
37,564.48,615.20,1,S,1,E
83,404.87,615.40,1,E,5,E
85,457.44,615.70,1,E,5,E
13,339.85,621.54,1,S,5,N
14,343.21,621.84,1,S,5,N
15,344.46,622.14,1,S,5,N
16,347.40,622.44,1,S,5,N
18,365.79,622.74,1,S,5,N
22,379.92,623.04,1,S,5,N
23,383.55,623.34,1,S,5,N
25,396.11,623.64,1,S,5,N
27,402.92,623.94,1,S,5,N
32,430.84,624.24,1,S,5,N
33,432.77,624.54,1,S,5,N
58,413.72,624.84,1,W,5,N
60,451.92,625.14,1,W,5,N
125,522.95,629.97,3,E,5,N
88,566.00,637.87,1,E,3,W
143,586.00,665.54,5,W,5,N
144,592.06,665.84,5,W,5,N
165,600.55,679.54,5,E,5,N
40,572.88,698.60,1,S,3,E
35,442.83,715.30,1,S,5,E
111,531.98,721.44,2,E,5,N
103,516.33,721.74,2,W,5,N
61,493.72,722.04,1,W,5,N
62,497.96,722.34,1,W,5,N
63,534.94,722.64,1,W,5,N
87,509.94,722.94,1,E,5,N
89,579.50,723.24,1,E,5,N
118,681.39,743.16,3,W,5,N
145,726.54,765.44,5,W,5,N
146,764.15,770.29,5,W,5,N
42,763.69,803.20,1,S,1,W
45,788.10,803.50,1,S,1,W
46,792.84,806.98,1,S,1,W
90,690.46,808.29,1,E,5,W
38,565.66,821.34,1,S,5,N
39,566.57,821.64,1,S,5,N
105,662.56,821.94,2,W,5,N
64,602.44,822.24,1,W,5,N
65,605.76,822.54,1,W,5,N
66,645.15,822.84,1,W,5,N
126,708.67,829.57,3,E,5,N
147,773.92,865.34,5,W,5,N
148,779.81,865.64,5,W,5,N
149,798.79,865.94,5,W,5,N
150,850.87,866.24,5,W,5,N
151,858.29,866.54,5,W,5,N
152,870.08,876.21,5,W,5,N
166,805.52,879.34,5,E,5,N
91,731.14,899.10,1,E,5,W
48,896.49,910.63,1,S,1,W
106,718.21,921.24,2,W,5,N
112,717.85,921.54,2,E,5,N
107,799.19,921.84,2,W,5,N
67,716.93,922.14,1,W,5,N
92,749.68,922.44,1,E,5,N
72,808.65,938.17,1,W,3,E
127,883.14,944.91,3,E,5,N
128,889.28,951.05,3,E,5,N
153,872.92,965.24,5,W,5,N
154,878.88,965.54,5,W,5,N
119,889.72,999.00,3,W,5,W
44,778.03,999.30,1,S,5,W
47,793.87,999.60,1,S,5,W
69,787.14,999.90,1,W,5,W
70,796.69,1000.20,1,W,5,W
71,801.51,1000.50,1,W,5,W
74,863.42,1000.80,1,W,5,W
94,833.53,1001.10,1,E,5,W
95,869.09,1001.40,1,E,5,W
96,870.51,1001.70,1,E,5,W
41,756.81,1021.14,1,S,5,N
43,776.97,1021.44,1,S,5,N
68,777.26,1021.74,1,W,5,N
73,813.00,1022.04,1,W,5,N
75,867.52,1022.34,1,W,5,N
93,823.60,1022.64,1,E,5,N
76,880.36,1121.04,1,W,5,N