id,enter_time,exit_time,entrance_intersection,entrance_direction,exit_intersection,exit_direction
148,4.96,80.14,5,E,5,N
149,38.82,80.44,5,E,5,N
0,0.84,100.40,1,S,1,W
4,26.31,100.70,1,S,1,W
95,10.47,130.97,3,W,5,N
105,28.78,131.87,3,E,5,N
71,4.13,138.27,1,E,3,E
115,141.74,166.04,5,W,5,N
116,170.67,176.80,5,W,5,N
102,7.02,199.80,3,E,5,W
103,14.26,200.10,3,E,5,W
104,21.60,200.40,3,E,5,W
1,6.92,200.70,1,S,5,W
10,184.70,200.80,1,S,1,W
3,16.44,201.00,1,S,5,W
6,28.10,201.30,1,S,5,W
7,28.41,201.60,1,S,5,W
73,33.97,201.90,1,E,5,W
14,200.48,214.62,1,S,1,E
72,21.90,215.80,1,E,5,E
2,9.36,221.94,1,S,5,N
5,26.38,222.24,1,S,5,N
32,6.14,222.54,1,W,5,N
74,41.15,222.84,1,E,5,N
117,178.62,265.94,5,W,5,N
118,243.05,266.24,5,W,5,N
119,250.19,266.54,5,W,5,N
9,180.88,299.40,1,S,3,E
33,65.04,299.70,1,W,5,W
36,89.97,300.00,1,W,5,W
13,199.24,301.20,1,S,1,W
90,182.81,321.84,2,E,5,N
34,78.87,322.14,1,W,5,N
35,85.60,322.44,1,W,5,N
37,119.38,322.74,1,W,5,N
106,234.34,330.57,3,E,5,N
96,226.60,330.87,3,W,5,N
120,369.49,375.62,5,W,5,N
121,371.10,377.24,5,W,5,N
150,332.23,379.84,5,E,5,N
8,177.72,399.60,1,S,5,W
11,192.11,399.90,1,S,5,W
12,196.59,400.20,1,S,5,W
16,204.41,400.50,1,S,5,W
18,217.22,400.80,1,S,5,W
41,228.26,401.10,1,W,5,W
75,215.43,401.40,1,E,5,W
17,211.68,415.60,1,S,5,E
76,226.95,415.90,1,E,5,E
15,204.36,421.74,1,S,5,N
38,182.18,422.04,1,W,5,N
39,192.69,422.34,1,W,5,N
40,221.14,422.64,1,W,5,N
97,346.38,424.23,3,W,5,E
20,386.13,440.82,1,S,2,W
122,375.17,465.74,5,W,5,N
123,379.36,466.04,5,W,5,N
124,437.51,466.34,5,W,5,N
125,445.01,466.64,5,W,5,N
126,450.85,466.94,5,W,5,N
127,454.04,467.24,5,W,5,N
128,460.08,467.54,5,W,5,N
129,463.70,469.84,5,W,5,N
107,379.46,499.50,3,E,5,W
42,314.53,499.80,1,W,5,W
44,335.20,500.10,1,W,5,W
48,450.25,500.50,1,W,2,W
22,406.87,502.00,1,S,1,W
91,358.01,521.64,2,E,5,N
83,383.96,521.94,2,W,5,N
43,321.15,522.24,1,W,5,N
108,417.82,530.17,3,E,5,N
98,461.82,530.47,3,W,5,N
99,480.78,536.41,3,W,5,E
130,507.28,565.64,5,W,5,N
131,558.24,565.94,5,W,5,N
132,563.23,569.36,5,W,5,N
133,569.89,576.02,5,W,5,N
151,523.55,579.64,5,E,5,N
152,536.91,579.94,5,E,5,N
153,542.99,580.24,5,E,5,N
19,377.83,599.40,1,S,5,W
92,459.55,599.70,2,E,5,W
45,402.74,600.00,1,W,5,W
46,441.81,600.30,1,W,5,W
49,455.99,600.60,1,W,5,W
53,535.48,600.60,1,W,2,E
25,564.15,602.40,1,S,1,W
24,558.52,615.20,1,S,1,E
84,478.41,615.40,2,W,5,E
21,400.22,621.54,1,S,5,N
47,444.21,621.84,1,W,5,N
50,462.56,622.14,1,W,5,N
77,477.55,622.44,1,E,5,N
78,500.61,624.57,1,E,5,N
109,540.21,629.97,3,E,5,N
29,581.59,642.52,1,S,2,W
134,575.66,665.54,5,W,5,N
135,671.99,678.13,5,W,5,N
154,612.90,679.54,5,E,5,N
155,680.75,686.89,5,E,5,N
80,576.78,699.30,1,E,5,W
156,697.81,703.95,5,E,5,N
54,543.31,715.30,1,W,5,E
85,532.81,721.44,2,W,5,N
51,469.32,721.74,1,W,5,N
52,530.66,722.04,1,W,5,N
55,553.31,722.34,1,W,5,N
79,570.95,722.64,1,E,5,N
110,611.19,729.77,3,E,5,N
58,652.83,737.37,1,W,3,W
60,665.15,737.97,1,W,3,W
136,697.33,765.44,5,W,5,N
137,771.72,777.86,5,W,5,N
157,723.97,779.44,5,E,5,N
158,744.87,779.74,5,E,5,N
159,750.73,780.04,5,E,5,N
28,575.15,799.20,1,S,5,W
93,653.29,799.50,2,E,5,W
86,660.90,799.80,2,W,5,W
87,705.69,812.97,2,W,3,E
59,659.55,815.20,1,W,5,E
31,769.58,816.00,1,S,1,E
23,556.71,821.34,1,S,5,N
26,570.56,821.64,1,S,5,N
27,573.45,821.94,1,S,5,N
56,629.62,822.24,1,W,5,N
57,631.16,822.54,1,W,5,N
113,793.80,855.57,3,E,5,N
138,778.88,865.34,5,W,5,N
139,803.74,865.64,5,W,5,N
140,833.53,865.94,5,W,5,N
141,839.03,866.24,5,W,5,N
142,845.26,866.54,5,W,5,N
143,850.49,866.84,5,W,5,N
144,857.54,867.14,5,W,5,N
145,866.11,872.25,5,W,5,N
160,870.57,879.34,5,E,5,N
161,892.00,898.13,5,E,5,N
100,713.75,899.10,3,W,5,W
111,779.66,899.40,3,E,5,W
112,786.26,899.70,3,E,5,W
88,707.17,900.00,2,W,5,W
81,771.27,900.30,1,E,5,W
63,787.64,900.90,1,W,2,W
61,669.21,921.24,1,W,5,N
114,857.79,923.23,3,E,5,E
146,875.36,965.24,5,W,5,N
147,876.77,965.54,5,W,5,N
101,822.36,999.00,3,W,5,W
30,765.78,999.30,1,S,5,W
89,861.74,999.60,2,W,5,W
94,851.11,999.90,2,E,5,W
68,835.75,1000.20,1,W,5,W
69,843.69,1000.50,1,W,5,W
82,828.03,1000.80,1,E,5,W
62,773.12,1021.14,1,W,5,N
64,794.24,1021.44,1,W,5,N
65,802.12,1021.74,1,W,5,N
66,815.03,1022.04,1,W,5,N
67,828.74,1022.34,1,W,5,N
70,847.97,1022.64,1,W,5,N