id,enter_time,exit_time,entrance_intersection,entrance_direction,exit_intersection,exit_direction
1,3.51,17.65,1,S,1,E
3,14.99,29.13,1,S,1,E
117,1.23,66.14,5,W,5,N
118,2.95,66.44,5,W,5,N
154,27.34,80.14,5,E,5,N
155,43.50,80.44,5,E,5,N
156,61.19,80.74,5,E,5,N
110,32.21,130.97,3,E,5,N
102,46.93,131.27,3,W,5,N
157,155.98,180.04,5,E,5,N
158,166.70,180.34,5,E,5,N
41,6.58,199.80,1,W,5,W
7,196.04,213.60,1,S,1,E
8,202.27,216.41,1,S,1,E
0,0.23,221.94,1,S,5,N
96,43.52,222.24,2,E,5,N
2,11.62,222.54,1,S,5,N
119,193.61,265.94,5,W,5,N
120,254.59,266.24,5,W,5,N
121,254.74,266.54,5,W,5,N
122,261.88,268.02,5,W,5,N
123,269.86,276.00,5,W,5,N
111,173.63,299.70,3,E,5,W
90,156.00,300.00,2,W,5,W
9,209.54,300.30,1,S,2,W
74,175.48,300.30,1,E,5,W
11,228.77,300.60,1,S,2,W
97,102.32,321.84,2,E,5,N
42,82.68,322.14,1,W,5,N
43,96.33,322.44,1,W,5,N
75,196.69,322.74,1,E,5,N
112,212.32,330.57,3,E,5,N
124,278.16,365.84,5,W,5,N
125,283.04,366.14,5,W,5,N
126,290.64,366.44,5,W,5,N
127,293.52,366.74,5,W,5,N
128,296.63,367.04,5,W,5,N
129,334.46,367.34,5,W,5,N
130,335.05,367.64,5,W,5,N
131,340.46,367.94,5,W,5,N
132,349.15,368.24,5,W,5,N
159,326.88,379.84,5,E,5,N
4,186.21,399.60,1,S,5,W
48,215.27,399.90,1,W,5,W
53,256.41,400.20,1,W,5,W
54,259.45,400.50,1,W,5,W
55,261.78,400.80,1,W,5,W
10,217.44,415.60,1,S,5,E
45,179.37,415.90,1,W,5,E
5,187.30,421.74,1,S,5,N
6,194.35,422.04,1,S,5,N
91,286.57,422.34,2,W,5,N
98,293.54,422.64,2,E,5,N
44,173.89,422.94,1,W,5,N
46,184.18,423.24,1,W,5,N
47,188.63,423.54,1,W,5,N
49,222.11,423.84,1,W,5,N
50,224.53,424.14,1,W,5,N
51,239.62,424.44,1,W,5,N
52,245.41,424.74,1,W,5,N
76,255.72,425.04,1,E,5,N
103,302.27,430.37,3,W,5,N
13,416.46,430.60,1,S,1,E
104,307.53,430.67,3,W,5,N
58,357.40,437.07,1,W,3,W
133,380.60,465.74,5,W,5,N
134,389.43,466.04,5,W,5,N
135,396.70,466.34,5,W,5,N
136,403.98,466.64,5,W,5,N
137,456.66,466.94,5,W,5,N
92,326.29,499.50,2,W,5,W
57,344.60,499.80,1,W,5,W
77,361.58,500.10,1,E,5,W
17,435.58,502.00,1,S,1,W
19,467.94,502.30,1,S,1,W
79,393.26,511.08,1,E,5,W
99,403.79,512.67,2,E,3,W
23,481.79,514.80,1,S,1,E
82,491.25,517.36,1,E,2,E
56,338.24,521.64,1,W,5,N
59,363.96,521.94,1,W,5,N
78,370.66,522.24,1,E,5,N
105,423.85,530.17,3,W,5,N
113,411.61,530.47,3,E,5,N
15,429.06,537.17,1,S,3,W
138,569.02,575.16,5,W,5,N
160,500.11,579.64,5,E,5,N
161,526.30,579.94,5,E,5,N
162,549.63,580.24,5,E,5,N
60,450.92,599.40,1,W,5,W
80,428.96,599.70,1,E,5,W
61,531.02,600.60,1,W,2,W
63,546.75,600.90,1,W,2,W
12,410.17,615.40,1,S,5,E
14,422.14,621.54,1,S,5,N
16,429.09,621.84,1,S,5,N
81,449.16,622.14,1,E,5,N
83,494.84,622.44,1,E,5,N
107,574.46,636.23,3,W,5,N
139,574.81,665.54,5,W,5,N
140,580.13,665.84,5,W,5,N
141,585.29,666.14,5,W,5,N
142,627.87,666.44,5,W,5,N
143,636.26,666.74,5,W,5,N
144,660.61,666.75,5,W,5,N
145,668.43,674.57,5,W,5,N
163,611.72,679.54,5,E,5,N
164,618.70,679.84,5,E,5,N
106,524.87,699.30,3,W,5,W
20,472.30,699.60,1,S,5,W
21,480.11,699.90,1,S,5,W
100,581.87,700.20,2,E,5,W
62,538.53,700.50,1,W,5,W
25,636.44,702.80,1,S,1,W
26,642.30,703.10,1,S,1,W
27,671.57,703.40,1,S,1,W
18,464.53,721.44,1,S,5,N
22,480.67,721.74,1,S,5,N
64,551.72,722.04,1,W,5,N
114,645.19,729.77,3,E,5,N
108,683.68,745.45,3,W,5,N
146,675.20,765.44,5,W,5,N
147,708.37,765.74,5,W,5,N
148,735.32,766.04,5,W,5,N
149,736.72,766.34,5,W,5,N
150,747.68,766.64,5,W,5,N
165,791.94,798.07,5,E,5,N
115,651.52,799.20,3,E,5,W
84,650.31,799.50,1,E,5,W
65,580.95,815.20,1,W,5,E
24,629.02,821.34,1,S,5,N
66,586.58,821.64,1,W,5,N
67,593.86,821.94,1,W,5,N
68,657.73,822.24,1,W,5,N
109,722.33,829.57,3,W,5,N
151,805.32,865.34,5,W,5,N
152,813.31,865.64,5,W,5,N
166,870.45,879.34,5,E,5,N
167,874.15,880.29,5,E,5,N
93,701.04,899.10,2,W,5,W
101,756.75,899.40,2,E,5,W
70,727.67,899.70,1,W,5,W
86,755.55,900.00,1,E,5,W
34,867.68,903.60,1,S,1,W
35,872.50,916.40,1,S,1,E
94,742.27,921.24,2,W,5,N
69,722.50,921.54,1,W,5,N
85,716.08,921.84,1,E,5,N
87,769.35,922.14,1,E,5,N
88,778.82,922.44,1,E,5,N
36,876.70,943.12,1,S,2,W
116,888.95,944.58,3,E,5,E
153,873.04,965.24,5,W,5,N
39,890.69,998.00,1,S,3,W
95,867.41,999.00,2,W,5,W
29,833.89,999.30,1,S,5,W
30,834.68,999.60,1,S,5,W
28,829.15,1021.14,1,S,5,N
31,837.02,1021.44,1,S,5,N
71,819.84,1021.74,1,W,5,N
72,826.98,1022.04,1,W,5,N
89,835.34,1022.34,1,E,5,N
40,893.08,1098.90,1,S,5,W
73,897.79,1099.20,1,W,5,W
32,841.96,1121.04,1,S,5,N
33,863.02,1121.34,1,S,5,N
37,882.14,1121.64,1,S,5,N
38,886.16,1121.94,1,S,5,N