id,enter_time,exit_time,entrance_intersection,entrance_direction,exit_intersection,exit_direction
130,31.36,66.14,5,W,5,N
131,49.44,66.44,5,W,5,N
132,52.60,66.74,5,W,5,N
133,57.71,67.04,5,W,5,N
134,61.07,67.21,5,W,5,N
159,31.46,80.14,5,E,5,N
6,40.32,100.40,1,S,1,W
120,59.74,130.97,3,E,5,N
5,37.90,139.32,1,S,2,E
135,169.16,175.29,5,W,5,N
2,21.64,199.80,1,S,5,W
50,48.53,200.10,1,W,5,W
51,52.17,200.40,1,W,5,W
11,196.72,210.85,1,S,1,W
0,11.74,221.94,1,S,5,N
1,17.85,222.24,1,S,5,N
3,27.58,222.54,1,S,5,N
4,32.31,222.84,1,S,5,N
15,213.01,227.14,1,S,1,E
112,117.60,230.77,3,W,5,N
9,191.98,239.72,1,S,2,E
136,174.52,265.94,5,W,5,N
137,214.95,266.24,5,W,5,N
138,220.82,266.54,5,W,5,N
139,227.36,266.84,5,W,5,N
160,239.92,279.94,5,E,5,N
161,256.24,280.24,5,E,5,N
162,263.84,280.54,5,E,5,N
93,101.04,299.70,2,W,5,W
94,101.58,300.00,2,W,5,W
52,117.77,300.30,1,W,5,W
76,105.94,300.60,1,E,5,W
14,209.43,301.20,1,S,1,W
16,217.11,301.50,1,S,1,W
17,221.07,301.80,1,S,1,W
97,238.33,312.47,2,W,3,W
7,47.65,321.84,1,S,5,N
8,49.17,322.14,1,S,5,N
95,154.71,322.44,2,W,5,N
106,187.08,322.74,2,E,5,N
96,191.55,323.04,2,W,5,N
77,128.11,323.34,1,E,5,N
121,219.14,330.57,3,E,5,N
56,209.78,337.27,1,W,3,W
140,290.96,365.84,5,W,5,N
141,333.44,366.14,5,W,5,N
10,193.72,399.60,1,S,5,W
13,203.83,399.90,1,S,5,W
61,253.35,400.20,1,W,5,W
23,377.15,401.60,1,S,1,W
26,388.36,402.49,1,S,1,W
27,394.95,409.09,1,S,1,W
79,293.30,411.12,1,E,5,W
12,201.84,421.74,1,S,5,N
98,268.11,422.04,2,W,5,N
53,178.60,422.34,1,W,5,N
54,191.92,422.64,1,W,5,N
55,204.13,422.94,1,W,5,N
57,211.22,423.24,1,W,5,N
58,212.20,423.54,1,W,5,N
59,219.96,423.84,1,W,5,N
60,227.44,424.14,1,W,5,N
78,271.59,424.44,1,E,5,N
80,298.96,424.74,1,E,5,N
142,376.36,465.74,5,W,5,N
143,382.33,466.04,5,W,5,N
144,388.07,466.34,5,W,5,N
145,431.09,466.64,5,W,5,N
146,431.79,466.94,5,W,5,N
147,456.69,467.24,5,W,5,N
148,467.08,473.22,5,W,5,N
107,372.68,499.50,2,E,5,W
62,317.77,499.80,1,W,5,W
29,410.19,500.50,1,S,2,E
102,472.14,513.27,2,W,3,W
99,353.65,515.50,2,W,5,E
81,312.67,521.64,1,E,5,N
82,360.26,521.94,1,E,5,N
83,375.00,522.24,1,E,5,N
113,416.58,530.17,3,W,5,N
86,470.47,538.37,1,E,3,E
114,491.40,553.17,3,W,5,N
149,492.02,565.64,5,W,5,N
150,533.78,565.94,5,W,5,N
163,531.44,579.64,5,E,5,N
122,444.72,599.40,3,E,5,W
20,366.39,599.70,1,S,5,W
22,372.60,600.00,1,S,5,W
108,448.63,600.30,2,E,5,W
100,410.98,600.60,2,W,5,W
64,383.43,600.90,1,W,5,W
85,440.03,601.20,1,E,5,W
35,566.06,602.40,1,S,1,W
37,581.94,602.70,1,S,1,W
87,492.50,610.32,1,E,5,W
36,576.29,615.20,1,S,1,E
101,468.79,615.40,2,W,5,E
18,351.68,621.54,1,S,5,N
19,358.95,621.84,1,S,5,N
21,369.81,622.14,1,S,5,N
24,381.79,622.44,1,S,5,N
25,385.41,622.74,1,S,5,N
28,403.83,623.04,1,S,5,N
63,383.04,623.34,1,W,5,N
65,396.37,623.64,1,W,5,N
66,403.93,623.94,1,W,5,N
84,412.61,624.24,1,E,5,N
115,506.16,629.97,3,W,5,N
151,665.47,671.61,5,W,5,N
109,641.34,712.87,2,E,3,W
103,525.55,721.44,2,W,5,N
30,531.68,721.74,1,S,5,N
67,468.07,722.04,1,W,5,N
68,532.64,722.34,1,W,5,N
123,621.87,729.77,3,E,5,N
152,733.30,765.44,5,W,5,N
153,740.64,765.74,5,W,5,N
154,758.53,766.04,5,W,5,N
155,762.75,768.89,5,W,5,N
164,729.78,779.44,5,E,5,N
116,617.63,799.20,3,W,5,W
32,546.74,799.50,1,S,5,W
34,558.79,799.80,1,S,5,W
31,540.63,821.34,1,S,5,N
33,558.08,821.64,1,S,5,N
38,587.83,821.94,1,S,5,N
39,590.51,822.24,1,S,5,N
110,687.38,822.54,2,E,5,N
69,570.83,822.84,1,W,5,N
70,650.41,823.14,1,W,5,N
71,658.31,823.44,1,W,5,N
88,604.04,823.74,1,E,5,N
89,683.44,824.04,1,E,5,N
42,730.27,837.47,1,S,3,W
156,798.28,865.34,5,W,5,N
157,841.35,865.64,5,W,5,N
158,847.28,865.94,5,W,5,N
124,764.32,899.10,3,E,5,W
43,737.99,899.40,1,S,5,W
90,743.27,899.70,1,E,5,W
74,793.93,900.90,1,W,2,W
49,801.48,903.60,1,S,1,W
40,716.14,915.10,1,S,5,E
41,723.93,915.40,1,S,5,E
72,696.32,921.24,1,W,5,N
91,747.53,921.54,1,E,5,N
125,803.81,923.23,3,E,5,E
117,852.98,929.37,3,W,5,N
127,814.42,929.97,3,E,5,N
119,882.18,943.95,3,W,5,N
126,809.42,999.00,3,E,5,W
118,855.96,999.30,3,W,5,W
128,821.21,999.60,3,E,5,W
129,825.83,999.90,3,E,5,W
46,764.89,1000.20,1,S,5,W
47,793.13,1000.50,1,S,5,W
105,869.29,1000.80,2,W,5,W
111,879.39,1001.10,2,E,5,W
73,772.50,1001.40,1,W,5,W
44,745.61,1021.14,1,S,5,N
45,760.87,1021.44,1,S,5,N
48,795.33,1021.74,1,S,5,N
104,829.06,1022.04,2,W,5,N
92,843.37,1022.34,1,E,5,N
75,875.14,1114.90,1,W,5,E