id,enter_time,exit_time,entrance_intersection,entrance_direction,exit_intersection,exit_direction
130,61.75,67.89,5,W,5,N
131,64.15,70.29,5,W,5,N
132,71.60,77.74,5,W,5,N
159,35.66,80.14,5,E,5,N
160,36.95,80.44,5,E,5,N
161,68.51,80.74,5,E,5,N
6,47.49,100.40,1,S,1,W
7,52.22,100.70,1,S,1,W
2,20.12,136.47,1,S,3,W
91,58.93,137.37,1,E,3,E
133,141.13,166.04,5,W,5,N
134,141.43,166.34,5,W,5,N
135,172.07,178.21,5,W,5,N
5,47.09,199.60,1,S,3,W
92,65.55,199.80,1,E,5,W
112,154.02,212.37,2,E,3,W
0,3.78,221.94,1,S,5,N
1,13.42,222.24,1,S,5,N
61,7.68,222.54,1,W,5,N
62,14.16,222.84,1,W,5,N
136,182.91,265.94,5,W,5,N
123,133.21,299.70,3,E,5,W
3,37.41,300.00,1,S,5,W
4,43.07,300.30,1,S,5,W
63,101.28,300.60,1,W,5,W
95,173.35,300.90,1,E,5,W
8,55.72,321.84,1,S,5,N
9,62.03,322.14,1,S,5,N
64,108.05,322.44,1,W,5,N
65,121.93,322.74,1,W,5,N
66,126.87,323.04,1,W,5,N
93,108.39,323.34,1,E,5,N
94,151.40,323.64,1,E,5,N
124,273.62,329.25,3,E,5,E
67,192.29,336.97,1,W,3,W
137,356.78,365.84,5,W,5,N
138,363.59,369.72,5,W,5,N
139,368.48,374.62,5,W,5,N
162,362.43,379.84,5,E,5,N
163,365.63,380.14,5,E,5,N
119,298.33,399.60,3,W,5,W
113,230.16,399.90,2,E,5,W
69,200.90,400.20,1,W,5,W
11,235.85,415.60,1,S,5,E
10,154.83,421.74,1,S,5,N
12,236.22,422.04,1,S,5,N
68,194.39,422.34,1,W,5,N
70,243.41,422.64,1,W,5,N
71,250.76,422.94,1,W,5,N
72,253.71,423.24,1,W,5,N
96,244.13,423.54,1,E,5,N
97,261.14,423.84,1,E,5,N
140,382.24,465.74,5,W,5,N
141,407.61,466.04,5,W,5,N
142,419.69,466.34,5,W,5,N
143,420.84,466.64,5,W,5,N
144,428.65,466.94,5,W,5,N
145,458.27,467.24,5,W,5,N
146,465.27,471.40,5,W,5,N
164,403.89,479.74,5,E,5,N
114,304.56,499.50,2,E,5,W
109,459.47,512.67,2,W,3,E
73,319.59,515.50,1,W,5,E
108,372.99,521.64,2,W,5,N
74,324.42,521.94,1,W,5,N
98,338.20,522.24,1,E,5,N
125,464.39,530.17,3,E,5,N
23,535.97,550.11,1,S,1,E
147,493.90,565.64,5,W,5,N
148,559.33,565.94,5,W,5,N
165,568.38,579.64,5,E,5,N
120,411.91,599.40,3,W,5,W
13,361.72,599.70,1,S,5,W
24,537.99,600.60,1,S,2,W
17,514.51,602.40,1,S,1,W
27,547.34,602.70,1,S,1,W
30,551.72,615.20,1,S,1,E
14,364.54,621.54,1,S,5,N
15,373.53,621.84,1,S,5,N
115,467.98,622.14,2,E,5,N
75,402.17,622.44,1,W,5,N
76,438.56,622.74,1,W,5,N
20,520.72,637.57,1,S,3,E
149,595.86,665.54,5,W,5,N
150,600.68,665.84,5,W,5,N
151,605.37,666.14,5,W,5,N
152,613.50,666.44,5,W,5,N
153,641.55,666.74,5,W,5,N
28,547.83,698.60,1,S,3,W
18,515.35,699.30,1,S,5,W
19,516.60,699.60,1,S,5,W
77,502.75,699.90,1,W,5,W
99,540.66,700.20,1,E,5,W
110,505.50,721.44,2,W,5,N
116,568.56,721.74,2,E,5,N
16,510.61,722.04,1,S,5,N
21,527.92,722.34,1,S,5,N
22,529.20,722.64,1,S,5,N
78,523.59,722.94,1,W,5,N
79,525.49,723.24,1,W,5,N
80,529.34,723.54,1,W,5,N
126,600.26,723.63,3,E,5,E
81,566.62,723.84,1,W,5,N
121,628.97,729.77,3,W,5,N
128,614.20,730.37,3,E,5,N
82,624.05,736.77,1,W,3,E
103,632.89,738.27,1,E,3,W
154,678.76,765.44,5,W,5,N
155,740.95,765.74,5,W,5,N
156,741.57,766.04,5,W,5,N
157,751.97,766.34,5,W,5,N
166,755.37,779.44,5,E,5,N
127,607.08,799.20,3,E,5,W
117,674.33,799.50,2,E,5,W
83,629.11,799.80,1,W,5,W
86,730.21,800.80,1,W,2,W
105,758.23,800.80,1,E,2,E
36,762.15,803.20,1,S,1,W
42,789.98,804.11,1,S,1,W
25,543.22,821.34,1,S,5,N
26,546.24,821.64,1,S,5,N
29,548.83,821.94,1,S,5,N
100,609.78,822.24,1,E,5,N
101,617.93,822.54,1,E,5,N
102,632.52,822.84,1,E,5,N
104,646.79,823.14,1,E,5,N
85,692.35,837.17,1,W,3,W
41,783.70,844.82,1,S,2,W
158,781.46,865.34,5,W,5,N
84,683.47,899.10,1,W,5,W
107,876.75,902.87,1,E,2,W
46,804.89,903.60,1,S,1,W
60,892.35,916.40,1,S,1,E
111,882.35,918.42,2,W,3,W
129,804.94,923.23,3,E,5,E
48,810.44,937.57,1,S,3,E
53,846.00,998.00,1,S,3,E
122,834.50,999.00,3,W,5,W
34,755.07,999.30,1,S,5,W
35,759.67,999.60,1,S,5,W
37,766.15,999.90,1,S,5,W
40,775.97,1000.20,1,S,5,W
43,791.26,1000.50,1,S,5,W
44,798.75,1000.80,1,S,5,W
118,871.29,1001.10,2,E,5,W
49,812.36,1001.40,1,S,5,W
51,828.48,1001.70,1,S,5,W
52,834.54,1002.00,1,S,5,W
88,800.12,1002.30,1,W,5,W
90,862.78,1002.60,1,W,5,W
106,875.34,1002.90,1,E,5,W
45,801.06,1015.00,1,S,5,E
47,809.59,1015.30,1,S,5,E
31,744.00,1021.14,1,S,5,N
32,751.85,1021.44,1,S,5,N
33,752.43,1021.74,1,S,5,N
38,769.08,1022.04,1,S,5,N
39,770.77,1022.34,1,S,5,N
50,822.47,1022.64,1,S,5,N
87,788.47,1022.94,1,W,5,N
89,861.27,1023.24,1,W,5,N
58,883.78,1114.90,1,S,5,E
54,852.44,1121.04,1,S,5,N
55,861.19,1121.34,1,S,5,N
56,866.57,1121.64,1,S,5,N
57,868.61,1121.94,1,S,5,N
59,889.83,1122.24,1,S,5,N