id,enter_time,exit_time,entrance_intersection,entrance_direction,exit_intersection,exit_direction
4,28.18,42.32,1,S,1,E
145,4.57,66.14,5,W,5,N
146,13.56,66.44,5,W,5,N
147,16.35,66.74,5,W,5,N
148,17.52,67.04,5,W,5,N
149,60.88,67.34,5,W,5,N
176,28.14,80.14,5,E,5,N
177,83.87,90.00,5,E,5,N
0,2.60,100.40,1,S,1,W
1,6.63,100.70,1,S,1,W
2,11.21,101.00,1,S,1,W
6,33.96,101.30,1,S,1,W
11,68.60,101.60,1,S,1,W
137,6.26,130.97,3,E,5,N
178,122.00,180.04,5,E,5,N
5,28.78,199.80,1,S,5,W
14,104.27,200.80,1,S,1,W
17,113.59,201.10,1,S,1,W
19,120.99,201.40,1,S,1,W
20,124.10,201.70,1,S,1,W
126,44.55,221.94,2,E,5,N
3,16.26,222.24,1,S,5,N
73,6.97,222.54,1,W,5,N
103,30.79,222.84,1,E,5,N
104,38.29,223.14,1,E,5,N
150,197.74,265.94,5,W,5,N
151,201.97,266.24,5,W,5,N
152,232.18,266.54,5,W,5,N
179,220.66,279.94,5,E,5,N
180,223.30,280.24,5,E,5,N
10,64.71,299.70,1,S,5,W
127,109.79,300.00,2,E,5,W
118,151.71,300.30,2,W,5,W
15,105.17,300.60,1,S,5,W
74,87.31,300.90,1,W,5,W
76,104.84,301.20,1,W,5,W
77,143.07,315.70,1,W,5,E
7,39.42,321.84,1,S,5,N
8,59.08,322.14,1,S,5,N
9,63.32,322.44,1,S,5,N
12,80.09,322.74,1,S,5,N
13,103.83,323.04,1,S,5,N
128,159.71,323.34,2,E,5,N
16,111.33,323.64,1,S,5,N
18,118.96,323.94,1,S,5,N
75,91.74,324.24,1,W,5,N
138,207.78,330.57,3,E,5,N
133,214.18,330.87,3,W,5,N
106,300.18,362.36,1,E,3,E
153,274.69,365.84,5,W,5,N
154,301.15,366.14,5,W,5,N
155,304.56,366.44,5,W,5,N
156,366.69,372.83,5,W,5,N
181,334.66,379.84,5,E,5,N
182,353.64,380.14,5,E,5,N
183,354.69,380.44,5,E,5,N
134,252.00,399.60,3,W,5,W
119,259.43,399.90,2,W,5,W
129,288.66,400.20,2,E,5,W
26,334.49,400.40,1,S,2,W
105,232.05,400.50,1,E,5,W
82,307.72,400.70,1,W,2,W
78,171.86,421.74,1,W,5,N
79,175.67,422.04,1,W,5,N
80,259.29,422.34,1,W,5,N
22,320.27,436.77,1,S,3,E
157,376.03,465.74,5,W,5,N
158,377.52,466.04,5,W,5,N
159,406.73,466.34,5,W,5,N
160,412.56,466.64,5,W,5,N
161,419.71,466.94,5,W,5,N
21,319.93,499.50,1,S,5,W
25,333.57,499.80,1,S,5,W
84,320.51,500.10,1,W,5,W
108,357.73,500.40,1,E,5,W
120,318.59,521.64,2,W,5,N
23,323.80,521.94,1,S,5,N
24,330.22,522.24,1,S,5,N
81,302.72,522.54,1,W,5,N
83,312.95,522.84,1,W,5,N
85,353.18,523.14,1,W,5,N
107,304.54,523.44,1,E,5,N
109,365.34,523.74,1,E,5,N
110,369.90,524.04,1,E,5,N
139,415.20,530.17,3,E,5,N
140,420.12,530.47,3,E,5,N
162,486.89,565.64,5,W,5,N
163,492.56,565.94,5,W,5,N
164,496.68,566.24,5,W,5,N
165,549.39,566.54,5,W,5,N
30,408.77,599.40,1,S,5,W
87,407.52,599.70,1,W,5,W
32,534.92,602.40,1,S,1,W
36,567.22,602.70,1,S,1,W
38,569.92,603.00,1,S,1,W
40,576.26,603.30,1,S,1,W
28,382.14,615.40,1,S,5,E
27,366.14,621.54,1,S,5,N
29,401.68,621.84,1,S,5,N
130,468.27,622.14,2,E,5,N
86,397.74,622.44,1,W,5,N
88,459.22,622.74,1,W,5,N
42,588.73,643.12,1,S,2,W
43,591.38,643.42,1,S,2,W
141,592.37,654.14,3,E,5,N
166,581.07,665.54,5,W,5,N
167,621.94,665.84,5,W,5,N
168,636.77,666.14,5,W,5,N
169,661.89,668.02,5,W,5,N
170,668.19,674.33,5,W,5,N
184,628.61,679.54,5,E,5,N
185,635.50,679.84,5,E,5,N
135,548.31,699.30,3,W,5,W
142,597.34,699.60,3,E,5,W
90,569.44,700.70,1,W,2,W
55,644.35,702.80,1,S,1,W
31,529.07,721.44,1,S,5,N
89,480.77,721.74,1,W,5,N
111,570.77,722.04,1,E,5,N
112,582.90,722.34,1,E,5,N
171,675.24,765.44,5,W,5,N
56,651.35,798.40,1,S,3,E
37,567.98,799.20,1,S,5,W
44,592.74,799.50,1,S,5,W
122,640.54,799.80,2,W,5,W
51,630.88,800.10,1,S,5,W
33,556.28,821.34,1,S,5,N
34,557.38,821.64,1,S,5,N
35,564.66,821.94,1,S,5,N
39,574.58,822.24,1,S,5,N
41,580.11,822.54,1,S,5,N
45,592.99,822.84,1,S,5,N
46,594.87,823.14,1,S,5,N
131,617.87,823.44,2,E,5,N
121,629.04,823.74,2,W,5,N
123,687.57,824.04,2,W,5,N
47,615.04,824.34,1,S,5,N
48,615.81,824.64,1,S,5,N
49,625.60,824.94,1,S,5,N
50,628.30,825.24,1,S,5,N
52,631.41,825.54,1,S,5,N
53,634.01,825.84,1,S,5,N
54,637.13,826.14,1,S,5,N
91,576.26,826.44,1,W,5,N
92,582.97,826.74,1,W,5,N
93,656.40,827.04,1,W,5,N
94,663.56,827.34,1,W,5,N
113,658.44,827.64,1,E,5,N
144,744.44,829.87,3,E,5,N
97,763.79,837.47,1,W,3,E
172,791.34,865.34,5,W,5,N
173,842.51,865.64,5,W,5,N
174,849.57,865.94,5,W,5,N
143,739.06,899.10,3,E,5,W
57,657.18,899.40,1,S,5,W
59,666.86,899.70,1,S,5,W
124,743.62,900.00,2,W,5,W
125,797.79,900.30,2,W,5,W
96,754.18,900.60,1,W,5,W
101,803.49,900.90,1,W,2,W
58,658.93,921.24,1,S,5,N
60,698.28,921.54,1,S,5,N
95,676.04,921.84,1,W,5,N
114,787.72,922.14,1,E,5,N
115,798.28,922.24,1,E,5,N
72,899.36,945.22,1,S,2,E
175,877.24,965.24,5,W,5,N
63,843.77,998.00,1,S,3,W
65,854.70,998.30,1,S,3,W
66,862.51,998.60,1,S,3,W
136,842.60,999.00,3,W,5,W
99,776.10,1015.00,1,W,5,E
116,873.54,1015.30,1,E,5,E
132,801.83,1021.14,2,E,5,N
61,834.77,1021.44,1,S,5,N
62,836.23,1021.74,1,S,5,N
98,768.54,1022.04,1,W,5,N
100,779.50,1022.34,1,W,5,N
102,843.38,1022.64,1,W,5,N
117,891.16,1022.94,1,E,5,N
70,885.92,1098.90,1,S,5,W
64,847.58,1121.04,1,S,5,N
67,870.23,1121.34,1,S,5,N
68,880.88,1121.64,1,S,5,N
69,882.51,1121.94,1,S,5,N
71,893.19,1122.24,1,S,5,N