id,enter_time,exit_time,entrance_intersection,entrance_direction,exit_intersection,exit_direction
0,4.23,18.36,1,S,1,E
2,15.03,29.16,1,S,1,E
90,58.15,66.14,5,W,5,N
115,18.13,80.14,5,E,5,N
116,20.44,80.44,5,E,5,N
4,22.02,100.40,1,S,1,W
5,29.56,100.70,1,S,1,W
10,56.62,113.20,1,S,1,E
29,6.56,199.80,1,W,5,W
52,59.83,200.10,1,E,5,W
1,4.33,221.94,1,S,5,N
3,18.01,222.24,1,S,5,N
68,188.40,224.47,2,E,3,E
91,244.77,265.94,5,W,5,N
117,214.25,279.94,5,E,5,N
6,39.39,299.70,1,S,5,W
11,63.91,300.00,1,S,5,W
13,246.70,301.20,1,S,1,W
15,271.37,301.50,1,S,1,W
12,246.65,314.00,1,S,1,E
7,41.99,321.84,1,S,5,N
8,43.64,322.14,1,S,5,N
9,50.63,322.44,1,S,5,N
65,106.71,322.74,2,W,5,N
30,95.77,323.04,1,W,5,N
53,111.80,323.34,1,E,5,N
54,134.17,323.64,1,E,5,N
81,221.37,324.43,3,E,5,E
82,228.39,330.87,3,E,5,N
34,204.59,337.27,1,W,3,E
35,210.62,337.57,1,W,3,W
92,349.41,365.84,5,W,5,N
93,356.05,366.14,5,W,5,N
94,358.90,366.44,5,W,5,N
95,364.78,370.92,5,W,5,N
96,370.79,376.92,5,W,5,N
118,305.78,379.84,5,E,5,N
83,234.71,399.60,3,E,5,W
74,289.52,399.90,3,W,5,W
36,218.44,400.20,1,W,5,W
39,364.67,400.40,1,W,2,W
31,187.06,421.74,1,W,5,N
32,194.17,422.04,1,W,5,N
33,199.71,422.34,1,W,5,N
55,239.65,422.64,1,E,5,N
84,299.75,430.37,3,E,5,N
97,379.51,465.74,5,W,5,N
98,383.68,466.04,5,W,5,N
99,412.62,466.34,5,W,5,N
100,423.46,466.64,5,W,5,N
119,490.49,496.63,5,E,5,N
69,375.62,499.50,2,E,5,W
37,315.86,499.80,1,W,5,W
41,463.24,500.50,1,W,2,E
14,266.38,521.64,1,S,5,N
16,275.52,521.94,1,S,5,N
17,276.51,522.24,1,S,5,N
38,358.36,522.54,1,W,5,N
56,309.35,522.84,1,E,5,N
101,476.82,565.64,5,W,5,N
102,508.14,565.94,5,W,5,N
103,511.63,566.24,5,W,5,N
104,519.43,566.54,5,W,5,N
120,514.30,579.64,5,E,5,N
121,542.72,579.94,5,E,5,N
122,571.45,580.24,5,E,5,N
20,403.63,599.40,1,S,5,W
40,449.57,599.70,1,W,5,W
42,465.58,600.00,1,W,5,W
22,511.88,602.40,1,S,1,W
18,398.83,621.54,1,S,5,N
19,399.51,621.84,1,S,5,N
66,496.66,622.14,2,W,5,N
21,419.27,622.44,1,S,5,N
75,518.64,629.97,3,W,5,N
87,575.18,636.95,3,E,5,N
105,625.26,665.54,5,W,5,N
106,629.91,665.84,5,W,5,N
107,636.15,666.14,5,W,5,N
85,523.33,699.30,3,E,5,W
86,571.13,699.60,3,E,5,W
43,542.08,699.90,1,W,5,W
44,628.80,700.70,1,W,2,W
70,563.87,721.44,2,E,5,N
57,585.86,721.74,1,E,5,N
108,700.22,765.44,5,W,5,N
109,706.14,765.74,5,W,5,N
110,709.90,766.04,5,W,5,N
123,760.86,779.44,5,E,5,N
124,764.65,779.74,5,E,5,N
46,635.50,799.20,1,W,5,W
71,642.24,821.34,2,E,5,N
72,686.30,821.64,2,E,5,N
45,635.45,821.94,1,W,5,N
58,657.20,822.24,1,E,5,N
59,670.76,822.54,1,E,5,N
60,679.81,822.84,1,E,5,N
63,760.29,837.77,1,E,3,W
111,813.85,865.34,5,W,5,N
112,820.36,865.64,5,W,5,N
113,823.98,865.94,5,W,5,N
114,852.03,866.24,5,W,5,N
76,720.86,899.10,3,W,5,W
77,732.65,899.40,3,W,5,W
23,650.90,899.70,1,S,5,W
24,658.43,921.24,1,S,5,N
25,660.45,921.54,1,S,5,N
47,726.56,921.84,1,W,5,N
61,704.08,922.14,1,E,5,N
62,746.93,922.44,1,E,5,N
78,828.03,929.37,3,W,5,N
88,806.25,929.67,3,E,5,N
79,839.36,929.97,3,W,5,N
80,881.42,943.19,3,W,5,N
89,839.74,999.00,3,E,5,W
67,878.56,999.30,2,W,5,W
28,816.78,999.60,1,S,5,W
49,799.63,999.90,1,W,5,W
50,804.28,1000.20,1,W,5,W
51,842.58,1000.50,1,W,5,W
26,798.32,1021.14,1,S,5,N
27,803.76,1021.44,1,S,5,N
73,880.56,1021.74,2,E,5,N
48,783.81,1022.04,1,W,5,N
64,824.80,1022.34,1,E,5,N