id,enter_time,exit_time,entrance_intersection,entrance_direction,exit_intersection,exit_direction
3,22.96,37.09,1,S,1,E
143,5.92,66.14,5,W,5,N
182,12.66,80.14,5,E,5,N
183,44.70,80.44,5,E,5,N
1,17.86,100.40,1,S,1,W
135,6.97,130.97,3,E,5,N
144,130.69,166.04,5,W,5,N
145,138.22,166.34,5,W,5,N
9,53.04,199.60,1,S,3,W
124,77.08,199.80,2,E,5,W
2,18.03,200.10,1,S,5,W
5,32.02,200.40,1,S,5,W
20,114.47,200.80,1,S,1,W
116,150.50,212.37,2,W,3,W
114,44.05,221.94,2,W,5,N
115,48.55,222.24,2,W,5,N
0,14.36,222.54,1,S,5,N
4,29.79,222.84,1,S,5,N
6,32.87,223.14,1,S,5,N
69,4.03,223.44,1,W,5,N
96,26.85,223.74,1,E,5,N
97,86.03,224.04,1,E,5,N
98,193.74,255.93,1,E,3,E
146,206.97,265.94,5,W,5,N
147,213.35,266.24,5,W,5,N
148,215.70,266.54,5,W,5,N
149,259.65,266.84,5,W,5,N
150,262.60,268.73,5,W,5,N
151,268.60,274.74,5,W,5,N
184,260.59,279.94,5,E,5,N
185,261.39,280.24,5,E,5,N
136,196.93,299.70,3,E,5,W
8,46.00,300.00,1,S,5,W
11,60.16,300.30,1,S,5,W
13,73.03,300.60,1,S,5,W
14,82.80,300.90,1,S,5,W
15,90.12,301.20,1,S,5,W
19,108.99,301.50,1,S,5,W
25,300.07,314.21,1,S,1,E
7,38.44,321.84,1,S,5,N
10,54.57,322.14,1,S,5,N
12,61.37,322.44,1,S,5,N
16,96.02,322.74,1,S,5,N
125,129.18,323.04,2,E,5,N
117,199.44,323.34,2,W,5,N
17,105.23,323.64,1,S,5,N
18,108.80,323.94,1,S,5,N
21,125.89,324.24,1,S,5,N
22,132.70,324.54,1,S,5,N
70,106.32,324.84,1,W,5,N
131,214.76,330.57,3,W,5,N
137,203.81,330.87,3,E,5,N
138,244.08,331.17,3,E,5,N
152,274.93,365.84,5,W,5,N
153,286.11,366.14,5,W,5,N
154,289.87,366.44,5,W,5,N
155,294.90,366.74,5,W,5,N
156,302.90,367.04,5,W,5,N
157,307.42,367.34,5,W,5,N
158,313.53,367.64,5,W,5,N
159,355.84,367.94,5,W,5,N
99,196.50,399.60,1,E,5,W
72,170.21,399.90,1,W,5,W
74,182.16,400.20,1,W,5,W
24,298.84,401.60,1,S,1,W
27,308.96,401.90,1,S,1,W
39,359.63,402.20,1,S,1,W
42,371.49,402.50,1,S,1,W
45,385.73,414.40,1,S,1,E
73,175.02,415.60,1,W,5,E
76,254.47,415.90,1,W,5,E
23,139.90,421.74,1,S,5,N
118,241.69,422.04,2,W,5,N
119,290.82,422.34,2,W,5,N
71,167.14,422.64,1,W,5,N
75,247.55,422.94,1,W,5,N
100,216.68,423.24,1,E,5,N
101,231.35,423.54,1,E,5,N
34,329.57,438.57,1,S,3,W
139,393.81,455.58,3,E,5,N
160,384.59,465.74,5,W,5,N
161,392.14,466.04,5,W,5,N
162,402.94,466.34,5,W,5,N
163,431.41,466.64,5,W,5,N
126,324.78,499.50,2,E,5,W
26,305.32,499.80,1,S,5,W
29,316.08,500.10,1,S,5,W
30,319.07,500.40,1,S,5,W
32,323.68,500.70,1,S,5,W
104,345.46,501.00,1,E,5,W
35,334.56,515.50,1,S,5,E
120,339.25,521.64,2,W,5,N
28,309.34,521.94,1,S,5,N
31,319.49,522.24,1,S,5,N
33,328.77,522.54,1,S,5,N
77,321.60,522.84,1,W,5,N
78,361.23,523.14,1,W,5,N
102,303.30,523.44,1,E,5,N
103,342.15,523.74,1,E,5,N
164,563.34,569.47,5,W,5,N
165,569.09,575.22,5,W,5,N
186,552.73,579.64,5,E,5,N
187,561.22,579.94,5,E,5,N
188,563.50,580.24,5,E,5,N
189,566.39,580.54,5,E,5,N
132,452.83,599.40,3,W,5,W
36,341.27,599.70,1,S,5,W
38,353.20,600.00,1,S,5,W
41,363.55,600.30,1,S,5,W
127,424.31,600.60,2,E,5,W
47,583.22,602.40,1,S,1,W
79,463.23,615.40,1,W,5,E
51,604.54,618.68,1,S,1,E
37,347.41,621.54,1,S,5,N
40,360.83,621.84,1,S,5,N
43,379.26,622.14,1,S,5,N
44,382.63,622.44,1,S,5,N
105,473.80,622.74,1,E,5,N
140,564.44,629.97,3,E,5,N
55,616.39,630.53,1,S,1,E
57,621.60,635.74,1,S,1,E
166,575.80,665.54,5,W,5,N
167,606.02,665.84,5,W,5,N
168,615.33,666.14,5,W,5,N
169,654.09,666.44,5,W,5,N
170,654.94,666.74,5,W,5,N
80,468.21,699.30,1,W,5,W
53,610.66,702.80,1,S,1,W
62,645.85,703.10,1,S,1,W
82,540.63,715.30,1,W,5,E
81,480.46,721.44,1,W,5,N
106,552.21,721.74,1,E,5,N
107,574.78,722.04,1,E,5,N
141,633.12,729.77,3,E,5,N
84,596.07,738.57,1,W,3,E
108,615.99,740.07,1,E,3,E
171,721.73,765.44,5,W,5,N
172,725.89,765.74,5,W,5,N
190,741.91,779.44,5,E,5,N
191,780.01,786.15,5,E,5,N
133,671.99,799.20,3,W,5,W
134,683.33,799.50,3,W,5,W
49,600.00,799.80,1,S,5,W
50,604.02,800.10,1,S,5,W
128,616.69,800.40,2,E,5,W
121,659.05,800.70,2,W,5,W
92,703.18,800.80,1,W,2,W
56,618.90,801.00,1,S,5,W
85,602.87,801.30,1,W,5,W
87,616.17,801.60,1,W,5,W
88,624.53,801.90,1,W,5,W
109,623.50,802.20,1,E,5,W
48,593.31,815.20,1,S,5,E
46,577.27,821.34,1,S,5,N
52,610.27,821.64,1,S,5,N
54,614.94,821.94,1,S,5,N
58,629.59,822.24,1,S,5,N
59,632.99,822.54,1,S,5,N
83,592.57,822.84,1,W,5,N
86,610.47,823.14,1,W,5,N
142,785.76,847.53,3,E,5,N
173,848.46,865.34,5,W,5,N
174,854.46,865.64,5,W,5,N
175,859.03,865.94,5,W,5,N
176,865.94,872.07,5,W,5,N
61,642.51,899.10,1,S,5,W
93,781.09,900.90,1,W,2,W
91,696.31,915.10,1,W,5,E
60,639.42,921.24,1,S,5,N
63,652.32,921.54,1,S,5,N
122,791.46,921.84,2,W,5,N
129,792.62,922.14,2,E,5,N
89,686.53,922.44,1,W,5,N
90,692.45,922.74,1,W,5,N
110,769.19,923.04,1,E,5,N
113,871.91,937.87,1,E,3,W
177,876.07,965.24,5,W,5,N
178,876.30,965.54,5,W,5,N
179,881.30,965.84,5,W,5,N
180,890.19,966.14,5,W,5,N
181,890.99,966.44,5,W,5,N
66,849.72,998.00,1,S,3,E
130,843.15,999.00,2,E,5,W
123,851.46,999.30,2,W,5,W
64,825.81,1021.14,1,S,5,N
111,823.89,1021.44,1,E,5,N
112,864.95,1021.74,1,E,5,N
95,889.52,1037.37,1,W,3,W
65,847.41,1098.90,1,S,5,W
67,850.70,1099.20,1,S,5,W
68,851.30,1121.04,1,S,5,N
94,884.72,1121.34,1,W,5,N