id,enter_time,exit_time,entrance_intersection,entrance_direction,exit_intersection,exit_direction
126,31.40,66.14,5,W,5,N
159,35.31,80.14,5,E,5,N
160,43.30,80.44,5,E,5,N
0,5.71,100.40,1,S,1,W
11,90.82,104.95,1,S,1,W
10,70.67,113.20,1,S,1,E
127,99.21,166.04,5,W,5,N
128,104.36,166.34,5,W,5,N
129,108.17,166.64,5,W,5,N
130,112.23,166.94,5,W,5,N
131,116.45,167.24,5,W,5,N
108,62.50,199.80,2,E,5,W
4,25.14,200.10,1,S,5,W
80,21.56,200.40,1,E,5,W
12,97.44,200.80,1,S,1,W
13,99.76,201.10,1,S,1,W
1,10.17,215.80,1,S,5,E
3,20.20,216.10,1,S,5,E
82,41.19,216.40,1,E,5,E
97,45.85,221.94,2,W,5,N
98,57.35,222.24,2,W,5,N
2,17.52,222.54,1,S,5,N
5,31.24,222.84,1,S,5,N
81,31.17,223.14,1,E,5,N
53,75.62,236.87,1,W,3,W
57,119.57,238.07,1,W,3,W
132,186.11,265.94,5,W,5,N
133,189.22,266.24,5,W,5,N
134,196.06,266.54,5,W,5,N
135,227.54,266.84,5,W,5,N
136,233.88,267.14,5,W,5,N
137,240.23,267.44,5,W,5,N
138,246.41,267.74,5,W,5,N
161,217.91,279.94,5,E,5,N
162,219.30,280.24,5,E,5,N
163,221.67,280.54,5,E,5,N
164,235.02,280.84,5,E,5,N
165,258.42,281.14,5,E,5,N
166,266.29,281.44,5,E,5,N
167,277.31,283.45,5,E,5,N
52,69.86,299.70,1,W,5,W
54,81.94,300.00,1,W,5,W
86,257.98,300.30,1,E,2,W
168,294.94,301.07,5,E,5,N
14,237.55,301.20,1,S,1,W
16,245.91,301.50,1,S,1,W
21,274.84,301.80,1,S,1,W
6,37.79,321.84,1,S,5,N
7,44.89,322.14,1,S,5,N
8,55.58,322.44,1,S,5,N
9,66.00,322.74,1,S,5,N
109,129.16,323.04,2,E,5,N
51,66.07,323.34,1,W,5,N
55,110.26,323.64,1,W,5,N
56,114.03,323.94,1,W,5,N
83,112.78,324.24,1,E,5,N
84,142.09,324.54,1,E,5,N
114,250.23,330.57,3,W,5,N
139,305.63,365.84,5,W,5,N
140,314.84,366.14,5,W,5,N
141,338.97,366.44,5,W,5,N
142,368.02,374.16,5,W,5,N
143,372.37,378.51,5,W,5,N
23,281.14,399.20,1,S,3,W
120,233.74,399.60,3,E,5,W
85,247.25,399.90,1,E,5,W
26,336.60,401.60,1,S,1,W
30,361.23,401.90,1,S,1,W
29,353.39,414.40,1,S,1,E
31,364.19,414.70,1,S,1,E
58,187.52,421.74,1,W,5,N
59,230.19,422.04,1,W,5,N
144,373.60,465.74,5,W,5,N
145,378.73,466.04,5,W,5,N
146,410.20,466.34,5,W,5,N
147,416.00,466.64,5,W,5,N
148,423.11,466.94,5,W,5,N
17,251.96,499.50,1,S,5,W
61,302.81,499.80,1,W,5,W
66,456.05,500.50,1,W,2,W
22,276.47,515.50,1,S,5,E
15,241.79,521.64,1,S,5,N
18,256.03,521.94,1,S,5,N
19,265.43,522.24,1,S,5,N
20,268.94,522.54,1,S,5,N
24,304.37,522.84,1,S,5,N
110,325.99,523.14,2,E,5,N
25,315.71,523.44,1,S,5,N
60,290.23,523.74,1,W,5,N
62,309.65,524.04,1,W,5,N
63,314.32,524.34,1,W,5,N
87,337.24,524.64,1,E,5,N
88,444.24,537.47,1,E,3,W
89,488.16,550.35,1,E,3,W
149,563.71,569.85,5,W,5,N
150,572.62,578.75,5,W,5,N
169,576.17,582.31,5,E,5,N
170,579.11,585.25,5,E,5,N
171,581.98,588.12,5,E,5,N
121,429.99,599.40,3,E,5,W
28,351.94,599.70,1,S,5,W
64,367.52,600.00,1,W,5,W
65,454.50,600.30,1,W,5,W
67,461.14,600.60,1,W,5,W
36,543.82,602.40,1,S,1,W
27,339.29,621.54,1,S,5,N
32,365.30,621.84,1,S,5,N
99,405.79,622.14,2,W,5,N
111,488.95,622.44,2,E,5,N
115,541.47,629.97,3,W,5,N
151,615.69,665.54,5,W,5,N
152,616.33,665.84,5,W,5,N
153,621.23,666.14,5,W,5,N
154,657.61,666.44,5,W,5,N
172,604.92,679.54,5,E,5,N
173,626.91,679.84,5,E,5,N
174,668.03,680.14,5,E,5,N
122,505.16,699.30,3,E,5,W
116,545.14,699.60,3,W,5,W
100,563.23,699.90,2,W,5,W
68,467.14,700.20,1,W,5,W
70,530.58,700.50,1,W,5,W
91,559.73,700.80,1,E,5,W
35,538.69,715.30,1,S,5,E
101,597.54,721.44,2,W,5,N
33,532.03,721.74,1,S,5,N
34,534.37,722.04,1,S,5,N
69,529.85,722.34,1,W,5,N
90,549.98,722.64,1,E,5,N
92,582.80,722.94,1,E,5,N
175,764.29,779.44,5,E,5,N
123,678.30,799.20,3,E,5,W
102,651.02,799.50,2,W,5,W
103,651.03,799.80,2,W,5,W
93,631.07,800.10,1,E,5,W
38,739.09,803.20,1,S,1,W
43,764.64,803.50,1,S,1,W
45,801.58,816.00,1,S,1,E
112,687.66,821.34,2,E,5,N
71,598.42,821.64,1,W,5,N
94,670.58,821.94,1,E,5,N
117,796.47,858.24,3,W,5,N
118,797.00,858.77,3,W,5,N
155,837.19,865.34,5,W,5,N
156,841.96,865.64,5,W,5,N
157,845.70,865.94,5,W,5,N
158,857.09,866.24,5,W,5,N
176,833.02,879.34,5,E,5,N
177,834.47,879.64,5,E,5,N
178,854.78,879.94,5,E,5,N
72,669.05,899.10,1,W,5,W
73,669.95,899.40,1,W,5,W
74,675.82,899.70,1,W,5,W
75,712.69,900.00,1,W,5,W
95,745.16,900.30,1,E,5,W
37,731.56,915.10,1,S,5,E
104,782.98,921.24,2,W,5,N
76,717.63,921.54,1,W,5,N
119,868.11,923.74,3,W,5,E
125,873.78,935.55,3,E,5,N
124,866.52,999.00,3,E,5,W
105,880.28,999.30,2,W,5,W
48,831.76,999.60,1,S,5,W
78,776.76,999.90,1,W,5,W
79,836.91,1000.20,1,W,5,W
40,757.27,1015.00,1,S,5,E
39,748.98,1021.14,1,S,5,N
41,758.29,1021.44,1,S,5,N
42,759.42,1021.74,1,S,5,N
44,770.13,1022.04,1,S,5,N
113,816.98,1022.34,2,E,5,N
106,887.16,1022.64,2,W,5,N
107,891.28,1022.94,2,W,5,N
46,808.56,1023.24,1,S,5,N
47,815.31,1023.54,1,S,5,N
49,833.15,1023.84,1,S,5,N
50,834.97,1024.14,1,S,5,N
77,772.66,1024.44,1,W,5,N
96,821.40,1024.74,1,E,5,N