id,enter_time,exit_time,entrance_intersection,entrance_direction,exit_intersection,exit_direction
0,0.24,14.38,1,S,1,E
112,41.73,66.14,5,W,5,N
113,64.15,70.29,5,W,5,N
114,67.82,73.96,5,W,5,N
39,13.60,100.10,1,W,2,W
1,1.64,100.40,1,S,1,W
105,21.80,130.97,3,E,5,N
106,53.18,131.27,3,E,5,N
115,93.85,166.04,5,W,5,N
116,136.95,166.34,5,W,5,N
117,142.15,166.64,5,W,5,N
118,146.35,166.94,5,W,5,N
119,152.67,167.24,5,W,5,N
5,140.67,200.80,1,S,1,W
8,158.09,201.10,1,S,1,W
12,162.36,201.40,1,S,1,W
93,180.51,216.58,2,E,3,E
38,12.15,221.94,1,W,5,N
40,20.37,222.24,1,W,5,N
41,24.92,222.54,1,W,5,N
70,7.47,222.84,1,E,5,N
44,141.19,237.77,1,W,3,W
120,252.93,265.94,5,W,5,N
121,253.68,266.24,5,W,5,N
122,253.72,266.54,5,W,5,N
123,265.58,271.71,5,W,5,N
124,269.94,276.07,5,W,5,N
150,201.32,279.94,5,E,5,N
13,164.89,299.40,1,S,3,E
2,130.74,299.70,1,S,5,W
3,132.70,321.84,1,S,5,N
4,134.07,322.14,1,S,5,N
42,125.57,322.44,1,W,5,N
43,133.44,322.74,1,W,5,N
71,120.73,323.04,1,E,5,N
99,229.67,330.57,3,W,5,N
47,242.73,336.97,1,W,3,W
100,278.87,340.64,3,W,5,N
107,279.65,341.42,3,E,5,N
125,296.14,365.84,5,W,5,N
126,325.22,366.14,5,W,5,N
127,332.86,366.44,5,W,5,N
128,340.46,366.74,5,W,5,N
129,347.70,367.04,5,W,5,N
6,147.15,399.60,1,S,5,W
7,151.44,399.90,1,S,5,W
9,158.99,400.20,1,S,5,W
52,346.37,400.40,1,W,2,E
14,166.37,400.50,1,S,5,W
15,170.27,400.80,1,S,5,W
17,323.27,401.60,1,S,1,W
48,258.73,415.60,1,W,5,E
10,161.43,421.74,1,S,5,N
11,161.45,422.04,1,S,5,N
45,240.50,422.34,1,W,5,N
46,242.21,422.64,1,W,5,N
72,218.31,422.94,1,E,5,N
49,266.07,437.67,1,W,3,W
51,340.67,438.27,1,W,3,W
24,353.49,441.42,1,S,2,E
130,377.34,465.74,5,W,5,N
131,431.93,466.04,5,W,5,N
132,438.48,466.34,5,W,5,N
133,446.22,466.64,5,W,5,N
134,454.53,466.94,5,W,5,N
151,415.59,479.74,5,E,5,N
85,305.00,499.50,2,W,5,W
86,350.17,499.80,2,W,5,W
16,317.31,500.10,1,S,5,W
20,337.85,500.40,1,S,5,W
74,441.79,500.50,1,E,2,W
50,275.89,500.70,1,W,5,W
26,492.06,506.20,1,S,1,W
94,347.65,521.64,2,E,5,N
87,394.61,521.94,2,W,5,N
18,328.77,522.24,1,S,5,N
19,335.11,522.54,1,S,5,N
73,334.50,522.84,1,E,5,N
108,439.91,530.17,3,E,5,N
135,541.00,565.64,5,W,5,N
152,522.22,579.64,5,E,5,N
153,539.13,579.94,5,E,5,N
23,353.13,599.40,1,S,5,W
25,366.86,599.70,1,S,5,W
89,471.26,600.00,2,W,5,W
53,411.21,600.30,1,W,5,W
90,523.39,612.77,2,W,3,E
22,350.50,615.40,1,S,5,E
21,345.28,621.54,1,S,5,N
95,427.91,621.84,2,E,5,N
88,443.11,622.14,2,W,5,N
75,449.77,622.44,1,E,5,N
54,489.27,636.97,1,W,3,E
76,562.23,638.17,1,E,3,E
77,584.36,646.55,1,E,3,E
136,595.64,665.54,5,W,5,N
137,600.67,665.84,5,W,5,N
138,612.71,666.14,5,W,5,N
139,645.56,666.44,5,W,5,N
140,652.87,666.74,5,W,5,N
101,521.72,699.30,3,W,5,W
28,498.92,699.60,1,S,5,W
91,581.45,699.90,2,W,5,W
78,591.68,709.50,1,E,5,W
29,506.82,715.30,1,S,5,E
27,495.71,721.44,1,S,5,N
96,598.57,721.74,2,E,5,N
55,489.42,722.04,1,W,5,N
56,503.64,722.34,1,W,5,N
57,528.66,722.64,1,W,5,N
110,687.45,749.22,3,E,5,N
141,693.02,765.44,5,W,5,N
142,703.68,765.74,5,W,5,N
143,727.80,766.04,5,W,5,N
144,737.17,766.34,5,W,5,N
145,746.38,766.64,5,W,5,N
154,751.66,779.44,5,E,5,N
109,660.70,799.20,3,E,5,W
37,728.60,800.80,1,S,2,W
32,712.13,803.20,1,S,1,W
33,712.53,803.50,1,S,1,W
34,720.38,803.80,1,S,1,W
35,720.38,804.10,1,S,1,W
92,663.00,815.20,2,W,5,E
58,609.59,815.50,1,W,5,E
102,766.69,829.57,3,W,5,N
98,798.40,834.47,2,E,3,W
146,787.14,865.34,5,W,5,N
147,816.89,865.64,5,W,5,N
148,823.36,865.94,5,W,5,N
79,699.91,899.10,1,E,5,W
97,734.18,899.40,2,E,5,W
60,715.10,899.70,1,W,5,W
61,721.88,900.00,1,W,5,W
63,733.70,900.30,1,W,5,W
80,720.90,900.60,1,E,5,W
83,771.56,900.90,1,E,5,W
59,710.54,915.10,1,W,5,E
30,702.15,921.24,1,S,5,N
31,708.52,921.54,1,S,5,N
36,721.37,921.84,1,S,5,N
62,728.77,922.14,1,W,5,N
81,730.62,922.44,1,E,5,N
82,749.85,922.74,1,E,5,N
103,843.96,929.37,3,W,5,N
104,862.04,929.67,3,W,5,N
66,863.79,937.57,1,W,3,W
149,881.76,965.24,5,W,5,N
111,851.39,999.00,3,E,5,W
64,834.23,999.30,1,W,5,W
65,835.75,1021.14,1,W,5,N
84,848.44,1021.44,1,E,5,N
68,874.91,1037.37,1,W,3,E
69,880.22,1098.90,1,W,5,W
67,870.14,1121.04,1,W,5,N