id,enter_time,exit_time,entrance_intersection,entrance_direction,exit_intersection,exit_direction
2,32.91,100.40,1,S,1,W
3,41.99,100.70,1,S,1,W
1,26.91,136.47,1,S,3,E
58,11.20,137.07,1,W,3,E
4,47.58,139.32,1,S,2,E
134,140.49,166.04,5,W,5,N
135,142.91,166.34,5,W,5,N
136,146.88,166.64,5,W,5,N
137,154.50,166.94,5,W,5,N
138,158.48,167.24,5,W,5,N
139,165.31,171.44,5,W,5,N
140,166.18,172.31,5,W,5,N
112,59.58,199.80,2,E,5,W
57,3.89,200.10,1,W,5,W
0,10.75,221.94,1,S,5,N
90,10.61,222.24,1,E,5,N
91,28.83,222.54,1,E,5,N
141,270.25,276.38,5,W,5,N
163,213.54,279.94,5,E,5,N
164,216.22,280.24,5,E,5,N
165,242.91,280.54,5,E,5,N
126,159.65,299.70,3,E,5,W
61,138.23,300.00,1,W,5,W
66,241.26,300.30,1,W,2,W
69,264.31,300.30,1,W,2,E
92,114.16,300.30,1,E,5,W
8,296.64,314.00,1,S,1,E
105,111.60,321.84,2,W,5,N
59,112.09,322.14,1,W,5,N
60,113.31,322.44,1,W,5,N
62,143.60,322.74,1,W,5,N
63,149.86,323.04,1,W,5,N
11,309.37,323.51,1,S,1,E
118,241.17,330.57,3,W,5,N
127,285.88,347.65,3,E,5,N
142,280.06,365.84,5,W,5,N
143,285.95,366.14,5,W,5,N
144,317.20,366.44,5,W,5,N
145,321.53,366.74,5,W,5,N
65,235.86,399.60,1,W,5,W
71,359.17,400.40,1,W,2,W
67,249.05,415.60,1,W,5,E
94,288.11,415.90,1,E,5,E
5,185.42,421.74,1,S,5,N
113,229.25,422.04,2,E,5,N
106,259.89,422.34,2,W,5,N
114,294.26,422.64,2,E,5,N
64,228.50,422.94,1,W,5,N
68,256.33,423.24,1,W,5,N
93,217.51,423.54,1,E,5,N
12,315.54,436.77,1,S,3,E
28,393.51,444.12,1,S,2,W
146,374.31,465.74,5,W,5,N
166,446.61,479.74,5,E,5,N
119,319.97,499.50,3,W,5,W
6,281.93,499.80,1,S,5,W
9,302.55,500.10,1,S,5,W
10,306.02,500.40,1,S,5,W
72,397.97,500.50,1,W,2,W
13,323.59,500.70,1,S,5,W
14,327.86,501.00,1,S,5,W
7,288.93,521.64,1,S,5,N
107,396.39,521.94,2,W,5,N
15,333.60,522.24,1,S,5,N
70,274.97,522.54,1,W,5,N
120,420.81,524.03,3,W,5,E
32,413.10,536.87,1,S,3,W
147,477.20,565.64,5,W,5,N
148,494.58,565.94,5,W,5,N
121,437.56,599.40,3,W,5,W
16,339.07,599.70,1,S,5,W
17,346.01,600.00,1,S,5,W
21,360.70,600.30,1,S,5,W
27,383.36,600.60,1,S,5,W
115,453.99,600.90,2,E,5,W
33,421.26,601.20,1,S,5,W
34,422.28,601.50,1,S,5,W
75,450.82,601.80,1,W,5,W
31,407.47,615.40,1,S,5,E
18,348.93,621.54,1,S,5,N
19,352.42,621.84,1,S,5,N
20,353.56,622.14,1,S,5,N
22,365.05,622.44,1,S,5,N
23,371.85,622.74,1,S,5,N
24,372.43,623.04,1,S,5,N
25,379.83,623.34,1,S,5,N
26,381.40,623.64,1,S,5,N
29,397.22,623.94,1,S,5,N
30,400.25,624.24,1,S,5,N
35,428.63,624.54,1,S,5,N
36,429.70,624.84,1,S,5,N
73,403.12,625.14,1,W,5,N
74,444.69,625.44,1,W,5,N
95,487.15,625.74,1,E,5,N
128,519.99,629.97,3,E,5,N
76,508.72,636.97,1,W,3,W
149,626.65,665.54,5,W,5,N
150,658.40,665.84,5,W,5,N
151,664.29,670.43,5,W,5,N
152,669.20,675.34,5,W,5,N
167,647.61,679.54,5,E,5,N
38,549.43,698.60,1,S,3,W
129,524.54,699.30,3,E,5,W
116,599.99,699.60,2,E,5,W
37,538.74,699.90,1,S,5,W
96,559.10,700.20,1,E,5,W
97,582.48,700.30,1,E,5,W
41,695.22,715.60,1,S,1,E
77,551.62,721.44,1,W,5,N
48,730.77,744.91,1,S,1,E
49,733.91,748.05,1,S,1,E
153,677.37,765.44,5,W,5,N
154,679.68,765.74,5,W,5,N
155,685.13,766.04,5,W,5,N
156,692.10,766.34,5,W,5,N
157,743.62,766.64,5,W,5,N
158,751.34,766.94,5,W,5,N
159,754.15,767.24,5,W,5,N
168,727.28,779.44,5,E,5,N
98,594.99,799.20,1,E,5,W
122,661.98,799.50,3,W,5,W
99,730.66,800.80,1,E,2,W
123,697.91,821.34,3,W,5,N
78,594.59,821.64,1,W,5,N
131,709.32,823.73,3,E,5,E
124,774.85,836.62,3,W,5,N
83,764.40,839.87,1,W,3,W
160,807.29,865.34,5,W,5,N
161,866.79,872.93,5,W,5,N
162,871.31,877.44,5,W,5,N
130,701.74,899.10,3,E,5,W
40,684.71,899.40,1,S,5,W
117,752.02,899.70,2,E,5,W
108,749.80,900.00,2,W,5,W
45,718.39,900.30,1,S,5,W
46,721.34,900.60,1,S,5,W
80,683.01,900.90,1,W,5,W
87,784.33,900.90,1,W,2,W
100,747.95,901.20,1,E,5,W
110,859.07,913.37,2,W,3,E
56,897.47,916.40,1,S,1,E
39,681.44,921.24,1,S,5,N
42,700.49,921.54,1,S,5,N
43,707.47,921.84,1,S,5,N
44,712.15,922.14,1,S,5,N
47,726.59,922.44,1,S,5,N
50,739.18,922.74,1,S,5,N
79,678.92,923.04,1,W,5,N
81,687.31,923.34,1,W,5,N
82,702.49,923.64,1,W,5,N
132,859.88,999.00,3,E,5,W
125,854.96,999.30,3,W,5,W
133,880.83,999.60,3,E,5,W
54,753.84,999.90,1,S,5,W
109,805.31,1000.20,2,W,5,W
88,800.25,1000.50,1,W,5,W
104,842.93,1000.80,1,E,5,W
85,775.76,1015.00,1,W,5,E
101,817.52,1015.30,1,E,5,E
51,745.36,1021.14,1,S,5,N
52,747.75,1021.44,1,S,5,N
53,753.66,1021.74,1,S,5,N
111,896.50,1022.04,2,W,5,N
84,769.07,1022.34,1,W,5,N
86,779.01,1022.64,1,W,5,N
89,840.49,1022.94,1,W,5,N
102,821.93,1023.24,1,E,5,N
103,829.06,1023.54,1,E,5,N
55,894.46,1121.04,1,S,5,N