id,enter_time,exit_time,entrance_intersection,entrance_direction,exit_intersection,exit_direction
115,11.03,66.14,5,W,5,N
116,61.07,67.21,5,W,5,N
91,61.39,112.27,2,E,3,E
85,1.87,112.27,2,W,3,W
103,4.71,130.97,3,E,5,N
104,77.26,139.03,3,E,5,N
117,131.34,166.04,5,W,5,N
118,137.39,166.34,5,W,5,N
119,162.88,169.02,5,W,5,N
0,0.03,199.80,1,S,5,W
86,45.31,200.10,2,W,5,W
62,10.06,200.40,1,E,5,W
64,55.98,200.70,1,E,5,W
2,137.06,200.80,1,S,1,W
1,0.13,221.94,1,S,5,N
28,37.21,222.24,1,W,5,N
63,50.34,222.54,1,E,5,N
67,177.92,240.11,1,E,3,E
120,195.82,265.94,5,W,5,N
121,203.62,266.24,5,W,5,N
144,292.93,299.07,5,E,5,N
87,102.33,299.70,2,W,5,W
66,156.94,300.00,1,E,5,W
3,255.20,301.20,1,S,1,W
29,104.33,321.84,1,W,5,N
30,110.71,322.14,1,W,5,N
65,151.29,322.44,1,E,5,N
98,222.09,330.57,3,W,5,N
31,205.50,336.37,1,W,3,E
122,273.39,365.84,5,W,5,N
123,280.46,366.14,5,W,5,N
124,280.54,366.44,5,W,5,N
125,309.81,366.74,5,W,5,N
126,312.74,367.04,5,W,5,N
127,364.98,371.12,5,W,5,N
145,305.04,379.84,5,E,5,N
105,294.30,399.60,3,E,5,W
92,261.00,399.90,2,E,5,W
32,212.22,400.20,1,W,5,W
68,251.54,400.50,1,E,5,W
69,258.42,400.80,1,E,5,W
33,228.03,415.60,1,W,5,E
88,261.40,421.74,2,W,5,N
37,340.92,437.37,1,W,3,W
70,315.40,437.67,1,E,3,E
128,400.73,465.74,5,W,5,N
129,434.77,466.04,5,W,5,N
130,458.79,466.34,5,W,5,N
146,410.37,479.74,5,E,5,N
147,411.40,480.04,5,E,5,N
34,271.84,499.50,1,W,5,W
71,345.40,499.80,1,E,5,W
72,372.68,500.10,1,E,5,W
89,303.23,521.64,2,W,5,N
35,330.14,521.94,1,W,5,N
36,335.37,522.24,1,W,5,N
73,378.30,522.54,1,E,5,N
106,430.46,530.17,3,E,5,N
107,462.26,530.47,3,E,5,N
40,454.39,537.77,1,W,3,E
148,572.56,579.64,5,E,5,N
149,586.70,592.84,5,E,5,N
108,491.28,599.40,3,E,5,W
99,495.29,599.70,3,W,5,W
109,496.06,600.00,3,E,5,W
93,432.39,600.30,2,E,5,W
6,426.58,600.60,1,S,5,W
45,541.74,600.60,1,W,2,W
39,448.24,600.90,1,W,5,W
7,563.34,602.40,1,S,1,W
4,382.08,621.54,1,S,5,N
5,405.86,621.84,1,S,5,N
38,421.57,622.14,1,W,5,N
110,500.64,629.97,3,E,5,N
111,508.26,630.27,3,E,5,N
131,650.35,665.54,5,W,5,N
132,653.80,665.84,5,W,5,N
133,661.83,667.97,5,W,5,N
150,601.28,679.54,5,E,5,N
151,622.34,679.84,5,E,5,N
100,578.55,699.30,3,W,5,W
94,514.08,699.60,2,E,5,W
44,534.78,699.90,1,W,5,W
48,557.84,700.20,1,W,5,W
74,532.81,700.50,1,E,5,W
152,694.60,700.74,5,E,5,N
41,467.89,721.44,1,W,5,N
42,471.98,721.74,1,W,5,N
43,478.39,722.04,1,W,5,N
46,544.54,722.34,1,W,5,N
47,552.09,722.64,1,W,5,N
12,709.10,723.24,1,S,1,E
112,631.27,723.63,3,E,5,E
101,630.78,729.77,3,W,5,N
95,699.53,735.60,2,E,3,E
51,579.04,737.37,1,W,3,E
153,715.51,779.44,5,E,5,N
154,741.08,779.74,5,E,5,N
155,753.07,780.04,5,E,5,N
75,596.65,799.20,1,E,5,W
8,564.96,799.50,1,S,5,W
90,608.07,799.80,2,W,5,W
49,572.62,800.10,1,W,5,W
50,576.84,800.40,1,W,5,W
53,607.07,800.70,1,W,5,W
13,716.25,800.80,1,S,2,W
11,708.33,803.20,1,S,1,W
16,726.35,803.50,1,S,1,W
18,755.89,803.80,1,S,1,W
80,779.06,805.17,1,E,2,W
76,643.30,815.20,1,E,5,E
19,755.95,816.00,1,S,1,E
52,600.02,821.34,1,W,5,N
77,686.15,821.64,1,E,5,N
78,699.93,823.89,1,E,5,N
23,780.10,843.02,1,S,2,W
134,780.18,865.34,5,W,5,N
135,856.50,865.64,5,W,5,N
136,862.66,868.80,5,W,5,N
137,863.63,869.76,5,W,5,N
138,868.30,874.44,5,W,5,N
139,869.61,875.75,5,W,5,N
156,802.26,879.34,5,E,5,N
157,864.65,879.64,5,E,5,N
27,824.24,903.60,1,S,1,W
96,805.35,913.07,2,E,3,E
113,798.31,921.24,3,E,5,N
9,704.05,921.54,1,S,5,N
10,706.73,921.84,1,S,5,N
14,716.39,922.14,1,S,5,N
15,721.48,922.44,1,S,5,N
17,732.22,922.74,1,S,5,N
54,674.39,923.04,1,W,5,N
55,700.25,923.34,1,W,5,N
79,707.07,923.64,1,E,5,N
81,783.72,923.94,1,E,5,N
82,790.90,924.24,1,E,5,N
58,822.47,937.57,1,W,3,E
59,823.26,937.87,1,W,3,E
102,895.73,957.50,3,W,5,N
140,875.39,965.24,5,W,5,N
141,879.20,965.54,5,W,5,N
142,885.23,965.84,5,W,5,N
143,896.63,966.14,5,W,5,N
114,873.21,999.00,3,E,5,W
25,792.44,999.30,1,S,5,W
26,804.53,999.60,1,S,5,W
97,881.32,999.90,2,E,5,W
56,773.86,1000.20,1,W,5,W
22,776.23,1015.00,1,S,5,E
20,763.78,1021.14,1,S,5,N
21,769.41,1021.44,1,S,5,N
24,781.75,1021.74,1,S,5,N
57,783.56,1022.04,1,W,5,N
83,813.52,1022.34,1,E,5,N
84,871.87,1022.64,1,E,5,N
60,888.32,1121.04,1,W,5,N
61,893.74,1121.34,1,W,5,N