id,enter_time,exit_time,entrance_intersection,entrance_direction,exit_intersection,exit_direction
102,0.34,66.14,5,W,5,N
103,1.13,66.44,5,W,5,N
125,54.34,80.14,5,E,5,N
126,71.87,80.44,5,E,5,N
127,73.96,80.74,5,E,5,N
94,32.67,130.97,3,E,5,N
104,157.65,166.04,5,W,5,N
88,6.53,199.80,3,W,5,W
95,69.24,200.10,3,E,5,W
82,47.79,221.94,2,E,5,N
35,6.96,222.24,1,W,5,N
105,261.60,267.74,5,W,5,N
128,289.30,295.44,5,E,5,N
1,183.57,299.40,1,S,3,E
96,101.58,299.70,3,E,5,W
36,85.47,300.00,1,W,5,W
39,136.12,300.30,1,W,5,W
63,186.83,304.65,1,E,5,W
74,102.76,321.84,2,W,5,N
75,123.69,322.14,2,W,5,N
37,100.53,322.44,1,W,5,N
38,105.74,322.74,1,W,5,N
40,140.78,323.04,1,W,5,N
62,106.85,323.34,1,E,5,N
89,218.15,330.57,3,W,5,N
106,291.67,365.84,5,W,5,N
107,321.14,366.14,5,W,5,N
108,325.19,366.44,5,W,5,N
109,332.11,366.74,5,W,5,N
110,352.37,367.04,5,W,5,N
111,360.29,367.34,5,W,5,N
112,367.56,373.70,5,W,5,N
0,182.26,399.60,1,S,5,W
41,216.33,399.90,1,W,5,W
42,219.49,400.20,1,W,5,W
44,238.58,400.50,1,W,5,W
45,244.77,400.80,1,W,5,W
46,249.28,401.10,1,W,5,W
84,362.92,412.57,2,E,3,W
83,200.58,421.74,2,E,5,N
43,224.60,422.04,1,W,5,N
97,331.55,430.37,3,E,5,N
47,338.12,499.50,1,W,5,W
48,350.22,499.80,1,W,5,W
50,356.12,500.10,1,W,5,W
49,355.46,521.64,1,W,5,N
9,518.19,532.33,1,S,1,E
113,524.35,565.64,5,W,5,N
114,554.95,565.94,5,W,5,N
129,554.96,579.64,5,E,5,N
5,375.48,599.40,1,S,5,W
64,414.23,599.70,1,E,5,W
8,511.74,600.60,1,S,2,W
6,502.17,602.40,1,S,1,W
51,444.62,615.40,1,W,5,E
2,352.18,621.54,1,S,5,N
3,357.67,621.84,1,S,5,N
4,368.45,622.14,1,S,5,N
76,452.87,622.44,2,W,5,N
90,506.61,629.97,3,W,5,N
98,503.10,630.27,3,E,5,N
99,558.91,630.57,3,E,5,N
115,597.52,665.54,5,W,5,N
130,623.70,679.54,5,E,5,N
12,532.45,699.30,1,S,5,W
53,524.13,699.60,1,W,5,W
65,533.55,715.30,1,E,5,E
18,692.58,715.60,1,S,1,E
21,706.13,720.27,1,S,1,E
85,517.36,721.44,2,E,5,N
7,506.47,721.74,1,S,5,N
10,521.27,722.04,1,S,5,N
11,528.53,722.34,1,S,5,N
52,510.69,722.64,1,W,5,N
66,543.73,722.94,1,E,5,N
91,616.16,729.77,3,W,5,N
116,728.69,765.44,5,W,5,N
117,734.10,765.74,5,W,5,N
118,736.95,766.04,5,W,5,N
119,746.33,766.34,5,W,5,N
17,684.79,798.40,1,S,3,E
92,630.13,799.20,3,W,5,W
68,647.16,799.50,1,E,5,W
19,700.26,803.20,1,S,1,W
22,713.71,803.50,1,S,1,W
33,772.75,803.80,1,S,1,W
34,793.06,807.20,1,S,1,W
86,638.24,821.34,2,E,5,N
54,588.34,821.64,1,W,5,N
55,602.81,821.94,1,W,5,N
67,635.22,822.24,1,E,5,N
93,742.74,829.57,3,W,5,N
100,750.11,829.87,3,E,5,N
56,672.90,838.37,1,W,3,W
120,775.82,865.34,5,W,5,N
121,780.59,865.64,5,W,5,N
122,848.59,865.94,5,W,5,N
123,854.69,866.24,5,W,5,N
124,859.22,866.54,5,W,5,N
131,829.10,879.34,5,E,5,N
132,841.21,879.64,5,E,5,N
28,747.33,898.20,1,S,3,E
31,760.29,898.50,1,S,3,E
101,792.67,899.10,3,E,5,W
16,684.29,899.40,1,S,5,W
20,701.23,899.70,1,S,5,W
24,718.90,900.00,1,S,5,W
25,719.46,900.30,1,S,5,W
27,736.92,900.60,1,S,5,W
57,678.50,900.90,1,W,5,W
58,754.67,901.20,1,W,5,W
70,716.14,901.50,1,E,5,W
69,701.13,921.24,1,E,5,N
13,658.76,921.54,1,S,5,N
14,660.59,921.84,1,S,5,N
15,677.84,922.14,1,S,5,N
23,715.64,922.44,1,S,5,N
26,728.81,922.74,1,S,5,N
71,739.22,923.04,1,E,5,N
30,758.67,999.00,1,S,5,W
78,854.65,999.30,2,W,5,W
81,885.09,999.60,2,W,5,W
59,855.80,999.90,1,W,5,W
73,825.52,1000.20,1,E,5,W
60,863.28,1015.00,1,W,5,E
29,753.17,1021.14,1,S,5,N
32,767.70,1021.44,1,S,5,N
77,813.53,1021.74,2,W,5,N
87,837.34,1022.04,2,E,5,N
79,855.94,1022.34,2,W,5,N
80,862.28,1022.64,2,W,5,N
61,867.57,1022.94,1,W,5,N
72,803.81,1023.24,1,E,5,N