id,enter_time,exit_time,entrance_intersection,entrance_direction,exit_intersection,exit_direction
3,16.53,30.66,1,S,1,E
129,0.91,66.14,5,W,5,N
130,3.93,66.44,5,W,5,N
131,61.04,67.18,5,W,5,N
155,4.13,80.14,5,E,5,N
0,5.99,100.40,1,S,1,W
95,94.17,130.24,2,W,3,E
78,57.61,137.07,1,E,3,E
113,84.89,146.66,3,W,5,N
114,94.15,155.92,3,W,5,N
132,125.24,166.04,5,W,5,N
133,129.81,166.34,5,W,5,N
134,136.03,166.64,5,W,5,N
135,143.23,166.94,5,W,5,N
136,154.68,167.24,5,W,5,N
137,156.74,167.54,5,W,5,N
120,4.33,199.80,3,E,5,W
94,44.33,200.10,2,W,5,W
50,97.22,200.20,1,W,2,W
77,37.05,200.40,1,E,5,W
97,164.04,212.67,2,W,3,E
105,92.51,215.80,2,E,5,E
1,7.38,221.94,1,S,5,N
2,15.37,222.24,1,S,5,N
115,112.18,230.77,3,W,5,N
80,136.40,237.77,1,E,3,W
138,261.02,267.15,5,W,5,N
121,154.01,299.70,3,E,5,W
96,122.76,300.00,2,W,5,W
51,131.85,300.30,1,W,5,W
52,136.12,300.60,1,W,5,W
106,190.10,315.70,2,E,5,E
49,90.72,321.84,1,W,5,N
53,148.62,322.14,1,W,5,N
79,113.77,322.44,1,E,5,N
81,176.81,322.74,1,E,5,N
82,187.37,323.04,1,E,5,N
123,247.74,324.73,3,E,5,E
5,209.82,336.67,1,S,3,W
139,325.27,365.84,5,W,5,N
140,332.15,366.14,5,W,5,N
141,341.47,366.44,5,W,5,N
142,343.75,366.74,5,W,5,N
143,347.84,367.04,5,W,5,N
144,352.35,367.34,5,W,5,N
145,357.38,367.64,5,W,5,N
156,303.86,379.84,5,E,5,N
157,326.65,380.14,5,E,5,N
158,365.66,380.44,5,E,5,N
159,380.54,386.68,5,E,5,N
160,382.30,388.43,5,E,5,N
161,388.18,394.32,5,E,5,N
122,223.71,399.60,3,E,5,W
116,220.90,399.90,3,W,5,W
4,204.83,400.20,1,S,5,W
54,187.56,400.50,1,W,5,W
56,207.78,400.80,1,W,5,W
6,349.83,401.60,1,S,1,W
84,290.15,407.98,1,E,5,W
83,267.35,415.60,1,E,5,E
98,279.34,421.74,2,W,5,N
55,199.81,422.04,1,W,5,N
58,352.51,436.77,1,W,3,W
162,421.39,479.74,5,E,5,N
9,380.57,499.00,1,S,3,E
57,285.74,499.50,1,W,5,W
85,361.20,499.80,1,E,5,W
86,374.01,500.10,1,E,5,W
16,419.75,500.50,1,S,2,W
15,418.74,502.00,1,S,1,W
17,421.71,502.30,1,S,1,W
163,497.10,503.24,5,E,5,N
99,320.37,521.64,2,W,5,N
107,378.68,521.94,2,E,5,N
146,500.24,565.64,5,W,5,N
147,566.30,572.43,5,W,5,N
164,529.16,579.64,5,E,5,N
87,396.58,599.40,1,E,5,W
124,442.29,599.70,3,E,5,W
10,386.85,600.00,1,S,5,W
60,391.28,600.30,1,W,5,W
7,373.48,621.54,1,S,5,N
8,380.40,621.84,1,S,5,N
11,392.27,622.14,1,S,5,N
12,395.56,622.44,1,S,5,N
108,422.36,622.74,2,E,5,N
13,409.33,623.04,1,S,5,N
14,416.86,623.34,1,S,5,N
18,436.54,623.64,1,S,5,N
59,391.10,623.94,1,W,5,N
88,473.98,624.24,1,E,5,N
63,518.79,637.27,1,W,3,E
20,638.63,652.77,1,S,1,E
148,574.23,665.54,5,W,5,N
149,663.95,670.08,5,W,5,N
150,668.72,674.85,5,W,5,N
165,619.53,679.54,5,E,5,N
117,520.77,699.30,3,W,5,W
21,643.70,702.80,1,S,1,W
109,535.24,715.30,2,E,5,E
89,534.44,715.60,1,E,5,E
61,483.15,721.44,1,W,5,N
62,490.05,721.74,1,W,5,N
125,616.44,729.77,3,E,5,N
118,631.33,730.07,3,W,5,N
126,622.39,730.37,3,E,5,N
64,576.02,737.07,1,W,3,W
68,644.52,738.27,1,W,3,W
151,693.59,765.44,5,W,5,N
152,759.34,765.47,5,W,5,N
153,767.21,773.34,5,W,5,N
110,696.33,799.20,2,E,5,W
19,630.01,821.34,1,S,5,N
65,582.54,821.64,1,W,5,N
66,588.23,821.94,1,W,5,N
67,620.26,822.24,1,W,5,N
69,649.29,822.54,1,W,5,N
90,682.18,822.84,1,E,5,N
154,785.90,865.34,5,W,5,N
166,879.79,885.92,5,E,5,N
27,785.14,898.20,1,S,3,W
22,645.11,899.10,1,S,5,W
30,801.52,903.60,1,S,1,W
34,820.50,903.90,1,S,1,W
36,835.52,904.20,1,S,1,W
38,847.70,904.50,1,S,1,W
39,857.05,904.80,1,S,1,W
44,872.38,905.10,1,S,1,W
47,887.12,905.40,1,S,1,W
92,790.87,908.69,1,E,5,W
111,843.03,913.07,2,E,3,E
100,704.75,921.24,2,W,5,N
101,760.21,921.54,2,W,5,N
70,715.91,921.84,1,W,5,N
71,755.10,922.14,1,W,5,N
72,760.59,922.44,1,W,5,N
91,716.41,922.74,1,E,5,N
119,857.78,929.37,3,W,5,N
128,807.17,929.67,3,E,5,N
167,899.70,979.24,5,E,5,N
127,801.80,999.00,3,E,5,W
24,772.56,999.30,1,S,5,W
29,798.06,999.60,1,S,5,W
103,888.22,999.90,2,W,5,W
112,890.21,1000.20,2,E,5,W
104,891.31,1000.50,2,W,5,W
76,898.76,1001.00,1,W,2,W
32,812.49,1015.00,1,S,5,E
73,818.98,1015.30,1,W,5,E
74,826.92,1015.60,1,W,5,E
23,769.88,1021.14,1,S,5,N
25,776.25,1021.44,1,S,5,N
26,783.67,1021.74,1,S,5,N
28,792.19,1022.04,1,S,5,N
31,802.92,1022.34,1,S,5,N
102,802.74,1022.64,2,W,5,N
33,816.47,1022.94,1,S,5,N
35,832.24,1023.24,1,S,5,N
93,814.33,1023.54,1,E,5,N
37,840.73,1098.90,1,S,5,W
41,862.65,1099.20,1,S,5,W
43,870.93,1099.50,1,S,5,W
40,858.19,1114.90,1,S,5,E
42,866.28,1121.04,1,S,5,N
45,877.51,1121.34,1,S,5,N
46,883.67,1121.64,1,S,5,N
48,889.71,1121.94,1,S,5,N
75,892.04,1122.24,1,W,5,N