id,enter_time,exit_time,entrance_intersection,entrance_direction,exit_intersection,exit_direction
109,6.73,66.14,5,W,5,N
110,12.47,66.44,5,W,5,N
111,20.03,66.74,5,W,5,N
112,63.33,69.46,5,W,5,N
144,7.08,80.14,5,E,5,N
145,9.82,80.44,5,E,5,N
146,20.05,80.74,5,E,5,N
0,2.18,100.40,1,S,1,W
113,94.86,166.04,5,W,5,N
114,147.68,166.34,5,W,5,N
147,131.87,180.04,5,E,5,N
40,23.07,199.80,1,W,5,W
41,25.87,200.10,1,W,5,W
43,64.00,200.40,1,W,5,W
71,5.01,200.70,1,E,5,W
85,175.98,212.37,2,E,3,E
80,53.49,221.94,2,W,5,N
36,6.74,222.24,1,W,5,N
37,7.27,222.54,1,W,5,N
38,11.67,222.84,1,W,5,N
39,17.75,223.14,1,W,5,N
42,56.42,223.44,1,W,5,N
96,146.51,230.77,3,E,5,N
97,168.77,231.07,3,E,5,N
46,142.67,237.77,1,W,3,E
115,211.80,265.94,5,W,5,N
116,216.44,266.24,5,W,5,N
117,218.05,266.54,5,W,5,N
148,217.16,279.94,5,E,5,N
1,132.86,299.70,1,S,5,W
2,133.99,321.84,1,S,5,N
3,136.12,322.14,1,S,5,N
44,129.58,322.44,1,W,5,N
45,136.09,322.74,1,W,5,N
98,236.40,330.57,3,E,5,N
52,212.20,337.87,1,W,3,E
73,285.29,347.48,1,E,3,W
118,346.80,365.84,5,W,5,N
119,348.32,366.14,5,W,5,N
120,359.11,366.44,5,W,5,N
121,366.43,372.57,5,W,5,N
149,335.85,379.84,5,E,5,N
99,264.01,399.60,3,E,5,W
90,299.35,399.90,3,W,5,W
48,194.99,400.20,1,W,5,W
72,211.17,400.50,1,E,5,W
47,170.69,421.74,1,W,5,N
49,201.72,422.04,1,W,5,N
50,205.96,422.34,1,W,5,N
51,206.17,422.64,1,W,5,N
53,219.29,422.94,1,W,5,N
100,335.60,430.37,3,E,5,N
102,350.93,430.97,3,E,5,N
91,387.10,448.87,3,W,5,N
122,373.77,465.74,5,W,5,N
123,411.04,466.04,5,W,5,N
124,436.74,466.34,5,W,5,N
125,437.19,466.64,5,W,5,N
126,440.75,466.94,5,W,5,N
127,448.57,467.24,5,W,5,N
128,456.69,467.54,5,W,5,N
129,459.72,467.84,5,W,5,N
101,343.21,499.50,3,E,5,W
86,317.70,499.80,2,E,5,W
4,327.54,500.10,1,S,5,W
54,298.80,500.40,1,W,5,W
55,303.78,521.64,1,W,5,N
93,461.71,530.47,3,W,5,N
130,514.88,565.64,5,W,5,N
131,521.56,565.94,5,W,5,N
132,526.42,566.24,5,W,5,N
133,535.85,566.54,5,W,5,N
134,567.03,573.17,5,W,5,N
150,553.13,579.64,5,E,5,N
7,500.05,598.80,1,S,3,W
103,414.79,599.40,3,E,5,W
92,459.16,599.70,3,W,5,W
56,389.29,600.00,1,W,5,W
59,406.91,600.30,1,W,5,W
10,507.82,602.40,1,S,1,W
81,420.85,621.54,2,W,5,N
57,393.94,621.84,1,W,5,N
58,400.09,622.14,1,W,5,N
60,413.08,622.44,1,W,5,N
74,433.80,622.74,1,E,5,N
75,441.52,623.04,1,E,5,N
94,556.79,629.97,3,W,5,N
135,572.96,665.54,5,W,5,N
136,579.36,665.84,5,W,5,N
137,607.43,666.14,5,W,5,N
151,637.46,679.54,5,E,5,N
5,488.19,699.30,1,S,5,W
8,500.64,699.60,1,S,5,W
82,506.81,699.90,2,W,5,W
83,549.79,700.20,2,W,5,W
61,504.19,700.50,1,W,5,W
64,606.80,700.70,1,W,2,W
6,492.47,715.30,1,S,5,E
18,703.68,717.82,1,S,1,E
87,502.97,721.44,2,E,5,N
9,506.47,721.74,1,S,5,N
62,543.79,722.04,1,W,5,N
104,602.12,723.63,3,E,5,E
138,744.95,765.44,5,W,5,N
139,745.25,765.74,5,W,5,N
13,686.62,798.40,1,S,3,W
105,608.95,799.20,3,E,5,W
63,601.89,799.50,1,W,5,W
20,711.35,803.20,1,S,1,W
84,631.96,821.34,2,W,5,N
88,677.74,821.64,2,E,5,N
65,632.85,821.94,1,W,5,N
140,781.54,865.34,5,W,5,N
141,803.50,865.64,5,W,5,N
142,853.77,865.94,5,W,5,N
143,859.95,866.09,5,W,5,N
76,700.39,899.10,1,E,5,W
12,683.80,899.40,1,S,5,W
15,687.28,899.70,1,S,5,W
16,693.46,900.00,1,S,5,W
24,725.64,900.30,1,S,5,W
66,698.54,900.60,1,W,5,W
25,725.74,915.10,1,S,5,E
11,680.34,921.24,1,S,5,N
14,687.03,921.54,1,S,5,N
17,697.05,921.84,1,S,5,N
19,709.32,922.14,1,S,5,N
21,713.59,922.44,1,S,5,N
22,722.49,922.74,1,S,5,N
23,725.21,923.04,1,S,5,N
67,712.13,923.34,1,W,5,N
68,751.61,923.64,1,W,5,N
77,711.26,923.94,1,E,5,N
107,841.60,929.67,3,E,5,N
108,845.73,929.97,3,E,5,N
106,815.81,999.00,3,E,5,W
95,814.30,999.30,3,W,5,W
26,743.86,999.60,1,S,5,W
28,837.66,999.90,1,S,5,W
70,862.77,1015.00,1,W,5,E
78,817.17,1015.30,1,E,5,E
89,841.63,1021.14,2,E,5,N
27,831.84,1021.44,1,S,5,N
69,795.38,1021.74,1,W,5,N
79,895.23,1022.04,1,E,5,N
31,854.82,1098.90,1,S,5,W
32,859.85,1099.20,1,S,5,W
34,866.70,1114.90,1,S,5,E
29,844.64,1121.04,1,S,5,N
30,852.15,1121.34,1,S,5,N
33,864.82,1121.64,1,S,5,N
35,882.34,1121.94,1,S,5,N