id,enter_time,exit_time,entrance_intersection,entrance_direction,exit_intersection,exit_direction
111,31.34,66.14,5,W,5,N
112,42.82,66.44,5,W,5,N
113,54.71,66.74,5,W,5,N
114,65.48,71.62,5,W,5,N
115,72.16,78.29,5,W,5,N
152,7.04,80.14,5,E,5,N
89,75.82,137.59,3,W,5,N
116,77.96,166.04,5,W,5,N
117,84.73,166.34,5,W,5,N
118,91.88,166.64,5,W,5,N
119,95.00,166.94,5,W,5,N
120,95.70,167.24,5,W,5,N
121,126.09,167.54,5,W,5,N
122,152.99,167.84,5,W,5,N
78,42.37,199.80,2,W,5,W
0,19.44,200.10,1,S,5,W
25,62.16,200.40,1,W,5,W
3,146.91,200.80,1,S,1,W
63,87.06,204.88,1,E,5,W
84,91.56,221.94,2,E,5,N
1,20.27,222.24,1,S,5,N
61,0.60,222.54,1,E,5,N
62,77.68,222.84,1,E,5,N
97,125.55,230.77,3,E,5,N
90,174.21,235.98,3,W,5,N
91,197.63,259.40,3,W,5,N
123,178.87,265.94,5,W,5,N
124,179.54,266.24,5,W,5,N
125,222.13,266.54,5,W,5,N
153,203.40,279.94,5,E,5,N
154,226.02,280.24,5,E,5,N
155,226.24,280.54,5,E,5,N
98,150.63,299.70,3,E,5,W
26,76.18,300.00,1,W,5,W
37,259.03,300.30,1,W,2,W
27,77.48,300.30,1,W,5,W
65,228.69,300.60,1,E,2,W
29,86.42,300.60,1,W,5,W
64,158.19,300.90,1,E,5,W
34,149.77,315.70,1,W,5,E
28,82.37,321.84,1,W,5,N
30,93.66,322.14,1,W,5,N
31,99.07,322.44,1,W,5,N
32,137.29,322.74,1,W,5,N
33,142.95,323.04,1,W,5,N
99,201.93,330.57,3,E,5,N
100,230.17,330.87,3,E,5,N
102,241.29,331.47,3,E,5,N
126,329.62,365.84,5,W,5,N
127,359.18,366.14,5,W,5,N
128,365.30,371.44,5,W,5,N
129,369.53,375.67,5,W,5,N
101,234.56,399.60,3,E,5,W
4,151.81,399.90,1,S,5,W
85,241.76,400.20,2,E,5,W
41,280.44,400.40,1,W,2,W
35,240.33,400.50,1,W,5,W
42,316.65,400.70,1,W,2,W
36,248.13,400.80,1,W,5,W
38,261.05,401.10,1,W,5,W
66,238.26,401.40,1,E,5,W
2,144.82,421.74,1,S,5,N
5,156.90,422.04,1,S,5,N
67,278.36,422.34,1,E,5,N
103,306.81,430.37,3,E,5,N
130,426.29,465.74,5,W,5,N
131,431.47,466.04,5,W,5,N
132,437.19,466.34,5,W,5,N
7,300.68,499.50,1,S,5,W
40,273.90,499.80,1,W,5,W
44,325.69,500.10,1,W,5,W
68,337.28,500.40,1,E,5,W
6,293.20,521.64,1,S,5,N
79,380.03,521.94,2,W,5,N
39,267.67,522.24,1,W,5,N
43,321.49,522.54,1,W,5,N
45,364.62,522.84,1,W,5,N
69,353.40,523.14,1,E,5,N
92,416.65,530.17,3,W,5,N
46,370.46,536.87,1,W,3,E
48,376.75,537.47,1,W,3,W
93,487.14,548.91,3,W,5,N
133,479.23,565.64,5,W,5,N
134,486.67,565.94,5,W,5,N
135,515.00,566.24,5,W,5,N
136,520.81,566.54,5,W,5,N
137,521.75,566.84,5,W,5,N
138,533.71,567.14,5,W,5,N
139,545.65,567.44,5,W,5,N
156,513.89,579.64,5,E,5,N
157,523.98,579.94,5,E,5,N
94,495.31,599.40,3,W,5,W
8,438.55,599.70,1,S,5,W
82,546.34,613.07,2,W,3,W
80,468.94,615.40,2,W,5,E
50,429.47,615.70,1,W,5,E
86,428.17,621.54,2,E,5,N
47,375.18,621.84,1,W,5,N
49,382.28,622.14,1,W,5,N
51,433.82,622.44,1,W,5,N
140,575.91,665.54,5,W,5,N
141,617.46,665.84,5,W,5,N
142,623.95,666.14,5,W,5,N
143,632.43,666.44,5,W,5,N
144,660.39,666.53,5,W,5,N
145,666.67,672.81,5,W,5,N
104,511.28,699.30,3,E,5,W
81,502.62,699.60,2,W,5,W
53,523.76,699.90,1,W,5,W
54,619.09,700.70,1,W,2,E
52,517.94,721.44,1,W,5,N
14,725.62,739.75,1,S,1,E
158,719.44,779.44,5,E,5,N
159,744.51,779.74,5,E,5,N
70,597.39,799.20,1,E,5,W
9,559.56,799.50,1,S,5,W
83,627.07,799.80,2,W,5,W
71,618.58,800.10,1,E,5,W
16,732.16,800.80,1,S,2,E
57,718.93,801.10,1,W,2,E
10,711.87,803.20,1,S,1,W
11,714.50,803.50,1,S,1,W
15,726.99,803.80,1,S,1,W
17,737.74,804.10,1,S,1,W
20,754.15,804.40,1,S,1,W
24,773.60,816.00,1,S,1,E
87,611.84,821.34,2,E,5,N
105,713.71,829.57,3,E,5,N
106,752.34,829.87,3,E,5,N
96,763.48,830.17,3,W,5,N
146,820.99,865.34,5,W,5,N
147,871.85,877.98,5,W,5,N
95,754.21,899.10,3,W,5,W
58,734.80,899.40,1,W,5,W
72,761.79,899.70,1,E,5,W
73,770.23,900.00,1,E,5,W
56,697.65,915.10,1,W,5,E
88,778.21,921.24,2,E,5,N
12,721.48,921.54,1,S,5,N
13,722.85,921.84,1,S,5,N
55,689.87,922.14,1,W,5,N
108,851.66,929.67,3,E,5,N
109,883.64,945.41,3,E,5,N
110,887.83,949.60,3,E,5,N
148,875.20,965.24,5,W,5,N
149,885.06,965.54,5,W,5,N
150,896.53,965.84,5,W,5,N
151,899.40,966.14,5,W,5,N
107,803.04,999.00,3,E,5,W
18,749.73,999.30,1,S,5,W
23,773.30,999.60,1,S,5,W
75,811.15,999.90,1,E,5,W
76,812.57,1000.20,1,E,5,W
77,855.12,1000.50,1,E,5,W
19,750.84,1021.14,1,S,5,N
21,761.26,1021.44,1,S,5,N
22,766.71,1021.74,1,S,5,N
59,827.96,1022.04,1,W,5,N
60,834.97,1022.34,1,W,5,N
74,809.83,1022.64,1,E,5,N