id,enter_time,exit_time,entrance_intersection,entrance_direction,exit_intersection,exit_direction
129,40.96,66.14,5,W,5,N
130,42.29,66.44,5,W,5,N
154,29.05,80.14,5,E,5,N
155,50.25,80.44,5,E,5,N
156,67.39,80.74,5,E,5,N
157,88.72,94.85,5,E,5,N
119,4.03,130.97,3,E,5,N
120,72.53,134.30,3,E,5,N
131,155.73,166.04,5,W,5,N
132,168.97,175.10,5,W,5,N
158,120.41,180.04,5,E,5,N
159,120.52,180.34,5,E,5,N
160,140.73,180.64,5,E,5,N
1,19.36,199.80,1,S,5,W
3,33.61,200.10,1,S,5,W
104,97.78,221.94,2,E,5,N
0,11.73,222.24,1,S,5,N
2,26.26,222.54,1,S,5,N
4,36.81,222.84,1,S,5,N
45,5.72,223.14,1,W,5,N
81,42.39,223.44,1,E,5,N
82,46.18,223.74,1,E,5,N
121,142.00,230.77,3,E,5,N
50,84.28,237.47,1,W,3,E
133,178.34,265.94,5,W,5,N
134,257.04,266.24,5,W,5,N
135,258.55,266.54,5,W,5,N
5,41.43,299.70,1,S,5,W
46,66.54,300.00,1,W,5,W
7,222.16,300.30,1,S,2,E
48,72.51,300.30,1,W,5,W
49,76.73,300.60,1,W,5,W
51,92.09,300.90,1,W,5,W
6,222.10,301.20,1,S,1,W
52,131.96,301.20,1,W,5,W
99,146.80,321.84,2,W,5,N
47,68.84,322.14,1,W,5,N
83,108.62,322.44,1,E,5,N
84,178.03,322.74,1,E,5,N
112,204.45,330.57,3,W,5,N
113,214.34,330.87,3,W,5,N
114,251.52,331.17,3,W,5,N
56,235.49,337.87,1,W,3,W
136,293.88,365.84,5,W,5,N
137,301.72,366.14,5,W,5,N
138,331.74,366.44,5,W,5,N
139,338.32,366.74,5,W,5,N
161,336.51,379.84,5,E,5,N
105,246.27,399.60,2,E,5,W
9,235.75,399.90,1,S,5,W
54,227.00,400.20,1,W,5,W
55,229.70,400.50,1,W,5,W
85,257.71,400.80,1,E,5,W
100,201.95,421.74,2,W,5,N
8,225.95,422.04,1,S,5,N
53,219.44,422.34,1,W,5,N
57,238.00,422.64,1,W,5,N
86,284.06,422.94,1,E,5,N
115,370.05,425.69,3,W,5,E
18,411.63,425.77,1,S,1,E
87,327.44,437.97,1,E,3,E
122,305.04,499.50,3,E,5,W
10,265.12,499.80,1,S,5,W
106,311.49,500.10,2,E,5,W
60,298.04,500.40,1,W,5,W
61,338.73,500.70,1,W,5,W
24,431.56,502.00,1,S,1,W
11,268.34,521.64,1,S,5,N
12,271.90,521.94,1,S,5,N
13,277.01,522.24,1,S,5,N
14,278.99,522.54,1,S,5,N
15,285.19,522.84,1,S,5,N
101,339.59,523.14,2,W,5,N
107,363.86,523.44,2,E,5,N
16,316.85,523.74,1,S,5,N
58,296.27,524.04,1,W,5,N
59,297.18,524.34,1,W,5,N
116,455.36,530.17,3,W,5,N
124,451.11,530.47,3,E,5,N
89,411.22,541.97,1,E,3,W
140,529.71,565.64,5,W,5,N
141,538.27,565.94,5,W,5,N
142,542.95,566.24,5,W,5,N
143,552.71,566.54,5,W,5,N
144,561.91,568.04,5,W,5,N
145,569.56,575.70,5,W,5,N
123,443.71,599.40,3,E,5,W
19,412.04,599.70,1,S,5,W
20,415.33,600.00,1,S,5,W
22,420.36,600.30,1,S,5,W
25,432.06,600.60,1,S,5,W
65,440.21,600.90,1,W,5,W
69,455.05,601.20,1,W,5,W
70,459.71,601.50,1,W,5,W
88,405.72,601.80,1,E,5,W
108,450.35,615.40,2,E,5,E
17,411.62,621.54,1,S,5,N
21,418.02,621.84,1,S,5,N
23,424.38,622.14,1,S,5,N
62,386.22,622.44,1,W,5,N
63,393.26,622.74,1,W,5,N
64,430.76,623.04,1,W,5,N
66,444.63,623.34,1,W,5,N
67,449.00,623.64,1,W,5,N
68,453.58,623.94,1,W,5,N
71,465.67,624.24,1,W,5,N
90,474.53,624.54,1,E,5,N
29,622.73,636.87,1,S,1,E
146,573.86,665.54,5,W,5,N
147,635.56,665.84,5,W,5,N
148,646.72,666.14,5,W,5,N
149,650.19,666.44,5,W,5,N
150,655.45,666.74,5,W,5,N
151,665.46,671.60,5,W,5,N
162,616.26,679.54,5,E,5,N
163,629.59,679.84,5,E,5,N
91,498.22,699.30,1,E,5,W
109,565.99,699.60,2,E,5,W
74,529.54,699.90,1,W,5,W
27,609.15,702.80,1,S,1,W
31,633.30,703.10,1,S,1,W
26,439.01,721.44,1,S,5,N
72,473.30,721.74,1,W,5,N
73,523.20,722.04,1,W,5,N
92,512.04,722.34,1,E,5,N
93,580.03,722.64,1,E,5,N
28,615.31,736.77,1,S,3,W
125,686.00,747.77,3,E,5,N
152,767.79,773.93,5,W,5,N
164,713.11,779.44,5,E,5,N
126,691.32,799.20,3,E,5,W
30,631.69,799.50,1,S,5,W
75,631.07,799.80,1,W,5,W
94,654.13,800.10,1,E,5,W
41,784.71,803.20,1,S,1,W
110,722.75,812.97,2,E,3,W
40,784.45,816.00,1,S,1,E
32,637.37,821.34,1,S,5,N
95,665.81,821.64,1,E,5,N
117,748.46,829.57,3,W,5,N
127,698.90,829.87,3,E,5,N
77,739.76,837.17,1,W,3,E
43,791.63,843.32,1,S,2,W
153,777.71,865.34,5,W,5,N
165,823.28,879.34,5,E,5,N
166,827.62,879.64,5,E,5,N
167,838.55,879.94,5,E,5,N
168,861.29,880.24,5,E,5,N
169,863.97,880.54,5,E,5,N
170,869.57,880.84,5,E,5,N
38,772.47,898.20,1,S,3,W
78,745.28,899.10,1,W,5,W
97,717.93,899.40,1,E,5,W
33,640.20,921.24,1,S,5,N
34,642.22,921.54,1,S,5,N
35,642.59,921.84,1,S,5,N
36,643.97,922.14,1,S,5,N
102,737.12,922.44,2,W,5,N
76,700.11,922.74,1,W,5,N
96,708.22,923.04,1,E,5,N
118,860.34,929.37,3,W,5,N
79,828.04,936.97,1,W,3,W
128,869.40,999.00,3,E,5,W
37,770.39,999.30,1,S,5,W
42,786.14,999.60,1,S,5,W
103,853.43,999.90,2,W,5,W
39,777.36,1021.14,1,S,5,N
44,798.68,1021.44,1,S,5,N
111,885.45,1021.74,2,E,5,N
98,856.65,1022.04,1,E,5,N
80,880.26,1121.04,1,W,5,N