id,enter_time,exit_time,entrance_intersection,entrance_direction,exit_intersection,exit_direction
126,0.71,66.14,5,W,5,N
127,57.58,66.44,5,W,5,N
128,63.40,69.53,5,W,5,N
55,22.79,100.10,1,W,2,W
6,55.90,100.40,1,S,1,W
3,34.67,137.07,1,S,3,W
129,101.82,166.04,5,W,5,N
130,107.97,166.34,5,W,5,N
131,113.25,166.64,5,W,5,N
132,125.85,166.94,5,W,5,N
133,151.38,167.24,5,W,5,N
2,28.14,199.80,1,S,5,W
54,7.42,200.10,1,W,5,W
59,43.09,200.40,1,W,5,W
60,58.75,200.70,1,W,5,W
0,23.23,221.94,1,S,5,N
1,25.60,222.24,1,S,5,N
56,29.11,222.54,1,W,5,N
57,35.29,222.84,1,W,5,N
58,39.35,223.14,1,W,5,N
88,56.73,223.44,1,E,5,N
61,74.04,236.27,1,W,3,W
153,210.47,279.94,5,E,5,N
154,237.54,280.24,5,E,5,N
155,271.43,280.54,5,E,5,N
156,292.63,298.76,5,E,5,N
106,116.27,299.70,3,W,5,W
113,136.70,300.00,3,E,5,W
107,126.55,300.30,3,W,5,W
4,42.39,300.60,1,S,5,W
157,294.72,300.86,5,E,5,N
62,141.12,300.90,1,W,5,W
63,155.09,301.20,1,W,5,W
10,305.76,319.90,1,S,1,E
5,45.12,321.84,1,S,5,N
101,199.17,322.14,2,E,5,N
89,171.11,322.44,1,E,5,N
66,195.90,337.87,1,W,3,E
115,289.56,351.33,3,E,5,N
116,294.96,356.73,3,E,5,N
134,340.45,365.84,5,W,5,N
108,232.15,399.60,3,W,5,W
114,281.84,399.90,3,E,5,W
8,209.91,400.20,1,S,5,W
9,216.93,400.50,1,S,5,W
65,180.21,400.80,1,W,5,W
20,341.63,401.60,1,S,1,W
90,284.52,402.34,1,E,5,W
102,296.42,415.60,2,E,5,E
7,208.35,415.90,1,S,5,E
64,170.42,421.74,1,W,5,N
67,261.23,422.04,1,W,5,N
68,268.61,438.87,1,W,3,W
71,347.22,439.77,1,W,3,E
135,388.46,465.74,5,W,5,N
136,438.49,466.04,5,W,5,N
137,444.21,466.34,5,W,5,N
138,450.92,466.64,5,W,5,N
139,456.18,466.94,5,W,5,N
158,468.63,479.74,5,E,5,N
159,490.05,496.19,5,E,5,N
117,321.08,499.50,3,E,5,W
11,308.86,499.80,1,S,5,W
14,324.41,500.10,1,S,5,W
16,324.87,500.40,1,S,5,W
17,335.88,500.70,1,S,5,W
70,347.00,501.00,1,W,5,W
97,300.54,521.64,2,W,5,N
12,316.03,521.94,1,S,5,N
13,319.56,522.24,1,S,5,N
15,324.76,522.54,1,S,5,N
18,337.71,522.84,1,S,5,N
69,339.19,523.14,1,W,5,N
72,354.03,523.44,1,W,5,N
118,457.35,530.17,3,E,5,N
21,477.49,540.92,1,S,2,W
160,512.90,579.64,5,E,5,N
22,484.79,598.80,1,S,3,W
109,479.29,599.40,3,W,5,W
19,339.33,599.70,1,S,5,W
91,479.40,600.00,1,E,5,W
103,477.71,621.54,2,E,5,N
73,438.27,621.84,1,W,5,N
110,521.58,629.97,3,W,5,N
92,556.05,637.27,1,E,3,E
140,574.43,665.54,5,W,5,N
141,580.48,665.84,5,W,5,N
142,586.77,666.14,5,W,5,N
111,536.93,699.30,3,W,5,W
74,516.17,699.60,1,W,5,W
93,566.02,699.90,1,E,5,W
26,637.20,702.80,1,S,1,W
34,674.96,715.60,1,S,1,E
104,581.83,721.44,2,E,5,N
75,536.39,721.74,1,W,5,N
123,652.45,730.97,3,E,5,N
23,621.66,736.77,1,S,3,W
24,627.27,737.07,1,S,3,E
143,689.01,765.44,5,W,5,N
144,691.23,765.74,5,W,5,N
145,696.93,766.04,5,W,5,N
146,699.22,766.34,5,W,5,N
147,704.67,766.64,5,W,5,N
148,745.00,766.94,5,W,5,N
161,709.39,779.44,5,E,5,N
27,644.09,798.40,1,S,3,W
37,681.72,798.70,1,S,3,W
119,609.63,799.20,3,E,5,W
120,614.91,799.50,3,E,5,W
121,619.41,799.80,3,E,5,W
122,646.20,800.10,3,E,5,W
98,623.20,800.40,2,W,5,W
25,631.16,800.70,1,S,5,W
41,718.63,803.20,1,S,1,W
45,736.17,803.50,1,S,1,W
50,767.16,803.80,1,S,1,W
47,745.73,816.00,1,S,1,E
99,664.61,821.34,2,W,5,N
76,612.97,821.64,1,W,5,N
77,674.42,837.77,1,W,3,W
79,684.97,838.37,1,W,3,W
82,760.85,839.27,1,W,3,W
149,817.63,865.34,5,W,5,N
150,828.78,865.64,5,W,5,N
151,835.60,865.94,5,W,5,N
152,867.06,873.19,5,W,5,N
49,750.81,898.20,1,S,3,W
124,721.38,899.10,3,E,5,W
31,660.35,899.40,1,S,5,W
36,676.99,899.70,1,S,5,W
38,683.21,900.00,1,S,5,W
40,704.90,900.30,1,S,5,W
105,776.66,900.60,2,E,5,W
42,726.01,900.90,1,S,5,W
94,818.87,900.90,1,E,2,W
96,875.08,901.19,1,E,2,W
78,678.71,901.20,1,W,5,W
52,804.91,903.60,1,S,1,W
28,645.94,915.10,1,S,5,E
32,660.94,915.40,1,S,5,E
100,791.66,915.70,2,W,5,E
44,731.84,916.00,1,S,5,E
29,646.85,921.24,1,S,5,N
30,654.43,921.54,1,S,5,N
33,667.15,921.84,1,S,5,N
35,676.22,922.14,1,S,5,N
39,693.38,922.44,1,S,5,N
43,729.55,922.74,1,S,5,N
80,689.94,923.04,1,W,5,N
81,755.92,923.34,1,W,5,N
83,761.86,923.64,1,W,5,N
84,764.44,923.94,1,W,5,N
85,766.49,924.24,1,W,5,N
125,892.75,954.52,3,E,5,N
112,826.83,999.00,3,W,5,W
53,805.81,999.30,1,S,5,W
86,767.70,999.60,1,W,5,W
51,797.19,1015.00,1,S,5,E
46,740.84,1021.14,1,S,5,N
48,749.19,1021.44,1,S,5,N
87,856.77,1021.74,1,W,5,N
95,842.81,1022.04,1,E,5,N