id,enter_time,exit_time,entrance_intersection,entrance_direction,exit_intersection,exit_direction
116,4.04,66.14,5,W,5,N
156,15.57,80.14,5,E,5,N
157,38.29,80.44,5,E,5,N
4,23.22,100.10,1,S,2,E
8,51.72,113.20,1,S,1,E
5,27.19,137.07,1,S,3,W
117,110.73,166.04,5,W,5,N
118,141.04,166.34,5,W,5,N
119,149.74,166.64,5,W,5,N
120,150.59,166.94,5,W,5,N
121,151.74,167.24,5,W,5,N
122,159.41,167.54,5,W,5,N
123,165.69,171.83,5,W,5,N
158,149.92,180.04,5,E,5,N
93,99.08,199.80,3,W,5,W
79,45.40,200.10,2,W,5,W
80,98.05,200.40,2,W,5,W
2,14.74,200.70,1,S,5,W
6,34.43,201.00,1,S,5,W
64,72.32,201.30,1,E,5,W
159,196.62,202.76,5,E,5,N
87,138.80,212.37,2,E,3,E
0,2.70,221.94,1,S,5,N
1,9.82,222.24,1,S,5,N
3,21.68,222.54,1,S,5,N
102,121.30,230.77,3,E,5,N
94,101.37,231.07,3,W,5,N
25,68.13,299.70,1,W,5,W
65,147.88,300.00,1,E,5,W
66,155.20,300.30,1,E,5,W
12,207.23,301.20,1,S,1,W
13,208.54,301.50,1,S,1,W
7,40.67,321.84,1,S,5,N
9,53.16,322.14,1,S,5,N
26,134.58,322.44,1,W,5,N
124,289.05,365.84,5,W,5,N
125,329.30,366.14,5,W,5,N
126,336.51,366.44,5,W,5,N
127,342.63,366.74,5,W,5,N
128,345.61,367.04,5,W,5,N
160,365.56,379.84,5,E,5,N
161,386.00,392.14,5,E,5,N
34,334.33,400.40,1,W,2,W
16,363.49,401.60,1,S,1,W
10,195.42,421.74,1,S,5,N
11,201.45,422.04,1,S,5,N
81,242.65,422.34,2,W,5,N
14,212.17,422.64,1,S,5,N
27,232.78,422.94,1,W,5,N
28,243.53,423.24,1,W,5,N
29,251.26,423.54,1,W,5,N
67,233.69,423.84,1,E,5,N
103,329.98,430.37,3,E,5,N
40,364.33,439.17,1,W,3,W
68,308.33,439.47,1,E,3,W
105,384.23,446.00,3,E,5,N
129,375.66,465.74,5,W,5,N
130,380.21,466.04,5,W,5,N
131,386.47,466.34,5,W,5,N
132,426.56,466.64,5,W,5,N
133,434.77,466.94,5,W,5,N
134,441.50,467.24,5,W,5,N
135,471.52,477.65,5,W,5,N
136,472.27,478.40,5,W,5,N
95,362.75,499.50,3,W,5,W
104,377.05,499.80,3,E,5,W
42,457.37,500.50,1,W,2,W
69,384.41,502.23,1,E,5,W
88,322.13,521.64,2,E,5,N
82,344.20,521.94,2,W,5,N
30,275.96,522.24,1,W,5,N
31,281.01,522.54,1,W,5,N
32,283.77,522.84,1,W,5,N
33,291.70,523.14,1,W,5,N
35,338.51,523.44,1,W,5,N
36,342.59,523.74,1,W,5,N
37,347.02,524.04,1,W,5,N
38,353.19,524.34,1,W,5,N
39,359.73,524.64,1,W,5,N
106,406.96,530.17,3,E,5,N
107,412.89,530.47,3,E,5,N
108,451.85,530.77,3,E,5,N
109,476.52,532.15,3,E,5,E
96,472.15,533.92,3,W,5,N
43,458.28,536.87,1,W,3,W
137,480.00,565.64,5,W,5,N
138,481.93,565.94,5,W,5,N
139,485.70,566.24,5,W,5,N
97,477.84,599.40,3,W,5,W
46,536.30,600.60,1,W,2,W
90,483.63,615.40,2,E,5,E
15,359.91,621.54,1,S,5,N
89,406.88,621.84,2,E,5,N
41,452.15,622.14,1,W,5,N
111,506.02,630.27,3,E,5,N
71,554.89,637.57,1,E,3,E
140,615.55,665.54,5,W,5,N
141,618.57,665.84,5,W,5,N
142,620.44,666.14,5,W,5,N
143,630.09,666.44,5,W,5,N
162,600.19,679.54,5,E,5,N
163,660.20,679.84,5,E,5,N
110,501.81,699.30,3,E,5,W
112,568.59,699.60,3,E,5,W
98,591.80,699.90,3,W,5,W
19,610.56,702.80,1,S,1,W
73,590.17,708.00,1,E,5,W
17,463.97,721.44,1,S,5,N
44,523.57,721.74,1,W,5,N
45,531.24,722.04,1,W,5,N
70,552.43,722.34,1,E,5,N
72,575.07,722.64,1,E,5,N
18,606.48,736.77,1,S,3,E
47,574.18,737.07,1,W,3,E
144,692.84,765.44,5,W,5,N
145,713.28,765.74,5,W,5,N
146,717.84,766.04,5,W,5,N
147,718.71,766.34,5,W,5,N
148,725.10,766.64,5,W,5,N
149,728.62,766.94,5,W,5,N
150,735.68,767.24,5,W,5,N
151,747.56,767.54,5,W,5,N
74,594.82,799.20,1,E,5,W
91,648.69,799.50,2,E,5,W
51,678.58,800.80,1,W,2,W
21,747.33,803.20,1,S,1,W
48,659.46,821.34,1,W,5,N
49,660.44,821.64,1,W,5,N
75,604.74,821.94,1,E,5,N
113,723.73,823.43,3,E,5,E
114,731.67,829.87,3,E,5,N
85,799.53,835.60,2,W,3,W
152,806.72,865.34,5,W,5,N
153,809.23,865.64,5,W,5,N
164,831.10,879.34,5,E,5,N
83,707.93,899.10,2,W,5,W
50,671.39,899.40,1,W,5,W
77,750.83,899.70,1,E,5,W
55,782.23,900.90,1,W,2,E
86,846.05,913.07,2,W,3,W
92,744.90,921.24,2,E,5,N
84,748.48,921.54,2,W,5,N
52,687.12,921.84,1,W,5,N
53,701.77,922.14,1,W,5,N
76,716.18,922.44,1,E,5,N
78,783.30,922.74,1,E,5,N
154,883.89,965.24,5,W,5,N
155,888.77,965.54,5,W,5,N
99,845.80,999.00,3,W,5,W
115,875.02,999.30,3,E,5,W
100,897.41,999.60,3,W,5,W
23,758.31,999.90,1,S,5,W
57,854.46,1000.20,1,W,5,W
62,890.77,1001.00,1,W,2,W
20,747.24,1021.14,1,S,5,N
22,747.87,1021.44,1,S,5,N
54,767.93,1021.74,1,W,5,N
56,848.32,1022.04,1,W,5,N
58,860.15,1022.34,1,W,5,N
59,862.34,1022.64,1,W,5,N
101,899.80,1029.17,3,W,5,N
63,896.01,1037.67,1,W,3,W
24,889.87,1121.04,1,S,5,N
60,876.53,1121.34,1,W,5,N
61,881.25,1121.64,1,W,5,N