id,enter_time,exit_time,entrance_intersection,entrance_direction,exit_intersection,exit_direction
54,72.64,134.41,3,E,5,N
22,24.44,137.07,1,W,3,W
55,81.98,143.75,3,E,5,N
68,107.61,180.34,5,E,5,N
53,58.28,200.10,3,E,5,W
34,86.57,204.39,1,E,5,W
0,8.35,222.24,1,S,5,N
21,9.82,222.54,1,W,5,N
23,36.47,222.84,1,W,5,N
60,262.31,268.45,5,W,5,N
56,166.99,300.00,3,E,5,W
57,175.44,300.30,3,E,5,W
47,179.31,300.60,2,E,5,W
35,100.63,300.90,1,E,5,W
36,111.11,301.20,1,E,5,W
37,130.25,316.30,1,E,5,E
24,134.17,322.14,1,W,5,N
61,313.81,366.14,5,W,5,N
62,315.59,366.44,5,W,5,N
63,337.11,366.74,5,W,5,N
2,326.35,401.90,1,S,1,W
6,365.54,402.20,1,S,1,W
8,379.19,402.50,1,S,1,W
25,264.95,415.90,1,W,5,E
39,297.60,416.50,1,E,5,E
11,400.98,416.50,1,S,1,E
38,211.29,422.34,1,E,5,N
7,379.02,441.72,1,S,2,W
9,388.95,442.02,1,S,2,W
44,315.00,499.80,2,W,5,W
12,405.25,502.30,1,S,1,W
26,288.34,516.10,1,W,5,E
1,323.21,521.94,1,S,5,N
50,436.16,530.47,3,W,5,N
64,494.06,565.94,5,W,5,N
69,541.99,579.94,5,E,5,N
3,339.63,599.70,1,S,5,W
5,349.63,600.00,1,S,5,W
10,395.20,600.30,1,S,5,W
14,427.42,600.60,1,S,5,W
4,344.55,615.70,1,S,5,E
48,437.04,622.14,2,E,5,N
13,412.40,622.44,1,S,5,N
40,456.34,622.74,1,E,5,N
65,593.66,665.84,5,W,5,N
66,603.77,666.14,5,W,5,N
67,624.28,666.44,5,W,5,N
70,624.72,679.84,5,E,5,N
45,540.62,699.60,2,W,5,W
28,559.40,699.90,1,W,5,W
41,568.57,700.20,1,E,5,W
46,648.38,713.17,2,W,3,W
27,483.24,715.90,1,W,5,E
15,453.02,721.74,1,S,5,N
58,636.51,730.07,3,E,5,N
59,651.16,730.37,3,E,5,N
42,667.93,799.50,1,E,5,W
16,728.55,803.50,1,S,1,W
20,758.04,803.80,1,S,1,W
29,601.44,821.64,1,W,5,N
30,677.63,899.40,1,W,5,W
33,741.47,899.70,1,W,5,W
17,734.76,921.54,1,S,5,N
31,691.36,921.84,1,W,5,N
32,732.02,922.14,1,W,5,N
51,878.02,939.79,3,W,5,N
52,881.85,999.30,3,W,5,W
49,801.72,999.60,2,E,5,W
18,742.98,1021.44,1,S,5,N
19,744.59,1021.74,1,S,5,N
43,844.51,1022.04,1,E,5,N