id,enter_time,exit_time,entrance_intersection,entrance_direction,exit_intersection,exit_direction
60,0.21,66.44,5,W,5,N
61,10.24,66.74,5,W,5,N
62,67.02,73.15,5,W,5,N
69,93.39,99.53,5,E,5,N
1,33.36,100.70,1,S,1,W
2,33.41,101.00,1,S,1,W
6,94.55,108.68,1,S,1,W
8,108.89,123.02,1,S,1,E
63,79.91,166.34,5,W,5,N
70,143.44,180.34,5,E,5,N
71,146.38,180.64,5,E,5,N
72,154.46,180.94,5,E,5,N
51,33.21,200.10,2,W,5,W
31,110.12,200.50,1,W,2,E
9,125.54,201.10,1,S,1,W
0,9.25,222.24,1,S,5,N
29,15.40,222.54,1,W,5,N
30,35.87,222.84,1,W,5,N
43,18.32,223.14,1,E,5,N
57,126.58,224.93,3,E,5,E
73,222.04,280.24,5,E,5,N
4,58.42,300.00,1,S,5,W
7,102.99,300.30,1,S,5,W
3,44.05,322.14,1,S,5,N
5,67.01,322.44,1,S,5,N
64,287.35,366.14,5,W,5,N
44,292.25,410.07,1,E,5,W
10,138.35,422.04,1,S,5,N
11,147.93,422.34,1,S,5,N
12,165.77,422.64,1,S,5,N
32,249.06,422.94,1,W,5,N
58,379.14,440.91,3,E,5,N
45,296.28,499.80,1,E,5,W
46,335.59,500.10,1,E,5,W
13,436.53,502.30,1,S,1,W
54,363.62,521.94,2,E,5,N
33,323.73,522.24,1,W,5,N
56,491.54,553.31,3,W,5,N
65,495.41,565.94,5,W,5,N
66,529.08,566.24,5,W,5,N
16,506.41,600.90,1,S,2,E
17,521.82,602.70,1,S,1,W
18,532.69,603.00,1,S,1,W
20,548.28,603.30,1,S,1,W
47,543.84,637.57,1,E,3,W
67,612.72,665.84,5,W,5,N
74,610.94,679.84,5,E,5,N
75,634.17,680.14,5,E,5,N
36,594.91,701.60,1,W,2,W
76,696.60,702.74,5,E,5,N
14,452.14,721.74,1,S,5,N
15,497.86,722.04,1,S,5,N
34,478.10,722.34,1,W,5,N
35,588.23,737.37,1,W,3,W
77,724.74,779.74,5,E,5,N
78,740.55,780.04,5,E,5,N
23,649.25,798.70,1,S,3,W
19,540.92,799.50,1,S,5,W
25,700.80,803.50,1,S,1,W
55,712.94,813.27,2,E,3,E
21,588.13,815.50,1,S,5,E
22,612.01,821.94,1,S,5,N
48,607.83,822.24,1,E,5,N
49,678.34,822.54,1,E,5,N
59,732.54,829.87,3,E,5,N
26,704.03,899.40,1,S,5,W
27,715.06,899.70,1,S,5,W
28,729.08,900.00,1,S,5,W
37,691.30,900.30,1,W,5,W
24,696.99,921.54,1,S,5,N
52,768.60,921.84,2,W,5,N
50,734.29,922.14,1,E,5,N
39,852.46,937.57,1,W,3,W
68,876.88,965.54,5,W,5,N
53,852.74,999.30,2,W,5,W
38,823.79,1021.44,1,W,5,N
40,861.19,1021.74,1,W,5,N
41,875.22,1121.34,1,W,5,N
42,879.21,1121.64,1,W,5,N