id,enter_time,exit_time,entrance_intersection,entrance_direction,exit_intersection,exit_direction
1,30.43,44.57,1,S,1,E
62,12.63,66.44,5,W,5,N
63,23.60,66.74,5,W,5,N
64,45.03,67.04,5,W,5,N
65,59.04,67.34,5,W,5,N
83,8.64,80.44,5,E,5,N
84,55.22,80.74,5,E,5,N
85,61.72,81.04,5,E,5,N
0,11.61,100.70,1,S,1,W
4,63.66,101.00,1,S,1,W
6,75.22,114.40,1,S,1,E
7,77.06,114.70,1,S,1,E
42,61.49,137.07,1,E,3,W
57,84.74,146.51,3,W,5,N
66,77.80,166.34,5,W,5,N
67,98.16,166.64,5,W,5,N
32,57.16,200.10,1,W,5,W
44,91.20,209.02,1,E,5,W
31,29.29,222.24,1,W,5,N
43,72.64,222.54,1,E,5,N
3,53.53,300.00,1,S,5,W
2,42.00,322.14,1,S,5,N
5,69.39,322.44,1,S,5,N
33,69.86,322.74,1,W,5,N
68,303.78,366.14,5,W,5,N
34,211.58,399.90,1,W,5,W
8,340.55,414.70,1,S,1,E
10,351.86,415.30,1,S,1,E
45,251.04,416.50,1,E,5,E
52,209.67,422.04,2,W,5,N
53,291.79,422.34,2,W,5,N
58,304.27,430.67,3,W,5,N
13,366.00,442.32,1,S,2,W
69,415.38,466.04,5,W,5,N
70,420.57,466.34,5,W,5,N
71,422.69,466.64,5,W,5,N
72,424.51,466.94,5,W,5,N
73,468.77,474.91,5,W,5,N
86,464.22,480.04,5,E,5,N
11,359.14,499.60,1,S,3,W
60,369.31,499.80,3,E,5,W
12,365.02,499.90,1,S,3,W
55,389.70,500.10,2,E,5,W
54,392.79,521.94,2,W,5,N
87,567.77,579.94,5,E,5,N
14,369.23,599.70,1,S,5,W
15,387.54,600.00,1,S,5,W
17,394.77,600.30,1,S,5,W
20,419.91,600.60,1,S,5,W
21,420.56,600.90,1,S,5,W
9,349.77,621.84,1,S,5,N
16,391.08,622.14,1,S,5,N
18,406.02,622.44,1,S,5,N
19,409.55,622.74,1,S,5,N
22,423.22,623.04,1,S,5,N
23,434.21,623.34,1,S,5,N
35,417.35,623.64,1,W,5,N
74,580.17,665.84,5,W,5,N
75,597.55,666.14,5,W,5,N
76,611.17,666.44,5,W,5,N
88,618.60,679.84,5,E,5,N
89,628.64,680.14,5,E,5,N
90,696.35,702.48,5,E,5,N
46,551.87,715.90,1,E,5,E
24,450.21,721.74,1,S,5,N
77,691.91,765.74,5,W,5,N
38,617.91,799.50,1,W,5,W
47,608.40,799.80,1,E,5,W
36,592.68,821.64,1,W,5,N
37,603.79,821.94,1,W,5,N
48,633.75,822.24,1,E,5,N
59,782.61,844.38,3,W,5,N
78,789.92,865.64,5,W,5,N
79,804.62,865.94,5,W,5,N
80,818.25,866.24,5,W,5,N
91,855.02,879.64,5,E,5,N
30,822.29,903.90,1,S,1,W
25,726.84,915.70,1,S,5,E
56,774.07,921.54,2,E,5,N
26,732.45,922.14,1,S,5,N
27,734.05,922.44,1,S,5,N
61,848.32,929.67,3,E,5,N
49,818.93,937.87,1,E,3,E
81,884.99,965.54,5,W,5,N
82,897.02,965.84,5,W,5,N
28,746.58,999.30,1,S,5,W
51,876.28,999.60,1,E,5,W
29,810.18,1021.44,1,S,5,N
39,811.60,1021.74,1,W,5,N
50,860.38,1022.04,1,E,5,N
40,891.43,1121.34,1,W,5,N
41,897.63,1121.64,1,W,5,N