id,enter_time,exit_time,entrance_intersection,entrance_direction,exit_intersection,exit_direction
69,34.76,66.44,5,W,5,N
70,47.52,66.74,5,W,5,N
2,70.93,140.22,1,S,2,E
71,112.33,166.34,5,W,5,N
72,135.79,166.64,5,W,5,N
7,122.34,201.10,1,S,1,W
5,102.59,201.10,1,S,3,W
39,8.80,222.24,1,W,5,N
40,115.27,237.17,1,W,3,W
13,233.90,248.04,1,S,1,E
56,173.39,300.00,2,W,5,W
11,197.78,300.30,1,S,3,W
6,111.96,300.30,1,S,5,W
43,164.48,300.60,1,W,5,W
22,294.73,308.86,1,S,1,W
18,270.97,315.20,1,S,1,E
20,290.45,315.80,1,S,1,E
0,46.22,322.14,1,S,5,N
1,60.75,322.44,1,S,5,N
3,80.67,322.74,1,S,5,N
4,91.14,323.04,1,S,5,N
8,135.76,323.34,1,S,5,N
41,140.16,323.64,1,W,5,N
42,151.05,323.94,1,W,5,N
65,249.66,330.87,3,E,5,N
10,195.68,399.90,1,S,5,W
9,148.18,422.04,1,S,5,N
57,288.04,422.34,2,W,5,N
12,213.22,422.64,1,S,5,N
14,233.98,422.94,1,S,5,N
52,281.79,423.24,1,E,5,N
24,331.70,437.07,1,S,3,W
53,309.00,437.67,1,E,3,W
73,395.28,466.04,5,W,5,N
74,405.21,466.34,5,W,5,N
77,400.92,480.04,5,E,5,N
19,280.04,499.80,1,S,5,W
23,318.72,500.10,1,S,5,W
54,330.33,500.40,1,E,5,W
61,345.04,517.00,2,E,5,E
15,243.04,521.94,1,S,5,N
16,256.30,522.24,1,S,5,N
17,264.77,522.54,1,S,5,N
21,293.26,522.84,1,S,5,N
44,348.24,523.44,1,W,5,N
63,461.27,530.47,3,W,5,N
75,473.04,565.94,5,W,5,N
25,345.39,599.70,1,S,5,W
45,388.40,600.00,1,W,5,W
47,429.53,600.30,1,W,5,W
26,369.43,621.84,1,S,5,N
46,416.95,622.14,1,W,5,N
48,561.69,636.97,1,W,3,W
59,643.67,713.17,2,W,3,E
58,535.79,721.74,2,W,5,N
62,597.59,722.04,2,E,5,N
66,647.86,799.50,3,E,5,W
32,786.98,803.50,1,S,1,W
67,702.81,829.87,3,E,5,N
76,795.68,865.64,5,W,5,N
27,679.69,921.54,1,S,5,N
28,688.77,921.84,1,S,5,N
29,694.53,922.14,1,S,5,N
49,679.83,922.44,1,W,5,N
55,780.29,922.74,1,E,5,N
50,774.42,938.47,1,W,3,W
51,788.13,938.77,1,W,3,E
68,861.53,999.30,3,E,5,W
64,895.78,999.60,3,W,5,W
30,752.34,999.90,1,S,5,W
34,801.75,1000.20,1,S,5,W
60,809.35,1000.50,2,W,5,W
35,808.07,1000.80,1,S,5,W
36,815.68,1001.10,1,S,5,W
37,824.06,1001.40,1,S,5,W
38,838.60,1001.70,1,S,5,W
31,774.14,1021.44,1,S,5,N
33,799.87,1021.74,1,S,5,N