id,enter_time,exit_time,entrance_intersection,entrance_direction,exit_intersection,exit_direction
57,51.83,66.44,5,W,5,N
80,1.75,80.44,5,E,5,N
19,11.79,100.40,1,W,2,E
0,11.27,100.70,1,S,1,W
1,52.93,101.00,1,S,1,W
51,39.41,131.57,3,W,5,N
58,114.85,166.34,5,W,5,N
59,114.87,166.64,5,W,5,N
50,15.73,200.10,3,W,5,W
41,57.55,222.24,2,W,5,N
60,248.32,266.24,5,W,5,N
61,260.95,267.09,5,W,5,N
20,143.24,300.00,1,W,5,W
42,149.49,322.14,2,W,5,N
21,158.27,322.44,1,W,5,N
35,145.76,322.74,1,E,5,N
2,325.94,340.07,1,S,1,E
53,297.53,359.30,3,E,5,N
62,288.50,366.14,5,W,5,N
47,213.99,399.90,2,E,5,W
22,170.07,400.20,1,W,5,W
43,237.19,422.04,2,W,5,N
23,181.80,422.34,1,W,5,N
3,326.27,436.77,1,S,3,W
63,375.71,466.04,5,W,5,N
64,383.75,466.34,5,W,5,N
65,394.06,466.64,5,W,5,N
66,404.17,466.94,5,W,5,N
67,409.43,467.24,5,W,5,N
68,421.41,467.54,5,W,5,N
69,421.52,467.84,5,W,5,N
70,422.38,468.14,5,W,5,N
24,348.31,499.80,1,W,5,W
48,342.28,521.94,2,E,5,N
25,364.23,522.24,1,W,5,N
36,354.31,522.54,1,E,5,N
37,374.59,522.84,1,E,5,N
6,441.45,541.22,1,S,2,W
11,494.98,542.72,1,S,2,W
71,498.63,565.94,5,W,5,N
81,568.19,579.94,5,E,5,N
52,477.96,599.70,3,W,5,W
26,435.55,600.00,1,W,5,W
15,530.94,602.70,1,S,1,W
4,382.35,615.70,1,S,5,E
44,421.64,616.30,2,W,5,E
5,397.68,622.14,1,S,5,N
72,577.78,665.84,5,W,5,N
73,594.92,666.14,5,W,5,N
54,537.83,699.60,3,E,5,W
55,553.07,699.90,3,E,5,W
8,468.84,700.20,1,S,5,W
9,486.82,700.50,1,S,5,W
27,557.87,717.10,1,W,5,E
45,684.66,720.73,2,W,3,E
7,453.37,721.74,1,S,5,N
10,488.27,722.04,1,S,5,N
12,508.69,722.34,1,S,5,N
13,521.29,722.64,1,S,5,N
14,528.65,722.94,1,S,5,N
74,755.13,765.74,5,W,5,N
75,771.65,777.78,5,W,5,N
30,625.54,799.50,1,W,5,W
28,589.58,821.64,1,W,5,N
29,602.25,821.94,1,W,5,N
38,686.74,822.24,1,E,5,N
39,692.47,822.54,1,E,5,N
76,786.94,865.64,5,W,5,N
33,753.58,899.40,1,W,5,W
32,749.37,916.00,1,W,5,E
49,709.04,921.54,2,E,5,N
31,737.03,921.84,1,W,5,N
56,839.23,929.67,3,E,5,N
40,811.97,937.57,1,E,3,E
77,873.71,965.54,5,W,5,N
78,882.70,965.84,5,W,5,N
79,892.99,966.14,5,W,5,N
46,845.66,1021.44,2,W,5,N
34,838.96,1021.74,1,W,5,N
16,873.36,1099.20,1,S,5,W
17,879.72,1099.50,1,S,5,W
18,892.55,1121.34,1,S,5,N