id,enter_time,exit_time,entrance_intersection,entrance_direction,exit_intersection,exit_direction
8,96.70,110.83,1,S,1,W
3,47.02,113.50,1,S,1,E
0,0.83,222.24,1,S,5,N
1,6.07,222.54,1,S,5,N
2,12.69,222.84,1,S,5,N
21,15.68,223.14,1,W,5,N
46,247.15,266.24,5,W,5,N
47,271.11,277.25,5,W,5,N
42,143.96,300.00,3,E,5,W
4,52.30,300.30,1,S,5,W
38,170.13,300.60,2,E,5,W
5,65.31,316.00,1,S,5,E
6,72.97,322.44,1,S,5,N
7,84.63,322.74,1,S,5,N
22,69.29,323.04,1,W,5,N
23,130.51,323.34,1,W,5,N
48,285.56,366.14,5,W,5,N
49,293.93,366.44,5,W,5,N
50,302.66,366.74,5,W,5,N
51,322.56,367.04,5,W,5,N
52,331.72,367.34,5,W,5,N
53,341.79,367.64,5,W,5,N
54,350.39,367.94,5,W,5,N
55,358.79,368.24,5,W,5,N
56,359.70,368.54,5,W,5,N
63,328.75,380.14,5,E,5,N
24,249.37,422.04,1,W,5,N
57,441.30,466.04,5,W,5,N
58,468.53,474.67,5,W,5,N
10,385.30,499.60,1,S,3,E
39,335.67,499.80,2,E,5,W
11,386.71,499.90,1,S,3,E
32,363.10,500.10,1,E,5,W
25,398.09,501.40,1,W,2,W
31,352.67,521.94,1,E,5,N
41,465.28,530.47,3,W,5,N
9,373.40,621.84,1,S,5,N
12,402.20,622.14,1,S,5,N
13,434.49,622.44,1,S,5,N
14,437.51,622.74,1,S,5,N
43,506.01,630.27,3,E,5,N
26,528.81,721.74,1,W,5,N
64,704.65,779.74,5,E,5,N
40,696.63,799.50,2,E,5,W
33,659.72,799.80,1,E,5,W
34,669.29,800.10,1,E,5,W
15,715.26,803.50,1,S,1,W
16,724.58,803.80,1,S,1,W
18,742.69,816.60,1,S,1,E
59,854.84,865.64,5,W,5,N
60,865.47,871.61,5,W,5,N
20,755.87,899.10,1,S,3,W
36,797.42,899.40,2,W,5,W
27,698.05,921.54,1,W,5,N
28,716.71,921.84,1,W,5,N
29,734.16,922.14,1,W,5,N
35,779.62,922.44,1,E,5,N
45,846.85,923.83,3,E,5,E
44,838.34,929.67,3,E,5,N
61,888.80,965.54,5,W,5,N
62,899.80,965.84,5,W,5,N
37,884.08,1015.90,2,W,5,E
17,739.81,1021.44,1,S,5,N
19,746.05,1021.74,1,S,5,N
30,860.62,1022.34,1,W,5,N