id,enter_time,exit_time,entrance_intersection,entrance_direction,exit_intersection,exit_direction
78,2.02,66.44,5,W,5,N
87,48.87,80.44,5,E,5,N
3,42.84,113.50,1,S,1,E
71,11.96,131.27,3,E,5,N
88,111.93,180.34,5,E,5,N
89,127.54,180.64,5,E,5,N
90,128.81,180.94,5,E,5,N
91,129.02,181.24,5,E,5,N
92,146.48,181.54,5,E,5,N
1,12.93,200.10,1,S,5,W
5,67.05,200.20,1,S,3,E
55,46.33,200.40,1,E,5,W
0,10.17,222.24,1,S,5,N
2,20.05,222.54,1,S,5,N
67,174.70,236.47,3,W,5,N
79,247.08,266.24,5,W,5,N
60,113.33,300.00,2,W,5,W
7,121.41,316.60,1,S,5,E
4,49.76,322.14,1,S,5,N
6,102.63,322.44,1,S,5,N
68,209.45,330.87,3,W,5,N
80,328.08,366.14,5,W,5,N
93,374.82,380.95,5,E,5,N
39,243.09,399.90,1,W,5,W
40,256.21,400.20,1,W,5,W
65,290.92,422.04,2,E,5,N
38,174.14,422.34,1,W,5,N
69,389.76,445.39,3,W,5,E
8,432.91,447.04,1,S,1,E
42,350.90,499.80,1,W,5,W
43,351.92,500.10,1,W,5,W
41,334.96,521.94,1,W,5,N
44,363.70,522.24,1,W,5,N
56,312.47,522.54,1,E,5,N
72,408.85,530.47,3,E,5,N
15,537.19,551.32,1,S,1,E
11,483.62,599.40,1,S,3,E
70,450.16,599.70,3,W,5,W
73,418.52,600.00,3,E,5,W
47,447.07,600.30,1,W,5,W
57,437.95,600.60,1,E,5,W
12,500.17,602.70,1,S,1,W
61,424.70,621.84,2,W,5,N
9,435.18,622.14,1,S,5,N
45,378.79,622.44,1,W,5,N
46,427.37,622.74,1,W,5,N
81,573.92,665.84,5,W,5,N
14,532.57,699.60,1,S,5,W
20,631.21,703.10,1,S,1,W
22,688.75,703.40,1,S,1,W
62,528.70,715.90,2,W,5,E
48,510.46,716.50,1,W,5,E
25,706.52,720.66,1,S,1,E
10,462.02,721.74,1,S,5,N
13,512.96,722.34,1,S,5,N
49,520.84,722.94,1,W,5,N
58,651.94,737.07,1,E,3,W
82,737.33,765.74,5,W,5,N
83,747.21,766.04,5,W,5,N
74,688.15,799.50,3,E,5,W
18,568.55,799.80,1,S,5,W
31,759.92,803.50,1,S,1,W
63,644.91,816.70,2,W,5,E
34,807.01,821.14,1,S,1,E
75,698.46,821.64,3,E,5,N
16,545.76,821.94,1,S,5,N
17,559.32,822.24,1,S,5,N
19,568.82,822.54,1,S,5,N
66,656.98,823.14,2,E,5,N
76,707.29,829.87,3,E,5,N
77,715.82,830.17,3,E,5,N
84,862.33,868.46,5,W,5,N
85,868.02,874.15,5,W,5,N
29,741.11,898.50,1,S,3,W
33,775.96,899.40,1,S,3,W
23,702.74,899.40,1,S,5,W
24,703.08,899.70,1,S,5,W
28,725.36,900.00,1,S,5,W
59,708.69,900.30,1,E,5,W
21,677.48,921.54,1,S,5,N
64,745.96,921.84,2,W,5,N
26,707.65,922.14,1,S,5,N
27,711.33,922.44,1,S,5,N
50,691.25,922.74,1,W,5,N
53,799.96,938.47,1,W,3,W
37,868.09,942.82,1,S,2,W
86,881.35,965.54,5,W,5,N
32,769.53,999.30,1,S,5,W
35,830.00,999.60,1,S,5,W
36,836.33,999.90,1,S,5,W
52,794.55,1000.20,1,W,5,W
54,801.71,1000.50,1,W,5,W
30,754.57,1021.44,1,S,5,N
51,784.84,1021.74,1,W,5,N