id,enter_time,exit_time,entrance_intersection,entrance_direction,exit_intersection,exit_direction
90,22.73,66.44,5,W,5,N
110,25.99,80.44,5,E,5,N
2,36.87,100.70,1,S,1,W
91,83.42,166.34,5,W,5,N
92,104.35,166.64,5,W,5,N
93,123.13,166.94,5,W,5,N
79,27.65,200.10,3,W,5,W
76,91.43,200.40,2,E,5,W
40,16.24,200.70,1,W,5,W
0,7.46,222.24,1,S,5,N
1,34.08,222.54,1,S,5,N
94,190.88,266.24,5,W,5,N
95,199.57,266.54,5,W,5,N
4,56.13,300.00,1,S,5,W
3,49.97,322.14,1,S,5,N
41,149.47,322.44,1,W,5,N
42,163.07,322.74,1,W,5,N
43,163.48,323.04,1,W,5,N
44,175.83,399.90,1,W,5,W
45,192.17,400.20,1,W,5,W
46,215.83,400.50,1,W,5,W
47,227.74,400.80,1,W,5,W
48,243.05,401.10,1,W,5,W
5,298.75,401.90,1,S,1,W
82,334.62,430.67,3,E,5,N
83,344.57,430.97,3,E,5,N
96,396.92,466.04,5,W,5,N
97,455.85,466.34,5,W,5,N
98,458.96,466.64,5,W,5,N
99,459.29,466.94,5,W,5,N
100,470.05,476.19,5,W,5,N
6,318.57,499.80,1,S,5,W
77,479.41,515.48,2,E,3,E
7,324.11,521.94,1,S,5,N
49,291.41,522.24,1,W,5,N
50,359.94,522.54,1,W,5,N
51,365.41,522.84,1,W,5,N
84,422.30,530.47,3,E,5,N
66,469.77,537.77,1,E,3,W
101,483.23,565.94,5,W,5,N
102,506.51,566.24,5,W,5,N
103,520.23,566.54,5,W,5,N
64,449.30,599.70,1,E,5,W
65,464.07,600.00,1,E,5,W
63,405.77,621.84,1,E,5,N
85,517.64,630.27,3,E,5,N
53,526.03,637.27,1,W,3,W
55,560.10,637.87,1,W,3,W
67,560.73,638.17,1,E,3,W
104,603.31,665.84,5,W,5,N
111,606.65,679.84,5,E,5,N
112,682.91,689.05,5,E,5,N
80,571.71,699.60,3,W,5,W
52,499.75,699.90,1,W,5,W
54,536.88,700.20,1,W,5,W
14,617.21,703.10,1,S,1,W
68,585.24,721.74,1,E,5,N
56,633.71,738.27,1,W,3,W
18,649.73,742.02,1,S,2,W
105,730.88,765.74,5,W,5,N
81,663.19,799.50,3,W,5,W
9,582.59,799.80,1,S,5,W
13,607.35,800.10,1,S,5,W
15,617.74,800.40,1,S,5,W
69,613.93,800.70,1,E,5,W
23,703.80,803.50,1,S,1,W
26,732.93,803.80,1,S,1,W
33,804.19,818.33,1,S,1,E
8,578.15,821.64,1,S,5,N
10,590.14,821.94,1,S,5,N
11,592.17,822.24,1,S,5,N
12,600.55,822.54,1,S,5,N
16,622.47,822.84,1,S,5,N
17,634.44,823.14,1,S,5,N
57,634.64,823.44,1,W,5,N
58,659.66,823.74,1,W,5,N
70,632.37,824.04,1,E,5,N
106,788.70,865.64,5,W,5,N
107,810.25,865.94,5,W,5,N
19,651.24,899.40,1,S,5,W
21,679.06,899.70,1,S,5,W
22,698.92,900.00,1,S,5,W
75,732.12,900.30,2,W,5,W
62,862.66,902.70,1,W,2,W
36,854.60,903.90,1,S,1,W
38,882.81,904.20,1,S,1,W
20,666.94,921.54,1,S,5,N
24,717.34,921.84,1,S,5,N
25,726.33,922.14,1,S,5,N
71,713.48,922.44,1,E,5,N
88,855.13,930.27,3,E,5,N
108,888.06,965.54,5,W,5,N
109,897.69,965.84,5,W,5,N
86,824.61,999.30,3,E,5,W
87,840.41,999.60,3,E,5,W
89,868.25,999.90,3,E,5,W
31,778.52,1000.20,1,S,5,W
78,803.88,1000.50,2,E,5,W
34,819.10,1000.80,1,S,5,W
60,819.00,1001.10,1,W,5,W
61,850.15,1001.40,1,W,5,W
73,823.92,1001.70,1,E,5,W
72,808.48,1017.40,1,E,5,E
27,742.38,1021.44,1,S,5,N
28,752.71,1021.74,1,S,5,N
29,766.07,1022.04,1,S,5,N
30,770.51,1022.34,1,S,5,N
32,791.99,1022.64,1,S,5,N
35,839.64,1022.94,1,S,5,N
59,812.59,1023.24,1,W,5,N
74,867.06,1023.84,1,E,5,N
39,893.71,1099.20,1,S,5,W
37,870.07,1121.34,1,S,5,N