id,enter_time,exit_time,entrance_intersection,entrance_direction,exit_intersection,exit_direction
66,16.29,66.44,5,W,5,N
67,31.49,66.74,5,W,5,N
68,44.93,67.04,5,W,5,N
69,52.79,67.34,5,W,5,N
70,53.72,67.64,5,W,5,N
71,64.81,70.95,5,W,5,N
86,41.10,80.44,5,E,5,N
4,90.75,104.89,1,S,1,W
47,41.03,137.67,1,E,3,W
72,75.53,166.34,5,W,5,N
73,98.34,166.64,5,W,5,N
74,112.11,166.94,5,W,5,N
60,8.54,200.10,3,E,5,W
32,124.40,201.10,1,W,2,E
48,58.99,217.60,1,E,5,E
52,98.81,222.24,2,W,5,N
0,11.63,222.54,1,S,5,N
1,36.59,222.84,1,S,5,N
28,7.41,223.14,1,W,5,N
29,33.68,223.44,1,W,5,N
57,133.61,231.07,3,W,5,N
75,195.21,266.24,5,W,5,N
76,208.21,266.54,5,W,5,N
77,218.57,266.84,5,W,5,N
78,233.65,267.14,5,W,5,N
79,243.20,267.44,5,W,5,N
61,110.72,300.00,3,E,5,W
3,73.26,300.30,1,S,5,W
5,94.36,300.60,1,S,5,W
49,183.52,301.34,1,E,5,W
53,160.31,316.60,2,W,5,E
2,45.34,322.14,1,S,5,N
54,100.11,322.44,2,E,5,N
30,104.11,323.04,1,W,5,N
31,114.91,323.34,1,W,5,N
80,340.78,366.14,5,W,5,N
55,270.49,399.90,2,E,5,W
81,404.48,466.04,5,W,5,N
82,414.31,466.34,5,W,5,N
87,469.37,480.04,5,E,5,N
35,310.02,499.80,1,W,5,W
38,425.47,500.80,1,W,2,W
36,313.26,516.40,1,W,5,E
33,294.36,521.94,1,W,5,N
34,299.81,522.24,1,W,5,N
37,325.01,522.84,1,W,5,N
83,517.85,565.94,5,W,5,N
84,529.76,566.24,5,W,5,N
88,545.60,579.94,5,E,5,N
7,359.03,599.70,1,S,5,W
39,439.40,600.00,1,W,5,W
50,463.49,600.30,1,E,5,W
6,347.24,615.70,1,S,5,E
8,363.17,622.14,1,S,5,N
58,560.83,630.27,3,W,5,N
63,516.85,630.57,3,E,5,N
40,481.50,636.97,1,W,3,W
85,609.63,665.84,5,W,5,N
62,504.76,699.60,3,E,5,W
41,494.73,699.90,1,W,5,W
51,528.29,700.20,1,E,5,W
15,678.76,703.10,1,S,1,W
13,669.06,716.50,1,S,1,E
64,654.14,730.07,3,E,5,N
10,631.35,737.37,1,S,3,W
89,778.28,784.41,5,E,5,N
90,791.02,797.16,5,E,5,N
56,623.16,799.50,2,E,5,W
42,616.17,799.80,1,W,5,W
43,628.49,800.10,1,W,5,W
17,771.11,803.50,1,S,1,W
9,618.60,821.64,1,S,5,N
65,702.79,823.73,3,E,5,E
59,725.18,899.40,3,W,5,W
11,643.26,899.70,1,S,5,W
14,669.80,900.00,1,S,5,W
18,818.78,901.20,1,S,2,W
26,891.75,905.88,1,S,1,W
12,665.02,921.54,1,S,5,N
16,723.47,921.84,1,S,5,N
44,706.03,922.14,1,W,5,N
45,719.16,922.44,1,W,5,N
46,728.71,922.74,1,W,5,N
21,850.60,998.60,1,S,3,E
19,831.05,1021.44,1,S,5,N
20,845.40,1099.20,1,S,5,W
23,867.68,1099.50,1,S,5,W
24,873.37,1099.80,1,S,5,W
27,898.93,1115.80,1,S,5,E
22,859.37,1121.34,1,S,5,N
25,881.40,1121.64,1,S,5,N