id,enter_time,exit_time,entrance_intersection,entrance_direction,exit_intersection,exit_direction
65,14.35,66.44,5,W,5,N
82,7.21,80.44,5,E,5,N
83,28.81,80.74,5,E,5,N
84,74.02,81.04,5,E,5,N
1,17.60,100.70,1,S,1,W
2,28.42,101.00,1,S,1,W
4,34.56,101.30,1,S,1,W
11,89.02,115.00,1,S,1,E
25,25.37,137.37,1,W,3,E
66,111.12,166.34,5,W,5,N
67,117.62,166.64,5,W,5,N
68,131.45,166.94,5,W,5,N
85,111.02,180.34,5,E,5,N
86,175.15,181.29,5,E,5,N
87,184.13,190.26,5,E,5,N
88,187.14,193.27,5,E,5,N
7,60.06,200.20,1,S,3,E
0,4.70,222.24,1,S,5,N
3,31.91,222.54,1,S,5,N
5,34.63,222.84,1,S,5,N
26,40.59,223.14,1,W,5,N
27,55.44,223.44,1,W,5,N
59,137.56,231.37,3,W,5,N
31,105.80,237.47,1,W,3,E
69,200.05,266.24,5,W,5,N
70,215.50,266.54,5,W,5,N
71,236.84,266.84,5,W,5,N
72,250.99,267.14,5,W,5,N
58,100.31,300.00,3,W,5,W
8,74.07,300.30,1,S,5,W
12,91.87,300.60,1,S,5,W
32,133.45,300.90,1,W,5,W
6,47.17,322.14,1,S,5,N
9,79.90,322.44,1,S,5,N
10,84.55,322.74,1,S,5,N
28,67.45,323.04,1,W,5,N
29,82.38,323.34,1,W,5,N
30,97.12,323.64,1,W,5,N
33,147.48,323.94,1,W,5,N
18,392.48,416.20,1,S,1,E
60,335.33,430.67,3,W,5,N
13,343.10,440.82,1,S,2,W
56,342.84,499.80,2,E,5,W
34,273.33,500.10,1,W,5,W
17,388.86,500.20,1,S,3,W
38,319.45,500.40,1,W,5,W
49,318.64,500.70,1,E,5,W
50,374.78,501.00,1,E,5,W
20,413.45,502.30,1,S,1,W
35,289.05,521.94,1,W,5,N
36,300.01,522.24,1,W,5,N
37,309.48,522.54,1,W,5,N
39,330.48,522.84,1,W,5,N
40,335.91,523.14,1,W,5,N
73,477.43,565.94,5,W,5,N
89,542.01,579.94,5,E,5,N
62,402.41,599.70,3,E,5,W
19,400.69,616.60,1,S,5,E
14,352.16,621.84,1,S,5,N
15,372.57,622.14,1,S,5,N
16,373.40,622.44,1,S,5,N
74,585.18,665.84,5,W,5,N
75,597.61,666.14,5,W,5,N
76,611.22,666.44,5,W,5,N
77,619.77,666.74,5,W,5,N
41,493.20,699.60,1,W,5,W
44,646.18,737.67,1,W,3,W
22,734.65,748.78,1,S,1,E
78,705.94,765.74,5,W,5,N
79,726.12,766.04,5,W,5,N
80,748.65,766.34,5,W,5,N
23,744.10,803.50,1,S,1,W
57,732.06,813.27,2,E,3,E
55,683.15,821.64,2,W,5,N
42,621.50,821.94,1,W,5,N
43,637.46,822.24,1,W,5,N
45,655.63,822.54,1,W,5,N
51,681.02,822.84,1,E,5,N
63,714.11,829.87,3,E,5,N
81,796.10,865.64,5,W,5,N
21,721.84,921.54,1,S,5,N
46,669.48,921.84,1,W,5,N
52,708.88,922.14,1,E,5,N
64,835.04,929.67,3,E,5,N
54,898.38,960.57,1,E,3,E
61,848.49,999.30,3,W,5,W
24,748.97,999.60,1,S,5,W
47,810.42,999.90,1,W,5,W
53,819.75,1021.44,1,E,5,N
48,894.54,1099.20,1,W,5,W