id,enter_time,exit_time,entrance_intersection,entrance_direction,exit_intersection,exit_direction
63,13.61,66.44,5,W,5,N
64,36.49,66.74,5,W,5,N
65,58.18,67.04,5,W,5,N
5,92.89,107.03,1,S,1,W
58,10.38,131.27,3,E,5,N
59,22.55,131.57,3,E,5,N
55,14.28,131.57,3,W,5,N
54,2.01,200.10,3,W,5,W
3,87.22,200.20,1,S,3,E
0,10.03,222.24,1,S,5,N
1,30.05,222.54,1,S,5,N
66,259.79,266.24,5,W,5,N
40,96.98,300.00,1,E,5,W
41,128.58,300.30,1,E,5,W
28,262.76,300.60,1,W,2,W
8,102.72,317.20,1,S,5,E
26,122.30,317.50,1,W,5,E
2,49.48,322.14,1,S,5,N
4,90.04,322.44,1,S,5,N
6,93.25,322.74,1,S,5,N
7,93.93,323.04,1,S,5,N
27,136.35,323.94,1,W,5,N
42,140.59,324.24,1,E,5,N
43,159.03,324.54,1,E,5,N
44,182.28,324.84,1,E,5,N
52,213.28,399.90,2,E,5,W
29,264.71,422.04,1,W,5,N
30,329.34,436.77,1,W,3,W
74,429.32,480.04,5,E,5,N
75,434.71,480.34,5,E,5,N
31,343.42,499.80,1,W,5,W
10,406.82,501.10,1,S,2,W
56,432.41,530.47,3,W,5,N
9,405.18,536.87,1,S,3,E
67,493.36,565.94,5,W,5,N
68,508.40,566.24,5,W,5,N
69,515.31,566.54,5,W,5,N
70,530.56,566.84,5,W,5,N
71,558.84,567.14,5,W,5,N
60,472.79,599.70,3,E,5,W
11,417.44,600.00,1,S,5,W
32,454.66,600.30,1,W,5,W
45,435.79,621.84,1,E,5,N
46,462.39,622.14,1,E,5,N
76,634.05,679.84,5,E,5,N
35,597.73,701.60,1,W,2,W
53,580.10,721.74,2,E,5,N
57,620.13,730.07,3,W,5,N
48,720.24,802.90,1,E,2,E
33,579.45,821.64,1,W,5,N
34,582.10,821.94,1,W,5,N
47,689.08,822.24,1,E,5,N
72,773.26,865.64,5,W,5,N
73,788.59,865.94,5,W,5,N
14,703.63,916.00,1,S,5,E
15,706.16,916.60,1,S,5,E
12,683.61,921.54,1,S,5,N
13,696.14,921.84,1,S,5,N
50,783.91,922.44,2,W,5,N
16,721.57,923.04,1,S,5,N
17,734.44,923.34,1,S,5,N
36,730.13,923.64,1,W,5,N
37,740.91,923.94,1,W,5,N
38,741.13,924.24,1,W,5,N
49,739.51,924.54,1,E,5,N
61,848.63,929.67,3,E,5,N
62,862.30,929.97,3,E,5,N
25,852.89,943.12,1,S,2,W
20,793.52,999.30,1,S,5,W
19,792.48,1015.60,1,S,5,E
23,814.74,1016.80,1,S,5,E
18,748.42,1021.44,1,S,5,N
21,795.47,1022.04,1,S,5,N
51,867.97,1022.34,2,W,5,N
22,811.10,1022.64,1,S,5,N
39,863.48,1023.24,1,W,5,N
24,852.59,1121.34,1,S,5,N