id,enter_time,exit_time,entrance_intersection,entrance_direction,exit_intersection,exit_direction
2,24.63,100.70,1,S,1,W
3,26.96,101.00,1,S,1,W
60,12.12,131.27,3,E,5,N
63,159.88,166.34,5,W,5,N
53,91.57,200.10,3,W,5,W
20,30.36,200.40,1,W,5,W
21,44.83,216.70,1,W,5,E
0,12.66,222.24,1,S,5,N
1,14.31,222.54,1,S,5,N
22,54.22,223.14,1,W,5,N
54,107.07,231.07,3,W,5,N
55,150.37,231.37,3,W,5,N
56,155.47,231.67,3,W,5,N
64,177.69,266.24,5,W,5,N
65,189.46,266.54,5,W,5,N
57,180.38,300.00,3,W,5,W
48,185.31,300.30,2,W,5,W
25,263.35,301.20,1,W,2,W
41,154.55,322.14,1,E,5,N
42,198.17,322.44,1,E,5,N
58,229.32,330.87,3,W,5,N
66,324.36,366.14,5,W,5,N
67,340.18,366.44,5,W,5,N
72,391.66,397.79,5,E,5,N
73,393.22,399.36,5,E,5,N
50,274.60,399.90,2,E,5,W
24,200.06,400.20,1,W,5,W
23,190.06,422.04,1,W,5,N
68,399.23,466.04,5,W,5,N
69,402.64,466.34,5,W,5,N
74,464.59,480.04,5,E,5,N
61,354.52,499.80,3,E,5,W
26,272.69,500.10,1,W,5,W
4,404.87,502.30,1,S,1,W
59,419.27,530.47,3,W,5,N
29,461.52,537.77,1,W,3,W
49,485.75,599.70,2,W,5,W
27,417.76,600.00,1,W,5,W
28,445.74,600.30,1,W,5,W
33,545.47,601.80,1,W,2,E
5,406.86,621.84,1,S,5,N
43,474.06,622.14,1,E,5,N
51,599.92,699.60,2,E,5,W
30,480.87,699.90,1,W,5,W
32,538.65,700.20,1,W,5,W
34,564.52,700.50,1,W,5,W
44,539.31,700.80,1,E,5,W
31,486.38,721.74,1,W,5,N
38,634.40,799.50,1,W,5,W
9,701.68,803.50,1,S,1,W
35,593.96,821.64,1,W,5,N
36,609.68,821.94,1,W,5,N
37,622.36,822.24,1,W,5,N
62,722.49,829.87,3,E,5,N
70,784.29,865.64,5,W,5,N
71,844.86,865.94,5,W,5,N
75,862.10,879.64,5,E,5,N
7,690.14,899.40,1,S,5,W
11,718.90,899.70,1,S,5,W
12,723.83,900.00,1,S,5,W
19,802.23,900.30,1,S,3,W
8,697.67,915.70,1,S,5,E
6,686.20,921.54,1,S,5,N
10,714.26,922.14,1,S,5,N
45,714.70,922.44,1,E,5,N
13,750.01,999.30,1,S,5,W
16,775.13,999.60,1,S,5,W
52,812.00,1016.50,2,E,5,E
14,753.00,1021.44,1,S,5,N
15,764.81,1021.74,1,S,5,N
17,789.71,1022.04,1,S,5,N
18,799.67,1022.34,1,S,5,N
39,806.33,1022.94,1,W,5,N
40,822.40,1023.24,1,W,5,N
46,867.64,1023.54,1,E,5,N
47,897.60,1023.84,1,E,5,N