id,enter_time,exit_time,entrance_intersection,entrance_direction,exit_intersection,exit_direction
2,35.76,49.90,1,S,1,E
65,13.90,131.27,3,E,5,N
66,22.64,131.57,3,E,5,N
0,12.06,136.47,1,S,3,E
6,67.70,200.80,1,S,3,E
7,68.72,201.10,1,S,3,W
58,9.42,222.24,2,W,5,N
1,24.04,222.54,1,S,5,N
33,14.76,222.84,1,W,5,N
47,41.51,223.14,1,E,5,N
70,221.24,266.24,5,W,5,N
71,237.67,266.54,5,W,5,N
5,62.04,300.00,1,S,5,W
11,277.21,301.50,1,S,1,W
3,43.59,322.14,1,S,5,N
4,56.58,322.44,1,S,5,N
34,91.12,322.74,1,W,5,N
48,186.99,323.04,1,E,5,N
63,238.00,330.87,3,W,5,N
72,324.57,366.14,5,W,5,N
73,338.24,366.44,5,W,5,N
74,347.67,366.74,5,W,5,N
49,197.10,399.90,1,E,5,W
36,354.37,401.30,1,W,2,E
15,322.36,401.90,1,S,1,W
16,322.78,402.20,1,S,1,W
17,330.55,402.50,1,S,1,W
50,227.20,422.04,1,E,5,N
51,367.32,437.67,1,E,3,W
75,385.72,466.04,5,W,5,N
76,402.31,466.34,5,W,5,N
77,426.04,466.64,5,W,5,N
78,436.61,466.94,5,W,5,N
79,457.95,467.24,5,W,5,N
80,471.46,477.59,5,W,5,N
9,251.16,499.80,1,S,5,W
10,261.50,500.10,1,S,5,W
8,244.33,515.80,1,S,5,E
12,280.26,522.24,1,S,5,N
13,293.39,522.54,1,S,5,N
60,394.75,522.84,2,E,5,N
14,308.05,523.14,1,S,5,N
35,280.99,523.44,1,W,5,N
67,487.82,543.46,3,E,5,E
81,484.95,565.94,5,W,5,N
82,492.04,566.24,5,W,5,N
83,500.08,566.54,5,W,5,N
90,555.27,579.94,5,E,5,N
19,347.57,599.70,1,S,5,W
52,402.50,600.00,1,E,5,W
18,347.22,621.84,1,S,5,N
53,418.01,622.14,1,E,5,N
37,482.86,636.97,1,W,3,W
38,495.92,637.27,1,W,3,W
84,609.12,665.84,5,W,5,N
68,568.95,699.60,3,E,5,W
39,505.08,699.90,1,W,5,W
54,530.11,700.20,1,E,5,W
20,679.23,703.10,1,S,1,W
25,719.01,733.14,1,S,1,E
69,678.02,739.79,3,E,5,N
85,683.20,765.74,5,W,5,N
86,691.90,766.04,5,W,5,N
61,683.01,799.50,2,E,5,W
40,591.73,799.80,1,W,5,W
22,711.29,803.50,1,S,1,W
27,759.84,803.80,1,S,1,W
56,785.02,811.14,1,E,2,W
29,768.54,816.90,1,S,1,E
41,672.17,837.77,1,W,3,W
43,694.77,838.37,1,W,3,E
87,775.66,865.64,5,W,5,N
88,794.12,865.94,5,W,5,N
89,862.66,868.79,5,W,5,N
24,718.96,899.40,1,S,5,W
44,710.05,916.60,1,W,5,E
21,703.00,921.54,1,S,5,N
59,798.06,921.84,2,W,5,N
23,715.72,922.14,1,S,5,N
42,686.48,922.44,1,W,5,N
55,706.00,923.04,1,E,5,N
57,790.94,923.34,1,E,5,N
64,835.95,929.67,3,W,5,N
31,840.37,942.82,1,S,2,W
26,747.21,999.30,1,S,5,W
28,762.66,999.60,1,S,5,W
30,779.07,1015.30,1,S,5,E
62,831.61,1021.74,2,E,5,N
45,833.50,1022.04,1,W,5,N
46,845.03,1022.34,1,W,5,N
32,852.64,1099.20,1,S,5,W