id,enter_time,exit_time,entrance_intersection,entrance_direction,exit_intersection,exit_direction
2,16.45,30.59,1,S,1,E
51,2.05,66.44,5,W,5,N
52,21.69,66.74,5,W,5,N
53,36.09,67.04,5,W,5,N
54,46.96,67.34,5,W,5,N
0,3.75,100.70,1,S,1,W
55,117.21,166.34,5,W,5,N
56,140.99,166.64,5,W,5,N
57,147.93,166.94,5,W,5,N
58,155.23,167.24,5,W,5,N
65,137.13,180.34,5,E,5,N
66,144.34,180.64,5,E,5,N
67,162.07,180.94,5,E,5,N
68,181.02,187.15,5,E,5,N
1,3.76,222.24,1,S,5,N
12,11.30,222.54,1,W,5,N
41,113.96,300.00,2,E,5,W
27,150.48,300.30,1,E,5,W
3,283.31,301.50,1,S,1,W
38,209.93,312.77,2,W,3,W
69,350.84,380.14,5,E,5,N
70,392.86,399.00,5,E,5,N
42,202.61,399.90,2,E,5,W
13,173.82,400.20,1,W,5,W
9,371.12,415.00,1,S,1,E
39,298.90,422.04,2,W,5,N
14,241.92,422.34,1,W,5,N
28,213.54,422.64,1,E,5,N
29,224.40,422.94,1,E,5,N
7,320.67,437.37,1,S,3,W
59,404.91,466.04,5,W,5,N
8,361.58,499.30,1,S,3,W
47,310.01,499.80,3,E,5,W
40,312.80,500.10,2,W,5,W
30,304.44,500.40,1,E,5,W
4,295.96,521.94,1,S,5,N
5,316.71,522.24,1,S,5,N
6,316.81,522.54,1,S,5,N
48,460.22,530.47,3,E,5,N
32,498.27,560.45,1,E,3,W
15,428.62,621.84,1,W,5,N
31,421.72,622.14,1,E,5,N
16,555.01,636.97,1,W,3,W
44,585.19,646.96,3,W,5,N
43,530.53,699.60,2,E,5,W
33,580.96,699.90,1,E,5,W
10,628.80,703.10,1,S,1,W
60,703.62,765.74,5,W,5,N
61,727.49,766.04,5,W,5,N
62,741.14,766.34,5,W,5,N
63,757.61,766.64,5,W,5,N
36,692.14,809.96,1,E,5,W
34,666.62,821.64,1,E,5,N
35,684.25,821.94,1,E,5,N
46,752.53,830.17,3,W,5,N
71,816.12,879.64,5,E,5,N
45,721.69,899.40,3,W,5,W
17,675.75,899.70,1,W,5,W
19,694.78,900.00,1,W,5,W
20,723.57,900.30,1,W,5,W
21,732.86,900.60,1,W,5,W
24,766.91,900.90,1,W,5,W
37,718.42,901.20,1,E,5,W
11,899.28,913.42,1,S,1,W
18,684.55,921.54,1,W,5,N
22,742.93,921.84,1,W,5,N
23,756.09,922.14,1,W,5,N
49,812.43,929.67,3,E,5,N
50,865.34,929.97,3,E,5,N
64,882.37,965.54,5,W,5,N
25,780.28,999.30,1,W,5,W
26,789.66,1015.30,1,W,5,E