id,enter_time,exit_time,entrance_intersection,entrance_direction,exit_intersection,exit_direction
1,35.42,49.56,1,S,1,E
85,56.36,80.44,5,E,5,N
86,59.02,80.74,5,E,5,N
87,59.51,81.04,5,E,5,N
2,48.61,100.70,1,S,1,W
24,37.80,101.00,1,W,2,W
41,26.96,101.30,1,E,2,W
68,105.56,166.34,5,W,5,N
69,114.17,166.64,5,W,5,N
70,120.30,166.94,5,W,5,N
23,12.19,200.10,1,W,5,W
0,10.00,222.24,1,S,5,N
57,149.93,231.07,3,W,5,N
58,172.95,234.72,3,W,5,N
43,121.88,236.87,1,E,3,E
71,201.36,266.24,5,W,5,N
72,214.58,266.54,5,W,5,N
63,130.96,300.00,3,E,5,W
64,140.49,300.30,3,E,5,W
3,88.39,300.60,1,S,5,W
44,225.59,300.90,1,E,2,W
50,161.57,300.90,2,W,5,W
4,96.49,322.14,1,S,5,N
42,112.22,322.44,1,E,5,N
73,349.09,366.14,5,W,5,N
51,275.58,422.04,2,W,5,N
55,293.61,422.34,2,E,5,N
25,194.68,422.64,1,W,5,N
59,395.16,456.93,3,W,5,N
74,397.10,466.04,5,W,5,N
75,405.69,466.34,5,W,5,N
76,424.02,466.64,5,W,5,N
77,434.03,466.94,5,W,5,N
9,436.03,502.30,1,S,1,W
52,302.44,521.94,2,W,5,N
65,453.30,530.47,3,E,5,N
78,517.03,565.94,5,W,5,N
79,537.41,566.24,5,W,5,N
80,547.29,566.54,5,W,5,N
5,360.22,599.70,1,S,5,W
53,471.27,600.00,2,W,5,W
6,375.27,621.84,1,S,5,N
7,420.58,622.14,1,S,5,N
8,427.36,622.44,1,S,5,N
26,400.58,622.74,1,W,5,N
28,557.07,637.27,1,W,3,W
66,577.66,639.43,3,E,5,N
88,651.65,679.84,5,E,5,N
89,655.45,680.14,5,E,5,N
46,554.27,699.60,1,E,5,W
35,651.78,702.50,1,W,2,W
10,679.72,703.10,1,S,1,W
45,530.60,716.20,1,E,5,E
27,554.25,721.74,1,W,5,N
29,565.07,722.04,1,W,5,N
47,570.13,722.64,1,E,5,N
81,714.17,765.74,5,W,5,N
82,733.17,766.04,5,W,5,N
90,700.93,779.74,5,E,5,N
60,613.46,799.50,3,W,5,W
31,576.83,799.80,1,W,5,W
36,665.35,800.10,1,W,5,W
11,720.90,803.50,1,S,1,W
56,652.54,821.64,2,E,5,N
30,571.40,821.94,1,W,5,N
32,589.50,822.24,1,W,5,N
33,613.67,822.54,1,W,5,N
34,626.06,822.84,1,W,5,N
48,610.23,823.14,1,E,5,N
83,788.82,865.64,5,W,5,N
84,800.92,865.94,5,W,5,N
15,801.01,899.40,1,S,3,E
54,743.22,899.40,2,W,5,W
37,678.96,899.70,1,W,5,W
16,805.91,903.90,1,S,1,W
18,836.74,904.20,1,S,1,W
22,891.35,905.49,1,S,1,W
20,857.28,917.00,1,S,1,E
21,859.65,917.30,1,S,1,E
38,691.89,921.54,1,W,5,N
39,703.97,921.84,1,W,5,N
40,766.93,922.14,1,W,5,N
67,822.71,929.67,3,E,5,N
61,838.58,929.67,3,W,5,N
49,852.59,937.57,1,E,3,W
62,877.18,938.95,3,W,5,N
17,832.84,999.30,1,S,5,W
14,788.30,1015.90,1,S,5,E
12,768.84,1021.44,1,S,5,N
13,784.41,1021.74,1,S,5,N
19,845.49,1121.34,1,S,5,N