id,enter_time,exit_time,entrance_intersection,entrance_direction,exit_intersection,exit_direction
79,21.43,80.44,5,E,5,N
2,32.19,100.70,1,S,2,E
0,15.53,100.70,1,S,1,W
40,14.24,101.60,1,E,2,W
52,12.59,131.27,3,W,5,N
41,45.11,137.97,1,E,3,E
42,61.31,200.10,1,E,5,W
6,98.28,201.10,1,S,1,W
8,116.04,201.40,1,S,1,W
1,19.21,222.24,1,S,5,N
24,22.57,222.54,1,W,5,N
25,53.55,222.84,1,W,5,N
12,138.38,240.02,1,S,2,W
64,208.97,266.24,5,W,5,N
65,226.39,266.54,5,W,5,N
66,239.46,266.84,5,W,5,N
67,243.73,267.14,5,W,5,N
68,253.93,267.44,5,W,5,N
3,63.21,300.00,1,S,5,W
4,74.28,300.30,1,S,5,W
5,88.02,300.60,1,S,5,W
11,128.46,300.90,1,S,5,W
27,79.16,301.20,1,W,5,W
10,125.21,316.60,1,S,5,E
7,113.12,322.14,1,S,5,N
9,124.55,322.44,1,S,5,N
26,67.58,323.04,1,W,5,N
53,234.04,330.87,3,W,5,N
29,258.08,336.97,1,W,3,W
54,277.94,339.71,3,W,5,N
69,285.86,366.14,5,W,5,N
70,292.68,366.44,5,W,5,N
71,304.70,366.74,5,W,5,N
72,317.08,367.04,5,W,5,N
14,151.66,399.90,1,S,5,W
48,237.92,400.20,2,W,5,W
49,332.27,412.87,2,W,3,W
28,212.31,416.50,1,W,5,E
13,151.55,422.04,1,S,5,N
15,163.56,422.34,1,S,5,N
43,270.02,422.94,1,E,5,N
57,371.73,433.50,3,E,5,N
73,422.80,466.04,5,W,5,N
31,344.72,499.80,1,W,5,W
50,383.99,521.94,2,E,5,N
30,267.70,522.24,1,W,5,N
44,330.86,522.54,1,E,5,N
59,496.59,558.36,3,E,5,N
74,493.11,565.94,5,W,5,N
75,563.20,569.34,5,W,5,N
80,581.12,587.25,5,E,5,N
58,487.43,599.70,3,E,5,W
33,544.71,601.20,1,W,2,W
60,509.90,624.13,3,E,5,E
62,536.82,630.87,3,E,5,N
76,577.45,665.84,5,W,5,N
77,587.33,666.14,5,W,5,N
78,601.99,666.44,5,W,5,N
61,521.07,699.60,3,E,5,W
32,468.66,699.90,1,W,5,W
45,580.14,700.20,1,E,5,W
46,590.40,708.22,1,E,5,W
16,476.91,721.74,1,S,5,N
17,492.76,722.04,1,S,5,N
34,559.72,722.34,1,W,5,N
63,642.63,730.07,3,E,5,N
55,689.42,751.19,3,W,5,N
36,734.42,801.40,1,W,2,E
81,797.61,803.74,5,E,5,N
51,781.07,899.40,2,E,5,W
38,756.17,899.70,1,W,5,W
18,825.82,903.90,1,S,1,W
19,829.78,904.20,1,S,1,W
21,840.57,904.50,1,S,1,W
23,896.30,910.44,1,S,1,W
35,718.91,915.40,1,W,5,E
37,745.16,921.84,1,W,5,N
56,816.55,999.30,3,W,5,W
20,840.13,999.60,1,S,5,W
39,868.90,1001.30,1,W,2,W
47,894.06,1099.20,1,E,5,W
22,874.60,1099.50,1,S,5,W