id,enter_time,exit_time,entrance_intersection,entrance_direction,exit_intersection,exit_direction
3,17.25,31.38,1,S,1,E
50,1.59,66.44,5,W,5,N
75,3.27,80.44,5,E,5,N
1,5.78,100.70,1,S,2,E
4,22.03,100.70,1,S,1,W
24,18.94,102.20,1,E,2,E
46,15.26,131.27,3,E,5,N
42,37.70,131.57,3,W,5,N
0,4.60,136.47,1,S,3,W
5,26.01,137.37,1,S,3,W
7,29.71,137.97,1,S,3,E
51,146.09,166.34,5,W,5,N
52,158.52,166.64,5,W,5,N
53,173.16,179.30,5,W,5,N
41,2.78,200.10,3,W,5,W
10,153.91,200.50,1,W,2,W
2,9.25,222.24,1,S,5,N
6,28.17,222.54,1,S,5,N
25,58.78,222.84,1,E,5,N
47,129.26,231.07,3,E,5,N
54,177.87,266.24,5,W,5,N
55,187.95,266.54,5,W,5,N
56,199.01,266.84,5,W,5,N
57,207.17,267.14,5,W,5,N
58,219.85,267.44,5,W,5,N
59,228.37,267.74,5,W,5,N
60,237.07,268.04,5,W,5,N
61,253.60,268.34,5,W,5,N
62,267.72,273.86,5,W,5,N
35,117.83,322.14,2,W,5,N
11,155.73,322.44,1,W,5,N
28,298.42,324.54,1,E,2,W
76,336.04,380.14,5,E,5,N
43,204.23,399.90,3,W,5,W
38,211.70,400.20,2,E,5,W
36,225.70,415.90,2,W,5,E
12,180.99,416.20,1,W,5,E
26,206.28,422.64,1,E,5,N
27,229.60,422.94,1,E,5,N
44,396.82,458.59,3,W,5,N
13,348.54,499.80,1,W,5,W
14,364.43,521.94,1,W,5,N
48,440.58,524.33,3,E,5,E
15,377.23,599.70,1,W,5,W
8,408.16,621.84,1,S,5,N
16,385.92,622.14,1,W,5,N
17,401.69,622.44,1,W,5,N
29,413.66,622.74,1,E,5,N
30,488.47,623.04,1,E,5,N
63,645.32,665.84,5,W,5,N
64,655.40,666.14,5,W,5,N
65,669.65,675.79,5,W,5,N
66,670.57,676.71,5,W,5,N
39,535.02,699.60,2,E,5,W
18,512.54,699.90,1,W,5,W
31,509.24,700.20,1,E,5,W
9,675.56,715.90,1,S,1,E
32,511.32,721.74,1,E,5,N
33,517.63,722.04,1,E,5,N
67,680.30,765.74,5,W,5,N
68,689.97,766.04,5,W,5,N
69,702.43,766.34,5,W,5,N
70,721.47,766.64,5,W,5,N
71,737.28,766.94,5,W,5,N
19,666.17,821.64,1,W,5,N
72,867.92,874.05,5,W,5,N
20,682.08,921.54,1,W,5,N
21,693.89,921.84,1,W,5,N
34,774.77,922.14,1,E,5,N
49,884.88,946.65,3,E,5,N
73,874.16,965.54,5,W,5,N
74,884.89,965.84,5,W,5,N
45,835.78,999.30,3,W,5,W
37,868.78,1015.30,2,W,5,E
40,882.29,1015.60,2,E,5,E
22,873.26,1121.34,1,W,5,N
23,885.43,1121.64,1,W,5,N