id,enter_time,exit_time,entrance_intersection,entrance_direction,exit_intersection,exit_direction
64,21.65,131.27,3,W,5,N
2,40.89,139.62,1,S,2,E
67,13.14,200.10,3,E,5,W
4,57.82,200.20,1,S,3,W
1,32.63,200.40,1,S,5,W
53,77.78,200.70,1,E,5,W
9,125.60,201.10,1,S,1,W
14,176.51,201.40,1,S,1,W
10,139.71,213.90,1,S,1,E
0,19.49,222.24,1,S,5,N
52,50.51,222.54,1,E,5,N
11,141.37,240.32,1,S,2,W
70,199.21,266.24,5,W,5,N
71,206.11,266.54,5,W,5,N
13,163.71,300.00,1,S,3,W
3,46.16,322.14,1,S,5,N
5,69.33,322.44,1,S,5,N
6,98.85,322.74,1,S,5,N
58,119.05,323.04,2,W,5,N
7,107.54,323.34,1,S,5,N
8,122.55,323.64,1,S,5,N
34,129.60,323.94,1,W,5,N
17,222.19,336.97,1,S,3,W
12,157.57,399.90,1,S,5,W
55,374.40,401.30,1,E,2,W
35,200.40,417.10,1,W,5,E
15,179.27,422.04,1,S,5,N
62,209.09,422.34,2,E,5,N
59,205.00,422.64,2,W,5,N
16,212.27,422.94,1,S,5,N
36,219.23,423.54,1,W,5,N
37,230.87,423.84,1,W,5,N
38,239.95,424.14,1,W,5,N
39,308.01,521.94,1,W,5,N
54,332.21,522.24,1,E,5,N
65,427.80,530.47,3,W,5,N
68,471.64,533.41,3,E,5,N
72,512.86,565.94,5,W,5,N
73,516.44,566.24,5,W,5,N
74,534.22,566.54,5,W,5,N
75,535.89,566.84,5,W,5,N
76,550.65,567.14,5,W,5,N
85,584.29,590.42,5,E,5,N
60,498.78,599.70,2,W,5,W
20,534.10,602.70,1,S,1,W
21,545.14,615.50,1,S,1,E
56,451.71,616.00,1,E,5,E
40,430.87,621.84,1,W,5,N
66,565.30,624.13,3,W,5,E
77,630.98,665.84,5,W,5,N
41,585.76,701.60,1,W,2,W
27,600.44,703.10,1,S,1,W
28,613.42,703.40,1,S,1,W
30,622.43,703.70,1,S,1,W
32,637.63,704.00,1,S,1,W
18,486.58,715.60,1,S,5,E
19,487.79,722.04,1,S,5,N
63,555.48,722.34,2,E,5,N
69,599.51,730.07,3,E,5,N
78,759.61,765.75,5,W,5,N
79,771.07,777.20,5,W,5,N
86,786.82,792.95,5,E,5,N
23,554.95,799.50,1,S,5,W
61,602.17,799.80,2,W,5,W
29,617.19,800.10,1,S,5,W
31,636.31,800.40,1,S,5,W
22,545.28,821.64,1,S,5,N
24,563.96,821.94,1,S,5,N
25,574.10,822.24,1,S,5,N
26,585.14,822.54,1,S,5,N
42,594.13,822.84,1,W,5,N
43,618.48,823.14,1,W,5,N
44,627.28,823.44,1,W,5,N
57,665.44,823.74,1,E,5,N
80,778.29,865.64,5,W,5,N
81,789.42,865.94,5,W,5,N
82,865.67,871.81,5,W,5,N
33,884.34,916.70,1,S,1,E
45,761.12,921.54,1,W,5,N
83,879.83,965.54,5,W,5,N
84,882.06,965.84,5,W,5,N
49,838.68,999.30,1,W,5,W
46,774.73,1021.44,1,W,5,N
47,798.87,1021.74,1,W,5,N
48,813.45,1022.04,1,W,5,N
50,848.62,1022.34,1,W,5,N
51,873.33,1115.20,1,W,5,E