id,enter_time,exit_time,entrance_intersection,entrance_direction,exit_intersection,exit_direction
58,77.90,84.03,5,E,5,N
17,42.76,137.67,1,W,3,E
51,96.64,166.34,5,W,5,N
52,155.18,166.64,5,W,5,N
16,14.79,200.10,1,W,5,W
6,112.40,201.10,1,S,1,W
9,131.31,201.40,1,S,1,W
19,151.46,201.70,1,W,2,W
0,7.05,222.24,1,S,5,N
1,12.88,222.54,1,S,5,N
2,28.50,222.84,1,S,5,N
35,16.26,223.14,1,E,5,N
8,126.79,237.17,1,S,3,W
18,68.52,237.47,1,W,3,W
53,177.94,266.24,5,W,5,N
3,38.07,300.00,1,S,5,W
7,124.41,300.30,1,S,5,W
4,100.28,322.14,1,S,5,N
42,106.37,322.44,2,W,5,N
5,110.33,322.74,1,S,5,N
36,165.20,323.04,1,E,5,N
21,241.40,336.97,1,W,3,W
10,164.39,422.04,1,S,5,N
44,283.90,422.34,2,E,5,N
20,210.53,422.64,1,W,5,N
22,241.55,422.94,1,W,5,N
49,351.45,430.67,3,E,5,N
23,298.65,436.77,1,W,3,W
37,357.76,499.80,1,E,5,W
13,511.42,525.56,1,S,1,E
12,489.08,541.52,1,S,2,W
54,507.02,565.94,5,W,5,N
55,517.86,566.24,5,W,5,N
56,536.63,566.54,5,W,5,N
59,516.07,579.94,5,E,5,N
60,575.73,581.86,5,E,5,N
11,477.38,599.10,1,S,3,E
45,479.35,621.84,2,E,5,N
24,473.12,637.27,1,W,3,E
47,595.00,656.77,3,W,5,N
15,572.45,698.90,1,S,3,W
25,492.46,699.60,1,W,5,W
39,588.51,706.33,1,E,5,W
14,534.77,721.74,1,S,5,N
38,569.20,722.04,1,E,5,N
50,638.11,730.07,3,E,5,N
57,743.52,765.74,5,W,5,N
48,685.28,799.50,3,W,5,W
26,612.77,799.80,1,W,5,W
40,635.60,800.10,1,E,5,W
46,614.10,821.64,2,E,5,N
27,635.67,821.94,1,W,5,N
28,651.40,822.24,1,W,5,N
31,708.87,837.77,1,W,3,W
41,707.58,838.97,1,E,3,W
29,681.21,899.40,1,W,5,W
32,715.94,899.70,1,W,5,W
30,695.45,921.54,1,W,5,N
33,744.69,921.84,1,W,5,N
34,756.51,922.14,1,W,5,N
43,827.12,999.30,2,W,5,W