id,enter_time,exit_time,entrance_intersection,entrance_direction,exit_intersection,exit_direction
70,3.65,80.44,5,E,5,N
71,14.10,80.74,5,E,5,N
3,72.71,100.70,1,S,1,W
5,91.39,105.53,1,S,1,W
54,87.80,166.34,5,W,5,N
55,87.84,166.64,5,W,5,N
56,102.21,166.94,5,W,5,N
57,113.01,167.24,5,W,5,N
58,114.17,167.54,5,W,5,N
59,120.74,167.84,5,W,5,N
0,33.40,200.10,1,S,5,W
20,31.52,200.40,1,W,5,W
34,94.86,222.24,1,E,5,N
60,190.31,266.24,5,W,5,N
61,206.11,266.54,5,W,5,N
62,212.08,266.84,5,W,5,N
21,130.37,300.00,1,W,5,W
1,47.56,322.14,1,S,5,N
2,64.63,322.44,1,S,5,N
4,78.58,322.74,1,S,5,N
52,253.28,330.87,3,E,5,N
47,206.50,330.87,3,W,5,N
35,283.07,345.26,1,E,3,E
63,294.75,366.14,5,W,5,N
72,367.41,380.14,5,E,5,N
6,365.75,401.90,1,S,1,W
36,293.64,422.04,1,E,5,N
48,327.88,499.80,3,W,5,W
49,339.24,500.10,3,W,5,W
23,348.82,516.40,1,W,5,E
45,390.61,521.94,2,E,5,N
22,334.41,522.24,1,W,5,N
37,332.88,522.84,1,E,5,N
50,467.96,530.47,3,W,5,N
64,546.57,565.94,5,W,5,N
65,558.48,566.24,5,W,5,N
66,567.61,573.75,5,W,5,N
73,503.34,579.94,5,E,5,N
74,515.55,580.24,5,E,5,N
75,525.81,580.54,5,E,5,N
76,559.19,580.84,5,E,5,N
7,370.00,599.70,1,S,5,W
10,593.61,607.75,1,S,1,W
8,370.31,621.84,1,S,5,N
51,565.80,624.13,3,W,5,E
67,635.28,665.84,5,W,5,N
68,649.35,666.14,5,W,5,N
77,607.98,679.84,5,E,5,N
38,499.64,699.60,1,E,5,W
13,630.96,703.10,1,S,1,W
17,670.10,703.40,1,S,1,W
24,553.51,715.90,1,W,5,E
25,563.15,716.20,1,W,5,E
46,589.31,721.74,2,E,5,N
39,526.80,722.64,1,E,5,N
40,558.53,722.94,1,E,5,N
41,583.12,723.24,1,E,5,N
53,641.55,730.07,3,E,5,N
14,637.56,737.37,1,S,3,W
28,590.28,738.27,1,W,3,E
69,733.26,765.74,5,W,5,N
78,788.89,795.03,5,E,5,N
42,594.13,799.50,1,E,5,W
9,587.05,799.80,1,S,5,W
11,603.85,800.10,1,S,5,W
26,577.49,800.40,1,W,5,W
27,581.96,800.70,1,W,5,W
29,604.60,801.00,1,W,5,W
30,616.85,801.30,1,W,5,W
31,646.16,801.60,1,W,5,W
12,617.96,821.64,1,S,5,N
19,687.17,899.40,1,S,5,W
44,719.03,899.70,2,W,5,W
16,661.99,915.70,1,S,5,E
15,653.05,921.54,1,S,5,N
18,682.60,922.14,1,S,5,N
32,750.25,922.44,1,W,5,N
33,777.33,1021.44,1,W,5,N
43,894.90,1021.74,1,E,5,N