id,enter_time,exit_time,entrance_intersection,entrance_direction,exit_intersection,exit_direction
0,0.91,41.16,1,S,2,W
11,43.75,137.67,1,W,3,E
54,86.40,166.34,5,W,5,N
55,104.10,166.64,5,W,5,N
50,44.73,200.10,3,W,5,W
10,29.54,200.40,1,W,5,W
1,12.44,216.10,1,S,5,E
2,19.59,222.54,1,S,5,N
3,33.03,222.84,1,S,5,N
12,59.27,223.14,1,W,5,N
56,227.79,266.24,5,W,5,N
57,239.13,266.54,5,W,5,N
43,105.48,300.00,2,W,5,W
4,39.37,322.14,1,S,5,N
5,41.52,322.44,1,S,5,N
13,141.69,322.74,1,W,5,N
14,155.92,323.04,1,W,5,N
58,296.60,366.14,5,W,5,N
72,365.35,380.14,5,E,5,N
7,371.67,415.00,1,S,1,E
15,182.19,422.04,1,W,5,N
59,414.51,466.04,5,W,5,N
60,426.48,466.34,5,W,5,N
61,444.70,466.64,5,W,5,N
62,455.46,466.94,5,W,5,N
73,410.79,480.04,5,E,5,N
74,417.39,480.34,5,E,5,N
75,431.08,480.64,5,E,5,N
76,436.45,480.94,5,E,5,N
77,443.04,481.24,5,E,5,N
78,478.11,484.25,5,E,5,N
16,334.30,499.80,1,W,5,W
32,371.11,500.10,1,E,5,W
44,335.26,521.94,2,W,5,N
48,358.46,522.24,2,E,5,N
17,347.73,522.54,1,W,5,N
18,359.58,522.84,1,W,5,N
52,418.28,530.47,3,E,5,N
19,372.04,536.87,1,W,3,W
79,539.35,579.94,5,E,5,N
80,553.43,580.24,5,E,5,N
6,357.27,621.84,1,S,5,N
45,432.78,622.14,2,W,5,N
20,382.08,622.44,1,W,5,N
21,408.24,622.74,1,W,5,N
22,417.84,623.04,1,W,5,N
23,424.56,623.34,1,W,5,N
24,426.82,623.64,1,W,5,N
33,405.37,623.94,1,E,5,N
34,472.04,624.24,1,E,5,N
35,483.48,624.54,1,E,5,N
53,542.98,630.27,3,E,5,N
63,590.61,665.84,5,W,5,N
64,606.61,666.14,5,W,5,N
81,657.10,679.84,5,E,5,N
51,577.37,699.60,3,W,5,W
36,501.81,699.90,1,E,5,W
9,656.76,703.10,1,S,1,W
65,678.11,765.74,5,W,5,N
66,696.37,766.04,5,W,5,N
67,701.84,766.34,5,W,5,N
68,766.82,772.96,5,W,5,N
69,767.29,773.42,5,W,5,N
82,735.14,779.74,5,E,5,N
83,751.61,780.04,5,E,5,N
49,664.24,799.50,2,E,5,W
25,590.26,799.80,1,W,5,W
26,617.18,800.10,1,W,5,W
27,627.51,800.40,1,W,5,W
28,642.60,821.64,1,W,5,N
70,781.95,865.64,5,W,5,N
71,847.07,865.94,5,W,5,N
84,866.54,879.64,5,E,5,N
8,648.66,899.40,1,S,5,W
29,721.19,899.70,1,W,5,W
37,739.73,900.00,1,E,5,W
39,747.44,900.30,1,E,5,W
85,899.03,905.17,5,E,5,N
41,790.81,908.63,1,E,5,W
46,752.19,921.54,2,W,5,N
38,747.24,921.84,1,E,5,N
40,758.23,922.14,1,E,5,N
47,812.59,1021.44,2,W,5,N
30,866.76,1021.74,1,W,5,N
42,871.26,1022.04,1,E,5,N
31,876.21,1037.37,1,W,3,E