id,enter_time,exit_time,entrance_intersection,entrance_direction,exit_intersection,exit_direction
0,10.98,25.12,1,S,1,E
72,12.38,66.44,5,W,5,N
73,20.56,66.74,5,W,5,N
74,41.57,67.04,5,W,5,N
3,17.30,100.70,1,S,1,W
62,3.40,131.27,3,W,5,N
67,11.38,200.10,3,E,5,W
45,39.01,200.40,1,E,5,W
1,11.90,222.24,1,S,5,N
2,13.45,222.54,1,S,5,N
46,61.09,222.84,1,E,5,N
75,221.49,266.24,5,W,5,N
76,232.89,266.54,5,W,5,N
77,241.25,266.84,5,W,5,N
78,251.77,267.14,5,W,5,N
28,78.60,300.00,1,W,5,W
5,275.62,301.50,1,S,1,W
27,67.42,316.00,1,W,5,E
47,156.48,322.44,1,E,5,N
48,187.64,322.74,1,E,5,N
63,223.90,330.87,3,W,5,N
64,228.68,331.17,3,W,5,N
65,287.22,348.99,3,W,5,N
79,371.71,377.84,5,W,5,N
94,368.55,380.14,5,E,5,N
55,278.33,422.04,2,W,5,N
29,231.96,422.34,1,W,5,N
80,428.54,466.04,5,W,5,N
95,401.83,480.04,5,E,5,N
96,428.99,480.34,5,E,5,N
97,435.10,480.64,5,E,5,N
98,478.96,485.10,5,E,5,N
4,261.43,499.80,1,S,5,W
6,288.39,500.10,1,S,5,W
8,303.99,500.40,1,S,5,W
7,298.11,521.94,1,S,5,N
56,302.88,522.24,2,W,5,N
59,383.61,522.54,2,E,5,N
66,463.73,530.47,3,W,5,N
81,486.00,565.94,5,W,5,N
82,499.04,566.24,5,W,5,N
83,515.46,566.54,5,W,5,N
84,527.98,566.84,5,W,5,N
99,543.32,579.94,5,E,5,N
100,551.96,580.24,5,E,5,N
101,570.48,580.54,5,E,5,N
68,427.49,599.70,3,E,5,W
32,450.93,600.00,1,W,5,W
13,585.61,602.70,1,S,1,W
30,376.97,621.84,1,W,5,N
31,391.68,622.14,1,W,5,N
49,474.46,622.44,1,E,5,N
34,535.00,637.27,1,W,3,E
85,640.63,665.84,5,W,5,N
86,654.98,666.14,5,W,5,N
87,659.29,666.44,5,W,5,N
88,662.75,668.89,5,W,5,N
10,558.72,699.20,1,S,3,E
69,550.38,699.60,3,E,5,W
57,526.29,699.90,2,W,5,W
33,521.19,700.20,1,W,5,W
50,580.82,700.50,1,E,5,W
17,616.58,703.10,1,S,1,W
60,550.43,721.74,2,E,5,N
35,544.69,722.04,1,W,5,N
70,655.67,730.07,3,E,5,N
24,727.05,741.19,1,S,1,E
89,673.75,765.74,5,W,5,N
90,743.86,766.04,5,W,5,N
58,635.63,799.50,2,W,5,W
16,610.64,799.80,1,S,5,W
53,663.47,800.10,1,E,5,W
25,728.52,803.50,1,S,1,W
26,732.34,803.80,1,S,1,W
9,547.96,821.64,1,S,5,N
11,559.70,821.94,1,S,5,N
12,582.14,822.24,1,S,5,N
14,592.90,822.54,1,S,5,N
15,595.75,822.84,1,S,5,N
18,617.44,823.14,1,S,5,N
51,603.92,823.44,1,E,5,N
52,633.58,823.74,1,E,5,N
71,724.23,829.87,3,E,5,N
91,799.02,865.64,5,W,5,N
92,816.73,865.94,5,W,5,N
54,695.96,899.40,1,E,5,W
20,664.48,899.70,1,S,5,W
21,675.32,900.00,1,S,5,W
23,713.49,900.30,1,S,5,W
39,740.62,900.60,1,W,5,W
43,785.17,901.20,1,W,2,E
19,660.92,921.54,1,S,5,N
22,702.47,921.84,1,S,5,N
36,702.42,922.14,1,W,5,N
37,714.79,922.44,1,W,5,N
38,730.69,922.74,1,W,5,N
40,749.20,923.04,1,W,5,N
41,755.69,923.34,1,W,5,N
42,762.20,923.64,1,W,5,N
93,887.73,965.54,5,W,5,N
61,876.83,999.30,2,E,5,W
44,795.21,999.60,1,W,5,W