id,enter_time,exit_time,entrance_intersection,entrance_direction,exit_intersection,exit_direction
0,12.97,27.11,1,S,1,E
68,57.67,80.44,5,E,5,N
1,32.63,100.40,1,S,2,W
2,33.30,100.70,1,S,1,W
4,48.32,101.00,1,S,1,W
46,15.79,131.27,3,E,5,N
21,13.76,136.77,1,W,3,W
3,39.26,139.62,1,S,2,W
47,70.95,200.10,3,E,5,W
38,65.89,216.10,2,W,5,E
32,44.92,222.54,1,E,5,N
51,263.20,269.34,5,W,5,N
69,230.85,280.24,5,E,5,N
5,55.37,322.14,1,S,5,N
33,110.60,322.44,1,E,5,N
34,119.16,322.74,1,E,5,N
52,295.12,366.14,5,W,5,N
53,296.95,366.44,5,W,5,N
54,301.89,366.74,5,W,5,N
55,325.31,367.04,5,W,5,N
56,372.92,379.06,5,W,5,N
23,176.10,399.90,1,W,5,W
24,189.02,400.20,1,W,5,W
7,333.60,401.90,1,S,1,W
8,345.13,402.20,1,S,1,W
42,373.75,412.87,2,E,3,E
22,167.62,422.04,1,W,5,N
57,385.49,466.04,5,W,5,N
26,359.38,499.80,1,W,5,W
28,447.56,501.70,1,W,2,W
25,345.99,516.40,1,W,5,E
39,361.90,521.94,2,W,5,N
6,319.92,522.24,1,S,5,N
44,448.71,530.47,3,W,5,N
48,416.91,530.47,3,E,5,N
13,425.58,537.17,1,S,3,E
58,515.79,565.94,5,W,5,N
59,521.03,566.24,5,W,5,N
11,380.05,599.70,1,S,5,W
12,413.84,600.00,1,S,5,W
27,367.74,600.30,1,W,5,W
9,355.38,621.84,1,S,5,N
10,368.94,622.14,1,S,5,N
45,555.24,630.27,3,W,5,N
60,581.90,665.84,5,W,5,N
61,596.24,666.14,5,W,5,N
14,440.65,699.60,1,S,5,W
40,531.13,699.90,2,W,5,W
15,454.64,721.74,1,S,5,N
36,630.60,737.37,1,E,3,E
62,693.42,765.74,5,W,5,N
63,702.16,766.04,5,W,5,N
64,763.94,770.08,5,W,5,N
35,598.14,799.50,1,E,5,W
43,731.33,813.27,2,E,3,W
29,570.83,821.64,1,W,5,N
37,787.55,849.74,1,E,3,W
65,844.21,865.64,5,W,5,N
66,849.29,865.94,5,W,5,N
67,867.21,873.35,5,W,5,N
70,799.25,879.64,5,E,5,N
41,762.30,921.54,2,W,5,N
30,749.26,921.84,1,W,5,N
50,870.26,932.03,3,E,5,N
19,845.12,998.30,1,S,3,W
20,860.80,998.60,1,S,3,E
49,862.26,999.30,3,E,5,W
16,808.69,1015.30,1,S,5,E
17,818.69,1021.74,1,S,5,N
18,833.50,1022.04,1,S,5,N
31,881.16,1099.20,1,W,5,W