id,enter_time,exit_time,entrance_intersection,entrance_direction,exit_intersection,exit_direction
0,6.95,21.09,1,S,1,E
2,33.73,47.87,1,S,1,E
67,58.60,66.44,5,W,5,N
86,44.53,80.44,5,E,5,N
87,73.43,80.74,5,E,5,N
4,58.60,113.80,1,S,1,E
68,80.08,166.34,5,W,5,N
69,148.49,166.64,5,W,5,N
70,149.06,166.94,5,W,5,N
71,155.54,167.24,5,W,5,N
32,57.95,200.10,1,W,5,W
29,27.08,216.70,1,W,5,E
1,22.56,222.24,1,S,5,N
28,14.42,222.54,1,W,5,N
30,40.55,223.14,1,W,5,N
31,43.09,223.44,1,W,5,N
47,23.06,223.74,1,E,5,N
62,133.26,231.07,3,E,5,N
72,223.64,266.24,5,W,5,N
73,228.48,266.54,5,W,5,N
74,256.04,266.84,5,W,5,N
75,270.19,276.33,5,W,5,N
5,102.46,300.00,1,S,5,W
35,221.61,300.60,1,W,2,W
3,45.02,322.14,1,S,5,N
6,103.54,322.44,1,S,5,N
55,197.04,322.74,2,W,5,N
7,124.58,323.04,1,S,5,N
33,118.93,323.34,1,W,5,N
34,129.26,323.64,1,W,5,N
60,216.76,330.87,3,W,5,N
76,282.36,366.14,5,W,5,N
77,283.01,366.44,5,W,5,N
78,295.61,366.74,5,W,5,N
79,304.37,367.04,5,W,5,N
80,317.25,367.34,5,W,5,N
48,221.67,399.90,1,E,5,W
38,299.70,401.30,1,W,2,E
8,390.45,404.58,1,S,1,W
57,268.19,422.04,2,E,5,N
49,245.04,422.34,1,E,5,N
58,392.10,499.80,2,E,5,W
12,428.99,502.30,1,S,1,W
13,434.30,502.60,1,S,1,W
36,279.61,521.94,1,W,5,N
37,285.20,522.24,1,W,5,N
50,390.49,522.54,1,E,5,N
41,417.88,537.77,1,W,3,W
42,430.35,538.07,1,W,3,W
63,462.03,599.70,3,E,5,W
9,398.47,600.00,1,S,5,W
10,400.80,600.30,1,S,5,W
11,427.09,621.84,1,S,5,N
39,376.15,622.14,1,W,5,N
40,391.97,622.44,1,W,5,N
43,498.04,637.27,1,W,3,E
81,602.84,665.84,5,W,5,N
88,653.97,679.84,5,E,5,N
89,690.94,697.08,5,E,5,N
14,455.41,699.60,1,S,5,W
18,502.66,699.90,1,S,5,W
19,517.43,700.20,1,S,5,W
15,468.44,721.74,1,S,5,N
16,476.67,722.04,1,S,5,N
17,489.69,722.34,1,S,5,N
51,535.28,722.64,1,E,5,N
61,634.84,730.07,3,W,5,N
82,760.50,766.63,5,W,5,N
90,736.67,779.74,5,E,5,N
91,781.44,787.57,5,E,5,N
44,632.22,821.64,1,W,5,N
64,717.73,829.87,3,E,5,N
65,726.10,830.17,3,E,5,N
83,782.85,865.64,5,W,5,N
84,792.81,865.94,5,W,5,N
85,807.26,866.24,5,W,5,N
59,718.83,899.40,2,E,5,W
26,861.93,903.90,1,S,1,W
52,794.67,999.30,1,E,5,W
66,843.56,999.60,3,E,5,W
56,897.13,999.90,2,W,5,W
22,821.10,1000.20,1,S,5,W
23,826.06,1000.50,1,S,5,W
24,832.23,1000.80,1,S,5,W
53,855.58,1016.20,1,E,5,E
20,794.95,1021.44,1,S,5,N
21,807.52,1021.74,1,S,5,N
45,784.54,1022.04,1,W,5,N
54,881.82,1022.64,1,E,5,N
25,843.08,1099.20,1,S,5,W
27,874.98,1099.50,1,S,5,W
46,879.25,1099.80,1,W,5,W