id,enter_time,exit_time,entrance_intersection,entrance_direction,exit_intersection,exit_direction
69,21.93,66.44,5,W,5,N
70,35.23,66.74,5,W,5,N
71,36.52,67.04,5,W,5,N
72,44.76,67.34,5,W,5,N
73,63.18,69.32,5,W,5,N
63,92.53,200.10,3,W,5,W
24,56.55,200.40,1,W,5,W
46,79.97,200.70,1,E,5,W
74,198.63,266.24,5,W,5,N
25,66.25,300.00,1,W,5,W
27,86.64,300.30,1,W,5,W
29,106.12,300.60,1,W,5,W
30,119.82,300.90,1,W,5,W
47,142.44,301.20,1,E,5,W
48,149.78,301.50,1,E,5,W
26,73.45,322.14,1,W,5,N
28,95.66,322.44,1,W,5,N
31,133.96,322.74,1,W,5,N
56,200.83,399.90,2,W,5,W
0,360.93,401.90,1,S,1,W
3,384.71,415.30,1,S,1,E
49,256.92,416.20,1,E,5,E
60,241.10,422.04,2,E,5,N
66,360.30,499.80,3,E,5,W
33,351.59,500.10,1,W,5,W
4,404.38,502.30,1,S,1,W
9,437.35,502.60,1,S,1,W
10,449.83,502.90,1,S,1,W
35,355.52,516.70,1,W,5,E
57,307.06,521.94,2,W,5,N
32,274.00,522.24,1,W,5,N
34,353.63,522.54,1,W,5,N
8,431.87,537.47,1,S,3,E
12,452.65,541.52,1,S,2,W
68,488.72,550.49,3,E,5,N
75,485.93,565.94,5,W,5,N
76,492.59,566.24,5,W,5,N
77,553.48,566.54,5,W,5,N
78,568.67,574.80,5,W,5,N
85,565.57,579.94,5,E,5,N
67,477.20,599.70,3,E,5,W
1,362.97,600.00,1,S,5,W
7,419.54,600.30,1,S,5,W
2,372.54,621.84,1,S,5,N
5,404.71,622.14,1,S,5,N
6,415.96,622.44,1,S,5,N
50,428.70,622.74,1,E,5,N
65,544.18,630.57,3,W,5,N
79,653.97,665.84,5,W,5,N
80,664.89,671.03,5,W,5,N
86,608.29,679.84,5,E,5,N
87,653.00,680.14,5,E,5,N
64,521.67,699.60,3,W,5,W
14,470.95,699.90,1,S,5,W
58,546.97,700.20,2,W,5,W
59,571.90,700.50,2,W,5,W
11,450.33,721.74,1,S,5,N
13,456.87,722.04,1,S,5,N
15,475.06,722.34,1,S,5,N
61,509.25,722.64,2,E,5,N
36,508.00,722.94,1,W,5,N
51,575.14,723.24,1,E,5,N
81,752.77,765.74,5,W,5,N
82,769.57,775.71,5,W,5,N
38,642.76,799.50,1,W,5,W
39,657.63,799.80,1,W,5,W
52,662.59,800.10,1,E,5,W
41,740.59,801.40,1,W,2,W
16,741.17,803.50,1,S,1,W
17,750.91,803.80,1,S,1,W
37,616.05,821.64,1,W,5,N
83,814.87,865.64,5,W,5,N
84,824.28,865.94,5,W,5,N
19,770.14,898.80,1,S,3,W
22,805.09,899.40,1,S,3,E
42,763.79,899.40,1,W,5,W
53,781.88,899.70,1,E,5,W
21,801.27,903.90,1,S,1,W
40,669.99,921.54,1,W,5,N
18,754.20,999.30,1,S,5,W
62,864.53,999.60,2,E,5,W
23,806.08,999.90,1,S,5,W
44,803.92,1000.20,1,W,5,W
45,814.51,1000.50,1,W,5,W
55,889.16,1006.98,1,E,5,W
54,853.02,1015.90,1,E,5,E
20,787.74,1021.44,1,S,5,N
43,772.09,1021.74,1,W,5,N