id,enter_time,exit_time,entrance_intersection,entrance_direction,exit_intersection,exit_direction
5,47.17,100.70,1,S,1,W
4,42.11,113.50,1,S,1,E
59,32.73,131.27,3,W,5,N
31,26.17,137.97,1,W,3,W
77,168.40,180.34,5,E,5,N
63,11.39,200.10,3,E,5,W
0,11.92,200.40,1,S,5,W
1,20.85,200.70,1,S,5,W
33,45.21,201.00,1,W,5,W
46,46.63,201.30,1,E,5,W
55,11.80,222.24,2,W,5,N
2,21.37,222.54,1,S,5,N
3,26.15,222.84,1,S,5,N
30,10.99,223.14,1,W,5,N
32,35.49,223.44,1,W,5,N
7,58.21,300.00,1,S,5,W
8,71.29,300.30,1,S,5,W
6,52.25,322.14,1,S,5,N
9,80.82,322.44,1,S,5,N
47,201.50,336.97,1,E,3,W
69,308.61,366.14,5,W,5,N
70,324.22,366.44,5,W,5,N
71,338.22,366.74,5,W,5,N
72,341.73,367.04,5,W,5,N
78,344.08,380.14,5,E,5,N
79,346.88,380.44,5,E,5,N
34,218.73,399.90,1,W,5,W
36,298.26,401.30,1,W,2,W
50,333.65,402.20,1,E,2,W
73,418.84,466.04,5,W,5,N
74,425.96,466.34,5,W,5,N
57,330.61,499.80,2,E,5,W
56,326.57,500.10,2,W,5,W
48,310.72,500.40,1,E,5,W
49,316.49,500.70,1,E,5,W
10,316.60,521.94,1,S,5,N
35,280.57,522.24,1,W,5,N
65,410.37,524.63,3,E,5,E
60,463.43,530.47,3,W,5,N
64,400.97,530.47,3,E,5,N
66,420.78,531.07,3,E,5,N
37,422.41,536.87,1,W,3,E
75,478.57,565.94,5,W,5,N
67,433.98,599.70,3,E,5,W
51,471.15,600.00,1,E,5,W
11,574.32,602.70,1,S,1,W
13,601.78,703.10,1,S,1,W
14,607.55,703.40,1,S,1,W
22,668.50,716.50,1,S,1,E
52,590.92,721.74,1,E,5,N
61,629.99,730.07,3,W,5,N
18,624.00,737.97,1,S,3,W
21,666.34,742.32,1,S,2,W
25,699.13,743.52,1,S,2,W
76,686.72,765.74,5,W,5,N
20,648.63,798.70,1,S,3,W
19,632.78,799.50,1,S,5,W
12,595.58,815.50,1,S,5,E
27,766.35,816.30,1,S,1,E
29,772.80,816.90,1,S,1,E
15,611.80,821.94,1,S,5,N
16,622.19,822.24,1,S,5,N
17,623.24,822.54,1,S,5,N
38,592.92,822.84,1,W,5,N
53,602.94,823.14,1,E,5,N
54,729.32,838.67,1,E,3,W
68,761.99,899.40,3,E,5,W
24,697.14,899.70,1,S,5,W
26,724.80,900.00,1,S,5,W
39,683.50,900.30,1,W,5,W
40,690.83,900.60,1,W,5,W
42,747.64,900.90,1,W,5,W
23,687.94,921.54,1,S,5,N
58,716.91,921.84,2,E,5,N
41,737.00,922.14,1,W,5,N
62,846.00,929.67,3,W,5,N
43,851.07,999.30,1,W,5,W
28,769.70,1021.44,1,S,5,N
44,859.28,1021.74,1,W,5,N
45,872.49,1121.34,1,W,5,N