id,enter_time,exit_time,entrance_intersection,entrance_direction,exit_intersection,exit_direction
71,23.82,66.44,5,W,5,N
72,53.51,66.74,5,W,5,N
73,66.35,72.48,5,W,5,N
65,9.07,131.27,3,E,5,N
66,22.24,131.57,3,E,5,N
59,89.07,144.71,3,W,5,E
60,91.41,153.18,3,W,5,N
1,23.79,200.10,1,S,5,W
2,29.29,200.40,1,S,5,W
51,95.53,222.24,2,W,5,N
0,16.46,222.54,1,S,5,N
43,40.78,222.84,1,E,5,N
44,96.80,223.14,1,E,5,N
46,186.21,248.40,1,E,3,W
74,177.23,266.24,5,W,5,N
75,187.66,266.54,5,W,5,N
29,163.24,300.00,1,W,5,W
3,281.12,301.50,1,S,1,W
56,166.92,322.14,2,E,5,N
52,190.86,322.44,2,W,5,N
45,105.13,322.74,1,E,5,N
76,275.31,366.14,5,W,5,N
77,289.03,366.44,5,W,5,N
78,356.94,366.74,5,W,5,N
79,358.44,367.04,5,W,5,N
4,284.16,399.50,1,S,3,W
31,188.42,399.90,1,W,5,W
32,238.44,400.20,1,W,5,W
47,208.65,400.50,1,E,5,W
9,370.42,401.90,1,S,1,W
10,374.10,402.20,1,S,1,W
12,390.90,405.03,1,S,1,W
53,290.20,422.04,2,W,5,N
30,174.15,422.34,1,W,5,N
33,248.96,422.64,1,W,5,N
34,256.85,422.94,1,W,5,N
85,401.58,480.04,5,E,5,N
13,418.46,502.30,1,S,1,W
5,302.04,521.94,1,S,5,N
67,423.30,524.33,3,E,5,E
14,464.86,541.22,1,S,2,E
68,487.56,549.33,3,E,5,N
86,588.83,594.96,5,E,5,N
16,504.58,599.40,1,S,3,W
6,344.64,599.70,1,S,5,W
7,356.04,600.00,1,S,5,W
35,392.66,600.30,1,W,5,W
8,361.16,621.84,1,S,5,N
11,378.84,622.14,1,S,5,N
54,499.83,622.44,2,W,5,N
48,448.95,622.74,1,E,5,N
49,465.77,623.04,1,E,5,N
69,575.36,637.13,3,E,5,N
20,539.08,641.62,1,S,2,W
62,593.08,654.85,3,W,5,N
80,618.47,665.84,5,W,5,N
81,644.51,666.14,5,W,5,N
82,660.08,666.22,5,W,5,N
61,569.75,699.60,3,W,5,W
57,555.53,699.90,2,E,5,W
38,558.47,700.20,1,W,5,W
39,565.24,700.50,1,W,5,W
15,482.84,721.74,1,S,5,N
17,508.55,722.04,1,S,5,N
18,513.35,722.34,1,S,5,N
19,523.63,722.64,1,S,5,N
36,516.24,722.94,1,W,5,N
37,544.05,723.24,1,W,5,N
83,756.63,765.74,5,W,5,N
84,771.93,778.06,5,W,5,N
21,550.81,799.50,1,S,5,W
50,691.51,809.33,1,E,5,W
58,762.51,813.27,2,E,3,E
63,726.89,899.40,3,W,5,W
55,762.21,921.54,2,W,5,N
40,700.87,921.84,1,W,5,N
70,843.53,929.67,3,E,5,N
64,812.19,999.30,3,W,5,W
22,808.92,999.60,1,S,5,W
24,830.35,999.90,1,S,5,W
23,824.80,1021.44,1,S,5,N
41,799.36,1021.74,1,W,5,N
42,812.96,1022.04,1,W,5,N
25,845.01,1121.34,1,S,5,N
26,861.51,1121.64,1,S,5,N
27,868.85,1121.94,1,S,5,N
28,893.40,1122.24,1,S,5,N