id,enter_time,exit_time,entrance_intersection,entrance_direction,exit_intersection,exit_direction
3,72.83,100.70,1,S,1,W
4,87.06,101.20,1,S,1,W
45,13.75,131.27,3,W,5,N
47,83.85,145.62,3,W,5,N
58,82.46,166.34,5,W,5,N
59,152.49,166.64,5,W,5,N
46,46.56,200.10,3,W,5,W
50,86.26,200.40,3,E,5,W
36,34.87,200.70,2,W,5,W
37,75.78,201.00,2,W,5,W
0,9.73,222.24,1,S,5,N
30,51.09,222.54,1,E,5,N
51,101.98,231.07,3,E,5,N
60,210.73,266.24,5,W,5,N
5,102.16,300.00,1,S,5,W
15,125.57,300.30,1,W,5,W
32,269.63,301.50,1,E,2,W
8,279.69,314.60,1,S,1,E
1,54.83,322.14,1,S,5,N
2,60.34,322.44,1,S,5,N
6,104.82,322.74,1,S,5,N
52,206.10,330.87,3,E,5,N
61,274.52,366.14,5,W,5,N
62,300.13,366.44,5,W,5,N
63,353.90,366.74,5,W,5,N
64,364.00,370.13,5,W,5,N
65,372.66,378.79,5,W,5,N
7,279.43,399.50,1,S,3,W
53,215.53,399.90,3,E,5,W
17,260.11,400.20,1,W,5,W
16,248.02,416.20,1,W,5,E
31,260.23,416.50,1,E,5,E
48,298.89,422.04,3,W,5,N
66,385.28,466.04,5,W,5,N
67,437.38,466.34,5,W,5,N
68,448.00,466.64,5,W,5,N
9,287.63,499.80,1,S,5,W
43,373.49,500.10,2,E,5,W
18,279.46,500.40,1,W,5,W
34,370.86,500.70,1,E,5,W
10,299.71,521.94,1,S,5,N
38,336.51,522.24,2,W,5,N
33,305.34,522.54,1,E,5,N
69,560.38,566.52,5,W,5,N
77,555.16,579.94,5,E,5,N
39,407.26,621.84,2,W,5,N
40,445.40,622.14,2,W,5,N
54,517.01,624.13,3,E,5,E
49,535.91,630.27,3,W,5,N
70,631.15,665.84,5,W,5,N
71,633.71,666.14,5,W,5,N
11,663.69,715.90,1,S,1,E
13,671.70,716.50,1,S,1,E
19,485.43,721.74,1,W,5,N
20,492.64,722.04,1,W,5,N
21,504.78,722.34,1,W,5,N
22,515.85,722.64,1,W,5,N
72,747.21,765.74,5,W,5,N
73,767.47,773.61,5,W,5,N
74,767.72,773.85,5,W,5,N
14,735.12,801.10,1,S,2,E
35,623.32,821.64,1,E,5,N
23,716.55,837.47,1,W,3,E
75,784.90,865.64,5,W,5,N
76,799.86,865.94,5,W,5,N
44,750.85,899.40,2,E,5,W
25,730.54,916.30,1,W,5,E
12,671.26,921.54,1,S,5,N
41,759.54,921.84,2,W,5,N
24,730.31,922.14,1,W,5,N
55,851.07,929.67,3,E,5,N
57,876.56,938.33,3,E,5,N
56,861.38,999.30,3,E,5,W
42,878.63,999.60,2,W,5,W
26,839.75,999.90,1,W,5,W
27,848.96,1000.20,1,W,5,W
28,859.28,1000.50,1,W,5,W
29,871.15,1121.34,1,W,5,N