id,enter_time,exit_time,entrance_intersection,entrance_direction,exit_intersection,exit_direction
40,18.37,66.44,5,W,5,N
7,94.69,108.82,1,S,1,W
35,64.63,131.57,3,W,5,N
1,21.37,136.77,1,S,3,W
5,76.38,140.52,1,S,2,W
41,122.54,166.34,5,W,5,N
42,131.53,166.64,5,W,5,N
34,30.56,200.10,3,W,5,W
30,76.59,222.24,2,W,5,N
0,13.48,222.54,1,S,5,N
43,194.03,266.24,5,W,5,N
44,208.85,266.54,5,W,5,N
45,219.24,266.84,5,W,5,N
46,233.04,267.14,5,W,5,N
6,82.04,300.00,1,S,5,W
2,60.74,322.14,1,S,5,N
3,68.12,322.44,1,S,5,N
4,72.01,322.74,1,S,5,N
50,381.08,387.22,5,E,5,N
38,244.98,399.90,3,E,5,W
36,233.36,400.20,3,W,5,W
31,290.55,400.50,2,W,5,W
14,171.80,422.04,1,W,5,N
15,185.32,422.34,1,W,5,N
51,424.28,480.04,5,E,5,N
52,485.17,491.31,5,E,5,N
17,322.14,499.80,1,W,5,W
8,461.27,502.30,1,S,1,W
32,376.61,521.94,2,E,5,N
16,311.30,522.24,1,W,5,N
47,504.02,565.94,5,W,5,N
53,521.82,579.94,5,E,5,N
54,522.84,580.24,5,E,5,N
19,453.92,599.70,1,W,5,W
25,490.82,608.65,1,E,5,W
18,443.49,621.84,1,W,5,N
26,516.74,636.97,1,E,3,W
39,590.17,651.94,3,E,5,N
27,589.17,706.99,1,E,5,W
28,596.32,721.74,1,E,5,N
37,653.30,730.07,3,W,5,N
9,723.77,737.91,1,S,1,E
55,751.09,779.74,5,E,5,N
20,608.29,821.64,1,W,5,N
48,843.12,865.64,5,W,5,N
56,894.67,900.81,5,E,5,N
33,707.15,921.54,2,E,5,N
10,732.70,921.84,1,S,5,N
49,892.68,965.54,5,W,5,N
21,773.79,999.30,1,W,5,W
12,780.03,1015.60,1,S,5,E
11,752.48,1021.44,1,S,5,N
13,794.44,1022.04,1,S,5,N
22,774.30,1022.34,1,W,5,N
23,786.22,1022.64,1,W,5,N
29,808.12,1022.94,1,E,5,N
24,895.81,1121.34,1,W,5,N