id,enter_time,exit_time,entrance_intersection,entrance_direction,exit_intersection,exit_direction
1,2.84,43.09,1,S,2,E
78,9.30,66.44,5,W,5,N
79,30.97,66.74,5,W,5,N
80,36.00,67.04,5,W,5,N
81,56.10,67.34,5,W,5,N
82,60.65,67.64,5,W,5,N
44,9.24,100.40,1,W,2,W
0,1.16,100.70,1,S,1,W
5,84.83,101.00,1,S,1,W
71,54.73,131.57,3,W,5,N
4,71.63,140.22,1,S,2,W
83,145.76,166.34,5,W,5,N
84,159.19,166.64,5,W,5,N
85,167.41,173.55,5,W,5,N
70,16.02,200.10,3,W,5,W
64,28.85,200.40,2,W,5,W
10,192.26,206.39,1,S,1,W
86,175.75,266.24,5,W,5,N
87,243.35,266.54,5,W,5,N
6,97.66,300.00,1,S,5,W
2,48.81,322.14,1,S,5,N
3,60.75,322.44,1,S,5,N
52,119.16,322.74,1,E,5,N
88,357.72,366.14,5,W,5,N
7,142.90,399.90,1,S,5,W
9,187.34,400.20,1,S,5,W
66,298.34,400.50,2,W,5,W
45,201.66,400.80,1,W,5,W
8,157.88,422.04,1,S,5,N
11,202.08,422.34,1,S,5,N
65,203.32,422.64,2,W,5,N
89,443.77,466.04,5,W,5,N
90,445.99,466.34,5,W,5,N
91,452.37,466.64,5,W,5,N
92,458.22,466.94,5,W,5,N
93,469.44,475.58,5,W,5,N
67,387.97,499.80,2,E,5,W
46,303.85,500.10,1,W,5,W
47,361.46,500.40,1,W,5,W
54,338.13,500.70,1,E,5,W
12,483.03,515.10,1,S,1,E
53,333.93,521.94,1,E,5,N
14,509.60,523.74,1,S,1,E
73,459.31,530.47,3,E,5,N
94,476.94,565.94,5,W,5,N
95,492.28,566.24,5,W,5,N
99,584.82,590.96,5,E,5,N
15,525.45,602.70,1,S,1,W
17,543.15,603.00,1,S,1,W
18,550.46,603.30,1,S,1,W
20,566.43,603.60,1,S,1,W
22,591.61,605.75,1,S,1,W
72,545.16,624.13,3,W,5,E
19,558.99,641.62,1,S,2,W
26,631.80,645.94,1,S,1,E
74,586.19,647.96,3,E,5,N
96,655.17,665.84,5,W,5,N
97,670.38,676.52,5,W,5,N
56,559.81,699.60,1,E,5,W
57,582.29,700.11,1,E,5,W
27,645.50,703.10,1,S,1,W
30,666.34,703.40,1,S,1,W
13,486.72,721.74,1,S,5,N
16,536.58,722.04,1,S,5,N
48,521.63,722.34,1,W,5,N
49,536.81,722.64,1,W,5,N
55,551.27,722.94,1,E,5,N
98,684.83,765.74,5,W,5,N
29,658.39,799.00,1,S,3,W
75,629.65,799.50,3,E,5,W
35,758.20,803.50,1,S,1,W
37,770.84,803.80,1,S,1,W
38,780.17,804.10,1,S,1,W
24,623.57,816.10,1,S,5,E
25,628.91,816.40,1,S,5,E
21,585.51,821.64,1,S,5,N
23,604.35,821.94,1,S,5,N
39,781.79,842.72,1,S,2,W
77,787.12,848.89,3,E,5,N
76,735.22,899.40,3,E,5,W
68,751.16,899.70,2,E,5,W
33,708.19,900.00,1,S,5,W
69,866.65,913.37,2,E,3,E
42,895.14,916.70,1,S,1,E
28,650.35,921.54,1,S,5,N
31,687.60,921.84,1,S,5,N
32,697.19,922.14,1,S,5,N
34,714.63,922.44,1,S,5,N
50,689.97,922.74,1,W,5,N
58,728.18,923.04,1,E,5,N
43,897.68,943.12,1,S,2,W
36,759.07,999.30,1,S,5,W
40,828.38,999.60,1,S,5,W
41,833.08,999.90,1,S,5,W
51,854.69,1000.20,1,W,5,W
59,809.96,1000.50,1,E,5,W
62,869.45,1000.80,1,E,5,W
60,844.74,1021.44,1,E,5,N
61,861.33,1021.74,1,E,5,N
63,886.95,1022.04,1,E,5,N