id,enter_time,exit_time,entrance_intersection,entrance_direction,exit_intersection,exit_direction
68,5.82,66.44,5,W,5,N
69,7.28,66.74,5,W,5,N
70,12.84,67.04,5,W,5,N
2,26.56,100.70,1,S,1,W
26,15.05,101.00,1,W,2,W
27,34.04,101.30,1,W,2,W
62,40.08,131.27,3,E,5,N
10,128.74,142.87,1,S,1,E
9,118.79,200.50,1,S,2,E
8,102.09,201.10,1,S,1,W
54,97.20,222.24,2,E,5,N
0,15.95,222.54,1,S,5,N
1,17.77,222.84,1,S,5,N
28,48.81,223.14,1,W,5,N
43,81.04,223.44,1,E,5,N
57,139.90,231.07,3,W,5,N
71,235.14,266.24,5,W,5,N
72,249.33,266.54,5,W,5,N
73,254.00,266.84,5,W,5,N
4,48.00,300.00,1,S,5,W
5,75.14,300.30,1,S,5,W
48,113.58,300.60,2,W,5,W
49,223.52,312.77,2,W,3,W
3,40.31,316.00,1,S,5,E
11,131.99,316.90,1,S,5,E
6,76.37,322.44,1,S,5,N
7,91.65,322.74,1,S,5,N
29,123.61,323.34,1,W,5,N
31,213.04,336.97,1,W,3,E
74,316.85,366.14,5,W,5,N
75,325.37,366.44,5,W,5,N
30,198.71,399.90,1,W,5,W
44,217.78,400.20,1,E,5,W
12,176.80,422.04,1,S,5,N
13,178.84,422.34,1,S,5,N
58,333.95,430.67,3,W,5,N
80,432.95,480.04,5,E,5,N
81,469.14,480.34,5,E,5,N
82,470.77,480.64,5,E,5,N
14,482.39,502.30,1,S,1,W
50,321.79,521.94,2,W,5,N
45,335.57,522.24,1,E,5,N
64,442.84,530.77,3,E,5,N
63,432.80,599.70,3,E,5,W
32,367.39,600.00,1,W,5,W
51,427.26,621.84,2,W,5,N
55,478.57,622.14,2,E,5,N
65,552.29,630.27,3,E,5,N
59,551.44,630.27,3,W,5,N
76,642.24,665.84,5,W,5,N
77,643.92,666.14,5,W,5,N
78,661.36,667.50,5,W,5,N
83,617.01,679.84,5,E,5,N
84,628.84,680.14,5,E,5,N
85,631.06,680.44,5,E,5,N
86,682.83,688.97,5,E,5,N
15,492.72,721.74,1,S,5,N
52,533.13,722.04,2,W,5,N
33,503.19,722.34,1,W,5,N
34,506.90,722.64,1,W,5,N
35,517.99,722.94,1,W,5,N
36,542.27,723.24,1,W,5,N
37,555.95,723.54,1,W,5,N
17,790.80,804.93,1,S,1,W
60,739.74,829.87,3,W,5,N
61,750.41,830.17,3,W,5,N
79,871.54,877.68,5,W,5,N
66,796.85,899.40,3,E,5,W
20,834.99,901.50,1,S,2,W
19,820.05,903.90,1,S,1,W
25,898.31,912.45,1,S,1,W
38,675.44,921.54,1,W,5,N
39,759.20,921.84,1,W,5,N
24,892.38,999.20,1,S,3,W
40,771.98,999.30,1,W,5,W
42,794.55,999.60,1,W,5,W
46,848.08,999.90,1,E,5,W
47,882.36,1000.18,1,E,5,W
67,897.33,1021.44,3,E,5,N
16,764.78,1021.74,1,S,5,N
56,875.95,1022.04,2,E,5,N
53,832.51,1022.34,2,W,5,N
18,806.13,1022.64,1,S,5,N
41,785.61,1022.94,1,W,5,N
21,843.98,1121.34,1,S,5,N
22,881.01,1121.64,1,S,5,N
23,891.89,1121.94,1,S,5,N