id,enter_time,exit_time,entrance_intersection,entrance_direction,exit_intersection,exit_direction
64,15.38,66.44,5,W,5,N
65,24.30,66.74,5,W,5,N
66,36.27,67.04,5,W,5,N
78,14.68,80.44,5,E,5,N
1,19.00,100.70,1,S,2,W
8,90.08,104.22,1,S,1,W
5,61.99,114.10,1,S,1,E
58,12.52,131.27,3,E,5,N
0,15.72,136.47,1,S,3,E
67,97.80,166.34,5,W,5,N
68,172.86,179.00,5,W,5,N
59,27.70,200.10,3,E,5,W
51,24.65,200.40,2,W,5,W
33,35.14,200.70,1,W,5,W
12,165.15,201.10,1,S,1,W
46,83.77,201.59,1,E,5,W
14,189.82,214.20,1,S,1,E
2,29.40,222.24,1,S,5,N
32,27.43,222.54,1,W,5,N
10,111.58,236.57,1,S,3,E
11,123.51,236.87,1,S,3,E
56,177.63,239.40,3,W,5,N
69,186.60,266.24,5,W,5,N
70,200.11,266.54,5,W,5,N
71,215.49,266.84,5,W,5,N
72,229.88,267.14,5,W,5,N
73,252.48,267.44,5,W,5,N
4,59.61,300.00,1,S,5,W
6,64.08,300.30,1,S,5,W
7,75.15,300.60,1,S,5,W
9,97.54,300.90,1,S,5,W
15,204.62,301.50,1,S,1,W
3,56.19,322.14,1,S,5,N
47,123.23,322.44,1,E,5,N
79,373.54,380.14,5,E,5,N
80,377.72,383.86,5,E,5,N
13,168.05,399.90,1,S,5,W
35,206.98,400.20,1,W,5,W
36,215.42,400.50,1,W,5,W
48,254.77,400.80,1,E,5,W
34,204.32,422.04,1,W,5,N
37,225.23,422.34,1,W,5,N
38,239.99,422.64,1,W,5,N
60,311.48,499.80,3,E,5,W
53,354.35,500.10,2,E,5,W
16,473.23,502.30,1,S,1,W
18,490.55,504.68,1,S,1,W
54,496.34,532.42,2,E,3,E
74,517.44,565.94,5,W,5,N
17,476.73,599.10,1,S,3,E
39,374.35,621.84,1,W,5,N
21,538.11,637.57,1,S,3,E
57,585.59,647.36,3,W,5,N
81,599.68,679.84,5,E,5,N
20,524.19,699.60,1,S,5,W
52,637.37,713.17,2,W,3,E
19,506.34,721.74,1,S,5,N
40,508.17,722.04,1,W,5,N
41,516.84,722.34,1,W,5,N
42,527.53,722.64,1,W,5,N
43,536.22,722.94,1,W,5,N
75,746.13,765.74,5,W,5,N
76,746.57,766.04,5,W,5,N
77,768.02,774.16,5,W,5,N
49,632.67,799.50,1,E,5,W
22,547.72,815.50,1,S,5,E
50,649.39,821.94,1,E,5,N
61,775.00,836.77,3,E,5,N
63,795.53,857.30,3,E,5,N
82,810.28,879.64,5,E,5,N
83,852.52,879.94,5,E,5,N
62,786.88,899.40,3,E,5,W
45,800.10,901.50,1,W,2,W
24,834.64,903.90,1,S,1,W
30,876.39,918.20,1,S,1,E
44,693.60,921.54,1,W,5,N
55,814.83,999.30,2,E,5,W
23,825.63,1021.44,1,S,5,N
26,849.94,1099.20,1,S,5,W
28,864.27,1099.50,1,S,5,W
29,866.93,1099.80,1,S,5,W
25,841.36,1121.34,1,S,5,N
27,850.39,1121.64,1,S,5,N
31,883.85,1121.94,1,S,5,N