id,enter_time,exit_time,entrance_intersection,entrance_direction,exit_intersection,exit_direction
45,15.84,66.44,5,W,5,N
46,29.20,66.74,5,W,5,N
62,9.49,80.44,5,E,5,N
63,61.12,80.74,5,E,5,N
1,9.32,100.40,1,S,2,W
3,36.20,100.70,1,S,1,W
47,110.72,166.34,5,W,5,N
2,21.68,200.10,1,S,5,W
15,8.85,200.40,1,W,5,W
18,159.62,200.50,1,W,2,W
17,26.49,200.70,1,W,5,W
16,17.24,216.40,1,W,5,E
0,2.75,222.24,1,S,5,N
48,318.27,366.14,5,W,5,N
49,332.35,366.44,5,W,5,N
50,354.85,366.74,5,W,5,N
34,230.54,399.90,2,W,5,W
8,316.36,401.00,1,S,2,W
5,297.98,401.90,1,S,1,W
19,225.15,415.90,1,W,5,E
20,229.62,422.34,1,W,5,N
30,239.12,422.64,1,E,5,N
41,370.60,432.37,3,E,5,N
21,297.95,437.67,1,W,3,W
64,461.59,480.04,5,E,5,N
37,399.60,499.80,2,E,5,W
4,292.79,521.94,1,S,5,N
6,302.41,522.24,1,S,5,N
7,312.06,522.54,1,S,5,N
9,319.94,522.84,1,S,5,N
22,307.75,523.14,1,W,5,N
31,391.80,523.44,1,E,5,N
51,568.35,574.48,5,W,5,N
52,568.69,574.83,5,W,5,N
65,506.66,579.94,5,E,5,N
66,542.93,580.24,5,E,5,N
23,385.25,599.70,1,W,5,W
25,419.11,600.00,1,W,5,W
32,412.24,600.30,1,E,5,W
24,416.81,621.84,1,W,5,N
33,435.80,622.14,1,E,5,N
39,511.61,630.27,3,W,5,N
40,531.34,630.57,3,W,5,N
53,577.58,665.84,5,W,5,N
54,588.32,666.14,5,W,5,N
55,601.51,666.44,5,W,5,N
56,615.92,666.74,5,W,5,N
67,679.65,685.78,5,E,5,N
35,506.27,699.60,2,W,5,W
12,656.63,703.10,1,S,1,W
13,670.18,703.40,1,S,1,W
26,535.30,721.74,1,W,5,N
27,544.58,722.04,1,W,5,N
57,702.32,765.74,5,W,5,N
58,703.00,766.04,5,W,5,N
59,755.21,766.34,5,W,5,N
68,742.25,779.74,5,E,5,N
69,759.61,780.04,5,E,5,N
11,642.12,798.70,1,S,3,E
28,656.33,799.50,1,W,5,W
10,638.90,821.64,1,S,5,N
60,838.87,865.64,5,W,5,N
70,830.78,879.64,5,E,5,N
71,839.85,879.94,5,E,5,N
42,733.25,899.40,3,E,5,W
14,674.89,899.70,1,S,5,W
36,732.69,921.54,2,W,5,N
38,781.08,921.84,2,E,5,N
61,899.74,965.54,5,W,5,N
43,889.17,999.30,3,E,5,W
29,833.75,999.60,1,W,5,W
44,898.96,1029.47,3,E,5,N