id,enter_time,exit_time,entrance_intersection,entrance_direction,exit_intersection,exit_direction
62,11.82,66.44,5,W,5,N
80,44.64,80.44,5,E,5,N
1,4.47,100.70,1,S,1,W
33,19.56,136.47,1,W,3,E
63,76.62,166.34,5,W,5,N
0,3.74,200.10,1,S,5,W
36,120.00,200.80,1,W,2,E
2,195.01,209.14,1,S,1,W
48,48.04,222.24,2,W,5,N
34,29.69,222.54,1,W,5,N
42,9.69,222.84,1,E,5,N
57,189.00,250.77,3,W,5,N
56,129.18,300.00,3,W,5,W
49,114.69,300.30,2,W,5,W
3,224.38,301.50,1,S,1,W
6,253.23,301.80,1,S,1,W
35,89.23,316.30,1,W,5,E
50,141.17,322.14,2,W,5,N
60,271.27,333.04,3,E,5,N
64,330.32,366.14,5,W,5,N
65,351.25,366.44,5,W,5,N
66,370.71,376.85,5,W,5,N
67,381.74,466.04,5,W,5,N
68,391.81,466.34,5,W,5,N
69,403.48,466.64,5,W,5,N
81,460.46,480.04,5,E,5,N
5,243.27,499.80,1,S,5,W
43,312.33,500.10,1,E,5,W
4,239.59,521.94,1,S,5,N
7,258.44,522.24,1,S,5,N
8,269.96,522.54,1,S,5,N
53,339.84,522.84,2,E,5,N
37,313.90,523.14,1,W,5,N
61,523.95,630.27,3,E,5,N
40,556.98,637.57,1,W,3,E
70,661.04,667.18,5,W,5,N
71,669.26,675.39,5,W,5,N
10,643.15,715.90,1,S,1,E
14,684.16,717.10,1,S,1,E
38,487.17,721.74,1,W,5,N
39,496.57,722.04,1,W,5,N
59,662.58,730.37,3,W,5,N
72,682.66,765.74,5,W,5,N
73,684.87,766.04,5,W,5,N
74,699.36,766.34,5,W,5,N
75,715.84,766.64,5,W,5,N
76,724.33,766.94,5,W,5,N
58,652.66,799.50,3,W,5,W
16,712.51,801.10,1,S,2,E
17,732.95,803.50,1,S,1,W
18,736.81,803.80,1,S,1,W
20,759.22,816.60,1,S,1,E
54,696.02,821.64,2,E,5,N
9,627.98,821.94,1,S,5,N
44,637.68,822.24,1,E,5,N
45,651.54,822.54,1,E,5,N
21,774.24,843.02,1,S,2,W
77,776.99,865.64,5,W,5,N
78,862.93,869.07,5,W,5,N
22,783.13,898.80,1,S,3,E
41,732.41,899.40,1,W,5,W
29,843.75,903.90,1,S,1,W
11,647.45,921.54,1,S,5,N
12,670.66,921.84,1,S,5,N
13,675.27,922.14,1,S,5,N
15,697.06,922.44,1,S,5,N
46,722.16,922.74,1,E,5,N
27,821.43,937.57,1,S,3,W
47,840.80,938.17,1,E,3,W
79,873.80,965.54,5,W,5,N
23,783.23,999.30,1,S,5,W
55,827.87,999.60,2,E,5,W
28,828.96,999.90,1,S,5,W
19,745.47,1021.44,1,S,5,N
24,785.49,1021.74,1,S,5,N
25,798.62,1022.04,1,S,5,N
51,879.35,1022.34,2,W,5,N
52,886.23,1022.64,2,W,5,N
26,813.65,1022.94,1,S,5,N
30,852.48,1121.34,1,S,5,N
31,853.98,1121.64,1,S,5,N
32,876.74,1121.94,1,S,5,N