id,enter_time,exit_time,entrance_intersection,entrance_direction,exit_intersection,exit_direction
48,15.02,66.44,5,W,5,N
49,26.21,66.74,5,W,5,N
50,34.55,67.04,5,W,5,N
51,44.72,67.34,5,W,5,N
52,64.81,70.94,5,W,5,N
0,12.79,100.70,1,S,1,W
41,33.59,131.27,3,W,5,N
53,76.12,166.34,5,W,5,N
70,161.38,180.34,5,E,5,N
14,14.14,200.10,1,W,5,W
31,22.03,222.24,1,E,5,N
32,38.52,222.54,1,E,5,N
43,124.38,231.07,3,E,5,N
54,173.87,266.24,5,W,5,N
55,187.54,266.54,5,W,5,N
56,202.40,266.84,5,W,5,N
57,269.71,275.85,5,W,5,N
71,208.17,280.24,5,E,5,N
72,210.15,280.54,5,E,5,N
44,190.83,300.00,3,E,5,W
45,199.60,300.30,3,E,5,W
18,244.98,300.90,1,W,2,E
15,148.14,322.14,1,W,5,N
16,159.45,322.44,1,W,5,N
58,274.55,366.14,5,W,5,N
59,280.24,366.44,5,W,5,N
19,250.12,399.90,1,W,5,W
5,374.92,401.90,1,S,1,W
6,388.61,402.74,1,S,1,W
38,282.85,422.04,2,W,5,N
17,231.61,422.34,1,W,5,N
34,361.91,437.97,1,E,3,W
35,371.01,438.27,1,E,3,W
60,385.50,466.04,5,W,5,N
61,403.55,466.34,5,W,5,N
73,417.19,480.04,5,E,5,N
1,301.30,499.80,1,S,5,W
3,319.99,500.10,1,S,5,W
4,328.34,500.40,1,S,5,W
33,320.60,500.70,1,E,5,W
39,372.86,521.94,2,E,5,N
2,317.01,522.24,1,S,5,N
62,521.02,565.94,5,W,5,N
42,476.63,599.70,3,W,5,W
7,394.87,600.00,1,S,5,W
8,408.95,600.30,1,S,5,W
10,418.90,600.60,1,S,5,W
12,435.45,600.90,1,S,5,W
9,410.54,615.70,1,S,5,E
11,431.21,622.14,1,S,5,N
20,380.92,622.44,1,W,5,N
21,394.12,622.74,1,W,5,N
22,398.70,623.04,1,W,5,N
46,592.25,654.02,3,E,5,N
24,553.18,699.60,1,W,5,W
23,523.93,721.74,1,W,5,N
63,735.62,765.74,5,W,5,N
64,745.57,766.04,5,W,5,N
65,759.71,766.34,5,W,5,N
66,760.96,767.09,5,W,5,N
25,567.47,799.50,1,W,5,W
36,679.57,821.64,1,E,5,N
67,831.36,865.64,5,W,5,N
68,839.61,865.94,5,W,5,N
69,852.37,866.24,5,W,5,N
47,707.94,899.40,3,E,5,W
13,681.41,899.70,1,S,5,W
26,699.68,900.00,1,W,5,W
40,735.11,921.54,2,E,5,N
27,824.69,999.30,1,W,5,W
28,824.71,999.60,1,W,5,W
30,843.75,999.90,1,W,5,W
29,835.56,1021.44,1,W,5,N
37,897.37,1099.20,1,E,5,W