id,enter_time,exit_time,entrance_intersection,entrance_direction,exit_intersection,exit_direction
54,4.43,66.44,5,W,5,N
74,0.82,80.44,5,E,5,N
55,138.48,166.34,5,W,5,N
56,161.52,167.65,5,W,5,N
57,171.55,177.68,5,W,5,N
14,56.24,200.10,1,W,5,W
13,48.12,222.24,1,W,5,N
58,185.16,266.24,5,W,5,N
59,188.40,266.54,5,W,5,N
60,200.25,266.84,5,W,5,N
61,208.50,267.14,5,W,5,N
62,222.91,267.44,5,W,5,N
63,237.33,267.74,5,W,5,N
64,254.02,268.04,5,W,5,N
65,263.98,270.12,5,W,5,N
1,279.05,301.50,1,S,1,W
2,285.64,301.80,1,S,1,W
42,182.07,316.00,2,E,5,E
15,87.70,322.44,1,W,5,N
16,99.04,322.74,1,W,5,N
66,276.94,366.14,5,W,5,N
67,278.01,366.44,5,W,5,N
68,287.11,366.74,5,W,5,N
32,303.45,401.30,1,E,2,W
5,309.24,401.90,1,S,1,W
17,264.05,422.04,1,W,5,N
33,330.88,437.67,1,E,3,W
51,389.18,450.95,3,E,5,N
75,418.83,480.04,5,E,5,N
50,373.36,499.80,3,E,5,W
4,298.55,500.10,1,S,5,W
7,316.53,500.40,1,S,5,W
18,378.81,500.80,1,W,2,W
0,268.90,521.94,1,S,5,N
3,296.28,522.24,1,S,5,N
6,310.31,522.54,1,S,5,N
34,397.29,522.84,1,E,5,N
52,450.01,530.47,3,E,5,N
69,536.42,565.94,5,W,5,N
70,543.16,566.24,5,W,5,N
71,566.90,573.04,5,W,5,N
20,456.61,599.70,1,W,5,W
36,435.10,600.00,1,E,5,W
37,518.82,601.80,1,E,2,W
35,413.97,616.30,1,E,5,E
43,428.36,621.84,2,E,5,N
19,442.35,622.14,1,W,5,N
23,541.92,637.57,1,W,3,W
46,594.57,656.34,3,W,5,N
45,585.58,699.60,3,W,5,W
21,468.56,699.90,1,W,5,W
10,616.63,703.10,1,S,1,W
11,618.35,703.40,1,S,1,W
22,479.98,721.74,1,W,5,N
47,627.83,730.07,3,W,5,N
8,601.13,799.50,1,S,5,W
9,609.52,821.64,1,S,5,N
24,645.98,821.94,1,W,5,N
38,656.45,822.24,1,E,5,N
53,760.34,823.73,3,E,5,E
40,772.88,838.67,1,E,3,W
41,779.46,916.00,2,W,5,E
12,662.30,921.54,1,S,5,N
44,748.67,921.84,2,E,5,N
25,705.45,922.44,1,W,5,N
26,714.17,922.74,1,W,5,N
27,762.68,923.04,1,W,5,N
28,765.97,923.34,1,W,5,N
39,728.45,923.64,1,E,5,N
48,816.52,929.67,3,W,5,N
72,875.99,965.54,5,W,5,N
73,885.95,965.84,5,W,5,N
49,875.06,999.30,3,W,5,W
31,858.45,999.60,1,W,5,W
29,833.13,1021.44,1,W,5,N
30,848.32,1021.74,1,W,5,N