id,enter_time,exit_time,entrance_intersection,entrance_direction,exit_intersection,exit_direction
54,14.47,66.44,5,W,5,N
55,29.28,66.74,5,W,5,N
56,41.16,67.04,5,W,5,N
80,7.87,80.44,5,E,5,N
81,20.91,80.74,5,E,5,N
57,125.71,166.34,5,W,5,N
58,126.32,166.64,5,W,5,N
59,145.95,166.94,5,W,5,N
60,160.51,167.24,5,W,5,N
46,72.68,200.10,3,W,5,W
12,30.97,222.24,1,W,5,N
61,271.42,277.56,5,W,5,N
37,196.34,300.00,2,W,5,W
29,153.30,300.30,1,E,5,W
62,278.92,366.14,5,W,5,N
63,302.90,366.44,5,W,5,N
64,322.90,366.74,5,W,5,N
65,335.30,367.04,5,W,5,N
66,339.88,367.34,5,W,5,N
67,352.86,367.64,5,W,5,N
68,362.66,368.80,5,W,5,N
82,384.80,390.94,5,E,5,N
50,288.52,399.90,3,E,5,W
43,238.17,400.20,2,E,5,W
16,356.79,401.00,1,W,2,W
0,384.55,414.70,1,S,1,E
13,166.77,422.04,1,W,5,N
14,215.64,422.34,1,W,5,N
30,262.74,422.64,1,E,5,N
51,301.10,430.67,3,E,5,N
83,413.33,480.04,5,E,5,N
84,426.24,480.34,5,E,5,N
38,309.21,499.80,2,W,5,W
15,268.76,500.10,1,W,5,W
1,400.29,502.30,1,S,1,W
5,429.84,502.60,1,S,1,W
44,390.05,521.94,2,E,5,N
4,428.57,537.47,1,S,3,E
2,411.20,599.70,1,S,5,W
18,415.52,600.00,1,W,5,W
31,402.30,600.30,1,E,5,W
3,426.66,621.84,1,S,5,N
17,415.51,622.14,1,W,5,N
32,429.30,622.44,1,E,5,N
33,490.51,622.74,1,E,5,N
47,504.32,630.27,3,W,5,N
19,491.47,636.97,1,W,3,E
69,618.65,665.84,5,W,5,N
70,666.94,673.08,5,W,5,N
71,668.72,674.85,5,W,5,N
22,613.95,701.30,1,W,2,W
7,693.12,707.25,1,S,1,W
39,531.10,721.74,2,W,5,N
20,555.40,722.04,1,W,5,N
21,569.39,737.07,1,W,3,W
72,725.67,765.74,5,W,5,N
73,736.92,766.04,5,W,5,N
74,737.25,766.34,5,W,5,N
75,750.00,766.64,5,W,5,N
76,763.63,769.77,5,W,5,N
48,689.97,799.50,3,W,5,W
35,692.39,810.21,1,E,5,W
40,611.11,821.64,2,W,5,N
23,629.79,821.94,1,W,5,N
24,632.40,822.24,1,W,5,N
34,660.60,822.54,1,E,5,N
52,736.00,829.87,3,E,5,N
49,794.53,856.30,3,W,5,N
77,775.34,865.64,5,W,5,N
78,806.91,865.94,5,W,5,N
85,802.81,879.64,5,E,5,N
53,749.57,899.40,3,E,5,W
6,671.39,899.70,1,S,5,W
45,744.16,900.00,2,E,5,W
9,707.94,900.30,1,S,5,W
10,716.70,900.60,1,S,5,W
8,702.18,921.54,1,S,5,N
41,713.92,921.84,2,W,5,N
11,727.39,922.14,1,S,5,N
25,712.36,922.44,1,W,5,N
26,726.35,922.74,1,W,5,N
27,753.04,923.04,1,W,5,N
36,761.41,923.34,1,E,5,N
79,889.43,965.54,5,W,5,N
42,821.57,1021.44,2,W,5,N
28,802.16,1021.74,1,W,5,N