id,enter_time,exit_time,entrance_intersection,entrance_direction,exit_intersection,exit_direction
2,13.75,27.89,1,S,1,E
76,12.61,66.44,5,W,5,N
69,10.82,131.27,3,E,5,N
77,96.06,166.34,5,W,5,N
78,105.01,166.64,5,W,5,N
79,113.79,166.94,5,W,5,N
80,127.49,167.24,5,W,5,N
81,138.28,167.54,5,W,5,N
82,147.80,167.84,5,W,5,N
70,24.14,200.10,3,E,5,W
71,35.10,200.40,3,E,5,W
72,43.20,200.70,3,E,5,W
55,0.78,201.00,2,W,5,W
9,118.11,201.10,1,S,1,W
56,7.95,201.30,2,W,5,W
10,126.99,201.40,1,S,1,W
4,28.30,201.60,1,S,5,W
11,144.91,201.70,1,S,1,W
34,15.38,201.90,1,W,5,W
35,17.39,202.20,1,W,5,W
36,41.76,202.50,1,W,5,W
0,10.98,222.24,1,S,5,N
1,13.11,222.54,1,S,5,N
3,25.20,222.84,1,S,5,N
14,191.35,240.62,1,S,2,E
83,200.76,266.24,5,W,5,N
90,209.59,280.24,5,E,5,N
91,253.27,280.54,5,E,5,N
6,45.91,300.00,1,S,5,W
8,95.48,300.30,1,S,5,W
17,278.08,301.50,1,S,1,W
5,43.14,322.14,1,S,5,N
7,86.10,322.44,1,S,5,N
58,185.13,322.74,2,E,5,N
92,309.85,380.14,5,E,5,N
93,348.23,380.44,5,E,5,N
94,364.13,380.74,5,E,5,N
57,280.38,399.90,2,W,5,W
37,174.25,400.20,1,W,5,W
49,284.64,416.80,1,E,5,E
12,146.63,422.04,1,S,5,N
13,151.29,422.34,1,S,5,N
38,186.93,422.64,1,W,5,N
95,453.56,480.04,5,E,5,N
96,463.85,480.34,5,E,5,N
73,379.96,499.80,3,E,5,W
16,267.10,500.10,1,S,5,W
59,311.38,500.40,2,E,5,W
15,254.60,521.94,1,S,5,N
50,308.61,522.24,1,E,5,N
62,409.56,530.47,3,W,5,N
84,494.01,565.94,5,W,5,N
85,508.93,566.24,5,W,5,N
40,394.90,599.70,1,W,5,W
41,458.01,600.00,1,W,5,W
39,384.45,621.84,1,W,5,N
43,484.88,637.27,1,W,3,E
22,604.78,645.04,1,S,2,W
86,588.81,665.84,5,W,5,N
60,596.94,699.60,2,E,5,W
42,473.25,699.90,1,W,5,W
51,540.45,700.20,1,E,5,W
44,487.51,721.74,1,W,5,N
45,501.33,722.04,1,W,5,N
46,510.65,722.34,1,W,5,N
63,627.87,730.07,3,W,5,N
23,622.55,799.50,1,S,5,W
24,624.17,799.80,1,S,5,W
26,635.47,800.10,1,S,5,W
31,703.94,803.50,1,S,1,W
18,570.85,821.64,1,S,5,N
19,585.32,821.94,1,S,5,N
20,591.44,822.24,1,S,5,N
21,602.94,822.54,1,S,5,N
25,628.18,822.84,1,S,5,N
52,693.93,823.14,1,E,5,N
64,731.17,829.87,3,W,5,N
74,700.40,829.87,3,E,5,N
65,739.54,830.17,3,W,5,N
66,750.48,830.47,3,W,5,N
67,787.00,842.64,3,W,5,E
87,839.11,865.64,5,W,5,N
88,842.10,865.94,5,W,5,N
89,856.71,866.24,5,W,5,N
97,803.88,879.64,5,E,5,N
98,818.06,879.94,5,E,5,N
99,836.17,880.24,5,E,5,N
33,730.33,899.40,1,S,5,W
47,669.59,899.70,1,W,5,W
53,724.79,900.00,1,E,5,W
61,863.33,913.37,2,E,3,W
30,692.60,916.30,1,S,5,E
27,670.36,921.54,1,S,5,N
28,674.30,921.84,1,S,5,N
29,687.14,922.14,1,S,5,N
32,718.32,922.74,1,S,5,N
75,845.89,929.67,3,E,5,N
68,880.92,936.55,3,W,5,E
48,866.26,1021.44,1,W,5,N
54,854.89,1021.74,1,E,5,N