id,enter_time,exit_time,entrance_intersection,entrance_direction,exit_intersection,exit_direction
78,12.11,66.44,5,W,5,N
90,21.06,80.44,5,E,5,N
0,4.30,100.10,1,S,3,W
30,7.77,101.00,1,W,2,W
31,31.31,101.30,1,W,2,W
67,38.11,131.87,3,E,5,N
79,166.68,172.82,5,W,5,N
65,9.40,200.10,3,E,5,W
66,25.09,200.40,3,E,5,W
1,15.92,200.70,1,S,5,W
50,47.58,201.00,1,E,5,W
51,57.28,201.30,1,E,5,W
29,5.13,222.24,1,W,5,N
68,103.11,231.07,3,E,5,N
60,144.00,300.00,2,E,5,W
32,159.24,300.30,1,W,5,W
2,286.82,340.42,1,S,2,W
80,301.36,366.14,5,W,5,N
81,317.64,366.44,5,W,5,N
82,329.70,366.74,5,W,5,N
83,333.11,367.04,5,W,5,N
33,167.55,399.90,1,W,5,W
35,222.89,400.20,1,W,5,W
7,327.71,401.90,1,S,1,W
56,288.52,422.04,2,W,5,N
34,222.25,422.34,1,W,5,N
9,341.31,440.82,1,S,2,E
84,415.11,466.04,5,W,5,N
85,426.27,466.34,5,W,5,N
4,301.65,499.80,1,S,5,W
6,318.47,500.10,1,S,5,W
37,310.78,500.40,1,W,5,W
3,296.77,521.94,1,S,5,N
61,348.59,522.24,2,E,5,N
5,316.79,522.54,1,S,5,N
8,332.11,522.84,1,S,5,N
36,302.46,523.14,1,W,5,N
38,326.62,523.44,1,W,5,N
64,415.61,530.47,3,W,5,N
70,475.21,536.98,3,E,5,N
53,456.67,538.37,1,E,3,W
71,488.48,550.25,3,E,5,N
86,546.44,565.94,5,W,5,N
69,463.72,599.70,3,E,5,W
41,412.81,600.00,1,W,5,W
52,456.24,600.30,1,E,5,W
57,402.29,621.84,2,W,5,N
62,497.40,622.14,2,E,5,N
39,390.82,622.44,1,W,5,N
40,403.09,622.74,1,W,5,N
42,429.82,623.04,1,W,5,N
91,611.12,679.84,5,E,5,N
58,518.77,699.60,2,W,5,W
44,568.05,701.00,1,W,2,W
11,667.86,703.10,1,S,1,W
43,558.23,721.74,1,W,5,N
54,576.04,722.04,1,E,5,N
14,725.60,739.74,1,S,1,E
87,673.34,765.74,5,W,5,N
92,745.43,779.74,5,E,5,N
46,611.32,799.50,1,W,5,W
15,754.49,803.50,1,S,1,W
45,579.91,821.64,1,W,5,N
21,809.27,823.41,1,S,1,E
72,746.51,829.87,3,E,5,N
75,789.81,851.58,3,E,5,N
73,761.23,899.40,3,E,5,W
20,778.13,899.70,1,S,3,W
74,775.49,899.70,3,E,5,W
10,659.60,900.00,1,S,5,W
47,725.36,900.30,1,W,5,W
59,837.09,913.37,2,W,3,W
13,711.81,916.00,1,S,5,E
24,858.33,917.00,1,S,1,E
26,883.41,917.60,1,S,1,E
55,701.11,921.54,1,E,5,N
12,694.23,921.84,1,S,5,N
88,887.12,965.54,5,W,5,N
89,896.53,965.84,5,W,5,N
28,898.92,999.20,1,S,3,E
76,805.29,999.30,3,E,5,W
77,820.26,999.60,3,E,5,W
16,767.54,999.90,1,S,5,W
17,770.81,1000.20,1,S,5,W
22,815.60,1000.50,1,S,5,W
18,771.37,1021.44,1,S,5,N
19,771.74,1021.74,1,S,5,N
63,833.59,1022.04,2,E,5,N
48,858.44,1022.34,1,W,5,N
49,862.27,1022.64,1,W,5,N
23,842.84,1121.34,1,S,5,N
25,879.61,1121.64,1,S,5,N
27,894.04,1121.94,1,S,5,N