id,enter_time,exit_time,entrance_intersection,entrance_direction,exit_intersection,exit_direction
67,17.77,66.44,5,W,5,N
68,36.19,66.74,5,W,5,N
3,36.24,100.70,1,S,1,W
9,88.00,115.00,1,S,1,E
69,78.88,166.34,5,W,5,N
0,10.35,200.10,1,S,5,W
11,120.87,201.10,1,S,1,W
14,162.46,201.40,1,S,1,W
18,190.08,204.21,1,S,1,W
31,45.39,217.00,1,W,5,E
1,16.85,222.24,1,S,5,N
2,23.66,222.54,1,S,5,N
30,14.21,222.84,1,W,5,N
32,48.72,223.44,1,W,5,N
48,71.50,223.74,1,E,5,N
15,178.25,240.02,1,S,2,E
70,210.40,266.24,5,W,5,N
5,56.98,300.00,1,S,5,W
6,72.55,300.30,1,S,5,W
33,95.50,300.60,1,W,5,W
20,204.08,301.50,1,S,1,W
23,273.55,301.80,1,S,1,W
8,83.20,316.60,1,S,5,E
12,130.17,317.20,1,S,5,E
4,44.06,322.14,1,S,5,N
7,77.02,322.44,1,S,5,N
10,104.92,323.04,1,S,5,N
13,136.24,323.64,1,S,5,N
81,323.83,380.14,5,E,5,N
82,338.01,380.44,5,E,5,N
83,354.02,380.74,5,E,5,N
17,182.17,399.90,1,S,5,W
19,190.35,400.20,1,S,5,W
24,309.72,401.90,1,S,1,W
58,368.62,412.87,2,E,3,E
16,180.96,422.04,1,S,5,N
21,226.67,422.34,1,S,5,N
34,230.13,422.64,1,W,5,N
35,259.52,422.94,1,W,5,N
84,445.62,480.04,5,E,5,N
22,247.21,521.94,1,S,5,N
25,321.11,522.24,1,S,5,N
26,321.32,522.54,1,S,5,N
36,320.13,522.84,1,W,5,N
37,330.68,523.14,1,W,5,N
49,354.18,523.44,1,E,5,N
63,401.95,530.47,3,E,5,N
64,417.34,530.77,3,E,5,N
38,381.25,536.87,1,W,3,W
71,504.22,565.94,5,W,5,N
72,522.62,566.24,5,W,5,N
73,538.74,566.54,5,W,5,N
74,555.78,566.84,5,W,5,N
75,561.17,567.31,5,W,5,N
76,564.71,570.84,5,W,5,N
85,560.06,579.94,5,E,5,N
61,415.78,599.70,3,W,5,W
27,573.03,602.70,1,S,1,W
28,588.87,615.50,1,S,1,E
39,453.38,621.84,1,W,5,N
50,500.58,624.54,1,E,5,N
77,626.16,665.84,5,W,5,N
59,513.76,721.74,2,E,5,N
51,509.71,722.04,1,E,5,N
40,614.71,737.07,1,W,3,W
42,630.12,737.67,1,W,3,E
65,690.55,752.32,3,E,5,N
78,693.55,765.74,5,W,5,N
86,708.97,779.74,5,E,5,N
87,738.26,780.04,5,E,5,N
29,593.51,821.64,1,S,5,N
54,632.83,821.94,2,W,5,N
55,637.29,822.24,2,W,5,N
41,618.35,822.54,1,W,5,N
43,637.34,822.84,1,W,5,N
44,642.97,823.14,1,W,5,N
66,703.05,829.87,3,E,5,N
79,813.10,865.64,5,W,5,N
88,889.25,895.39,5,E,5,N
60,884.19,920.27,2,E,3,E
56,746.10,921.54,2,W,5,N
62,882.88,944.65,3,W,5,N
80,893.46,965.54,5,W,5,N
46,814.12,999.30,1,W,5,W
52,843.41,999.60,1,E,5,W
53,878.71,999.90,1,E,5,W
57,837.41,1021.44,2,W,5,N
45,805.19,1021.74,1,W,5,N
47,826.82,1022.04,1,W,5,N