id,enter_time,exit_time,entrance_intersection,entrance_direction,exit_intersection,exit_direction
70,6.38,66.44,5,W,5,N
71,8.24,66.74,5,W,5,N
72,56.94,67.04,5,W,5,N
0,9.80,100.70,1,S,1,W
1,23.70,101.00,1,S,1,W
63,21.55,131.57,3,E,5,N
4,95.29,140.22,1,S,2,W
73,85.97,166.34,5,W,5,N
74,101.62,166.64,5,W,5,N
75,154.62,166.94,5,W,5,N
76,167.88,174.01,5,W,5,N
62,8.54,200.10,3,E,5,W
34,32.45,216.70,1,W,5,E
52,95.47,222.24,2,W,5,N
33,30.39,222.54,1,W,5,N
35,59.00,223.14,1,W,5,N
64,171.22,232.99,3,E,5,N
77,180.83,266.24,5,W,5,N
78,197.66,266.54,5,W,5,N
79,201.09,266.84,5,W,5,N
80,249.14,267.14,5,W,5,N
2,66.84,300.00,1,S,5,W
36,129.69,300.30,1,W,5,W
37,141.86,300.60,1,W,5,W
3,77.24,322.14,1,S,5,N
5,101.63,322.44,1,S,5,N
66,235.02,325.03,3,E,5,E
12,327.69,341.83,1,S,1,E
81,350.14,366.14,5,W,5,N
65,226.44,399.90,3,E,5,W
38,220.52,400.20,1,W,5,W
10,310.36,400.70,1,S,2,W
11,312.64,401.90,1,S,1,W
56,365.61,412.87,2,E,3,W
45,296.01,499.80,1,E,5,W
6,269.26,521.94,1,S,5,N
7,277.10,522.24,1,S,5,N
8,277.72,522.54,1,S,5,N
9,298.56,522.84,1,S,5,N
53,302.58,523.14,2,W,5,N
39,284.45,523.44,1,W,5,N
82,532.39,565.94,5,W,5,N
83,546.59,566.24,5,W,5,N
84,558.54,566.54,5,W,5,N
85,570.33,576.47,5,W,5,N
86,571.79,577.93,5,W,5,N
94,529.86,579.94,5,E,5,N
59,424.52,599.70,3,W,5,W
60,443.16,600.00,3,W,5,W
40,416.95,621.84,1,W,5,N
46,413.11,622.14,1,E,5,N
87,582.66,665.84,5,W,5,N
95,616.07,679.84,5,E,5,N
96,624.54,680.14,5,E,5,N
97,649.52,680.44,5,E,5,N
67,567.05,699.60,3,E,5,W
54,507.63,699.90,2,W,5,W
15,664.77,703.10,1,S,1,W
16,666.11,703.40,1,S,1,W
17,680.44,703.70,1,S,1,W
19,687.70,716.80,1,S,1,E
22,701.40,717.70,1,S,1,E
55,555.48,721.74,2,W,5,N
47,531.63,722.04,1,E,5,N
48,556.04,722.34,1,E,5,N
61,615.95,730.07,3,W,5,N
69,670.99,732.76,3,E,5,N
20,688.63,743.22,1,S,2,W
88,689.94,765.74,5,W,5,N
68,658.03,799.50,3,E,5,W
41,620.09,799.80,1,W,5,W
23,708.36,801.10,1,S,2,W
42,625.17,815.80,1,W,5,E
57,674.61,821.64,2,E,5,N
43,636.95,822.24,1,W,5,N
89,821.09,865.64,5,W,5,N
90,836.74,865.94,5,W,5,N
91,849.47,866.24,5,W,5,N
92,862.69,868.83,5,W,5,N
14,658.03,899.40,1,S,5,W
18,682.23,899.70,1,S,5,W
24,714.85,900.00,1,S,5,W
25,726.60,900.30,1,S,5,W
13,646.25,921.54,1,S,5,N
21,694.48,921.84,1,S,5,N
44,742.76,922.14,1,W,5,N
49,786.05,922.44,1,E,5,N
93,878.59,965.54,5,W,5,N
50,797.80,999.30,1,E,5,W
26,740.25,999.60,1,S,5,W
58,859.80,999.90,2,E,5,W
31,816.31,1000.20,1,S,5,W
51,821.01,1000.50,1,E,5,W
27,749.56,1021.44,1,S,5,N
28,760.98,1021.74,1,S,5,N
29,796.36,1022.04,1,S,5,N
30,812.41,1022.34,1,S,5,N
32,821.95,1022.64,1,S,5,N