id,enter_time,exit_time,entrance_intersection,entrance_direction,exit_intersection,exit_direction
76,19.99,66.44,5,W,5,N
77,32.89,66.74,5,W,5,N
4,70.68,100.70,1,S,1,W
78,141.93,166.34,5,W,5,N
68,47.88,200.10,3,E,5,W
0,18.82,200.40,1,S,5,W
2,33.72,200.70,1,S,5,W
1,33.17,222.24,1,S,5,N
61,149.34,224.93,3,W,5,E
36,128.90,236.57,1,W,3,W
69,187.46,300.00,3,E,5,W
39,160.85,300.30,1,W,5,W
3,62.95,322.14,1,S,5,N
55,118.61,322.44,2,W,5,N
37,139.62,322.74,1,W,5,N
38,148.62,323.04,1,W,5,N
51,156.74,323.34,1,E,5,N
62,248.08,330.87,3,W,5,N
63,252.28,331.17,3,W,5,N
70,273.60,335.37,3,E,5,N
79,285.33,366.14,5,W,5,N
80,306.17,366.44,5,W,5,N
87,359.58,380.14,5,E,5,N
88,384.05,390.19,5,E,5,N
64,271.08,399.90,3,W,5,W
71,284.23,400.20,3,E,5,W
40,233.91,400.50,1,W,5,W
6,325.82,401.00,1,S,2,W
7,339.60,401.90,1,S,1,W
9,351.83,402.20,1,S,1,W
11,365.97,402.50,1,S,1,W
12,376.54,402.80,1,S,1,W
13,381.60,403.10,1,S,1,W
56,201.46,422.04,2,W,5,N
65,299.70,430.67,3,W,5,N
89,463.43,480.04,5,E,5,N
90,475.88,482.02,5,E,5,N
72,326.58,499.80,3,E,5,W
17,430.82,502.30,1,S,1,W
20,464.01,502.60,1,S,1,W
59,331.17,521.94,2,E,5,N
5,315.57,522.24,1,S,5,N
41,309.85,522.54,1,W,5,N
66,410.81,530.47,3,W,5,N
16,424.53,537.17,1,S,3,W
42,382.64,537.47,1,W,3,E
21,470.28,541.82,1,S,2,W
81,507.89,565.94,5,W,5,N
91,571.10,579.94,5,E,5,N
15,410.94,599.70,1,S,5,W
10,362.35,616.00,1,S,5,E
8,342.48,621.84,1,S,5,N
14,396.39,622.44,1,S,5,N
57,434.85,622.74,2,W,5,N
43,397.18,623.04,1,W,5,N
44,404.52,623.34,1,W,5,N
82,590.76,665.84,5,W,5,N
19,449.59,699.60,1,S,5,W
46,544.72,699.90,1,W,5,W
18,440.64,721.74,1,S,5,N
22,471.17,722.04,1,S,5,N
23,475.44,722.34,1,S,5,N
45,517.68,722.64,1,W,5,N
47,553.92,722.94,1,W,5,N
53,699.27,817.09,1,E,5,E
58,629.99,821.64,2,W,5,N
48,624.67,821.94,1,W,5,N
52,621.43,822.24,1,E,5,N
73,752.87,829.87,3,E,5,N
74,764.72,830.17,3,E,5,N
83,839.11,865.64,5,W,5,N
84,862.47,868.60,5,W,5,N
85,863.29,869.43,5,W,5,N
60,711.37,899.40,2,E,5,W
49,749.22,921.54,1,W,5,N
67,852.04,929.67,3,W,5,N
75,810.63,929.67,3,E,5,N
54,834.89,938.17,1,E,3,W
86,872.89,965.54,5,W,5,N
29,850.18,998.30,1,S,3,W
30,857.99,998.60,1,S,3,W
25,795.34,999.30,1,S,5,W
28,837.60,999.60,1,S,5,W
24,782.25,1021.44,1,S,5,N
26,807.44,1021.74,1,S,5,N
27,823.05,1022.04,1,S,5,N
32,867.49,1099.20,1,S,5,W
35,889.94,1099.50,1,S,5,W
31,864.63,1121.34,1,S,5,N
33,880.97,1121.64,1,S,5,N
34,888.30,1121.94,1,S,5,N
50,870.15,1122.24,1,W,5,N