id,enter_time,exit_time,entrance_intersection,entrance_direction,exit_intersection,exit_direction
90,11.39,66.44,5,W,5,N
91,19.25,66.74,5,W,5,N
78,37.20,131.27,3,W,5,N
79,66.73,131.57,3,W,5,N
92,75.96,166.34,5,W,5,N
93,90.70,166.64,5,W,5,N
94,150.53,166.94,5,W,5,N
80,98.86,222.24,3,W,5,N
63,86.62,222.54,1,E,5,N
95,219.35,266.24,5,W,5,N
96,235.72,266.54,5,W,5,N
97,247.29,266.84,5,W,5,N
3,283.17,301.50,1,S,1,W
46,98.12,322.14,1,W,5,N
47,109.06,322.44,1,W,5,N
81,208.71,330.87,3,W,5,N
84,296.33,351.97,3,E,5,E
98,316.65,366.14,5,W,5,N
99,320.07,366.44,5,W,5,N
100,335.39,366.74,5,W,5,N
101,347.45,367.04,5,W,5,N
102,358.51,367.34,5,W,5,N
103,370.37,376.51,5,W,5,N
1,272.09,399.80,1,S,3,E
49,212.02,399.90,1,W,5,W
7,329.96,401.30,1,S,2,E
4,311.07,401.90,1,S,1,W
12,384.04,402.20,1,S,1,W
64,230.94,416.80,1,E,5,E
48,183.51,422.04,1,W,5,N
50,215.28,422.34,1,W,5,N
51,230.08,422.64,1,W,5,N
65,269.53,423.24,1,E,5,N
85,304.44,430.67,3,E,5,N
86,314.47,430.97,3,E,5,N
52,280.80,437.67,1,W,3,E
53,292.63,437.97,1,W,3,E
104,453.99,466.04,5,W,5,N
105,466.43,472.57,5,W,5,N
116,433.60,480.04,5,E,5,N
2,278.90,499.80,1,S,5,W
67,328.38,500.10,1,E,5,W
11,370.91,500.20,1,S,3,W
13,386.29,500.50,1,S,3,W
0,256.60,521.94,1,S,5,N
75,362.93,522.24,2,E,5,N
5,324.07,522.54,1,S,5,N
6,327.71,522.84,1,S,5,N
66,306.86,523.14,1,E,5,N
106,484.80,565.94,5,W,5,N
107,503.46,566.24,5,W,5,N
10,358.87,599.70,1,S,5,W
8,346.49,621.84,1,S,5,N
9,348.41,622.14,1,S,5,N
68,472.72,622.44,1,E,5,N
55,479.18,637.27,1,W,3,W
17,561.86,642.52,1,S,2,E
19,579.07,643.12,1,S,2,W
108,629.05,665.84,5,W,5,N
109,641.25,666.14,5,W,5,N
110,656.17,666.44,5,W,5,N
117,599.66,679.84,5,E,5,N
118,661.82,680.14,5,E,5,N
16,560.60,699.50,1,S,3,W
87,597.77,699.60,3,E,5,W
54,469.61,699.90,1,W,5,W
57,608.36,701.90,1,W,2,W
27,661.41,703.10,1,S,1,W
28,662.55,703.40,1,S,1,W
30,698.25,712.39,1,S,1,W
76,509.40,721.74,2,E,5,N
69,555.11,722.04,1,E,5,N
24,618.63,737.37,1,S,3,W
34,737.68,751.82,1,S,1,E
111,709.87,765.74,5,W,5,N
112,710.76,766.04,5,W,5,N
119,720.98,779.74,5,E,5,N
120,725.16,780.04,5,E,5,N
15,560.13,799.50,1,S,5,W
18,572.74,799.80,1,S,5,W
20,586.81,800.10,1,S,5,W
74,652.35,800.40,2,W,5,W
58,638.37,800.70,1,W,5,W
35,743.42,803.50,1,S,1,W
39,792.72,806.86,1,S,1,W
37,784.60,816.60,1,S,1,E
56,608.23,816.70,1,W,5,E
14,549.25,821.64,1,S,5,N
21,600.22,821.94,1,S,5,N
22,602.30,822.24,1,S,5,N
23,613.33,822.54,1,S,5,N
70,625.53,823.14,1,E,5,N
42,828.40,842.53,1,S,1,E
82,790.22,851.99,3,W,5,N
113,823.52,865.64,5,W,5,N
114,831.82,865.94,5,W,5,N
115,842.08,866.24,5,W,5,N
88,747.84,899.40,3,E,5,W
26,653.60,899.70,1,S,5,W
29,675.95,900.00,1,S,5,W
31,699.50,900.30,1,S,5,W
33,724.59,900.60,1,S,5,W
71,837.53,902.70,1,E,2,W
44,845.48,903.90,1,S,1,W
25,640.02,921.54,1,S,5,N
32,711.09,921.84,1,S,5,N
59,693.21,922.14,1,W,5,N
83,826.75,999.30,3,W,5,W
89,874.40,999.60,3,E,5,W
36,756.29,999.90,1,S,5,W
38,786.74,1000.20,1,S,5,W
77,819.99,1000.50,2,E,5,W
40,806.64,1000.80,1,S,5,W
43,836.46,1001.10,1,S,5,W
62,887.85,1001.30,1,W,2,W
73,879.96,1001.40,1,E,5,W
61,859.98,1015.90,1,W,5,E
41,825.52,1021.44,1,S,5,N
60,847.15,1021.74,1,W,5,N
72,867.86,1022.34,1,E,5,N
45,846.44,1121.34,1,S,5,N