id,enter_time,exit_time,entrance_intersection,entrance_direction,exit_intersection,exit_direction
61,58.20,66.44,5,W,5,N
62,72.74,78.88,5,W,5,N
83,54.78,80.44,5,E,5,N
33,96.80,158.98,1,E,3,E
63,129.84,166.34,5,W,5,N
84,114.34,180.34,5,E,5,N
51,89.01,200.10,2,E,5,W
0,7.59,200.40,1,S,5,W
32,33.90,216.40,1,E,5,E
1,29.47,222.24,1,S,5,N
64,182.46,266.24,5,W,5,N
65,206.41,266.54,5,W,5,N
66,220.13,266.84,5,W,5,N
3,65.66,300.00,1,S,5,W
22,131.19,300.30,1,W,5,W
34,107.67,300.60,1,E,5,W
2,41.10,322.14,1,S,5,N
4,79.70,322.44,1,S,5,N
5,109.84,322.74,1,S,5,N
6,290.95,340.42,1,S,2,W
67,296.10,366.14,5,W,5,N
54,213.70,399.90,3,W,5,W
47,272.70,400.20,2,W,5,W
8,344.78,401.90,1,S,1,W
23,264.90,422.04,1,W,5,N
56,321.17,430.97,3,W,5,N
7,335.78,436.77,1,S,3,E
24,274.04,437.07,1,W,3,W
68,383.24,466.04,5,W,5,N
69,401.03,466.34,5,W,5,N
70,402.93,466.64,5,W,5,N
71,462.53,468.66,5,W,5,N
72,469.89,476.02,5,W,5,N
55,307.95,499.80,3,W,5,W
52,359.01,500.10,2,E,5,W
25,283.01,500.40,1,W,5,W
27,310.98,500.70,1,W,5,W
36,348.37,501.00,1,E,5,W
37,363.02,501.30,1,E,5,W
41,494.00,520.12,1,E,2,W
26,297.62,521.94,1,W,5,N
35,337.32,522.24,1,E,5,N
60,422.69,530.47,3,E,5,N
38,412.40,536.87,1,E,3,W
73,482.50,565.94,5,W,5,N
74,497.98,566.24,5,W,5,N
75,505.82,566.54,5,W,5,N
76,517.04,566.84,5,W,5,N
77,537.09,567.14,5,W,5,N
48,496.18,599.70,2,W,5,W
39,412.50,621.84,1,E,5,N
40,478.79,622.14,1,E,5,N
57,509.15,630.27,3,W,5,N
58,521.56,630.57,3,W,5,N
85,660.55,679.84,5,E,5,N
43,569.13,699.60,1,E,5,W
28,492.56,721.74,1,W,5,N
42,523.72,722.04,1,E,5,N
17,697.41,743.82,1,S,2,E
78,688.64,765.74,5,W,5,N
79,741.43,766.04,5,W,5,N
80,757.49,766.34,5,W,5,N
86,706.81,779.74,5,E,5,N
49,667.11,799.50,2,W,5,W
9,627.00,799.80,1,S,5,W
10,630.46,800.10,1,S,5,W
30,693.56,802.00,1,W,2,E
44,708.48,802.30,1,E,2,W
29,644.03,815.50,1,W,5,E
59,714.36,829.87,3,W,5,N
81,803.26,865.64,5,W,5,N
82,855.98,865.94,5,W,5,N
21,742.46,898.50,1,S,3,E
53,734.56,899.40,2,E,5,W
18,717.17,899.70,1,S,5,W
20,736.47,900.00,1,S,5,W
46,765.81,900.30,1,E,5,W
11,648.11,921.54,1,S,5,N
12,654.13,921.84,1,S,5,N
13,669.29,922.14,1,S,5,N
14,670.53,922.44,1,S,5,N
15,686.33,922.74,1,S,5,N
16,687.67,923.04,1,S,5,N
50,728.40,923.34,2,W,5,N
19,730.99,923.64,1,S,5,N
45,753.19,923.94,1,E,5,N
31,893.89,1099.20,1,W,5,W