id,enter_time,exit_time,entrance_intersection,entrance_direction,exit_intersection,exit_direction
0,20.34,34.48,1,S,1,E
51,48.22,66.44,5,W,5,N
65,0.30,80.44,5,E,5,N
66,55.73,80.74,5,E,5,N
16,9.22,136.47,1,W,3,E
45,85.34,200.10,3,W,5,W
17,79.82,200.50,1,W,2,E
1,68.02,300.00,1,S,5,W
19,148.38,300.30,1,W,5,W
18,89.30,322.14,1,W,5,N
52,317.82,366.14,5,W,5,N
41,203.30,399.90,2,E,5,W
5,351.56,401.90,1,S,1,W
8,404.66,418.79,1,S,1,E
26,289.52,422.04,1,E,5,N
48,352.40,430.67,3,E,5,N
53,386.22,466.04,5,W,5,N
54,398.86,466.34,5,W,5,N
67,479.15,485.28,5,E,5,N
35,319.89,499.80,2,W,5,W
9,411.93,502.30,1,S,1,W
10,427.72,502.60,1,S,1,W
20,284.66,521.94,1,W,5,N
27,361.38,522.24,1,E,5,N
49,403.56,530.47,3,E,5,N
55,514.10,565.94,5,W,5,N
56,535.24,566.24,5,W,5,N
57,552.48,566.54,5,W,5,N
7,393.63,599.70,1,S,5,W
42,419.64,600.00,2,E,5,W
36,416.77,600.30,2,W,5,W
37,487.50,600.60,2,W,5,W
29,520.28,600.90,1,E,2,W
4,349.90,616.30,1,S,5,E
2,346.32,621.84,1,S,5,N
3,349.40,622.14,1,S,5,N
6,380.34,622.74,1,S,5,N
11,437.76,623.04,1,S,5,N
21,461.32,623.34,1,W,5,N
22,464.73,623.64,1,W,5,N
28,434.30,623.94,1,E,5,N
58,575.86,665.84,5,W,5,N
59,587.52,666.14,5,W,5,N
60,671.38,677.51,5,W,5,N
12,468.34,699.60,1,S,5,W
31,551.72,699.90,1,E,5,W
32,637.60,701.30,1,E,2,W
43,524.70,721.74,2,E,5,N
30,541.62,722.04,1,E,5,N
61,747.72,765.74,5,W,5,N
46,600.81,799.50,3,W,5,W
47,615.26,799.80,3,W,5,W
38,649.49,821.64,2,W,5,N
23,569.21,821.94,1,W,5,N
24,752.35,837.17,1,W,3,E
62,825.78,865.64,5,W,5,N
50,750.01,899.40,3,E,5,W
39,763.11,899.70,2,W,5,W
33,776.00,900.00,1,E,5,W
34,791.89,921.54,1,E,5,N
63,888.07,965.54,5,W,5,N
64,896.00,965.84,5,W,5,N
14,802.86,999.30,1,S,5,W
44,845.26,999.60,2,E,5,W
15,813.00,999.90,1,S,5,W
13,793.45,1021.44,1,S,5,N
40,800.83,1021.74,2,W,5,N
25,777.41,1022.04,1,W,5,N