id,enter_time,exit_time,entrance_intersection,entrance_direction,exit_intersection,exit_direction
54,21.13,66.44,5,W,5,N
55,30.68,66.74,5,W,5,N
5,46.81,100.70,1,S,1,W
41,4.10,131.27,3,W,5,N
42,28.39,131.57,3,W,5,N
1,20.89,136.77,1,S,3,E
3,44.08,139.62,1,S,2,W
56,89.24,166.34,5,W,5,N
57,120.23,166.64,5,W,5,N
58,130.62,166.94,5,W,5,N
59,159.10,167.24,5,W,5,N
60,168.49,174.62,5,W,5,N
0,12.92,200.10,1,S,5,W
2,35.26,200.40,1,S,5,W
20,14.29,222.24,1,W,5,N
21,17.51,222.54,1,W,5,N
22,58.21,222.84,1,W,5,N
31,141.86,236.87,1,E,3,W
61,179.30,266.24,5,W,5,N
62,191.06,266.54,5,W,5,N
65,208.32,280.24,5,E,5,N
66,209.86,280.54,5,E,5,N
67,281.65,287.79,5,E,5,N
4,46.80,322.14,1,S,5,N
23,132.25,322.44,1,W,5,N
45,246.92,330.87,3,E,5,N
48,346.62,425.13,3,E,5,E
46,319.98,430.67,3,E,5,N
47,332.12,430.97,3,E,5,N
49,356.09,431.57,3,E,5,N
50,364.51,499.80,3,E,5,W
35,313.20,500.10,2,W,5,W
38,355.54,521.94,2,E,5,N
24,308.46,522.24,1,W,5,N
32,343.02,522.54,1,E,5,N
51,486.72,548.49,3,E,5,N
63,520.18,565.94,5,W,5,N
25,441.01,599.70,1,W,5,W
6,434.12,621.84,1,S,5,N
43,567.33,630.27,3,W,5,N
33,554.57,637.27,1,E,3,E
64,638.43,665.84,5,W,5,N
8,458.62,699.60,1,S,5,W
10,483.18,716.20,1,S,5,E
7,448.42,721.74,1,S,5,N
9,471.93,722.04,1,S,5,N
11,483.61,722.64,1,S,5,N
12,483.97,722.94,1,S,5,N
13,493.44,723.24,1,S,5,N
14,504.70,723.54,1,S,5,N
36,549.14,723.84,2,W,5,N
52,627.00,723.93,3,E,5,E
26,466.59,724.14,1,W,5,N
53,696.45,758.22,3,E,5,N
68,712.44,779.74,5,E,5,N
34,658.66,815.50,1,E,5,E
28,752.61,838.67,1,W,3,E
44,793.59,855.36,3,W,5,N
37,756.95,899.40,2,W,5,W
29,760.68,899.70,1,W,5,W
30,791.09,901.20,1,W,2,W
39,753.86,921.54,2,E,5,N
15,716.08,921.84,1,S,5,N
16,721.03,922.14,1,S,5,N
17,732.10,922.44,1,S,5,N
18,738.45,922.74,1,S,5,N
27,673.62,923.04,1,W,5,N
19,752.88,999.30,1,S,5,W
40,879.22,1021.44,2,E,5,N