id,enter_time,exit_time,entrance_intersection,entrance_direction,exit_intersection,exit_direction
78,47.15,80.44,5,E,5,N
65,14.31,131.27,3,E,5,N
46,20.25,222.24,1,E,5,N
61,130.24,231.07,3,W,5,N
69,259.44,266.24,5,W,5,N
55,119.94,322.14,2,W,5,N
58,138.00,322.44,2,E,5,N
36,104.12,322.74,1,W,5,N
47,231.44,336.97,1,E,3,W
62,281.55,343.32,3,W,5,N
48,298.48,360.67,1,E,3,E
8,320.27,401.30,1,S,2,W
7,316.94,401.90,1,S,1,W
37,178.40,422.04,1,W,5,N
63,382.52,444.29,3,W,5,N
79,408.11,480.04,5,E,5,N
5,306.25,499.80,1,S,5,W
38,308.89,500.10,1,W,5,W
22,430.80,501.40,1,S,2,W
19,398.65,502.30,1,S,1,W
23,437.70,502.60,1,S,1,W
25,493.56,507.69,1,S,1,W
1,265.87,516.10,1,S,5,E
0,241.93,521.94,1,S,5,N
2,278.06,522.54,1,S,5,N
3,290.09,522.84,1,S,5,N
4,291.96,523.14,1,S,5,N
6,309.92,523.44,1,S,5,N
9,334.41,523.74,1,S,5,N
49,315.66,524.04,1,E,5,N
50,392.14,524.34,1,E,5,N
66,487.73,549.50,3,E,5,N
64,492.55,554.32,3,W,5,N
70,477.17,565.94,5,W,5,N
14,361.20,599.70,1,S,5,W
15,372.47,600.00,1,S,5,W
21,422.45,600.30,1,S,5,W
27,515.30,602.70,1,S,1,W
10,345.37,621.84,1,S,5,N
11,352.67,622.14,1,S,5,N
12,353.97,622.44,1,S,5,N
13,354.57,622.74,1,S,5,N
16,389.83,623.04,1,S,5,N
17,392.98,623.34,1,S,5,N
18,396.28,623.64,1,S,5,N
56,428.78,623.94,2,W,5,N
57,495.73,624.24,2,W,5,N
20,409.82,624.54,1,S,5,N
24,447.22,699.60,1,S,5,W
59,505.19,699.90,2,E,5,W
39,483.80,700.20,1,W,5,W
42,566.06,700.50,1,W,5,W
53,673.24,701.00,1,E,2,W
41,549.66,716.50,1,W,5,E
26,503.85,721.74,1,S,5,N
28,522.12,722.04,1,S,5,N
40,535.37,722.34,1,W,5,N
51,534.24,722.94,1,E,5,N
52,575.75,723.24,1,E,5,N
80,799.06,805.20,5,E,5,N
54,688.92,806.74,1,E,5,W
71,800.63,865.64,5,W,5,N
72,810.30,865.94,5,W,5,N
73,843.45,866.24,5,W,5,N
74,844.21,866.54,5,W,5,N
75,852.73,866.84,5,W,5,N
76,871.62,877.76,5,W,5,N
81,800.80,879.64,5,E,5,N
29,787.16,898.50,1,S,3,E
31,796.36,899.10,1,S,3,W
67,755.23,899.40,3,E,5,W
43,674.90,921.54,1,W,5,N
77,885.62,965.54,5,W,5,N
68,854.06,999.30,3,E,5,W
60,875.21,999.60,2,E,5,W
33,813.16,999.90,1,S,5,W
45,842.50,1000.20,1,W,5,W
30,787.61,1021.44,1,S,5,N
32,798.02,1021.74,1,S,5,N
44,834.82,1022.04,1,W,5,N
34,857.46,1099.20,1,S,5,W
35,875.78,1099.50,1,S,5,W