id,enter_time,exit_time,entrance_intersection,entrance_direction,exit_intersection,exit_direction
35,42.86,131.27,3,W,5,N
42,47.57,200.10,3,E,5,W
11,9.05,200.40,1,W,5,W
15,65.42,200.50,1,W,2,W
12,20.64,200.70,1,W,5,W
0,31.40,222.24,1,S,5,N
13,25.00,222.54,1,W,5,N
14,50.01,222.84,1,W,5,N
27,12.25,223.14,1,E,5,N
43,172.99,234.76,3,E,5,N
31,187.75,322.14,2,W,5,N
16,82.54,322.44,1,W,5,N
36,239.95,330.87,3,W,5,N
46,345.07,366.14,5,W,5,N
47,364.37,370.51,5,W,5,N
48,366.35,372.48,5,W,5,N
18,245.34,399.90,1,W,5,W
4,313.80,401.90,1,S,1,W
5,322.17,402.20,1,S,1,W
33,289.73,422.04,2,E,5,N
17,213.46,422.34,1,W,5,N
28,256.00,422.64,1,E,5,N
49,451.74,466.04,5,W,5,N
50,464.41,470.55,5,W,5,N
32,380.11,499.80,2,W,5,W
19,336.33,500.10,1,W,5,W
1,292.50,521.94,1,S,5,N
2,303.43,522.24,1,S,5,N
3,309.39,522.54,1,S,5,N
6,335.35,522.84,1,S,5,N
44,466.59,530.47,3,E,5,N
51,532.44,565.94,5,W,5,N
60,522.91,579.94,5,E,5,N
37,445.61,599.70,3,W,5,W
20,418.20,600.00,1,W,5,W
7,346.74,621.84,1,S,5,N
38,533.36,630.27,3,W,5,N
39,565.79,630.57,3,W,5,N
40,576.26,631.89,3,W,5,E
30,591.65,653.83,1,E,3,W
21,497.01,715.60,1,W,5,E
22,510.32,722.04,1,W,5,N
23,517.77,722.34,1,W,5,N
24,526.88,722.64,1,W,5,N
29,556.90,722.94,1,E,5,N
52,771.61,777.75,5,W,5,N
61,731.09,779.74,5,E,5,N
62,745.13,780.04,5,E,5,N
34,623.25,815.50,2,E,5,E
53,784.30,865.64,5,W,5,N
54,784.48,865.94,5,W,5,N
55,798.01,866.24,5,W,5,N
56,808.05,866.54,5,W,5,N
57,867.82,873.96,5,W,5,N
63,821.28,879.64,5,E,5,N
9,719.30,899.40,1,S,5,W
8,694.83,921.54,1,S,5,N
10,723.11,921.84,1,S,5,N
25,682.89,922.14,1,W,5,N
41,799.62,923.53,3,W,5,E
45,858.87,929.67,3,E,5,N
58,877.70,965.54,5,W,5,N
59,887.59,965.84,5,W,5,N
26,841.13,1021.44,1,W,5,N