id,enter_time,exit_time,entrance_intersection,entrance_direction,exit_intersection,exit_direction
105,54.39,80.44,5,E,5,N
106,59.29,80.74,5,E,5,N
107,62.72,81.04,5,E,5,N
1,10.38,100.70,1,S,1,W
6,42.94,101.00,1,S,1,W
79,73.88,166.34,5,W,5,N
80,137.45,166.64,5,W,5,N
108,110.26,180.34,5,E,5,N
4,25.30,200.10,1,S,5,W
8,106.99,200.50,1,S,2,W
109,194.63,200.77,5,E,5,N
10,126.26,201.10,1,S,1,W
11,140.21,201.40,1,S,1,W
0,0.16,222.24,1,S,5,N
2,20.39,222.54,1,S,5,N
3,20.69,222.84,1,S,5,N
59,3.35,223.14,1,E,5,N
73,165.71,231.07,3,W,5,N
81,191.59,266.24,5,W,5,N
82,193.04,266.54,5,W,5,N
83,211.46,266.84,5,W,5,N
84,222.87,267.14,5,W,5,N
85,229.20,267.44,5,W,5,N
110,258.60,280.24,5,E,5,N
17,202.30,301.50,1,S,1,W
20,258.07,314.30,1,S,1,E
5,39.31,322.14,1,S,5,N
7,100.47,322.44,1,S,5,N
69,103.38,322.74,2,W,5,N
9,115.08,323.04,1,S,5,N
35,79.08,323.34,1,W,5,N
86,361.44,367.58,5,W,5,N
87,367.60,373.74,5,W,5,N
12,140.31,399.90,1,S,5,W
13,154.42,400.20,1,S,5,W
16,189.71,400.50,1,S,5,W
60,249.28,400.80,1,E,5,W
14,160.56,422.04,1,S,5,N
15,183.78,422.34,1,S,5,N
70,289.28,422.64,2,W,5,N
18,230.71,422.94,1,S,5,N
19,234.04,423.24,1,S,5,N
36,203.62,423.54,1,W,5,N
61,269.02,423.84,1,E,5,N
74,376.57,438.34,3,W,5,N
88,385.57,466.04,5,W,5,N
89,396.30,466.34,5,W,5,N
90,404.74,466.64,5,W,5,N
91,413.16,466.94,5,W,5,N
77,309.23,499.80,3,E,5,W
37,316.54,500.10,1,W,5,W
38,340.64,516.10,1,W,5,E
71,362.63,521.94,2,E,5,N
39,348.73,522.54,1,W,5,N
62,329.78,522.84,1,E,5,N
63,344.76,523.14,1,E,5,N
64,381.04,523.44,1,E,5,N
92,477.11,565.94,5,W,5,N
93,560.11,566.25,5,W,5,N
94,572.71,578.85,5,W,5,N
41,411.19,599.70,1,W,5,W
66,549.36,601.80,1,E,2,W
23,546.87,602.70,1,S,1,W
65,401.50,621.84,1,E,5,N
40,399.63,622.14,1,W,5,N
42,420.80,622.44,1,W,5,N
43,450.46,622.74,1,W,5,N
28,600.40,643.12,1,S,2,W
95,580.65,665.84,5,W,5,N
96,593.85,666.14,5,W,5,N
111,637.89,679.84,5,E,5,N
112,644.98,680.14,5,E,5,N
26,593.66,699.80,1,S,3,E
48,654.27,701.60,1,W,2,W
21,535.68,715.60,1,S,5,E
44,503.08,715.90,1,W,5,E
45,558.43,722.34,1,W,5,N
97,709.46,765.74,5,W,5,N
98,717.71,766.04,5,W,5,N
99,730.17,766.34,5,W,5,N
100,744.59,766.64,5,W,5,N
113,709.30,779.74,5,E,5,N
114,779.06,785.20,5,E,5,N
27,593.72,799.50,1,S,5,W
47,645.93,799.80,1,W,5,W
67,627.80,800.10,1,E,5,W
24,573.13,815.80,1,S,5,E
25,593.58,816.10,1,S,5,E
22,546.01,821.64,1,S,5,N
29,603.46,822.54,1,S,5,N
46,634.80,822.84,1,W,5,N
68,662.31,823.14,1,E,5,N
78,752.15,829.87,3,E,5,N
101,796.48,865.64,5,W,5,N
102,872.32,878.45,5,W,5,N
50,677.78,899.40,1,W,5,W
54,761.16,899.70,1,W,5,W
56,794.59,902.10,1,W,2,W
32,832.50,903.90,1,S,1,W
72,731.89,915.40,2,E,5,E
33,844.16,916.70,1,S,1,E
49,668.20,921.84,1,W,5,N
51,686.12,922.14,1,W,5,N
52,739.53,922.44,1,W,5,N
53,750.12,922.74,1,W,5,N
58,848.78,938.77,1,W,3,W
34,851.76,943.12,1,S,2,E
103,886.76,965.54,5,W,5,N
104,891.90,965.84,5,W,5,N
75,887.50,999.30,3,W,5,W
30,823.30,1021.44,1,S,5,N
31,826.23,1021.74,1,S,5,N
55,780.62,1022.04,1,W,5,N
57,848.50,1022.34,1,W,5,N
76,899.12,1099.20,3,W,5,W