id,enter_time,exit_time,entrance_intersection,entrance_direction,exit_intersection,exit_direction
77,18.28,66.44,5,W,5,N
78,29.30,66.74,5,W,5,N
4,55.27,100.70,1,S,1,W
2,29.72,101.00,1,S,2,W
6,70.58,101.00,1,S,1,W
8,81.07,101.30,1,S,1,W
7,77.92,114.10,1,S,1,E
70,74.83,136.60,3,W,5,N
79,152.88,166.34,5,W,5,N
73,12.79,200.10,3,E,5,W
74,79.57,200.40,3,E,5,W
63,84.19,200.70,2,W,5,W
1,19.93,201.00,1,S,5,W
12,106.56,201.10,1,S,1,W
0,9.33,222.24,1,S,5,N
34,15.64,222.54,1,W,5,N
35,25.76,222.84,1,W,5,N
75,125.96,300.00,3,E,5,W
3,41.08,322.14,1,S,5,N
5,60.77,322.44,1,S,5,N
9,86.54,322.74,1,S,5,N
10,87.49,323.04,1,S,5,N
11,102.76,323.34,1,S,5,N
36,101.59,323.64,1,W,5,N
37,115.19,323.94,1,W,5,N
54,284.29,346.48,1,E,3,W
53,239.48,399.90,1,E,5,W
68,287.56,422.04,2,E,5,N
64,291.63,422.34,2,W,5,N
38,247.78,422.64,1,W,5,N
52,215.92,422.94,1,E,5,N
56,318.30,437.37,1,E,3,W
80,405.42,466.04,5,W,5,N
89,423.34,480.04,5,E,5,N
55,302.63,499.80,1,E,5,W
14,422.93,502.30,1,S,1,W
15,422.93,502.60,1,S,1,W
20,497.23,511.36,1,S,1,W
39,332.21,521.94,1,W,5,N
57,352.62,522.24,1,E,5,N
81,483.55,565.94,5,W,5,N
82,505.22,566.24,5,W,5,N
83,507.01,566.54,5,W,5,N
84,513.91,566.84,5,W,5,N
85,526.40,567.14,5,W,5,N
86,538.61,567.44,5,W,5,N
87,539.66,567.74,5,W,5,N
90,533.58,579.94,5,E,5,N
91,575.28,581.41,5,E,5,N
41,453.69,599.70,1,W,5,W
42,465.47,600.00,1,W,5,W
13,419.54,621.84,1,S,5,N
16,427.10,622.14,1,S,5,N
40,451.25,622.44,1,W,5,N
58,422.33,622.74,1,E,5,N
76,534.59,630.27,3,E,5,N
45,502.13,637.57,1,W,3,W
92,615.42,679.84,5,E,5,N
71,519.65,699.60,3,W,5,W
18,459.67,699.90,1,S,5,W
21,497.23,700.20,1,S,5,W
43,476.68,700.50,1,W,5,W
17,444.32,721.74,1,S,5,N
19,484.17,722.04,1,S,5,N
44,501.00,722.34,1,W,5,N
59,582.31,722.64,1,E,5,N
88,688.91,765.74,5,W,5,N
60,601.47,799.50,1,E,5,W
22,772.05,803.50,1,S,1,W
65,610.37,821.64,2,W,5,N
69,614.24,821.94,2,E,5,N
66,694.08,822.24,2,W,5,N
46,610.73,822.54,1,W,5,N
47,623.19,822.84,1,W,5,N
72,752.94,829.87,3,W,5,N
24,785.42,842.72,1,S,2,W
93,805.26,879.64,5,E,5,N
26,805.12,903.90,1,S,1,W
31,872.95,904.20,1,S,1,W
33,880.72,904.50,1,S,1,W
49,714.94,915.70,1,W,5,E
48,699.12,921.54,1,W,5,N
61,788.95,922.14,1,E,5,N
28,825.72,999.30,1,S,5,W
50,795.70,999.60,1,W,5,W
23,778.16,1021.44,1,S,5,N
25,789.93,1021.74,1,S,5,N
67,811.76,1022.04,2,W,5,N
27,811.00,1022.34,1,S,5,N
29,829.61,1022.64,1,S,5,N
51,804.82,1022.94,1,W,5,N
62,812.69,1023.24,1,E,5,N
30,843.57,1121.34,1,S,5,N
32,873.69,1121.64,1,S,5,N