id,enter_time,exit_time,entrance_intersection,entrance_direction,exit_intersection,exit_direction
0,10.05,100.70,1,S,1,W
1,52.63,101.00,1,S,1,W
2,75.34,113.50,1,S,1,E
50,13.68,125.13,3,E,5,E
51,75.14,136.91,3,E,5,N
57,148.85,166.34,5,W,5,N
58,155.72,166.64,5,W,5,N
16,8.79,222.24,1,W,5,N
17,24.51,222.54,1,W,5,N
52,152.24,224.93,3,E,5,E
59,174.37,266.24,5,W,5,N
60,184.90,266.54,5,W,5,N
61,195.79,266.84,5,W,5,N
62,206.89,267.14,5,W,5,N
18,148.84,300.00,1,W,5,W
3,81.08,322.14,1,S,5,N
32,200.60,324.56,1,E,5,N
53,213.42,399.90,3,E,5,W
33,244.37,400.20,1,E,5,W
5,354.53,401.90,1,S,1,W
35,285.89,403.71,1,E,5,W
70,399.11,405.25,5,E,5,N
34,267.79,422.04,1,E,5,N
7,381.17,441.42,1,S,2,E
45,380.93,499.80,2,E,5,W
20,284.33,500.10,1,W,5,W
36,310.57,500.40,1,E,5,W
19,270.86,521.94,1,W,5,N
54,459.54,530.47,3,E,5,N
63,511.66,565.94,5,W,5,N
64,522.57,566.24,5,W,5,N
65,526.01,566.54,5,W,5,N
4,349.55,599.70,1,S,5,W
21,404.78,600.00,1,W,5,W
37,461.57,600.30,1,E,5,W
6,367.18,621.84,1,S,5,N
22,436.36,622.14,1,W,5,N
55,517.82,630.27,3,E,5,N
56,530.45,630.57,3,E,5,N
23,491.68,636.97,1,W,3,W
47,538.94,699.60,3,W,5,W
48,539.25,699.90,3,W,5,W
9,663.01,703.10,1,S,1,W
24,503.35,715.60,1,W,5,E
25,523.85,722.04,1,W,5,N
39,624.18,737.97,1,E,3,W
66,710.11,765.74,5,W,5,N
67,725.99,766.04,5,W,5,N
68,730.02,766.34,5,W,5,N
26,657.32,799.50,1,W,5,W
38,610.47,799.80,1,E,5,W
41,744.25,801.40,1,E,2,W
14,715.85,803.50,1,S,1,W
15,716.78,803.80,1,S,1,W
8,639.06,821.64,1,S,5,N
49,737.25,829.87,3,W,5,N
69,843.57,865.64,5,W,5,N
71,806.05,879.64,5,E,5,N
72,813.61,879.94,5,E,5,N
10,673.38,899.40,1,S,5,W
11,679.60,899.70,1,S,5,W
46,714.95,900.00,2,E,5,W
40,711.33,900.30,1,E,5,W
42,885.47,911.59,1,E,2,W
12,681.71,921.54,1,S,5,N
13,683.62,921.84,1,S,5,N
43,768.85,922.14,2,W,5,N
27,797.27,999.30,1,W,5,W
44,887.96,1021.44,2,W,5,N
28,812.57,1021.74,1,W,5,N
29,875.68,1099.20,1,W,5,W
30,895.04,1099.50,1,W,5,W
31,895.66,1099.80,1,W,5,W