id,enter_time,exit_time,entrance_intersection,entrance_direction,exit_intersection,exit_direction
74,43.07,80.44,5,E,5,N
75,50.81,80.74,5,E,5,N
50,27.05,131.27,3,W,5,N
44,96.36,132.43,2,W,3,W
51,93.59,155.36,3,W,5,N
58,121.48,166.34,5,W,5,N
59,143.82,166.64,5,W,5,N
16,58.57,200.10,1,W,5,W
36,1.77,200.40,1,E,5,W
46,132.14,212.67,2,E,3,W
0,8.81,222.24,1,S,5,N
19,157.47,237.17,1,W,3,E
17,68.89,322.14,1,W,5,N
18,80.44,322.44,1,W,5,N
20,187.97,399.90,1,W,5,W
47,270.77,422.04,2,E,5,N
37,246.92,422.34,1,E,5,N
60,377.82,466.04,5,W,5,N
61,387.84,466.34,5,W,5,N
62,395.21,466.64,5,W,5,N
63,395.42,466.94,5,W,5,N
64,406.45,467.24,5,W,5,N
65,416.21,467.54,5,W,5,N
66,431.53,467.84,5,W,5,N
22,356.39,499.80,1,W,5,W
38,371.71,500.10,1,E,5,W
1,279.95,521.94,1,S,5,N
2,289.49,522.24,1,S,5,N
3,295.84,522.54,1,S,5,N
4,304.77,522.84,1,S,5,N
21,342.63,523.14,1,W,5,N
39,396.41,523.44,1,E,5,N
26,465.15,537.77,1,W,3,E
67,488.01,565.94,5,W,5,N
68,497.55,566.24,5,W,5,N
55,448.50,599.70,3,E,5,W
48,442.52,621.84,2,E,5,N
23,379.80,622.14,1,W,5,N
24,452.57,622.44,1,W,5,N
25,463.55,622.74,1,W,5,N
56,524.79,630.27,3,E,5,N
53,548.75,630.57,3,W,5,N
57,537.05,630.57,3,E,5,N
76,611.42,679.84,5,E,5,N
77,678.13,684.26,5,E,5,N
52,504.12,699.60,3,W,5,W
6,653.89,703.10,1,S,1,W
27,490.84,721.74,1,W,5,N
10,693.93,743.22,1,S,2,W
54,677.23,799.50,3,W,5,W
28,643.80,799.80,1,W,5,W
12,728.00,803.50,1,S,1,W
15,742.15,803.80,1,S,1,W
40,692.90,810.72,1,E,5,W
29,659.58,821.64,1,W,5,N
41,723.10,838.67,1,E,3,W
69,778.49,865.64,5,W,5,N
70,794.24,865.94,5,W,5,N
71,798.24,866.24,5,W,5,N
5,644.04,899.40,1,S,5,W
11,712.89,899.70,1,S,5,W
32,707.69,900.00,1,W,5,W
42,779.53,917.20,1,E,5,E
7,669.80,921.54,1,S,5,N
8,684.24,921.84,1,S,5,N
9,685.01,922.14,1,S,5,N
13,736.69,922.44,1,S,5,N
30,670.71,922.74,1,W,5,N
31,699.26,923.04,1,W,5,N
72,881.89,965.54,5,W,5,N
73,896.62,965.84,5,W,5,N
49,817.91,999.30,2,E,5,W
33,837.29,999.60,1,W,5,W
14,741.24,1021.44,1,S,5,N
45,821.69,1021.74,2,W,5,N
34,846.72,1022.04,1,W,5,N
43,860.43,1022.34,1,E,5,N
35,896.45,1121.34,1,W,5,N