id,enter_time,exit_time,entrance_intersection,entrance_direction,exit_intersection,exit_direction
56,1.13,66.44,5,W,5,N
57,40.72,66.74,5,W,5,N
25,10.95,101.00,1,W,2,E
58,122.02,166.34,5,W,5,N
59,140.23,166.64,5,W,5,N
60,148.41,166.94,5,W,5,N
70,106.20,180.34,5,E,5,N
49,2.25,200.10,3,W,5,W
52,8.79,200.40,3,E,5,W
6,124.05,201.10,1,S,1,W
11,164.04,214.50,1,S,1,E
0,11.61,216.10,1,S,5,E
24,1.87,216.40,1,W,5,E
71,257.32,280.24,5,E,5,N
72,269.33,280.54,5,E,5,N
3,85.43,300.00,1,S,5,W
1,55.65,322.14,1,S,5,N
2,66.31,322.44,1,S,5,N
4,105.83,322.74,1,S,5,N
5,112.21,323.04,1,S,5,N
7,124.36,323.34,1,S,5,N
8,132.55,323.64,1,S,5,N
40,119.26,323.94,1,E,5,N
50,221.71,324.73,3,W,5,E
61,277.37,366.14,5,W,5,N
62,325.15,366.44,5,W,5,N
12,173.20,399.90,1,S,5,W
26,191.30,400.20,1,W,5,W
9,139.61,422.04,1,S,5,N
10,139.83,422.34,1,S,5,N
13,175.37,422.64,1,S,5,N
44,261.51,422.94,2,W,5,N
53,301.10,499.80,3,E,5,W
47,359.98,500.10,2,E,5,W
27,361.40,500.40,1,W,5,W
32,452.95,502.00,1,W,2,W
42,343.26,516.10,1,E,5,E
41,331.86,521.94,1,E,5,N
51,431.53,530.47,3,W,5,N
28,370.66,536.87,1,W,3,W
63,542.20,565.94,5,W,5,N
64,556.16,566.24,5,W,5,N
65,565.25,571.39,5,W,5,N
29,370.86,599.70,1,W,5,W
16,507.23,602.70,1,S,1,W
21,557.65,603.00,1,S,1,W
73,598.64,604.78,5,E,5,N
45,492.63,621.84,2,W,5,N
30,421.74,622.14,1,W,5,N
31,426.71,622.44,1,W,5,N
54,574.50,636.27,3,E,5,N
33,529.71,637.87,1,W,3,E
66,584.22,665.84,5,W,5,N
67,633.10,666.14,5,W,5,N
68,648.75,666.44,5,W,5,N
69,659.14,666.74,5,W,5,N
18,520.89,699.60,1,S,5,W
14,475.36,721.74,1,S,5,N
15,490.06,722.04,1,S,5,N
17,515.95,722.34,1,S,5,N
19,535.42,722.64,1,S,5,N
55,673.54,735.31,3,E,5,N
22,559.00,799.50,1,S,5,W
34,606.14,799.80,1,W,5,W
20,556.33,821.64,1,S,5,N
48,713.00,899.40,2,E,5,W
35,740.23,899.70,1,W,5,W
46,734.01,921.54,2,W,5,N
36,766.54,921.84,1,W,5,N
38,804.67,999.30,1,W,5,W
23,807.70,1021.44,1,S,5,N
37,793.78,1021.74,1,W,5,N
39,856.02,1022.04,1,W,5,N
43,818.02,1022.34,1,E,5,N