id,enter_time,exit_time,entrance_intersection,entrance_direction,exit_intersection,exit_direction
57,11.27,66.44,5,W,5,N
58,17.91,66.74,5,W,5,N
52,52.13,131.27,3,W,5,N
59,95.63,166.34,5,W,5,N
60,108.07,166.64,5,W,5,N
61,159.73,166.94,5,W,5,N
43,81.15,200.10,2,W,5,W
0,23.52,200.40,1,S,5,W
23,11.65,200.70,1,W,5,W
35,11.10,222.24,1,E,5,N
36,54.22,222.54,1,E,5,N
37,78.60,222.84,1,E,5,N
44,169.21,322.14,2,W,5,N
49,199.90,322.44,2,E,5,N
24,118.93,322.74,1,W,5,N
26,171.86,399.90,1,W,5,W
1,318.67,401.90,1,S,1,W
45,205.71,422.04,2,W,5,N
25,167.30,422.34,1,W,5,N
54,376.46,438.23,3,E,5,N
65,415.07,480.04,5,E,5,N
66,426.68,480.34,5,E,5,N
27,305.50,499.80,1,W,5,W
28,426.21,500.80,1,W,2,W
46,314.89,515.80,2,W,5,E
62,554.60,565.94,5,W,5,N
63,568.89,575.02,5,W,5,N
3,397.22,599.70,1,S,5,W
38,418.03,600.00,1,E,5,W
47,574.97,613.07,2,W,3,E
2,353.39,621.84,1,S,5,N
29,442.78,622.14,1,W,5,N
30,451.31,622.44,1,W,5,N
39,495.23,622.74,1,E,5,N
64,620.56,665.84,5,W,5,N
50,550.22,699.60,2,E,5,W
41,671.89,701.90,1,E,2,W
53,615.79,730.07,3,W,5,N
40,650.15,799.50,1,E,5,W
9,736.77,803.50,1,S,1,W
10,738.26,803.80,1,S,1,W
11,743.13,804.10,1,S,1,W
13,754.47,804.40,1,S,1,W
48,678.86,815.50,2,W,5,E
32,621.30,816.10,1,W,5,E
31,592.29,821.94,1,W,5,N
55,755.44,829.87,3,E,5,N
56,764.43,830.17,3,E,5,N
67,851.15,879.64,5,E,5,N
4,641.89,899.40,1,S,5,W
6,694.56,899.70,1,S,5,W
34,714.66,900.00,1,W,5,W
15,817.23,901.50,1,S,2,E
5,679.65,921.54,1,S,5,N
7,711.82,921.84,1,S,5,N
8,718.26,922.14,1,S,5,N
33,672.19,922.44,1,W,5,N
22,890.49,944.02,1,S,2,W
51,852.74,999.30,2,E,5,W
16,835.90,999.60,1,S,5,W
42,826.51,999.90,1,E,5,W
12,752.41,1021.44,1,S,5,N
14,816.12,1021.74,1,S,5,N
17,836.80,1022.04,1,S,5,N
18,854.54,1099.20,1,S,5,W
19,856.14,1099.50,1,S,5,W
20,870.17,1099.80,1,S,5,W
21,878.88,1115.20,1,S,5,E