id,enter_time,exit_time,entrance_intersection,entrance_direction,exit_intersection,exit_direction
71,28.47,131.57,3,E,5,N
50,64.83,137.37,1,E,3,E
73,83.89,145.66,3,E,5,N
81,87.86,166.34,5,W,5,N
82,109.70,166.64,5,W,5,N
83,121.19,166.94,5,W,5,N
84,131.95,167.24,5,W,5,N
85,143.42,167.54,5,W,5,N
86,161.68,167.82,5,W,5,N
70,15.51,200.10,3,E,5,W
72,40.82,200.40,3,E,5,W
31,23.14,222.24,1,W,5,N
32,33.71,222.54,1,W,5,N
49,42.90,222.84,1,E,5,N
51,77.10,223.14,1,E,5,N
74,185.55,247.32,3,E,5,N
87,224.74,266.24,5,W,5,N
88,238.68,266.54,5,W,5,N
104,232.80,280.24,5,E,5,N
52,152.80,300.00,1,E,5,W
53,178.62,300.30,1,E,5,W
33,98.48,316.30,1,W,5,E
75,198.46,322.14,3,E,5,N
34,126.87,322.74,1,W,5,N
35,135.60,323.04,1,W,5,N
76,209.67,330.87,3,E,5,N
77,224.66,331.17,3,E,5,N
1,258.19,340.72,1,S,2,W
89,341.02,366.14,5,W,5,N
66,200.75,399.90,3,W,5,W
37,223.13,400.20,1,W,5,W
7,309.68,401.90,1,S,1,W
10,343.75,402.20,1,S,1,W
64,352.34,412.87,2,E,3,E
12,358.31,415.00,1,S,1,E
13,376.20,415.30,1,S,1,E
59,243.37,422.04,2,W,5,N
36,208.44,422.34,1,W,5,N
38,234.06,422.64,1,W,5,N
39,259.63,422.94,1,W,5,N
14,422.63,436.77,1,S,1,E
8,323.04,436.77,1,S,3,E
90,391.54,466.04,5,W,5,N
91,395.68,466.34,5,W,5,N
92,467.11,473.25,5,W,5,N
93,471.92,478.06,5,W,5,N
2,265.45,499.80,1,S,5,W
6,299.08,500.10,1,S,5,W
0,256.19,521.94,1,S,5,N
3,266.60,522.24,1,S,5,N
4,276.21,522.54,1,S,5,N
5,288.48,522.84,1,S,5,N
9,336.44,523.14,1,S,5,N
11,345.62,599.70,1,S,5,W
16,434.00,600.00,1,S,5,W
41,420.14,600.30,1,W,5,W
23,563.70,615.50,1,S,1,E
15,431.49,621.84,1,S,5,N
40,413.10,622.14,1,W,5,N
54,492.83,622.44,1,E,5,N
79,585.27,647.04,3,E,5,N
94,578.42,665.84,5,W,5,N
95,638.50,666.14,5,W,5,N
96,650.83,666.44,5,W,5,N
97,662.40,668.54,5,W,5,N
98,670.61,676.75,5,W,5,N
78,520.09,699.60,3,E,5,W
17,439.45,699.90,1,S,5,W
18,452.15,700.20,1,S,5,W
21,491.76,700.50,1,S,5,W
22,503.35,700.80,1,S,5,W
42,531.48,701.10,1,W,5,W
55,503.29,701.40,1,E,5,W
19,461.45,721.74,1,S,5,N
20,472.13,722.04,1,S,5,N
60,545.52,722.34,2,W,5,N
43,555.77,722.64,1,W,5,N
99,722.09,765.74,5,W,5,N
100,743.80,766.04,5,W,5,N
101,758.71,766.34,5,W,5,N
102,759.62,766.64,5,W,5,N
24,572.85,799.50,1,S,5,W
25,574.72,799.80,1,S,5,W
28,610.66,800.10,1,S,5,W
44,569.86,800.40,1,W,5,W
45,753.35,801.10,1,W,2,W
61,710.54,813.27,2,W,3,E
65,720.49,813.27,2,E,3,W
26,596.47,821.64,1,S,5,N
27,609.21,821.94,1,S,5,N
67,757.91,823.73,3,W,5,E
68,783.88,839.51,3,W,5,E
105,804.83,879.64,5,E,5,N
106,816.53,879.94,5,E,5,N
107,884.61,890.74,5,E,5,N
30,864.28,903.90,1,S,1,W
62,737.97,921.54,2,W,5,N
80,850.89,929.67,3,E,5,N
69,799.61,929.67,3,W,5,N
57,881.55,943.74,1,E,3,E
103,885.52,965.54,5,W,5,N
63,818.72,999.30,2,W,5,W
46,770.35,999.60,1,W,5,W
48,795.26,999.90,1,W,5,W
56,880.38,1015.60,1,E,5,E
47,780.66,1021.44,1,W,5,N
58,896.81,1022.04,1,E,5,N
29,858.47,1099.20,1,S,5,W