0 16.13 133.10 1 S 5 N
1 23.72 134.10 1 S 5 N
2 43.24 218.80 1 S 5 N
3 49.62 219.80 1 S 5 N
4 55.52 220.80 1 S 5 N
5 56.21 221.80 1 S 5 N
6 62.81 222.80 1 S 5 N
7 70.20 223.80 1 S 5 N
8 70.56 224.80 1 S 5 N
9 71.80 225.80 1 S 5 N
10 79.53 226.80 1 S 5 N
11 97.21 227.80 1 S 5 N
12 102.48 228.80 1 S 5 N
13 105.23 229.80 1 S 5 N
14 109.47 230.80 1 S 5 N
15 120.24 233.20 1 S 5 N
16 128.11 234.20 1 S 5 N
17 132.31 235.20 1 S 5 N
18 137.39 318.70 1 S 5 N
19 145.41 319.70 1 S 5 N
20 162.76 320.70 1 S 5 N
21 169.08 321.70 1 S 5 N
22 169.34 322.70 1 S 5 N
23 226.32 333.30 1 S 5 N
24 235.48 334.30 1 S 5 N
25 241.73 418.60 1 S 5 N
26 257.54 419.60 1 S 5 N
27 262.49 420.60 1 S 5 N
28 264.16 421.60 1 S 5 N
29 269.58 422.60 1 S 5 N
30 279.30 423.60 1 S 5 N
31 282.25 424.60 1 S 5 N
32 289.44 425.60 1 S 5 N
33 296.11 426.60 1 S 5 N
34 347.89 518.50 1 S 5 N
35 348.21 519.50 1 S 5 N
36 363.98 520.50 1 S 5 N
37 366.55 521.50 1 S 5 N
38 372.42 522.50 1 S 5 N
39 386.17 523.50 1 S 5 N
40 393.63 524.50 1 S 5 N
41 411.06 525.50 1 S 5 N
42 412.66 526.50 1 S 5 N
43 421.77 533.50 1 S 5 N
44 439.65 618.40 1 S 5 N
45 446.09 619.40 1 S 5 N
46 454.73 620.40 1 S 5 N
47 464.57 621.40 1 S 5 N
48 464.84 622.40 1 S 5 N
49 470.91 623.40 1 S 5 N
50 471.86 624.40 1 S 5 N
51 488.02 625.40 1 S 5 N
52 497.84 626.40 1 S 5 N
53 513.46 627.40 1 S 5 N
54 587.78 718.30 1 S 5 N
55 594.64 719.30 1 S 5 N
56 604.48 720.30 1 S 5 N
57 613.33 721.30 1 S 5 N
58 628.68 733.70 1 S 5 N
59 631.91 734.70 1 S 5 N
60 634.19 735.70 1 S 5 N
61 635.44 736.70 1 S 5 N
62 644.15 818.20 1 S 5 N
63 655.33 819.20 1 S 5 N
64 657.95 820.20 1 S 5 N
65 659.64 821.20 1 S 5 N
66 668.58 822.20 1 S 5 N
67 673.66 823.20 1 S 5 N
68 682.33 824.20 1 S 5 N
69 724.06 833.80 1 S 5 N
70 778.14 918.10 1 S 5 N
71 781.96 919.10 1 S 5 N
72 784.28 920.10 1 S 5 N
73 785.70 921.10 1 S 5 N
74 799.20 922.10 1 S 5 N
75 803.24 923.10 1 S 5 N
76 812.07 924.10 1 S 5 N
77 819.96 933.90 1 S 5 N
78 830.49 934.90 1 S 5 N
79 833.94 935.90 1 S 5 N
80 838.13 936.90 1 S 5 N
81 844.80 1018.00 1 S 5 N
82 853.55 1019.00 1 S 5 N
83 857.07 1020.00 1 S 5 N
84 864.48 1021.00 1 S 5 N
85 865.72 1022.00 1 S 5 N
86 867.87 1023.00 1 S 5 N
87 876.19 1024.00 1 S 5 N
88 882.23 1025.00 1 S 5 N
89 889.37 1026.00 1 S 5 N
90 901.91 1027.00 1 S 5 N
91 918.28 1034.00 1 S 5 N
92 991.63 1117.90 1 S 5 N
93 992.75 1118.90 1 S 5 N
94 1001.85 1119.90 1 S 5 N
95 1005.32 1120.90 1 S 5 N
96 1022.41 1134.10 1 S 5 N
97 1032.28 1135.10 1 S 5 N
98 1090.78 1217.80 1 S 5 N
99 1100.65 1218.80 1 S 5 N
100 1120.38 1234.20 1 S 5 N
101 1125.69 1235.20 1 S 5 N
102 1169.53 1317.70 1 S 5 N
103 1172.91 1318.70 1 S 5 N
104 1180.10 1319.70 1 S 5 N
105 1185.15 1320.70 1 S 5 N
106 1198.88 1321.70 1 S 5 N
107 1207.59 1322.70 1 S 5 N
108 1217.60 1334.30 1 S 5 N
109 1220.32 1335.30 1 S 5 N
110 1225.99 1336.30 1 S 5 N
111 1278.96 1417.60 1 S 5 N
112 1282.49 1418.60 1 S 5 N
113 1286.47 1419.60 1 S 5 N
114 1293.56 1420.60 1 S 5 N
115 1295.44 1421.60 1 S 5 N
116 1313.75 1422.60 1 S 5 N
117 1319.43 1434.40 1 S 5 N
118 1327.14 1435.40 1 S 5 N
119 1401.99 1517.50 1 S 5 N
120 1410.16 1518.50 1 S 5 N
121 1461.16 1617.40 1 S 5 N
122 1471.07 1618.40 1 S 5 N
123 1473.71 1619.40 1 S 5 N
124 1476.93 1620.40 1 S 5 N
125 1484.98 1621.40 1 S 5 N
126 1485.42 1622.40 1 S 5 N
127 1485.79 1623.40 1 S 5 N
128 1488.78 1624.40 1 S 5 N
129 1508.70 1625.40 1 S 5 N
130 1513.05 1626.40 1 S 5 N
131 1514.93 1627.40 1 S 5 N
132 1522.15 1634.60 1 S 5 N
133 1528.90 1635.60 1 S 5 N
134 1530.66 1636.60 1 S 5 N
135 1540.63 1637.60 1 S 5 N
136 1550.73 1717.30 1 S 5 N
137 1555.18 1718.30 1 S 5 N
138 1561.55 1719.30 1 S 5 N
139 1571.53 1720.30 1 S 5 N
140 1620.07 1734.70 1 S 5 N
141 1628.95 1735.70 1 S 5 N
142 1640.08 1736.70 1 S 5 N
143 1640.41 1737.70 1 S 5 N
144 1645.26 1817.20 1 S 5 N
145 1652.88 1818.20 1 S 5 N
146 1656.39 1819.20 1 S 5 N
147 1706.77 1820.20 1 S 5 N
148 1712.53 1821.20 1 S 5 N
149 1727.38 1834.80 1 S 5 N
150 1732.12 1835.80 1 S 5 N
151 1741.85 1836.80 1 S 5 N
152 1754.25 1917.10 1 S 5 N
153 1755.26 1918.10 1 S 5 N
154 1762.13 1919.10 1 S 5 N
155 1779.75 1920.10 1 S 5 N
156 1795.12 1921.10 1 S 5 N
157 1797.57 1922.10 1 S 5 N
158 1813.11 1923.10 1 S 5 N
159 1879.18 2017.00 1 S 5 N
160 1884.61 2018.00 1 S 5 N
161 1892.12 2019.00 1 S 5 N
162 1900.12 2020.00 1 S 5 N
163 1906.58 2021.00 1 S 5 N
164 1909.88 2022.00 1 S 5 N
165 1910.72 2023.00 1 S 5 N
166 1917.24 2035.00 1 S 5 N
167 1924.68 2036.00 1 S 5 N
168 1931.95 2037.00 1 S 5 N
169 1940.65 2038.00 1 S 5 N
170 1943.72 2116.90 1 S 5 N
171 1945.43 2117.90 1 S 5 N
172 1959.10 2118.90 1 S 5 N
173 1972.61 2119.90 1 S 5 N
174 1975.11 2120.90 1 S 5 N
175 2025.37 2135.10 1 S 5 N
176 2105.22 2216.80 1 S 5 N
177 2123.34 2235.20 1 S 5 N
178 2137.49 2236.20 1 S 5 N
179 2143.13 2237.20 1 S 5 N
180 2146.68 2316.70 1 S 5 N
181 2151.98 2317.70 1 S 5 N
182 2156.45 2318.70 1 S 5 N
183 2157.63 2319.70 1 S 5 N
184 2159.92 2320.70 1 S 5 N
185 2169.76 2321.70 1 S 5 N
186 2174.94 2322.70 1 S 5 N
187 2178.37 2323.70 1 S 5 N
188 2190.12 2324.70 1 S 5 N
189 2204.47 2325.70 1 S 5 N
190 2213.80 2326.70 1 S 5 N
191 2228.55 2335.30 1 S 5 N
192 2238.03 2336.30 1 S 5 N
193 2247.98 2416.60 1 S 5 N
194 2252.09 2417.60 1 S 5 N
195 2254.40 2418.60 1 S 5 N
196 2259.49 2419.60 1 S 5 N
197 2311.11 2420.60 1 S 5 N
198 2320.60 2435.40 1 S 5 N
199 2394.55 2516.50 1 S 5 N
200 2395.78 2517.50 1 S 5 N
201 2397.16 2518.50 1 S 5 N
202 2443.87 2535.50 1 S 5 N
203 2463.50 2616.40 1 S 5 N
204 2469.50 2617.40 1 S 5 N
205 2478.77 2618.40 1 S 5 N
206 2482.34 2619.40 1 S 5 N
207 2538.79 2635.60 1 S 5 N
208 2547.51 2716.30 1 S 5 N
209 2554.24 2717.30 1 S 5 N
210 2560.31 2718.30 1 S 5 N
211 2569.99 2719.30 1 S 5 N
212 2577.12 2720.30 1 S 5 N
213 2577.86 2721.30 1 S 5 N
214 2581.18 2722.30 1 S 5 N
215 2596.44 2723.30 1 S 5 N
216 2604.94 2724.30 1 S 5 N
217 2617.36 2735.70 1 S 5 N
218 2617.55 2736.70 1 S 5 N
219 2625.48 2737.70 1 S 5 N
220 2695.67 2816.20 1 S 5 N
221 2703.46 2817.20 1 S 5 N
222 2712.65 2818.20 1 S 5 N
223 2719.06 2835.80 1 S 5 N
224 2724.60 2836.80 1 S 5 N
225 2731.35 2837.80 1 S 5 N
226 2740.45 2838.80 1 S 5 N
227 2742.01 2839.80 1 S 5 N
228 2748.72 2916.10 1 S 5 N
229 2753.84 2917.10 1 S 5 N
230 2760.80 2918.10 1 S 5 N
231 2764.35 2919.10 1 S 5 N
232 2772.38 2920.10 1 S 5 N
233 2783.65 2921.10 1 S 5 N
234 2790.88 2922.10 1 S 5 N
235 2798.38 2923.10 1 S 5 N
236 2807.17 2924.10 1 S 5 N
237 2809.28 2925.10 1 S 5 N
238 2812.26 2935.90 1 S 5 N
239 2818.53 2936.90 1 S 5 N
240 2819.99 2937.90 1 S 5 N
241 2821.20 2938.90 1 S 5 N
242 2832.48 2939.90 1 S 5 N
243 2841.73 2940.90 1 S 5 N
244 2855.80 3016.00 1 S 5 N
245 2871.72 3017.00 1 S 5 N
246 2877.27 3018.00 1 S 5 N
247 2882.58 3019.00 1 S 5 N
248 2891.95 3020.00 1 S 5 N
249 2900.09 3021.00 1 S 5 N
250 2914.76 3022.00 1 S 5 N
251 2923.34 3036.00 1 S 5 N
252 2926.08 3037.00 1 S 5 N
253 2933.74 3038.00 1 S 5 N
254 3013.03 3115.90 1 S 5 N
255 3028.41 3136.10 1 S 5 N
256 3036.83 3137.10 1 S 5 N
257 3041.46 3138.10 1 S 5 N
258 3056.50 3215.80 1 S 5 N
259 3066.49 3216.80 1 S 5 N
260 3080.62 3217.80 1 S 5 N
261 3130.71 3236.20 1 S 5 N
262 3205.29 3315.70 1 S 5 N
263 3208.72 3316.70 1 S 5 N
264 3208.84 3317.70 1 S 5 N
265 3213.22 3318.70 1 S 5 N
266 3262.58 3415.60 1 S 5 N
267 3305.75 3416.60 1 S 5 N
268 3310.35 3417.60 1 S 5 N
269 3328.10 3436.40 1 S 5 N
270 3332.89 3437.40 1 S 5 N
271 3341.60 3438.40 1 S 5 N
272 3348.47 3439.40 1 S 5 N
273 3353.85 3515.50 1 S 5 N
274 3359.33 3516.50 1 S 5 N
275 3360.70 3517.50 1 S 5 N
276 3368.12 3518.50 1 S 5 N
277 3377.21 3519.50 1 S 5 N
278 3378.11 3520.50 1 S 5 N
279 3386.05 3521.50 1 S 5 N
280 3395.69 3536.50 1 S 5 N
281 3399.14 3537.50 1 S 5 N
282 3418.56 3538.50 1 S 5 N
283 3420.18 3539.50 1 S 5 N
284 3422.32 3540.50 1 S 5 N
285 3438.61 3541.50 1 S 5 N
286 3438.79 3542.50 1 S 5 N
287 3453.36 3615.40 1 S 5 N
288 3463.44 3616.40 1 S 5 N
289 3471.10 3617.40 1 S 5 N
290 3475.93 3618.40 1 S 5 N
291 3483.11 3619.40 1 S 5 N
292 3542.75 3636.60 1 S 5 N
293 3550.05 3637.60 1 S 5 N
294 3558.84 3715.30 1 S 5 N
295 3565.87 3716.30 1 S 5 N
296 3569.82 3717.30 1 S 5 N
297 3575.23 3718.30 1 S 5 N
298 3580.83 3719.30 1 S 5 N
299 3587.52 3720.30 1 S 5 N
300 3597.18 3721.30 1 S 5 N
301 3603.39 3736.70 1 S 5 N
302 3603.92 3737.70 1 S 5 N
303 3609.45 3738.70 1 S 5 N
304 3618.98 3739.70 1 S 5 N
305 3638.06 3740.70 1 S 5 N
306 3697.67 3815.20 1 S 5 N
307 3707.10 3816.20 1 S 5 N
308 3710.77 3817.20 1 S 5 N
309 3715.18 3818.20 1 S 5 N
310 3717.38 3819.20 1 S 5 N
311 3731.14 3836.80 1 S 5 N
312 3733.04 3837.80 1 S 5 N
313 3738.02 3838.80 1 S 5 N
314 3749.53 3839.80 1 S 5 N
315 3753.02 3915.10 1 S 5 N
316 3808.98 3916.10 1 S 5 N
317 3817.69 3917.10 1 S 5 N
318 3825.21 3936.90 1 S 5 N
319 3835.60 3937.90 1 S 5 N
320 3842.68 3938.90 1 S 5 N
321 3845.10 3939.90 1 S 5 N
322 3850.07 3940.90 1 S 5 N
323 3856.71 4015.00 1 S 5 N
324 3865.98 4016.00 1 S 5 N
325 3874.83 4017.00 1 S 5 N
326 3881.87 4018.00 1 S 5 N
327 3889.59 4019.00 1 S 5 N
328 3897.22 4020.00 1 S 5 N
329 3898.84 4037.00 1 S 5 N
330 3898.98 4038.00 1 S 5 N
331 3906.28 4039.00 1 S 5 N
332 3916.00 4040.00 1 S 5 N
333 3924.97 4041.00 1 S 5 N
334 3931.79 4042.00 1 S 5 N
335 3950.55 4043.00 1 S 5 N
336 3958.16 4114.90 1 S 5 N
337 3959.79 4115.90 1 S 5 N
338 3968.03 4116.90 1 S 5 N
339 3971.39 4117.90 1 S 5 N
340 3976.48 4118.90 1 S 5 N
341 3983.86 4137.10 1 S 5 N
342 3992.01 4138.10 1 S 5 N
343 4004.52 4139.10 1 S 5 N
344 4008.73 4140.10 1 S 5 N
345 4020.15 4141.10 1 S 5 N
346 4027.06 4142.10 1 S 5 N
347 4038.90 4143.10 1 S 5 N
348 4044.57 4144.10 1 S 5 N
349 4058.80 4214.80 1 S 5 N
350 4059.68 4215.80 1 S 5 N
351 4070.70 4216.80 1 S 5 N
352 4079.29 4217.80 1 S 5 N
353 4095.76 4218.80 1 S 5 N
354 4098.81 4237.20 1 S 5 N
355 4099.78 4238.20 1 S 5 N
356 4106.44 4239.20 1 S 5 N
357 4116.25 4240.20 1 S 5 N
358 4132.01 4241.20 1 S 5 N
359 4141.21 4242.20 1 S 5 N
360 4158.39 4314.70 1 S 5 N
361 4207.28 4315.70 1 S 5 N
362 4277.09 4414.60 1 S 5 N
363 4278.16 4415.60 1 S 5 N
364 4285.82 4416.60 1 S 5 N
365 4291.18 4417.60 1 S 5 N
366 4299.30 4437.40 1 S 5 N
367 4375.83 4514.50 1 S 5 N
368 4381.34 4515.50 1 S 5 N
369 4383.64 4516.50 1 S 5 N
370 4385.69 4517.50 1 S 5 N
371 4405.17 4537.50 1 S 5 N
372 4407.74 4538.50 1 S 5 N
373 4487.05 4614.40 1 S 5 N
374 4487.88 4615.40 1 S 5 N
375 4496.05 4616.40 1 S 5 N
376 4558.25 4714.30 1 S 5 N
377 4567.15 4715.30 1 S 5 N
378 4572.45 4716.30 1 S 5 N
379 4578.54 4717.30 1 S 5 N
380 4593.50 4737.70 1 S 5 N
381 4670.25 4814.20 1 S 5 N
382 4678.58 4815.20 1 S 5 N
383 4691.68 4816.20 1 S 5 N
384 4709.13 4837.80 1 S 5 N
385 4723.52 4838.80 1 S 5 N
386 4726.52 4839.80 1 S 5 N
387 4733.58 4840.80 1 S 5 N
388 4737.69 4841.80 1 S 5 N
389 4740.32 4842.80 1 S 5 N
390 4750.21 4843.80 1 S 5 N
391 4755.94 4914.10 1 S 5 N
392 4768.41 4915.10 1 S 5 N
393 4783.16 4916.10 1 S 5 N
394 4797.73 4937.90 1 S 5 N
395 4807.57 4938.90 1 S 5 N
396 4819.89 4939.90 1 S 5 N
397 4827.04 4940.90 1 S 5 N
398 4836.34 4941.90 1 S 5 N
399 4838.55 4942.90 1 S 5 N
400 4890.61 5014.00 1 S 5 N
401 4901.00 5015.00 1 S 5 N
402 4917.41 5016.00 1 S 5 N
403 4931.44 5038.00 1 S 5 N
404 4943.77 5039.00 1 S 5 N
405 4946.24 5040.00 1 S 5 N
406 4963.20 5113.90 1 S 5 N
407 5025.62 5138.10 1 S 5 N
408 5102.55 5213.80 1 S 5 N
409 5168.89 5313.70 1 S 5 N
410 5175.21 5314.70 1 S 5 N
411 5182.04 5338.30 1 S 5 N
412 5225.30 5339.30 1 S 5 N
413 5226.25 5340.30 1 S 5 N
414 5235.98 5341.30 1 S 5 N
415 5236.99 5342.30 1 S 5 N
416 5246.32 5343.30 1 S 5 N
417 5250.75 5344.30 1 S 5 N
418 5292.62 5413.60 1 S 5 N
419 5304.95 5438.40 1 S 5 N
420 5309.18 5439.40 1 S 5 N
421 5317.50 5440.40 1 S 5 N
422 5321.59 5441.40 1 S 5 N
423 5328.82 5442.40 1 S 5 N
424 5333.44 5443.40 1 S 5 N
425 5342.85 5444.40 1 S 5 N
426 5355.64 5445.40 1 S 5 N
427 5364.31 5513.50 1 S 5 N
428 5375.09 5538.50 1 S 5 N
429 5384.84 5539.50 1 S 5 N
430 5388.19 5540.50 1 S 5 N
431 5393.58 5541.50 1 S 5 N
432 5437.04 5542.50 1 S 5 N
433 5444.01 5543.50 1 S 5 N
434 5461.73 5613.40 1 S 5 N
435 5462.32 5638.60 1 S 5 N
436 5470.19 5639.60 1 S 5 N
437 5474.43 5640.60 1 S 5 N
438 5490.55 5641.60 1 S 5 N
439 5507.78 5642.60 1 S 5 N
440 5512.99 5643.60 1 S 5 N
441 5521.21 5644.60 1 S 5 N
442 5527.59 5645.60 1 S 5 N
443 5529.31 5646.60 1 S 5 N
444 5538.02 5647.60 1 S 5 N
445 5547.78 5648.60 1 S 5 N
446 5552.12 5649.60 1 S 5 N
447 5558.29 5713.30 1 S 5 N
448 5619.27 5738.70 1 S 5 N
449 5627.48 5739.70 1 S 5 N
450 5636.78 5740.70 1 S 5 N
451 5645.92 5741.70 1 S 5 N
452 5651.21 5742.70 1 S 5 N
453 5652.96 5743.70 1 S 5 N
454 5654.55 5744.70 1 S 5 N
455 5664.00 5838.80 1 S 5 N
456 5704.41 5839.80 1 S 5 N
457 5706.36 5840.80 1 S 5 N
458 5710.27 5841.80 1 S 5 N
459 5716.27 5842.80 1 S 5 N
460 5721.90 5843.80 1 S 5 N
461 5736.74 5844.80 1 S 5 N
462 5745.72 5845.80 1 S 5 N
463 5764.39 5938.90 1 S 5 N
464 5765.71 5939.90 1 S 5 N
465 5780.78 5940.90 1 S 5 N
466 5787.40 5941.90 1 S 5 N
467 5803.46 5942.90 1 S 5 N
468 5807.65 5943.90 1 S 5 N
469 5815.91 5944.90 1 S 5 N
470 5818.89 5945.90 1 S 5 N
471 5878.62 6039.00 1 S 5 N
472 5884.77 6040.00 1 S 5 N
473 5888.59 6041.00 1 S 5 N
474 5899.51 6042.00 1 S 5 N
475 5899.82 6043.00 1 S 5 N
476 5905.41 6044.00 1 S 5 N
477 5908.92 6045.00 1 S 5 N
478 5917.43 6046.00 1 S 5 N
479 5935.40 6047.00 1 S 5 N
480 5944.26 6048.00 1 S 5 N
481 5949.39 6049.00 1 S 5 N
482 5950.90 6050.00 1 S 5 N
483 5964.04 6139.10 1 S 5 N
484 5981.86 6140.10 1 S 5 N
485 5983.60 6141.10 1 S 5 N
486 5996.04 6142.10 1 S 5 N
487 6000.22 6143.10 1 S 5 N