id,enter_time,exit_time,entrance_intersection,entrance_direction,exit_intersection,exit_direction
1,1.12,15.26,1,S,1,E
0,0.14,40.39,1,S,2,E
459,6.12,66.14,5,W,5,N
460,7.42,66.44,5,W,5,N
461,8.29,66.74,5,W,5,N
462,24.78,67.04,5,W,5,N
463,42.80,67.34,5,W,5,N
464,44.22,67.64,5,W,5,N
465,70.16,76.29,5,W,5,N
466,70.39,76.52,5,W,5,N
467,71.86,78.00,5,W,5,N
572,52.36,80.14,5,E,5,N
573,62.10,80.44,5,E,5,N
2,47.39,100.40,1,S,1,W
4,50.71,100.70,1,S,1,W
16,113.06,127.19,1,S,1,E
422,1.06,130.97,3,E,5,N
398,65.64,131.27,3,W,5,N
423,8.93,131.27,3,E,5,N
292,54.43,139.47,1,E,3,E
426,78.23,140.00,3,E,5,N
468,78.77,166.04,5,W,5,N
469,85.80,166.34,5,W,5,N
470,101.66,166.64,5,W,5,N
471,114.31,166.94,5,W,5,N
472,115.94,167.24,5,W,5,N
473,117.65,167.54,5,W,5,N
474,119.62,167.84,5,W,5,N
475,122.06,168.14,5,W,5,N
476,122.94,168.44,5,W,5,N
477,124.02,168.74,5,W,5,N
478,125.06,169.04,5,W,5,N
479,126.64,169.34,5,W,5,N
480,127.89,169.64,5,W,5,N
481,152.96,169.94,5,W,5,N
482,154.71,170.24,5,W,5,N
574,102.48,180.04,5,E,5,N
575,147.81,180.34,5,E,5,N
8,95.32,199.60,1,S,3,W
424,17.23,199.80,3,E,5,W
425,76.28,200.10,3,E,5,W
193,111.38,200.20,1,W,2,W
195,114.51,200.20,1,W,2,E
375,51.89,200.40,2,E,5,W
181,33.36,200.70,1,W,5,W
12,101.00,200.80,1,S,1,W
183,44.54,201.00,1,W,5,W
13,102.71,201.10,1,S,1,W
184,53.57,201.30,1,W,5,W
14,107.50,201.40,1,S,1,W
186,63.20,201.60,1,W,5,W
17,113.51,201.70,1,S,1,W
289,1.10,201.90,1,E,5,W
22,161.80,202.00,1,S,1,W
290,47.73,202.20,1,E,5,W
293,58.79,202.50,1,E,5,W
299,176.49,202.60,1,E,2,W
294,69.47,202.80,1,E,5,W
30,201.74,215.87,1,S,1,E
374,13.47,221.94,2,E,5,N
348,12.89,222.24,2,W,5,N
349,93.57,222.54,2,W,5,N
179,16.56,222.84,1,W,5,N
180,17.84,223.14,1,W,5,N
182,34.92,223.44,1,W,5,N
185,60.55,223.74,1,W,5,N
291,50.58,224.04,1,E,5,N
295,73.11,224.34,1,E,5,N
296,74.72,224.64,1,E,5,N
36,212.59,226.72,1,S,1,E
38,215.28,229.42,1,S,1,E
427,108.63,230.77,3,E,5,N
399,118.44,231.07,3,W,5,N
400,169.17,231.37,3,W,5,N
428,109.78,231.67,3,E,5,N
429,110.93,231.97,3,E,5,N
430,149.65,232.27,3,E,5,N
44,219.63,233.77,1,S,1,E
202,157.33,241.07,1,W,3,E
298,110.55,241.67,1,E,3,W
483,177.60,265.94,5,W,5,N
484,224.86,266.24,5,W,5,N
485,239.39,266.54,5,W,5,N
486,240.03,266.84,5,W,5,N
487,240.57,267.14,5,W,5,N
488,241.36,267.44,5,W,5,N
489,244.08,267.74,5,W,5,N
490,244.46,268.04,5,W,5,N
491,246.11,268.34,5,W,5,N
492,248.66,268.64,5,W,5,N
493,249.67,268.94,5,W,5,N
494,252.19,269.24,5,W,5,N
495,260.95,269.54,5,W,5,N
496,261.92,269.84,5,W,5,N
497,264.71,270.85,5,W,5,N
498,266.91,273.05,5,W,5,N
576,201.49,279.94,5,E,5,N
577,218.48,280.24,5,E,5,N
578,223.59,280.54,5,E,5,N
579,223.86,280.84,5,E,5,N
580,227.38,281.14,5,E,5,N
581,239.97,281.44,5,E,5,N
24,163.92,299.40,1,S,3,E
582,293.30,299.44,5,E,5,N
431,186.74,299.70,3,E,5,W
3,47.59,300.00,1,S,5,W
6,60.56,300.30,1,S,5,W
11,99.66,300.60,1,S,5,W
350,107.51,300.90,2,W,5,W
29,200.98,301.20,1,S,1,W
351,194.38,301.20,2,W,5,W
35,211.29,301.50,1,S,1,W
19,118.61,301.50,1,S,5,W
45,222.40,301.80,1,S,1,W
187,68.90,301.80,1,W,5,W
53,270.14,302.10,1,S,1,W
190,92.81,302.10,1,W,5,W
59,280.33,302.40,1,S,1,W
191,94.54,302.40,1,W,5,W
62,283.75,302.70,1,S,1,W
201,157.26,302.70,1,W,5,W
583,296.75,302.89,5,E,5,N
198,121.61,315.70,1,W,5,E
5,53.56,321.84,1,S,5,N
7,61.80,322.14,1,S,5,N
9,96.87,322.44,1,S,5,N
10,97.85,322.74,1,S,5,N
376,101.13,323.04,2,E,5,N
377,116.39,323.34,2,E,5,N
378,161.93,323.64,2,E,5,N
15,108.27,323.94,1,S,5,N
18,118.53,324.24,1,S,5,N
401,225.99,324.43,3,W,5,E
188,89.78,324.54,1,W,5,N
189,91.78,324.84,1,W,5,N
192,94.84,325.14,1,W,5,N
194,113.57,325.44,1,W,5,N
196,118.14,325.74,1,W,5,N
197,118.30,326.04,1,W,5,N
199,123.60,326.34,1,W,5,N
200,149.11,326.64,1,W,5,N
297,101.03,326.94,1,E,5,N
432,227.32,330.57,3,E,5,N
433,243.37,330.87,3,E,5,N
402,254.92,331.17,3,W,5,N
435,256.37,331.47,3,E,5,N
34,209.85,336.67,1,S,3,E
403,277.18,338.95,3,W,5,N
55,272.04,340.42,1,S,2,W
60,281.85,341.62,1,S,2,E
499,276.22,365.84,5,W,5,N
500,289.13,366.14,5,W,5,N
501,293.12,366.44,5,W,5,N
502,293.38,366.74,5,W,5,N
503,295.77,367.04,5,W,5,N
504,297.24,367.34,5,W,5,N
505,297.56,367.64,5,W,5,N
506,314.50,367.94,5,W,5,N
507,316.20,368.24,5,W,5,N
508,331.90,368.54,5,W,5,N
509,339.44,368.84,5,W,5,N
584,321.28,379.84,5,E,5,N
585,322.28,380.14,5,E,5,N
300,194.31,399.60,1,E,5,W
434,249.76,399.90,3,E,5,W
21,161.72,400.20,1,S,5,W
307,307.09,400.40,1,E,2,W
23,163.39,400.50,1,S,5,W
308,310.46,400.70,1,E,2,W
26,166.32,400.80,1,S,5,W
31,201.89,401.10,1,S,5,W
32,204.55,401.40,1,S,5,W
68,322.37,401.60,1,S,1,W
353,219.02,401.70,2,W,5,W
586,395.74,401.88,5,E,5,N
69,323.86,401.90,1,S,1,W
355,264.52,402.00,2,W,5,W
587,396.02,402.16,5,E,5,N
74,333.57,402.20,1,S,1,W
33,206.47,402.30,1,S,5,W
84,346.21,402.50,1,S,1,W
39,215.74,402.60,1,S,5,W
588,396.73,402.87,5,E,5,N
46,223.81,402.90,1,S,5,W
47,225.11,403.20,1,S,5,W
49,229.17,403.50,1,S,5,W
206,206.10,403.80,1,W,5,W
211,244.65,404.10,1,W,5,W
303,279.77,404.40,1,E,5,W
379,209.69,415.60,2,E,5,E
313,392.36,418.48,1,E,2,W
20,159.77,421.74,1,S,5,N
25,165.73,422.04,1,S,5,N
27,169.08,422.34,1,S,5,N
28,200.32,422.64,1,S,5,N
352,208.06,422.94,2,W,5,N
380,259.04,423.24,2,E,5,N
354,239.24,423.54,2,W,5,N
356,277.76,423.84,2,W,5,N
37,213.29,424.14,1,S,5,N
40,216.03,424.44,1,S,5,N
41,216.53,424.74,1,S,5,N
42,217.58,425.04,1,S,5,N
43,218.99,425.34,1,S,5,N
48,226.37,425.64,1,S,5,N
50,232.57,425.94,1,S,5,N
51,236.92,426.24,1,S,5,N
52,237.43,426.54,1,S,5,N
203,167.47,426.84,1,W,5,N
204,175.26,427.14,1,W,5,N
205,191.77,427.44,1,W,5,N
207,207.84,427.74,1,W,5,N
208,211.32,428.04,1,W,5,N
209,211.67,428.34,1,W,5,N
210,237.52,428.64,1,W,5,N
301,234.35,428.94,1,E,5,N
302,273.99,429.24,1,E,5,N
304,294.02,429.54,1,E,5,N
404,336.60,430.37,3,W,5,N
437,352.58,430.67,3,E,5,N
406,366.58,430.97,3,W,5,N
217,331.10,442.47,1,W,3,E
309,344.74,443.97,1,E,3,W
104,434.64,448.78,1,S,1,E
438,393.77,455.54,3,E,5,N
314,394.33,456.52,1,E,3,E
439,394.92,456.69,3,E,5,N
510,377.59,465.74,5,W,5,N
511,391.35,466.04,5,W,5,N
512,402.32,466.34,5,W,5,N
513,412.72,466.64,5,W,5,N
514,414.70,466.94,5,W,5,N
515,416.15,467.24,5,W,5,N
516,416.50,467.54,5,W,5,N
517,417.13,467.84,5,W,5,N
518,418.85,468.14,5,W,5,N
519,421.99,468.44,5,W,5,N
520,441.38,468.74,5,W,5,N
589,416.72,479.74,5,E,5,N
590,422.72,480.04,5,E,5,N
591,424.16,480.34,5,E,5,N
592,466.95,480.64,5,E,5,N
593,473.06,480.94,5,E,5,N
95,387.48,499.00,1,S,3,E
436,302.16,499.50,3,E,5,W
405,365.09,499.80,3,W,5,W
407,396.05,500.10,3,W,5,W
57,276.98,500.40,1,S,5,W
99,392.14,500.50,1,S,2,W
359,344.41,500.70,2,W,5,W
315,455.42,500.80,1,E,2,W
360,372.42,501.00,2,W,5,W
383,400.39,501.30,2,E,5,W
64,317.36,501.60,1,S,5,W
70,325.08,501.90,1,S,5,W
101,428.96,502.00,1,S,1,W
71,326.82,502.20,1,S,5,W
103,429.17,502.30,1,S,1,W
72,329.83,502.50,1,S,5,W
105,472.95,502.60,1,S,1,W
75,334.96,502.80,1,S,5,W
106,475.21,502.90,1,S,1,W
79,336.03,503.10,1,S,5,W
213,279.75,503.40,1,W,5,W
214,282.84,503.70,1,W,5,W
310,355.52,504.00,1,E,5,W
312,387.14,504.96,1,E,5,W
110,490.98,505.12,1,S,1,W
111,491.36,514.80,1,S,1,E
113,493.59,515.10,1,S,1,E
54,270.42,521.64,1,S,5,N
56,274.02,521.94,1,S,5,N
58,278.83,522.24,1,S,5,N
61,282.31,522.54,1,S,5,N
357,313.34,522.84,2,W,5,N
358,323.53,523.14,2,W,5,N
381,307.69,523.44,2,E,5,N
382,354.96,523.74,2,E,5,N
63,316.51,524.04,1,S,5,N
65,318.57,524.34,1,S,5,N
66,320.34,524.64,1,S,5,N
67,321.15,524.94,1,S,5,N
73,331.23,525.24,1,S,5,N
76,335.11,525.54,1,S,5,N
77,335.61,525.84,1,S,5,N
78,335.75,526.14,1,S,5,N
80,336.84,526.44,1,S,5,N
212,265.65,526.74,1,W,5,N
215,296.58,527.04,1,W,5,N
216,313.62,527.34,1,W,5,N
218,339.82,527.64,1,W,5,N
219,360.79,527.94,1,W,5,N
305,304.50,528.24,1,E,5,N
306,305.30,528.54,1,E,5,N
311,359.72,528.84,1,E,5,N
408,465.98,530.17,3,W,5,N
440,432.21,530.47,3,E,5,N
441,448.23,530.47,3,E,5,N
231,430.63,540.77,1,W,3,E
409,481.52,543.29,3,W,5,N
122,502.85,544.52,1,S,2,W
521,490.06,565.64,5,W,5,N
522,490.48,565.94,5,W,5,N
523,527.83,566.24,5,W,5,N
524,535.93,566.54,5,W,5,N
525,543.32,566.84,5,W,5,N
526,543.34,567.14,5,W,5,N
527,544.17,567.44,5,W,5,N
594,515.98,579.64,5,E,5,N
595,564.76,579.94,5,E,5,N
85,348.91,599.40,1,S,5,W
87,352.39,599.70,1,S,5,W
89,355.38,600.00,1,S,5,W
90,357.13,600.30,1,S,5,W
384,416.46,600.60,2,E,5,W
248,562.09,600.60,1,W,2,W
385,459.50,600.90,2,E,5,W
250,564.63,600.90,1,W,2,W
363,468.59,601.20,2,W,5,W
98,391.29,601.50,1,S,5,W
220,382.84,601.80,1,W,5,W
222,402.30,602.10,1,W,5,W
224,413.15,602.40,1,W,5,W
125,505.99,602.40,1,S,1,W
225,420.82,602.70,1,W,5,W
127,508.92,602.70,1,S,1,W
227,424.07,603.00,1,W,5,W
133,559.54,603.00,1,S,1,W
233,451.30,603.30,1,W,5,W
140,571.29,603.30,1,S,1,W
235,463.32,603.60,1,W,5,W
143,575.37,603.60,1,S,1,W
316,472.14,603.90,1,E,5,W
138,564.13,615.20,1,S,1,E
83,345.37,615.40,1,S,5,E
364,494.38,615.70,2,W,5,E
228,425.66,616.00,1,W,5,E
318,486.02,616.30,1,E,5,E
81,338.17,621.54,1,S,5,N
82,345.21,621.84,1,S,5,N
86,350.53,622.14,1,S,5,N
88,355.00,622.44,1,S,5,N
91,383.38,622.74,1,S,5,N
92,385.85,623.04,1,S,5,N
93,386.44,623.34,1,S,5,N
94,386.84,623.64,1,S,5,N
96,388.63,623.94,1,S,5,N
97,389.69,624.24,1,S,5,N
361,407.64,624.54,2,W,5,N
362,435.23,624.84,2,W,5,N
100,393.46,625.14,1,S,5,N
102,428.97,625.44,1,S,5,N
221,386.78,625.74,1,W,5,N
223,409.55,626.04,1,W,5,N
226,422.28,626.34,1,W,5,N
229,427.29,626.64,1,W,5,N
230,428.89,626.94,1,W,5,N
232,436.80,627.24,1,W,5,N
234,452.06,627.54,1,W,5,N
317,481.96,627.84,1,E,5,N
319,496.49,628.14,1,E,5,N
320,500.18,628.44,1,E,5,N
442,502.02,629.97,3,E,5,N
411,553.12,630.27,3,W,5,N
410,531.87,630.27,3,W,5,N
446,578.82,634.45,3,E,5,E
445,573.40,635.17,3,E,5,N
128,509.82,637.27,1,S,3,W
129,517.31,637.57,1,S,3,W
239,487.02,638.77,1,W,3,E
130,556.26,641.32,1,S,2,W
134,560.29,642.22,1,S,2,W
324,555.25,642.67,1,E,3,E
528,573.20,665.54,5,W,5,N
529,580.43,665.84,5,W,5,N
530,588.90,666.14,5,W,5,N
531,599.11,666.44,5,W,5,N
532,612.72,666.74,5,W,5,N
533,641.93,667.04,5,W,5,N
534,643.19,667.34,5,W,5,N
535,644.83,667.64,5,W,5,N
536,647.76,667.94,5,W,5,N
537,648.20,668.24,5,W,5,N
538,650.75,668.54,5,W,5,N
539,652.49,668.84,5,W,5,N
596,612.85,679.54,5,E,5,N
597,614.64,679.84,5,E,5,N
598,615.86,680.14,5,E,5,N
599,615.87,680.44,5,E,5,N
600,686.69,692.83,5,E,5,N
139,565.58,698.60,1,S,3,W
443,511.20,699.30,3,E,5,W
444,520.24,699.60,3,E,5,W
412,574.77,699.90,3,W,5,W
114,494.66,700.20,1,S,5,W
115,495.95,700.50,1,S,5,W
116,497.93,700.80,1,S,5,W
119,500.47,701.10,1,S,5,W
121,501.32,701.40,1,S,5,W
386,502.94,701.70,2,E,5,W
366,585.56,702.00,2,W,5,W
388,594.72,702.30,2,E,5,W
124,505.38,702.60,1,S,5,W
145,607.03,702.80,1,S,1,W
238,470.27,702.90,1,W,5,W
150,636.97,703.10,1,S,1,W
240,488.47,703.20,1,W,5,W
154,648.14,703.40,1,S,1,W
241,494.68,703.50,1,W,5,W
242,501.86,703.80,1,W,5,W
243,520.90,704.10,1,W,5,W
244,522.15,704.40,1,W,5,W
245,528.16,704.70,1,W,5,W
247,558.34,705.00,1,W,5,W
325,560.44,705.30,1,E,5,W
117,499.39,715.30,1,S,5,E
387,547.24,715.60,2,E,5,E
157,651.29,715.60,1,S,1,E
126,507.89,715.90,1,S,5,E
107,476.94,721.44,1,S,5,N
108,482.85,721.74,1,S,5,N
109,490.02,722.04,1,S,5,N
112,492.61,722.34,1,S,5,N
118,500.37,722.64,1,S,5,N
120,501.15,722.94,1,S,5,N
123,503.19,723.24,1,S,5,N
365,506.25,723.54,2,W,5,N
367,596.51,723.84,2,W,5,N
236,466.63,724.14,1,W,5,N
237,469.12,724.44,1,W,5,N
246,543.94,724.74,1,W,5,N
249,563.69,725.04,1,W,5,N
321,507.01,725.34,1,E,5,N
322,525.73,725.64,1,E,5,N
323,554.70,725.94,1,E,5,N
326,580.59,726.24,1,E,5,N
327,589.03,726.54,1,E,5,N
328,591.71,726.84,1,E,5,N
329,595.54,727.14,1,E,5,N
447,635.81,729.77,3,E,5,N
413,649.73,730.07,3,W,5,N
448,652.38,730.37,3,E,5,N
369,697.28,733.35,2,W,3,E
163,723.44,737.58,1,S,1,E
540,675.37,765.44,5,W,5,N
541,676.13,765.74,5,W,5,N
542,676.17,766.04,5,W,5,N
543,679.91,766.34,5,W,5,N
544,681.83,766.64,5,W,5,N
545,682.63,766.94,5,W,5,N
546,717.09,767.24,5,W,5,N
547,719.38,767.54,5,W,5,N
548,721.14,767.84,5,W,5,N
549,731.99,768.14,5,W,5,N
550,734.31,768.44,5,W,5,N
551,748.21,768.74,5,W,5,N
552,749.06,769.04,5,W,5,N
553,749.79,769.34,5,W,5,N
554,769.14,775.27,5,W,5,N
601,739.38,779.44,5,E,5,N
602,749.02,779.74,5,E,5,N
603,765.36,780.04,5,E,5,N
604,766.84,780.34,5,E,5,N
605,767.44,780.64,5,E,5,N
137,563.80,799.20,1,S,5,W
144,575.94,799.50,1,S,5,W
391,682.73,799.80,2,E,5,W
368,682.88,800.10,2,W,5,W
147,635.45,800.40,1,S,5,W
148,636.16,800.70,1,S,5,W
151,638.60,801.00,1,S,5,W
251,590.18,801.30,1,W,5,W
255,623.30,801.60,1,W,5,W
257,626.73,801.90,1,W,5,W
259,642.16,802.20,1,W,5,W
332,685.25,803.07,1,E,5,W
165,755.49,803.20,1,S,1,W
333,689.21,807.03,1,E,5,W
131,557.39,815.20,1,S,5,E
389,607.59,815.50,2,E,5,E
132,557.98,821.34,1,S,5,N
135,560.63,821.64,1,S,5,N
136,563.44,821.94,1,S,5,N
141,573.77,822.24,1,S,5,N
142,574.12,822.54,1,S,5,N
390,650.75,822.84,2,E,5,N
146,633.80,823.14,1,S,5,N
149,636.84,823.44,1,S,5,N
252,593.92,823.74,1,W,5,N
253,613.59,824.04,1,W,5,N
254,614.20,824.34,1,W,5,N
256,625.22,824.64,1,W,5,N
258,628.28,824.94,1,W,5,N
260,661.82,825.24,1,W,5,N
261,662.97,825.54,1,W,5,N
262,666.04,825.84,1,W,5,N
330,663.30,826.14,1,E,5,N
331,665.89,826.44,1,E,5,N
334,697.97,826.74,1,E,5,N
414,707.87,829.57,3,W,5,N
449,709.09,829.87,3,E,5,N
415,727.91,829.87,3,W,5,N
452,713.98,830.47,3,E,5,N
454,749.97,831.07,3,E,5,N
272,750.56,840.17,1,W,3,W
555,776.69,865.34,5,W,5,N
556,778.64,865.64,5,W,5,N
557,809.38,865.94,5,W,5,N
558,811.09,866.24,5,W,5,N
559,836.62,866.54,5,W,5,N
560,838.28,866.84,5,W,5,N
561,844.99,867.14,5,W,5,N
562,855.24,867.44,5,W,5,N
563,855.70,867.74,5,W,5,N
564,868.12,874.26,5,W,5,N
606,816.42,879.34,5,E,5,N
607,834.74,879.64,5,E,5,N
450,710.64,899.10,3,E,5,W
416,732.24,899.40,3,W,5,W
451,712.32,899.70,3,E,5,W
453,730.79,900.00,3,E,5,W
152,639.98,900.30,1,S,5,W
155,649.20,900.60,1,S,5,W
156,651.09,900.90,1,S,5,W
276,769.52,900.90,1,W,2,W
160,691.09,901.20,1,S,5,W
281,796.12,901.20,1,W,2,W
392,726.17,901.50,2,E,5,W
371,713.51,901.80,2,W,5,W
372,716.01,902.10,2,W,5,W
162,722.97,902.40,1,S,5,W
264,682.74,902.70,1,W,5,W
269,718.49,903.00,1,W,5,W
270,726.98,903.30,1,W,5,W
273,763.90,903.60,1,W,5,W
174,820.07,903.60,1,S,1,W
336,709.42,903.90,1,E,5,W
337,715.22,904.20,1,E,5,W
340,792.41,910.23,1,E,5,W
394,808.29,913.07,2,E,3,E
393,762.91,915.10,2,E,5,E
267,701.99,915.40,1,W,5,E
339,758.99,915.70,1,E,5,E
335,700.70,921.24,1,E,5,N
153,647.69,921.54,1,S,5,N
158,652.82,921.84,1,S,5,N
159,690.11,922.14,1,S,5,N
161,691.79,922.44,1,S,5,N
370,701.15,922.74,2,W,5,N
164,723.75,923.04,1,S,5,N
263,680.85,923.34,1,W,5,N
265,684.47,923.64,1,W,5,N
266,700.49,923.94,1,W,5,N
268,703.50,924.24,1,W,5,N
271,734.07,924.54,1,W,5,N
274,765.81,924.84,1,W,5,N
338,729.44,925.14,1,E,5,N
455,806.74,929.37,3,E,5,N
417,800.98,929.67,3,W,5,N
456,843.35,929.97,3,E,5,N
419,811.55,930.27,3,W,5,N
169,807.46,936.97,1,S,3,W
175,820.83,938.47,1,S,3,W
275,768.18,938.77,1,W,3,E
279,773.06,939.67,1,W,3,W
420,879.24,941.01,3,W,5,N
457,885.13,946.90,3,E,5,N
565,873.55,965.24,5,W,5,N
566,874.11,965.54,5,W,5,N
567,884.67,965.84,5,W,5,N
568,894.24,966.14,5,W,5,N
569,895.26,966.44,5,W,5,N
570,896.77,966.74,5,W,5,N
571,898.54,967.04,5,W,5,N
418,808.44,999.00,3,W,5,W
395,826.09,999.30,2,E,5,W
170,808.39,999.60,1,S,5,W
280,794.51,999.90,1,W,5,W
343,822.03,1000.20,1,E,5,W
345,868.32,1000.50,1,E,5,W
458,897.90,1021.14,3,E,5,N
166,756.05,1021.44,1,S,5,N
167,799.44,1021.74,1,S,5,N
168,799.92,1022.04,1,S,5,N
373,808.53,1022.34,2,W,5,N
396,857.56,1022.64,2,E,5,N
397,889.38,1022.94,2,E,5,N
171,810.31,1023.24,1,S,5,N
172,812.22,1023.54,1,S,5,N
173,814.11,1023.84,1,S,5,N
277,769.95,1024.14,1,W,5,N
278,771.82,1024.44,1,W,5,N
282,818.38,1024.74,1,W,5,N
283,837.89,1025.04,1,W,5,N
284,839.31,1025.34,1,W,5,N
285,849.28,1025.64,1,W,5,N
341,803.40,1025.94,1,E,5,N
342,820.60,1026.24,1,E,5,N
344,849.06,1026.54,1,E,5,N
421,899.15,1029.17,3,W,5,N
286,874.51,1037.07,1,W,3,E
346,896.16,1098.90,1,E,5,W
347,897.53,1099.20,1,E,5,W
176,854.87,1099.50,1,S,5,W
177,856.15,1099.80,1,S,5,W
178,862.04,1100.10,1,S,5,W
287,875.86,1100.40,1,W,5,W
288,877.70,1114.90,1,W,5,E