id,enter_time,exit_time,entrance_intersection,entrance_direction,exit_intersection,exit_direction
506,10.35,66.14,5,W,5,N
507,11.72,66.44,5,W,5,N
508,20.20,66.74,5,W,5,N
509,20.77,67.04,5,W,5,N
510,22.52,67.34,5,W,5,N
511,24.35,67.64,5,W,5,N
512,26.25,67.94,5,W,5,N
513,28.76,68.24,5,W,5,N
514,30.69,68.54,5,W,5,N
515,31.09,68.84,5,W,5,N
516,31.82,69.14,5,W,5,N
517,32.41,69.44,5,W,5,N
518,34.69,69.74,5,W,5,N
519,36.13,70.04,5,W,5,N
520,46.64,70.34,5,W,5,N
521,47.87,70.64,5,W,5,N
522,48.32,70.94,5,W,5,N
523,48.84,71.24,5,W,5,N
524,48.91,71.54,5,W,5,N
525,50.05,71.84,5,W,5,N
526,56.71,72.14,5,W,5,N
527,58.15,72.44,5,W,5,N
528,59.23,72.74,5,W,5,N
529,61.17,73.04,5,W,5,N
530,70.66,76.80,5,W,5,N
639,53.16,80.14,5,E,5,N
640,60.85,80.44,5,E,5,N
641,61.59,80.74,5,E,5,N
642,64.12,81.04,5,E,5,N
643,69.25,81.34,5,E,5,N
2,37.83,100.40,1,S,1,W
4,39.34,100.70,1,S,1,W
293,81.31,107.43,1,E,2,W
419,33.01,125.43,3,W,5,E
417,1.26,130.97,3,W,5,N
453,52.03,131.27,3,E,5,N
454,68.34,131.57,3,E,5,N
418,7.79,131.87,3,W,5,N
420,35.76,132.17,3,W,5,N
421,45.99,132.47,3,W,5,N
176,60.09,138.87,1,W,3,E
177,61.89,139.17,1,W,3,W
456,79.62,141.39,3,E,5,N
295,99.95,162.14,1,E,3,E
531,77.50,166.04,5,W,5,N
532,78.64,166.34,5,W,5,N
533,80.32,166.64,5,W,5,N
534,81.40,166.94,5,W,5,N
535,89.27,167.24,5,W,5,N
536,130.40,167.54,5,W,5,N
537,130.96,167.84,5,W,5,N
538,134.64,168.14,5,W,5,N
539,172.69,178.83,5,W,5,N
644,141.39,180.04,5,E,5,N
645,147.36,180.34,5,E,5,N
646,150.74,180.64,5,E,5,N
647,177.70,183.83,5,E,5,N
648,182.80,188.93,5,E,5,N
422,56.70,199.80,3,W,5,W
455,78.42,200.10,3,E,5,W
302,163.96,200.20,1,E,2,W
186,147.26,200.20,1,W,2,E
355,6.00,200.40,2,W,5,W
298,136.95,200.50,1,E,2,E
358,62.63,200.70,2,W,5,W
13,168.58,200.80,1,S,1,W
303,172.80,200.80,1,E,2,E
167,1.83,201.00,1,W,5,W
168,5.51,201.30,1,W,5,W
175,50.82,201.60,1,W,5,W
289,26.40,201.90,1,E,5,W
291,72.52,202.20,1,E,5,W
294,82.14,202.50,1,E,5,W
10,163.93,213.60,1,S,1,E
359,72.75,215.80,2,W,5,E
390,89.29,216.10,2,E,5,E
290,45.27,216.40,1,E,5,E
17,206.54,220.67,1,S,1,E
0,2.65,221.94,1,S,5,N
1,3.47,222.24,1,S,5,N
389,48.92,222.54,2,E,5,N
356,43.89,222.84,2,W,5,N
357,56.63,223.14,2,W,5,N
360,76.68,223.44,2,W,5,N
169,13.00,223.74,1,W,5,N
170,13.05,224.04,1,W,5,N
171,13.16,224.34,1,W,5,N
172,14.94,224.64,1,W,5,N
173,24.34,224.94,1,W,5,N
174,49.53,225.24,1,W,5,N
292,73.18,225.54,1,E,5,N
423,112.74,230.77,3,W,5,N
457,125.14,231.07,3,E,5,N
460,172.43,234.20,3,E,5,N
461,173.46,235.23,3,E,5,N
462,174.74,236.51,3,E,5,N
540,175.55,265.94,5,W,5,N
541,178.48,266.24,5,W,5,N
542,187.26,266.54,5,W,5,N
543,226.90,266.84,5,W,5,N
544,228.86,267.14,5,W,5,N
545,230.99,267.44,5,W,5,N
546,232.49,267.74,5,W,5,N
547,234.44,268.04,5,W,5,N
548,236.42,268.34,5,W,5,N
549,238.04,268.64,5,W,5,N
550,246.97,268.94,5,W,5,N
649,236.53,279.94,5,E,5,N
650,242.14,280.24,5,E,5,N
651,246.41,280.54,5,E,5,N
652,249.51,280.84,5,E,5,N
653,255.00,281.14,5,E,5,N
654,258.13,281.44,5,E,5,N
655,265.95,281.74,5,E,5,N
8,159.79,299.40,1,S,3,W
11,165.87,299.70,1,S,3,W
458,126.48,299.70,3,E,5,W
14,201.99,300.00,1,S,3,W
459,170.77,300.00,3,E,5,W
193,231.79,300.30,1,W,2,W
424,183.84,300.30,3,W,5,W
5,71.84,300.60,1,S,5,W
361,105.28,300.90,2,W,5,W
15,203.87,301.20,1,S,1,W
362,113.46,301.20,2,W,5,W
20,243.43,301.50,1,S,1,W
394,164.46,301.50,2,E,5,W
23,274.32,301.80,1,S,1,W
365,162.65,301.80,2,W,5,W
367,197.54,302.10,2,W,5,W
180,101.79,302.40,1,W,5,W
181,118.31,302.70,1,W,5,W
182,119.01,303.00,1,W,5,W
300,147.52,303.30,1,E,5,W
301,148.93,303.60,1,E,5,W
395,202.71,312.47,2,E,3,W
3,38.25,321.84,1,S,5,N
391,112.75,322.14,2,E,5,N
392,124.21,322.44,2,E,5,N
393,137.26,322.74,2,E,5,N
363,124.88,323.04,2,W,5,N
364,148.70,323.34,2,W,5,N
366,177.30,323.64,2,W,5,N
6,110.55,323.94,1,S,5,N
7,114.00,324.24,1,S,5,N
178,65.40,324.54,1,W,5,N
179,80.39,324.84,1,W,5,N
183,120.13,325.14,1,W,5,N
184,120.64,325.44,1,W,5,N
185,130.69,325.74,1,W,5,N
187,147.47,326.04,1,W,5,N
296,101.37,326.34,1,E,5,N
297,119.48,326.64,1,E,5,N
299,147.47,326.94,1,E,5,N
304,192.18,327.24,1,E,5,N
305,195.86,327.54,1,E,5,N
425,257.73,330.57,3,W,5,N
463,222.98,330.87,3,E,5,N
27,316.92,331.05,1,S,1,E
464,230.87,331.17,3,E,5,N
427,274.11,335.88,3,W,5,N
189,197.55,337.57,1,W,3,E
195,234.68,339.07,1,W,3,E
33,325.63,339.77,1,S,1,E
22,270.71,340.42,1,S,2,W
309,237.06,341.17,1,E,3,W
465,290.65,352.42,3,E,5,N
467,293.20,354.97,3,E,5,N
551,274.48,365.84,5,W,5,N
552,287.59,366.14,5,W,5,N
553,322.09,366.44,5,W,5,N
554,322.54,366.74,5,W,5,N
555,332.64,367.04,5,W,5,N
556,340.13,367.34,5,W,5,N
557,341.94,367.64,5,W,5,N
558,349.28,367.94,5,W,5,N
656,318.31,379.84,5,E,5,N
657,321.29,380.14,5,E,5,N
658,321.80,380.44,5,E,5,N
659,326.95,380.74,5,E,5,N
660,337.93,381.04,5,E,5,N
661,392.58,398.72,5,E,5,N
21,268.29,399.20,1,S,3,W
306,199.14,399.60,1,E,5,W
426,265.18,399.90,3,W,5,W
466,292.11,400.20,3,E,5,W
37,329.23,400.40,1,S,2,W
9,162.51,400.50,1,S,5,W
204,279.25,400.70,1,W,2,W
12,167.60,400.80,1,S,5,W
368,211.21,401.10,2,W,5,W
398,266.63,401.40,2,E,5,W
28,317.99,401.60,1,S,1,W
370,298.85,401.70,2,W,5,W
32,322.81,401.90,1,S,1,W
16,205.59,402.00,1,S,5,W
34,326.52,402.20,1,S,1,W
18,209.42,402.30,1,S,5,W
43,337.74,402.50,1,S,1,W
19,212.75,402.60,1,S,5,W
45,339.92,402.80,1,S,1,W
191,210.73,402.90,1,W,5,W
196,236.01,403.20,1,W,5,W
197,237.37,403.50,1,W,5,W
199,247.96,403.80,1,W,5,W
308,226.96,404.10,1,E,5,W
312,281.28,404.40,1,E,5,W
400,337.18,412.87,2,E,3,W
397,237.47,415.60,2,E,5,E
396,218.46,421.74,2,E,5,N
369,286.94,422.04,2,W,5,N
188,173.35,422.34,1,W,5,N
190,207.39,422.64,1,W,5,N
192,230.66,422.94,1,W,5,N
194,233.00,423.24,1,W,5,N
198,238.62,423.54,1,W,5,N
307,217.89,423.84,1,E,5,N
310,248.93,424.14,1,E,5,N
311,254.70,424.44,1,E,5,N
313,298.80,424.74,1,E,5,N
469,346.62,430.67,3,E,5,N
470,348.38,430.97,3,E,5,N
41,335.13,439.47,1,S,3,W
214,363.46,443.97,1,W,3,W
471,385.67,447.44,3,E,5,N
472,387.11,448.88,3,E,5,N
559,381.08,465.74,5,W,5,N
560,383.62,466.04,5,W,5,N
561,384.85,466.34,5,W,5,N
562,416.19,466.64,5,W,5,N
563,418.02,466.94,5,W,5,N
564,419.99,467.24,5,W,5,N
565,427.49,467.54,5,W,5,N
566,428.80,467.84,5,W,5,N
567,457.60,468.14,5,W,5,N
568,457.99,468.44,5,W,5,N
569,459.89,468.74,5,W,5,N
570,461.57,469.04,5,W,5,N
571,462.85,469.34,5,W,5,N
662,401.71,479.74,5,E,5,N
663,415.78,480.04,5,E,5,N
664,424.24,480.34,5,E,5,N
665,424.74,480.64,5,E,5,N
666,450.98,480.94,5,E,5,N
667,451.97,481.24,5,E,5,N
668,474.42,481.54,5,E,5,N
46,385.28,499.00,1,S,3,W
428,335.98,499.50,3,W,5,W
468,303.79,499.80,3,E,5,W
429,344.07,500.10,3,W,5,W
473,388.95,500.40,3,E,5,W
669,494.33,500.47,5,E,5,N
430,395.22,500.70,3,W,5,W
24,277.32,501.00,1,S,5,W
371,396.80,501.30,2,W,5,W
25,316.08,501.60,1,S,5,W
26,316.63,501.90,1,S,5,W
52,462.50,502.00,1,S,1,W
31,320.70,502.20,1,S,5,W
55,467.49,502.30,1,S,1,W
38,330.56,502.50,1,S,5,W
57,469.79,502.60,1,S,1,W
40,331.41,502.80,1,S,5,W
58,471.22,502.90,1,S,1,W
42,337.10,503.10,1,S,5,W
59,473.14,503.20,1,S,1,W
209,302.65,503.40,1,W,5,W
61,474.80,503.50,1,S,1,W
213,344.10,503.70,1,W,5,W
67,479.32,503.80,1,S,1,W
69,480.08,504.10,1,S,1,W
71,483.75,504.40,1,S,1,W
402,399.47,515.50,2,E,5,E
73,506.73,520.86,1,S,1,E
399,307.74,521.64,2,E,5,N
401,374.15,521.94,2,E,5,N
29,319.08,522.24,1,S,5,N
30,319.77,522.54,1,S,5,N
35,327.54,522.84,1,S,5,N
36,328.10,523.14,1,S,5,N
39,330.57,523.44,1,S,5,N
74,509.56,523.70,1,S,1,E
200,267.09,523.74,1,W,5,N
201,270.70,524.04,1,W,5,N
202,271.50,524.34,1,W,5,N
203,272.49,524.64,1,W,5,N
205,280.39,524.94,1,W,5,N
206,300.02,525.24,1,W,5,N
207,301.49,525.54,1,W,5,N
208,302.22,525.84,1,W,5,N
76,511.78,525.92,1,S,1,E
210,304.36,526.14,1,W,5,N
211,305.75,526.44,1,W,5,N
212,324.92,526.74,1,W,5,N
215,364.95,527.04,1,W,5,N
314,309.59,527.34,1,E,5,N
315,318.84,527.64,1,E,5,N
316,343.31,527.94,1,E,5,N
474,421.06,530.17,3,E,5,N
432,417.51,530.47,3,W,5,N
431,415.32,530.47,3,W,5,N
475,429.66,530.77,3,E,5,N
433,445.99,530.77,3,W,5,N
476,438.29,531.07,3,E,5,N
477,443.36,531.37,3,E,5,N
435,462.13,531.37,3,W,5,N
436,466.63,531.67,3,W,5,N
437,468.47,531.97,3,W,5,N
225,428.35,539.87,1,W,3,E
572,476.53,565.64,5,W,5,N
573,506.10,565.94,5,W,5,N
574,507.45,566.24,5,W,5,N
575,509.27,566.54,5,W,5,N
576,541.91,566.84,5,W,5,N
577,557.35,567.14,5,W,5,N
578,557.50,567.44,5,W,5,N
579,558.51,567.74,5,W,5,N
580,565.26,571.40,5,W,5,N
581,569.16,575.29,5,W,5,N
670,545.82,579.64,5,E,5,N
63,475.20,598.80,1,S,3,W
68,479.58,598.80,1,S,3,E
434,450.54,599.40,3,W,5,W
438,495.76,599.70,3,W,5,W
403,426.11,600.00,2,E,5,W
404,441.18,600.30,2,E,5,W
51,427.32,600.60,1,S,5,W
83,522.19,600.60,1,S,2,W
221,402.51,600.90,1,W,5,W
86,525.14,600.90,1,S,2,W
223,425.62,601.20,1,W,5,W
226,437.40,601.50,1,W,5,W
318,420.49,601.80,1,E,5,W
319,426.45,602.10,1,E,5,W
322,444.19,602.40,1,E,5,W
79,515.62,602.40,1,S,1,W
84,523.55,602.70,1,S,1,W
90,575.04,603.00,1,S,1,W
376,566.13,613.37,2,W,3,E
373,498.29,615.40,2,W,5,E
217,385.79,615.70,1,W,5,E
439,498.62,621.54,3,W,5,N
44,339.10,621.84,1,S,5,N
47,386.36,622.14,1,S,5,N
48,390.09,622.44,1,S,5,N
49,391.95,622.74,1,S,5,N
372,485.70,623.04,2,W,5,N
405,489.46,623.34,2,E,5,N
50,425.11,623.64,1,S,5,N
478,500.42,623.83,3,E,5,E
216,384.45,623.94,1,W,5,N
218,391.87,624.24,1,W,5,N
219,400.86,624.54,1,W,5,N
220,401.24,624.84,1,W,5,N
222,406.08,625.14,1,W,5,N
224,427.48,625.44,1,W,5,N
227,462.86,625.74,1,W,5,N
317,410.31,626.04,1,E,5,N
320,430.91,626.34,1,E,5,N
321,432.52,626.64,1,E,5,N
440,506.65,629.97,3,W,5,N
479,502.03,630.27,3,E,5,N
441,559.30,630.57,3,W,5,N
481,551.20,630.87,3,E,5,N
482,552.40,631.17,3,E,5,N
484,559.33,631.77,3,E,5,N
485,573.37,635.14,3,E,5,N
329,596.74,658.93,1,E,3,E
582,576.24,665.54,5,W,5,N
583,577.47,665.84,5,W,5,N
584,578.93,666.14,5,W,5,N
585,618.36,666.44,5,W,5,N
586,632.39,666.74,5,W,5,N
587,633.93,667.04,5,W,5,N
588,635.91,667.34,5,W,5,N
589,636.01,667.64,5,W,5,N
590,636.89,667.94,5,W,5,N
591,639.69,668.24,5,W,5,N
592,640.86,668.54,5,W,5,N
593,641.28,668.84,5,W,5,N
594,642.18,669.14,5,W,5,N
595,643.15,669.44,5,W,5,N
596,644.90,669.74,5,W,5,N
597,661.24,670.04,5,W,5,N
598,665.11,671.24,5,W,5,N
599,667.34,673.47,5,W,5,N
600,668.67,674.81,5,W,5,N
601,669.16,675.30,5,W,5,N
671,610.95,679.54,5,E,5,N
672,614.03,679.84,5,E,5,N
673,683.44,689.57,5,E,5,N
93,577.99,698.60,1,S,3,E
91,575.45,698.60,1,S,3,W
480,507.52,699.30,3,E,5,W
483,557.96,699.60,3,E,5,W
54,466.00,699.90,1,S,5,W
56,468.30,700.20,1,S,5,W
62,475.04,700.50,1,S,5,W
238,580.24,700.70,1,W,2,W
65,478.00,700.80,1,S,5,W
246,592.61,701.00,1,W,2,W
72,484.06,701.10,1,S,5,W
332,618.15,701.30,1,E,2,W
375,537.56,701.40,2,W,5,W
407,538.59,701.70,2,E,5,W
409,597.38,702.00,2,E,5,W
75,510.72,702.30,1,S,5,W
80,517.79,702.60,1,S,5,W
85,524.58,702.90,1,S,5,W
233,551.70,703.20,1,W,5,W
88,526.77,715.30,1,S,5,E
229,497.89,715.60,1,W,5,E
115,689.47,715.60,1,S,1,E
230,513.81,715.90,1,W,5,E
338,692.84,718.96,1,E,2,E
53,465.21,721.44,1,S,5,N
60,474.50,721.74,1,S,5,N
64,476.81,722.04,1,S,5,N
66,478.42,722.34,1,S,5,N
70,481.89,722.64,1,S,5,N
406,513.18,722.94,2,E,5,N
374,509.20,723.24,2,W,5,N
408,568.20,723.54,2,E,5,N
377,577.39,723.84,2,W,5,N
378,589.24,724.14,2,W,5,N
77,513.04,724.44,1,S,5,N
78,513.73,724.74,1,S,5,N
81,519.65,725.04,1,S,5,N
82,521.06,725.34,1,S,5,N
87,525.83,725.64,1,S,5,N
89,527.61,725.94,1,S,5,N
228,472.63,726.24,1,W,5,N
231,513.82,726.54,1,W,5,N
232,529.30,726.84,1,W,5,N
323,502.86,727.14,1,E,5,N
324,509.83,727.44,1,E,5,N
325,536.95,727.74,1,E,5,N
326,543.76,728.04,1,E,5,N
327,561.52,728.34,1,E,5,N
328,593.85,728.64,1,E,5,N
442,611.86,729.77,3,W,5,N
486,629.30,730.07,3,E,5,N
443,619.57,730.37,3,W,5,N
487,630.47,730.67,3,E,5,N
444,639.77,730.97,3,W,5,N
104,627.12,739.17,1,S,3,W
250,626.49,744.27,1,W,3,E
490,690.70,752.47,3,E,5,N
602,679.43,765.44,5,W,5,N
603,680.54,765.74,5,W,5,N
604,682.23,766.04,5,W,5,N
605,727.83,766.34,5,W,5,N
606,729.39,766.64,5,W,5,N
607,743.24,766.94,5,W,5,N
608,753.57,767.24,5,W,5,N
609,756.51,767.54,5,W,5,N
610,756.81,767.84,5,W,5,N
611,757.64,768.14,5,W,5,N
612,759.91,768.44,5,W,5,N
613,761.02,768.74,5,W,5,N
674,736.57,779.44,5,E,5,N
488,639.90,799.20,3,E,5,W
489,681.81,799.50,3,E,5,W
445,694.60,799.80,3,W,5,W
92,576.57,800.10,1,S,5,W
95,580.94,800.40,1,S,5,W
410,632.97,800.70,2,E,5,W
261,675.15,800.80,1,W,2,W
379,668.70,801.00,2,W,5,W
265,712.31,801.10,1,W,2,W
381,692.54,801.30,2,W,5,W
96,614.96,801.60,1,S,5,W
98,618.53,801.90,1,S,5,W
99,620.52,802.20,1,S,5,W
100,623.99,802.50,1,S,5,W
102,625.61,802.80,1,S,5,W
106,628.45,803.10,1,S,5,W
120,730.64,803.20,1,S,1,W
236,578.44,803.40,1,W,5,W
129,768.86,803.50,1,S,1,W
244,589.31,803.70,1,W,5,W
131,776.32,803.80,1,S,1,W
245,591.19,804.00,1,W,5,W
132,777.44,804.10,1,S,1,W
252,629.38,804.30,1,W,5,W
133,777.73,804.40,1,S,1,W
330,606.75,804.60,1,E,5,W
333,623.93,804.90,1,E,5,W
334,626.38,805.20,1,E,5,W
335,684.79,805.50,1,E,5,W
384,716.66,813.27,2,W,3,W
235,568.60,815.20,1,W,5,E
242,586.66,815.50,1,W,5,E
257,664.20,815.80,1,W,5,E
339,694.81,816.10,1,E,5,E
491,697.99,821.34,3,E,5,N
94,579.20,821.64,1,S,5,N
411,678.68,821.94,2,E,5,N
380,679.78,822.24,2,W,5,N
382,696.63,822.54,2,W,5,N
97,617.29,822.84,1,S,5,N
101,624.63,823.14,1,S,5,N
103,626.99,823.44,1,S,5,N
105,628.35,823.74,1,S,5,N
234,567.34,824.04,1,W,5,N
237,580.21,824.34,1,W,5,N
239,582.06,824.64,1,W,5,N
240,583.37,824.94,1,W,5,N
241,585.16,825.24,1,W,5,N
243,587.85,825.54,1,W,5,N
247,607.33,825.84,1,W,5,N
248,623.00,826.14,1,W,5,N
249,625.11,826.44,1,W,5,N
251,627.90,826.74,1,W,5,N
253,632.36,827.04,1,W,5,N
254,641.58,827.34,1,W,5,N
255,652.57,827.64,1,W,5,N
256,662.39,827.94,1,W,5,N
258,666.22,828.24,1,W,5,N
331,612.58,828.54,1,E,5,N
336,687.36,828.84,1,E,5,N
337,691.21,829.14,1,E,5,N
492,742.06,829.57,3,E,5,N
494,760.25,830.17,3,E,5,N
137,824.59,838.72,1,S,1,E
448,785.77,847.54,3,W,5,N
149,838.72,852.86,1,S,1,E
499,793.80,855.57,3,E,5,N
345,796.93,859.12,1,E,3,E
614,773.79,865.34,5,W,5,N
615,775.35,865.64,5,W,5,N
616,776.11,865.94,5,W,5,N
617,790.52,866.24,5,W,5,N
618,791.62,866.54,5,W,5,N
619,792.41,866.84,5,W,5,N
620,793.63,867.14,5,W,5,N
621,826.88,867.44,5,W,5,N
622,829.25,867.74,5,W,5,N
623,830.81,868.04,5,W,5,N
624,832.56,868.34,5,W,5,N
625,834.44,868.64,5,W,5,N
626,836.39,868.94,5,W,5,N
627,843.75,869.24,5,W,5,N
628,854.66,869.54,5,W,5,N
629,855.89,869.84,5,W,5,N
630,857.07,870.14,5,W,5,N
631,858.64,870.44,5,W,5,N
632,865.28,871.41,5,W,5,N
675,802.43,879.34,5,E,5,N
676,853.36,879.64,5,E,5,N
677,854.03,879.94,5,E,5,N
446,747.44,899.10,3,W,5,W
493,752.46,899.40,3,E,5,W
495,761.82,899.70,3,E,5,W
496,763.64,900.00,3,E,5,W
497,771.83,900.30,3,E,5,W
447,775.68,900.60,3,W,5,W
449,785.87,900.90,3,W,5,W
145,832.79,900.90,1,S,2,W
498,786.17,901.20,3,E,5,W
107,676.60,901.50,1,S,5,W
110,679.80,901.80,1,S,5,W
112,683.63,902.10,1,S,5,W
116,690.15,902.40,1,S,5,W
383,711.51,902.70,2,W,5,W
678,896.71,902.84,5,E,5,N
413,762.18,903.00,2,E,5,W
385,721.05,903.30,2,W,5,W
119,730.49,903.60,1,S,5,W
141,828.32,903.60,1,S,1,W
123,733.38,903.90,1,S,5,W
142,829.73,903.90,1,S,1,W
126,739.02,904.20,1,S,5,W
144,831.25,904.20,1,S,1,W
259,672.24,904.50,1,W,5,W
147,834.15,904.50,1,S,1,W
260,673.61,904.80,1,W,5,W
159,879.14,904.80,1,S,1,W
264,707.14,905.10,1,W,5,W
166,889.22,905.10,1,S,1,W
267,719.24,905.40,1,W,5,W
270,743.99,905.70,1,W,5,W
273,756.74,906.00,1,W,5,W
275,758.66,906.30,1,W,5,W
343,764.88,906.60,1,E,5,W
344,791.36,909.19,1,E,5,W
108,678.25,915.10,1,S,5,E
114,687.68,915.40,1,S,5,E
125,736.03,915.70,1,S,5,E
164,886.99,916.40,1,S,1,E
109,679.42,921.24,1,S,5,N
111,679.87,921.54,1,S,5,N
113,684.78,921.84,1,S,5,N
117,695.37,922.14,1,S,5,N
412,726.82,922.44,2,E,5,N
118,729.06,922.74,1,S,5,N
121,732.14,923.04,1,S,5,N
122,732.34,923.34,1,S,5,N
124,734.60,923.64,1,S,5,N
262,676.59,923.94,1,W,5,N
263,690.61,924.24,1,W,5,N
504,861.99,924.43,3,E,5,E
266,713.42,924.54,1,W,5,N
268,727.02,924.84,1,W,5,N
269,743.15,925.14,1,W,5,N
271,752.50,925.44,1,W,5,N
272,753.62,925.74,1,W,5,N
274,756.77,926.04,1,W,5,N
340,723.04,926.34,1,E,5,N
341,726.34,926.64,1,E,5,N
342,757.08,926.94,1,E,5,N
346,797.77,927.24,1,E,5,N
500,811.65,929.37,3,E,5,N
501,812.97,929.67,3,E,5,N
451,853.18,929.97,3,W,5,N
505,863.35,930.87,3,E,5,N
150,839.43,939.67,1,S,3,W
278,789.18,940.57,1,W,3,W
160,880.15,944.92,1,S,2,W
633,875.78,965.24,5,W,5,N
634,876.84,965.54,5,W,5,N
635,876.93,965.84,5,W,5,N
636,881.93,966.14,5,W,5,N
637,894.03,966.44,5,W,5,N
638,895.71,966.74,5,W,5,N
152,842.46,998.00,1,S,3,E
450,839.58,999.00,3,W,5,W
502,847.50,999.30,3,E,5,W
503,860.32,999.60,3,E,5,W
452,874.23,999.90,3,W,5,W
127,765.82,1000.20,1,S,5,W
130,770.65,1000.50,1,S,5,W
387,853.77,1000.80,2,W,5,W
388,885.41,1001.10,2,W,5,W
135,822.45,1001.40,1,S,5,W
138,825.51,1001.70,1,S,5,W
143,831.07,1002.00,1,S,5,W
277,787.67,1002.30,1,W,5,W
354,888.63,1006.46,1,E,5,W
128,766.93,1015.00,1,S,5,E
146,833.93,1015.30,1,S,5,E
148,835.52,1015.60,1,S,5,E
285,866.56,1015.90,1,W,5,E
386,818.01,1021.14,2,W,5,N
414,810.36,1021.44,2,E,5,N
415,841.53,1021.74,2,E,5,N
416,874.54,1022.04,2,E,5,N
134,821.43,1022.34,1,S,5,N
136,822.72,1022.64,1,S,5,N
139,827.33,1022.94,1,S,5,N
140,827.47,1023.24,1,S,5,N
276,768.33,1023.54,1,W,5,N
279,808.53,1023.84,1,W,5,N
280,829.82,1024.14,1,W,5,N
281,831.03,1024.44,1,W,5,N
282,844.60,1024.74,1,W,5,N
283,845.78,1025.04,1,W,5,N
284,864.68,1025.34,1,W,5,N
347,815.41,1025.64,1,E,5,N
348,825.64,1025.94,1,E,5,N
349,826.94,1026.24,1,E,5,N
350,832.65,1026.54,1,E,5,N
351,861.15,1026.84,1,E,5,N
352,866.15,1027.14,1,E,5,N
353,874.11,1027.44,1,E,5,N
151,841.25,1098.90,1,S,5,W
155,844.55,1099.20,1,S,5,W
161,881.79,1099.50,1,S,5,W
286,877.56,1099.80,1,W,5,W
287,878.75,1100.10,1,W,5,W
288,894.11,1100.40,1,W,5,W
153,842.47,1121.04,1,S,5,N
154,842.67,1121.34,1,S,5,N
156,846.48,1121.64,1,S,5,N
157,877.17,1121.94,1,S,5,N
158,877.27,1122.24,1,S,5,N
162,884.32,1122.54,1,S,5,N
163,885.86,1122.84,1,S,5,N
165,887.68,1123.14,1,S,5,N