id,enter_time,exit_time,entrance_intersection,entrance_direction,exit_intersection,exit_direction
4,6.48,20.61,1,S,1,E
502,6.73,66.14,5,W,5,N
503,7.48,66.44,5,W,5,N
504,10.41,66.74,5,W,5,N
505,18.29,67.04,5,W,5,N
506,19.31,67.34,5,W,5,N
507,20.37,67.64,5,W,5,N
508,22.08,67.94,5,W,5,N
509,30.03,68.24,5,W,5,N
510,62.89,69.03,5,W,5,N
511,64.39,70.52,5,W,5,N
512,66.91,73.05,5,W,5,N
604,54.84,80.14,5,E,5,N
198,35.45,100.10,1,W,2,W
7,8.11,100.40,1,S,1,W
9,12.10,100.70,1,S,1,W
10,13.35,101.00,1,S,1,W
12,16.30,101.30,1,S,1,W
16,22.07,101.60,1,S,1,W
18,23.73,101.90,1,S,1,W
21,30.83,102.20,1,S,1,W
23,33.68,102.50,1,S,1,W
27,37.97,102.80,1,S,1,W
28,38.57,103.10,1,S,1,W
31,43.67,103.40,1,S,1,W
387,39.43,112.27,2,W,3,E
444,25.44,130.97,3,W,5,N
468,59.46,131.27,3,E,5,N
445,27.02,131.57,3,W,5,N
471,72.18,133.95,3,E,5,N
6,7.69,136.77,1,S,3,E
195,17.99,141.27,1,W,3,E
472,81.37,143.14,3,E,5,N
513,76.95,166.04,5,W,5,N
514,87.60,166.34,5,W,5,N
515,89.40,166.64,5,W,5,N
516,90.47,166.94,5,W,5,N
517,129.19,167.24,5,W,5,N
518,146.16,167.54,5,W,5,N
519,169.48,175.61,5,W,5,N
520,171.20,177.34,5,W,5,N
521,173.19,179.32,5,W,5,N
605,102.88,180.04,5,E,5,N
606,104.31,180.34,5,E,5,N
607,126.62,180.64,5,E,5,N
608,180.25,186.38,5,E,5,N
609,189.36,195.50,5,E,5,N
469,69.11,199.80,3,E,5,W
446,39.96,200.10,3,W,5,W
337,170.84,200.20,1,E,2,E
470,70.27,200.40,3,E,5,W
2,3.92,200.70,1,S,5,W
39,135.85,200.80,1,S,1,W
420,71.80,201.00,2,E,5,W
42,137.43,201.10,1,S,1,W
3,5.43,201.30,1,S,5,W
43,139.23,201.40,1,S,1,W
5,6.70,201.60,1,S,5,W
50,182.74,201.70,1,S,1,W
14,19.25,201.90,1,S,5,W
15,19.85,202.20,1,S,5,W
17,23.51,202.50,1,S,5,W
19,25.56,202.80,1,S,5,W
20,25.79,203.10,1,S,5,W
196,33.00,203.40,1,W,5,W
200,38.26,203.70,1,W,5,W
201,40.11,204.00,1,W,5,W
330,36.47,204.30,1,E,5,W
55,190.45,204.59,1,S,1,W
332,74.19,204.60,1,E,5,W
56,192.22,206.35,1,S,1,W
64,205.86,220.00,1,S,1,E
0,0.52,221.94,1,S,5,N
1,2.12,222.24,1,S,5,N
418,17.40,222.54,2,E,5,N
419,54.06,222.84,2,E,5,N
8,10.21,223.14,1,S,5,N
11,15.03,223.44,1,S,5,N
13,16.69,223.74,1,S,5,N
22,32.02,224.04,1,S,5,N
24,34.09,224.34,1,S,5,N
25,34.48,224.64,1,S,5,N
26,36.43,224.94,1,S,5,N
449,152.39,225.23,3,W,5,E
193,0.10,225.24,1,W,5,N
194,16.83,225.54,1,W,5,N
197,33.46,225.84,1,W,5,N
199,36.87,226.14,1,W,5,N
202,62.39,226.44,1,W,5,N
329,20.96,226.74,1,E,5,N
331,54.21,227.04,1,E,5,N
333,79.86,227.34,1,E,5,N
334,97.22,227.64,1,E,5,N
447,105.92,230.77,3,W,5,N
473,136.35,231.07,3,E,5,N
448,131.40,231.37,3,W,5,N
37,131.13,236.57,1,S,3,E
205,74.58,238.37,1,W,3,W
49,176.84,241.22,1,S,2,W
59,199.14,243.32,1,S,2,W
61,201.06,243.92,1,S,2,E
340,197.50,259.69,1,E,3,E
341,198.11,260.30,1,E,3,W
522,192.20,265.94,5,W,5,N
523,194.36,266.24,5,W,5,N
524,195.50,266.54,5,W,5,N
525,196.95,266.84,5,W,5,N
526,198.59,267.14,5,W,5,N
527,200.01,267.44,5,W,5,N
528,233.78,267.74,5,W,5,N
529,234.09,268.04,5,W,5,N
530,235.11,268.34,5,W,5,N
531,236.23,268.64,5,W,5,N
532,254.03,268.94,5,W,5,N
610,229.85,279.94,5,E,5,N
611,250.93,280.24,5,E,5,N
612,256.97,280.54,5,E,5,N
613,263.47,280.84,5,E,5,N
614,265.84,281.14,5,E,5,N
45,141.66,299.40,1,S,3,E
474,168.59,299.70,3,E,5,W
29,40.92,300.00,1,S,5,W
67,210.12,300.30,1,S,2,W
35,81.93,300.30,1,S,5,W
235,251.57,300.60,1,W,2,W
40,136.66,300.60,1,S,5,W
342,224.66,300.90,1,E,2,W
203,69.99,300.90,1,W,5,W
63,204.53,301.20,1,S,1,W
211,106.56,301.20,1,W,5,W
75,249.57,301.50,1,S,1,W
212,107.30,301.50,1,W,5,W
213,109.01,301.80,1,W,5,W
215,111.10,302.10,1,W,5,W
217,135.20,302.40,1,W,5,W
218,144.96,302.70,1,W,5,W
83,289.84,303.98,1,S,1,W
81,288.00,314.00,1,S,1,E
32,78.54,315.70,1,S,5,E
421,116.82,316.00,2,E,5,E
423,189.92,316.30,2,E,5,E
30,42.62,321.84,1,S,5,N
33,79.21,322.14,1,S,5,N
34,80.41,322.44,1,S,5,N
388,120.56,322.74,2,W,5,N
422,140.73,323.04,2,E,5,N
36,129.69,323.34,1,S,5,N
38,132.94,323.64,1,S,5,N
41,137.01,323.94,1,S,5,N
204,73.23,324.24,1,W,5,N
206,74.97,324.54,1,W,5,N
207,85.59,324.84,1,W,5,N
208,89.06,325.14,1,W,5,N
209,89.48,325.44,1,W,5,N
210,90.53,325.74,1,W,5,N
214,110.86,326.04,1,W,5,N
216,128.61,326.34,1,W,5,N
219,146.43,326.64,1,W,5,N
220,162.69,326.94,1,W,5,N
335,141.53,327.24,1,E,5,N
336,151.64,327.54,1,E,5,N
338,172.88,327.84,1,E,5,N
339,191.76,328.14,1,E,5,N
475,214.40,330.57,3,E,5,N
450,223.25,330.87,3,W,5,N
477,222.20,331.17,3,E,5,N
224,200.84,338.77,1,W,3,E
78,253.42,341.92,1,S,2,W
478,280.33,342.10,3,E,5,N
86,297.31,343.72,1,S,2,W
533,294.48,365.84,5,W,5,N
534,296.21,366.14,5,W,5,N
535,304.07,366.44,5,W,5,N
536,304.89,366.74,5,W,5,N
537,321.34,367.04,5,W,5,N
538,323.65,367.34,5,W,5,N
539,357.39,367.64,5,W,5,N
540,359.90,367.94,5,W,5,N
541,367.25,373.39,5,W,5,N
542,368.66,374.80,5,W,5,N
615,317.03,379.84,5,E,5,N
616,369.71,380.14,5,E,5,N
74,248.87,399.20,1,S,3,E
79,285.86,399.50,1,S,3,E
476,216.34,399.60,3,E,5,W
82,288.46,399.80,1,S,3,E
451,283.09,399.90,3,W,5,W
87,298.98,400.10,1,S,3,E
48,176.37,400.20,1,S,5,W
242,293.14,400.40,1,W,2,W
51,183.28,400.50,1,S,5,W
52,185.03,400.80,1,S,5,W
60,199.87,401.10,1,S,5,W
392,271.84,401.40,2,W,5,W
98,313.45,401.60,1,S,1,W
425,279.77,401.70,2,E,5,W
104,354.20,401.90,1,S,1,W
66,209.59,402.00,1,S,5,W
111,359.97,402.20,1,S,1,W
70,213.45,402.30,1,S,5,W
117,369.35,402.50,1,S,1,W
222,179.54,402.60,1,W,5,W
223,181.35,402.90,1,W,5,W
225,202.10,403.20,1,W,5,W
228,211.70,403.50,1,W,5,W
346,266.63,403.80,1,E,5,W
347,271.54,404.10,1,E,5,W
427,344.27,412.57,2,E,3,W
44,139.77,415.60,1,S,5,E
53,186.06,415.90,1,S,5,E
46,142.91,421.74,1,S,5,N
47,175.38,422.04,1,S,5,N
54,187.08,422.34,1,S,5,N
57,194.02,422.64,1,S,5,N
58,195.43,422.94,1,S,5,N
62,203.61,423.24,1,S,5,N
389,217.32,423.54,2,W,5,N
424,231.22,423.84,2,E,5,N
390,230.25,424.14,2,W,5,N
391,242.98,424.44,2,W,5,N
393,283.61,424.74,2,W,5,N
426,295.97,425.04,2,E,5,N
65,207.79,425.34,1,S,5,N
68,210.71,425.64,1,S,5,N
69,211.57,425.94,1,S,5,N
221,178.31,426.24,1,W,5,N
226,208.23,426.54,1,W,5,N
227,209.75,426.84,1,W,5,N
229,214.71,427.14,1,W,5,N
230,216.57,427.44,1,W,5,N
231,216.67,427.74,1,W,5,N
232,233.58,428.04,1,W,5,N
233,249.59,428.34,1,W,5,N
234,250.22,428.64,1,W,5,N
343,252.86,428.94,1,E,5,N
344,263.34,429.24,1,E,5,N
345,264.05,429.54,1,E,5,N
348,291.45,429.84,1,E,5,N
479,317.64,430.37,3,E,5,N
452,349.29,430.67,3,W,5,N
480,322.69,430.97,3,E,5,N
94,310.31,437.37,1,S,3,W
97,312.18,438.27,1,S,3,E
241,291.36,440.67,1,W,3,W
110,358.14,442.92,1,S,2,W
119,379.51,445.02,1,S,2,W
543,396.66,465.74,5,W,5,N
544,397.22,466.04,5,W,5,N
545,404.77,466.34,5,W,5,N
546,406.41,466.64,5,W,5,N
547,407.98,466.94,5,W,5,N
548,418.06,467.24,5,W,5,N
549,427.95,467.54,5,W,5,N
550,429.72,467.84,5,W,5,N
551,430.89,468.14,5,W,5,N
552,438.49,468.44,5,W,5,N
553,471.00,477.14,5,W,5,N
617,413.58,479.74,5,E,5,N
618,434.85,480.04,5,E,5,N
619,440.46,480.34,5,E,5,N
107,354.78,499.00,1,S,3,E
349,294.76,499.50,1,E,5,W
481,356.84,499.80,3,E,5,W
620,493.88,500.02,5,E,5,N
453,373.47,500.10,3,W,5,W
454,379.67,500.40,3,W,5,W
126,413.14,500.50,1,S,2,W
269,442.65,500.50,1,W,2,E
621,494.54,500.68,5,E,5,N
72,246.44,500.70,1,S,5,W
73,247.78,501.00,1,S,5,W
76,250.93,501.30,1,S,5,W
77,251.70,501.60,1,S,5,W
80,287.13,501.90,1,S,5,W
137,460.10,502.00,1,S,1,W
84,292.85,502.20,1,S,5,W
89,300.13,502.50,1,S,5,W
90,301.94,502.80,1,S,5,W
95,311.17,503.10,1,S,5,W
96,312.08,503.40,1,S,5,W
99,313.68,503.70,1,S,5,W
100,313.85,504.00,1,S,5,W
236,268.26,504.30,1,W,5,W
238,281.19,504.60,1,W,5,W
622,498.61,504.75,5,E,5,N
244,313.22,504.90,1,W,5,W
245,314.49,505.20,1,W,5,W
249,331.30,505.50,1,W,5,W
250,337.33,505.80,1,W,5,W
256,362.22,506.10,1,W,5,W
257,363.96,506.40,1,W,5,W
258,365.23,506.70,1,W,5,W
350,343.76,507.00,1,E,5,W
354,383.00,507.30,1,E,5,W
402,447.77,512.97,2,W,3,W
394,310.39,515.50,2,W,5,E
71,246.43,521.64,1,S,5,N
85,293.68,521.94,1,S,5,N
88,300.02,522.24,1,S,5,N
395,324.22,522.54,2,W,5,N
396,334.75,522.84,2,W,5,N
397,345.90,523.14,2,W,5,N
398,372.64,523.44,2,W,5,N
428,380.35,523.74,2,E,5,N
399,386.94,524.04,2,W,5,N
400,395.88,524.34,2,W,5,N
91,307.06,524.64,1,S,5,N
92,308.28,524.94,1,S,5,N
93,309.34,525.24,1,S,5,N
237,277.39,525.54,1,W,5,N
239,281.35,525.84,1,W,5,N
240,284.27,526.14,1,W,5,N
243,304.05,526.44,1,W,5,N
246,328.34,526.74,1,W,5,N
247,329.89,527.04,1,W,5,N
248,330.06,527.34,1,W,5,N
251,353.02,527.64,1,W,5,N
252,354.12,527.94,1,W,5,N
253,356.22,528.24,1,W,5,N
254,358.14,528.54,1,W,5,N
255,360.70,528.84,1,W,5,N
351,347.55,529.14,1,E,5,N
352,348.71,529.44,1,E,5,N
353,382.61,529.74,1,E,5,N
455,437.46,530.17,3,W,5,N
484,419.16,530.77,3,E,5,N
485,477.54,539.31,3,E,5,N
267,423.39,542.57,1,W,3,W
356,420.48,544.07,1,E,3,E
456,495.35,557.12,3,W,5,N
554,477.53,565.64,5,W,5,N
555,478.53,565.94,5,W,5,N
556,479.85,566.24,5,W,5,N
557,481.73,566.54,5,W,5,N
558,481.91,566.84,5,W,5,N
559,498.50,567.14,5,W,5,N
560,499.61,567.44,5,W,5,N
561,501.64,567.74,5,W,5,N
562,526.46,568.04,5,W,5,N
563,526.68,568.34,5,W,5,N
564,560.41,568.64,5,W,5,N
565,563.26,569.39,5,W,5,N
623,504.44,579.64,5,E,5,N
624,512.48,579.94,5,E,5,N
625,513.98,580.24,5,E,5,N
626,520.06,580.54,5,E,5,N
627,521.78,580.84,5,E,5,N
628,526.79,581.14,5,E,5,N
629,545.53,581.44,5,E,5,N
630,551.65,581.74,5,E,5,N
134,457.39,598.80,1,S,3,W
141,471.11,599.10,1,S,3,W
482,416.44,599.40,3,E,5,W
483,418.02,599.70,3,E,5,W
102,351.68,600.00,1,S,5,W
114,364.36,600.30,1,S,5,W
115,364.91,600.60,1,S,5,W
363,515.78,600.60,1,E,2,W
116,367.03,600.90,1,S,5,W
367,572.09,600.90,1,E,2,W
429,421.83,601.20,2,E,5,W
430,471.17,601.50,2,E,5,W
120,380.12,601.80,1,S,5,W
124,412.20,602.10,1,S,5,W
127,414.27,602.40,1,S,5,W
143,505.51,602.40,1,S,1,W
262,392.56,602.70,1,W,5,W
153,580.50,602.70,1,S,1,W
270,442.85,603.00,1,W,5,W
271,458.83,603.30,1,W,5,W
357,431.48,603.60,1,E,5,W
108,356.74,615.40,1,S,5,E
101,350.58,621.54,1,S,5,N
103,352.44,621.84,1,S,5,N
105,354.30,622.14,1,S,5,N
106,354.40,622.44,1,S,5,N
109,357.95,622.74,1,S,5,N
112,361.02,623.04,1,S,5,N
113,362.65,623.34,1,S,5,N
118,376.78,623.64,1,S,5,N
457,515.83,623.83,3,W,5,E
401,416.16,623.94,2,W,5,N
403,454.66,624.24,2,W,5,N
404,467.98,624.54,2,W,5,N
405,468.04,624.84,2,W,5,N
121,380.68,625.14,1,S,5,N
122,410.37,625.44,1,S,5,N
123,410.53,625.74,1,S,5,N
125,412.38,626.04,1,S,5,N
128,415.52,626.34,1,S,5,N
129,416.94,626.64,1,S,5,N
130,417.62,626.94,1,S,5,N
131,419.22,627.24,1,S,5,N
132,422.65,627.54,1,S,5,N
259,389.03,627.84,1,W,5,N
260,390.10,628.14,1,W,5,N
261,391.43,628.44,1,W,5,N
263,398.25,628.74,1,W,5,N
264,400.18,629.04,1,W,5,N
265,420.93,629.34,1,W,5,N
266,422.00,629.64,1,W,5,N
268,441.65,629.94,1,W,5,N
355,411.33,630.24,1,E,5,N
358,449.12,630.54,1,E,5,N
359,465.61,630.84,1,E,5,N
360,485.46,631.14,1,E,5,N
487,551.81,631.44,3,E,5,N
488,553.50,631.74,3,E,5,N
157,619.48,633.61,1,S,1,E
160,623.03,637.17,1,S,1,E
364,519.71,642.37,1,E,3,W
458,580.74,642.51,3,W,5,N
152,580.14,642.52,1,S,2,W
459,591.13,652.90,3,W,5,N
566,579.21,665.54,5,W,5,N
567,586.86,665.84,5,W,5,N
568,588.37,666.14,5,W,5,N
569,590.17,666.44,5,W,5,N
570,591.98,666.74,5,W,5,N
571,593.99,667.04,5,W,5,N
572,595.63,667.34,5,W,5,N
573,595.84,667.64,5,W,5,N
574,597.50,667.94,5,W,5,N
575,598.94,668.24,5,W,5,N
576,600.91,668.54,5,W,5,N
577,602.74,668.84,5,W,5,N
578,603.77,669.14,5,W,5,N
579,612.85,669.44,5,W,5,N
580,614.53,669.74,5,W,5,N
581,616.13,670.04,5,W,5,N
582,617.64,670.34,5,W,5,N
583,620.25,670.64,5,W,5,N
584,621.50,670.94,5,W,5,N
585,632.22,671.24,5,W,5,N
586,633.70,671.54,5,W,5,N
587,660.68,671.84,5,W,5,N
588,662.63,672.14,5,W,5,N
631,602.71,679.54,5,E,5,N
632,604.06,679.84,5,E,5,N
633,612.79,680.14,5,E,5,N
634,614.21,680.44,5,E,5,N
635,623.82,680.74,5,E,5,N
486,509.42,699.30,3,E,5,W
138,467.48,699.60,1,S,5,W
139,468.41,699.90,1,S,5,W
142,472.75,700.20,1,S,5,W
406,552.25,700.50,2,W,5,W
371,624.51,700.70,1,E,2,W
432,529.03,700.80,2,E,5,W
433,539.29,701.10,2,E,5,W
434,586.59,701.40,2,E,5,W
147,516.17,701.70,1,S,5,W
273,476.19,702.00,1,W,5,W
274,493.75,702.30,1,W,5,W
276,505.74,702.60,1,W,5,W
162,628.77,702.80,1,S,1,W
281,535.05,702.90,1,W,5,W
636,697.03,703.16,5,E,5,N
435,596.83,715.30,2,E,5,E
272,474.63,715.60,1,W,5,E
164,668.34,715.60,1,S,1,E
167,693.98,715.90,1,S,1,E
133,454.37,721.44,1,S,5,N
135,457.59,721.74,1,S,5,N
136,459.26,722.04,1,S,5,N
140,470.10,722.34,1,S,5,N
431,513.91,722.64,2,E,5,N
407,587.76,722.94,2,W,5,N
144,505.76,723.24,1,S,5,N
145,506.97,723.54,1,S,5,N
146,511.13,723.84,1,S,5,N
275,495.80,724.14,1,W,5,N
277,505.86,724.44,1,W,5,N
278,506.54,724.74,1,W,5,N
279,510.26,725.04,1,W,5,N
280,519.41,725.34,1,W,5,N
282,535.90,725.64,1,W,5,N
283,557.83,725.94,1,W,5,N
284,559.47,726.24,1,W,5,N
361,510.76,726.54,1,E,5,N
362,513.31,726.84,1,E,5,N
365,543.05,727.14,1,E,5,N
366,545.84,727.44,1,E,5,N
368,591.92,727.74,1,E,5,N
489,606.80,729.77,3,E,5,N
460,650.39,730.07,3,W,5,N
490,607.94,730.37,3,E,5,N
492,656.56,730.67,3,E,5,N
493,661.99,730.97,3,E,5,N
462,675.35,737.12,3,W,5,N
159,621.47,737.97,1,S,3,W
288,589.94,739.47,1,W,3,E
494,680.19,741.96,3,E,5,N
165,669.31,742.02,1,S,2,W
589,698.91,765.44,5,W,5,N
590,701.39,765.74,5,W,5,N
591,740.69,766.04,5,W,5,N
592,742.97,766.34,5,W,5,N
593,753.24,766.64,5,W,5,N
594,754.72,766.94,5,W,5,N
595,756.60,767.24,5,W,5,N
596,757.91,767.54,5,W,5,N
637,721.51,779.44,5,E,5,N
638,734.20,779.74,5,E,5,N
639,735.83,780.04,5,E,5,N
640,736.21,780.34,5,E,5,N
641,743.43,780.64,5,E,5,N
642,747.61,780.94,5,E,5,N
163,668.25,798.40,1,S,3,E
166,692.67,798.40,1,S,3,W
461,654.38,799.20,3,W,5,W
491,609.05,799.50,3,E,5,W
149,577.46,799.80,1,S,5,W
409,626.95,800.10,2,W,5,W
410,640.44,800.40,2,W,5,W
154,615.64,800.70,1,S,5,W
285,569.31,801.00,1,W,5,W
287,574.70,801.30,1,W,5,W
289,605.72,801.60,1,W,5,W
292,623.19,801.90,1,W,5,W
293,624.29,802.20,1,W,5,W
294,625.98,802.50,1,W,5,W
643,798.63,804.77,5,E,5,N
158,621.18,815.20,1,S,5,E
290,605.87,815.50,1,W,5,E
370,615.49,815.80,1,E,5,E
148,547.11,821.34,1,S,5,N
150,578.18,821.64,1,S,5,N
151,578.92,821.94,1,S,5,N
408,624.70,822.24,2,W,5,N
436,610.41,822.54,2,E,5,N
437,657.81,822.84,2,E,5,N
155,616.45,823.14,1,S,5,N
156,618.05,823.44,1,S,5,N
161,623.66,823.74,1,S,5,N
286,570.70,824.04,1,W,5,N
291,607.82,824.34,1,W,5,N
295,627.58,824.64,1,W,5,N
296,643.70,824.94,1,W,5,N
297,643.89,825.24,1,W,5,N
298,663.17,825.54,1,W,5,N
299,667.09,825.84,1,W,5,N
369,614.11,826.14,1,E,5,N
372,662.05,826.44,1,E,5,N
373,667.25,826.74,1,E,5,N
374,673.30,827.04,1,E,5,N
375,678.54,827.34,1,E,5,N
376,696.71,827.64,1,E,5,N
495,721.93,829.57,3,E,5,N
463,728.47,829.87,3,W,5,N
497,774.77,830.41,3,E,5,E
597,797.53,865.34,5,W,5,N
598,800.12,865.64,5,W,5,N
599,812.17,865.94,5,W,5,N
600,852.53,866.24,5,W,5,N
601,858.47,866.54,5,W,5,N
602,861.30,867.43,5,W,5,N
603,862.52,868.66,5,W,5,N
644,804.47,879.34,5,E,5,N
645,851.60,879.64,5,E,5,N
646,872.41,879.94,5,E,5,N
647,877.81,883.95,5,E,5,N
648,878.52,884.66,5,E,5,N
649,880.62,886.76,5,E,5,N
377,699.01,899.10,1,E,5,W
496,723.70,899.40,3,E,5,W
498,776.75,899.70,3,E,5,W
464,790.81,900.00,3,W,5,W
465,792.60,900.30,3,W,5,W
441,794.99,900.60,2,E,5,W
413,795.57,900.90,2,W,5,W
179,818.64,900.90,1,S,2,W
185,833.27,900.90,1,S,2,E
301,672.26,901.20,1,W,5,W
305,698.04,901.50,1,W,5,W
380,760.90,901.80,1,E,5,W
416,822.00,913.67,2,W,3,E
306,722.96,915.10,1,W,5,E
168,694.42,921.24,1,S,5,N
169,696.25,921.54,1,S,5,N
438,702.14,921.84,2,E,5,N
411,735.01,922.14,2,W,5,N
439,717.72,922.44,2,E,5,N
412,768.07,922.74,2,W,5,N
440,752.65,923.04,2,E,5,N
499,835.98,923.23,3,E,5,E
170,728.28,923.34,1,S,5,N
500,855.74,923.53,3,E,5,E
300,670.54,923.64,1,W,5,N
302,673.29,923.94,1,W,5,N
303,677.01,924.24,1,W,5,N
304,696.59,924.54,1,W,5,N
307,724.60,924.84,1,W,5,N
308,725.80,925.14,1,W,5,N
309,751.79,925.44,1,W,5,N
310,758.25,925.74,1,W,5,N
378,715.30,926.04,1,E,5,N
379,729.57,926.34,1,E,5,N
466,861.26,929.37,3,W,5,N
467,864.41,929.67,3,W,5,N
501,865.58,929.97,3,E,5,N
383,820.71,944.47,1,E,3,W
190,888.99,998.00,1,S,3,W
173,776.45,999.00,1,S,5,W
443,878.71,999.30,2,E,5,W
176,815.80,999.60,1,S,5,W
178,817.98,999.90,1,S,5,W
315,783.30,1000.20,1,W,5,W
317,808.22,1000.50,1,W,5,W
318,817.40,1000.80,1,W,5,W
320,826.66,1001.10,1,W,5,W
381,804.14,1001.40,1,E,5,W
382,812.31,1001.70,1,E,5,W
384,825.95,1002.00,1,E,5,W
414,807.46,1015.00,2,W,5,E
183,825.03,1015.30,1,S,5,E
319,825.17,1015.60,1,W,5,E
171,773.24,1021.14,1,S,5,N
172,774.81,1021.44,1,S,5,N
174,778.77,1021.74,1,S,5,N
175,779.28,1022.04,1,S,5,N
442,840.64,1022.34,2,E,5,N
415,811.44,1022.64,2,W,5,N
417,825.36,1022.94,2,W,5,N
177,817.42,1023.24,1,S,5,N
180,820.55,1023.54,1,S,5,N
181,821.79,1023.84,1,S,5,N
182,823.05,1024.14,1,S,5,N
184,827.47,1024.44,1,S,5,N
186,834.27,1024.74,1,S,5,N
311,773.35,1025.04,1,W,5,N
312,775.32,1025.34,1,W,5,N
313,778.61,1025.64,1,W,5,N
314,782.05,1025.94,1,W,5,N
316,786.74,1026.24,1,W,5,N
321,838.16,1026.54,1,W,5,N
322,840.11,1026.84,1,W,5,N
323,843.88,1027.14,1,W,5,N
324,863.56,1027.44,1,W,5,N
385,874.83,1027.74,1,E,5,N
386,876.71,1028.04,1,E,5,N
327,898.27,1037.67,1,W,3,W
328,899.63,1037.97,1,W,3,E
188,881.44,1098.90,1,S,5,W
189,881.81,1099.20,1,S,5,W
192,889.55,1099.50,1,S,5,W
187,880.54,1121.04,1,S,5,N
191,889.22,1121.34,1,S,5,N
325,888.08,1121.64,1,W,5,N
326,897.28,1121.94,1,W,5,N