id,enter_time,exit_time,entrance_intersection,entrance_direction,exit_intersection,exit_direction
449,2.36,66.14,5,W,5,N
450,4.12,66.44,5,W,5,N
451,5.15,66.74,5,W,5,N
452,10.84,67.04,5,W,5,N
453,12.20,67.34,5,W,5,N
454,29.19,67.64,5,W,5,N
455,33.04,67.94,5,W,5,N
456,34.21,68.24,5,W,5,N
457,36.58,68.54,5,W,5,N
458,49.60,68.84,5,W,5,N
459,52.13,69.14,5,W,5,N
460,53.83,69.44,5,W,5,N
461,55.66,69.74,5,W,5,N
462,58.00,70.04,5,W,5,N
463,62.19,70.34,5,W,5,N
464,65.18,71.31,5,W,5,N
465,65.32,71.46,5,W,5,N
583,54.28,80.14,5,E,5,N
584,59.12,80.44,5,E,5,N
585,59.61,80.74,5,E,5,N
586,60.14,81.04,5,E,5,N
587,64.26,81.34,5,E,5,N
588,65.38,81.64,5,E,5,N
589,68.56,81.94,5,E,5,N
590,73.82,82.24,5,E,5,N
591,83.47,89.61,5,E,5,N
142,19.89,100.10,1,W,2,W
1,2.14,100.40,1,S,1,W
2,3.06,100.70,1,S,1,W
3,4.42,101.00,1,S,1,W
7,45.37,101.30,1,S,1,W
14,55.42,101.60,1,S,1,W
403,59.84,125.43,3,E,5,E
401,50.91,130.97,3,E,5,N
402,58.62,131.27,3,E,5,N
369,28.50,131.57,3,W,5,N
466,95.09,166.04,5,W,5,N
467,97.14,166.34,5,W,5,N
468,98.56,166.64,5,W,5,N
469,112.70,166.94,5,W,5,N
470,119.36,167.24,5,W,5,N
471,126.53,167.54,5,W,5,N
472,142.83,167.84,5,W,5,N
473,144.94,168.14,5,W,5,N
474,146.90,168.44,5,W,5,N
475,161.08,168.74,5,W,5,N
476,162.60,169.04,5,W,5,N
477,169.64,175.78,5,W,5,N
592,129.56,180.04,5,E,5,N
593,181.97,188.11,5,E,5,N
368,4.17,199.80,3,W,5,W
370,84.40,200.10,3,W,5,W
0,1.26,200.40,1,S,5,W
317,86.08,200.70,2,W,5,W
21,130.81,200.80,1,S,1,W
344,99.12,201.00,2,E,5,W
22,132.14,201.10,1,S,1,W
4,5.24,201.30,1,S,5,W
25,168.82,201.40,1,S,1,W
141,18.51,201.60,1,W,5,W
143,22.21,201.90,1,W,5,W
144,29.52,202.20,1,W,5,W
145,46.48,202.50,1,W,5,W
146,48.23,202.80,1,W,5,W
147,50.13,203.10,1,W,5,W
347,164.46,212.97,2,E,3,E
24,168.48,213.60,1,S,1,E
27,173.60,213.90,1,S,1,E
140,10.85,215.80,1,W,5,E
342,44.24,221.94,2,E,5,N
343,60.08,222.24,2,E,5,N
5,5.61,222.54,1,S,5,N
139,9.85,222.84,1,W,5,N
148,51.61,223.14,1,W,5,N
262,5.63,223.44,1,E,5,N
263,9.47,223.74,1,E,5,N
264,43.99,224.04,1,E,5,N
265,97.84,224.34,1,E,5,N
266,99.00,224.64,1,E,5,N
407,133.93,225.53,3,E,5,E
374,159.62,225.83,3,W,5,E
320,189.82,225.90,2,W,3,W
412,167.39,227.03,3,E,5,E
406,132.32,231.37,3,E,5,N
373,158.94,231.67,3,W,5,N
408,141.87,231.97,3,E,5,N
409,143.85,232.27,3,E,5,N
410,160.47,232.57,3,E,5,N
162,138.88,241.07,1,W,3,E
272,156.65,243.77,1,E,3,E
478,208.65,265.94,5,W,5,N
479,225.78,266.24,5,W,5,N
480,270.68,276.82,5,W,5,N
481,271.75,277.88,5,W,5,N
594,208.18,279.94,5,E,5,N
595,220.47,280.24,5,E,5,N
596,221.42,280.54,5,E,5,N
597,273.21,280.84,5,E,5,N
404,112.40,299.70,3,E,5,W
371,149.44,300.00,3,W,5,W
29,223.38,300.30,1,S,2,W
405,114.08,300.30,3,E,5,W
372,157.87,300.60,3,W,5,W
411,166.26,300.90,3,E,5,W
35,280.49,301.20,1,S,1,W
375,181.07,301.20,3,W,5,W
8,47.31,301.50,1,S,5,W
9,49.21,301.80,1,S,5,W
18,91.14,302.10,1,S,5,W
346,147.19,302.40,2,E,5,W
348,189.12,302.70,2,E,5,W
23,133.98,303.00,1,S,5,W
150,66.99,303.30,1,W,5,W
151,68.13,303.60,1,W,5,W
153,72.79,303.90,1,W,5,W
154,93.67,304.20,1,W,5,W
155,110.68,304.50,1,W,5,W
156,111.08,304.80,1,W,5,W
158,125.80,305.10,1,W,5,W
161,128.91,305.40,1,W,5,W
164,161.95,305.70,1,W,5,W
165,163.14,306.00,1,W,5,W
269,136.84,306.30,1,E,5,W
47,295.41,309.54,1,S,1,W
11,52.13,315.70,1,S,5,E
268,134.08,316.00,1,E,5,E
6,43.53,321.84,1,S,5,N
10,50.25,322.14,1,S,5,N
12,53.27,322.44,1,S,5,N
13,53.96,322.74,1,S,5,N
15,87.03,323.04,1,S,5,N
16,88.00,323.34,1,S,5,N
17,88.72,323.64,1,S,5,N
345,110.04,323.94,2,E,5,N
318,111.93,324.24,2,W,5,N
319,189.53,324.54,2,W,5,N
19,122.00,324.84,1,S,5,N
20,123.36,325.14,1,S,5,N
149,65.67,325.44,1,W,5,N
152,69.48,325.74,1,W,5,N
157,114.54,326.04,1,W,5,N
159,125.86,326.34,1,W,5,N
160,127.76,326.64,1,W,5,N
163,160.75,326.94,1,W,5,N
267,118.70,327.24,1,E,5,N
270,147.22,327.54,1,E,5,N
271,153.07,327.84,1,E,5,N
273,182.40,328.14,1,E,5,N
413,221.52,330.57,3,E,5,N
376,205.02,330.87,3,W,5,N
414,235.88,330.87,3,E,5,N
378,240.14,331.17,3,W,5,N
416,261.02,331.47,3,E,5,N
167,193.20,336.97,1,W,3,E
41,290.71,342.82,1,S,2,W
417,297.37,359.14,3,E,5,N
482,280.36,365.84,5,W,5,N
483,282.50,366.14,5,W,5,N
484,299.14,366.44,5,W,5,N
485,320.90,366.74,5,W,5,N
486,322.51,367.04,5,W,5,N
487,340.98,367.34,5,W,5,N
488,347.60,367.64,5,W,5,N
489,349.54,367.94,5,W,5,N
490,357.73,368.24,5,W,5,N
491,360.57,368.54,5,W,5,N
492,361.89,368.84,5,W,5,N
598,323.59,379.84,5,E,5,N
599,329.18,380.14,5,E,5,N
600,336.32,380.44,5,E,5,N
601,386.92,393.05,5,E,5,N
32,272.11,399.20,1,S,3,E
377,228.65,399.60,3,W,5,W
415,249.44,399.90,3,E,5,W
379,257.18,400.20,3,W,5,W
380,261.45,400.50,3,W,5,W
26,171.64,400.80,1,S,5,W
321,203.30,401.10,2,W,5,W
350,270.93,401.40,2,E,5,W
54,303.82,401.60,1,S,1,W
324,253.23,401.70,2,W,5,W
55,338.25,401.90,1,S,1,W
30,223.88,402.00,1,S,5,W
169,228.39,402.30,1,W,5,W
275,238.99,402.60,1,E,5,W
328,329.02,413.17,2,W,3,E
166,186.56,415.60,1,W,5,E
168,213.70,415.90,1,W,5,E
279,298.11,415.93,1,E,5,E
28,173.77,421.74,1,S,5,N
349,234.48,422.04,2,E,5,N
322,208.69,422.34,2,W,5,N
323,239.18,422.64,2,W,5,N
325,267.56,422.94,2,W,5,N
351,295.65,423.24,2,E,5,N
170,229.25,423.54,1,W,5,N
171,229.74,423.84,1,W,5,N
172,236.51,424.14,1,W,5,N
173,238.16,424.44,1,W,5,N
174,254.71,424.74,1,W,5,N
274,219.68,425.04,1,E,5,N
276,262.21,425.34,1,E,5,N
277,265.30,425.64,1,E,5,N
381,320.20,430.37,3,W,5,N
419,356.49,430.67,3,E,5,N
383,365.67,430.97,3,W,5,N
420,374.73,436.50,3,E,5,N
179,306.11,438.87,1,W,3,W
181,308.37,439.47,1,W,3,W
63,352.74,442.62,1,S,2,W
384,388.98,450.75,3,W,5,N
493,392.61,465.74,5,W,5,N
494,393.50,466.04,5,W,5,N
495,393.69,466.34,5,W,5,N
496,395.74,466.64,5,W,5,N
497,404.36,466.94,5,W,5,N
498,411.64,467.24,5,W,5,N
499,423.76,467.54,5,W,5,N
500,431.45,467.84,5,W,5,N
501,432.64,468.14,5,W,5,N
502,433.34,468.44,5,W,5,N
503,445.47,468.74,5,W,5,N
504,447.94,469.04,5,W,5,N
505,449.04,469.34,5,W,5,N
506,450.84,469.64,5,W,5,N
507,460.36,469.94,5,W,5,N
508,462.25,470.24,5,W,5,N
509,472.34,478.47,5,W,5,N
602,409.97,479.74,5,E,5,N
603,481.22,487.36,5,E,5,N
278,296.88,499.50,1,E,5,W
418,310.62,499.80,3,E,5,W
382,348.52,500.10,3,W,5,W
37,283.39,500.40,1,S,5,W
73,411.16,500.50,1,S,2,W
38,286.24,500.70,1,S,5,W
191,417.35,500.80,1,W,2,W
43,292.27,501.00,1,S,5,W
45,293.49,501.30,1,S,5,W
49,298.54,501.60,1,S,5,W
352,335.73,501.90,2,E,5,W
66,402.71,502.00,1,S,1,W
353,355.48,502.20,2,E,5,W
76,413.46,502.30,1,S,1,W
51,300.52,502.50,1,S,5,W
80,481.84,502.60,1,S,1,W
53,302.02,502.80,1,S,5,W
175,271.68,503.10,1,W,5,W
177,290.69,503.40,1,W,5,W
180,306.46,503.70,1,W,5,W
182,328.85,504.00,1,W,5,W
184,352.49,504.30,1,W,5,W
187,363.82,504.60,1,W,5,W
280,315.71,504.90,1,E,5,W
282,346.64,505.20,1,E,5,W
78,447.81,514.80,1,S,1,E
183,350.74,515.50,1,W,5,E
31,271.38,521.64,1,S,5,N
33,273.85,521.94,1,S,5,N
34,275.33,522.24,1,S,5,N
36,281.83,522.54,1,S,5,N
39,287.40,522.84,1,S,5,N
40,288.93,523.14,1,S,5,N
42,291.60,523.44,1,S,5,N
44,292.89,523.74,1,S,5,N
46,294.93,524.04,1,S,5,N
422,431.07,524.33,3,E,5,E
48,297.05,524.34,1,S,5,N
423,462.01,524.63,3,E,5,E
326,304.84,524.64,2,W,5,N
327,315.77,524.94,2,W,5,N
354,369.33,525.24,2,E,5,N
50,298.80,525.54,1,S,5,N
52,300.70,525.84,1,S,5,N
176,287.27,526.14,1,W,5,N
178,305.08,526.44,1,W,5,N
185,354.20,526.74,1,W,5,N
186,357.29,527.04,1,W,5,N
281,343.89,527.34,1,E,5,N
283,364.07,527.64,1,E,5,N
284,390.42,527.94,1,E,5,N
385,418.00,530.17,3,W,5,N
386,433.35,530.47,3,W,5,N
189,383.79,539.27,1,W,3,W
196,441.34,541.07,1,W,3,W
290,442.63,543.77,1,E,3,W
510,473.63,565.64,5,W,5,N
511,484.50,565.94,5,W,5,N
512,501.30,566.24,5,W,5,N
513,502.96,566.54,5,W,5,N
514,506.10,566.84,5,W,5,N
515,507.16,567.14,5,W,5,N
516,507.78,567.44,5,W,5,N
517,512.75,567.74,5,W,5,N
518,513.21,568.04,5,W,5,N
519,515.30,568.34,5,W,5,N
520,525.75,568.64,5,W,5,N
521,542.19,568.94,5,W,5,N
522,549.86,569.24,5,W,5,N
523,551.53,569.54,5,W,5,N
524,554.80,569.84,5,W,5,N
525,556.96,570.14,5,W,5,N
526,558.47,570.44,5,W,5,N
527,565.38,571.52,5,W,5,N
604,551.03,579.64,5,E,5,N
605,551.26,579.94,5,E,5,N
606,557.97,580.24,5,E,5,N
607,581.65,587.79,5,E,5,N
608,585.58,591.72,5,E,5,N
79,448.79,598.80,1,S,3,E
421,421.40,599.40,3,E,5,W
60,346.13,599.70,1,S,5,W
62,348.64,600.00,1,S,5,W
64,354.36,600.30,1,S,5,W
67,403.15,600.60,1,S,5,W
83,531.33,600.60,1,S,2,W
356,461.60,600.90,2,E,5,W
294,509.66,600.90,1,E,2,W
357,479.04,601.20,2,E,5,W
69,406.97,601.50,1,S,5,W
72,409.81,601.80,1,S,5,W
75,412.39,602.10,1,S,5,W
77,414.30,602.40,1,S,5,W
84,533.29,602.40,1,S,1,W
190,399.09,602.70,1,W,5,W
85,534.13,602.70,1,S,1,W
192,420.50,603.00,1,W,5,W
87,567.00,603.00,1,S,1,W
194,438.44,603.30,1,W,5,W
97,582.26,603.30,1,S,1,W
195,440.14,603.60,1,W,5,W
197,443.09,603.90,1,W,5,W
199,459.87,604.20,1,W,5,W
56,339.83,621.54,1,S,5,N
57,340.30,621.84,1,S,5,N
58,342.25,622.14,1,S,5,N
59,343.79,622.44,1,S,5,N
61,347.95,622.74,1,S,5,N
65,401.14,623.04,1,S,5,N
329,420.14,623.34,2,W,5,N
355,412.27,623.64,2,E,5,N
68,406.13,623.94,1,S,5,N
70,408.60,624.24,1,S,5,N
71,408.66,624.54,1,S,5,N
74,411.22,624.84,1,S,5,N
188,367.35,625.14,1,W,5,N
193,430.37,625.44,1,W,5,N
198,458.52,625.74,1,W,5,N
285,410.18,626.04,1,E,5,N
286,420.63,626.34,1,E,5,N
287,421.02,626.64,1,E,5,N
288,426.51,626.94,1,E,5,N
289,433.12,627.24,1,E,5,N
291,478.86,627.54,1,E,5,N
292,488.76,627.84,1,E,5,N
425,530.50,630.27,3,E,5,N
426,531.76,630.57,3,E,5,N
428,567.64,631.17,3,E,5,N
429,577.55,639.32,3,E,5,N
208,512.88,639.67,1,W,3,E
88,568.21,641.32,1,S,2,W
301,573.43,643.87,1,E,3,W
528,572.94,665.54,5,W,5,N
529,574.87,665.84,5,W,5,N
530,582.23,666.14,5,W,5,N
531,583.90,666.44,5,W,5,N
532,597.12,666.74,5,W,5,N
533,598.26,667.04,5,W,5,N
534,599.82,667.34,5,W,5,N
535,622.90,667.64,5,W,5,N
536,624.32,667.94,5,W,5,N
537,626.29,668.24,5,W,5,N
538,650.74,668.54,5,W,5,N
539,653.49,668.84,5,W,5,N
609,638.13,679.54,5,E,5,N
610,656.47,679.84,5,E,5,N
95,580.69,698.60,1,S,3,E
293,499.18,699.30,1,E,5,W
387,503.90,699.60,3,W,5,W
424,500.47,699.90,3,E,5,W
388,507.10,700.20,3,W,5,W
389,510.98,700.50,3,W,5,W
219,579.33,700.70,1,W,2,W
390,524.26,700.80,3,W,5,W
427,533.34,701.10,3,E,5,W
430,579.32,701.40,3,E,5,W
330,508.21,701.70,2,W,5,W
332,548.95,702.00,2,W,5,W
86,535.30,702.30,1,S,5,W
200,467.17,702.60,1,W,5,W
101,626.68,702.80,1,S,1,W
206,489.55,702.90,1,W,5,W
106,630.08,703.10,1,S,1,W
209,518.36,703.20,1,W,5,W
107,664.06,703.40,1,S,1,W
212,538.87,703.50,1,W,5,W
113,670.86,703.70,1,S,1,W
215,556.97,715.30,1,W,5,E
108,666.03,715.60,1,S,1,E
111,669.18,715.90,1,S,1,E
391,598.03,721.44,3,W,5,N
81,486.17,721.74,1,S,5,N
358,529.02,722.04,2,E,5,N
359,570.74,722.34,2,E,5,N
331,538.22,722.64,2,W,5,N
333,560.23,722.94,2,W,5,N
334,572.28,723.24,2,W,5,N
82,529.47,723.54,1,S,5,N
201,473.88,723.84,1,W,5,N
202,475.26,724.14,1,W,5,N
203,478.51,724.44,1,W,5,N
204,487.14,724.74,1,W,5,N
205,488.36,725.04,1,W,5,N
207,490.83,725.34,1,W,5,N
210,535.34,725.64,1,W,5,N
211,536.95,725.94,1,W,5,N
213,554.74,726.24,1,W,5,N
214,556.66,726.54,1,W,5,N
295,527.88,726.84,1,E,5,N
296,549.95,727.14,1,E,5,N
297,551.71,727.44,1,E,5,N
298,553.15,727.74,1,E,5,N
299,562.09,728.04,1,E,5,N
300,567.86,728.34,1,E,5,N
392,602.49,729.77,3,W,5,N
393,606.70,730.07,3,W,5,N
394,668.61,730.38,3,W,5,N
120,722.49,736.63,1,S,1,E
105,628.64,738.57,1,S,3,W
220,598.46,739.77,1,W,3,W
226,648.21,741.57,1,W,3,W
110,667.69,742.02,1,S,2,W
305,667.45,743.67,1,E,3,W
540,687.30,765.44,5,W,5,N
541,703.92,765.74,5,W,5,N
542,731.45,766.04,5,W,5,N
543,732.61,766.34,5,W,5,N
544,734.61,766.64,5,W,5,N
545,735.25,766.94,5,W,5,N
546,735.93,767.24,5,W,5,N
547,738.05,767.54,5,W,5,N
548,758.69,767.84,5,W,5,N
549,766.67,772.80,5,W,5,N
550,768.05,774.19,5,W,5,N
551,770.00,776.14,5,W,5,N
552,770.65,776.78,5,W,5,N
611,710.47,779.44,5,E,5,N
612,739.95,779.74,5,E,5,N
613,780.54,786.67,5,E,5,N
614,782.74,788.88,5,E,5,N
615,783.11,789.24,5,E,5,N
431,616.35,799.20,3,E,5,W
432,648.31,799.50,3,E,5,W
395,669.76,799.80,3,W,5,W
433,696.53,800.10,3,E,5,W
89,573.65,800.40,1,S,5,W
92,575.67,800.70,1,S,5,W
94,579.54,801.00,1,S,5,W
360,613.12,801.30,2,E,5,W
362,700.44,801.60,2,E,5,W
98,622.85,801.90,1,S,5,W
100,626.37,802.20,1,S,5,W
104,628.29,802.50,1,S,5,W
221,606.79,802.80,1,W,5,W
222,606.98,803.10,1,W,5,W
116,714.70,803.20,1,S,1,W
223,608.35,803.40,1,W,5,W
119,721.17,803.50,1,S,1,W
224,609.61,803.70,1,W,5,W
302,627.30,804.00,1,E,5,W
303,629.70,804.30,1,E,5,W
307,681.49,804.60,1,E,5,W
339,755.06,813.27,2,W,3,E
228,651.52,815.20,1,W,5,E
90,573.73,821.34,1,S,5,N
91,573.80,821.64,1,S,5,N
93,578.02,821.94,1,S,5,N
96,580.95,822.24,1,S,5,N
335,657.66,822.54,2,W,5,N
361,654.45,822.84,2,E,5,N
336,669.62,823.14,2,W,5,N
396,720.09,823.43,3,W,5,E
337,672.56,823.44,2,W,5,N
435,756.19,823.73,3,E,5,E
99,625.35,823.74,1,S,5,N
102,626.85,824.04,1,S,5,N
103,628.01,824.34,1,S,5,N
216,573.43,824.64,1,W,5,N
217,574.69,824.94,1,W,5,N
218,577.56,825.24,1,W,5,N
225,626.34,825.54,1,W,5,N
227,651.42,825.84,1,W,5,N
229,657.25,826.14,1,W,5,N
304,658.81,826.44,1,E,5,N
306,678.11,826.74,1,E,5,N
308,690.85,827.04,1,E,5,N
397,776.83,832.46,3,W,5,E
237,731.33,839.87,1,W,3,W
436,788.48,850.25,3,E,5,N
553,773.29,865.34,5,W,5,N
554,773.84,865.64,5,W,5,N
555,783.95,865.94,5,W,5,N
556,801.48,866.24,5,W,5,N
557,806.61,866.54,5,W,5,N
558,821.98,866.84,5,W,5,N
559,824.47,867.14,5,W,5,N
560,826.33,867.44,5,W,5,N
561,826.87,867.74,5,W,5,N
562,834.12,868.04,5,W,5,N
563,842.07,868.34,5,W,5,N
564,842.26,868.64,5,W,5,N
565,843.92,868.94,5,W,5,N
566,844.94,869.24,5,W,5,N
567,846.33,869.54,5,W,5,N
568,848.57,869.84,5,W,5,N
569,850.08,870.14,5,W,5,N
570,851.70,870.44,5,W,5,N
571,852.77,870.74,5,W,5,N
572,854.08,871.04,5,W,5,N
573,855.14,871.34,5,W,5,N
574,855.55,871.64,5,W,5,N
575,857.54,871.94,5,W,5,N
576,859.07,872.24,5,W,5,N
577,872.10,878.23,5,W,5,N
616,799.29,879.34,5,E,5,N
617,811.98,879.64,5,E,5,N
618,813.10,879.94,5,E,5,N
619,856.21,880.24,5,E,5,N
309,697.11,899.10,1,E,5,W
434,750.89,899.40,3,E,5,W
338,754.32,899.70,2,W,5,W
117,717.90,900.00,1,S,5,W
232,683.99,900.30,1,W,5,W
234,713.12,900.60,1,W,5,W
126,840.66,903.60,1,S,1,W
620,897.65,903.78,5,E,5,N
128,842.36,903.90,1,S,1,W
130,843.86,904.20,1,S,1,W
137,891.58,905.71,1,S,1,W
129,843.63,916.40,1,S,1,E
310,701.09,921.24,1,E,5,N
109,667.09,921.54,1,S,5,N
112,669.86,921.84,1,S,5,N
114,672.67,922.14,1,S,5,N
364,765.33,922.44,2,E,5,N
363,736.88,922.74,2,E,5,N
115,713.02,923.04,1,S,5,N
118,718.18,923.34,1,S,5,N
230,682.27,923.64,1,W,5,N
231,682.96,923.94,1,W,5,N
233,693.42,924.24,1,W,5,N
235,719.83,924.54,1,W,5,N
236,721.50,924.84,1,W,5,N
238,732.88,925.14,1,W,5,N
239,739.73,925.44,1,W,5,N
240,741.72,925.74,1,W,5,N
241,758.10,926.04,1,W,5,N
311,730.65,926.34,1,E,5,N
312,783.51,926.64,1,E,5,N
313,788.80,926.94,1,E,5,N
398,799.14,929.37,3,W,5,N
437,808.00,929.67,3,E,5,N
399,853.91,929.97,3,W,5,N
440,818.46,930.27,3,E,5,N
442,821.72,930.87,3,E,5,N
444,872.29,934.06,3,E,5,N
400,874.23,936.00,3,W,5,N
131,883.11,942.82,1,S,2,W
446,888.64,950.41,3,E,5,N
578,874.79,965.24,5,W,5,N
579,881.15,965.54,5,W,5,N
580,882.25,965.84,5,W,5,N
581,897.24,966.14,5,W,5,N
582,898.57,966.44,5,W,5,N
138,893.32,998.00,1,S,3,W
438,809.13,999.00,3,E,5,W
439,810.48,999.30,3,E,5,W
441,820.04,999.60,3,E,5,W
443,870.35,999.90,3,E,5,W
445,873.89,1000.20,3,E,5,W
447,896.00,1000.50,3,E,5,W
448,897.98,1000.80,3,E,5,W
260,898.08,1001.00,1,W,2,W
121,764.59,1001.10,1,S,5,W
261,899.73,1001.30,1,W,2,W
366,856.57,1001.40,2,E,5,W
243,791.30,1001.70,1,W,5,W
245,820.76,1002.00,1,W,5,W
251,847.37,1002.30,1,W,5,W
253,864.01,1002.60,1,W,5,W
123,764.99,1015.00,1,S,5,E
122,764.70,1021.14,1,S,5,N
124,792.19,1021.44,1,S,5,N
365,810.67,1021.74,2,E,5,N
340,845.17,1022.04,2,W,5,N
341,847.67,1022.34,2,W,5,N
367,898.21,1022.64,2,E,5,N
125,838.82,1022.94,1,S,5,N
242,784.05,1023.24,1,W,5,N
244,807.79,1023.54,1,W,5,N
246,822.30,1023.84,1,W,5,N
247,823.70,1024.14,1,W,5,N
248,825.09,1024.44,1,W,5,N
249,826.30,1024.74,1,W,5,N
250,827.62,1025.04,1,W,5,N
252,848.52,1025.34,1,W,5,N
254,865.28,1025.64,1,W,5,N
255,866.35,1025.94,1,W,5,N
314,813.90,1026.24,1,E,5,N
315,814.31,1026.54,1,E,5,N
316,877.90,1026.84,1,E,5,N
259,883.01,1098.90,1,W,5,W
127,841.84,1121.04,1,S,5,N
132,884.30,1121.34,1,S,5,N
133,884.80,1121.64,1,S,5,N
134,884.99,1121.94,1,S,5,N
135,887.88,1122.24,1,S,5,N
136,889.89,1122.54,1,S,5,N
256,875.95,1122.84,1,W,5,N
257,877.62,1123.14,1,W,5,N
258,879.24,1123.44,1,W,5,N