id,enter_time,exit_time,entrance_intersection,entrance_direction,exit_intersection,exit_direction
6,8.50,22.64,1,S,1,E
2,3.46,43.72,1,S,2,W
437,1.09,66.14,5,W,5,N
438,2.26,66.44,5,W,5,N
439,3.81,66.74,5,W,5,N
440,14.16,67.04,5,W,5,N
441,22.45,67.34,5,W,5,N
442,69.49,75.63,5,W,5,N
443,72.17,78.31,5,W,5,N
444,73.17,79.31,5,W,5,N
445,73.39,79.52,5,W,5,N
573,0.90,80.14,5,E,5,N
574,51.99,80.44,5,E,5,N
575,53.23,80.74,5,E,5,N
576,56.00,81.04,5,E,5,N
577,77.95,84.09,5,E,5,N
140,51.90,100.10,1,W,2,W
17,25.50,100.10,1,S,2,E
251,18.80,100.40,1,E,2,E
15,23.19,100.40,1,S,1,W
16,24.31,100.70,1,S,1,W
18,59.32,101.00,1,S,1,W
21,68.86,101.30,1,S,1,W
369,58.90,130.97,3,W,5,N
396,36.67,131.57,3,E,5,N
11,18.81,137.97,1,S,3,E
137,26.67,140.07,1,W,3,E
397,95.47,157.24,3,E,5,N
446,75.29,166.04,5,W,5,N
447,77.72,166.34,5,W,5,N
448,78.87,166.64,5,W,5,N
449,98.32,166.94,5,W,5,N
450,99.71,167.24,5,W,5,N
451,101.35,167.54,5,W,5,N
452,102.88,167.84,5,W,5,N
453,104.30,168.14,5,W,5,N
454,106.16,168.44,5,W,5,N
455,107.33,168.74,5,W,5,N
456,118.20,169.04,5,W,5,N
457,119.78,169.34,5,W,5,N
458,124.67,169.64,5,W,5,N
459,126.05,169.94,5,W,5,N
460,170.69,176.82,5,W,5,N
578,143.69,180.04,5,E,5,N
579,143.73,180.34,5,E,5,N
580,145.11,180.64,5,E,5,N
581,155.71,180.94,5,E,5,N
582,176.61,182.75,5,E,5,N
583,178.03,184.17,5,E,5,N
584,188.39,194.53,5,E,5,N
394,34.30,199.80,3,E,5,W
395,35.47,200.10,3,E,5,W
3,4.38,200.40,1,S,5,W
309,10.19,200.70,2,W,5,W
23,117.62,200.80,1,S,1,W
310,42.28,201.00,2,W,5,W
27,122.44,201.10,1,S,1,W
344,72.21,201.30,2,E,5,W
31,164.45,201.40,1,S,1,W
314,93.19,201.60,2,W,5,W
5,6.80,201.90,1,S,5,W
12,20.75,202.20,1,S,5,W
13,21.91,202.50,1,S,5,W
14,22.84,202.80,1,S,5,W
139,50.07,203.10,1,W,5,W
141,52.59,203.40,1,W,5,W
144,64.38,203.70,1,W,5,W
250,15.81,204.00,1,E,5,W
30,162.59,213.60,1,S,1,E
32,167.82,213.90,1,S,1,E
252,41.03,215.80,1,E,5,E
37,207.41,221.54,1,S,1,E
0,1.21,221.94,1,S,5,N
1,2.41,222.24,1,S,5,N
343,36.22,222.54,2,E,5,N
311,54.96,222.84,2,W,5,N
312,81.08,223.14,2,W,5,N
313,81.16,223.44,2,W,5,N
4,5.42,223.74,1,S,5,N
7,10.20,224.04,1,S,5,N
8,11.46,224.34,1,S,5,N
9,12.32,224.64,1,S,5,N
10,17.65,224.94,1,S,5,N
134,2.66,225.24,1,W,5,N
135,4.47,225.54,1,W,5,N
136,5.90,225.84,1,W,5,N
138,27.74,226.14,1,W,5,N
142,54.23,226.44,1,W,5,N
143,54.67,226.74,1,W,5,N
41,212.83,226.96,1,S,1,E
253,41.59,227.04,1,E,5,N
254,43.12,227.34,1,E,5,N
255,81.42,227.64,1,E,5,N
256,86.96,227.94,1,E,5,N
400,140.85,231.37,3,E,5,N
401,141.97,231.67,3,E,5,N
371,171.67,233.44,3,W,5,N
157,159.90,241.37,1,W,3,W
461,183.80,265.94,5,W,5,N
462,185.05,266.24,5,W,5,N
463,186.21,266.54,5,W,5,N
464,187.68,266.84,5,W,5,N
465,193.81,267.14,5,W,5,N
466,196.59,267.44,5,W,5,N
467,197.04,267.74,5,W,5,N
468,198.73,268.04,5,W,5,N
469,200.55,268.34,5,W,5,N
470,214.05,268.64,5,W,5,N
471,220.26,268.94,5,W,5,N
472,251.75,269.24,5,W,5,N
473,253.82,269.54,5,W,5,N
585,241.58,279.94,5,E,5,N
586,243.58,280.24,5,E,5,N
587,263.08,280.54,5,E,5,N
588,269.63,280.84,5,E,5,N
257,96.22,299.70,1,E,5,W
258,99.02,300.00,1,E,5,W
40,212.15,300.30,1,S,2,W
370,114.52,300.30,3,W,5,W
398,107.53,300.60,3,E,5,W
399,108.57,300.90,3,E,5,W
402,154.91,301.20,3,E,5,W
345,113.89,301.50,2,E,5,W
346,154.00,301.80,2,E,5,W
315,191.36,302.10,2,W,5,W
26,121.58,302.40,1,S,5,W
146,67.02,302.70,1,W,5,W
46,288.62,302.76,1,S,1,W
147,67.30,303.00,1,W,5,W
148,70.12,303.30,1,W,5,W
152,109.98,303.60,1,W,5,W
154,145.71,303.90,1,W,5,W
155,145.95,304.20,1,W,5,W
262,143.16,304.50,1,E,5,W
265,170.22,304.80,1,E,5,W
266,181.09,305.10,1,E,5,W
347,200.87,312.47,2,E,3,E
44,287.53,314.00,1,S,1,E
45,288.62,314.30,1,S,1,E
150,98.75,315.70,1,W,5,E
156,159.40,316.00,1,W,5,E
259,107.10,316.30,1,E,5,E
19,59.99,321.84,1,S,5,N
20,61.58,322.14,1,S,5,N
22,111.86,322.44,1,S,5,N
24,119.62,322.74,1,S,5,N
25,121.14,323.04,1,S,5,N
28,123.42,323.34,1,S,5,N
145,65.57,323.64,1,W,5,N
149,78.86,323.94,1,W,5,N
151,100.32,324.24,1,W,5,N
153,125.77,324.54,1,W,5,N
260,117.21,324.84,1,E,5,N
261,133.01,325.14,1,E,5,N
263,151.41,325.44,1,E,5,N
264,165.96,325.74,1,E,5,N
267,190.05,326.04,1,E,5,N
372,224.87,330.57,3,W,5,N
373,229.35,330.87,3,W,5,N
404,237.13,331.17,3,E,5,N
405,238.79,331.47,3,E,5,N
407,250.93,331.77,3,E,5,N
376,270.03,331.80,3,W,5,N
408,252.51,332.07,3,E,5,N
409,265.43,332.37,3,E,5,N
410,266.71,332.67,3,E,5,N
159,192.49,337.57,1,W,3,E
47,329.41,343.54,1,S,1,E
474,283.10,365.84,5,W,5,N
475,290.97,366.14,5,W,5,N
476,292.94,366.44,5,W,5,N
477,295.15,366.74,5,W,5,N
478,296.59,367.04,5,W,5,N
479,326.19,367.34,5,W,5,N
480,327.39,367.64,5,W,5,N
481,355.14,367.94,5,W,5,N
482,356.32,368.24,5,W,5,N
483,363.54,369.68,5,W,5,N
484,366.32,372.46,5,W,5,N
485,367.79,373.92,5,W,5,N
486,369.47,375.60,5,W,5,N
487,369.53,375.66,5,W,5,N
488,372.24,378.38,5,W,5,N
489,372.47,378.61,5,W,5,N
589,320.48,379.84,5,E,5,N
590,385.49,391.63,5,E,5,N
591,385.90,392.04,5,E,5,N
592,391.75,397.89,5,E,5,N
268,200.58,399.60,1,E,5,W
403,202.34,399.90,3,E,5,W
374,256.66,400.20,3,W,5,W
375,266.90,400.50,3,W,5,W
406,249.75,400.80,3,E,5,W
33,173.42,401.10,1,S,5,W
35,175.27,401.40,1,S,5,W
49,334.20,401.60,1,S,1,W
348,246.76,401.70,2,E,5,W
50,338.78,401.90,1,S,1,W
318,260.83,402.00,2,W,5,W
319,266.77,402.30,2,W,5,W
320,298.03,402.60,2,W,5,W
350,298.32,402.90,2,E,5,W
42,213.96,403.20,1,S,5,W
160,194.08,403.50,1,W,5,W
162,244.06,403.80,1,W,5,W
163,260.01,404.10,1,W,5,W
59,395.21,409.35,1,S,1,W
52,340.62,414.40,1,S,1,E
277,393.89,420.01,1,E,2,W
29,160.64,421.74,1,S,5,N
34,173.67,422.04,1,S,5,N
36,175.27,422.34,1,S,5,N
316,203.78,422.64,2,W,5,N
317,229.33,422.94,2,W,5,N
349,262.84,423.24,2,E,5,N
38,208.58,423.54,1,S,5,N
39,210.66,423.84,1,S,5,N
158,169.86,424.14,1,W,5,N
161,218.96,424.44,1,W,5,N
269,227.14,424.74,1,E,5,N
270,291.21,425.04,1,E,5,N
377,322.25,430.37,3,W,5,N
412,322.04,430.67,3,E,5,N
413,370.44,432.21,3,E,5,N
174,356.50,439.77,1,W,3,E
53,340.79,440.82,1,S,2,W
61,426.93,441.06,1,S,1,E
278,395.58,457.77,1,E,3,W
490,373.65,465.74,5,W,5,N
491,414.18,466.04,5,W,5,N
492,414.42,466.34,5,W,5,N
493,425.07,466.64,5,W,5,N
494,426.78,466.94,5,W,5,N
495,428.31,467.24,5,W,5,N
496,429.75,467.54,5,W,5,N
497,437.31,467.84,5,W,5,N
498,463.53,469.67,5,W,5,N
499,466.50,472.63,5,W,5,N
500,469.23,475.37,5,W,5,N
593,407.25,479.74,5,E,5,N
594,408.00,480.04,5,E,5,N
595,437.78,480.34,5,E,5,N
596,442.87,480.64,5,E,5,N
597,465.85,480.94,5,E,5,N
598,476.93,483.07,5,E,5,N
411,320.12,499.50,3,E,5,W
378,346.02,499.80,3,W,5,W
353,356.78,500.10,2,E,5,W
271,314.17,500.40,1,E,5,W
178,388.40,500.50,1,W,2,W
179,390.02,500.80,1,W,2,W
62,428.92,502.00,1,S,1,W
275,384.36,502.18,1,E,5,W
68,463.52,502.30,1,S,1,W
66,462.26,514.80,1,S,1,E
273,335.68,515.50,1,E,5,E
43,247.74,521.64,1,S,5,N
351,319.78,521.94,2,E,5,N
321,311.23,522.24,2,W,5,N
352,343.12,522.54,2,E,5,N
322,343.90,522.84,2,W,5,N
323,345.28,523.14,2,W,5,N
354,376.49,523.44,2,E,5,N
324,358.25,523.74,2,W,5,N
325,383.05,524.04,2,W,5,N
380,466.98,524.33,3,W,5,E
326,392.96,524.34,2,W,5,N
48,333.06,524.64,1,S,5,N
164,280.34,524.94,1,W,5,N
165,289.09,525.24,1,W,5,N
166,290.53,525.54,1,W,5,N
167,306.88,525.84,1,W,5,N
168,308.36,526.14,1,W,5,N
169,328.30,526.44,1,W,5,N
170,329.13,526.74,1,W,5,N
171,330.64,527.04,1,W,5,N
172,347.20,527.34,1,W,5,N
173,355.07,527.64,1,W,5,N
272,316.16,527.94,1,E,5,N
274,345.78,528.24,1,E,5,N
276,385.41,528.54,1,E,5,N
414,426.55,530.17,3,E,5,N
379,416.02,530.47,3,W,5,N
177,375.65,538.37,1,W,3,E
283,451.21,541.67,1,E,3,W
417,496.41,558.18,3,E,5,N
501,513.45,565.64,5,W,5,N
502,514.76,565.94,5,W,5,N
503,516.15,566.24,5,W,5,N
504,517.54,566.54,5,W,5,N
505,519.23,566.84,5,W,5,N
506,523.31,567.14,5,W,5,N
507,523.46,567.44,5,W,5,N
508,525.01,567.74,5,W,5,N
509,526.77,568.04,5,W,5,N
510,559.96,568.34,5,W,5,N
511,562.32,568.45,5,W,5,N
512,563.98,570.11,5,W,5,N
513,566.53,572.66,5,W,5,N
514,568.49,574.63,5,W,5,N
515,570.13,576.27,5,W,5,N
516,572.32,578.45,5,W,5,N
599,518.45,579.64,5,E,5,N
600,571.26,579.94,5,E,5,N
601,576.65,582.79,5,E,5,N
415,484.41,599.40,3,E,5,W
416,485.65,599.70,3,E,5,W
55,343.00,600.00,1,S,5,W
56,343.54,600.30,1,S,5,W
57,344.59,600.60,1,S,5,W
190,502.09,600.60,1,W,2,W
60,426.64,600.90,1,S,5,W
288,516.68,600.90,1,E,2,W
64,430.12,601.20,1,S,5,W
175,372.33,601.50,1,W,5,W
185,458.26,601.80,1,W,5,W
284,478.70,602.10,1,E,5,W
78,545.63,602.40,1,S,1,W
81,554.18,602.70,1,S,1,W
329,506.73,612.77,2,W,3,E
54,342.10,615.40,1,S,5,E
176,374.73,615.70,1,W,5,E
181,425.12,616.00,1,W,5,E
280,405.67,616.30,1,E,5,E
51,340.58,621.54,1,S,5,N
58,394.19,621.84,1,S,5,N
355,425.27,622.14,2,E,5,N
356,445.18,622.44,2,E,5,N
327,481.43,622.74,2,W,5,N
357,492.84,623.04,2,E,5,N
328,495.31,623.34,2,W,5,N
63,429.79,623.64,1,S,5,N
65,431.37,623.94,1,S,5,N
180,410.10,624.24,1,W,5,N
182,425.60,624.54,1,W,5,N
183,439.29,624.84,1,W,5,N
184,456.27,625.14,1,W,5,N
279,404.25,625.44,1,E,5,N
281,406.96,625.74,1,E,5,N
282,409.29,626.04,1,E,5,N
285,484.25,626.34,1,E,5,N
286,489.53,626.64,1,E,5,N
287,498.56,626.94,1,E,5,N
381,531.72,629.97,3,W,5,N
419,512.51,630.27,3,E,5,N
420,520.72,630.57,3,E,5,N
421,575.07,630.71,3,E,5,E
94,629.59,643.72,1,S,1,E
99,634.23,648.36,1,S,1,E
517,574.39,665.54,5,W,5,N
518,575.91,665.84,5,W,5,N
519,583.38,666.14,5,W,5,N
520,585.36,666.44,5,W,5,N
521,586.95,666.74,5,W,5,N
522,594.00,667.04,5,W,5,N
523,594.86,667.34,5,W,5,N
524,596.63,667.64,5,W,5,N
525,598.81,667.94,5,W,5,N
526,609.42,668.24,5,W,5,N
527,611.67,668.54,5,W,5,N
528,613.25,668.84,5,W,5,N
529,621.00,669.14,5,W,5,N
530,622.82,669.44,5,W,5,N
531,623.84,669.74,5,W,5,N
532,654.18,670.04,5,W,5,N
533,656.04,670.34,5,W,5,N
534,665.67,671.81,5,W,5,N
535,667.51,673.65,5,W,5,N
536,668.53,674.67,5,W,5,N
537,668.57,674.70,5,W,5,N
538,669.27,675.41,5,W,5,N
539,672.05,678.19,5,W,5,N
540,672.68,678.82,5,W,5,N
602,624.11,679.54,5,E,5,N
603,667.67,679.84,5,E,5,N
604,669.93,680.14,5,E,5,N
605,691.22,697.36,5,E,5,N
82,575.16,698.60,1,S,3,W
83,577.09,698.90,1,S,3,W
418,510.86,699.30,3,E,5,W
382,583.22,699.60,3,W,5,W
422,587.82,699.90,3,E,5,W
383,590.73,700.20,3,W,5,W
384,590.98,700.50,3,W,5,W
70,466.89,700.80,1,S,5,W
330,518.30,701.10,2,W,5,W
359,584.06,701.40,2,E,5,W
187,485.21,701.70,1,W,5,W
193,529.99,702.00,1,W,5,W
98,632.35,702.80,1,S,1,W
108,686.18,703.10,1,S,1,W
289,531.13,715.30,1,E,5,E
291,578.60,715.60,1,E,5,E
109,686.24,715.60,1,S,1,E
67,463.14,721.44,1,S,5,N
69,465.26,721.74,1,S,5,N
71,467.92,722.04,1,S,5,N
72,496.70,722.34,1,S,5,N
358,538.14,722.64,2,E,5,N
331,528.51,722.94,2,W,5,N
360,596.64,723.24,2,E,5,N
186,479.81,723.54,1,W,5,N
188,488.80,723.84,1,W,5,N
189,500.69,724.14,1,W,5,N
191,504.09,724.44,1,W,5,N
192,507.30,724.74,1,W,5,N
194,543.07,725.04,1,W,5,N
195,545.03,725.34,1,W,5,N
196,548.41,725.64,1,W,5,N
290,564.80,725.94,1,E,5,N
292,589.57,726.24,1,E,5,N
423,644.78,729.77,3,E,5,N
385,650.42,730.07,3,W,5,N
386,651.60,730.37,3,W,5,N
424,675.16,736.93,3,E,5,N
425,677.09,738.86,3,E,5,N
541,673.85,765.44,5,W,5,N
542,675.33,765.74,5,W,5,N
543,677.20,766.04,5,W,5,N
544,684.44,766.34,5,W,5,N
545,694.79,766.64,5,W,5,N
546,701.13,766.94,5,W,5,N
547,709.86,767.24,5,W,5,N
548,720.39,767.54,5,W,5,N
549,735.67,767.84,5,W,5,N
550,737.16,768.14,5,W,5,N
551,743.34,768.44,5,W,5,N
552,750.95,768.74,5,W,5,N
553,752.87,769.04,5,W,5,N
554,754.35,769.34,5,W,5,N
555,755.49,769.64,5,W,5,N
556,757.73,769.94,5,W,5,N
557,767.96,774.09,5,W,5,N
558,769.45,775.59,5,W,5,N
606,720.31,779.44,5,E,5,N
607,726.85,779.74,5,E,5,N
608,732.37,780.04,5,E,5,N
609,755.78,780.34,5,E,5,N
73,540.93,799.20,1,S,5,W
79,548.84,799.50,1,S,5,W
84,580.83,799.80,1,S,5,W
332,605.55,800.10,2,W,5,W
362,669.98,800.40,2,E,5,W
334,680.35,800.70,2,W,5,W
92,627.87,801.00,1,S,5,W
201,589.11,801.30,1,W,5,W
202,590.18,801.60,1,W,5,W
204,593.30,801.90,1,W,5,W
206,624.24,802.20,1,W,5,W
210,666.73,802.50,1,W,5,W
293,616.24,802.80,1,E,5,W
297,662.86,803.10,1,E,5,W
110,734.79,803.20,1,S,1,W
117,774.50,803.50,1,S,1,W
610,797.78,803.92,5,E,5,N
336,776.70,812.97,2,W,3,E
335,693.84,815.20,2,W,5,E
89,624.16,815.50,1,S,5,E
203,591.74,815.80,1,W,5,E
114,770.25,816.00,1,S,1,E
115,771.15,816.30,1,S,1,E
74,540.99,821.34,1,S,5,N
75,541.92,821.64,1,S,5,N
76,542.87,821.94,1,S,5,N
77,543.33,822.24,1,S,5,N
80,552.54,822.54,1,S,5,N
361,620.39,822.84,2,E,5,N
333,641.62,823.14,2,W,5,N
363,688.40,823.44,2,E,5,N
85,614.64,823.74,1,S,5,N
86,615.52,824.04,1,S,5,N
87,617.22,824.34,1,S,5,N
88,622.23,824.64,1,S,5,N
90,627.14,824.94,1,S,5,N
91,627.63,825.24,1,S,5,N
93,629.17,825.54,1,S,5,N
95,630.17,825.84,1,S,5,N
96,630.72,826.14,1,S,5,N
97,630.94,826.44,1,S,5,N
100,635.44,826.74,1,S,5,N
101,636.26,827.04,1,S,5,N
102,638.28,827.34,1,S,5,N
197,569.89,827.64,1,W,5,N
198,570.24,827.94,1,W,5,N
199,571.57,828.24,1,W,5,N
200,572.90,828.54,1,W,5,N
205,609.30,828.84,1,W,5,N
207,625.63,829.14,1,W,5,N
208,646.16,829.44,1,W,5,N
209,665.05,829.74,1,W,5,N
294,617.70,830.04,1,E,5,N
295,628.39,830.34,1,E,5,N
296,634.54,830.64,1,E,5,N
298,668.42,830.94,1,E,5,N
387,726.49,831.24,3,W,5,N
388,746.35,831.54,3,W,5,N
427,737.00,831.84,3,E,5,N
428,738.17,832.14,3,E,5,N
390,774.57,836.34,3,W,5,N
429,774.88,836.65,3,E,5,N
222,748.37,840.77,1,W,3,W
559,776.64,865.34,5,W,5,N
560,777.93,865.64,5,W,5,N
561,817.76,865.94,5,W,5,N
562,819.55,866.24,5,W,5,N
563,857.36,866.54,5,W,5,N
564,858.45,866.84,5,W,5,N
565,864.52,870.65,5,W,5,N
566,864.55,870.69,5,W,5,N
611,827.12,879.34,5,E,5,N
612,873.26,879.40,5,E,5,N
426,735.56,899.10,3,E,5,W
389,748.56,899.40,3,W,5,W
104,642.33,899.70,1,S,5,W
106,647.57,900.00,1,S,5,W
337,787.56,900.30,2,W,5,W
338,800.19,900.60,2,W,5,W
213,670.14,900.90,1,W,5,W
214,671.64,901.20,1,W,5,W
215,671.72,901.50,1,W,5,W
299,712.02,901.80,1,E,5,W
304,763.89,902.10,1,E,5,W
121,846.58,903.60,1,S,1,W
122,846.73,903.90,1,S,1,W
339,815.15,913.07,2,W,3,W
212,669.08,915.10,1,W,5,E
217,683.44,915.40,1,W,5,E
219,719.08,915.70,1,W,5,E
129,853.70,916.40,1,S,1,E
103,640.89,921.24,1,S,5,N
105,646.83,921.54,1,S,5,N
107,684.49,921.84,1,S,5,N
364,737.01,922.14,2,E,5,N
365,780.75,922.44,2,E,5,N
111,735.54,922.74,1,S,5,N
112,737.47,923.04,1,S,5,N
211,668.24,923.34,1,W,5,N
216,673.61,923.64,1,W,5,N
432,825.25,923.83,3,E,5,E
218,693.38,923.94,1,W,5,N
220,722.30,924.24,1,W,5,N
221,733.00,924.54,1,W,5,N
223,750.34,924.84,1,W,5,N
224,752.27,925.14,1,W,5,N
225,754.22,925.44,1,W,5,N
300,717.63,925.74,1,E,5,N
301,724.61,926.04,1,E,5,N
302,727.54,926.34,1,E,5,N
303,756.36,926.64,1,E,5,N
305,782.00,926.94,1,E,5,N
430,822.19,929.37,3,E,5,N
431,823.52,929.67,3,E,5,N
434,858.59,930.57,3,E,5,N
435,860.20,930.87,3,E,5,N
227,770.75,937.87,1,W,3,E
230,801.11,938.77,1,W,3,E
235,819.09,940.27,1,W,3,W
127,852.16,943.72,1,S,2,W
567,877.95,965.24,5,W,5,N
568,879.33,965.54,5,W,5,N
569,881.31,965.84,5,W,5,N
570,882.51,966.14,5,W,5,N
571,884.21,966.44,5,W,5,N
572,895.09,966.74,5,W,5,N
391,830.67,999.00,3,W,5,W
392,848.64,999.30,3,W,5,W
433,844.74,999.60,3,E,5,W
436,866.22,999.90,3,E,5,W
393,875.81,1000.20,3,W,5,W
367,869.17,1000.50,2,E,5,W
341,882.87,1000.80,2,W,5,W
119,818.98,1001.10,1,S,5,W
120,820.05,1001.40,1,S,5,W
226,768.83,1001.70,1,W,5,W
229,785.61,1002.00,1,W,5,W
232,816.01,1002.30,1,W,5,W
233,817.08,1002.60,1,W,5,W
234,818.47,1002.90,1,W,5,W
236,820.37,1003.20,1,W,5,W
239,845.27,1003.50,1,W,5,W
242,862.52,1003.80,1,W,5,W
308,866.27,1004.10,1,E,5,W
228,784.30,1015.00,1,W,5,E
306,809.53,1015.30,1,E,5,E
113,768.34,1021.14,1,S,5,N
116,773.02,1021.44,1,S,5,N
118,776.14,1021.74,1,S,5,N
366,826.91,1022.04,2,E,5,N
340,850.45,1022.34,2,W,5,N
342,892.68,1022.64,2,W,5,N
368,897.04,1022.94,2,E,5,N
231,807.25,1023.24,1,W,5,N
237,840.09,1023.54,1,W,5,N
238,841.97,1023.84,1,W,5,N
240,849.02,1024.14,1,W,5,N
241,852.27,1024.44,1,W,5,N
243,864.19,1024.74,1,W,5,N
307,818.96,1025.04,1,E,5,N
247,888.12,1037.97,1,W,3,E
123,846.76,1098.90,1,S,5,W
130,853.77,1099.20,1,S,5,W
244,881.15,1099.50,1,W,5,W
248,895.20,1099.80,1,W,5,W
131,890.29,1114.90,1,S,5,E
124,848.15,1121.04,1,S,5,N
125,850.28,1121.34,1,S,5,N
126,850.51,1121.64,1,S,5,N
128,853.40,1121.94,1,S,5,N
132,890.90,1122.24,1,S,5,N
133,892.30,1122.54,1,S,5,N
245,881.65,1122.84,1,W,5,N
246,883.07,1123.14,1,W,5,N
249,896.69,1123.44,1,W,5,N