id,enter_time,exit_time,entrance_intersection,entrance_direction,exit_intersection,exit_direction
481,0.19,66.14,5,W,5,N
482,2.66,66.44,5,W,5,N
483,10.00,66.74,5,W,5,N
484,10.25,67.04,5,W,5,N
485,11.96,67.34,5,W,5,N
486,12.83,67.64,5,W,5,N
487,14.16,67.94,5,W,5,N
488,16.15,68.24,5,W,5,N
489,25.60,68.54,5,W,5,N
490,25.97,68.84,5,W,5,N
491,38.86,69.14,5,W,5,N
492,39.37,69.44,5,W,5,N
493,40.80,69.74,5,W,5,N
494,63.59,70.04,5,W,5,N
495,66.51,72.65,5,W,5,N
496,67.99,74.12,5,W,5,N
497,68.21,74.35,5,W,5,N
617,6.46,80.14,5,E,5,N
618,10.18,80.44,5,E,5,N
619,23.40,80.74,5,E,5,N
620,28.99,81.04,5,E,5,N
621,69.30,81.34,5,E,5,N
622,84.90,91.04,5,E,5,N
1,3.09,100.40,1,S,1,W
2,4.84,100.70,1,S,1,W
623,97.78,103.92,5,E,5,N
5,95.33,109.47,1,S,1,W
6,95.82,109.95,1,S,1,W
390,45.09,112.27,2,E,3,W
9,97.83,113.20,1,S,1,E
414,55.27,130.97,3,W,5,N
450,74.87,136.64,3,E,5,N
157,38.83,137.67,1,W,3,E
415,81.65,143.42,3,W,5,N
498,100.54,166.04,5,W,5,N
499,110.58,166.34,5,W,5,N
500,114.11,166.64,5,W,5,N
501,144.29,166.94,5,W,5,N
502,144.50,167.24,5,W,5,N
503,146.09,167.54,5,W,5,N
504,146.60,167.84,5,W,5,N
505,155.31,168.14,5,W,5,N
506,156.25,168.44,5,W,5,N
507,165.09,171.23,5,W,5,N
624,126.43,180.04,5,E,5,N
625,128.00,180.34,5,E,5,N
626,128.11,180.64,5,E,5,N
627,150.71,180.94,5,E,5,N
628,160.44,181.24,5,E,5,N
629,166.79,181.54,5,E,5,N
7,97.18,199.60,1,S,3,W
448,15.49,199.80,3,E,5,W
449,22.08,200.10,3,E,5,W
171,135.93,200.20,1,W,2,W
391,58.27,200.40,2,E,5,W
152,1.98,200.70,1,W,5,W
10,98.91,200.80,1,S,1,W
153,10.38,201.00,1,W,5,W
11,100.36,201.10,1,S,1,W
154,12.66,201.30,1,W,5,W
12,139.66,201.40,1,S,1,W
159,57.83,201.60,1,W,5,W
23,171.95,201.70,1,S,1,W
276,33.88,201.90,1,E,5,W
24,172.66,202.00,1,S,1,W
25,174.56,202.30,1,S,1,W
26,176.66,202.60,1,S,1,W
28,178.67,202.90,1,S,1,W
275,30.65,215.80,1,E,5,E
0,1.70,221.94,1,S,5,N
349,0.02,222.24,2,W,5,N
350,24.64,222.54,2,W,5,N
351,36.18,222.84,2,W,5,N
352,75.83,223.14,2,W,5,N
392,92.15,223.44,2,E,5,N
155,20.31,223.74,1,W,5,N
156,28.80,224.04,1,W,5,N
158,42.08,224.34,1,W,5,N
160,58.98,224.64,1,W,5,N
273,14.88,224.94,1,E,5,N
274,15.99,225.24,1,E,5,N
277,62.80,225.54,1,E,5,N
278,73.08,225.84,1,E,5,N
279,74.34,226.14,1,E,5,N
280,79.21,226.44,1,E,5,N
416,111.59,230.77,3,W,5,N
417,136.23,231.07,3,W,5,N
418,155.85,231.37,3,W,5,N
452,169.63,231.40,3,E,5,N
419,164.63,231.67,3,W,5,N
32,217.71,231.84,1,S,1,E
33,219.02,233.16,1,S,1,E
508,210.95,265.94,5,W,5,N
509,211.22,266.24,5,W,5,N
510,224.40,266.54,5,W,5,N
511,235.18,266.84,5,W,5,N
512,235.20,267.14,5,W,5,N
513,238.06,267.44,5,W,5,N
514,239.59,267.74,5,W,5,N
515,242.56,268.04,5,W,5,N
516,250.72,268.34,5,W,5,N
517,250.92,268.64,5,W,5,N
630,234.24,279.94,5,E,5,N
631,243.75,280.24,5,E,5,N
632,244.96,280.54,5,E,5,N
633,249.17,280.84,5,E,5,N
634,289.43,295.57,5,E,5,N
14,141.69,299.40,1,S,3,E
451,128.17,299.70,3,E,5,W
8,97.67,300.00,1,S,5,W
185,239.16,300.30,1,W,2,W
355,155.61,300.30,2,W,5,W
164,96.06,300.60,1,W,5,W
169,133.40,300.90,1,W,5,W
36,221.78,301.20,1,S,1,W
173,144.12,301.20,1,W,5,W
40,227.76,301.50,1,S,1,W
175,163.29,301.50,1,W,5,W
281,134.52,301.80,1,E,5,W
283,172.40,302.10,1,E,5,W
284,184.20,302.40,1,E,5,W
635,299.29,305.42,5,E,5,N
285,187.86,305.69,1,E,5,W
286,190.25,308.07,1,E,5,W
395,211.56,312.47,2,E,3,E
357,270.82,312.77,2,W,3,W
43,263.23,314.00,1,S,1,E
167,107.82,315.70,1,W,5,E
168,117.85,316.00,1,W,5,E
3,48.92,321.84,1,S,5,N
4,91.49,322.14,1,S,5,N
393,122.04,322.44,2,E,5,N
353,112.90,322.74,2,W,5,N
354,141.70,323.04,2,W,5,N
394,169.63,323.34,2,E,5,N
161,72.11,323.64,1,W,5,N
162,73.88,323.94,1,W,5,N
163,95.69,324.24,1,W,5,N
165,97.30,324.54,1,W,5,N
166,104.37,324.84,1,W,5,N
170,134.79,325.14,1,W,5,N
172,142.12,325.44,1,W,5,N
174,153.81,325.74,1,W,5,N
282,169.47,326.04,1,E,5,N
453,218.87,330.57,3,E,5,N
454,220.13,330.87,3,E,5,N
422,240.97,331.17,3,W,5,N
455,276.56,338.33,3,E,5,N
180,233.74,339.97,1,W,3,W
182,235.03,340.57,1,W,3,W
424,290.96,352.73,3,W,5,N
518,278.50,365.84,5,W,5,N
519,279.78,366.14,5,W,5,N
520,288.64,366.44,5,W,5,N
521,289.69,366.74,5,W,5,N
522,290.72,367.04,5,W,5,N
523,292.16,367.34,5,W,5,N
524,325.65,367.64,5,W,5,N
525,327.89,367.94,5,W,5,N
526,329.28,368.24,5,W,5,N
527,368.01,374.15,5,W,5,N
528,369.54,375.67,5,W,5,N
636,303.12,379.84,5,E,5,N
637,305.44,380.14,5,E,5,N
638,334.55,380.44,5,E,5,N
639,388.24,394.37,5,E,5,N
640,393.23,399.37,5,E,5,N
420,230.48,399.60,3,W,5,W
421,234.56,399.90,3,W,5,W
423,270.33,400.20,3,W,5,W
13,140.60,400.50,1,S,5,W
15,143.54,400.80,1,S,5,W
641,394.80,400.93,5,E,5,N
19,166.61,401.10,1,S,5,W
21,169.64,401.40,1,S,5,W
27,177.60,401.70,1,S,5,W
29,179.05,402.00,1,S,5,W
30,181.84,402.30,1,S,5,W
358,272.81,402.60,2,W,5,W
397,279.63,402.90,2,E,5,W
34,220.06,403.20,1,S,5,W
37,223.52,403.50,1,S,5,W
38,225.35,403.80,1,S,5,W
177,203.90,404.10,1,W,5,W
178,207.26,404.40,1,W,5,W
179,211.08,404.70,1,W,5,W
183,236.15,405.00,1,W,5,W
187,242.42,405.30,1,W,5,W
57,391.22,405.36,1,S,1,W
287,200.89,405.60,1,E,5,W
58,391.71,405.85,1,S,1,W
291,239.84,405.90,1,E,5,W
297,286.62,406.20,1,E,5,W
359,359.00,412.57,2,W,3,W
41,227.92,415.60,1,S,5,E
181,234.13,415.90,1,W,5,E
16,143.79,421.74,1,S,5,N
17,145.52,422.04,1,S,5,N
18,165.66,422.34,1,S,5,N
20,168.42,422.64,1,S,5,N
22,171.22,422.94,1,S,5,N
356,247.54,423.24,2,W,5,N
396,236.75,423.54,2,E,5,N
31,216.28,423.84,1,S,5,N
35,221.42,424.14,1,S,5,N
39,226.61,424.44,1,S,5,N
42,229.89,424.74,1,S,5,N
176,183.00,425.04,1,W,5,N
184,237.73,425.34,1,W,5,N
186,240.67,425.64,1,W,5,N
188,261.53,425.94,1,W,5,N
189,263.13,426.24,1,W,5,N
288,209.85,426.54,1,E,5,N
289,213.72,426.84,1,E,5,N
290,228.87,427.14,1,E,5,N
292,257.10,427.44,1,E,5,N
293,260.19,427.74,1,E,5,N
294,261.39,428.04,1,E,5,N
295,277.95,428.34,1,E,5,N
296,286.24,428.64,1,E,5,N
298,288.31,428.94,1,E,5,N
299,300.39,429.24,1,E,5,N
425,349.75,430.37,3,W,5,N
457,356.86,430.67,3,E,5,N
190,283.24,436.47,1,W,3,E
193,296.04,437.37,1,W,3,W
302,361.92,440.97,1,E,3,E
53,346.63,442.02,1,S,2,E
65,396.43,445.02,1,S,2,W
303,390.03,452.22,1,E,3,E
459,393.75,455.52,3,E,5,N
529,387.07,465.74,5,W,5,N
530,396.35,466.04,5,W,5,N
531,397.81,466.34,5,W,5,N
532,402.10,466.64,5,W,5,N
533,412.07,466.94,5,W,5,N
534,418.11,467.24,5,W,5,N
535,426.64,467.54,5,W,5,N
536,426.91,467.84,5,W,5,N
537,430.59,468.14,5,W,5,N
538,464.61,470.75,5,W,5,N
539,465.53,471.66,5,W,5,N
540,466.56,472.70,5,W,5,N
541,468.64,474.77,5,W,5,N
542,470.47,476.60,5,W,5,N
543,472.89,479.02,5,W,5,N
642,447.99,479.74,5,E,5,N
643,452.94,480.04,5,E,5,N
644,469.36,480.34,5,E,5,N
645,470.96,480.64,5,E,5,N
646,476.21,482.35,5,E,5,N
647,479.03,485.17,5,E,5,N
648,486.57,492.71,5,E,5,N
49,343.41,499.00,1,S,3,E
55,384.33,499.00,1,S,3,W
456,311.09,499.50,3,E,5,W
458,375.68,499.80,3,E,5,W
45,297.43,500.10,1,S,5,W
400,382.14,500.40,2,E,5,W
307,406.78,500.50,1,E,2,W
361,396.43,500.70,2,W,5,W
194,297.64,501.00,1,W,5,W
300,311.09,501.30,1,E,5,W
301,360.25,501.60,1,E,5,W
70,443.86,502.00,1,S,1,W
77,457.66,502.30,1,S,1,W
402,466.56,512.97,2,E,3,W
364,450.78,513.27,2,W,3,W
68,442.01,514.80,1,S,1,E
399,352.56,515.50,2,E,5,E
196,331.15,515.80,1,W,5,E
44,296.84,521.64,1,S,5,N
46,298.25,521.94,1,S,5,N
47,300.74,522.24,1,S,5,N
398,324.14,522.54,2,E,5,N
360,395.19,522.84,2,W,5,N
191,284.81,523.14,1,W,5,N
192,294.69,523.44,1,W,5,N
195,313.46,523.74,1,W,5,N
197,332.68,524.04,1,W,5,N
198,341.37,524.34,1,W,5,N
199,344.49,524.64,1,W,5,N
200,351.26,524.94,1,W,5,N
201,360.19,525.24,1,W,5,N
202,361.73,525.54,1,W,5,N
304,392.64,525.84,1,E,5,N
426,401.13,530.17,3,W,5,N
460,407.54,530.47,3,E,5,N
461,409.32,530.47,3,E,5,N
427,469.85,531.62,3,W,5,N
308,421.24,540.77,1,E,3,W
71,445.56,541.82,1,S,2,E
428,486.91,548.68,3,W,5,N
430,493.70,555.47,3,W,5,N
544,473.61,565.64,5,W,5,N
545,473.76,565.94,5,W,5,N
546,475.55,566.24,5,W,5,N
547,477.50,566.54,5,W,5,N
548,478.91,566.84,5,W,5,N
549,488.06,567.14,5,W,5,N
550,494.91,567.44,5,W,5,N
551,496.56,567.74,5,W,5,N
552,498.33,568.04,5,W,5,N
553,500.22,568.34,5,W,5,N
554,502.16,568.64,5,W,5,N
555,527.79,568.94,5,W,5,N
556,529.02,569.24,5,W,5,N
557,530.69,569.54,5,W,5,N
558,533.17,569.84,5,W,5,N
559,536.09,570.14,5,W,5,N
560,537.20,570.44,5,W,5,N
561,566.92,573.06,5,W,5,N
562,569.40,575.54,5,W,5,N
563,572.19,578.32,5,W,5,N
649,553.41,579.64,5,E,5,N
650,580.01,586.14,5,E,5,N
651,581.16,587.30,5,E,5,N
305,396.94,599.40,1,E,5,W
462,451.83,599.70,3,E,5,W
429,490.91,600.00,3,W,5,W
463,497.80,600.30,3,E,5,W
51,345.93,600.60,1,S,5,W
319,555.60,600.60,1,E,2,W
52,346.13,600.90,1,S,5,W
54,348.33,601.20,1,S,5,W
60,393.61,601.50,1,S,5,W
363,440.37,601.80,2,W,5,W
366,476.78,602.10,2,W,5,W
203,368.18,602.40,1,W,5,W
79,510.40,602.40,1,S,1,W
204,389.17,602.70,1,W,5,W
81,544.10,602.70,1,S,1,W
206,396.23,603.00,1,W,5,W
85,550.04,603.00,1,S,1,W
207,397.47,603.30,1,W,5,W
89,556.90,603.30,1,S,1,W
209,411.41,603.60,1,W,5,W
90,558.19,603.60,1,S,1,W
211,423.45,603.90,1,W,5,W
95,563.46,603.90,1,S,1,W
214,443.38,604.20,1,W,5,W
96,564.87,604.20,1,S,1,W
309,439.68,604.50,1,E,5,W
101,576.51,604.50,1,S,1,W
311,477.15,604.80,1,E,5,W
312,487.89,605.71,1,E,5,W
313,490.51,608.33,1,E,5,W
403,512.47,612.77,2,E,3,W
369,534.33,613.07,2,W,3,E
92,559.76,615.20,1,S,1,E
56,390.06,615.40,1,S,5,E
48,341.71,621.54,1,S,5,N
50,344.86,621.84,1,S,5,N
59,393.25,622.14,1,S,5,N
61,393.90,622.44,1,S,5,N
62,394.11,622.74,1,S,5,N
63,394.51,623.04,1,S,5,N
64,396.10,623.34,1,S,5,N
362,427.81,623.64,2,W,5,N
401,428.12,623.94,2,E,5,N
365,464.33,624.24,2,W,5,N
367,480.24,624.54,2,W,5,N
205,391.15,624.84,1,W,5,N
208,401.45,625.14,1,W,5,N
210,413.47,625.44,1,W,5,N
212,437.73,625.74,1,W,5,N
213,443.26,626.04,1,W,5,N
215,463.45,626.34,1,W,5,N
306,402.76,626.64,1,E,5,N
310,458.88,626.94,1,E,5,N
431,556.88,629.97,3,W,5,N
465,555.63,630.27,3,E,5,N
466,557.00,630.57,3,E,5,N
433,574.58,636.35,3,W,5,N
217,482.63,637.57,1,W,3,E
316,507.79,641.47,1,E,3,W
322,571.91,642.97,1,E,3,E
564,579.86,665.54,5,W,5,N
565,586.57,665.84,5,W,5,N
566,609.78,666.14,5,W,5,N
567,611.41,666.44,5,W,5,N
568,620.33,666.74,5,W,5,N
569,621.46,667.04,5,W,5,N
570,623.60,667.34,5,W,5,N
571,624.52,667.64,5,W,5,N
572,626.37,667.94,5,W,5,N
573,661.02,668.24,5,W,5,N
574,663.02,669.15,5,W,5,N
575,664.11,670.24,5,W,5,N
652,604.79,679.54,5,E,5,N
653,622.25,679.84,5,E,5,N
654,627.19,680.14,5,E,5,N
655,655.22,680.44,5,E,5,N
656,663.06,680.74,5,E,5,N
657,663.79,681.04,5,E,5,N
658,668.92,681.34,5,E,5,N
659,671.41,681.64,5,E,5,N
82,546.45,698.60,1,S,3,W
100,574.70,698.90,1,S,3,W
464,550.53,699.30,3,E,5,W
432,563.69,699.60,3,W,5,W
434,575.29,699.90,3,W,5,W
72,446.08,700.20,1,S,5,W
74,449.34,700.50,1,S,5,W
107,617.54,700.70,1,S,2,W
368,503.55,700.80,2,W,5,W
108,617.92,701.00,1,S,2,W
404,535.13,701.10,2,E,5,W
230,587.50,701.30,1,W,2,W
405,558.99,701.40,2,E,5,W
231,594.41,701.60,1,W,2,W
373,562.67,701.70,2,W,5,W
233,611.01,701.90,1,W,2,W
374,562.68,702.00,2,W,5,W
238,651.71,702.20,1,W,2,W
376,578.86,702.30,2,W,5,W
377,590.06,702.60,2,W,5,W
105,613.46,702.80,1,S,1,W
78,506.85,702.90,1,S,5,W
106,616.27,703.10,1,S,1,W
80,512.35,703.20,1,S,5,W
117,659.15,703.40,1,S,1,W
219,509.04,703.50,1,W,5,W
128,675.97,703.70,1,S,1,W
220,511.03,703.80,1,W,5,W
132,687.97,704.00,1,S,1,W
223,514.04,704.10,1,W,5,W
224,529.64,704.40,1,W,5,W
225,531.10,704.70,1,W,5,W
226,556.69,705.00,1,W,5,W
314,502.92,705.30,1,E,5,W
315,504.66,705.60,1,E,5,W
320,563.48,705.90,1,E,5,W
321,566.39,706.20,1,E,5,W
406,603.97,712.87,2,E,3,E
371,545.73,715.30,2,W,5,E
222,512.15,715.60,1,W,5,E
130,681.99,715.60,1,S,1,E
66,438.75,721.44,1,S,5,N
67,440.03,721.74,1,S,5,N
69,442.07,722.04,1,S,5,N
73,447.61,722.34,1,S,5,N
75,454.52,722.64,1,S,5,N
76,456.02,722.94,1,S,5,N
370,545.33,723.24,2,W,5,N
372,559.41,723.54,2,W,5,N
375,571.08,723.84,2,W,5,N
468,615.04,723.93,3,E,5,E
216,479.00,724.14,1,W,5,N
218,507.89,724.44,1,W,5,N
221,511.95,724.74,1,W,5,N
227,563.53,725.04,1,W,5,N
317,513.84,725.34,1,E,5,N
318,519.00,725.64,1,E,5,N
323,598.73,725.94,1,E,5,N
435,602.14,729.77,3,W,5,N
469,661.16,730.37,3,E,5,N
437,608.75,730.67,3,W,5,N
438,632.28,730.97,3,W,5,N
439,657.74,731.27,3,W,5,N
235,647.02,740.67,1,W,3,E
236,648.57,740.97,1,W,3,W
440,680.26,742.03,3,W,5,N
576,673.37,765.44,5,W,5,N
577,674.94,765.74,5,W,5,N
578,701.47,766.04,5,W,5,N
579,710.71,766.34,5,W,5,N
580,711.20,766.64,5,W,5,N
581,712.45,766.94,5,W,5,N
582,714.18,767.24,5,W,5,N
583,715.21,767.54,5,W,5,N
584,717.86,767.84,5,W,5,N
585,719.05,768.14,5,W,5,N
586,731.07,768.44,5,W,5,N
587,747.85,768.74,5,W,5,N
588,747.90,769.04,5,W,5,N
589,748.72,769.34,5,W,5,N
590,750.12,769.64,5,W,5,N
591,751.10,769.94,5,W,5,N
660,711.56,779.44,5,E,5,N
661,733.33,779.74,5,E,5,N
662,734.31,780.04,5,E,5,N
663,748.14,780.34,5,E,5,N
664,769.94,780.64,5,E,5,N
665,784.06,790.20,5,E,5,N
123,667.07,798.40,1,S,3,W
125,673.40,798.70,1,S,3,W
127,675.83,799.00,1,S,3,W
467,603.30,799.20,3,E,5,W
436,607.76,799.50,3,W,5,W
86,554.24,799.80,1,S,5,W
87,554.54,800.10,1,S,5,W
99,573.52,800.40,1,S,5,W
102,577.78,800.70,1,S,5,W
408,685.43,801.00,2,E,5,W
341,775.04,801.16,1,E,2,W
382,686.74,801.30,2,W,5,W
109,619.86,801.60,1,S,5,W
112,623.23,801.90,1,S,5,W
113,624.63,802.20,1,S,5,W
229,585.57,802.50,1,W,5,W
327,639.50,802.80,1,E,5,W
328,651.25,803.10,1,E,5,W
134,718.74,803.20,1,S,1,W
331,670.51,803.40,1,E,5,W
140,728.30,803.50,1,S,1,W
144,769.57,803.80,1,S,1,W
380,652.16,815.20,2,W,5,E
381,662.72,815.50,2,W,5,E
240,655.41,815.80,1,W,5,E
329,651.70,816.10,1,E,5,E
330,670.32,816.40,1,E,5,E
83,547.09,821.34,1,S,5,N
84,548.82,821.64,1,S,5,N
88,555.19,821.94,1,S,5,N
91,559.49,822.24,1,S,5,N
93,561.26,822.54,1,S,5,N
94,563.14,822.84,1,S,5,N
97,570.56,823.14,1,S,5,N
98,572.23,823.44,1,S,5,N
378,610.72,823.74,2,W,5,N
407,637.23,824.04,2,E,5,N
444,765.01,824.33,3,W,5,E
379,621.81,824.34,2,W,5,N
103,578.59,824.64,1,S,5,N
104,579.95,824.94,1,S,5,N
110,621.22,825.24,1,S,5,N
111,623.11,825.54,1,S,5,N
114,625.69,825.84,1,S,5,N
115,626.72,826.14,1,S,5,N
228,584.39,826.44,1,W,5,N
232,595.67,826.74,1,W,5,N
234,627.86,827.04,1,W,5,N
237,649.76,827.34,1,W,5,N
239,653.41,827.64,1,W,5,N
241,661.88,827.94,1,W,5,N
242,665.34,828.24,1,W,5,N
324,607.00,828.54,1,E,5,N
325,612.09,828.84,1,E,5,N
326,628.50,829.14,1,E,5,N
332,696.67,829.44,1,E,5,N
333,698.49,829.74,1,E,5,N
470,716.61,830.04,3,E,5,N
471,718.22,830.34,3,E,5,N
443,712.20,830.64,3,W,5,N
472,719.38,830.94,3,E,5,N
135,719.84,837.17,1,S,3,E
474,776.14,837.91,3,E,5,N
249,724.85,841.07,1,W,3,W
143,768.84,842.12,1,S,2,E
592,782.50,865.34,5,W,5,N
593,821.16,865.64,5,W,5,N
594,821.41,865.94,5,W,5,N
595,831.15,866.24,5,W,5,N
596,831.83,866.54,5,W,5,N
597,834.49,866.84,5,W,5,N
598,835.78,867.14,5,W,5,N
599,836.83,867.44,5,W,5,N
600,838.29,867.74,5,W,5,N
601,840.00,868.04,5,W,5,N
602,841.08,868.34,5,W,5,N
603,848.84,868.64,5,W,5,N
604,849.51,868.94,5,W,5,N
605,851.14,869.24,5,W,5,N
606,859.03,869.54,5,W,5,N
607,860.57,869.84,5,W,5,N
608,862.23,870.14,5,W,5,N
609,864.16,870.29,5,W,5,N
666,800.41,879.34,5,E,5,N
667,811.84,879.64,5,E,5,N
668,882.61,888.75,5,E,5,N
669,884.25,890.38,5,E,5,N
670,891.77,897.91,5,E,5,N
441,705.27,899.10,3,W,5,W
442,710.00,899.40,3,W,5,W
473,774.67,899.70,3,E,5,W
119,662.92,900.00,1,S,5,W
121,665.36,900.30,1,S,5,W
122,666.14,900.60,1,S,5,W
133,688.89,900.90,1,S,5,W
259,796.06,900.90,1,W,2,W
262,807.41,900.90,1,W,2,E
136,723.74,901.20,1,S,5,W
267,860.18,901.20,1,W,2,W
269,863.48,901.20,1,W,2,E
245,671.42,901.50,1,W,5,W
248,717.10,901.80,1,W,5,W
252,732.81,902.10,1,W,5,W
337,758.94,902.40,1,E,5,W
340,773.64,902.70,1,E,5,W
343,779.98,903.00,1,E,5,W
150,867.26,903.60,1,S,1,W
124,668.37,915.10,1,S,5,E
334,701.16,921.24,1,E,5,N
116,658.30,921.54,1,S,5,N
118,659.69,921.84,1,S,5,N
120,663.39,922.14,1,S,5,N
126,674.89,922.44,1,S,5,N
129,676.13,922.74,1,S,5,N
131,682.81,923.04,1,S,5,N
409,730.69,923.34,2,E,5,N
383,712.88,923.64,2,W,5,N
384,747.41,923.94,2,W,5,N
410,772.17,924.24,2,E,5,N
385,782.09,924.54,2,W,5,N
386,796.65,924.84,2,W,5,N
137,725.38,925.14,1,S,5,N
138,725.88,925.44,1,S,5,N
139,727.67,925.74,1,S,5,N
141,729.09,926.04,1,S,5,N
142,736.24,926.34,1,S,5,N
243,668.33,926.64,1,W,5,N
244,670.30,926.94,1,W,5,N
246,692.21,927.24,1,W,5,N
247,692.63,927.54,1,W,5,N
250,730.67,927.84,1,W,5,N
251,732.63,928.14,1,W,5,N
253,733.93,928.44,1,W,5,N
254,749.57,928.74,1,W,5,N
255,759.29,929.04,1,W,5,N
335,738.85,929.34,1,E,5,N
336,748.42,929.64,1,E,5,N
338,761.45,929.94,1,E,5,N
339,771.09,930.24,1,E,5,N
342,779.03,930.54,1,E,5,N
445,829.49,930.84,3,W,5,N
476,857.21,931.14,3,E,5,N
446,830.47,931.44,3,W,5,N
477,864.62,931.74,3,E,5,N
447,857.94,932.04,3,W,5,N
478,866.29,932.34,3,E,5,N
344,844.56,940.87,1,E,3,W
347,879.33,941.52,1,E,3,W
149,866.84,942.82,1,S,2,W
610,873.14,965.24,5,W,5,N
611,874.61,965.54,5,W,5,N
612,878.45,965.84,5,W,5,N
613,880.50,966.14,5,W,5,N
614,891.35,966.44,5,W,5,N
615,893.24,966.74,5,W,5,N
616,898.89,967.04,5,W,5,N
148,865.03,998.00,1,S,3,W
475,819.09,999.00,3,E,5,W
479,867.37,999.30,3,E,5,W
145,770.73,999.60,1,S,5,W
389,855.32,999.90,2,W,5,W
146,815.03,1000.20,1,S,5,W
256,773.93,1000.50,1,W,5,W
258,795.11,1000.80,1,W,5,W
263,808.44,1001.10,1,W,5,W
270,864.74,1001.40,1,W,5,W
411,809.90,1015.00,2,E,5,E
413,888.57,1015.30,2,E,5,E
264,820.19,1015.60,1,W,5,E
387,807.16,1021.14,2,W,5,N
388,819.73,1021.44,2,W,5,N
412,839.90,1021.74,2,E,5,N
147,816.53,1022.04,1,S,5,N
257,775.18,1022.34,1,W,5,N
260,797.77,1022.64,1,W,5,N
261,806.82,1022.94,1,W,5,N
265,836.22,1023.24,1,W,5,N
266,858.30,1023.54,1,W,5,N
268,862.07,1023.84,1,W,5,N
345,852.54,1024.14,1,E,5,N
346,869.74,1024.44,1,E,5,N
348,899.10,1024.74,1,E,5,N
480,898.77,1098.90,3,E,5,W
151,868.31,1121.04,1,S,5,N
271,886.80,1121.34,1,W,5,N
272,892.80,1121.64,1,W,5,N