id,enter_time,exit_time,entrance_intersection,entrance_direction,exit_intersection,exit_direction
486,10.74,66.14,5,W,5,N
487,13.14,66.44,5,W,5,N
488,14.84,66.74,5,W,5,N
489,22.48,67.04,5,W,5,N
490,23.25,67.34,5,W,5,N
491,51.50,67.64,5,W,5,N
492,64.72,70.85,5,W,5,N
493,65.87,72.01,5,W,5,N
494,66.46,72.60,5,W,5,N
495,68.33,74.47,5,W,5,N
611,1.40,80.14,5,E,5,N
612,5.90,80.44,5,E,5,N
613,6.90,80.74,5,E,5,N
614,36.33,81.04,5,E,5,N
615,41.13,81.34,5,E,5,N
616,56.64,81.64,5,E,5,N
617,57.77,81.94,5,E,5,N
196,36.42,100.10,1,W,2,W
198,50.50,100.10,1,W,2,E
4,45.98,100.40,1,S,1,W
6,47.41,100.70,1,S,1,W
9,51.16,101.00,1,S,1,W
20,90.71,104.85,1,S,1,W
1,41.91,113.20,1,S,1,E
12,54.21,113.50,1,S,1,E
315,99.57,125.69,1,E,2,W
424,60.11,130.97,3,W,5,N
450,55.80,131.27,3,E,5,N
425,60.46,131.57,3,W,5,N
426,61.14,131.87,3,W,5,N
427,61.67,132.17,3,W,5,N
195,17.29,136.47,1,W,3,W
0,41.84,139.32,1,S,2,W
10,51.47,141.12,1,S,2,W
11,52.48,141.42,1,S,2,W
496,75.60,166.04,5,W,5,N
497,82.89,166.34,5,W,5,N
498,97.82,166.64,5,W,5,N
499,99.10,166.94,5,W,5,N
500,100.33,167.24,5,W,5,N
501,102.87,167.54,5,W,5,N
502,113.05,167.84,5,W,5,N
503,115.46,168.14,5,W,5,N
504,116.78,168.44,5,W,5,N
505,118.02,168.74,5,W,5,N
506,145.07,169.04,5,W,5,N
507,148.33,169.34,5,W,5,N
618,108.81,180.04,5,E,5,N
619,158.74,180.34,5,E,5,N
620,164.27,180.64,5,E,5,N
621,182.63,188.76,5,E,5,N
622,183.86,190.00,5,E,5,N
3,45.04,199.60,1,S,3,W
14,56.05,199.60,1,S,3,E
368,28.90,199.80,2,W,5,W
21,95.44,199.90,1,S,3,E
623,193.81,199.94,5,E,5,N
369,29.98,200.10,2,W,5,W
199,75.93,200.20,1,W,2,E
371,99.61,200.40,2,W,5,W
313,38.74,200.70,1,E,5,W
27,150.86,200.80,1,S,1,W
314,50.13,201.00,1,E,5,W
28,151.07,201.10,1,S,1,W
30,179.13,201.40,1,S,1,W
35,187.28,201.41,1,S,1,W
319,177.45,203.57,1,E,2,W
624,197.95,204.09,5,E,5,N
26,149.51,213.60,1,S,1,E
397,33.86,221.94,2,E,5,N
398,63.93,222.24,2,E,5,N
366,13.32,222.54,2,W,5,N
367,23.46,222.84,2,W,5,N
370,67.89,223.14,2,W,5,N
399,85.84,223.44,2,E,5,N
194,15.33,223.74,1,W,5,N
197,45.35,224.04,1,W,5,N
311,5.23,224.34,1,E,5,N
312,21.93,224.64,1,E,5,N
428,118.17,230.77,3,W,5,N
452,104.22,231.07,3,E,5,N
453,152.76,231.37,3,E,5,N
429,176.59,238.36,3,W,5,N
31,180.83,240.32,1,S,2,W
508,179.73,265.94,5,W,5,N
509,190.10,266.24,5,W,5,N
510,212.78,266.54,5,W,5,N
511,215.05,266.84,5,W,5,N
512,218.18,267.14,5,W,5,N
513,220.09,267.44,5,W,5,N
514,222.46,267.74,5,W,5,N
515,222.48,268.04,5,W,5,N
516,232.76,268.34,5,W,5,N
517,234.40,268.64,5,W,5,N
518,237.05,268.94,5,W,5,N
519,239.78,269.24,5,W,5,N
520,241.58,269.54,5,W,5,N
521,249.34,269.84,5,W,5,N
522,256.63,270.14,5,W,5,N
523,256.67,270.44,5,W,5,N
625,207.51,279.94,5,E,5,N
626,255.24,280.24,5,E,5,N
627,256.83,280.54,5,E,5,N
628,258.25,280.84,5,E,5,N
629,268.56,281.14,5,E,5,N
630,290.94,297.08,5,E,5,N
36,188.15,299.40,1,S,3,W
42,202.59,299.40,1,S,3,E
451,102.54,299.70,3,E,5,W
7,47.97,300.00,1,S,5,W
18,90.25,300.30,1,S,5,W
19,90.40,300.60,1,S,5,W
24,99.35,300.90,1,S,5,W
41,201.34,301.20,1,S,1,W
401,178.00,301.20,2,E,5,W
43,203.38,301.50,1,S,1,W
202,106.27,301.50,1,W,5,W
45,242.03,301.80,1,S,1,W
203,107.63,301.80,1,W,5,W
204,114.59,302.10,1,W,5,W
207,146.84,302.40,1,W,5,W
318,168.89,302.70,1,E,5,W
50,290.76,314.00,1,S,1,E
5,46.10,315.70,1,S,5,E
22,96.64,316.00,1,S,5,E
23,98.30,316.30,1,S,5,E
2,43.40,321.84,1,S,5,N
8,48.91,322.14,1,S,5,N
13,55.18,322.44,1,S,5,N
15,57.86,322.74,1,S,5,N
16,58.48,323.04,1,S,5,N
17,89.09,323.34,1,S,5,N
400,130.54,323.64,2,E,5,N
372,192.24,323.94,2,W,5,N
200,83.82,324.24,1,W,5,N
201,100.26,324.54,1,W,5,N
205,135.20,324.84,1,W,5,N
206,137.36,325.14,1,W,5,N
208,147.50,325.44,1,W,5,N
209,148.91,325.74,1,W,5,N
316,116.71,326.04,1,E,5,N
317,150.54,326.34,1,E,5,N
454,205.12,330.57,3,E,5,N
430,245.90,330.87,3,W,5,N
455,206.12,331.17,3,E,5,N
431,257.49,331.47,3,W,5,N
323,229.17,339.97,1,E,3,W
524,289.77,365.84,5,W,5,N
525,318.04,366.14,5,W,5,N
526,331.60,366.44,5,W,5,N
527,347.16,366.74,5,W,5,N
528,347.27,367.04,5,W,5,N
529,348.01,367.34,5,W,5,N
530,350.99,367.64,5,W,5,N
531,352.15,367.94,5,W,5,N
532,362.31,368.45,5,W,5,N
533,363.60,369.74,5,W,5,N
534,364.33,370.46,5,W,5,N
535,365.55,371.69,5,W,5,N
631,309.11,379.84,5,E,5,N
632,360.55,380.14,5,E,5,N
633,365.62,380.44,5,E,5,N
634,377.21,383.35,5,E,5,N
456,264.52,399.60,3,E,5,W
457,266.15,399.90,3,E,5,W
29,151.58,400.20,1,S,5,W
331,334.51,400.40,1,E,2,W
33,183.73,400.50,1,S,5,W
37,189.94,400.80,1,S,5,W
39,198.39,401.10,1,S,5,W
40,199.99,401.40,1,S,5,W
52,332.35,401.60,1,S,1,W
402,220.58,401.70,2,E,5,W
54,335.35,401.90,1,S,1,W
374,212.29,402.00,2,W,5,W
375,244.98,402.30,2,W,5,W
211,173.37,402.60,1,W,5,W
214,215.95,402.90,1,W,5,W
216,225.92,403.20,1,W,5,W
218,244.37,403.50,1,W,5,W
324,233.03,403.80,1,E,5,W
378,351.59,412.87,2,W,3,E
405,352.22,413.17,2,E,3,E
379,361.24,413.47,2,W,3,E
34,185.96,415.60,1,S,5,E
326,293.84,415.90,1,E,5,E
25,149.20,421.74,1,S,5,N
32,182.60,422.04,1,S,5,N
38,197.59,422.34,1,S,5,N
373,203.54,422.64,2,W,5,N
403,265.29,422.94,2,E,5,N
376,249.26,423.24,2,W,5,N
210,171.42,423.54,1,W,5,N
212,174.55,423.84,1,W,5,N
213,197.48,424.14,1,W,5,N
432,319.65,424.23,3,W,5,E
215,225.15,424.44,1,W,5,N
217,227.91,424.74,1,W,5,N
320,203.70,425.04,1,E,5,N
321,214.27,425.34,1,E,5,N
322,214.41,425.64,1,E,5,N
325,234.83,425.94,1,E,5,N
327,299.65,426.24,1,E,5,N
459,365.55,430.67,3,E,5,N
433,328.44,430.97,3,W,5,N
219,266.90,437.97,1,W,3,W
66,349.45,442.92,1,S,2,W
68,384.82,443.52,1,S,2,W
434,385.05,446.82,3,W,5,N
536,378.33,465.74,5,W,5,N
537,379.86,466.04,5,W,5,N
538,381.24,466.34,5,W,5,N
539,392.18,466.64,5,W,5,N
540,396.04,466.94,5,W,5,N
541,428.47,467.24,5,W,5,N
542,429.54,467.54,5,W,5,N
543,438.17,467.84,5,W,5,N
544,446.75,468.14,5,W,5,N
545,449.13,468.44,5,W,5,N
546,462.31,468.45,5,W,5,N
547,463.00,469.14,5,W,5,N
635,429.20,479.74,5,E,5,N
636,457.28,480.04,5,E,5,N
637,470.32,480.34,5,E,5,N
60,339.61,499.00,1,S,3,E
458,305.77,499.50,3,E,5,W
460,376.38,499.80,3,E,5,W
377,344.25,500.10,2,W,5,W
404,303.56,500.40,2,E,5,W
236,437.60,500.50,1,W,2,W
53,334.32,500.70,1,S,5,W
55,336.42,501.00,1,S,5,W
56,337.42,501.30,1,S,5,W
220,292.63,501.60,1,W,5,W
222,324.49,501.90,1,W,5,W
71,419.27,502.00,1,S,1,W
328,313.93,502.20,1,E,5,W
75,458.24,502.30,1,S,1,W
329,318.64,502.50,1,E,5,W
76,459.03,502.60,1,S,1,W
335,367.11,502.80,1,E,5,W
77,460.18,502.90,1,S,1,W
408,468.86,513.27,2,E,3,E
221,309.58,515.50,1,W,5,E
44,241.55,521.64,1,S,5,N
46,243.95,521.94,1,S,5,N
47,244.41,522.24,1,S,5,N
48,286.49,522.54,1,S,5,N
49,290.31,522.84,1,S,5,N
51,329.43,523.14,1,S,5,N
57,337.68,523.44,1,S,5,N
223,345.77,523.74,1,W,5,N
435,405.41,524.03,3,W,5,E
330,332.61,524.04,1,E,5,N
332,357.00,524.34,1,E,5,N
333,359.67,524.64,1,E,5,N
334,364.39,524.94,1,E,5,N
336,368.68,525.24,1,E,5,N
436,460.23,530.47,3,W,5,N
228,385.09,538.67,1,W,3,W
237,442.72,541.07,1,W,3,W
79,496.28,541.22,1,S,2,W
337,408.71,542.27,1,E,3,W
464,492.53,554.30,3,E,5,N
465,497.64,559.41,3,E,5,N
548,481.74,565.64,5,W,5,N
549,482.23,565.94,5,W,5,N
550,489.71,566.24,5,W,5,N
551,490.22,566.54,5,W,5,N
552,529.84,566.84,5,W,5,N
553,544.73,567.14,5,W,5,N
554,545.82,567.44,5,W,5,N
555,553.38,567.74,5,W,5,N
556,553.88,568.04,5,W,5,N
557,555.20,568.34,5,W,5,N
558,563.11,569.25,5,W,5,N
559,563.47,569.60,5,W,5,N
560,564.77,570.90,5,W,5,N
561,566.01,572.14,5,W,5,N
562,568.12,574.26,5,W,5,N
563,570.35,576.48,5,W,5,N
638,518.93,579.64,5,E,5,N
639,544.47,579.94,5,E,5,N
461,434.66,599.40,3,E,5,W
462,489.47,599.70,3,E,5,W
463,490.66,600.00,3,E,5,W
64,342.91,600.30,1,S,5,W
70,387.03,600.60,1,S,5,W
74,423.48,600.90,1,S,5,W
226,380.94,601.20,1,W,5,W
227,382.54,601.50,1,W,5,W
640,595.47,601.61,5,E,5,N
234,431.93,601.80,1,W,5,W
235,433.67,602.10,1,W,5,W
85,501.54,602.40,1,S,1,W
86,501.87,602.70,1,S,1,W
87,502.38,603.00,1,S,1,W
92,511.47,603.30,1,S,1,W
93,511.80,603.60,1,S,1,W
94,513.05,603.90,1,S,1,W
95,514.03,604.20,1,S,1,W
99,550.73,604.50,1,S,1,W
102,554.83,604.80,1,S,1,W
347,585.87,611.99,1,E,2,W
103,555.23,615.20,1,S,1,E
409,498.55,615.40,2,E,5,E
58,338.77,621.54,1,S,5,N
59,339.45,621.84,1,S,5,N
61,340.88,622.14,1,S,5,N
62,342.29,622.44,1,S,5,N
63,342.73,622.74,1,S,5,N
65,344.31,623.04,1,S,5,N
67,350.23,623.34,1,S,5,N
69,385.92,623.64,1,S,5,N
406,401.80,623.94,2,E,5,N
380,459.37,624.24,2,W,5,N
407,441.45,624.54,2,E,5,N
381,489.48,624.84,2,W,5,N
72,419.44,625.14,1,S,5,N
73,422.05,625.44,1,S,5,N
224,368.13,625.74,1,W,5,N
225,369.67,626.04,1,W,5,N
229,404.74,626.34,1,W,5,N
230,406.46,626.64,1,W,5,N
231,414.56,626.94,1,W,5,N
232,416.09,627.24,1,W,5,N
233,428.01,627.54,1,W,5,N
238,458.01,627.84,1,W,5,N
239,461.02,628.14,1,W,5,N
240,464.15,628.44,1,W,5,N
338,410.16,628.74,1,E,5,N
339,438.23,629.04,1,E,5,N
340,441.02,629.34,1,E,5,N
411,593.49,629.56,2,E,3,W
341,451.57,629.64,1,E,5,N
342,470.42,629.94,1,E,5,N
343,497.31,630.24,1,E,5,N
437,524.57,630.54,3,W,5,N
466,499.26,630.84,3,E,5,N
245,473.02,639.07,1,W,3,E
105,602.46,642.71,1,S,2,W
439,582.90,644.67,3,W,5,N
468,589.47,651.24,3,E,5,N
469,591.37,653.14,3,E,5,N
564,584.12,665.54,5,W,5,N
565,594.96,665.84,5,W,5,N
566,596.95,666.14,5,W,5,N
567,597.91,666.44,5,W,5,N
568,598.12,666.74,5,W,5,N
569,599.51,667.04,5,W,5,N
570,631.31,667.34,5,W,5,N
571,644.97,667.64,5,W,5,N
572,652.76,667.94,5,W,5,N
573,655.06,668.24,5,W,5,N
574,669.21,675.34,5,W,5,N
641,600.96,679.54,5,E,5,N
642,668.71,679.84,5,E,5,N
467,552.36,699.30,3,E,5,W
438,582.02,699.60,3,W,5,W
78,461.71,699.90,1,S,5,W
80,497.25,700.20,1,S,5,W
82,500.18,700.50,1,S,5,W
111,634.57,700.70,1,S,2,E
253,577.30,700.70,1,W,2,W
84,501.38,700.80,1,S,5,W
269,660.42,701.00,1,W,2,E
261,626.72,701.00,1,W,2,W
410,544.96,701.10,2,E,5,W
268,659.06,701.30,1,W,2,W
382,502.73,701.40,2,W,5,W
383,516.80,701.70,2,W,5,W
385,541.78,702.00,2,W,5,W
386,548.59,702.30,2,W,5,W
91,506.02,702.60,1,S,5,W
107,603.26,702.80,1,S,1,W
244,471.89,702.90,1,W,5,W
121,646.19,703.10,1,S,1,W
248,525.81,703.20,1,W,5,W
122,647.25,703.40,1,S,1,W
252,557.41,703.50,1,W,5,W
125,671.91,703.70,1,S,1,W
413,658.31,713.17,2,E,3,W
96,514.53,715.30,1,S,5,E
124,670.29,715.60,1,S,1,E
344,501.16,721.44,1,E,5,N
81,497.28,721.74,1,S,5,N
83,500.95,722.04,1,S,5,N
88,503.49,722.34,1,S,5,N
384,536.83,722.64,2,W,5,N
387,574.98,722.94,2,W,5,N
89,505.23,723.24,1,S,5,N
90,505.61,723.54,1,S,5,N
241,467.61,723.84,1,W,5,N
242,468.97,724.14,1,W,5,N
243,470.03,724.44,1,W,5,N
246,494.97,724.74,1,W,5,N
247,501.53,725.04,1,W,5,N
249,537.42,725.34,1,W,5,N
250,540.75,725.64,1,W,5,N
251,556.30,725.94,1,W,5,N
345,504.59,726.24,1,E,5,N
346,520.90,726.54,1,E,5,N
440,642.56,729.77,3,W,5,N
441,655.41,730.07,3,W,5,N
442,683.67,739.31,3,W,5,E
575,681.78,765.44,5,W,5,N
576,683.67,765.74,5,W,5,N
577,686.48,766.04,5,W,5,N
578,695.37,766.34,5,W,5,N
579,696.94,766.64,5,W,5,N
580,700.53,766.94,5,W,5,N
581,702.82,767.24,5,W,5,N
582,704.10,767.54,5,W,5,N
583,714.78,767.84,5,W,5,N
584,717.37,768.14,5,W,5,N
585,718.50,768.44,5,W,5,N
586,725.59,768.74,5,W,5,N
587,740.39,769.04,5,W,5,N
588,742.39,769.34,5,W,5,N
589,743.58,769.64,5,W,5,N
590,750.58,769.94,5,W,5,N
591,752.89,770.24,5,W,5,N
592,754.52,770.54,5,W,5,N
593,764.72,770.86,5,W,5,N
594,767.84,773.98,5,W,5,N
595,770.35,776.48,5,W,5,N
643,718.74,779.44,5,E,5,N
644,727.16,779.74,5,E,5,N
645,733.13,780.04,5,E,5,N
646,756.25,780.34,5,E,5,N
647,761.93,780.64,5,E,5,N
648,766.49,780.94,5,E,5,N
649,766.81,781.24,5,E,5,N
117,643.87,798.40,1,S,3,W
470,635.97,799.20,3,E,5,W
471,684.30,799.50,3,E,5,W
97,546.79,799.80,1,S,5,W
106,602.92,800.10,1,S,5,W
108,604.62,800.40,1,S,5,W
414,670.60,800.70,2,E,5,W
276,687.50,800.80,1,W,2,E
286,728.01,800.80,1,W,2,W
391,684.58,801.00,2,W,5,W
289,752.05,801.10,1,W,2,E
110,607.70,801.30,1,S,5,W
255,580.64,801.60,1,W,5,W
262,628.44,801.90,1,W,5,W
265,651.93,802.20,1,W,5,W
266,653.39,802.50,1,W,5,W
353,646.86,802.80,1,E,5,W
355,678.03,803.10,1,E,5,W
128,710.73,803.20,1,S,1,W
129,712.00,803.50,1,S,1,W
134,758.05,803.80,1,S,1,W
135,759.19,804.10,1,S,1,W
357,690.96,808.78,1,E,5,W
263,629.59,815.20,1,W,5,E
264,636.20,815.50,1,W,5,E
350,623.23,815.80,1,E,5,E
356,686.70,816.10,1,E,5,E
98,549.33,821.34,1,S,5,N
100,552.09,821.64,1,S,5,N
101,552.54,821.94,1,S,5,N
104,602.20,822.24,1,S,5,N
412,630.70,822.54,2,E,5,N
388,650.53,822.84,2,W,5,N
389,664.64,823.14,2,W,5,N
390,672.11,823.44,2,W,5,N
392,699.00,823.74,2,W,5,N
109,605.96,824.04,1,S,5,N
112,634.86,824.34,1,S,5,N
474,768.83,824.46,3,E,5,E
254,579.06,824.64,1,W,5,N
256,590.31,824.94,1,W,5,N
257,591.00,825.24,1,W,5,N
258,601.91,825.54,1,W,5,N
259,603.45,825.84,1,W,5,N
260,623.54,826.14,1,W,5,N
267,655.24,826.44,1,W,5,N
348,611.08,826.74,1,E,5,N
349,613.32,827.04,1,E,5,N
351,631.81,827.34,1,E,5,N
352,645.75,827.64,1,E,5,N
354,668.21,827.94,1,E,5,N
472,725.63,829.57,3,E,5,N
473,731.04,829.87,3,E,5,N
444,758.37,830.17,3,W,5,N
445,771.17,832.94,3,W,5,N
130,713.86,837.17,1,S,3,W
475,778.07,839.84,3,E,5,N
596,785.17,865.34,5,W,5,N
597,786.38,865.64,5,W,5,N
598,786.72,865.94,5,W,5,N
599,795.71,866.24,5,W,5,N
600,806.62,866.54,5,W,5,N
601,833.49,866.84,5,W,5,N
602,841.30,867.14,5,W,5,N
603,842.55,867.44,5,W,5,N
604,844.36,867.74,5,W,5,N
605,844.99,868.04,5,W,5,N
606,847.07,868.34,5,W,5,N
607,856.34,868.64,5,W,5,N
608,862.74,868.88,5,W,5,N
609,865.63,871.77,5,W,5,N
610,866.34,872.48,5,W,5,N
650,819.83,879.34,5,E,5,N
651,826.18,879.64,5,E,5,N
652,839.60,879.94,5,E,5,N
653,844.66,880.24,5,E,5,N
654,866.53,880.54,5,E,5,N
655,890.48,896.62,5,E,5,N
656,890.54,896.68,5,E,5,N
138,766.43,898.20,1,S,3,W
443,739.78,899.10,3,W,5,W
446,796.88,899.40,3,W,5,W
119,645.50,899.70,1,S,5,W
126,672.19,900.00,1,S,5,W
415,713.56,900.30,2,E,5,W
393,704.55,900.60,2,W,5,W
419,799.09,900.90,2,E,5,W
165,835.75,900.90,1,S,2,W
166,837.71,900.90,1,S,2,E
277,691.10,901.20,1,W,5,W
278,692.40,901.50,1,W,5,W
279,694.28,901.80,1,W,5,W
280,694.39,902.10,1,W,5,W
284,719.38,902.40,1,W,5,W
287,730.01,902.70,1,W,5,W
290,753.91,903.00,1,W,5,W
149,810.73,903.60,1,S,1,W
153,817.58,903.90,1,S,1,W
159,827.16,904.20,1,S,1,W
161,829.88,904.50,1,S,1,W
657,898.46,904.59,5,E,5,N
162,831.07,904.80,1,S,1,W
163,831.76,905.10,1,S,1,W
173,847.56,905.40,1,S,1,W
175,850.02,905.70,1,S,1,W
181,859.98,906.00,1,S,1,W
190,876.12,906.30,1,S,1,W
191,877.02,906.60,1,S,1,W
123,669.77,915.10,1,S,5,E
417,748.67,915.40,2,E,5,E
113,639.76,921.24,1,S,5,N
114,640.97,921.54,1,S,5,N
115,642.43,921.84,1,S,5,N
116,642.76,922.14,1,S,5,N
118,644.35,922.44,1,S,5,N
120,646.12,922.74,1,S,5,N
416,723.86,923.04,2,E,5,N
418,776.06,923.34,2,E,5,N
394,794.00,923.64,2,W,5,N
127,709.19,923.94,1,S,5,N
131,715.61,924.24,1,S,5,N
270,675.17,924.54,1,W,5,N
271,675.71,924.84,1,W,5,N
272,676.81,925.14,1,W,5,N
273,678.37,925.44,1,W,5,N
274,679.59,925.74,1,W,5,N
275,686.20,926.04,1,W,5,N
281,695.84,926.34,1,W,5,N
282,697.09,926.64,1,W,5,N
283,698.94,926.94,1,W,5,N
285,719.51,927.24,1,W,5,N
288,750.88,927.54,1,W,5,N
358,712.83,927.84,1,E,5,N
359,739.42,928.14,1,E,5,N
476,836.56,929.37,3,E,5,N
478,867.05,929.97,3,E,5,N
481,871.36,933.13,3,E,5,N
448,871.79,933.56,3,W,5,N
396,898.31,934.38,2,W,3,E
169,842.42,943.12,1,S,2,W
300,827.90,943.57,1,W,3,W
483,881.87,943.64,3,E,5,N
302,846.80,944.17,1,W,3,W
484,888.32,950.09,3,E,5,N
449,891.82,953.59,3,W,5,N
365,894.31,956.50,1,E,3,W
168,841.12,998.00,1,S,3,W
172,846.23,998.00,1,S,3,E
174,848.08,998.30,1,S,3,W
447,818.24,999.00,3,W,5,W
477,856.36,999.30,3,E,5,W
479,868.39,999.60,3,E,5,W
480,870.09,999.90,3,E,5,W
482,872.47,1000.20,3,E,5,W
141,771.44,1000.50,1,S,5,W
395,817.11,1000.80,2,W,5,W
183,863.30,1001.00,1,S,2,W
420,816.40,1001.10,2,E,5,W
421,859.22,1001.40,2,E,5,W
146,778.22,1001.70,1,S,5,W
148,809.94,1002.00,1,S,5,W
154,819.39,1002.30,1,S,5,W
164,832.81,1002.60,1,S,5,W
291,769.83,1002.90,1,W,5,W
292,776.41,1003.20,1,W,5,W
298,823.98,1003.50,1,W,5,W
364,867.85,1003.80,1,E,5,W
158,826.24,1015.00,1,S,5,E
362,834.49,1015.30,1,E,5,E
360,802.11,1021.14,1,E,5,N
132,752.98,1021.44,1,S,5,N
133,756.80,1021.74,1,S,5,N
136,761.88,1022.04,1,S,5,N
137,763.53,1022.34,1,S,5,N
139,767.45,1022.64,1,S,5,N
140,770.10,1022.94,1,S,5,N
142,772.78,1023.24,1,S,5,N
143,773.21,1023.54,1,S,5,N
144,775.81,1023.84,1,S,5,N
145,777.30,1024.14,1,S,5,N
422,877.29,1024.44,2,E,5,N
423,898.78,1024.74,2,E,5,N
147,809.61,1025.04,1,S,5,N
150,811.78,1025.34,1,S,5,N
151,812.61,1025.64,1,S,5,N
152,814.02,1025.94,1,S,5,N
155,819.55,1026.24,1,S,5,N
156,820.72,1026.54,1,S,5,N
157,826.23,1026.84,1,S,5,N
160,829.66,1027.14,1,S,5,N
293,788.75,1027.44,1,W,5,N
294,789.90,1027.74,1,W,5,N
295,806.09,1028.04,1,W,5,N
296,807.87,1028.34,1,W,5,N
297,821.64,1028.64,1,W,5,N
299,825.52,1028.94,1,W,5,N
301,846.59,1029.24,1,W,5,N
303,848.59,1029.54,1,W,5,N
304,850.20,1029.84,1,W,5,N
305,859.79,1030.14,1,W,5,N
361,833.29,1030.44,1,E,5,N
363,845.27,1030.74,1,E,5,N
485,898.68,1031.04,3,E,5,N
310,899.55,1041.27,1,W,3,E
167,840.50,1098.90,1,S,5,W
171,845.62,1099.20,1,S,5,W
178,853.74,1099.50,1,S,5,W
179,854.69,1099.80,1,S,5,W
180,855.62,1100.10,1,S,5,W
182,861.33,1100.40,1,S,5,W
184,865.94,1100.70,1,S,5,W
189,870.98,1101.00,1,S,5,W
192,878.41,1101.30,1,S,5,W
193,879.56,1101.60,1,S,5,W
188,869.19,1114.90,1,S,5,E
170,844.26,1121.04,1,S,5,N
176,851.96,1121.34,1,S,5,N
177,852.72,1121.64,1,S,5,N
185,867.17,1121.94,1,S,5,N
186,867.70,1122.24,1,S,5,N
187,868.07,1122.54,1,S,5,N
306,877.28,1122.84,1,W,5,N
307,878.92,1123.14,1,W,5,N
308,880.59,1123.44,1,W,5,N
309,896.45,1123.74,1,W,5,N