id,enter_time,exit_time,entrance_intersection,entrance_direction,exit_intersection,exit_direction
445,1.78,66.14,5,W,5,N
446,18.05,66.44,5,W,5,N
447,19.86,66.74,5,W,5,N
448,22.44,67.04,5,W,5,N
449,24.09,67.34,5,W,5,N
450,25.23,67.64,5,W,5,N
451,27.05,67.94,5,W,5,N
452,29.65,68.24,5,W,5,N
453,31.00,68.54,5,W,5,N
454,39.21,68.84,5,W,5,N
455,41.54,69.14,5,W,5,N
566,5.27,80.14,5,E,5,N
567,10.31,80.44,5,E,5,N
568,11.36,80.74,5,E,5,N
569,17.30,81.04,5,E,5,N
570,25.98,81.34,5,E,5,N
0,0.57,100.40,1,S,1,W
15,69.08,100.70,1,S,1,W
18,69.93,101.00,1,S,1,W
571,94.98,101.12,5,E,5,N
7,11.18,137.97,1,S,3,W
376,77.38,139.15,3,W,5,N
17,69.18,139.92,1,S,2,W
378,92.53,154.30,3,W,5,N
456,89.53,166.04,5,W,5,N
457,90.90,166.34,5,W,5,N
458,93.31,166.64,5,W,5,N
459,94.48,166.94,5,W,5,N
460,126.76,167.24,5,W,5,N
461,128.62,167.54,5,W,5,N
462,142.80,167.84,5,W,5,N
463,145.89,168.14,5,W,5,N
464,146.24,168.44,5,W,5,N
465,146.25,168.74,5,W,5,N
466,163.95,170.08,5,W,5,N
572,103.23,180.04,5,E,5,N
573,114.07,180.34,5,E,5,N
574,128.57,180.64,5,E,5,N
575,130.49,180.94,5,E,5,N
576,135.99,181.24,5,E,5,N
577,136.18,181.54,5,E,5,N
578,187.50,193.64,5,E,5,N
375,21.36,199.80,3,W,5,W
403,30.17,200.10,3,E,5,W
168,85.36,200.20,1,W,2,W
404,75.23,200.40,3,E,5,W
173,100.04,200.50,1,W,2,W
377,81.81,200.70,3,W,5,W
20,107.61,200.80,1,S,1,W
350,59.98,201.00,2,E,5,W
328,99.30,201.30,2,W,5,W
579,195.42,201.56,5,E,5,N
1,5.80,201.60,1,S,5,W
2,6.93,201.90,1,S,5,W
3,8.59,202.20,1,S,5,W
4,8.82,202.50,1,S,5,W
6,10.70,202.80,1,S,5,W
8,12.44,203.10,1,S,5,W
13,19.23,203.40,1,S,5,W
160,18.99,203.70,1,W,5,W
161,35.77,204.00,1,W,5,W
164,42.78,204.30,1,W,5,W
165,44.38,204.60,1,W,5,W
273,20.40,204.90,1,E,5,W
275,50.35,205.20,1,E,5,W
27,192.25,206.39,1,S,1,W
26,191.96,213.60,1,S,1,E
327,21.08,215.80,2,W,5,E
349,41.79,221.94,2,E,5,N
326,12.89,222.24,2,W,5,N
351,90.39,222.54,2,E,5,N
5,8.97,222.84,1,S,5,N
9,13.79,223.14,1,S,5,N
10,14.04,223.44,1,S,5,N
11,14.58,223.74,1,S,5,N
12,18.74,224.04,1,S,5,N
158,1.80,224.34,1,W,5,N
159,2.34,224.64,1,W,5,N
162,39.14,224.94,1,W,5,N
163,39.78,225.24,1,W,5,N
166,58.14,225.54,1,W,5,N
167,59.90,225.84,1,W,5,N
272,1.61,226.14,1,E,5,N
274,36.23,226.44,1,E,5,N
276,51.52,226.74,1,E,5,N
379,101.79,230.77,3,W,5,N
406,166.54,231.07,3,E,5,N
407,181.11,236.75,3,E,5,E
278,117.70,240.17,1,E,3,W
28,226.94,241.08,1,S,1,E
29,229.35,243.49,1,S,1,E
381,184.63,246.40,3,W,5,N
467,179.69,265.94,5,W,5,N
468,182.45,266.24,5,W,5,N
469,183.69,266.54,5,W,5,N
470,194.09,266.84,5,W,5,N
471,195.02,267.14,5,W,5,N
472,195.78,267.44,5,W,5,N
473,206.58,267.74,5,W,5,N
474,215.60,268.04,5,W,5,N
475,223.10,268.34,5,W,5,N
476,226.46,268.64,5,W,5,N
477,234.08,268.94,5,W,5,N
478,242.46,269.24,5,W,5,N
479,256.77,269.54,5,W,5,N
480,258.65,269.84,5,W,5,N
481,271.55,277.69,5,W,5,N
580,222.62,279.94,5,E,5,N
581,234.94,280.24,5,E,5,N
582,276.31,282.45,5,E,5,N
583,280.38,286.52,5,E,5,N
584,284.29,290.42,5,E,5,N
585,285.96,292.09,5,E,5,N
586,286.87,293.01,5,E,5,N
587,289.84,295.97,5,E,5,N
405,122.02,299.70,3,E,5,W
380,130.23,300.00,3,W,5,W
30,230.66,300.30,1,S,2,W
408,191.69,300.30,3,E,5,W
182,174.41,300.60,1,W,2,W
352,139.85,300.60,2,E,5,W
332,165.46,300.90,2,W,5,W
21,108.94,301.20,1,S,5,W
170,88.41,301.50,1,W,5,W
172,99.17,301.80,1,W,5,W
179,151.33,302.10,1,W,5,W
279,121.63,302.40,1,E,5,W
335,229.06,312.77,2,W,3,W
19,72.25,315.70,1,S,5,E
277,103.10,316.00,1,E,5,E
280,147.76,316.30,1,E,5,E
14,68.51,321.84,1,S,5,N
16,69.08,322.14,1,S,5,N
329,127.58,322.44,2,W,5,N
330,129.80,322.74,2,W,5,N
331,164.93,323.04,2,W,5,N
333,172.10,323.34,2,W,5,N
353,184.53,323.64,2,E,5,N
169,86.97,323.94,1,W,5,N
171,97.80,324.24,1,W,5,N
174,110.49,324.54,1,W,5,N
175,133.02,324.84,1,W,5,N
176,134.65,325.14,1,W,5,N
177,141.74,325.44,1,W,5,N
178,150.74,325.74,1,W,5,N
180,154.54,326.04,1,W,5,N
281,150.75,326.34,1,E,5,N
282,196.98,326.64,1,E,5,N
410,223.27,330.87,3,E,5,N
411,229.44,331.17,3,E,5,N
413,276.74,332.38,3,E,5,E
383,287.66,349.43,3,W,5,N
482,295.97,365.84,5,W,5,N
483,303.43,366.14,5,W,5,N
484,307.18,366.44,5,W,5,N
485,335.42,366.74,5,W,5,N
486,342.61,367.04,5,W,5,N
487,357.01,367.34,5,W,5,N
488,364.72,370.85,5,W,5,N
489,365.77,371.91,5,W,5,N
490,367.11,373.24,5,W,5,N
588,362.78,379.84,5,E,5,N
382,257.91,399.60,3,W,5,W
409,221.82,399.90,3,E,5,W
412,275.22,400.20,3,E,5,W
384,289.20,400.50,3,W,5,W
354,203.13,400.80,2,E,5,W
355,247.55,401.10,2,E,5,W
181,170.52,401.40,1,W,5,W
36,310.43,401.60,1,S,1,W
184,191.09,401.70,1,W,5,W
188,210.55,402.00,1,W,5,W
189,227.14,402.30,1,W,5,W
191,246.85,402.60,1,W,5,W
283,239.00,402.90,1,E,5,W
43,389.79,403.93,1,S,1,W
45,395.08,409.21,1,S,1,W
47,397.28,411.42,1,S,1,W
297,388.16,414.27,1,E,2,W
285,245.90,415.60,1,E,5,E
22,146.10,421.74,1,S,5,N
23,182.34,422.04,1,S,5,N
24,184.06,422.34,1,S,5,N
25,185.98,422.64,1,S,5,N
334,207.44,422.94,2,W,5,N
356,258.35,423.24,2,E,5,N
183,175.73,423.54,1,W,5,N
185,192.13,423.84,1,W,5,N
186,193.58,424.14,1,W,5,N
187,210.18,424.44,1,W,5,N
190,243.44,424.74,1,W,5,N
284,242.20,425.04,1,E,5,N
286,272.38,425.34,1,E,5,N
385,344.85,430.37,3,W,5,N
414,311.40,430.67,3,E,5,N
415,358.72,430.97,3,E,5,N
416,360.63,431.27,3,E,5,N
417,366.67,431.57,3,E,5,N
420,382.86,438.49,3,E,5,E
39,385.73,441.12,1,S,2,E
40,386.53,441.42,1,S,2,E
296,383.91,446.10,1,E,3,W
491,374.92,465.74,5,W,5,N
492,376.79,466.04,5,W,5,N
493,379.44,466.34,5,W,5,N
494,381.15,466.64,5,W,5,N
495,388.42,466.94,5,W,5,N
496,415.32,467.24,5,W,5,N
497,416.74,467.54,5,W,5,N
498,417.00,467.84,5,W,5,N
499,417.22,468.14,5,W,5,N
500,418.62,468.44,5,W,5,N
501,418.95,468.74,5,W,5,N
502,441.11,469.04,5,W,5,N
503,442.66,469.34,5,W,5,N
504,450.46,469.64,5,W,5,N
505,451.62,469.94,5,W,5,N
506,453.26,470.24,5,W,5,N
507,453.28,470.54,5,W,5,N
508,454.09,470.84,5,W,5,N
509,455.42,471.14,5,W,5,N
589,435.57,479.74,5,E,5,N
590,457.24,480.04,5,E,5,N
591,465.03,480.34,5,E,5,N
592,468.37,480.64,5,E,5,N
418,373.45,499.50,3,E,5,W
419,375.19,499.80,3,E,5,W
31,261.09,500.10,1,S,5,W
34,265.26,500.40,1,S,5,W
207,402.80,500.50,1,W,2,W
35,267.20,500.70,1,S,5,W
357,306.26,501.00,2,E,5,W
360,382.75,501.30,2,E,5,W
192,266.29,501.60,1,W,5,W
193,269.88,501.90,1,W,5,W
49,399.35,502.00,1,S,1,W
196,296.43,502.20,1,W,5,W
52,403.64,502.30,1,S,1,W
198,314.29,502.50,1,W,5,W
288,324.30,502.80,1,E,5,W
292,354.11,503.10,1,E,5,W
295,383.77,503.40,1,E,5,W
59,493.79,507.92,1,S,1,W
61,496.43,514.80,1,S,1,E
62,496.54,515.10,1,S,1,E
33,263.50,515.50,1,S,5,E
336,324.27,515.80,2,W,5,E
194,285.22,516.10,1,W,5,E
197,311.71,516.40,1,W,5,E
290,348.93,516.70,1,E,5,E
32,261.57,521.64,1,S,5,N
358,318.78,521.94,2,E,5,N
359,359.72,522.24,2,E,5,N
195,294.48,522.54,1,W,5,N
199,329.38,522.84,1,W,5,N
200,335.49,523.14,1,W,5,N
201,345.00,523.44,1,W,5,N
202,346.72,523.74,1,W,5,N
203,356.00,524.04,1,W,5,N
287,309.45,524.34,1,E,5,N
289,343.02,524.64,1,E,5,N
291,350.29,524.94,1,E,5,N
425,446.10,525.23,3,E,5,E
293,355.23,525.24,1,E,5,N
294,356.91,525.54,1,E,5,N
386,415.60,530.17,3,W,5,N
423,433.28,530.77,3,E,5,N
388,424.82,531.07,3,W,5,N
389,427.83,531.37,3,W,5,N
424,444.77,531.67,3,E,5,N
213,455.17,538.97,1,W,3,W
81,526.36,540.50,1,S,1,E
57,491.77,541.82,1,S,2,W
427,480.63,542.40,3,E,5,N
390,486.99,548.76,3,W,5,N
428,493.60,555.37,3,E,5,N
510,481.57,565.64,5,W,5,N
511,482.81,565.94,5,W,5,N
512,525.98,566.24,5,W,5,N
513,527.21,566.54,5,W,5,N
514,528.67,566.84,5,W,5,N
515,544.46,567.14,5,W,5,N
516,546.31,567.44,5,W,5,N
517,555.61,567.74,5,W,5,N
518,556.23,568.04,5,W,5,N
519,557.29,568.34,5,W,5,N
520,558.43,568.64,5,W,5,N
521,559.18,568.94,5,W,5,N
522,560.71,569.24,5,W,5,N
523,562.28,569.54,5,W,5,N
524,564.24,570.38,5,W,5,N
593,519.52,579.64,5,E,5,N
594,525.00,579.94,5,E,5,N
595,527.39,580.24,5,E,5,N
596,529.08,580.54,5,E,5,N
597,534.79,580.84,5,E,5,N
598,552.06,581.14,5,E,5,N
599,553.08,581.44,5,E,5,N
600,558.17,581.74,5,E,5,N
601,562.57,582.04,5,E,5,N
602,565.11,582.34,5,E,5,N
603,592.51,598.64,5,E,5,N
56,491.18,598.80,1,S,3,E
55,450.22,598.80,1,S,3,W
421,425.76,599.40,3,E,5,W
422,427.41,599.70,3,E,5,W
387,420.20,600.00,3,W,5,W
426,447.12,600.30,3,E,5,W
37,340.83,600.60,1,S,5,W
222,532.93,600.60,1,W,2,W
71,508.24,600.60,1,S,2,E
38,342.43,600.90,1,S,5,W
225,550.53,600.90,1,W,2,W
46,395.71,601.20,1,S,5,W
306,534.64,601.20,1,E,2,W
50,400.15,601.50,1,S,5,W
53,404.55,601.80,1,S,5,W
361,427.86,602.10,2,E,5,W
337,424.19,602.40,2,W,5,W
75,512.72,602.40,1,S,1,W
300,447.26,602.70,1,E,5,W
76,513.04,602.70,1,S,1,W
77,516.25,603.00,1,S,1,W
80,522.57,603.30,1,S,1,W
83,528.39,603.60,1,S,1,W
85,533.84,603.90,1,S,1,W
90,586.24,604.20,1,S,1,W
41,387.19,615.40,1,S,5,E
362,469.53,615.70,2,E,5,E
205,381.17,616.00,1,W,5,E
42,389.14,621.54,1,S,5,N
44,391.74,621.84,1,S,5,N
48,398.83,622.14,1,S,5,N
51,402.48,622.44,1,S,5,N
363,497.09,622.74,2,E,5,N
204,380.08,623.04,1,W,5,N
206,399.44,623.34,1,W,5,N
208,408.16,623.64,1,W,5,N
209,409.83,623.94,1,W,5,N
210,419.12,624.24,1,W,5,N
211,437.19,624.54,1,W,5,N
212,454.68,624.84,1,W,5,N
214,462.31,625.14,1,W,5,N
215,463.31,625.44,1,W,5,N
298,402.28,625.74,1,E,5,N
299,419.24,626.04,1,E,5,N
301,472.48,626.34,1,E,5,N
392,566.94,630.27,3,W,5,N
68,505.57,636.97,1,S,3,W
224,550.15,642.07,1,W,3,W
303,516.92,643.57,1,E,3,E
95,597.01,643.72,1,S,2,W
305,529.06,644.17,1,E,3,E
525,579.05,665.54,5,W,5,N
526,581.12,665.84,5,W,5,N
527,582.00,666.14,5,W,5,N
528,592.77,666.44,5,W,5,N
529,603.47,666.74,5,W,5,N
530,612.83,667.04,5,W,5,N
531,615.40,667.34,5,W,5,N
532,632.37,667.64,5,W,5,N
533,634.23,667.94,5,W,5,N
534,635.01,668.24,5,W,5,N
604,644.71,679.54,5,E,5,N
605,644.72,679.84,5,E,5,N
606,646.63,680.14,5,E,5,N
607,671.16,680.44,5,E,5,N
608,671.99,680.74,5,E,5,N
609,675.59,681.73,5,E,5,N
429,501.62,699.30,3,E,5,W
391,542.53,699.60,3,W,5,W
430,560.79,699.90,3,E,5,W
431,562.22,700.20,3,E,5,W
65,503.06,700.50,1,S,5,W
338,522.35,700.80,2,W,5,W
67,504.99,701.10,1,S,5,W
69,507.18,701.40,1,S,5,W
70,508.23,701.70,1,S,5,W
82,527.32,702.00,1,S,5,W
216,472.59,702.30,1,W,5,W
223,549.08,702.60,1,W,5,W
96,633.99,702.80,1,S,1,W
226,560.23,702.90,1,W,5,W
308,579.75,703.20,1,E,5,W
366,611.77,712.87,2,E,3,E
54,449.71,721.44,1,S,5,N
58,492.33,721.74,1,S,5,N
60,494.70,722.04,1,S,5,N
63,501.81,722.34,1,S,5,N
64,502.02,722.64,1,S,5,N
66,503.07,722.94,1,S,5,N
364,540.91,723.24,2,E,5,N
365,563.53,723.54,2,E,5,N
72,509.28,723.84,1,S,5,N
73,510.24,724.14,1,S,5,N
74,512.41,724.44,1,S,5,N
78,517.73,724.74,1,S,5,N
79,521.71,725.04,1,S,5,N
84,532.70,725.34,1,S,5,N
217,473.99,725.64,1,W,5,N
218,475.03,725.94,1,W,5,N
219,491.91,726.24,1,W,5,N
220,515.65,726.54,1,W,5,N
221,531.15,726.84,1,W,5,N
227,562.02,727.14,1,W,5,N
228,563.06,727.44,1,W,5,N
302,510.98,727.74,1,E,5,N
304,519.47,728.04,1,E,5,N
307,553.37,728.34,1,E,5,N
309,590.52,728.64,1,E,5,N
393,620.26,729.77,3,W,5,N
433,620.62,730.07,3,E,5,N
435,630.62,730.67,3,E,5,N
436,662.44,730.97,3,E,5,N
343,697.57,733.64,2,W,3,W
102,640.75,741.72,1,S,2,W
395,683.69,745.46,3,W,5,N
535,673.31,765.44,5,W,5,N
536,674.50,765.74,5,W,5,N
537,677.70,766.04,5,W,5,N
538,694.67,766.34,5,W,5,N
539,701.25,766.64,5,W,5,N
540,702.98,766.94,5,W,5,N
541,744.64,767.24,5,W,5,N
542,761.13,767.26,5,W,5,N
543,762.65,768.79,5,W,5,N
544,764.70,770.84,5,W,5,N
545,765.78,771.91,5,W,5,N
610,743.73,779.44,5,E,5,N
611,790.08,796.22,5,E,5,N
612,792.07,798.21,5,E,5,N
432,605.86,799.20,3,E,5,W
394,624.30,799.50,3,W,5,W
434,622.32,799.80,3,E,5,W
368,669.96,800.10,2,E,5,W
341,621.53,800.40,2,W,5,W
97,635.24,800.70,1,S,5,W
121,726.76,800.80,1,S,2,W
250,728.95,800.80,1,W,2,E
98,635.96,801.00,1,S,5,W
99,637.63,801.30,1,S,5,W
230,586.24,801.60,1,W,5,W
231,602.47,801.90,1,W,5,W
238,666.16,802.20,1,W,5,W
310,604.60,802.50,1,E,5,W
312,626.75,802.80,1,E,5,W
313,628.94,803.10,1,E,5,W
113,715.22,803.20,1,S,1,W
315,659.94,803.40,1,E,5,W
122,729.39,803.50,1,S,1,W
316,674.17,803.70,1,E,5,W
130,739.46,803.80,1,S,1,W
134,745.60,804.10,1,S,1,W
135,748.25,804.40,1,S,1,W
136,749.59,804.70,1,S,1,W
140,755.31,805.00,1,S,1,W
143,758.57,805.30,1,S,1,W
148,766.89,805.60,1,S,1,W
93,595.25,815.20,1,S,5,E
101,639.32,815.50,1,S,5,E
232,611.66,815.80,1,W,5,E
137,750.56,816.00,1,S,1,E
437,698.56,821.34,3,E,5,N
86,580.19,821.64,1,S,5,N
87,581.05,821.94,1,S,5,N
88,583.04,822.24,1,S,5,N
89,586.18,822.54,1,S,5,N
91,590.24,822.84,1,S,5,N
92,592.72,823.14,1,S,5,N
94,595.40,823.44,1,S,5,N
339,603.69,823.74,2,W,5,N
340,611.45,824.04,2,W,5,N
367,656.08,824.34,2,E,5,N
342,622.24,824.64,2,W,5,N
100,637.71,824.94,1,S,5,N
229,576.28,825.24,1,W,5,N
233,630.02,825.54,1,W,5,N
234,637.08,825.84,1,W,5,N
235,644.25,826.14,1,W,5,N
236,645.59,826.44,1,W,5,N
237,662.32,826.74,1,W,5,N
311,608.64,827.04,1,E,5,N
314,646.18,827.34,1,E,5,N
396,735.29,829.57,3,W,5,N
438,734.98,829.87,3,E,5,N
398,756.75,830.17,3,W,5,N
439,781.48,843.25,3,E,5,N
252,755.28,844.67,1,W,3,W
319,709.15,845.87,1,E,3,W
400,789.77,851.54,3,W,5,N
546,779.58,865.34,5,W,5,N
547,781.36,865.64,5,W,5,N
548,789.45,865.94,5,W,5,N
549,791.44,866.24,5,W,5,N
550,799.18,866.54,5,W,5,N
551,799.57,866.84,5,W,5,N
552,806.14,867.14,5,W,5,N
553,841.28,867.44,5,W,5,N
554,841.81,867.74,5,W,5,N
555,844.09,868.04,5,W,5,N
556,844.91,868.34,5,W,5,N
557,846.80,868.64,5,W,5,N
558,848.03,868.94,5,W,5,N
559,871.10,877.23,5,W,5,N
613,857.37,879.34,5,E,5,N
614,862.43,879.64,5,E,5,N
615,862.60,879.94,5,E,5,N
616,871.69,880.24,5,E,5,N
131,741.69,898.20,1,S,3,W
317,697.40,899.10,1,E,5,W
397,754.64,899.40,3,W,5,W
399,777.65,899.70,3,W,5,W
440,790.65,900.00,3,E,5,W
107,646.49,900.30,1,S,5,W
112,683.59,900.60,1,S,5,W
369,716.74,900.90,2,E,5,W
257,784.42,900.90,1,W,2,E
256,782.92,900.90,1,W,2,W
117,722.22,901.20,1,S,5,W
259,814.87,901.20,1,W,2,W
119,724.85,901.50,1,S,5,W
261,823.84,901.50,1,W,2,W
123,730.70,901.80,1,S,5,W
129,738.61,902.10,1,S,5,W
242,690.34,902.40,1,W,5,W
244,700.25,902.70,1,W,5,W
246,703.46,903.00,1,W,5,W
247,705.16,903.30,1,W,5,W
254,757.09,903.60,1,W,5,W
157,859.93,903.60,1,S,1,W
320,719.31,903.90,1,E,5,W
322,756.73,904.20,1,E,5,W
103,642.27,915.10,1,S,5,E
125,732.19,915.40,1,S,5,E
251,738.81,915.70,1,W,5,E
104,642.76,921.24,1,S,5,N
105,644.54,921.54,1,S,5,N
106,645.30,921.84,1,S,5,N
108,674.84,922.14,1,S,5,N
109,675.63,922.44,1,S,5,N
110,676.11,922.74,1,S,5,N
111,681.99,923.04,1,S,5,N
370,737.63,923.34,2,E,5,N
442,838.48,923.53,3,E,5,E
344,782.30,923.64,2,W,5,N
371,785.86,923.94,2,E,5,N
345,794.51,924.24,2,W,5,N
372,797.90,924.54,2,E,5,N
114,716.66,924.84,1,S,5,N
115,718.54,925.14,1,S,5,N
116,720.49,925.44,1,S,5,N
118,724.12,925.74,1,S,5,N
120,725.57,926.04,1,S,5,N
124,731.26,926.34,1,S,5,N
126,733.60,926.64,1,S,5,N
127,734.93,926.94,1,S,5,N
128,736.72,927.24,1,S,5,N
239,667.65,927.54,1,W,5,N
240,669.49,927.84,1,W,5,N
241,689.19,928.14,1,W,5,N
243,690.74,928.44,1,W,5,N
245,702.37,928.74,1,W,5,N
248,709.00,929.04,1,W,5,N
249,725.42,929.34,1,W,5,N
253,755.40,929.64,1,W,5,N
318,704.90,929.94,1,E,5,N
321,729.55,930.24,1,E,5,N
323,794.79,930.54,1,E,5,N
441,803.41,930.84,3,E,5,N
262,827.49,939.37,1,W,3,E
402,884.41,946.18,3,W,5,N
443,886.02,947.79,3,E,5,N
560,877.67,965.24,5,W,5,N
561,878.72,965.54,5,W,5,N
562,886.70,965.84,5,W,5,N
563,893.76,966.14,5,W,5,N
564,897.62,966.44,5,W,5,N
565,899.49,966.74,5,W,5,N
401,815.52,999.00,3,W,5,W
444,893.82,999.30,3,E,5,W
133,745.14,999.60,1,S,5,W
138,752.12,999.90,1,S,5,W
145,761.80,1000.20,1,S,5,W
373,838.53,1000.50,2,E,5,W
154,807.84,1000.80,1,S,5,W
270,875.84,1001.00,1,W,2,W
260,822.15,1001.10,1,W,5,W
265,858.30,1001.40,1,W,5,W
324,860.87,1001.70,1,E,5,W
325,893.46,1011.28,1,E,5,W
153,787.14,1015.00,1,S,5,E
132,743.83,1021.14,1,S,5,N
139,753.95,1021.44,1,S,5,N
141,755.64,1021.74,1,S,5,N
142,757.00,1022.04,1,S,5,N
144,759.26,1022.34,1,S,5,N
146,763.08,1022.64,1,S,5,N
147,765.01,1022.94,1,S,5,N
149,774.00,1023.24,1,S,5,N
346,807.52,1023.54,2,W,5,N
347,845.58,1023.84,2,W,5,N
348,859.19,1024.14,2,W,5,N
374,882.66,1024.44,2,E,5,N
150,775.50,1024.74,1,S,5,N
151,780.72,1025.04,1,S,5,N
152,783.14,1025.34,1,S,5,N
255,779.78,1025.64,1,W,5,N
258,800.47,1025.94,1,W,5,N
263,835.19,1026.24,1,W,5,N
264,856.70,1026.54,1,W,5,N
155,853.42,1098.90,1,S,5,W
156,855.97,1099.20,1,S,5,W
266,868.11,1121.04,1,W,5,N
267,869.40,1121.34,1,W,5,N
268,871.36,1121.64,1,W,5,N
269,874.65,1121.94,1,W,5,N
271,895.38,1122.24,1,W,5,N