id,enter_time,exit_time,entrance_intersection,entrance_direction,exit_intersection,exit_direction
8,18.50,32.64,1,S,1,E
503,15.48,66.14,5,W,5,N
504,15.69,66.44,5,W,5,N
505,16.89,66.74,5,W,5,N
506,18.92,67.04,5,W,5,N
507,20.71,67.34,5,W,5,N
508,34.71,67.64,5,W,5,N
509,36.55,67.94,5,W,5,N
510,46.87,68.24,5,W,5,N
511,54.92,68.54,5,W,5,N
512,62.19,68.84,5,W,5,N
513,65.01,71.14,5,W,5,N
514,65.71,71.85,5,W,5,N
515,66.19,72.33,5,W,5,N
516,67.41,73.55,5,W,5,N
517,69.92,76.05,5,W,5,N
631,2.97,80.14,5,E,5,N
632,12.33,80.44,5,E,5,N
633,20.26,80.74,5,E,5,N
634,75.08,81.22,5,E,5,N
0,1.84,99.80,1,S,3,W
15,31.35,100.10,1,S,2,W
199,16.37,100.40,1,W,2,W
1,5.62,100.40,1,S,1,W
3,6.87,100.70,1,S,1,W
9,18.69,101.00,1,S,1,W
10,20.20,101.30,1,S,1,W
635,95.38,101.51,5,E,5,N
12,22.87,101.60,1,S,1,W
14,27.23,101.90,1,S,1,W
19,73.22,102.20,1,S,1,W
21,74.41,102.50,1,S,1,W
28,83.39,113.20,1,S,1,E
29,85.13,113.50,1,S,1,E
471,1.06,124.83,3,E,5,E
472,59.57,131.27,3,E,5,N
453,60.23,131.57,3,W,5,N
33,123.85,137.99,1,S,1,E
20,74.26,139.62,1,S,2,W
518,114.42,166.04,5,W,5,N
519,115.49,166.34,5,W,5,N
520,116.52,166.64,5,W,5,N
521,117.60,166.94,5,W,5,N
522,128.05,167.24,5,W,5,N
523,129.70,167.54,5,W,5,N
524,130.55,167.84,5,W,5,N
525,132.46,168.14,5,W,5,N
526,133.50,168.44,5,W,5,N
527,136.31,168.74,5,W,5,N
528,145.53,169.04,5,W,5,N
529,155.33,169.34,5,W,5,N
530,170.29,176.43,5,W,5,N
636,115.63,180.04,5,E,5,N
637,117.86,180.34,5,E,5,N
638,161.44,180.64,5,E,5,N
639,163.11,180.94,5,E,5,N
640,171.85,181.24,5,E,5,N
641,177.33,183.47,5,E,5,N
24,78.17,199.60,1,S,3,W
451,0.87,199.80,3,W,5,W
452,55.36,200.10,3,W,5,W
32,123.17,200.20,1,S,2,W
34,126.42,200.20,1,S,2,E
427,12.63,200.40,2,E,5,W
393,7.29,200.70,2,W,5,W
37,131.05,200.80,1,S,1,W
394,29.04,201.00,2,W,5,W
39,134.21,201.10,1,S,1,W
400,98.13,201.30,2,W,5,W
51,151.15,201.40,1,S,1,W
7,17.59,201.60,1,S,5,W
198,12.44,201.90,1,W,5,W
203,57.84,202.20,1,W,5,W
206,61.37,202.50,1,W,5,W
328,30.11,202.80,1,E,5,W
331,89.10,206.92,1,E,5,W
50,149.87,213.60,1,S,1,E
396,61.17,215.80,2,W,5,E
2,6.68,216.10,1,S,5,E
428,62.21,221.94,2,E,5,N
395,56.19,222.24,2,W,5,N
397,75.71,222.54,2,W,5,N
398,84.68,222.84,2,W,5,N
399,93.12,223.14,2,W,5,N
4,10.03,223.44,1,S,5,N
5,10.72,223.74,1,S,5,N
6,12.52,224.04,1,S,5,N
11,21.47,224.34,1,S,5,N
13,26.05,224.64,1,S,5,N
16,32.55,224.94,1,S,5,N
17,35.11,225.24,1,S,5,N
196,9.25,225.54,1,W,5,N
197,11.10,225.84,1,W,5,N
200,17.98,226.14,1,W,5,N
201,40.05,226.44,1,W,5,N
202,55.94,226.74,1,W,5,N
204,58.36,227.04,1,W,5,N
205,59.72,227.34,1,W,5,N
207,63.16,227.64,1,W,5,N
323,1.83,227.94,1,E,5,N
324,19.44,228.24,1,E,5,N
325,24.78,228.54,1,E,5,N
326,26.83,228.84,1,E,5,N
327,28.70,229.14,1,E,5,N
329,56.82,229.44,1,E,5,N
330,66.35,229.74,1,E,5,N
332,97.43,230.04,1,E,5,N
454,117.70,230.77,3,W,5,N
30,117.43,236.27,1,S,3,W
209,90.67,238.07,1,W,3,W
455,177.96,239.73,3,W,5,N
55,191.10,243.62,1,S,2,W
531,178.01,265.94,5,W,5,N
532,178.49,266.24,5,W,5,N
533,191.59,266.54,5,W,5,N
534,193.68,266.84,5,W,5,N
535,194.49,267.14,5,W,5,N
536,195.21,267.44,5,W,5,N
537,197.02,267.74,5,W,5,N
538,198.64,268.04,5,W,5,N
539,222.08,268.34,5,W,5,N
540,222.35,268.64,5,W,5,N
541,224.59,268.94,5,W,5,N
542,226.48,269.24,5,W,5,N
543,228.41,269.54,5,W,5,N
544,243.27,269.84,5,W,5,N
545,246.14,270.14,5,W,5,N
546,260.09,270.44,5,W,5,N
547,260.65,270.74,5,W,5,N
548,271.48,277.61,5,W,5,N
549,271.96,278.10,5,W,5,N
642,250.62,279.94,5,E,5,N
46,146.71,299.40,1,S,3,E
473,116.02,299.70,3,E,5,W
474,166.70,300.00,3,E,5,W
224,182.52,300.30,1,W,2,W
27,82.31,300.30,1,S,5,W
340,266.26,300.60,1,E,2,W
429,103.36,300.60,2,E,5,W
430,145.95,300.90,2,E,5,W
71,280.14,301.20,1,S,1,W
36,127.33,301.20,1,S,5,W
75,286.39,301.50,1,S,1,W
208,89.16,301.50,1,W,5,W
76,286.48,301.80,1,S,1,W
210,91.40,301.80,1,W,5,W
212,96.95,302.10,1,W,5,W
216,124.61,302.40,1,W,5,W
219,160.69,302.70,1,W,5,W
220,162.52,303.00,1,W,5,W
336,169.20,303.30,1,E,5,W
432,238.41,312.47,2,E,3,E
404,231.86,313.07,2,W,3,W
62,240.92,314.00,1,S,1,E
63,241.82,314.30,1,S,1,E
67,276.26,314.60,1,S,1,E
25,79.66,315.70,1,S,5,E
26,81.89,316.00,1,S,5,E
456,198.59,321.84,3,W,5,N
18,71.83,322.14,1,S,5,N
22,74.67,322.44,1,S,5,N
23,76.36,322.74,1,S,5,N
431,189.47,323.04,2,E,5,N
401,190.71,323.34,2,W,5,N
31,118.08,323.64,1,S,5,N
35,126.61,323.94,1,S,5,N
38,132.58,324.24,1,S,5,N
211,93.31,324.54,1,W,5,N
213,103.36,324.84,1,W,5,N
214,123.33,325.14,1,W,5,N
215,123.42,325.44,1,W,5,N
217,149.30,325.74,1,W,5,N
218,159.15,326.04,1,W,5,N
221,164.17,326.34,1,W,5,N
333,113.36,326.64,1,E,5,N
334,130.68,326.94,1,E,5,N
335,150.00,327.24,1,E,5,N
457,221.07,330.57,3,W,5,N
475,206.24,330.87,3,E,5,N
476,236.41,331.17,3,E,5,N
222,179.37,336.97,1,W,3,W
459,291.23,353.00,3,W,5,N
550,273.55,365.84,5,W,5,N
551,274.88,366.14,5,W,5,N
552,274.92,366.44,5,W,5,N
553,291.58,366.74,5,W,5,N
554,306.99,367.04,5,W,5,N
555,314.14,367.34,5,W,5,N
556,320.65,367.64,5,W,5,N
557,325.20,367.94,5,W,5,N
558,326.43,368.24,5,W,5,N
559,328.62,368.54,5,W,5,N
560,344.40,368.84,5,W,5,N
561,354.93,369.14,5,W,5,N
562,356.77,369.44,5,W,5,N
563,357.44,369.74,5,W,5,N
564,370.99,377.13,5,W,5,N
565,372.61,378.75,5,W,5,N
643,316.69,379.84,5,E,5,N
644,324.84,380.14,5,E,5,N
645,338.15,380.44,5,E,5,N
646,338.22,380.74,5,E,5,N
647,343.35,381.04,5,E,5,N
648,387.14,393.27,5,E,5,N
649,389.81,395.95,5,E,5,N
458,279.31,399.60,3,W,5,W
477,286.05,399.90,3,E,5,W
42,142.45,400.20,1,S,5,W
345,359.70,400.40,1,E,2,W
43,144.57,400.50,1,S,5,W
45,145.37,400.80,1,S,5,W
47,146.99,401.10,1,S,5,W
48,147.34,401.40,1,S,5,W
79,337.24,401.60,1,S,1,W
650,395.48,401.62,5,E,5,N
52,153.05,401.70,1,S,5,W
84,344.89,401.90,1,S,1,W
53,153.42,402.00,1,S,5,W
88,385.74,402.20,1,S,1,W
57,196.65,402.30,1,S,5,W
90,387.38,402.50,1,S,1,W
434,297.62,402.60,2,E,5,W
223,181.28,402.90,1,W,5,W
229,220.83,403.20,1,W,5,W
337,220.90,403.50,1,E,5,W
338,247.03,403.80,1,E,5,W
41,140.74,415.60,1,S,5,E
406,279.10,415.90,2,W,5,E
40,139.51,421.74,1,S,5,N
44,144.58,422.04,1,S,5,N
49,148.40,422.34,1,S,5,N
54,189.91,422.64,1,S,5,N
56,196.40,422.94,1,S,5,N
58,197.14,423.24,1,S,5,N
59,201.33,423.54,1,S,5,N
402,204.40,423.84,2,W,5,N
403,208.53,424.14,2,W,5,N
405,242.29,424.44,2,W,5,N
433,280.04,424.74,2,E,5,N
60,206.59,425.04,1,S,5,N
61,207.06,425.34,1,S,5,N
225,188.56,425.64,1,W,5,N
226,191.23,425.94,1,W,5,N
227,213.20,426.24,1,W,5,N
228,214.64,426.54,1,W,5,N
230,222.75,426.84,1,W,5,N
231,242.65,427.14,1,W,5,N
232,259.23,427.44,1,W,5,N
339,249.74,427.74,1,E,5,N
460,363.65,430.37,3,W,5,N
479,319.51,430.67,3,E,5,N
480,358.30,430.97,3,E,5,N
483,366.94,431.87,3,E,5,N
234,283.49,437.37,1,W,3,E
239,329.35,438.87,1,W,3,W
241,346.32,439.47,1,W,3,W
247,359.69,441.27,1,W,3,W
249,362.15,441.87,1,W,3,W
566,373.47,465.74,5,W,5,N
567,389.78,466.04,5,W,5,N
568,396.86,466.34,5,W,5,N
569,405.20,466.64,5,W,5,N
570,411.49,466.94,5,W,5,N
571,414.19,467.24,5,W,5,N
572,436.94,467.54,5,W,5,N
573,447.72,467.84,5,W,5,N
574,449.77,468.14,5,W,5,N
575,458.24,468.44,5,W,5,N
576,458.45,468.74,5,W,5,N
577,462.88,469.02,5,W,5,N
578,463.34,469.48,5,W,5,N
651,446.24,479.74,5,E,5,N
652,451.36,480.04,5,E,5,N
85,346.19,499.00,1,S,3,W
478,318.05,499.50,3,E,5,W
481,364.07,499.80,3,E,5,W
653,493.69,499.83,5,E,5,N
482,365.82,500.10,3,E,5,W
64,242.81,500.40,1,S,5,W
354,451.31,500.50,1,E,2,W
252,390.67,500.50,1,W,2,E
66,245.21,500.70,1,S,5,W
68,276.59,501.00,1,S,5,W
654,494.93,501.07,5,E,5,N
70,278.64,501.30,1,S,5,W
655,495.24,501.38,5,E,5,N
72,280.60,501.60,1,S,5,W
73,281.86,501.90,1,S,5,W
102,404.51,502.00,1,S,1,W
435,335.78,502.20,2,E,5,W
112,449.74,502.30,1,S,1,W
408,344.49,502.50,2,W,5,W
115,455.28,502.60,1,S,1,W
436,380.43,502.80,2,E,5,W
656,496.91,503.05,5,E,5,N
77,335.01,503.10,1,S,5,W
78,336.73,503.40,1,S,5,W
236,299.52,503.70,1,W,5,W
240,331.01,504.00,1,W,5,W
244,350.21,504.30,1,W,5,W
250,362.63,504.60,1,W,5,W
341,333.80,504.90,1,E,5,W
346,388.21,506.03,1,E,5,W
347,390.51,508.34,1,E,5,W
438,458.35,512.97,2,E,3,E
107,446.12,514.80,1,S,1,E
110,448.34,515.10,1,S,1,E
342,339.07,515.50,1,E,5,E
65,243.27,521.64,1,S,5,N
69,277.53,521.94,1,S,5,N
74,282.77,522.24,1,S,5,N
407,308.67,522.54,2,W,5,N
233,268.30,522.84,1,W,5,N
235,285.18,523.14,1,W,5,N
237,316.10,523.44,1,W,5,N
238,325.81,523.74,1,W,5,N
242,347.34,524.04,1,W,5,N
243,348.38,524.34,1,W,5,N
245,351.89,524.64,1,W,5,N
246,353.08,524.94,1,W,5,N
248,360.98,525.24,1,W,5,N
343,347.75,525.54,1,E,5,N
344,357.39,525.84,1,E,5,N
485,439.75,530.47,3,E,5,N
486,441.02,530.77,3,E,5,N
487,442.37,531.07,3,E,5,N
462,472.35,534.12,3,W,5,N
101,403.87,537.17,1,S,3,W
463,477.25,539.02,3,W,5,N
116,457.04,543.32,1,S,2,W
359,480.05,543.77,1,E,3,W
125,532.95,547.09,1,S,1,E
488,497.16,558.93,3,E,5,N
579,511.70,565.64,5,W,5,N
580,512.64,565.94,5,W,5,N
581,542.21,566.24,5,W,5,N
582,544.73,566.54,5,W,5,N
583,548.44,566.84,5,W,5,N
584,551.27,567.14,5,W,5,N
585,553.47,567.44,5,W,5,N
586,565.99,572.13,5,W,5,N
587,566.79,572.93,5,W,5,N
657,502.58,579.64,5,E,5,N
658,544.04,579.94,5,E,5,N
659,549.58,580.24,5,E,5,N
660,553.86,580.54,5,E,5,N
484,423.45,599.40,3,E,5,W
461,421.83,599.70,3,W,5,W
82,343.60,600.00,1,S,5,W
86,347.90,600.30,1,S,5,W
93,391.47,600.60,1,S,5,W
95,392.27,600.90,1,S,5,W
96,395.14,601.20,1,S,5,W
409,444.20,601.50,2,W,5,W
411,475.57,601.80,2,W,5,W
413,492.54,602.10,2,W,5,W
99,399.66,602.40,1,S,5,W
122,531.89,602.40,1,S,1,W
103,437.17,602.70,1,S,5,W
255,413.22,603.00,1,W,5,W
260,445.81,603.30,1,W,5,W
351,421.48,603.60,1,E,5,W
356,461.78,603.90,1,E,5,W
357,464.79,604.20,1,E,5,W
358,469.77,615.40,1,E,5,E
416,584.62,620.70,2,W,3,W
80,338.65,621.54,1,S,5,N
81,340.27,621.84,1,S,5,N
83,343.77,622.14,1,S,5,N
87,348.11,622.44,1,S,5,N
89,385.88,622.74,1,S,5,N
91,388.85,623.04,1,S,5,N
92,390.21,623.34,1,S,5,N
94,392.08,623.64,1,S,5,N
97,396.80,623.94,1,S,5,N
98,397.84,624.24,1,S,5,N
410,454.77,624.54,2,W,5,N
437,414.93,624.84,2,E,5,N
412,480.48,625.14,2,W,5,N
100,400.99,625.44,1,S,5,N
251,372.56,625.74,1,W,5,N
253,392.26,626.04,1,W,5,N
254,411.35,626.34,1,W,5,N
256,419.66,626.64,1,W,5,N
257,423.21,626.94,1,W,5,N
258,427.04,627.24,1,W,5,N
259,442.91,627.54,1,W,5,N
261,447.53,627.84,1,W,5,N
348,409.23,628.14,1,E,5,N
349,419.45,628.44,1,E,5,N
350,420.59,628.74,1,E,5,N
352,432.31,629.04,1,E,5,N
353,445.99,629.34,1,E,5,N
355,459.20,629.64,1,E,5,N
360,483.02,629.94,1,E,5,N
361,485.14,630.24,1,E,5,N
464,530.90,630.54,3,W,5,N
465,559.95,630.84,3,W,5,N
126,572.53,641.32,1,S,2,W
128,574.76,641.92,1,S,2,E
362,503.24,642.07,1,E,3,W
366,568.07,643.27,1,E,3,W
490,584.11,645.88,3,E,5,N
588,574.50,665.54,5,W,5,N
589,591.97,665.84,5,W,5,N
590,594.17,666.14,5,W,5,N
591,595.35,666.44,5,W,5,N
592,603.00,666.74,5,W,5,N
593,604.82,667.04,5,W,5,N
594,605.41,667.34,5,W,5,N
595,605.69,667.64,5,W,5,N
596,606.79,667.94,5,W,5,N
597,614.45,668.24,5,W,5,N
598,624.71,668.54,5,W,5,N
599,625.94,668.84,5,W,5,N
600,630.17,669.14,5,W,5,N
601,631.93,669.44,5,W,5,N
602,646.45,669.74,5,W,5,N
603,652.60,670.04,5,W,5,N
661,607.55,679.54,5,E,5,N
662,637.51,679.84,5,E,5,N
663,690.81,696.94,5,E,5,N
489,551.35,699.30,3,E,5,W
491,590.22,699.60,3,E,5,W
106,443.28,699.90,1,S,5,W
119,499.38,700.20,1,S,5,W
120,500.39,700.50,1,S,5,W
372,643.29,700.70,1,E,2,W
415,546.41,700.80,2,W,5,W
441,551.55,701.10,2,E,5,W
417,593.66,701.40,2,W,5,W
418,597.92,701.70,2,W,5,W
121,531.32,702.00,1,S,5,W
269,509.31,702.30,1,W,5,W
270,518.59,702.60,1,W,5,W
129,605.02,702.80,1,S,1,W
363,505.12,702.90,1,E,5,W
133,614.28,703.10,1,S,1,W
364,509.14,703.20,1,E,5,W
137,619.86,703.40,1,S,1,W
142,661.39,703.70,1,S,1,W
145,667.91,704.00,1,S,1,W
154,681.08,704.30,1,S,1,W
369,591.05,708.87,1,E,5,W
370,592.76,710.58,1,E,5,W
105,439.62,715.30,1,S,5,E
439,502.23,715.60,2,E,5,E
151,676.50,715.60,1,S,1,E
271,524.80,715.90,1,W,5,E
275,543.72,716.20,1,W,5,E
367,571.24,716.50,1,E,5,E
104,439.17,721.44,1,S,5,N
108,447.39,721.74,1,S,5,N
109,448.27,722.04,1,S,5,N
111,448.43,722.34,1,S,5,N
113,451.52,722.64,1,S,5,N
114,451.73,722.94,1,S,5,N
117,458.36,723.24,1,S,5,N
118,493.93,723.54,1,S,5,N
414,532.49,723.84,2,W,5,N
440,521.29,724.14,2,E,5,N
442,590.37,724.44,2,E,5,N
123,532.15,724.74,1,S,5,N
124,532.40,725.04,1,S,5,N
262,472.53,725.34,1,W,5,N
263,473.61,725.64,1,W,5,N
264,476.14,725.94,1,W,5,N
265,477.97,726.24,1,W,5,N
266,497.63,726.54,1,W,5,N
267,503.52,726.84,1,W,5,N
268,505.96,727.14,1,W,5,N
272,539.98,727.44,1,W,5,N
273,542.29,727.74,1,W,5,N
274,542.68,728.04,1,W,5,N
276,565.40,728.34,1,W,5,N
365,528.15,728.64,1,E,5,N
368,576.86,728.94,1,E,5,N
492,633.32,729.77,3,E,5,N
466,627.38,730.07,3,W,5,N
277,567.28,738.87,1,W,3,E
494,680.28,742.05,3,E,5,N
604,690.70,765.44,5,W,5,N
605,696.74,765.74,5,W,5,N
606,697.54,766.04,5,W,5,N
607,699.33,766.34,5,W,5,N
608,701.28,766.64,5,W,5,N
609,718.96,766.94,5,W,5,N
610,719.40,767.24,5,W,5,N
611,741.49,767.54,5,W,5,N
664,760.24,779.44,5,E,5,N
665,764.75,779.74,5,E,5,N
666,774.55,780.69,5,E,5,N
667,784.10,790.23,5,E,5,N
152,677.78,798.40,1,S,3,E
493,641.72,799.20,3,E,5,W
443,607.17,799.50,2,E,5,W
419,633.39,799.80,2,W,5,W
420,665.72,800.10,2,W,5,W
445,699.00,800.40,2,E,5,W
130,606.88,800.70,1,S,5,W
300,745.05,800.80,1,W,2,W
134,615.37,801.00,1,S,5,W
135,615.59,801.30,1,S,5,W
138,621.26,801.60,1,S,5,W
282,617.17,801.90,1,W,5,W
283,633.85,802.20,1,W,5,W
288,663.91,802.50,1,W,5,W
157,724.30,803.20,1,S,1,W
158,725.80,803.50,1,S,1,W
159,762.54,803.80,1,S,1,W
160,765.13,804.10,1,S,1,W
161,766.48,804.40,1,S,1,W
164,771.54,804.70,1,S,1,W
166,775.07,805.00,1,S,1,W
168,777.91,805.30,1,S,1,W
375,670.91,815.20,1,E,5,E
127,574.43,821.34,1,S,5,N
444,649.33,821.64,2,E,5,N
421,676.51,821.94,2,W,5,N
131,612.75,822.24,1,S,5,N
132,612.79,822.54,1,S,5,N
136,617.02,822.84,1,S,5,N
278,579.34,823.14,1,W,5,N
279,598.57,823.44,1,W,5,N
280,608.02,823.74,1,W,5,N
281,609.43,824.04,1,W,5,N
284,637.64,824.34,1,W,5,N
285,638.81,824.64,1,W,5,N
286,642.02,824.94,1,W,5,N
287,642.96,825.24,1,W,5,N
289,665.08,825.54,1,W,5,N
290,666.26,825.84,1,W,5,N
371,640.84,826.14,1,E,5,N
373,645.61,826.44,1,E,5,N
374,649.08,826.74,1,E,5,N
376,690.52,827.04,1,E,5,N
496,769.94,831.71,3,E,5,N
378,707.31,840.17,1,E,3,W
612,776.40,865.34,5,W,5,N
613,778.16,865.64,5,W,5,N
614,779.53,865.94,5,W,5,N
615,780.61,866.24,5,W,5,N
616,782.22,866.54,5,W,5,N
617,798.73,866.84,5,W,5,N
618,831.33,867.14,5,W,5,N
619,832.90,867.44,5,W,5,N
620,834.29,867.74,5,W,5,N
621,835.35,868.04,5,W,5,N
622,852.49,868.34,5,W,5,N
623,854.19,868.64,5,W,5,N
624,866.71,872.85,5,W,5,N
625,867.95,874.09,5,W,5,N
626,869.45,875.58,5,W,5,N
668,854.54,879.34,5,E,5,N
669,879.64,885.78,5,E,5,N
670,884.97,891.10,5,E,5,N
467,699.17,899.10,3,W,5,W
495,710.61,899.40,3,E,5,W
468,771.34,899.70,3,W,5,W
140,657.07,900.00,1,S,5,W
155,681.71,900.30,1,S,5,W
423,730.85,900.60,2,W,5,W
447,771.54,900.90,2,E,5,W
309,806.73,900.90,1,W,2,W
156,721.48,901.20,1,S,5,W
294,682.35,901.50,1,W,5,W
296,703.62,901.80,1,W,5,W
298,724.73,902.10,1,W,5,W
381,725.14,902.40,1,E,5,W
383,767.72,902.70,1,E,5,W
173,832.18,903.60,1,S,1,W
186,879.41,903.90,1,S,1,W
189,886.30,904.20,1,S,1,W
178,871.11,916.40,1,S,1,E
188,884.99,916.70,1,S,1,E
377,700.83,921.24,1,E,5,N
139,656.86,921.54,1,S,5,N
141,660.03,921.84,1,S,5,N
143,666.78,922.14,1,S,5,N
144,667.22,922.44,1,S,5,N
146,670.03,922.74,1,S,5,N
147,671.11,923.04,1,S,5,N
148,674.07,923.34,1,S,5,N
149,674.70,923.64,1,S,5,N
150,675.37,923.94,1,S,5,N
153,679.44,924.24,1,S,5,N
446,743.12,924.54,2,E,5,N
422,716.15,924.84,2,W,5,N
424,767.11,925.14,2,W,5,N
291,675.64,925.44,1,W,5,N
292,679.05,925.74,1,W,5,N
293,680.43,926.04,1,W,5,N
295,701.93,926.34,1,W,5,N
297,723.25,926.64,1,W,5,N
299,728.30,926.94,1,W,5,N
301,746.93,927.24,1,W,5,N
379,713.19,927.54,1,E,5,N
380,723.61,927.84,1,E,5,N
382,766.18,928.14,1,E,5,N
384,770.14,928.44,1,E,5,N
385,771.26,928.74,1,E,5,N
470,873.60,929.23,3,W,5,E
497,814.65,929.37,3,E,5,N
176,834.75,937.87,1,S,3,W
302,772.73,938.47,1,W,3,E
387,849.06,942.97,1,E,3,W
502,895.88,957.65,3,E,5,N
627,878.15,965.24,5,W,5,N
628,880.85,965.54,5,W,5,N
629,881.52,965.84,5,W,5,N
630,883.13,966.14,5,W,5,N
192,891.88,998.00,1,S,3,E
469,799.43,999.00,3,W,5,W
498,828.02,999.30,3,E,5,W
499,844.50,999.60,3,E,5,W
500,849.77,999.90,3,E,5,W
501,855.63,1000.20,3,E,5,W
163,769.52,1000.50,1,S,5,W
170,780.89,1000.80,1,S,5,W
322,898.56,1001.00,1,W,2,W
171,782.66,1001.10,1,S,5,W
448,819.93,1001.40,2,E,5,W
304,786.43,1001.70,1,W,5,W
308,804.91,1002.00,1,W,5,W
310,824.76,1002.30,1,W,5,W
311,828.47,1002.60,1,W,5,W
386,838.88,1002.90,1,E,5,W
389,855.05,1003.20,1,E,5,W
392,864.61,1003.50,1,E,5,W
172,831.57,1015.00,1,S,5,E
314,848.49,1015.30,1,W,5,E
388,849.50,1015.60,1,E,5,E
162,768.26,1021.14,1,S,5,N
165,773.44,1021.44,1,S,5,N
167,775.53,1021.74,1,S,5,N
169,778.07,1022.04,1,S,5,N
425,860.02,1022.34,2,W,5,N
449,868.00,1022.64,2,E,5,N
426,870.81,1022.94,2,W,5,N
450,885.35,1023.24,2,E,5,N
174,832.22,1023.54,1,S,5,N
175,832.85,1023.84,1,S,5,N
177,835.62,1024.14,1,S,5,N
303,773.05,1024.44,1,W,5,N
305,798.37,1024.74,1,W,5,N
306,799.43,1025.04,1,W,5,N
307,803.26,1025.34,1,W,5,N
312,836.58,1025.64,1,W,5,N
313,839.07,1025.94,1,W,5,N
315,849.44,1026.24,1,W,5,N
316,866.17,1026.54,1,W,5,N
390,858.05,1026.84,1,E,5,N
391,860.28,1027.14,1,E,5,N
318,878.68,1038.27,1,W,3,W
187,883.02,1098.90,1,S,5,W
190,887.59,1099.20,1,S,5,W
321,883.91,1099.50,1,W,5,W
194,892.79,1114.90,1,S,5,E
317,871.83,1115.20,1,W,5,E
179,872.48,1121.04,1,S,5,N
180,873.75,1121.34,1,S,5,N
181,874.77,1121.64,1,S,5,N
182,875.11,1121.94,1,S,5,N
183,875.88,1122.24,1,S,5,N
184,877.05,1122.54,1,S,5,N
185,878.98,1122.84,1,S,5,N
191,890.18,1123.14,1,S,5,N
193,891.96,1123.44,1,S,5,N
195,894.52,1123.74,1,S,5,N
319,882.16,1124.04,1,W,5,N
320,883.52,1124.34,1,W,5,N