id,enter_time,exit_time,entrance_intersection,entrance_direction,exit_intersection,exit_direction
511,1.76,66.14,5,W,5,N
512,8.55,66.44,5,W,5,N
513,10.04,66.74,5,W,5,N
514,13.16,67.04,5,W,5,N
515,14.24,67.34,5,W,5,N
516,22.03,67.64,5,W,5,N
517,22.58,67.94,5,W,5,N
518,22.74,68.24,5,W,5,N
519,24.86,68.54,5,W,5,N
520,25.95,68.84,5,W,5,N
521,28.86,69.14,5,W,5,N
522,38.67,69.44,5,W,5,N
523,53.44,69.74,5,W,5,N
524,54.53,70.04,5,W,5,N
632,7.57,80.14,5,E,5,N
633,12.79,80.44,5,E,5,N
634,18.51,80.74,5,E,5,N
635,46.52,81.04,5,E,5,N
636,51.08,81.34,5,E,5,N
637,56.69,81.64,5,E,5,N
3,30.70,100.10,1,S,2,E
4,31.98,100.40,1,S,1,W
5,33.83,100.70,1,S,1,W
18,94.29,108.43,1,S,1,W
411,44.17,112.27,2,E,3,E
8,76.66,113.20,1,S,1,E
26,100.09,114.23,1,S,1,E
479,50.75,130.97,3,E,5,N
440,18.02,131.27,3,W,5,N
480,58.61,131.57,3,E,5,N
481,65.03,131.87,3,E,5,N
525,76.32,166.04,5,W,5,N
526,76.94,166.34,5,W,5,N
527,78.34,166.64,5,W,5,N
528,80.68,166.94,5,W,5,N
529,93.18,167.24,5,W,5,N
530,96.59,167.54,5,W,5,N
531,137.42,167.84,5,W,5,N
532,167.59,173.73,5,W,5,N
533,169.14,175.27,5,W,5,N
638,130.64,180.04,5,E,5,N
639,151.31,180.34,5,E,5,N
640,165.14,180.64,5,E,5,N
10,78.85,199.60,1,S,3,W
439,14.70,199.80,3,W,5,W
21,95.53,199.90,1,S,3,W
441,22.23,200.10,3,W,5,W
442,86.83,200.40,3,W,5,W
380,3.18,200.70,2,W,5,W
27,105.77,200.80,1,S,1,W
412,76.20,201.00,2,E,5,W
28,107.42,201.10,1,S,1,W
382,48.65,201.30,2,W,5,W
31,145.30,201.40,1,S,1,W
384,85.70,201.60,2,W,5,W
32,146.23,201.70,1,S,1,W
191,9.85,201.90,1,W,5,W
35,147.03,202.00,1,S,1,W
194,13.09,202.20,1,W,5,W
42,159.30,202.30,1,S,1,W
196,23.66,202.50,1,W,5,W
47,164.30,202.60,1,S,1,W
198,53.85,202.80,1,W,5,W
52,170.65,202.90,1,S,1,W
321,20.16,215.80,1,E,5,E
381,37.45,221.94,2,W,5,N
383,59.21,222.24,2,W,5,N
0,28.74,222.54,1,S,5,N
1,29.87,222.84,1,S,5,N
2,30.49,223.14,1,S,5,N
190,1.92,223.44,1,W,5,N
192,11.35,223.74,1,W,5,N
193,11.69,224.04,1,W,5,N
195,13.92,224.34,1,W,5,N
443,109.13,224.63,3,W,5,E
197,31.40,224.64,1,W,5,N
199,55.80,224.94,1,W,5,N
320,5.10,225.24,1,E,5,N
322,46.66,225.54,1,E,5,N
323,74.61,225.84,1,E,5,N
54,215.85,229.99,1,S,1,E
482,111.81,230.77,3,E,5,N
483,113.25,231.07,3,E,5,N
484,159.27,231.37,3,E,5,N
444,173.96,235.73,3,W,5,N
201,70.59,236.57,1,W,3,E
210,134.97,239.27,1,W,3,E
34,146.70,240.62,1,S,2,W
37,156.17,241.22,1,S,2,W
445,184.21,245.98,3,W,5,N
446,190.26,252.03,3,W,5,N
485,193.73,255.50,3,E,5,N
534,176.06,265.94,5,W,5,N
535,177.46,266.24,5,W,5,N
536,181.19,266.54,5,W,5,N
537,188.43,266.84,5,W,5,N
538,219.91,267.14,5,W,5,N
539,221.39,267.44,5,W,5,N
540,228.91,267.74,5,W,5,N
541,229.49,268.04,5,W,5,N
542,230.74,268.34,5,W,5,N
543,245.17,268.64,5,W,5,N
544,259.75,268.94,5,W,5,N
641,209.55,279.94,5,E,5,N
642,214.71,280.24,5,E,5,N
643,215.81,280.54,5,E,5,N
644,217.40,280.84,5,E,5,N
645,233.77,281.14,5,E,5,N
646,236.76,281.44,5,E,5,N
647,244.44,281.74,5,E,5,N
648,260.61,282.04,5,E,5,N
36,154.61,299.40,1,S,3,W
40,158.23,299.70,1,S,3,W
6,75.05,299.70,1,S,5,W
7,76.51,300.00,1,S,5,W
216,181.66,300.30,1,W,2,E
222,239.90,300.30,1,W,2,W
9,77.66,300.30,1,S,5,W
331,225.59,300.60,1,E,2,W
16,90.35,300.60,1,S,5,W
19,94.63,300.90,1,S,5,W
69,285.32,301.20,1,S,1,W
25,98.57,301.20,1,S,5,W
385,113.81,301.50,2,W,5,W
414,152.36,301.80,2,E,5,W
200,68.82,302.10,1,W,5,W
204,84.11,302.40,1,W,5,W
207,126.16,302.70,1,W,5,W
208,128.04,303.00,1,W,5,W
209,131.77,303.30,1,W,5,W
212,154.52,303.60,1,W,5,W
324,119.67,303.90,1,E,5,W
325,122.55,304.20,1,E,5,W
71,290.70,304.83,1,S,1,W
56,238.11,314.00,1,S,1,E
60,243.92,314.30,1,S,1,E
13,85.08,315.70,1,S,5,E
206,125.49,316.00,1,W,5,E
447,199.56,321.84,3,W,5,N
11,80.67,322.14,1,S,5,N
12,81.25,322.44,1,S,5,N
14,88.81,322.74,1,S,5,N
15,89.10,323.04,1,S,5,N
17,90.47,323.34,1,S,5,N
20,95.16,323.64,1,S,5,N
22,95.93,323.94,1,S,5,N
23,96.67,324.24,1,S,5,N
24,98.00,324.54,1,S,5,N
487,263.08,324.73,3,E,5,E
413,106.30,324.84,2,E,5,N
415,162.66,325.14,2,E,5,N
202,80.07,325.44,1,W,5,N
203,82.59,325.74,1,W,5,N
205,104.09,326.04,1,W,5,N
211,136.46,326.34,1,W,5,N
213,155.91,326.64,1,W,5,N
326,147.66,326.94,1,E,5,N
327,178.63,327.24,1,E,5,N
486,210.76,330.57,3,E,5,N
450,232.85,331.17,3,W,5,N
218,200.02,337.87,1,W,3,E
332,236.10,341.17,1,E,3,E
64,281.42,341.92,1,S,2,W
451,287.68,343.32,3,W,5,E
545,283.60,365.84,5,W,5,N
546,290.17,366.14,5,W,5,N
547,300.41,366.44,5,W,5,N
548,302.64,366.74,5,W,5,N
549,303.88,367.04,5,W,5,N
550,311.29,367.34,5,W,5,N
551,313.09,367.64,5,W,5,N
552,341.35,367.94,5,W,5,N
553,342.31,368.24,5,W,5,N
554,343.91,368.54,5,W,5,N
555,371.99,378.12,5,W,5,N
649,314.37,379.84,5,E,5,N
650,364.39,380.14,5,E,5,N
651,374.33,380.47,5,E,5,N
652,379.97,386.11,5,E,5,N
57,239.81,399.20,1,S,3,W
58,241.90,399.50,1,S,3,W
448,215.26,399.60,3,W,5,W
449,232.78,399.90,3,W,5,W
488,264.23,400.20,3,E,5,W
653,394.11,400.25,5,E,5,N
237,345.29,400.40,1,W,2,W
236,343.67,400.40,1,W,2,E
452,287.71,400.50,3,W,5,W
453,290.63,400.80,3,W,5,W
33,146.40,401.10,1,S,5,W
38,156.23,401.40,1,S,5,W
73,328.05,401.60,1,S,1,W
39,158.02,401.70,1,S,5,W
75,330.78,401.90,1,S,1,W
46,162.62,402.00,1,S,5,W
76,332.48,402.20,1,S,1,W
48,165.50,402.30,1,S,5,W
81,336.74,402.50,1,S,1,W
51,167.54,402.60,1,S,5,W
88,382.95,402.80,1,S,1,W
416,209.09,402.90,2,E,5,W
53,175.67,403.20,1,S,5,W
55,237.75,403.50,1,S,5,W
215,181.60,403.80,1,W,5,W
219,201.90,404.10,1,W,5,W
224,247.00,404.40,1,W,5,W
225,248.46,404.70,1,W,5,W
329,215.45,405.00,1,E,5,W
330,217.04,405.30,1,E,5,W
333,254.73,405.60,1,E,5,W
334,257.28,405.90,1,E,5,W
335,274.52,406.20,1,E,5,W
420,317.44,412.57,2,E,3,W
44,161.15,415.60,1,S,5,E
417,227.57,415.90,2,E,5,E
220,205.20,416.20,1,W,5,E
29,143.27,421.74,1,S,5,N
30,144.02,422.04,1,S,5,N
41,158.73,422.34,1,S,5,N
43,160.56,422.64,1,S,5,N
45,161.98,422.94,1,S,5,N
49,166.62,423.24,1,S,5,N
50,166.74,423.54,1,S,5,N
386,211.19,423.84,2,W,5,N
418,247.63,424.14,2,E,5,N
419,283.90,424.44,2,E,5,N
387,292.33,424.74,2,W,5,N
214,180.31,425.04,1,W,5,N
217,192.04,425.34,1,W,5,N
221,230.66,425.64,1,W,5,N
223,243.18,425.94,1,W,5,N
226,250.36,426.24,1,W,5,N
328,209.81,426.54,1,E,5,N
454,303.27,430.37,3,W,5,N
489,317.07,430.67,3,E,5,N
491,320.43,430.97,3,E,5,N
493,323.14,431.57,3,E,5,N
494,324.76,431.87,3,E,5,N
496,328.20,432.47,3,E,5,N
497,386.34,448.11,3,E,5,N
96,434.93,449.06,1,S,1,E
556,401.17,465.74,5,W,5,N
557,419.41,466.04,5,W,5,N
558,420.23,466.34,5,W,5,N
559,421.54,466.64,5,W,5,N
560,423.26,466.94,5,W,5,N
561,424.96,467.24,5,W,5,N
562,434.29,467.54,5,W,5,N
563,434.45,467.84,5,W,5,N
564,439.18,468.14,5,W,5,N
565,447.95,468.44,5,W,5,N
566,449.66,468.74,5,W,5,N
567,455.68,469.04,5,W,5,N
568,456.30,469.34,5,W,5,N
569,458.15,469.64,5,W,5,N
570,459.94,469.94,5,W,5,N
571,461.52,470.24,5,W,5,N
572,462.23,470.54,5,W,5,N
654,441.25,479.74,5,E,5,N
83,377.33,499.00,1,S,3,W
86,380.77,499.30,1,S,3,W
490,318.86,499.50,3,E,5,W
455,320.23,499.80,3,W,5,W
456,325.05,500.10,3,W,5,W
492,321.48,500.40,3,E,5,W
247,390.40,500.50,1,W,2,W
495,326.32,500.70,3,E,5,W
457,381.09,501.00,3,W,5,W
61,244.78,501.30,1,S,5,W
66,283.33,501.60,1,S,5,W
67,283.68,501.90,1,S,5,W
98,438.11,502.00,1,S,1,W
388,330.75,502.20,2,W,5,W
422,393.44,502.50,2,E,5,W
77,334.48,502.80,1,S,5,W
228,268.52,503.10,1,W,5,W
231,304.19,503.40,1,W,5,W
234,308.92,503.70,1,W,5,W
238,347.51,504.00,1,W,5,W
337,318.69,504.30,1,E,5,W
343,381.25,504.60,1,E,5,W
105,491.37,514.80,1,S,1,E
78,334.59,515.50,1,S,5,E
233,306.00,515.80,1,W,5,E
59,243.83,521.64,1,S,5,N
62,245.18,521.94,1,S,5,N
63,276.15,522.24,1,S,5,N
65,282.69,522.54,1,S,5,N
68,285.22,522.84,1,S,5,N
70,285.41,523.14,1,S,5,N
72,291.38,523.44,1,S,5,N
389,344.67,523.74,2,W,5,N
421,345.67,524.04,2,E,5,N
390,356.88,524.34,2,W,5,N
74,329.68,524.64,1,S,5,N
79,335.01,524.94,1,S,5,N
80,336.53,525.24,1,S,5,N
82,337.65,525.54,1,S,5,N
227,267.20,525.84,1,W,5,N
229,287.70,526.14,1,W,5,N
230,289.53,526.44,1,W,5,N
232,304.34,526.74,1,W,5,N
235,333.96,527.04,1,W,5,N
239,348.67,527.34,1,W,5,N
240,360.76,527.64,1,W,5,N
336,315.71,527.94,1,E,5,N
338,360.40,528.24,1,E,5,N
339,361.74,528.54,1,E,5,N
340,366.76,528.84,1,E,5,N
341,369.57,529.14,1,E,5,N
342,379.24,529.44,1,E,5,N
344,382.36,529.74,1,E,5,N
345,384.70,530.04,1,E,5,N
346,385.64,530.34,1,E,5,N
347,393.67,530.64,1,E,5,N
498,430.51,530.94,3,E,5,N
458,402.18,531.24,3,W,5,N
460,427.38,531.54,3,W,5,N
91,427.88,536.57,1,S,3,E
95,433.91,537.77,1,S,3,W
252,400.62,541.37,1,W,3,W
499,480.41,542.18,3,E,5,N
573,475.68,565.64,5,W,5,N
574,478.37,565.94,5,W,5,N
575,494.16,566.24,5,W,5,N
576,495.77,566.54,5,W,5,N
577,506.27,566.84,5,W,5,N
578,524.85,567.14,5,W,5,N
579,525.53,567.44,5,W,5,N
580,534.87,567.74,5,W,5,N
581,535.46,568.04,5,W,5,N
582,536.94,568.34,5,W,5,N
583,539.20,568.64,5,W,5,N
584,541.44,568.94,5,W,5,N
585,542.72,569.24,5,W,5,N
586,543.82,569.54,5,W,5,N
587,547.74,569.84,5,W,5,N
588,549.79,570.14,5,W,5,N
589,549.80,570.44,5,W,5,N
590,556.83,570.74,5,W,5,N
591,558.44,571.04,5,W,5,N
592,563.31,571.34,5,W,5,N
593,563.39,571.64,5,W,5,N
655,515.05,579.64,5,E,5,N
656,538.57,579.94,5,E,5,N
657,541.85,580.24,5,E,5,N
658,560.65,580.54,5,E,5,N
659,561.76,580.84,5,E,5,N
660,568.56,581.14,5,E,5,N
661,581.00,587.13,5,E,5,N
662,582.86,588.99,5,E,5,N
663,588.25,594.38,5,E,5,N
103,491.07,598.80,1,S,3,W
459,403.21,599.40,3,W,5,W
461,483.74,599.70,3,W,5,W
424,459.81,600.00,2,E,5,W
392,484.31,600.30,2,W,5,W
393,488.81,600.60,2,W,5,W
241,371.23,600.90,1,W,5,W
244,377.40,601.20,1,W,5,W
245,380.44,601.50,1,W,5,W
253,401.95,601.80,1,W,5,W
254,403.68,602.10,1,W,5,W
255,424.77,602.40,1,W,5,W
106,540.68,602.40,1,S,1,W
260,442.98,602.70,1,W,5,W
112,546.12,602.70,1,S,1,W
261,460.73,603.00,1,W,5,W
117,550.66,603.00,1,S,1,W
262,462.55,603.30,1,W,5,W
118,581.03,603.30,1,S,1,W
263,463.86,603.60,1,W,5,W
124,586.44,603.60,1,S,1,W
349,414.35,603.90,1,E,5,W
350,433.66,604.20,1,E,5,W
109,542.61,615.20,1,S,1,E
394,493.45,615.40,2,W,5,E
113,546.41,615.50,1,S,1,E
242,372.63,615.70,1,W,5,E
116,550.08,615.80,1,S,1,E
351,442.90,616.00,1,E,5,E
84,378.92,621.54,1,S,5,N
85,379.04,621.84,1,S,5,N
87,381.57,622.14,1,S,5,N
89,384.11,622.44,1,S,5,N
90,385.79,622.74,1,S,5,N
391,444.36,623.04,2,W,5,N
423,435.94,623.34,2,E,5,N
425,488.19,623.64,2,E,5,N
92,431.95,623.94,1,S,5,N
93,432.34,624.24,1,S,5,N
94,432.67,624.54,1,S,5,N
97,436.70,624.84,1,S,5,N
243,375.83,625.14,1,W,5,N
246,388.60,625.44,1,W,5,N
248,391.89,625.74,1,W,5,N
249,393.16,626.04,1,W,5,N
250,393.89,626.34,1,W,5,N
251,395.24,626.64,1,W,5,N
256,433.03,626.94,1,W,5,N
257,434.88,627.24,1,W,5,N
258,435.82,627.54,1,W,5,N
259,441.22,627.84,1,W,5,N
348,410.50,628.14,1,E,5,N
352,448.17,628.44,1,E,5,N
500,510.80,629.97,3,E,5,N
462,513.20,630.27,3,W,5,N
501,567.47,630.57,3,E,5,N
463,514.53,630.87,3,W,5,N
270,538.90,638.47,1,W,3,E
465,580.27,642.04,3,W,5,N
126,628.80,642.94,1,S,1,E
119,582.23,643.12,1,S,2,E
594,579.93,665.54,5,W,5,N
595,582.89,665.84,5,W,5,N
596,584.89,666.14,5,W,5,N
597,618.04,666.44,5,W,5,N
598,665.13,671.27,5,W,5,N
664,642.15,679.54,5,E,5,N
665,643.47,679.84,5,E,5,N
666,646.56,680.14,5,E,5,N
464,517.31,699.30,3,W,5,W
99,439.67,699.60,1,S,5,W
100,439.87,699.90,1,S,5,W
101,441.40,700.20,1,S,5,W
397,572.96,700.50,2,W,5,W
129,631.80,700.70,1,S,2,W
428,583.86,700.80,2,E,5,W
277,577.17,701.00,1,W,2,W
264,478.32,701.10,1,W,5,W
274,559.47,701.40,1,W,5,W
276,562.31,701.70,1,W,5,W
354,531.40,702.00,1,E,5,W
127,629.86,702.80,1,S,1,W
140,682.66,703.10,1,S,1,W
143,687.42,703.40,1,S,1,W
144,692.81,706.94,1,S,1,W
265,503.44,715.30,1,W,5,E
132,673.92,715.60,1,S,1,E
102,442.45,721.44,1,S,5,N
104,491.23,721.74,1,S,5,N
395,504.72,722.04,2,W,5,N
426,534.19,722.34,2,E,5,N
427,562.73,722.64,2,E,5,N
396,536.37,722.94,2,W,5,N
266,505.19,723.24,1,W,5,N
267,519.45,723.54,1,W,5,N
268,524.86,723.84,1,W,5,N
503,653.52,723.93,3,E,5,E
269,532.23,724.14,1,W,5,N
271,555.83,724.44,1,W,5,N
272,557.71,724.74,1,W,5,N
273,558.04,725.04,1,W,5,N
275,560.83,725.34,1,W,5,N
353,515.34,725.64,1,E,5,N
365,701.89,728.00,1,E,2,W
502,611.17,729.77,3,E,5,N
467,656.19,730.07,3,W,5,N
504,670.05,731.82,3,E,5,N
468,680.36,742.13,3,W,5,N
135,678.88,742.92,1,S,2,W
599,675.77,765.44,5,W,5,N
600,684.00,765.74,5,W,5,N
601,707.73,766.04,5,W,5,N
602,708.65,766.34,5,W,5,N
603,710.62,766.64,5,W,5,N
604,712.34,766.94,5,W,5,N
605,713.37,767.24,5,W,5,N
606,714.46,767.54,5,W,5,N
607,747.74,767.84,5,W,5,N
608,754.38,768.14,5,W,5,N
609,755.60,768.44,5,W,5,N
610,763.45,769.58,5,W,5,N
611,764.24,770.38,5,W,5,N
612,764.68,770.82,5,W,5,N
613,771.49,777.62,5,W,5,N
667,712.38,779.44,5,E,5,N
668,735.15,779.74,5,E,5,N
355,597.39,799.20,1,E,5,W
466,655.23,799.50,3,W,5,W
107,540.71,799.80,1,S,5,W
123,586.24,800.10,1,S,5,W
280,604.29,800.40,1,W,5,W
282,643.86,800.70,1,W,5,W
356,617.12,801.00,1,E,5,W
359,638.96,801.30,1,E,5,W
360,640.19,801.60,1,E,5,W
145,715.29,803.20,1,S,1,W
150,717.78,803.50,1,S,1,W
154,754.85,803.80,1,S,1,W
159,792.36,806.50,1,S,1,W
160,792.82,806.96,1,S,1,W
404,648.68,815.20,2,W,5,E
158,791.17,816.00,1,S,1,E
108,542.10,821.34,1,S,5,N
110,543.39,821.64,1,S,5,N
111,544.72,821.94,1,S,5,N
114,548.38,822.24,1,S,5,N
115,549.52,822.54,1,S,5,N
120,582.79,822.84,1,S,5,N
121,583.14,823.14,1,S,5,N
122,585.04,823.44,1,S,5,N
506,724.18,823.73,3,E,5,E
125,586.75,823.74,1,S,5,N
398,608.92,824.04,2,W,5,N
429,630.77,824.34,2,E,5,N
399,611.60,824.64,2,W,5,N
400,621.13,824.94,2,W,5,N
401,630.51,825.24,2,W,5,N
402,631.15,825.54,2,W,5,N
430,678.16,825.84,2,E,5,N
403,638.01,826.14,2,W,5,N
128,630.71,826.44,1,S,5,N
278,599.60,826.74,1,W,5,N
279,603.26,827.04,1,W,5,N
281,618.70,827.34,1,W,5,N
283,657.50,827.64,1,W,5,N
284,661.48,827.94,1,W,5,N
357,626.16,828.24,1,E,5,N
358,628.76,828.54,1,E,5,N
361,650.41,828.84,1,E,5,N
362,667.87,829.14,1,E,5,N
363,681.61,829.44,1,E,5,N
364,693.40,829.74,1,E,5,N
505,716.65,830.04,3,E,5,N
469,754.17,830.34,3,W,5,N
470,755.42,830.64,3,W,5,N
295,752.00,841.07,1,W,3,W
614,779.08,865.34,5,W,5,N
615,780.88,865.64,5,W,5,N
616,782.98,865.94,5,W,5,N
617,784.63,866.24,5,W,5,N
618,784.70,866.54,5,W,5,N
619,787.57,866.84,5,W,5,N
620,788.98,867.14,5,W,5,N
621,790.06,867.44,5,W,5,N
622,793.88,867.74,5,W,5,N
623,795.96,868.04,5,W,5,N
624,802.16,868.34,5,W,5,N
625,818.13,868.64,5,W,5,N
626,867.62,873.76,5,W,5,N
627,868.80,874.94,5,W,5,N
669,800.15,879.34,5,E,5,N
670,801.68,879.64,5,E,5,N
671,856.35,879.94,5,E,5,N
507,731.56,899.10,3,E,5,W
508,778.78,899.40,3,E,5,W
134,677.26,899.70,1,S,5,W
139,682.33,900.00,1,S,5,W
141,684.35,900.30,1,S,5,W
432,761.27,900.60,2,E,5,W
286,691.84,900.90,1,W,5,W
170,803.86,900.90,1,S,2,W
288,702.43,901.20,1,W,5,W
171,804.64,901.20,1,S,2,W
293,735.64,901.50,1,W,5,W
172,805.54,901.50,1,S,2,W
296,757.35,901.80,1,W,5,W
314,848.96,901.80,1,W,2,W
366,710.10,902.10,1,E,5,W
315,850.19,902.10,1,W,2,W
175,811.71,903.60,1,S,1,W
181,856.84,903.90,1,S,1,W
183,857.70,904.20,1,S,1,W
184,858.85,904.50,1,S,1,W
185,860.74,904.80,1,S,1,W
186,861.32,905.10,1,S,1,W
187,863.34,905.40,1,S,1,W
148,717.04,915.10,1,S,5,E
294,750.72,915.40,1,W,5,E
130,671.71,921.24,1,S,5,N
131,672.40,921.54,1,S,5,N
133,674.99,921.84,1,S,5,N
136,679.58,922.14,1,S,5,N
137,679.66,922.44,1,S,5,N
138,680.39,922.74,1,S,5,N
142,685.82,923.04,1,S,5,N
431,718.95,923.34,2,E,5,N
405,726.59,923.64,2,W,5,N
406,753.27,923.94,2,W,5,N
407,765.71,924.24,2,W,5,N
408,777.66,924.54,2,W,5,N
433,784.69,924.84,2,E,5,N
146,716.15,925.14,1,S,5,N
147,716.86,925.44,1,S,5,N
149,717.48,925.74,1,S,5,N
285,670.92,926.04,1,W,5,N
287,693.37,926.34,1,W,5,N
289,710.28,926.64,1,W,5,N
290,718.43,926.94,1,W,5,N
291,719.42,927.24,1,W,5,N
292,735.14,927.54,1,W,5,N
297,759.34,927.84,1,W,5,N
298,760.66,928.14,1,W,5,N
299,760.86,928.44,1,W,5,N
367,720.42,928.74,1,E,5,N
368,725.81,929.04,1,E,5,N
369,732.49,929.34,1,E,5,N
370,757.70,929.64,1,E,5,N
371,760.03,929.94,1,E,5,N
372,765.12,930.24,1,E,5,N
373,782.74,930.54,1,E,5,N
509,837.00,930.84,3,E,5,N
471,808.50,931.14,3,W,5,N
472,810.01,931.44,3,W,5,N
473,866.44,931.74,3,W,5,N
438,897.35,933.42,2,E,3,E
304,799.38,941.17,1,W,3,W
476,892.30,947.93,3,W,5,E
510,889.72,951.49,3,E,5,N
475,892.24,954.01,3,W,5,N
477,892.35,954.12,3,W,5,N
478,894.25,956.02,3,W,5,N
628,885.30,965.24,5,W,5,N
629,896.04,965.54,5,W,5,N
630,896.80,965.84,5,W,5,N
631,899.61,966.14,5,W,5,N
188,865.11,998.00,1,S,3,W
189,898.57,998.30,1,S,3,W
474,872.60,999.00,3,W,5,W
374,800.37,999.30,1,E,5,W
152,752.41,999.60,1,S,5,W
157,787.16,999.90,1,S,5,W
161,794.41,1000.20,1,S,5,W
165,799.75,1000.50,1,S,5,W
169,803.47,1000.80,1,S,5,W
173,807.46,1001.10,1,S,5,W
174,808.92,1001.40,1,S,5,W
179,817.42,1001.70,1,S,5,W
180,818.04,1002.00,1,S,5,W
303,797.97,1002.30,1,W,5,W
306,806.00,1002.60,1,W,5,W
307,822.25,1002.90,1,W,5,W
308,838.72,1003.20,1,W,5,W
311,844.16,1003.50,1,W,5,W
375,805.28,1003.80,1,E,5,W
376,820.69,1004.10,1,E,5,W
378,880.56,1004.40,1,E,5,W
379,890.93,1008.75,1,E,5,W
162,795.11,1015.00,1,S,5,E
167,800.51,1015.30,1,S,5,E
313,847.65,1015.60,1,W,5,E
151,751.23,1021.14,1,S,5,N
153,753.59,1021.44,1,S,5,N
155,755.04,1021.74,1,S,5,N
156,756.16,1022.04,1,S,5,N
163,796.96,1022.34,1,S,5,N
164,798.70,1022.64,1,S,5,N
166,799.77,1022.94,1,S,5,N
409,802.69,1023.24,2,W,5,N
434,818.42,1023.54,2,E,5,N
435,833.54,1023.84,2,E,5,N
410,840.98,1024.14,2,W,5,N
436,844.12,1024.44,2,E,5,N
437,863.61,1024.74,2,E,5,N
168,802.75,1025.04,1,S,5,N
176,813.41,1025.34,1,S,5,N
177,814.31,1025.64,1,S,5,N
178,815.63,1025.94,1,S,5,N
300,771.15,1026.24,1,W,5,N
301,774.79,1026.54,1,W,5,N
302,791.73,1026.84,1,W,5,N
305,803.31,1027.14,1,W,5,N
309,840.55,1027.44,1,W,5,N
310,841.12,1027.74,1,W,5,N
312,845.76,1028.04,1,W,5,N
316,852.97,1028.34,1,W,5,N
317,862.46,1028.64,1,W,5,N
377,878.14,1028.94,1,E,5,N
319,888.44,1037.37,1,W,3,W
182,857.61,1114.90,1,S,5,E
318,868.36,1121.04,1,W,5,N