id,enter_time,exit_time,entrance_intersection,entrance_direction,exit_intersection,exit_direction
472,1.70,66.14,5,W,5,N
473,13.85,66.44,5,W,5,N
474,15.04,66.74,5,W,5,N
475,23.80,67.04,5,W,5,N
476,25.70,67.34,5,W,5,N
477,27.38,67.64,5,W,5,N
478,27.78,67.94,5,W,5,N
479,28.74,68.24,5,W,5,N
480,39.41,68.54,5,W,5,N
481,56.04,68.84,5,W,5,N
482,64.04,70.17,5,W,5,N
483,71.96,78.09,5,W,5,N
611,0.85,80.14,5,E,5,N
612,66.22,80.44,5,E,5,N
187,0.28,100.10,1,W,2,W
186,0.27,100.10,1,W,2,E
3,30.99,100.40,1,S,1,W
5,35.62,100.70,1,S,1,W
9,39.24,101.00,1,S,1,W
20,87.61,101.75,1,S,1,W
23,91.29,105.43,1,S,1,W
394,41.22,112.27,2,E,3,E
8,38.46,113.20,1,S,1,E
25,92.90,113.50,1,S,1,E
440,15.95,130.97,3,E,5,N
442,18.24,131.57,3,E,5,N
444,32.26,132.17,3,E,5,N
445,62.74,132.47,3,E,5,N
188,1.09,137.67,1,W,3,E
11,40.87,139.62,1,S,2,W
196,58.66,140.07,1,W,3,E
484,74.63,166.04,5,W,5,N
485,76.48,166.34,5,W,5,N
486,104.44,166.64,5,W,5,N
487,105.46,166.94,5,W,5,N
488,106.48,167.24,5,W,5,N
489,108.35,167.54,5,W,5,N
490,109.28,167.84,5,W,5,N
491,109.44,168.14,5,W,5,N
492,123.94,168.44,5,W,5,N
493,154.95,168.74,5,W,5,N
494,167.35,173.48,5,W,5,N
495,168.45,174.59,5,W,5,N
496,169.98,176.12,5,W,5,N
497,171.68,177.81,5,W,5,N
613,121.06,180.04,5,E,5,N
614,169.29,180.34,5,E,5,N
22,91.21,199.60,1,S,3,W
417,61.37,199.80,3,W,5,W
441,17.07,200.10,3,E,5,W
202,140.70,200.20,1,W,2,W
443,19.99,200.40,3,E,5,W
317,115.26,200.50,1,E,2,W
446,94.64,200.70,3,E,5,W
29,103.76,200.80,1,S,1,W
395,88.59,201.00,2,E,5,W
37,124.80,201.10,1,S,1,W
1,28.47,201.30,1,S,5,W
38,125.03,201.40,1,S,1,W
6,36.31,201.60,1,S,5,W
50,162.59,201.70,1,S,1,W
195,48.76,201.90,1,W,5,W
53,167.43,202.00,1,S,1,W
311,21.50,202.20,1,E,5,W
312,25.20,202.50,1,E,5,W
364,23.42,215.80,2,W,5,E
0,2.67,221.94,1,S,5,N
363,12.99,222.24,2,W,5,N
365,31.22,222.54,2,W,5,N
2,29.10,222.84,1,S,5,N
4,33.96,223.14,1,S,5,N
7,36.73,223.44,1,S,5,N
189,2.58,223.74,1,W,5,N
190,4.29,224.04,1,W,5,N
191,5.59,224.34,1,W,5,N
192,5.63,224.64,1,W,5,N
193,25.56,224.94,1,W,5,N
194,29.26,225.24,1,W,5,N
310,18.58,225.54,1,E,5,N
313,65.64,225.84,1,E,5,N
314,93.15,226.14,1,E,5,N
315,96.58,226.44,1,E,5,N
447,112.05,230.77,3,E,5,N
418,115.50,231.07,3,W,5,N
419,120.31,231.37,3,W,5,N
31,106.03,236.57,1,S,3,E
40,126.84,238.67,1,S,3,W
199,78.81,241.67,1,W,3,E
321,150.15,244.07,1,E,3,W
450,183.54,245.31,3,E,5,N
421,194.80,256.57,3,W,5,N
498,178.11,265.94,5,W,5,N
499,178.22,266.24,5,W,5,N
500,180.97,266.54,5,W,5,N
501,182.76,266.84,5,W,5,N
502,226.73,267.14,5,W,5,N
503,257.85,267.44,5,W,5,N
615,219.06,279.94,5,E,5,N
616,223.78,280.24,5,E,5,N
617,227.59,280.54,5,E,5,N
56,172.15,299.40,1,S,3,E
316,97.17,299.70,1,E,5,W
448,147.78,300.00,3,E,5,W
207,172.26,300.30,1,W,2,E
209,188.24,300.30,1,W,2,W
449,148.80,300.30,3,E,5,W
328,219.33,300.60,1,E,2,E
420,192.09,300.60,3,W,5,W
14,44.50,300.90,1,S,5,W
72,262.69,301.20,1,S,1,W
27,100.15,301.20,1,S,5,W
396,136.99,301.50,2,E,5,W
42,127.11,301.80,1,S,5,W
43,130.19,302.10,1,S,5,W
197,67.77,302.40,1,W,5,W
198,76.93,302.70,1,W,5,W
201,118.62,303.00,1,W,5,W
204,159.93,303.30,1,W,5,W
618,297.41,303.55,5,E,5,N
318,120.99,303.60,1,E,5,W
326,185.72,303.90,1,E,5,W
400,271.76,313.07,2,E,3,E
16,83.76,315.70,1,S,5,E
39,125.27,316.00,1,S,5,E
10,39.86,321.84,1,S,5,N
12,42.09,322.14,1,S,5,N
13,43.76,322.44,1,S,5,N
15,82.29,322.74,1,S,5,N
17,83.77,323.04,1,S,5,N
18,85.28,323.34,1,S,5,N
19,85.67,323.64,1,S,5,N
21,89.29,323.94,1,S,5,N
24,91.40,324.24,1,S,5,N
26,96.00,324.54,1,S,5,N
28,102.00,324.84,1,S,5,N
366,108.32,325.14,2,W,5,N
397,180.12,325.44,2,E,5,N
367,195.29,325.74,2,W,5,N
30,105.18,326.04,1,S,5,N
32,107.45,326.34,1,S,5,N
33,110.83,326.64,1,S,5,N
34,113.50,326.94,1,S,5,N
35,120.90,327.24,1,S,5,N
36,123.26,327.54,1,S,5,N
41,127.07,327.84,1,S,5,N
44,131.57,328.14,1,S,5,N
45,131.62,328.44,1,S,5,N
46,132.57,328.74,1,S,5,N
47,135.73,329.04,1,S,5,N
200,94.15,329.34,1,W,5,N
203,141.88,329.64,1,W,5,N
319,139.68,329.94,1,E,5,N
320,148.36,330.24,1,E,5,N
322,154.59,330.54,1,E,5,N
323,156.17,330.84,1,E,5,N
324,162.04,331.14,1,E,5,N
325,167.51,331.44,1,E,5,N
327,191.13,331.74,1,E,5,N
422,252.85,332.04,3,W,5,N
452,253.22,332.34,3,E,5,N
63,249.51,340.42,1,S,2,W
453,293.61,355.38,3,E,5,N
504,275.05,365.84,5,W,5,N
505,276.58,366.14,5,W,5,N
506,285.20,366.44,5,W,5,N
507,298.92,366.74,5,W,5,N
508,301.87,367.04,5,W,5,N
509,303.25,367.34,5,W,5,N
510,304.86,367.64,5,W,5,N
511,306.45,367.94,5,W,5,N
512,319.57,368.24,5,W,5,N
513,324.70,368.54,5,W,5,N
514,352.95,368.84,5,W,5,N
515,352.98,369.14,5,W,5,N
516,353.92,369.44,5,W,5,N
517,354.23,369.74,5,W,5,N
619,299.90,379.84,5,E,5,N
620,329.55,380.14,5,E,5,N
621,333.22,380.44,5,E,5,N
622,340.32,380.74,5,E,5,N
75,266.58,399.20,1,S,3,W
623,393.24,399.37,5,E,5,N
76,267.98,399.50,1,S,3,W
451,238.56,399.60,3,E,5,W
48,159.83,399.90,1,S,5,W
51,164.32,400.20,1,S,5,W
52,165.90,400.50,1,S,5,W
57,173.47,400.80,1,S,5,W
368,219.00,401.10,2,W,5,W
371,267.14,401.40,2,W,5,W
87,354.11,401.60,1,S,1,W
373,298.71,401.70,2,W,5,W
59,205.30,402.00,1,S,5,W
205,169.22,402.30,1,W,5,W
331,278.73,402.60,1,E,5,W
55,170.73,415.60,1,S,5,E
49,160.86,421.74,1,S,5,N
54,168.16,422.04,1,S,5,N
58,173.76,422.34,1,S,5,N
398,226.76,422.64,2,E,5,N
369,232.37,422.94,2,W,5,N
399,248.62,423.24,2,E,5,N
370,239.08,423.54,2,W,5,N
372,296.03,423.84,2,W,5,N
60,207.02,424.14,1,S,5,N
61,207.50,424.44,1,S,5,N
206,170.26,424.74,1,W,5,N
208,173.78,425.04,1,W,5,N
210,209.29,425.34,1,W,5,N
211,218.64,425.64,1,W,5,N
212,228.16,425.94,1,W,5,N
213,234.26,426.24,1,W,5,N
214,247.10,426.54,1,W,5,N
215,248.73,426.84,1,W,5,N
216,256.43,427.14,1,W,5,N
329,258.09,427.44,1,E,5,N
330,267.79,427.74,1,E,5,N
424,331.74,430.67,3,W,5,N
337,377.25,442.47,1,E,3,W
518,375.84,465.74,5,W,5,N
519,376.03,466.04,5,W,5,N
520,383.26,466.34,5,W,5,N
521,384.38,466.64,5,W,5,N
522,385.02,466.94,5,W,5,N
523,386.97,467.24,5,W,5,N
524,397.17,467.54,5,W,5,N
525,410.24,467.84,5,W,5,N
526,418.01,468.14,5,W,5,N
527,418.30,468.44,5,W,5,N
528,452.65,468.74,5,W,5,N
529,462.46,469.04,5,W,5,N
530,470.16,476.30,5,W,5,N
531,471.54,477.68,5,W,5,N
624,441.27,479.74,5,E,5,N
423,304.17,499.50,3,W,5,W
454,339.42,499.80,3,E,5,W
455,395.97,500.10,3,E,5,W
65,253.34,500.40,1,S,5,W
96,404.43,500.50,1,S,2,W
237,441.62,500.50,1,W,2,E
69,259.10,500.70,1,S,5,W
239,452.47,500.80,1,W,2,W
70,259.45,501.00,1,S,5,W
342,441.65,501.10,1,E,2,W
71,260.16,501.30,1,S,5,W
343,474.23,501.40,1,E,2,W
74,265.23,501.60,1,S,5,W
77,268.00,501.90,1,S,5,W
98,471.07,502.00,1,S,1,W
625,496.02,502.16,5,E,5,N
401,315.77,502.20,2,E,5,W
222,285.04,502.50,1,W,5,W
224,308.02,502.80,1,W,5,W
228,328.31,503.10,1,W,5,W
336,362.72,503.40,1,E,5,W
374,390.98,515.50,2,W,5,E
221,283.56,515.80,1,W,5,E
62,246.68,521.64,1,S,5,N
64,250.53,521.94,1,S,5,N
66,255.09,522.24,1,S,5,N
67,256.99,522.54,1,S,5,N
68,257.50,522.84,1,S,5,N
73,264.94,523.14,1,S,5,N
402,358.41,523.44,2,E,5,N
78,306.02,523.74,1,S,5,N
217,271.14,524.04,1,W,5,N
218,280.89,524.34,1,W,5,N
219,281.66,524.64,1,W,5,N
220,283.03,524.94,1,W,5,N
223,286.53,525.24,1,W,5,N
225,319.50,525.54,1,W,5,N
226,324.64,525.84,1,W,5,N
227,326.48,526.14,1,W,5,N
229,329.96,526.44,1,W,5,N
230,352.45,526.74,1,W,5,N
332,317.00,527.04,1,E,5,N
333,343.58,527.34,1,E,5,N
334,346.79,527.64,1,E,5,N
335,361.11,527.94,1,E,5,N
425,400.31,530.17,3,W,5,N
426,451.79,530.47,3,W,5,N
457,452.64,530.77,3,E,5,N
427,455.90,530.77,3,W,5,N
428,456.88,531.07,3,W,5,N
458,460.12,531.07,3,E,5,N
459,493.02,554.79,3,E,5,N
532,473.49,565.64,5,W,5,N
533,474.17,565.94,5,W,5,N
534,504.86,566.24,5,W,5,N
535,506.65,566.54,5,W,5,N
536,528.18,566.84,5,W,5,N
537,568.27,574.40,5,W,5,N
538,570.85,576.98,5,W,5,N
626,547.95,579.64,5,E,5,N
456,439.48,599.40,3,E,5,W
83,346.65,599.70,1,S,5,W
85,347.05,600.00,1,S,5,W
89,356.11,600.30,1,S,5,W
92,398.63,600.60,1,S,5,W
243,473.40,600.60,1,W,2,W
375,424.40,600.90,2,W,5,W
403,401.15,601.20,2,E,5,W
404,442.43,601.50,2,E,5,W
405,456.31,601.80,2,E,5,W
233,418.24,602.10,1,W,5,W
235,423.53,602.40,1,W,5,W
108,549.08,602.40,1,S,1,W
236,438.31,602.70,1,W,5,W
115,560.69,602.70,1,S,1,W
117,565.69,603.00,1,S,1,W
118,567.68,603.30,1,S,1,W
126,573.92,603.60,1,S,1,W
127,575.82,603.90,1,S,1,W
129,577.83,604.20,1,S,1,W
131,581.74,604.50,1,S,1,W
105,544.99,615.20,1,S,1,E
86,350.71,615.40,1,S,5,E
123,572.61,615.50,1,S,1,E
231,371.85,615.70,1,W,5,E
340,428.07,616.00,1,E,5,E
79,341.48,621.54,1,S,5,N
80,344.02,621.84,1,S,5,N
81,344.74,622.14,1,S,5,N
82,345.66,622.44,1,S,5,N
84,346.66,622.74,1,S,5,N
88,356.04,623.04,1,S,5,N
90,356.53,623.34,1,S,5,N
91,398.17,623.64,1,S,5,N
93,399.92,623.94,1,S,5,N
94,400.40,624.24,1,S,5,N
95,404.20,624.54,1,S,5,N
406,479.34,624.84,2,E,5,N
232,394.11,625.14,1,W,5,N
234,419.65,625.44,1,W,5,N
238,443.46,625.74,1,W,5,N
338,403.28,626.04,1,E,5,N
339,408.35,626.34,1,E,5,N
341,432.53,626.64,1,E,5,N
344,480.06,626.94,1,E,5,N
345,482.27,627.24,1,E,5,N
460,552.06,629.97,3,E,5,N
430,525.25,630.27,3,W,5,N
433,569.70,631.47,3,W,5,N
134,620.91,635.04,1,S,1,E
242,471.52,637.57,1,W,3,W
252,556.37,640.27,1,W,3,W
144,632.93,647.06,1,S,1,E
461,595.24,657.01,3,E,5,N
539,573.03,665.54,5,W,5,N
540,574.39,665.84,5,W,5,N
541,589.16,666.14,5,W,5,N
542,589.57,666.44,5,W,5,N
543,612.24,666.74,5,W,5,N
544,613.18,667.04,5,W,5,N
545,615.17,667.34,5,W,5,N
546,615.48,667.64,5,W,5,N
547,616.11,667.94,5,W,5,N
548,626.72,668.24,5,W,5,N
549,628.28,668.54,5,W,5,N
550,643.80,668.84,5,W,5,N
551,644.24,669.14,5,W,5,N
552,647.76,669.44,5,W,5,N
553,648.20,669.74,5,W,5,N
554,664.71,670.85,5,W,5,N
555,665.41,671.55,5,W,5,N
627,599.91,679.54,5,E,5,N
628,641.19,679.84,5,E,5,N
629,652.18,680.14,5,E,5,N
630,692.40,698.54,5,E,5,N
631,692.67,698.80,5,E,5,N
429,520.07,699.30,3,W,5,W
431,543.48,699.60,3,W,5,W
432,568.25,699.90,3,W,5,W
376,520.41,700.20,2,W,5,W
102,508.87,700.50,1,S,5,W
141,631.08,700.70,1,S,2,W
241,470.01,700.80,1,W,5,W
268,652.69,701.00,1,W,2,W
245,519.17,701.10,1,W,5,W
247,537.39,701.40,1,W,5,W
248,538.85,701.70,1,W,5,W
347,546.60,702.00,1,E,5,W
143,632.58,702.80,1,S,1,W
146,639.57,703.10,1,S,1,W
160,658.16,703.40,1,S,1,W
163,661.83,703.70,1,S,1,W
97,439.04,721.44,1,S,5,N
99,472.88,721.74,1,S,5,N
100,477.25,722.04,1,S,5,N
101,477.71,722.34,1,S,5,N
407,525.22,722.64,2,E,5,N
377,528.81,722.94,2,W,5,N
408,567.62,723.24,2,E,5,N
378,543.06,723.54,2,W,5,N
379,556.57,723.84,2,W,5,N
240,468.52,724.14,1,W,5,N
244,493.34,724.44,1,W,5,N
246,521.16,724.74,1,W,5,N
249,544.92,725.04,1,W,5,N
250,545.16,725.34,1,W,5,N
251,554.42,725.64,1,W,5,N
253,556.41,725.94,1,W,5,N
254,557.72,726.24,1,W,5,N
346,519.55,726.54,1,E,5,N
348,572.68,726.84,1,E,5,N
462,635.39,729.77,3,E,5,N
434,626.67,730.07,3,W,5,N
463,636.79,730.37,3,E,5,N
130,579.23,737.97,1,S,3,W
259,600.37,742.47,1,W,3,W
159,656.16,745.32,1,S,2,W
435,693.76,755.53,3,W,5,N
556,674.43,765.44,5,W,5,N
557,674.85,765.74,5,W,5,N
558,676.21,766.04,5,W,5,N
559,683.83,766.34,5,W,5,N
560,685.75,766.64,5,W,5,N
561,686.47,766.94,5,W,5,N
562,689.19,767.24,5,W,5,N
563,696.94,767.54,5,W,5,N
564,699.90,767.84,5,W,5,N
565,700.32,768.14,5,W,5,N
566,700.47,768.44,5,W,5,N
567,712.71,768.74,5,W,5,N
568,723.53,769.04,5,W,5,N
569,736.82,769.34,5,W,5,N
570,737.18,769.64,5,W,5,N
571,739.33,769.94,5,W,5,N
572,750.26,770.24,5,W,5,N
573,757.70,770.54,5,W,5,N
574,767.24,773.38,5,W,5,N
632,708.34,779.44,5,E,5,N
633,728.66,779.74,5,E,5,N
634,729.70,780.04,5,E,5,N
635,741.59,780.34,5,E,5,N
636,741.63,780.64,5,E,5,N
637,747.44,780.94,5,E,5,N
638,767.77,781.24,5,E,5,N
464,682.34,799.20,3,E,5,W
106,545.48,799.50,1,S,5,W
110,549.72,799.80,1,S,5,W
116,563.85,800.10,1,S,5,W
380,631.87,800.40,2,W,5,W
383,656.77,800.70,2,W,5,W
283,745.55,800.80,1,W,2,E
169,695.31,800.80,1,S,2,W
384,670.04,801.00,2,W,5,W
285,755.34,801.10,1,W,2,W
122,572.58,801.30,1,S,5,W
355,749.73,801.40,1,E,2,W
124,573.52,801.60,1,S,5,W
125,573.80,801.90,1,S,5,W
132,585.04,802.20,1,S,5,W
136,623.31,802.50,1,S,5,W
138,627.19,802.80,1,S,5,W
142,631.58,803.10,1,S,5,W
174,743.61,803.20,1,S,1,W
257,580.10,803.40,1,W,5,W
180,786.73,803.50,1,S,1,W
262,606.01,803.70,1,W,5,W
263,607.69,804.00,1,W,5,W
267,651.42,804.30,1,W,5,W
351,645.91,804.60,1,E,5,W
389,752.67,813.57,2,W,3,W
137,623.47,815.20,1,S,5,E
103,543.45,821.34,1,S,5,N
104,544.16,821.64,1,S,5,N
107,547.42,821.94,1,S,5,N
109,549.51,822.24,1,S,5,N
111,550.26,822.54,1,S,5,N
112,554.05,822.84,1,S,5,N
113,554.94,823.14,1,S,5,N
114,559.53,823.44,1,S,5,N
119,568.41,823.74,1,S,5,N
120,569.54,824.04,1,S,5,N
121,570.08,824.34,1,S,5,N
409,609.28,824.64,2,E,5,N
410,654.94,824.94,2,E,5,N
381,642.87,825.24,2,W,5,N
411,668.87,825.54,2,E,5,N
382,654.78,825.84,2,W,5,N
385,680.76,826.14,2,W,5,N
386,682.32,826.44,2,W,5,N
128,575.94,826.74,1,S,5,N
133,585.80,827.04,1,S,5,N
135,622.31,827.34,1,S,5,N
139,628.40,827.64,1,S,5,N
140,629.35,827.94,1,S,5,N
145,638.60,828.24,1,S,5,N
255,571.71,828.54,1,W,5,N
256,571.87,828.84,1,W,5,N
258,599.16,829.14,1,W,5,N
260,601.61,829.44,1,W,5,N
261,602.99,829.74,1,W,5,N
264,615.54,830.04,1,W,5,N
265,622.18,830.34,1,W,5,N
266,629.52,830.64,1,W,5,N
349,603.17,830.94,1,E,5,N
350,608.86,831.24,1,E,5,N
436,711.03,831.54,3,W,5,N
466,765.92,831.84,3,E,5,N
437,769.83,832.14,3,W,5,N
272,703.17,840.47,1,W,3,E
284,753.35,843.77,1,W,3,W
287,757.94,844.37,1,W,3,W
353,731.44,845.87,1,E,3,W
357,768.31,846.77,1,E,3,W
575,799.74,865.34,5,W,5,N
576,801.53,865.64,5,W,5,N
577,803.62,865.94,5,W,5,N
578,806.36,866.24,5,W,5,N
579,822.59,866.54,5,W,5,N
580,824.01,866.84,5,W,5,N
581,826.24,867.14,5,W,5,N
582,827.40,867.44,5,W,5,N
583,829.65,867.74,5,W,5,N
584,831.09,868.04,5,W,5,N
585,834.11,868.34,5,W,5,N
586,835.78,868.64,5,W,5,N
587,837.97,868.94,5,W,5,N
588,838.79,869.24,5,W,5,N
589,839.88,869.54,5,W,5,N
590,841.81,869.84,5,W,5,N
591,844.55,870.14,5,W,5,N
592,846.53,870.44,5,W,5,N
593,848.83,870.74,5,W,5,N
594,849.93,871.04,5,W,5,N
595,851.30,871.34,5,W,5,N
596,851.57,871.64,5,W,5,N
597,852.00,871.94,5,W,5,N
598,853.72,872.24,5,W,5,N
599,853.81,872.54,5,W,5,N
600,855.50,872.84,5,W,5,N
601,856.49,873.14,5,W,5,N
602,868.97,875.11,5,W,5,N
603,870.39,876.53,5,W,5,N
604,871.87,878.00,5,W,5,N
639,820.39,879.34,5,E,5,N
640,822.35,879.64,5,E,5,N
641,828.19,879.94,5,E,5,N
465,717.00,899.10,3,E,5,W
150,645.87,899.40,1,S,5,W
158,655.83,899.70,1,S,5,W
412,708.48,900.00,2,E,5,W
388,746.31,900.30,2,W,5,W
413,750.46,900.60,2,E,5,W
390,758.27,900.90,2,W,5,W
361,852.19,900.90,1,E,2,E
414,790.81,901.20,2,E,5,W
161,659.56,901.50,1,S,5,W
167,693.27,901.80,1,S,5,W
168,695.26,902.10,1,S,5,W
273,705.07,902.40,1,W,5,W
276,709.86,902.70,1,W,5,W
277,710.69,903.00,1,W,5,W
278,712.54,903.30,1,W,5,W
282,745.32,903.60,1,W,5,W
288,759.03,903.90,1,W,5,W
289,760.37,904.20,1,W,5,W
416,858.44,913.37,2,E,3,W
362,888.62,914.74,1,E,2,W
391,786.73,915.10,2,W,5,E
184,883.48,916.40,1,S,1,E
147,640.39,921.24,1,S,5,N
148,641.72,921.54,1,S,5,N
149,643.42,921.84,1,S,5,N
151,647.70,922.14,1,S,5,N
152,648.99,922.44,1,S,5,N
153,649.94,922.74,1,S,5,N
154,650.85,923.04,1,S,5,N
467,810.01,923.23,3,E,5,E
155,651.02,923.34,1,S,5,N
156,652.30,923.64,1,S,5,N
157,654.69,923.94,1,S,5,N
387,712.55,924.24,2,W,5,N
162,661.16,924.54,1,S,5,N
164,662.85,924.84,1,S,5,N
165,664.45,925.14,1,S,5,N
166,691.68,925.44,1,S,5,N
170,696.21,925.74,1,S,5,N
171,697.44,926.04,1,S,5,N
269,677.32,926.34,1,W,5,N
270,678.28,926.64,1,W,5,N
271,693.27,926.94,1,W,5,N
274,706.71,927.24,1,W,5,N
275,708.36,927.54,1,W,5,N
279,717.96,927.84,1,W,5,N
280,724.03,928.14,1,W,5,N
281,725.40,928.44,1,W,5,N
286,756.89,928.74,1,W,5,N
290,761.86,929.04,1,W,5,N
352,714.28,929.34,1,E,5,N
354,748.62,929.64,1,E,5,N
356,752.53,929.94,1,E,5,N
468,849.09,930.24,3,E,5,N
299,797.88,939.97,1,W,3,W
358,806.07,941.77,1,E,3,W
359,808.29,942.07,1,E,3,E
439,889.95,951.72,3,W,5,N
605,872.87,965.24,5,W,5,N
606,874.74,965.54,5,W,5,N
607,876.50,965.84,5,W,5,N
608,883.41,966.14,5,W,5,N
609,884.87,966.44,5,W,5,N
610,885.87,966.74,5,W,5,N
185,884.78,998.00,1,S,3,W
438,826.98,999.00,3,W,5,W
469,864.31,999.30,3,E,5,W
173,743.35,999.60,1,S,5,W
176,748.92,999.90,1,S,5,W
177,750.81,1000.20,1,S,5,W
179,785.60,1000.50,1,S,5,W
415,811.82,1000.80,2,E,5,W
296,785.01,1001.10,1,W,5,W
297,785.41,1001.40,1,W,5,W
302,836.77,1001.70,1,W,5,W
292,779.64,1015.00,1,W,5,E
294,782.18,1015.30,1,W,5,E
470,898.14,1021.14,3,E,5,N
172,740.90,1021.44,1,S,5,N
175,745.33,1021.74,1,S,5,N
178,785.01,1022.04,1,S,5,N
392,883.88,1022.34,2,W,5,N
393,895.89,1022.64,2,W,5,N
181,830.95,1022.94,1,S,5,N
182,836.00,1023.24,1,S,5,N
291,776.60,1023.54,1,W,5,N
293,780.44,1023.84,1,W,5,N
295,783.36,1024.14,1,W,5,N
298,787.08,1024.44,1,W,5,N
300,799.60,1024.74,1,W,5,N
301,812.64,1025.04,1,W,5,N
303,858.87,1025.34,1,W,5,N
304,860.69,1025.64,1,W,5,N
360,837.27,1025.94,1,E,5,N
471,899.29,1029.17,3,E,5,N
307,885.58,1037.67,1,W,3,E
183,882.19,1098.90,1,S,5,W
305,882.39,1099.20,1,W,5,W
306,884.10,1099.50,1,W,5,W
308,886.88,1121.04,1,W,5,N
309,893.65,1121.34,1,W,5,N