id,enter_time,exit_time,entrance_intersection,entrance_direction,exit_intersection,exit_direction
515,2.65,66.14,5,W,5,N
516,3.93,66.44,5,W,5,N
517,28.38,66.74,5,W,5,N
518,60.84,66.98,5,W,5,N
651,5.93,80.14,5,E,5,N
652,10.65,80.44,5,E,5,N
653,39.26,80.74,5,E,5,N
654,42.44,81.04,5,E,5,N
655,93.08,99.21,5,E,5,N
0,0.27,99.80,1,S,3,E
205,1.61,100.10,1,W,2,W
20,94.26,108.40,1,S,1,W
21,94.60,108.74,1,S,1,W
15,92.35,113.20,1,S,1,E
469,6.56,124.83,3,E,5,E
475,70.44,126.63,3,E,5,E
446,18.43,130.97,3,W,5,N
470,8.04,131.27,3,E,5,N
447,20.90,131.57,3,W,5,N
471,9.19,131.87,3,E,5,N
472,18.81,132.17,3,E,5,N
388,98.08,134.15,2,W,3,W
11,51.77,139.92,1,S,2,W
323,11.41,140.37,1,E,3,W
325,72.19,140.97,1,E,3,W
448,79.22,140.99,3,W,5,N
519,92.30,166.04,5,W,5,N
520,95.08,166.34,5,W,5,N
521,96.45,166.64,5,W,5,N
522,96.52,166.94,5,W,5,N
523,97.93,167.24,5,W,5,N
524,105.83,167.54,5,W,5,N
525,115.43,167.84,5,W,5,N
526,117.77,168.14,5,W,5,N
527,119.12,168.44,5,W,5,N
528,120.24,168.74,5,W,5,N
529,124.06,169.04,5,W,5,N
530,125.05,169.34,5,W,5,N
531,126.10,169.64,5,W,5,N
532,140.38,169.94,5,W,5,N
533,141.45,170.24,5,W,5,N
534,146.63,170.54,5,W,5,N
535,149.80,170.84,5,W,5,N
536,162.00,171.14,5,W,5,N
656,147.39,180.04,5,E,5,N
657,174.00,180.14,5,E,5,N
658,179.41,185.55,5,E,5,N
12,86.05,199.60,1,S,3,E
473,20.08,199.80,3,E,5,W
474,21.69,200.10,3,E,5,W
31,132.71,200.20,1,S,2,W
1,1.94,200.40,1,S,5,W
382,10.27,200.70,2,W,5,W
23,97.45,200.80,1,S,1,W
383,14.01,201.00,2,W,5,W
33,134.68,201.10,1,S,1,W
384,46.45,201.30,2,W,5,W
34,136.58,201.40,1,S,1,W
387,86.29,201.60,2,W,5,W
36,137.61,201.70,1,S,1,W
6,11.21,201.90,1,S,5,W
207,6.67,202.20,1,W,5,W
209,20.99,202.50,1,W,5,W
324,71.42,202.80,1,E,5,W
421,38.49,215.80,2,E,5,E
389,98.73,216.10,2,W,5,E
211,33.57,216.40,1,W,5,E
2,3.90,221.94,1,S,5,N
3,4.20,222.24,1,S,5,N
420,14.39,222.54,2,E,5,N
385,59.50,222.84,2,W,5,N
386,72.96,223.14,2,W,5,N
422,82.74,223.44,2,E,5,N
4,5.56,223.74,1,S,5,N
5,6.22,224.04,1,S,5,N
7,12.40,224.34,1,S,5,N
8,13.17,224.64,1,S,5,N
206,2.89,224.94,1,W,5,N
478,140.91,225.23,3,E,5,E
208,7.87,225.24,1,W,5,N
210,21.53,225.54,1,W,5,N
212,43.84,225.84,1,W,5,N
213,46.97,226.14,1,W,5,N
214,57.18,226.44,1,W,5,N
326,81.50,226.74,1,E,5,N
476,123.00,230.77,3,E,5,N
450,147.64,231.07,3,W,5,N
477,139.34,231.37,3,E,5,N
480,148.61,231.97,3,E,5,N
481,162.99,232.27,3,E,5,N
482,170.25,232.57,3,E,5,N
47,219.36,233.50,1,S,1,E
35,136.68,238.37,1,S,3,W
215,71.09,238.67,1,W,3,W
216,87.22,238.97,1,W,3,W
222,139.68,240.77,1,W,3,W
537,178.63,265.94,5,W,5,N
538,180.62,266.24,5,W,5,N
539,196.66,266.54,5,W,5,N
540,228.84,266.84,5,W,5,N
541,229.90,267.14,5,W,5,N
542,248.60,267.44,5,W,5,N
659,254.11,279.94,5,E,5,N
660,277.74,283.88,5,E,5,N
449,140.47,299.70,3,W,5,W
479,142.67,300.00,3,E,5,W
225,167.78,300.30,1,W,2,E
337,249.73,300.30,1,E,2,W
19,94.08,300.30,1,S,5,W
338,260.38,300.60,1,E,2,E
392,175.75,300.60,2,W,5,W
393,187.47,300.90,2,W,5,W
661,294.87,301.01,5,E,5,N
38,211.63,301.20,1,S,1,W
425,192.86,301.20,2,E,5,W
40,214.00,301.50,1,S,1,W
26,120.74,301.50,1,S,5,W
46,218.99,301.80,1,S,1,W
27,125.69,301.80,1,S,5,W
51,224.37,302.10,1,S,1,W
29,126.42,302.10,1,S,5,W
54,234.00,302.40,1,S,1,W
217,88.59,302.40,1,W,5,W
55,236.93,302.70,1,S,1,W
221,126.64,302.70,1,W,5,W
328,114.65,303.00,1,E,5,W
330,146.06,303.30,1,E,5,W
56,238.60,314.00,1,S,1,E
22,95.52,315.70,1,S,5,E
30,127.26,316.00,1,S,5,E
327,100.86,316.30,1,E,5,E
451,198.44,321.84,3,W,5,N
9,46.85,322.14,1,S,5,N
10,49.39,322.44,1,S,5,N
13,89.92,322.74,1,S,5,N
14,90.40,323.04,1,S,5,N
16,93.59,323.34,1,S,5,N
17,93.79,323.64,1,S,5,N
18,94.01,323.94,1,S,5,N
24,98.17,324.24,1,S,5,N
423,124.36,324.54,2,E,5,N
390,113.11,324.84,2,W,5,N
391,148.42,325.14,2,W,5,N
424,147.25,325.44,2,E,5,N
25,120.08,325.74,1,S,5,N
28,125.90,326.04,1,S,5,N
32,133.52,326.34,1,S,5,N
218,109.90,326.64,1,W,5,N
219,111.28,326.94,1,W,5,N
220,125.18,327.24,1,W,5,N
223,149.84,327.54,1,W,5,N
224,159.77,327.84,1,W,5,N
329,119.86,328.14,1,E,5,N
331,151.86,328.44,1,E,5,N
332,177.94,328.74,1,E,5,N
333,178.93,329.04,1,E,5,N
452,218.28,330.57,3,W,5,N
483,203.15,330.87,3,E,5,N
484,217.40,331.17,3,E,5,N
489,268.39,332.37,3,E,5,N
453,273.31,335.08,3,W,5,N
43,216.19,337.27,1,S,3,W
454,276.09,337.86,3,W,5,N
455,279.60,341.37,3,W,5,N
543,274.73,365.84,5,W,5,N
544,276.79,366.14,5,W,5,N
545,278.28,366.44,5,W,5,N
546,280.22,366.74,5,W,5,N
547,297.78,367.04,5,W,5,N
548,299.71,367.34,5,W,5,N
549,342.75,367.64,5,W,5,N
550,343.00,367.94,5,W,5,N
551,343.26,368.24,5,W,5,N
552,347.43,368.54,5,W,5,N
553,348.41,368.84,5,W,5,N
554,361.45,369.14,5,W,5,N
662,348.70,379.84,5,E,5,N
663,375.00,381.14,5,E,5,N
664,386.60,392.74,5,E,5,N
665,387.84,393.98,5,E,5,N
666,389.45,395.59,5,E,5,N
59,301.85,399.20,1,S,3,E
485,219.03,399.60,3,E,5,W
486,220.24,399.90,3,E,5,W
487,236.30,400.20,3,E,5,W
488,237.87,400.50,3,E,5,W
394,263.27,400.80,2,W,5,W
667,394.95,401.09,5,E,5,N
39,213.35,401.10,1,S,5,W
48,219.89,401.40,1,S,5,W
61,303.73,401.60,1,S,1,W
49,220.09,401.70,1,S,5,W
73,354.63,401.90,1,S,1,W
50,222.43,402.00,1,S,5,W
74,355.38,402.20,1,S,1,W
229,188.33,402.30,1,W,5,W
335,228.05,402.60,1,E,5,W
336,230.35,402.90,1,E,5,W
340,271.50,403.20,1,E,5,W
78,393.40,407.54,1,S,1,W
343,292.44,410.26,1,E,5,W
400,373.36,413.77,2,W,3,E
66,342.65,414.40,1,S,1,E
70,350.79,414.70,1,S,1,E
91,406.12,420.26,1,S,1,E
37,176.25,421.74,1,S,5,N
426,234.04,422.04,2,E,5,N
427,253.75,422.34,2,E,5,N
395,295.46,422.64,2,W,5,N
428,299.18,422.94,2,E,5,N
41,215.08,423.24,1,S,5,N
42,215.89,423.54,1,S,5,N
44,216.91,423.84,1,S,5,N
401,387.90,423.98,2,W,3,W
45,217.97,424.14,1,S,5,N
52,225.77,424.44,1,S,5,N
53,233.05,424.74,1,S,5,N
226,169.32,425.04,1,W,5,N
227,182.73,425.34,1,W,5,N
228,188.15,425.64,1,W,5,N
230,189.40,425.94,1,W,5,N
231,198.20,426.24,1,W,5,N
232,211.65,426.54,1,W,5,N
233,213.38,426.84,1,W,5,N
234,226.94,427.14,1,W,5,N
235,227.43,427.44,1,W,5,N
236,252.23,427.74,1,W,5,N
334,208.67,428.04,1,E,5,N
339,269.99,428.34,1,E,5,N
341,273.19,428.64,1,E,5,N
342,283.83,428.94,1,E,5,N
490,305.30,430.37,3,E,5,N
491,362.44,430.67,3,E,5,N
239,286.04,437.67,1,W,3,W
67,346.38,441.12,1,S,2,E
492,382.44,444.21,3,E,5,N
493,384.27,446.04,3,E,5,N
494,393.91,455.68,3,E,5,N
555,382.42,465.74,5,W,5,N
556,385.41,466.04,5,W,5,N
557,387.32,466.34,5,W,5,N
558,393.75,466.64,5,W,5,N
559,396.53,466.94,5,W,5,N
560,399.34,467.24,5,W,5,N
561,401.92,467.54,5,W,5,N
562,408.00,467.84,5,W,5,N
563,409.35,468.14,5,W,5,N
564,409.43,468.44,5,W,5,N
565,411.51,468.74,5,W,5,N
566,419.71,469.04,5,W,5,N
567,420.87,469.34,5,W,5,N
568,429.16,469.64,5,W,5,N
569,437.42,469.94,5,W,5,N
570,445.84,470.24,5,W,5,N
668,439.13,479.74,5,E,5,N
669,444.56,480.04,5,E,5,N
670,449.08,480.34,5,E,5,N
671,454.54,480.64,5,E,5,N
672,455.69,480.94,5,E,5,N
64,338.23,499.00,1,S,3,E
68,346.55,499.30,1,S,3,E
456,329.94,499.50,3,W,5,W
77,392.77,499.60,1,S,3,E
457,382.04,499.80,3,W,5,W
57,269.25,500.10,1,S,5,W
60,302.68,500.40,1,S,5,W
95,410.58,500.50,1,S,2,W
429,344.40,500.70,2,E,5,W
252,439.97,500.80,1,W,2,W
402,396.85,501.00,2,W,5,W
431,397.46,501.30,2,E,5,W
62,305.53,501.60,1,S,5,W
241,313.19,501.90,1,W,5,W
84,399.61,502.00,1,S,1,W
242,337.26,502.20,1,W,5,W
85,400.14,502.30,1,S,1,W
347,329.08,502.50,1,E,5,W
86,401.17,502.60,1,S,1,W
89,403.67,502.90,1,S,1,W
93,408.58,503.20,1,S,1,W
100,450.05,503.50,1,S,1,W
107,456.71,503.80,1,S,1,W
111,460.47,504.10,1,S,1,W
351,388.52,506.34,1,E,5,W
131,492.81,506.95,1,S,1,W
99,448.41,514.80,1,S,1,E
103,452.56,515.10,1,S,1,E
113,463.98,515.40,1,S,1,E
344,312.32,515.50,1,E,5,E
121,475.29,515.70,1,S,1,E
403,479.81,515.88,2,W,3,E
58,270.19,521.64,1,S,5,N
396,306.58,521.94,2,W,5,N
397,341.66,522.24,2,W,5,N
398,355.92,522.54,2,W,5,N
399,365.31,522.84,2,W,5,N
430,381.95,523.14,2,E,5,N
63,305.55,523.44,1,S,5,N
237,267.79,523.74,1,W,5,N
458,443.23,524.03,3,W,5,E
238,269.27,524.04,1,W,5,N
240,303.26,524.34,1,W,5,N
243,352.80,524.64,1,W,5,N
345,315.52,524.94,1,E,5,N
346,320.11,525.24,1,E,5,N
348,339.44,525.54,1,E,5,N
349,353.83,525.84,1,E,5,N
350,371.95,526.14,1,E,5,N
495,449.02,530.17,3,E,5,N
497,451.40,530.77,3,E,5,N
499,474.82,536.59,3,E,5,N
500,476.63,538.40,3,E,5,N
247,411.85,538.97,1,W,3,W
354,430.92,541.97,1,E,3,E
356,487.51,549.70,1,E,3,E
571,486.14,565.64,5,W,5,N
572,493.39,565.94,5,W,5,N
573,496.10,566.24,5,W,5,N
574,511.61,566.54,5,W,5,N
575,519.25,566.84,5,W,5,N
576,520.73,567.14,5,W,5,N
577,522.06,567.44,5,W,5,N
578,523.19,567.74,5,W,5,N
579,531.62,568.04,5,W,5,N
580,534.33,568.34,5,W,5,N
581,536.80,568.64,5,W,5,N
673,523.49,579.64,5,E,5,N
674,533.11,579.94,5,E,5,N
675,538.90,580.24,5,E,5,N
102,450.79,598.80,1,S,3,E
116,467.75,599.10,1,S,3,E
352,399.05,599.40,1,E,5,W
496,450.29,599.70,3,E,5,W
498,465.21,600.00,3,E,5,W
65,340.75,600.30,1,S,5,W
72,352.69,600.60,1,S,5,W
137,500.66,600.60,1,S,2,E
271,553.85,600.60,1,W,2,W
82,397.13,600.90,1,S,5,W
360,525.60,600.90,1,E,2,W
88,402.95,601.20,1,S,5,W
90,405.10,601.50,1,S,5,W
92,407.96,601.80,1,S,5,W
249,428.05,602.10,1,W,5,W
355,457.12,602.40,1,E,5,W
139,534.12,602.40,1,S,1,W
147,577.18,602.70,1,S,1,W
150,581.36,603.00,1,S,1,W
436,569.55,613.37,2,E,3,E
96,411.50,615.40,1,S,5,E
255,458.11,615.70,1,W,5,E
69,349.82,621.54,1,S,5,N
71,351.28,621.84,1,S,5,N
75,389.31,622.14,1,S,5,N
76,392.09,622.44,1,S,5,N
79,393.53,622.74,1,S,5,N
80,395.03,623.04,1,S,5,N
81,396.56,623.34,1,S,5,N
83,398.89,623.64,1,S,5,N
87,402.77,623.94,1,S,5,N
432,442.11,624.24,2,E,5,N
433,482.74,624.54,2,E,5,N
94,408.91,624.84,1,S,5,N
244,371.87,625.14,1,W,5,N
245,396.83,625.44,1,W,5,N
246,397.31,625.74,1,W,5,N
248,421.36,626.04,1,W,5,N
250,437.58,626.34,1,W,5,N
251,438.69,626.64,1,W,5,N
253,447.57,626.94,1,W,5,N
254,449.53,627.24,1,W,5,N
256,465.63,627.54,1,W,5,N
353,427.45,627.84,1,E,5,N
459,511.41,629.97,3,W,5,N
501,513.82,630.27,3,E,5,N
502,572.81,634.58,3,E,5,N
460,576.41,638.18,3,W,5,N
132,493.23,640.27,1,S,3,W
134,496.40,640.87,1,S,3,W
140,535.29,642.07,1,S,3,E
145,575.47,642.22,1,S,2,W
257,487.98,642.67,1,W,3,W
268,525.58,645.97,1,W,3,E
503,588.84,650.61,3,E,5,N
582,577.48,665.54,5,W,5,N
583,578.42,665.84,5,W,5,N
584,580.73,666.14,5,W,5,N
585,581.43,666.44,5,W,5,N
586,583.24,666.74,5,W,5,N
587,584.32,667.04,5,W,5,N
588,611.30,667.34,5,W,5,N
589,612.91,667.64,5,W,5,N
590,614.13,667.94,5,W,5,N
591,615.87,668.24,5,W,5,N
592,623.57,668.54,5,W,5,N
593,625.04,668.84,5,W,5,N
594,630.43,669.14,5,W,5,N
595,631.97,669.44,5,W,5,N
596,632.65,669.74,5,W,5,N
597,633.96,670.04,5,W,5,N
598,642.23,670.34,5,W,5,N
599,656.04,670.64,5,W,5,N
600,657.25,670.94,5,W,5,N
601,657.32,671.24,5,W,5,N
602,657.60,671.54,5,W,5,N
603,659.59,671.84,5,W,5,N
676,609.20,679.54,5,E,5,N
677,611.01,679.84,5,E,5,N
678,620.71,680.14,5,E,5,N
679,623.40,680.44,5,E,5,N
680,692.10,698.23,5,E,5,N
504,589.87,699.30,3,E,5,W
97,445.27,699.60,1,S,5,W
104,454.85,699.90,1,S,5,W
105,455.16,700.20,1,S,5,W
109,458.40,700.50,1,S,5,W
155,618.69,700.70,1,S,2,W
115,467.50,700.80,1,S,5,W
404,514.83,701.10,2,W,5,W
407,552.39,701.40,2,W,5,W
126,482.85,701.70,1,S,5,W
127,483.82,702.00,1,S,5,W
129,485.56,702.30,1,S,5,W
133,494.85,702.60,1,S,5,W
151,611.35,702.80,1,S,1,W
135,497.56,702.90,1,S,5,W
154,616.88,703.10,1,S,1,W
263,511.30,703.20,1,W,5,W
156,620.33,703.40,1,S,1,W
266,520.38,703.50,1,W,5,W
160,656.99,703.70,1,S,1,W
267,523.97,703.80,1,W,5,W
167,668.27,704.00,1,S,1,W
168,669.31,704.30,1,S,1,W
175,677.40,704.60,1,S,1,W
179,687.04,704.90,1,S,1,W
98,446.95,715.30,1,S,5,E
123,479.15,715.60,1,S,5,E
161,659.55,715.60,1,S,1,E
101,450.39,721.44,1,S,5,N
106,455.62,721.74,1,S,5,N
108,458.31,722.04,1,S,5,N
110,458.52,722.34,1,S,5,N
112,462.06,722.64,1,S,5,N
114,465.91,722.94,1,S,5,N
117,469.43,723.24,1,S,5,N
434,509.16,723.54,2,E,5,N
505,600.70,723.63,3,E,5,E
405,526.04,723.84,2,W,5,N
435,525.34,724.14,2,E,5,N
406,540.81,724.44,2,W,5,N
408,560.44,724.74,2,W,5,N
409,573.32,725.04,2,W,5,N
410,579.71,725.34,2,W,5,N
118,471.19,725.64,1,S,5,N
119,473.16,725.94,1,S,5,N
120,474.86,726.24,1,S,5,N
122,476.12,726.54,1,S,5,N
124,480.94,726.84,1,S,5,N
125,482.10,727.14,1,S,5,N
128,484.20,727.44,1,S,5,N
130,487.26,727.74,1,S,5,N
136,498.45,728.04,1,S,5,N
138,532.80,728.34,1,S,5,N
141,536.63,728.64,1,S,5,N
258,489.55,728.94,1,W,5,N
259,493.45,729.24,1,W,5,N
260,494.75,729.54,1,W,5,N
261,494.99,729.84,1,W,5,N
262,510.34,730.14,1,W,5,N
264,513.21,730.44,1,W,5,N
265,516.78,730.74,1,W,5,N
269,527.38,731.04,1,W,5,N
270,544.30,731.34,1,W,5,N
272,555.07,731.64,1,W,5,N
273,566.41,731.94,1,W,5,N
357,503.70,732.24,1,E,5,N
358,513.95,732.54,1,E,5,N
359,524.42,732.84,1,E,5,N
361,585.01,733.14,1,E,5,N
461,640.94,733.44,3,W,5,N
506,657.58,733.74,3,E,5,N
462,641.24,734.04,3,W,5,N
507,667.24,734.34,3,E,5,N
182,721.52,735.65,1,S,1,E
276,571.89,738.57,1,W,3,E
286,651.34,741.57,1,W,3,W
604,673.61,765.44,5,W,5,N
605,675.34,765.74,5,W,5,N
606,677.06,766.04,5,W,5,N
607,678.14,766.34,5,W,5,N
608,685.84,766.64,5,W,5,N
609,687.34,766.94,5,W,5,N
610,687.66,767.24,5,W,5,N
611,689.56,767.54,5,W,5,N
612,700.39,767.84,5,W,5,N
613,702.01,768.14,5,W,5,N
614,703.03,768.44,5,W,5,N
615,705.17,768.74,5,W,5,N
616,706.83,769.04,5,W,5,N
617,708.08,769.34,5,W,5,N
618,708.48,769.64,5,W,5,N
619,710.07,769.94,5,W,5,N
620,710.35,770.24,5,W,5,N
621,721.00,770.54,5,W,5,N
622,722.14,770.84,5,W,5,N
623,729.06,771.14,5,W,5,N
624,730.51,771.44,5,W,5,N
625,730.86,771.74,5,W,5,N
626,732.57,772.04,5,W,5,N
627,734.57,772.34,5,W,5,N
628,746.82,772.64,5,W,5,N
629,747.10,772.94,5,W,5,N
630,748.80,773.24,5,W,5,N
631,761.45,773.54,5,W,5,N
632,763.75,773.84,5,W,5,N
633,771.72,777.86,5,W,5,N
681,719.53,779.44,5,E,5,N
682,725.11,779.74,5,E,5,N
683,766.09,780.04,5,E,5,N
684,771.00,780.34,5,E,5,N
685,776.59,782.73,5,E,5,N
463,696.04,799.20,3,W,5,W
142,571.57,799.50,1,S,5,W
148,577.73,799.80,1,S,5,W
411,670.67,800.10,2,W,5,W
275,571.29,800.40,1,W,5,W
279,610.33,800.70,1,W,5,W
298,731.88,800.80,1,W,2,W
280,611.79,801.00,1,W,5,W
281,615.28,801.30,1,W,5,W
282,616.66,801.60,1,W,5,W
283,618.63,801.90,1,W,5,W
287,653.19,802.20,1,W,5,W
363,608.04,802.50,1,E,5,W
365,617.64,802.80,1,E,5,W
367,669.46,803.10,1,E,5,W
368,673.62,803.40,1,E,5,W
369,676.89,803.70,1,E,5,W
370,679.76,804.00,1,E,5,W
277,572.57,815.20,1,W,5,E
278,595.90,815.50,1,W,5,E
143,573.65,821.34,1,S,5,N
144,574.80,821.64,1,S,5,N
146,577.00,821.94,1,S,5,N
149,578.79,822.24,1,S,5,N
437,611.54,822.54,2,E,5,N
438,651.15,822.84,2,E,5,N
439,691.74,823.14,2,E,5,N
152,613.32,823.44,1,S,5,N
153,615.22,823.74,1,S,5,N
157,620.75,824.04,1,S,5,N
158,622.12,824.34,1,S,5,N
274,569.74,824.64,1,W,5,N
284,632.90,824.94,1,W,5,N
285,634.54,825.24,1,W,5,N
288,654.22,825.54,1,W,5,N
362,602.97,825.84,1,E,5,N
364,613.71,826.14,1,E,5,N
366,634.06,826.44,1,E,5,N
464,748.03,829.57,3,W,5,N
508,727.03,829.87,3,E,5,N
509,728.54,830.17,3,E,5,N
510,730.17,830.17,3,E,5,N
183,726.37,838.07,1,S,3,E
372,713.11,842.27,1,E,3,E
634,779.33,865.34,5,W,5,N
635,781.48,865.64,5,W,5,N
636,803.05,865.94,5,W,5,N
637,817.35,866.24,5,W,5,N
638,825.33,866.54,5,W,5,N
639,827.38,866.84,5,W,5,N
640,828.56,867.14,5,W,5,N
641,829.82,867.44,5,W,5,N
642,832.05,867.74,5,W,5,N
643,839.05,868.04,5,W,5,N
644,841.87,868.34,5,W,5,N
645,843.84,868.64,5,W,5,N
646,845.23,868.94,5,W,5,N
647,862.07,869.24,5,W,5,N
648,864.47,870.61,5,W,5,N
649,871.21,877.35,5,W,5,N
686,799.96,879.34,5,E,5,N
687,845.30,879.64,5,E,5,N
688,850.50,879.94,5,E,5,N
689,850.56,880.24,5,E,5,N
690,866.10,880.54,5,E,5,N
691,866.58,880.84,5,E,5,N
692,875.13,881.26,5,E,5,N
693,886.43,892.57,5,E,5,N
694,891.97,898.11,5,E,5,N
511,742.72,899.10,3,E,5,W
512,794.91,899.40,3,E,5,W
163,662.02,899.70,1,S,5,W
169,670.26,900.00,1,S,5,W
170,670.64,900.30,1,S,5,W
172,673.07,900.60,1,S,5,W
440,710.66,900.90,2,E,5,W
379,871.81,900.90,1,E,2,W
695,894.92,901.05,5,E,5,N
413,773.27,901.20,2,W,5,W
442,755.65,901.50,2,E,5,W
180,718.95,901.80,1,S,5,W
291,669.62,902.10,1,W,5,W
292,680.40,902.40,1,W,5,W
294,683.18,902.70,1,W,5,W
374,756.18,903.00,1,E,5,W
191,831.73,903.60,1,S,1,W
198,879.10,903.90,1,S,1,W
199,879.84,904.20,1,S,1,W
444,830.02,913.37,2,E,3,E
417,871.39,913.97,2,W,3,E
173,675.54,915.10,1,S,5,E
176,677.49,915.40,1,S,5,E
412,748.34,915.70,2,W,5,E
295,683.49,916.00,1,W,5,E
375,785.40,916.30,1,E,5,E
201,882.79,916.40,1,S,1,E
159,655.92,921.24,1,S,5,N
162,661.47,921.54,1,S,5,N
164,663.98,921.84,1,S,5,N
165,664.63,922.14,1,S,5,N
166,666.45,922.44,1,S,5,N
171,671.28,922.74,1,S,5,N
174,675.66,923.04,1,S,5,N
441,739.53,923.34,2,E,5,N
177,678.47,923.64,1,S,5,N
178,679.84,923.94,1,S,5,N
181,720.97,924.24,1,S,5,N
184,727.20,924.54,1,S,5,N
289,667.61,924.84,1,W,5,N
290,667.76,925.14,1,W,5,N
293,682.33,925.44,1,W,5,N
296,706.88,925.74,1,W,5,N
297,712.71,926.04,1,W,5,N
299,735.23,926.34,1,W,5,N
300,760.78,926.64,1,W,5,N
371,707.43,926.94,1,E,5,N
373,745.70,927.24,1,E,5,N
376,796.32,927.54,1,E,5,N
465,810.00,929.37,3,W,5,N
466,810.80,929.67,3,W,5,N
467,880.32,942.09,3,W,5,N
377,805.28,942.97,1,E,3,E
468,882.89,944.66,3,W,5,N
514,888.73,950.50,3,E,5,N
650,873.10,965.24,5,W,5,N
513,832.55,999.00,3,E,5,W
414,812.28,999.30,2,W,5,W
415,827.08,999.60,2,W,5,W
416,857.61,999.90,2,W,5,W
418,876.13,1000.20,2,W,5,W
419,880.66,1000.50,2,W,5,W
301,783.52,1000.80,1,W,5,W
302,784.66,1001.10,1,W,5,W
304,787.09,1001.40,1,W,5,W
306,796.43,1001.70,1,W,5,W
308,798.67,1002.00,1,W,5,W
310,825.98,1002.30,1,W,5,W
312,836.13,1002.60,1,W,5,W
313,841.21,1002.90,1,W,5,W
314,847.63,1003.20,1,W,5,W
315,849.21,1003.50,1,W,5,W
303,786.04,1015.00,1,W,5,E
307,797.48,1015.30,1,W,5,E
185,758.19,1021.14,1,S,5,N
186,760.20,1021.44,1,S,5,N
187,761.81,1021.74,1,S,5,N
188,763.29,1022.04,1,S,5,N
189,794.53,1022.34,1,S,5,N
443,805.56,1022.64,2,E,5,N
445,878.27,1022.94,2,E,5,N
190,831.34,1023.24,1,S,5,N
192,833.40,1023.54,1,S,5,N
193,833.97,1023.84,1,S,5,N
305,796.32,1024.14,1,W,5,N
309,805.81,1024.44,1,W,5,N
311,835.48,1024.74,1,W,5,N
316,850.17,1025.04,1,W,5,N
317,858.35,1025.34,1,W,5,N
378,807.81,1025.64,1,E,5,N
380,886.43,1025.94,1,E,5,N
381,899.88,1026.24,1,E,5,N
194,871.92,1098.90,1,S,5,W
195,874.48,1099.20,1,S,5,W
196,876.29,1099.50,1,S,5,W
200,882.35,1099.80,1,S,5,W
202,883.78,1100.10,1,S,5,W
319,885.74,1100.40,1,W,5,W
321,887.92,1100.70,1,W,5,W
322,891.39,1101.00,1,W,5,W
197,877.47,1121.04,1,S,5,N
203,885.42,1121.34,1,S,5,N
204,886.26,1121.64,1,S,5,N
318,884.22,1121.94,1,W,5,N
320,887.59,1122.24,1,W,5,N