id,enter_time,exit_time,entrance_intersection,entrance_direction,exit_intersection,exit_direction
1,3.93,18.07,1,S,1,E
5,12.33,26.46,1,S,1,E
500,10.49,66.14,5,W,5,N
501,11.79,66.44,5,W,5,N
502,33.11,66.74,5,W,5,N
503,36.02,67.04,5,W,5,N
504,50.61,67.34,5,W,5,N
505,52.41,67.64,5,W,5,N
506,53.59,67.94,5,W,5,N
507,55.29,68.24,5,W,5,N
508,56.65,68.54,5,W,5,N
509,56.72,68.84,5,W,5,N
510,58.17,69.14,5,W,5,N
511,58.23,69.44,5,W,5,N
637,5.89,80.14,5,E,5,N
638,76.85,82.98,5,E,5,N
0,2.30,100.40,1,S,1,W
9,21.94,100.70,1,S,1,W
12,76.02,101.00,1,S,1,W
432,37.69,131.27,3,W,5,N
25,119.83,133.97,1,S,1,E
178,61.43,139.47,1,W,3,W
312,78.05,141.57,1,E,3,W
512,95.68,166.04,5,W,5,N
513,120.11,166.34,5,W,5,N
514,120.66,166.64,5,W,5,N
515,122.02,166.94,5,W,5,N
516,129.62,167.24,5,W,5,N
517,132.07,167.54,5,W,5,N
518,134.66,167.84,5,W,5,N
519,144.95,168.14,5,W,5,N
520,146.27,168.44,5,W,5,N
521,147.10,168.74,5,W,5,N
522,154.45,169.04,5,W,5,N
523,160.39,169.34,5,W,5,N
639,126.71,180.04,5,E,5,N
640,126.93,180.34,5,E,5,N
641,192.82,198.95,5,E,5,N
15,80.96,199.60,1,S,3,W
431,19.44,199.80,3,W,5,W
458,41.24,200.10,3,E,5,W
181,80.41,200.20,1,W,2,W
433,42.89,200.40,3,W,5,W
321,157.69,200.50,1,E,2,W
434,57.48,200.70,3,W,5,W
22,117.48,200.80,1,S,1,W
459,81.11,201.00,3,E,5,W
23,118.57,201.10,1,S,1,W
460,86.71,201.30,3,E,5,W
461,97.08,201.60,3,E,5,W
407,65.76,201.90,2,E,5,W
372,86.95,202.20,2,W,5,W
4,8.86,202.50,1,S,5,W
174,6.62,202.80,1,W,5,W
177,38.99,203.10,1,W,5,W
179,64.77,203.40,1,W,5,W
310,68.97,203.70,1,E,5,W
33,166.76,213.60,1,S,1,E
176,25.69,215.80,1,W,5,E
309,66.04,216.10,1,E,5,E
311,74.23,216.40,1,E,5,E
462,98.93,221.94,3,E,5,N
406,47.35,222.24,2,E,5,N
373,97.16,222.54,2,W,5,N
2,6.66,222.84,1,S,5,N
3,7.78,223.14,1,S,5,N
6,18.06,223.44,1,S,5,N
7,18.66,223.74,1,S,5,N
8,20.72,224.04,1,S,5,N
173,1.14,224.34,1,W,5,N
175,15.27,224.64,1,W,5,N
307,27.51,224.94,1,E,5,N
308,28.62,225.24,1,E,5,N
313,79.94,225.54,1,E,5,N
463,109.89,230.77,3,E,5,N
436,131.52,231.07,3,W,5,N
466,167.21,231.67,3,E,5,N
187,109.34,238.97,1,W,3,W
316,113.27,241.37,1,E,3,W
317,139.36,241.67,1,E,3,W
36,170.41,242.12,1,S,2,E
322,164.19,242.87,1,E,3,W
43,186.09,244.22,1,S,2,W
437,191.85,253.62,3,W,5,N
524,194.58,265.94,5,W,5,N
525,196.54,266.24,5,W,5,N
526,203.06,266.54,5,W,5,N
527,236.87,266.84,5,W,5,N
528,239.27,267.14,5,W,5,N
529,240.80,267.44,5,W,5,N
530,241.85,267.74,5,W,5,N
531,264.62,270.75,5,W,5,N
532,265.71,271.85,5,W,5,N
642,236.35,279.94,5,E,5,N
643,236.70,280.24,5,E,5,N
644,289.19,295.33,5,E,5,N
314,100.25,299.70,1,E,5,W
435,118.74,300.00,3,W,5,W
48,220.68,300.30,1,S,2,W
464,124.01,300.30,3,E,5,W
199,204.53,300.60,1,W,2,W
465,165.64,300.60,3,E,5,W
13,78.44,300.90,1,S,5,W
50,222.51,301.20,1,S,1,W
19,85.30,301.20,1,S,5,W
54,260.65,301.50,1,S,1,W
374,122.11,301.50,2,W,5,W
410,145.03,301.80,2,E,5,W
21,115.62,302.10,1,S,5,W
26,121.28,302.40,1,S,5,W
180,78.63,302.70,1,W,5,W
182,81.41,303.00,1,W,5,W
188,124.58,303.30,1,W,5,W
190,126.80,303.60,1,W,5,W
192,147.97,303.90,1,W,5,W
318,141.04,304.20,1,E,5,W
320,149.64,304.50,1,E,5,W
323,169.70,304.80,1,E,5,W
324,170.11,305.10,1,E,5,W
56,296.25,314.00,1,S,1,E
16,81.44,315.70,1,S,5,E
10,49.24,321.84,1,S,5,N
11,50.17,322.14,1,S,5,N
14,80.12,322.44,1,S,5,N
17,83.84,322.74,1,S,5,N
18,84.23,323.04,1,S,5,N
20,85.99,323.34,1,S,5,N
408,114.01,323.64,2,E,5,N
409,133.02,323.94,2,E,5,N
375,132.69,324.24,2,W,5,N
411,188.86,324.54,2,E,5,N
24,118.98,324.84,1,S,5,N
183,82.99,325.14,1,W,5,N
184,83.97,325.44,1,W,5,N
185,106.35,325.74,1,W,5,N
186,107.50,326.04,1,W,5,N
189,125.51,326.34,1,W,5,N
191,146.50,326.64,1,W,5,N
193,150.98,326.94,1,W,5,N
315,103.22,327.24,1,E,5,N
319,141.30,327.54,1,E,5,N
325,196.16,327.84,1,E,5,N
467,223.17,330.57,3,E,5,N
438,248.88,330.87,3,W,5,N
200,208.52,339.97,1,W,3,W
204,248.20,341.17,1,W,3,W
205,248.22,341.47,1,W,3,W
469,282.64,344.41,3,E,5,N
62,304.68,344.94,1,S,2,E
470,283.82,345.59,3,E,5,N
533,279.05,365.84,5,W,5,N
534,280.59,366.14,5,W,5,N
535,293.72,366.44,5,W,5,N
536,296.43,366.74,5,W,5,N
537,325.98,367.04,5,W,5,N
538,335.34,367.34,5,W,5,N
539,336.88,367.64,5,W,5,N
540,344.65,367.94,5,W,5,N
541,353.05,368.24,5,W,5,N
542,354.86,368.54,5,W,5,N
645,306.18,379.84,5,E,5,N
646,314.98,380.14,5,E,5,N
647,356.40,380.44,5,E,5,N
648,363.72,380.74,5,E,5,N
649,368.95,381.04,5,E,5,N
468,224.97,399.60,3,E,5,W
27,159.94,399.90,1,S,5,W
31,165.71,400.20,1,S,5,W
34,168.50,400.50,1,S,5,W
40,181.44,400.80,1,S,5,W
41,183.05,401.10,1,S,5,W
414,285.23,401.40,2,E,5,W
58,299.04,401.60,1,S,1,W
45,219.68,401.70,1,S,5,W
650,395.62,401.76,5,E,5,N
59,299.19,401.90,1,S,1,W
49,221.84,402.00,1,S,5,W
61,302.76,402.20,1,S,1,W
51,224.32,402.30,1,S,5,W
64,307.63,402.50,1,S,1,W
53,227.38,402.60,1,S,5,W
66,310.25,402.80,1,S,1,W
206,263.29,402.90,1,W,5,W
69,313.55,403.10,1,S,1,W
327,201.78,403.20,1,E,5,W
70,316.28,403.40,1,S,1,W
328,221.72,403.50,1,E,5,W
71,316.46,403.70,1,S,1,W
330,236.98,403.80,1,E,5,W
333,267.39,404.10,1,E,5,W
75,359.69,414.40,1,S,1,E
376,212.08,415.60,2,W,5,E
203,232.97,415.90,1,W,5,E
28,160.98,421.74,1,S,5,N
29,163.64,422.04,1,S,5,N
30,164.38,422.34,1,S,5,N
32,166.70,422.64,1,S,5,N
35,169.07,422.94,1,S,5,N
37,170.89,423.24,1,S,5,N
38,178.83,423.54,1,S,5,N
39,179.93,423.84,1,S,5,N
42,184.51,424.14,1,S,5,N
44,187.85,424.44,1,S,5,N
412,231.44,424.74,2,E,5,N
413,255.65,425.04,2,E,5,N
377,214.45,425.34,2,W,5,N
378,242.78,425.64,2,W,5,N
46,219.69,425.94,1,S,5,N
47,220.47,426.24,1,S,5,N
52,225.73,426.54,1,S,5,N
194,170.25,426.84,1,W,5,N
195,179.38,427.14,1,W,5,N
196,202.38,427.44,1,W,5,N
197,202.65,427.74,1,W,5,N
198,204.09,428.04,1,W,5,N
201,209.78,428.34,1,W,5,N
202,230.30,428.64,1,W,5,N
207,264.47,428.94,1,W,5,N
326,201.55,429.24,1,E,5,N
329,235.86,429.54,1,E,5,N
331,255.21,429.84,1,E,5,N
332,260.10,430.14,1,E,5,N
439,314.01,430.37,3,W,5,N
472,335.81,430.67,3,E,5,N
473,343.71,430.97,3,E,5,N
474,383.40,445.17,3,E,5,N
440,388.94,450.71,3,W,5,N
337,400.72,462.91,1,E,3,W
543,383.21,465.74,5,W,5,N
544,385.04,466.04,5,W,5,N
545,393.20,466.34,5,W,5,N
546,394.81,466.64,5,W,5,N
547,396.23,466.94,5,W,5,N
548,396.99,467.24,5,W,5,N
549,398.54,467.54,5,W,5,N
550,399.74,467.84,5,W,5,N
551,401.07,468.14,5,W,5,N
552,428.41,468.44,5,W,5,N
553,431.15,468.74,5,W,5,N
554,432.23,469.04,5,W,5,N
555,433.60,469.34,5,W,5,N
556,435.01,469.64,5,W,5,N
557,445.64,469.94,5,W,5,N
558,452.55,470.24,5,W,5,N
559,453.82,470.54,5,W,5,N
560,464.67,470.81,5,W,5,N
561,470.80,476.94,5,W,5,N
562,471.96,478.10,5,W,5,N
651,448.06,479.74,5,E,5,N
652,449.74,480.04,5,E,5,N
653,465.40,480.34,5,E,5,N
654,467.34,480.64,5,E,5,N
655,485.60,491.74,5,E,5,N
81,401.57,499.00,1,S,3,W
656,492.93,499.07,5,E,5,N
334,300.15,499.50,1,E,5,W
471,299.41,499.80,3,E,5,W
57,297.63,500.10,1,S,5,W
381,369.85,500.40,2,W,5,W
231,414.78,500.50,1,W,2,W
221,373.48,500.50,1,W,2,E
65,308.27,500.70,1,S,5,W
67,311.24,501.00,1,S,5,W
68,311.60,501.30,1,S,5,W
210,281.67,501.60,1,W,5,W
336,370.87,501.90,1,E,5,W
90,480.55,502.00,1,S,1,W
97,488.10,502.24,1,S,1,W
100,494.74,508.88,1,S,1,W
217,330.84,515.50,1,W,5,E
219,358.23,515.80,1,W,5,E
55,294.44,521.64,1,S,5,N
60,301.97,521.94,1,S,5,N
379,330.75,522.24,2,W,5,N
415,305.26,522.54,2,E,5,N
380,356.23,522.84,2,W,5,N
416,351.86,523.14,2,E,5,N
417,376.07,523.44,2,E,5,N
382,377.24,523.74,2,W,5,N
383,397.79,524.04,2,W,5,N
63,305.78,524.34,1,S,5,N
208,271.45,524.64,1,W,5,N
209,280.40,524.94,1,W,5,N
211,302.51,525.24,1,W,5,N
212,304.00,525.54,1,W,5,N
213,310.70,525.84,1,W,5,N
214,327.63,526.14,1,W,5,N
215,327.98,526.44,1,W,5,N
216,329.80,526.74,1,W,5,N
218,356.29,527.04,1,W,5,N
220,359.76,527.34,1,W,5,N
335,361.38,527.64,1,E,5,N
476,465.66,530.47,3,E,5,N
477,477.03,538.80,3,E,5,N
235,442.02,540.47,1,W,3,W
89,479.53,542.72,1,S,2,W
563,473.67,565.64,5,W,5,N
564,487.25,565.94,5,W,5,N
565,487.76,566.24,5,W,5,N
566,492.79,566.54,5,W,5,N
567,493.96,566.84,5,W,5,N
568,496.66,567.14,5,W,5,N
569,499.11,567.44,5,W,5,N
570,503.70,567.74,5,W,5,N
571,518.04,568.04,5,W,5,N
572,518.58,568.34,5,W,5,N
573,553.64,568.64,5,W,5,N
574,554.41,568.94,5,W,5,N
575,555.54,569.24,5,W,5,N
576,555.60,569.54,5,W,5,N
577,557.36,569.84,5,W,5,N
657,500.28,579.64,5,E,5,N
658,501.40,579.94,5,E,5,N
659,502.68,580.24,5,E,5,N
660,521.11,580.54,5,E,5,N
661,521.94,580.84,5,E,5,N
662,590.58,596.72,5,E,5,N
441,444.70,599.40,3,W,5,W
475,433.63,599.70,3,E,5,W
478,483.30,600.00,3,E,5,W
74,357.71,600.30,1,S,5,W
385,462.21,600.60,2,W,5,W
223,375.15,600.90,1,W,5,W
230,411.23,601.20,1,W,5,W
232,423.88,601.50,1,W,5,W
234,440.47,601.80,1,W,5,W
663,595.91,602.05,5,E,5,N
236,450.40,602.10,1,W,5,W
341,480.96,602.40,1,E,5,W
101,533.67,602.40,1,S,1,W
664,596.29,602.42,5,E,5,N
104,536.02,602.70,1,S,1,W
106,538.92,603.00,1,S,1,W
108,541.39,603.30,1,S,1,W
111,544.09,603.60,1,S,1,W
113,577.71,603.90,1,S,1,W
343,486.71,604.54,1,E,5,W
384,434.44,615.40,2,W,5,E
479,497.75,621.54,3,E,5,N
72,355.14,621.84,1,S,5,N
73,355.82,622.14,1,S,5,N
76,362.77,622.44,1,S,5,N
77,362.78,622.74,1,S,5,N
78,364.09,623.04,1,S,5,N
79,365.91,623.34,1,S,5,N
80,399.66,623.64,1,S,5,N
418,402.11,623.94,2,E,5,N
419,443.08,624.24,2,E,5,N
482,554.51,624.43,3,E,5,E
420,453.11,624.54,2,E,5,N
421,499.95,624.84,2,E,5,N
82,436.24,625.14,1,S,5,N
222,374.52,625.44,1,W,5,N
224,376.38,625.74,1,W,5,N
225,377.45,626.04,1,W,5,N
226,394.40,626.34,1,W,5,N
227,396.18,626.64,1,W,5,N
228,403.79,626.94,1,W,5,N
229,409.46,627.24,1,W,5,N
233,425.22,627.54,1,W,5,N
338,427.47,627.84,1,E,5,N
339,472.39,628.14,1,E,5,N
340,475.26,628.44,1,E,5,N
342,484.41,628.74,1,E,5,N
344,488.71,629.04,1,E,5,N
345,498.93,629.34,1,E,5,N
442,506.83,629.97,3,W,5,N
480,499.68,630.27,3,E,5,N
443,530.95,630.57,3,W,5,N
481,538.70,630.87,3,E,5,N
444,532.84,631.17,3,W,5,N
483,568.49,631.47,3,E,5,N
445,533.97,631.77,3,W,5,N
446,561.77,632.07,3,W,5,N
447,562.32,632.37,3,W,5,N
448,577.16,638.93,3,W,5,N
246,531.94,640.27,1,W,3,E
449,579.52,641.29,3,W,5,N
109,542.44,641.62,1,S,2,E
350,549.53,642.07,1,E,3,W
450,596.10,657.87,3,W,5,N
578,574.22,665.54,5,W,5,N
579,576.27,665.84,5,W,5,N
580,579.25,666.14,5,W,5,N
581,593.87,666.44,5,W,5,N
582,595.68,666.74,5,W,5,N
583,597.99,667.04,5,W,5,N
584,599.71,667.34,5,W,5,N
585,607.00,667.64,5,W,5,N
586,608.77,667.94,5,W,5,N
587,622.58,668.24,5,W,5,N
588,625.40,668.54,5,W,5,N
589,632.78,668.84,5,W,5,N
590,634.04,669.14,5,W,5,N
591,634.12,669.44,5,W,5,N
592,644.60,669.74,5,W,5,N
593,651.87,670.04,5,W,5,N
594,652.03,670.34,5,W,5,N
595,653.78,670.64,5,W,5,N
596,655.00,670.94,5,W,5,N
597,667.76,673.90,5,W,5,N
598,668.30,674.44,5,W,5,N
599,668.35,674.49,5,W,5,N
600,672.38,678.52,5,W,5,N
665,601.60,679.54,5,E,5,N
666,668.27,679.84,5,E,5,N
484,581.02,699.30,3,E,5,W
485,582.22,699.60,3,E,5,W
86,475.74,699.90,1,S,5,W
98,493.15,700.20,1,S,5,W
386,544.83,700.50,2,W,5,W
360,671.55,700.70,1,E,2,E
103,535.34,700.80,1,S,5,W
237,469.84,701.10,1,W,5,W
240,498.47,701.40,1,W,5,W
243,507.62,701.70,1,W,5,W
245,530.10,702.00,1,W,5,W
247,551.88,702.30,1,W,5,W
347,507.77,702.60,1,E,5,W
351,549.79,702.90,1,E,5,W
391,604.13,712.87,2,W,3,W
389,582.84,715.30,2,W,5,E
105,537.43,715.60,1,S,5,E
346,501.68,721.44,1,E,5,N
83,469.27,721.74,1,S,5,N
84,474.35,722.04,1,S,5,N
85,475.62,722.34,1,S,5,N
87,477.10,722.64,1,S,5,N
88,477.69,722.94,1,S,5,N
91,481.48,723.24,1,S,5,N
92,481.62,723.54,1,S,5,N
93,483.30,723.84,1,S,5,N
94,483.88,724.14,1,S,5,N
95,486.08,724.44,1,S,5,N
96,488.03,724.74,1,S,5,N
99,493.23,725.04,1,S,5,N
422,543.48,725.34,2,E,5,N
387,557.36,725.64,2,W,5,N
388,570.55,725.94,2,W,5,N
390,583.73,726.24,2,W,5,N
423,593.36,726.54,2,E,5,N
102,534.00,726.84,1,S,5,N
238,490.74,727.14,1,W,5,N
239,497.33,727.44,1,W,5,N
241,499.66,727.74,1,W,5,N
242,500.79,728.04,1,W,5,N
244,529.02,728.34,1,W,5,N
248,566.64,728.64,1,W,5,N
348,513.14,728.94,1,E,5,N
349,547.43,729.24,1,E,5,N
352,555.45,729.54,1,E,5,N
353,558.38,729.84,1,E,5,N
354,563.53,730.14,1,E,5,N
355,583.75,730.44,1,E,5,N
486,613.31,730.74,3,E,5,N
487,614.48,731.04,3,E,5,N
489,633.49,731.34,3,E,5,N
490,635.43,731.64,3,E,5,N
262,621.44,741.87,1,W,3,W
357,609.78,746.07,1,E,3,E
491,686.72,748.49,3,E,5,N
601,674.14,765.44,5,W,5,N
602,706.88,765.74,5,W,5,N
603,709.32,766.04,5,W,5,N
604,725.63,766.34,5,W,5,N
605,732.24,766.64,5,W,5,N
606,734.38,766.94,5,W,5,N
607,736.90,767.24,5,W,5,N
608,738.56,767.54,5,W,5,N
609,740.54,767.84,5,W,5,N
610,747.83,768.14,5,W,5,N
611,755.45,768.44,5,W,5,N
612,762.60,768.73,5,W,5,N
613,763.64,769.78,5,W,5,N
614,763.86,769.99,5,W,5,N
615,765.69,771.82,5,W,5,N
616,767.27,773.41,5,W,5,N
617,769.08,775.21,5,W,5,N
618,770.54,776.67,5,W,5,N
667,713.60,779.44,5,E,5,N
668,783.42,789.56,5,E,5,N
669,784.75,790.89,5,E,5,N
451,624.16,799.20,3,W,5,W
488,616.21,799.50,3,E,5,W
356,601.39,799.80,1,E,5,W
110,542.69,800.10,1,S,5,W
670,794.09,800.22,5,E,5,N
112,545.01,800.40,1,S,5,W
114,578.88,800.70,1,S,5,W
116,581.90,801.00,1,S,5,W
118,584.05,801.30,1,S,5,W
425,684.82,801.60,2,E,5,W
397,691.99,801.90,2,W,5,W
671,795.79,801.92,5,E,5,N
122,634.95,802.20,1,S,5,W
123,635.82,802.50,1,S,5,W
252,574.42,802.80,1,W,5,W
254,580.04,803.10,1,W,5,W
142,779.95,803.20,1,S,1,W
258,604.90,803.40,1,W,5,W
264,633.17,803.70,1,W,5,W
266,643.89,804.00,1,W,5,W
271,650.00,804.30,1,W,5,W
272,651.49,804.60,1,W,5,W
359,668.94,804.90,1,E,5,W
672,799.04,805.17,5,E,5,N
364,781.95,808.06,1,E,2,W
255,598.42,815.20,1,W,5,E
452,698.56,821.34,3,W,5,N
107,540.85,821.64,1,S,5,N
115,580.44,821.94,1,S,5,N
117,582.98,822.24,1,S,5,N
119,584.60,822.54,1,S,5,N
120,586.38,822.84,1,S,5,N
121,588.23,823.14,1,S,5,N
453,700.00,823.43,3,W,5,E
424,639.53,823.44,2,E,5,N
454,709.05,823.73,3,W,5,E
392,616.67,823.74,2,W,5,N
455,763.71,824.03,3,W,5,E
393,624.24,824.04,2,W,5,N
394,633.01,824.34,2,W,5,N
395,645.61,824.64,2,W,5,N
396,681.63,824.94,2,W,5,N
124,638.89,825.24,1,S,5,N
125,639.02,825.54,1,S,5,N
249,567.63,825.84,1,W,5,N
250,569.48,826.14,1,W,5,N
251,572.76,826.44,1,W,5,N
253,576.86,826.74,1,W,5,N
256,601.51,827.04,1,W,5,N
257,604.77,827.34,1,W,5,N
259,608.17,827.64,1,W,5,N
260,617.74,827.94,1,W,5,N
261,619.27,828.24,1,W,5,N
263,631.24,828.54,1,W,5,N
265,634.63,828.84,1,W,5,N
267,644.93,829.14,1,W,5,N
268,645.36,829.44,1,W,5,N
269,647.22,829.74,1,W,5,N
270,648.67,830.04,1,W,5,N
273,655.46,830.34,1,W,5,N
274,656.46,830.64,1,W,5,N
275,657.80,830.94,1,W,5,N
358,614.07,831.24,1,E,5,N
492,730.46,831.54,3,E,5,N
281,733.33,838.37,1,W,3,W
282,735.05,838.67,1,W,3,W
143,781.90,843.02,1,S,2,E
493,785.73,847.50,3,E,5,N
619,806.95,865.34,5,W,5,N
620,814.31,865.64,5,W,5,N
621,815.82,865.94,5,W,5,N
622,828.85,866.24,5,W,5,N
623,829.96,866.54,5,W,5,N
624,836.09,866.84,5,W,5,N
625,837.72,867.14,5,W,5,N
626,838.64,867.44,5,W,5,N
627,856.38,867.74,5,W,5,N
628,870.48,876.61,5,W,5,N
629,871.22,877.35,5,W,5,N
673,810.83,879.34,5,E,5,N
674,811.41,879.64,5,E,5,N
675,882.79,888.92,5,E,5,N
676,884.53,890.67,5,E,5,N
494,793.27,899.10,3,E,5,W
127,641.75,899.40,1,S,5,W
129,643.68,899.70,1,S,5,W
133,686.67,900.00,1,S,5,W
137,690.51,900.30,1,S,5,W
427,773.14,900.60,2,E,5,W
399,799.71,900.90,2,W,5,W
276,676.87,901.20,1,W,5,W
277,696.03,901.50,1,W,5,W
361,704.97,901.80,1,E,5,W
145,815.25,903.60,1,S,1,W
154,858.81,903.90,1,S,1,W
155,860.41,904.20,1,S,1,W
156,863.22,904.50,1,S,1,W
157,864.91,904.80,1,S,1,W
161,871.76,905.10,1,S,1,W
164,873.48,905.40,1,S,1,W
166,876.07,905.70,1,S,1,W
168,883.35,906.00,1,S,1,W
366,792.03,909.85,1,E,5,W
403,832.48,913.97,2,W,3,W
131,647.51,915.10,1,S,5,E
136,689.04,915.40,1,S,5,E
284,765.39,915.70,1,W,5,E
430,879.80,915.87,2,E,3,W
153,855.72,916.40,1,S,1,E
165,875.25,916.70,1,S,1,E
172,890.65,917.00,1,S,1,E
126,640.72,921.24,1,S,5,N
128,642.86,921.54,1,S,5,N
130,645.52,921.84,1,S,5,N
132,649.20,922.14,1,S,5,N
134,686.81,922.44,1,S,5,N
135,688.30,922.74,1,S,5,N
138,691.59,923.04,1,S,5,N
426,724.91,923.34,2,E,5,N
398,713.23,923.64,2,W,5,N
428,785.13,923.94,2,E,5,N
278,711.96,924.24,1,W,5,N
279,713.61,924.54,1,W,5,N
280,716.72,924.84,1,W,5,N
283,755.74,925.14,1,W,5,N
285,767.35,925.44,1,W,5,N
362,709.13,925.74,1,E,5,N
363,743.76,926.04,1,E,5,N
365,791.01,926.34,1,E,5,N
456,833.03,929.37,3,W,5,N
457,843.65,929.67,3,W,5,N
497,819.39,929.97,3,E,5,N
289,787.08,939.97,1,W,3,W
294,825.70,941.47,1,W,3,E
171,890.18,944.92,1,S,2,W
630,873.93,965.24,5,W,5,N
631,875.90,965.54,5,W,5,N
632,877.29,965.84,5,W,5,N
633,879.69,966.14,5,W,5,N
634,882.67,966.44,5,W,5,N
635,897.71,966.74,5,W,5,N
636,899.34,967.04,5,W,5,N
167,877.51,998.00,1,S,3,E
495,803.25,999.00,3,E,5,W
496,809.94,999.30,3,E,5,W
498,820.65,999.60,3,E,5,W
499,864.51,999.90,3,E,5,W
401,813.89,1000.20,2,W,5,W
402,824.89,1000.50,2,W,5,W
405,884.28,1000.80,2,W,5,W
151,821.64,1001.10,1,S,5,W
286,783.19,1001.40,1,W,5,W
290,792.25,1001.70,1,W,5,W
291,801.56,1002.00,1,W,5,W
298,847.82,1002.30,1,W,5,W
369,840.51,1002.60,1,E,5,W
144,782.67,1015.00,1,S,5,E
146,815.99,1015.30,1,S,5,E
368,839.28,1015.60,1,E,5,E
139,740.05,1021.14,1,S,5,N
140,742.89,1021.44,1,S,5,N
141,744.13,1021.74,1,S,5,N
400,803.10,1022.04,2,W,5,N
429,834.93,1022.34,2,E,5,N
404,846.29,1022.64,2,W,5,N
147,816.47,1022.94,1,S,5,N
148,816.76,1023.24,1,S,5,N
149,818.51,1023.54,1,S,5,N
150,819.03,1023.84,1,S,5,N
152,823.07,1024.14,1,S,5,N
287,784.98,1024.44,1,W,5,N
288,785.55,1024.74,1,W,5,N
292,803.53,1025.04,1,W,5,N
293,820.23,1025.34,1,W,5,N
295,842.14,1025.64,1,W,5,N
296,843.75,1025.94,1,W,5,N
297,844.29,1026.24,1,W,5,N
299,851.81,1026.54,1,W,5,N
300,853.98,1026.84,1,W,5,N
301,863.59,1027.14,1,W,5,N
367,830.59,1027.44,1,E,5,N
370,843.61,1027.74,1,E,5,N
371,884.96,1028.04,1,E,5,N
162,872.38,1098.90,1,S,5,W
169,889.12,1099.20,1,S,5,W
170,889.94,1099.50,1,S,5,W
306,898.02,1099.80,1,W,5,W
159,867.14,1114.90,1,S,5,E
304,887.04,1115.20,1,W,5,E
158,865.91,1121.04,1,S,5,N
160,869.06,1121.34,1,S,5,N
163,873.22,1121.64,1,S,5,N
302,877.19,1121.94,1,W,5,N
303,885.13,1122.24,1,W,5,N
305,888.79,1122.54,1,W,5,N