id,enter_time,exit_time,entrance_intersection,entrance_direction,exit_intersection,exit_direction
492,1.58,66.14,5,W,5,N
493,4.29,66.44,5,W,5,N
494,4.58,66.74,5,W,5,N
495,19.84,67.04,5,W,5,N
496,21.72,67.34,5,W,5,N
497,28.68,67.64,5,W,5,N
498,48.51,67.94,5,W,5,N
499,49.93,68.24,5,W,5,N
500,50.76,68.54,5,W,5,N
501,51.65,68.84,5,W,5,N
502,52.99,69.14,5,W,5,N
503,54.94,69.44,5,W,5,N
623,3.85,80.14,5,E,5,N
624,20.15,80.44,5,E,5,N
625,60.51,80.74,5,E,5,N
626,61.89,81.04,5,E,5,N
627,85.37,91.50,5,E,5,N
628,91.07,97.20,5,E,5,N
5,4.41,99.80,1,S,3,W
0,1.70,100.40,1,S,1,W
9,8.52,100.70,1,S,1,W
453,43.54,131.27,3,E,5,N
430,57.71,131.57,3,W,5,N
8,7.29,136.77,1,S,3,E
15,51.16,139.92,1,S,2,W
305,1.30,140.37,1,E,3,W
454,94.83,156.60,3,E,5,N
504,74.05,166.04,5,W,5,N
505,99.42,166.34,5,W,5,N
506,101.26,166.64,5,W,5,N
507,102.65,166.94,5,W,5,N
508,118.48,167.24,5,W,5,N
509,119.58,167.54,5,W,5,N
510,121.25,167.84,5,W,5,N
511,123.34,168.14,5,W,5,N
512,132.46,168.44,5,W,5,N
513,138.85,168.74,5,W,5,N
514,148.90,169.04,5,W,5,N
515,162.46,169.34,5,W,5,N
629,161.79,180.04,5,E,5,N
18,54.53,199.60,1,S,3,E
452,33.53,199.80,3,E,5,W
429,53.66,200.10,3,W,5,W
27,122.38,200.20,1,S,2,E
196,116.89,200.20,1,W,2,W
455,96.00,200.40,3,E,5,W
402,47.64,200.70,2,E,5,W
26,120.43,200.80,1,S,1,W
368,74.18,201.00,2,W,5,W
30,126.47,201.10,1,S,1,W
6,5.19,201.30,1,S,5,W
33,130.80,201.40,1,S,1,W
7,6.15,201.60,1,S,5,W
40,170.71,201.70,1,S,1,W
12,11.14,201.90,1,S,5,W
37,166.63,213.60,1,S,1,E
187,5.14,215.80,1,W,5,E
189,23.35,216.10,1,W,5,E
191,30.10,216.40,1,W,5,E
308,52.63,216.70,1,E,5,E
1,3.07,221.94,1,S,5,N
2,3.39,222.24,1,S,5,N
3,3.69,222.54,1,S,5,N
4,3.81,222.84,1,S,5,N
366,11.55,223.14,2,W,5,N
365,10.44,223.44,2,W,5,N
367,41.71,223.74,2,W,5,N
403,85.61,224.04,2,E,5,N
10,8.98,224.34,1,S,5,N
11,10.97,224.64,1,S,5,N
186,1.81,224.94,1,W,5,N
188,12.73,225.24,1,W,5,N
190,28.84,225.54,1,W,5,N
192,50.73,225.84,1,W,5,N
304,0.27,226.14,1,E,5,N
306,31.02,226.44,1,E,5,N
307,33.77,226.74,1,E,5,N
309,66.77,227.04,1,E,5,N
310,99.53,227.34,1,E,5,N
456,104.27,230.77,3,E,5,N
457,111.12,231.07,3,E,5,N
432,120.46,231.37,3,W,5,N
458,113.11,231.67,3,E,5,N
433,122.23,231.97,3,W,5,N
460,116.18,232.27,3,E,5,N
434,179.44,241.21,3,W,5,N
314,138.99,241.67,1,E,3,W
317,161.03,242.57,1,E,3,E
516,198.07,265.94,5,W,5,N
517,200.04,266.24,5,W,5,N
518,202.41,266.54,5,W,5,N
519,204.29,266.84,5,W,5,N
520,205.41,267.14,5,W,5,N
521,207.79,267.44,5,W,5,N
522,208.59,267.74,5,W,5,N
523,209.75,268.04,5,W,5,N
524,211.49,268.34,5,W,5,N
525,213.17,268.64,5,W,5,N
526,220.26,268.94,5,W,5,N
527,220.75,269.24,5,W,5,N
528,221.82,269.54,5,W,5,N
529,223.05,269.84,5,W,5,N
530,236.83,270.14,5,W,5,N
531,253.52,270.44,5,W,5,N
532,254.80,270.74,5,W,5,N
533,256.50,271.04,5,W,5,N
534,269.22,275.35,5,W,5,N
535,270.29,276.42,5,W,5,N
536,271.60,277.74,5,W,5,N
537,273.11,279.24,5,W,5,N
630,205.39,279.94,5,E,5,N
631,257.39,280.24,5,E,5,N
632,263.17,280.54,5,E,5,N
633,263.84,280.84,5,E,5,N
634,285.99,292.12,5,E,5,N
431,119.94,299.70,3,W,5,W
459,114.86,300.00,3,E,5,W
209,205.13,300.30,1,W,2,E
202,174.89,300.30,1,W,2,W
461,176.06,300.30,3,E,5,W
320,204.98,300.60,1,E,2,W
13,49.48,300.60,1,S,5,W
19,55.65,300.90,1,S,5,W
44,221.47,301.20,1,S,1,W
20,57.12,301.20,1,S,5,W
51,272.73,301.50,1,S,1,W
21,87.39,301.50,1,S,5,W
22,88.50,301.80,1,S,5,W
369,102.28,302.10,2,W,5,W
404,103.97,302.40,2,E,5,W
193,70.22,302.70,1,W,5,W
199,144.25,303.00,1,W,5,W
200,163.81,303.30,1,W,5,W
311,103.84,303.60,1,E,5,W
312,111.55,303.90,1,E,5,W
313,121.94,304.20,1,E,5,W
315,142.08,304.50,1,E,5,W
316,152.91,304.80,1,E,5,W
318,161.72,305.10,1,E,5,W
319,166.73,305.40,1,E,5,W
374,237.17,313.07,2,W,3,W
16,52.60,315.70,1,S,5,E
405,152.42,316.00,2,E,5,E
35,133.49,316.30,1,S,5,E
197,133.53,316.60,1,W,5,E
14,50.16,321.84,1,S,5,N
17,54.19,322.14,1,S,5,N
23,89.69,322.44,1,S,5,N
370,180.23,322.74,2,W,5,N
406,181.18,323.04,2,E,5,N
371,191.36,323.34,2,W,5,N
407,197.59,323.64,2,E,5,N
24,117.13,323.94,1,S,5,N
25,118.59,324.24,1,S,5,N
28,123.55,324.54,1,S,5,N
29,124.95,324.84,1,S,5,N
31,128.24,325.14,1,S,5,N
32,128.69,325.44,1,S,5,N
34,132.10,325.74,1,S,5,N
194,95.25,326.04,1,W,5,N
195,111.56,326.34,1,W,5,N
198,135.21,326.64,1,W,5,N
463,261.76,330.87,3,E,5,N
436,247.24,331.17,3,W,5,N
466,269.85,331.62,3,E,5,N
50,271.33,341.02,1,S,2,W
467,285.82,347.59,3,E,5,N
538,274.77,365.84,5,W,5,N
539,276.57,366.14,5,W,5,N
540,277.69,366.44,5,W,5,N
541,279.22,366.74,5,W,5,N
542,289.91,367.04,5,W,5,N
543,290.61,367.34,5,W,5,N
544,292.95,367.64,5,W,5,N
545,302.97,367.94,5,W,5,N
546,328.96,368.24,5,W,5,N
547,336.49,368.54,5,W,5,N
548,346.13,368.84,5,W,5,N
549,346.94,369.14,5,W,5,N
550,347.08,369.44,5,W,5,N
551,349.08,369.74,5,W,5,N
552,352.12,370.04,5,W,5,N
553,353.48,370.34,5,W,5,N
554,357.06,370.64,5,W,5,N
555,364.36,370.94,5,W,5,N
556,367.10,373.24,5,W,5,N
557,368.43,374.56,5,W,5,N
635,327.17,379.84,5,E,5,N
636,381.08,387.21,5,E,5,N
54,275.73,399.20,1,S,3,W
462,231.66,399.60,3,E,5,W
435,246.99,399.90,3,W,5,W
464,262.83,400.20,3,E,5,W
229,328.36,400.40,1,W,2,W
465,264.25,400.50,3,E,5,W
328,332.37,400.70,1,E,2,W
36,164.53,400.80,1,S,5,W
39,168.88,401.10,1,S,5,W
41,170.74,401.40,1,S,5,W
57,325.12,401.60,1,S,1,W
42,173.27,401.70,1,S,5,W
63,331.32,401.90,1,S,1,W
409,268.64,402.00,2,E,5,W
375,252.13,402.30,2,W,5,W
410,284.97,402.60,2,E,5,W
206,198.47,402.90,1,W,5,W
212,227.66,403.20,1,W,5,W
218,265.41,403.50,1,W,5,W
321,260.67,403.80,1,E,5,W
412,371.17,412.87,2,E,3,E
381,363.53,413.47,2,W,3,W
376,266.64,415.60,2,W,5,E
210,207.14,415.90,1,W,5,E
211,226.47,416.20,1,W,5,E
325,301.05,418.87,1,E,5,E
38,167.14,421.74,1,S,5,N
408,238.99,422.04,2,E,5,N
372,205.31,422.34,2,W,5,N
373,214.69,422.64,2,W,5,N
377,269.65,422.94,2,W,5,N
43,221.33,423.24,1,S,5,N
45,222.67,423.54,1,S,5,N
46,222.80,423.84,1,S,5,N
201,173.47,424.14,1,W,5,N
203,194.81,424.44,1,W,5,N
332,398.46,424.58,1,E,2,W
204,195.66,424.74,1,W,5,N
205,197.17,425.04,1,W,5,N
207,201.81,425.34,1,W,5,N
208,203.26,425.64,1,W,5,N
213,237.34,425.94,1,W,5,N
214,238.01,426.24,1,W,5,N
215,245.80,426.54,1,W,5,N
216,247.34,426.84,1,W,5,N
217,263.58,427.14,1,W,5,N
322,261.81,427.44,1,E,5,N
323,289.24,427.74,1,E,5,N
324,299.93,428.04,1,E,5,N
468,304.17,430.37,3,E,5,N
470,321.02,430.97,3,E,5,N
471,322.26,431.27,3,E,5,N
438,373.38,435.15,3,W,5,N
472,380.42,436.06,3,E,5,E
58,325.62,437.07,1,S,3,W
59,326.82,437.37,1,S,3,W
62,330.97,438.27,1,S,3,E
222,285.51,439.47,1,W,3,E
558,401.52,465.74,5,W,5,N
559,410.17,466.04,5,W,5,N
560,416.77,466.34,5,W,5,N
561,424.29,466.64,5,W,5,N
562,424.87,466.94,5,W,5,N
563,427.08,467.24,5,W,5,N
564,429.21,467.54,5,W,5,N
565,438.69,467.84,5,W,5,N
566,446.39,468.14,5,W,5,N
567,447.91,468.44,5,W,5,N
568,464.39,470.53,5,W,5,N
569,466.63,472.76,5,W,5,N
637,446.39,479.74,5,E,5,N
70,379.22,499.00,1,S,3,E
437,301.26,499.50,3,W,5,W
469,306.00,499.80,3,E,5,W
473,396.69,500.10,3,E,5,W
47,262.55,500.40,1,S,5,W
80,438.06,500.50,1,S,2,E
78,436.55,500.50,1,S,2,W
52,273.64,500.70,1,S,5,W
247,453.01,500.80,1,W,2,E
235,379.50,500.80,1,W,2,W
411,326.33,501.00,2,E,5,W
378,309.40,501.30,2,W,5,W
56,324.29,501.60,1,S,5,W
220,281.43,501.90,1,W,5,W
77,434.73,502.00,1,S,1,W
224,287.54,502.20,1,W,5,W
82,440.60,502.30,1,S,1,W
226,311.17,502.50,1,W,5,W
86,444.70,502.60,1,S,1,W
232,338.14,502.80,1,W,5,W
88,450.38,502.90,1,S,1,W
90,452.13,503.20,1,S,1,W
93,456.64,503.50,1,S,1,W
95,457.12,503.80,1,S,1,W
98,461.43,504.10,1,S,1,W
100,466.47,504.40,1,S,1,W
101,466.66,504.70,1,S,1,W
104,470.60,505.00,1,S,1,W
105,497.38,511.52,1,S,1,W
97,459.61,514.80,1,S,1,E
102,468.61,515.10,1,S,1,E
223,286.81,515.50,1,W,5,E
48,262.86,521.64,1,S,5,N
49,268.81,521.94,1,S,5,N
53,274.53,522.24,1,S,5,N
379,330.99,522.54,2,W,5,N
380,363.17,522.84,2,W,5,N
55,322.48,523.14,1,S,5,N
60,327.94,523.44,1,S,5,N
61,329.79,523.74,1,S,5,N
474,456.04,524.03,3,E,5,E
219,279.50,524.04,1,W,5,N
221,285.36,524.34,1,W,5,N
225,309.81,524.64,1,W,5,N
227,326.69,524.94,1,W,5,N
228,327.33,525.24,1,W,5,N
230,335.16,525.54,1,W,5,N
231,336.55,525.84,1,W,5,N
233,362.32,526.14,1,W,5,N
326,315.47,526.44,1,E,5,N
327,328.97,526.74,1,E,5,N
329,359.72,527.04,1,E,5,N
330,379.37,527.34,1,E,5,N
331,387.84,527.64,1,E,5,N
475,457.86,530.47,3,E,5,N
76,414.63,537.47,1,S,3,W
240,421.28,539.57,1,W,3,E
570,490.93,565.64,5,W,5,N
571,492.02,565.94,5,W,5,N
572,493.13,566.24,5,W,5,N
573,503.74,566.54,5,W,5,N
574,505.86,566.84,5,W,5,N
575,507.74,567.14,5,W,5,N
576,518.67,567.44,5,W,5,N
577,519.16,567.74,5,W,5,N
578,522.16,568.04,5,W,5,N
579,561.57,568.34,5,W,5,N
638,500.28,579.64,5,E,5,N
639,505.85,579.94,5,E,5,N
640,506.59,580.24,5,E,5,N
641,557.64,580.54,5,E,5,N
642,574.14,580.84,5,E,5,N
99,462.14,598.80,1,S,3,E
439,437.34,599.40,3,W,5,W
440,495.56,599.70,3,W,5,W
65,373.66,600.00,1,S,5,W
67,376.03,600.30,1,S,5,W
69,379.15,600.60,1,S,5,W
248,469.40,600.60,1,W,2,W
71,381.11,600.90,1,S,5,W
413,409.96,601.20,2,E,5,W
383,462.70,601.50,2,W,5,W
384,473.01,601.80,2,W,5,W
75,413.63,602.10,1,S,5,W
234,378.12,602.40,1,W,5,W
107,499.79,602.40,1,S,1,W
236,395.75,602.70,1,W,5,W
112,507.42,602.70,1,S,1,W
237,411.51,603.00,1,W,5,W
116,515.29,603.00,1,S,1,W
239,413.65,603.30,1,W,5,W
121,520.48,603.30,1,S,1,W
242,422.50,603.60,1,W,5,W
123,553.99,603.60,1,S,1,W
243,426.00,603.90,1,W,5,W
246,451.94,604.20,1,W,5,W
334,406.40,604.50,1,E,5,W
337,420.40,604.80,1,E,5,W
382,448.99,615.40,2,W,5,E
416,500.32,615.70,2,E,5,E
335,407.40,616.00,1,E,5,E
64,365.87,621.54,1,S,5,N
66,375.40,621.84,1,S,5,N
68,378.03,622.14,1,S,5,N
72,382.15,622.44,1,S,5,N
414,453.10,622.74,2,E,5,N
415,487.69,623.04,2,E,5,N
385,497.27,623.34,2,W,5,N
73,412.25,623.64,1,S,5,N
74,412.94,623.94,1,S,5,N
79,436.65,624.24,1,S,5,N
238,413.28,624.54,1,W,5,N
241,421.91,624.84,1,W,5,N
244,450.48,625.14,1,W,5,N
245,450.75,625.44,1,W,5,N
333,402.63,625.74,1,E,5,N
336,410.24,626.04,1,E,5,N
338,439.64,626.34,1,E,5,N
339,445.04,626.64,1,E,5,N
340,483.42,626.94,1,E,5,N
341,484.50,627.24,1,E,5,N
441,505.52,629.97,3,W,5,N
477,537.25,630.27,3,E,5,N
120,520.04,639.07,1,S,3,E
122,521.28,639.37,1,S,3,W
478,577.87,639.64,3,E,5,N
346,566.88,644.77,1,E,3,W
443,586.77,648.54,3,W,5,N
580,578.79,665.54,5,W,5,N
581,602.55,665.84,5,W,5,N
582,603.41,666.14,5,W,5,N
583,607.40,666.44,5,W,5,N
584,630.90,666.74,5,W,5,N
585,644.57,667.04,5,W,5,N
586,646.34,667.34,5,W,5,N
587,647.11,667.64,5,W,5,N
588,663.54,669.68,5,W,5,N
589,664.84,670.97,5,W,5,N
590,667.56,673.69,5,W,5,N
643,649.09,679.54,5,E,5,N
644,649.80,679.84,5,E,5,N
476,500.75,699.30,3,E,5,W
442,574.51,699.60,3,W,5,W
103,470.11,699.90,1,S,5,W
386,503.27,700.20,2,W,5,W
389,600.19,700.50,2,W,5,W
132,632.86,700.70,1,S,2,W
135,639.23,700.70,1,S,2,E
110,506.04,700.80,1,S,5,W
113,512.40,701.10,1,S,5,W
117,515.96,701.40,1,S,5,W
256,516.41,701.70,1,W,5,W
257,516.88,702.00,1,W,5,W
258,536.56,702.30,1,W,5,W
261,562.37,702.60,1,W,5,W
126,617.11,702.80,1,S,1,W
344,523.15,702.90,1,E,5,W
131,629.47,703.10,1,S,1,W
347,581.02,703.20,1,E,5,W
133,634.54,703.40,1,S,1,W
136,640.07,703.70,1,S,1,W
645,697.78,703.91,5,E,5,N
139,677.32,704.00,1,S,1,W
143,681.71,704.30,1,S,1,W
420,624.08,712.87,2,E,3,W
114,512.46,715.30,1,S,5,E
249,485.86,715.60,1,W,5,E
81,439.77,721.44,1,S,5,N
83,442.32,721.74,1,S,5,N
84,443.52,722.04,1,S,5,N
85,443.81,722.34,1,S,5,N
87,450.38,722.64,1,S,5,N
89,451.22,722.94,1,S,5,N
91,454.94,723.24,1,S,5,N
92,455.02,723.54,1,S,5,N
94,456.78,723.84,1,S,5,N
96,458.49,724.14,1,S,5,N
106,498.32,724.44,1,S,5,N
108,502.74,724.74,1,S,5,N
109,504.26,725.04,1,S,5,N
417,547.54,725.34,2,E,5,N
387,511.13,725.64,2,W,5,N
418,569.76,725.94,2,E,5,N
388,518.51,726.24,2,W,5,N
419,583.23,726.54,2,E,5,N
111,506.16,726.84,1,S,5,N
115,513.98,727.14,1,S,5,N
118,517.71,727.44,1,S,5,N
119,518.78,727.74,1,S,5,N
250,502.83,728.04,1,W,5,N
251,506.63,728.34,1,W,5,N
252,508.58,728.64,1,W,5,N
253,512.19,728.94,1,W,5,N
254,513.53,729.24,1,W,5,N
255,515.38,729.54,1,W,5,N
259,557.04,729.84,1,W,5,N
260,560.79,730.14,1,W,5,N
342,516.50,730.44,1,E,5,N
343,521.21,730.74,1,E,5,N
345,558.78,731.04,1,E,5,N
480,655.05,731.34,3,E,5,N
481,663.88,731.64,3,E,5,N
445,669.84,731.94,3,W,5,N
349,627.97,741.57,1,E,3,W
152,727.57,741.70,1,S,1,E
350,656.07,741.87,1,E,3,E
591,676.49,765.44,5,W,5,N
592,677.78,765.74,5,W,5,N
593,679.60,766.04,5,W,5,N
594,692.73,766.34,5,W,5,N
595,730.81,766.64,5,W,5,N
596,740.15,766.94,5,W,5,N
597,740.24,767.24,5,W,5,N
598,741.11,767.54,5,W,5,N
599,757.87,767.84,5,W,5,N
600,760.15,768.14,5,W,5,N
601,761.84,768.44,5,W,5,N
602,763.27,769.40,5,W,5,N
603,763.40,769.54,5,W,5,N
646,725.14,779.44,5,E,5,N
647,732.57,779.74,5,E,5,N
648,733.41,780.04,5,E,5,N
649,736.27,780.34,5,E,5,N
650,750.58,780.64,5,E,5,N
651,756.16,780.94,5,E,5,N
652,765.93,781.24,5,E,5,N
653,766.45,781.54,5,E,5,N
138,643.58,798.40,1,S,3,W
479,608.94,799.20,3,E,5,W
444,661.02,799.50,3,W,5,W
482,669.16,799.80,3,E,5,W
446,697.78,800.10,3,W,5,W
124,587.21,800.40,1,S,5,W
390,633.19,800.70,2,W,5,W
277,737.44,800.80,1,W,2,W
393,685.28,801.00,2,W,5,W
355,723.58,801.10,1,E,2,W
134,636.61,801.30,1,S,5,W
262,587.61,801.60,1,W,5,W
269,649.67,801.90,1,W,5,W
271,665.71,802.20,1,W,5,W
351,662.49,802.50,1,E,5,W
352,667.52,802.80,1,E,5,W
149,724.32,803.20,1,S,1,W
153,729.02,803.50,1,S,1,W
157,738.03,803.80,1,S,1,W
158,739.45,804.10,1,S,1,W
159,741.24,804.40,1,S,1,W
163,743.85,804.70,1,S,1,W
164,782.47,805.00,1,S,1,W
422,708.89,812.97,2,E,3,E
395,726.47,812.97,2,W,3,W
125,588.57,821.34,1,S,5,N
391,643.35,821.64,2,W,5,N
421,665.55,821.94,2,E,5,N
392,646.04,822.24,2,W,5,N
394,699.16,822.54,2,W,5,N
127,624.74,822.84,1,S,5,N
128,625.83,823.14,1,S,5,N
129,627.09,823.44,1,S,5,N
484,713.43,823.73,3,E,5,E
130,628.76,823.74,1,S,5,N
263,612.04,824.04,1,W,5,N
264,628.35,824.34,1,W,5,N
265,638.64,824.64,1,W,5,N
266,639.33,824.94,1,W,5,N
267,640.48,825.24,1,W,5,N
268,641.73,825.54,1,W,5,N
270,665.68,825.84,1,W,5,N
348,619.20,826.14,1,E,5,N
447,702.61,829.57,3,W,5,N
448,756.50,829.87,3,W,5,N
151,727.04,837.77,1,S,3,W
273,695.34,839.27,1,W,3,W
275,720.10,839.87,1,W,3,E
487,795.73,857.50,3,E,5,N
604,779.21,865.34,5,W,5,N
605,779.61,865.64,5,W,5,N
606,781.43,865.94,5,W,5,N
607,797.28,866.24,5,W,5,N
608,834.08,866.54,5,W,5,N
609,835.87,866.84,5,W,5,N
610,836.21,867.14,5,W,5,N
611,837.65,867.44,5,W,5,N
612,838.32,867.74,5,W,5,N
613,844.63,868.04,5,W,5,N
614,859.06,868.34,5,W,5,N
615,861.80,868.64,5,W,5,N
616,862.09,868.94,5,W,5,N
617,863.31,869.45,5,W,5,N
618,865.35,871.49,5,W,5,N
619,865.64,871.78,5,W,5,N
620,866.45,872.59,5,W,5,N
621,867.51,873.64,5,W,5,N
654,837.36,879.34,5,E,5,N
483,711.71,899.10,3,E,5,W
485,733.40,899.40,3,E,5,W
486,743.88,899.70,3,E,5,W
142,681.16,900.00,1,S,5,W
144,683.07,900.30,1,S,5,W
396,766.09,900.60,2,W,5,W
147,723.13,900.90,1,S,5,W
148,723.76,901.20,1,S,5,W
156,736.55,901.50,1,S,5,W
272,685.76,901.80,1,W,5,W
276,720.54,902.10,1,W,5,W
279,740.13,902.40,1,W,5,W
281,742.38,902.70,1,W,5,W
283,748.19,903.00,1,W,5,W
284,750.04,903.30,1,W,5,W
287,763.56,903.60,1,W,5,W
168,868.15,903.60,1,S,1,W
288,764.29,903.90,1,W,5,W
171,871.54,903.90,1,S,1,W
289,766.30,904.20,1,W,5,W
174,872.40,904.20,1,S,1,W
177,874.75,904.50,1,S,1,W
426,832.82,913.37,2,E,3,E
400,855.01,913.97,2,W,3,E
141,680.02,915.10,1,S,5,E
285,759.68,915.40,1,W,5,E
185,885.28,916.40,1,S,1,E
137,642.14,921.24,1,S,5,N
140,679.32,921.54,1,S,5,N
145,684.71,921.84,1,S,5,N
146,686.06,922.14,1,S,5,N
423,735.67,922.44,2,E,5,N
424,781.32,922.74,2,E,5,N
150,725.57,923.04,1,S,5,N
154,734.54,923.34,1,S,5,N
155,736.27,923.64,1,S,5,N
274,718.55,923.94,1,W,5,N
278,738.69,924.24,1,W,5,N
280,741.39,924.54,1,W,5,N
282,742.50,924.84,1,W,5,N
286,762.14,925.14,1,W,5,N
353,708.64,925.44,1,E,5,N
354,718.31,925.74,1,E,5,N
356,733.02,926.04,1,E,5,N
449,813.08,929.37,3,W,5,N
488,849.03,929.67,3,E,5,N
451,863.53,929.97,3,W,5,N
489,864.87,929.97,3,E,5,N
490,866.15,930.27,3,E,5,N
295,829.46,939.37,1,W,3,E
296,846.23,939.67,1,W,3,E
491,880.62,942.39,3,E,5,N
170,870.07,942.82,1,S,2,W
364,875.42,942.97,1,E,3,W
622,881.89,965.24,5,W,5,N
173,872.18,998.00,1,S,3,W
175,872.73,998.00,1,S,3,E
181,879.88,998.30,1,S,3,E
450,834.78,999.00,3,W,5,W
357,802.84,999.30,1,E,5,W
161,741.95,999.60,1,S,5,W
397,801.56,999.90,2,W,5,W
425,802.52,1000.20,2,E,5,W
399,820.74,1000.50,2,W,5,W
165,814.75,1000.80,1,S,5,W
166,816.48,1001.10,1,S,5,W
167,820.29,1001.40,1,S,5,W
297,847.27,1001.70,1,W,5,W
298,848.90,1002.00,1,W,5,W
299,849.89,1002.30,1,W,5,W
300,863.42,1002.60,1,W,5,W
358,806.16,1002.90,1,E,5,W
359,808.83,1003.20,1,E,5,W
361,857.09,1003.50,1,E,5,W
427,848.29,1015.00,2,E,5,E
360,851.72,1015.30,1,E,5,E
160,741.53,1021.14,1,S,5,N
162,743.21,1021.44,1,S,5,N
398,809.84,1021.74,2,W,5,N
401,865.60,1022.04,2,W,5,N
428,883.80,1022.34,2,E,5,N
290,768.38,1022.64,1,W,5,N
291,784.20,1022.94,1,W,5,N
292,800.80,1023.24,1,W,5,N
293,804.33,1023.54,1,W,5,N
294,826.46,1023.84,1,W,5,N
362,863.06,1024.14,1,E,5,N
363,872.80,1024.44,1,E,5,N
178,876.02,1098.90,1,S,5,W
180,878.66,1099.20,1,S,5,W
182,880.67,1099.50,1,S,5,W
303,899.83,1114.90,1,W,5,E
169,869.56,1121.04,1,S,5,N
172,871.59,1121.34,1,S,5,N
176,872.93,1121.64,1,S,5,N
179,876.75,1121.94,1,S,5,N
183,883.44,1122.24,1,S,5,N
184,885.18,1122.54,1,S,5,N
301,888.80,1122.84,1,W,5,N
302,890.67,1123.14,1,W,5,N