id,enter_time,exit_time,entrance_intersection,entrance_direction,exit_intersection,exit_direction
462,7.36,66.14,5,W,5,N
463,8.89,66.44,5,W,5,N
464,10.12,66.74,5,W,5,N
465,45.96,67.04,5,W,5,N
595,0.41,80.14,5,E,5,N
596,51.79,80.44,5,E,5,N
597,57.04,80.74,5,E,5,N
166,21.05,100.10,1,W,2,W
2,37.71,100.40,1,S,1,W
3,38.05,100.70,1,S,1,W
4,39.04,101.00,1,S,1,W
12,89.27,103.41,1,S,1,W
424,56.78,131.27,3,E,5,N
425,58.10,131.57,3,E,5,N
400,65.35,131.87,3,W,5,N
401,69.63,132.17,3,W,5,N
6,45.13,139.62,1,S,2,W
426,94.79,156.56,3,E,5,N
466,77.87,166.04,5,W,5,N
467,77.91,166.34,5,W,5,N
468,79.22,166.64,5,W,5,N
469,79.33,166.94,5,W,5,N
470,87.81,167.24,5,W,5,N
471,124.25,167.54,5,W,5,N
472,130.20,167.84,5,W,5,N
473,132.06,168.14,5,W,5,N
474,132.26,168.44,5,W,5,N
475,144.44,168.74,5,W,5,N
476,145.46,169.04,5,W,5,N
477,154.01,169.34,5,W,5,N
478,154.79,169.64,5,W,5,N
598,128.12,180.04,5,E,5,N
599,130.11,180.34,5,E,5,N
600,180.67,186.80,5,E,5,N
601,181.85,187.99,5,E,5,N
398,51.22,199.80,3,W,5,W
423,55.77,200.10,3,E,5,W
301,150.94,200.20,1,E,2,W
399,65.29,200.40,3,W,5,W
355,28.32,200.70,2,W,5,W
18,139.88,200.80,1,S,1,W
1,35.69,201.00,1,S,5,W
21,181.69,201.10,1,S,1,W
164,15.63,201.30,1,W,5,W
168,24.05,201.60,1,W,5,W
171,50.88,201.90,1,W,5,W
293,35.91,202.20,1,E,5,W
296,54.75,202.50,1,E,5,W
297,90.28,208.10,1,E,5,W
377,106.25,212.37,2,E,3,E
359,166.23,213.27,2,W,3,E
23,185.99,213.60,1,S,1,E
0,2.72,221.94,1,S,5,N
354,14.64,222.24,2,W,5,N
375,47.08,222.54,2,E,5,N
376,62.95,222.84,2,E,5,N
165,17.09,223.14,1,W,5,N
167,22.07,223.44,1,W,5,N
169,43.89,223.74,1,W,5,N
170,44.80,224.04,1,W,5,N
172,52.27,224.34,1,W,5,N
173,60.41,224.64,1,W,5,N
291,4.43,224.94,1,E,5,N
292,18.89,225.24,1,E,5,N
294,40.77,225.54,1,E,5,N
295,51.52,225.84,1,E,5,N
427,128.95,230.77,3,E,5,N
402,139.78,231.07,3,W,5,N
403,151.78,231.37,3,W,5,N
429,137.20,231.67,3,E,5,N
176,75.03,237.77,1,W,3,E
19,140.81,240.32,1,S,2,W
430,182.55,244.32,3,E,5,N
431,189.82,251.59,3,E,5,N
479,192.38,265.94,5,W,5,N
480,196.62,266.24,5,W,5,N
481,197.95,266.54,5,W,5,N
482,205.28,266.84,5,W,5,N
483,206.42,267.14,5,W,5,N
484,208.30,267.44,5,W,5,N
485,240.97,267.74,5,W,5,N
486,244.95,268.04,5,W,5,N
602,201.32,279.94,5,E,5,N
603,205.82,280.24,5,E,5,N
604,258.85,280.54,5,E,5,N
605,260.55,280.84,5,E,5,N
428,135.55,299.70,3,E,5,W
8,47.25,300.00,1,S,5,W
9,47.70,300.30,1,S,5,W
358,153.95,300.60,2,W,5,W
379,187.16,300.90,2,E,5,W
32,237.38,301.20,1,S,1,W
14,135.55,301.20,1,S,5,W
177,76.05,301.50,1,W,5,W
181,115.29,301.80,1,W,5,W
187,137.09,302.10,1,W,5,W
35,288.03,302.17,1,S,1,W
191,157.16,302.40,1,W,5,W
192,160.21,302.70,1,W,5,W
300,149.23,303.00,1,E,5,W
36,289.56,303.70,1,S,1,W
381,269.06,312.77,2,E,3,W
185,124.84,315.70,1,W,5,E
5,43.79,321.84,1,S,5,N
7,46.92,322.14,1,S,5,N
10,48.74,322.44,1,S,5,N
11,88.27,322.74,1,S,5,N
356,105.59,323.04,2,W,5,N
357,142.25,323.34,2,W,5,N
378,146.51,323.64,2,E,5,N
360,169.55,323.94,2,W,5,N
13,133.94,324.24,1,S,5,N
15,136.52,324.54,1,S,5,N
174,71.46,324.84,1,W,5,N
175,73.12,325.14,1,W,5,N
178,79.42,325.44,1,W,5,N
179,102.71,325.74,1,W,5,N
180,113.97,326.04,1,W,5,N
182,118.91,326.34,1,W,5,N
183,121.92,326.64,1,W,5,N
184,123.13,326.94,1,W,5,N
186,135.69,327.24,1,W,5,N
188,138.34,327.54,1,W,5,N
189,139.65,327.84,1,W,5,N
190,140.91,328.14,1,W,5,N
193,161.43,328.44,1,W,5,N
298,146.33,328.74,1,E,5,N
299,147.87,329.04,1,E,5,N
302,156.97,329.34,1,E,5,N
303,159.76,329.64,1,E,5,N
304,171.01,329.94,1,E,5,N
305,173.08,330.24,1,E,5,N
404,221.06,330.57,3,W,5,N
433,250.19,330.87,3,E,5,N
42,318.22,332.36,1,S,1,E
33,238.49,340.12,1,S,2,W
308,242.05,341.17,1,E,3,W
487,277.73,365.84,5,W,5,N
488,286.44,366.14,5,W,5,N
489,291.88,366.44,5,W,5,N
490,293.15,366.74,5,W,5,N
491,300.99,367.04,5,W,5,N
492,308.10,367.34,5,W,5,N
493,309.46,367.64,5,W,5,N
494,311.37,367.94,5,W,5,N
495,313.00,368.24,5,W,5,N
496,313.78,368.54,5,W,5,N
497,315.04,368.84,5,W,5,N
498,316.97,369.14,5,W,5,N
499,317.58,369.44,5,W,5,N
500,319.91,369.74,5,W,5,N
501,350.78,370.04,5,W,5,N
502,367.51,373.64,5,W,5,N
606,330.74,379.84,5,E,5,N
607,334.06,380.14,5,E,5,N
608,379.74,385.88,5,E,5,N
432,231.66,399.60,3,E,5,W
405,271.99,399.90,3,W,5,W
406,276.61,400.20,3,W,5,W
312,308.20,400.40,1,E,2,W
434,293.18,400.50,3,E,5,W
407,295.69,400.80,3,W,5,W
17,138.47,401.10,1,S,5,W
20,180.58,401.40,1,S,5,W
44,364.94,401.60,1,S,1,W
26,227.16,401.70,1,S,5,W
45,365.08,401.90,1,S,1,W
29,234.79,402.00,1,S,5,W
46,367.55,402.20,1,S,1,W
30,236.49,402.30,1,S,5,W
50,370.40,402.50,1,S,1,W
194,169.25,402.60,1,W,5,W
51,372.25,402.80,1,S,1,W
199,263.91,402.90,1,W,5,W
383,327.52,412.87,2,E,3,E
196,210.24,415.60,1,W,5,E
307,227.84,415.90,1,E,5,E
16,137.67,421.74,1,S,5,N
22,184.33,422.04,1,S,5,N
361,262.37,422.34,2,W,5,N
380,229.15,422.64,2,E,5,N
24,220.24,422.94,1,S,5,N
25,225.32,423.24,1,S,5,N
27,229.94,423.54,1,S,5,N
28,232.99,423.84,1,S,5,N
31,237.22,424.14,1,S,5,N
195,185.54,424.44,1,W,5,N
197,234.63,424.74,1,W,5,N
198,241.10,425.04,1,W,5,N
306,221.40,425.34,1,E,5,N
309,257.04,425.64,1,E,5,N
310,267.76,425.94,1,E,5,N
435,347.61,430.37,3,E,5,N
436,355.25,430.67,3,E,5,N
207,320.70,439.77,1,W,3,E
210,347.57,440.67,1,W,3,W
313,309.97,441.27,1,E,3,W
503,378.32,465.74,5,W,5,N
504,381.01,466.04,5,W,5,N
505,382.03,466.34,5,W,5,N
506,388.65,466.64,5,W,5,N
507,391.17,466.94,5,W,5,N
508,399.63,467.24,5,W,5,N
509,428.30,467.54,5,W,5,N
510,430.16,467.84,5,W,5,N
511,431.99,468.14,5,W,5,N
512,433.64,468.44,5,W,5,N
513,436.37,468.74,5,W,5,N
514,437.54,469.04,5,W,5,N
515,444.43,469.34,5,W,5,N
516,446.28,469.64,5,W,5,N
517,447.66,469.94,5,W,5,N
518,455.07,470.24,5,W,5,N
519,455.53,470.54,5,W,5,N
520,457.09,470.84,5,W,5,N
609,431.51,479.74,5,E,5,N
610,473.79,479.93,5,E,5,N
611,489.85,495.99,5,E,5,N
311,298.78,499.50,1,E,5,W
408,347.47,499.80,3,W,5,W
437,356.35,500.10,3,E,5,W
438,397.52,500.40,3,E,5,W
220,394.82,500.50,1,W,2,W
409,397.97,500.70,3,W,5,W
39,312.74,501.00,1,S,5,W
40,316.37,501.30,1,S,5,W
205,300.27,501.60,1,W,5,W
209,345.69,501.90,1,W,5,W
56,398.87,502.00,1,S,1,W
314,314.12,502.20,1,E,5,W
67,463.12,502.30,1,S,1,W
315,329.64,502.50,1,E,5,W
316,332.11,502.80,1,E,5,W
317,333.13,503.10,1,E,5,W
366,459.97,512.67,2,W,3,E
37,289.96,515.50,1,S,5,E
362,300.86,515.80,2,W,5,E
364,346.62,516.10,2,W,5,E
319,381.20,516.40,1,E,5,E
34,240.05,521.64,1,S,5,N
38,290.95,521.94,1,S,5,N
382,312.87,522.24,2,E,5,N
363,338.77,522.54,2,W,5,N
384,370.98,522.84,2,E,5,N
365,367.05,523.14,2,W,5,N
41,317.97,523.44,1,S,5,N
43,318.46,523.74,1,S,5,N
200,273.36,524.04,1,W,5,N
201,273.75,524.34,1,W,5,N
202,283.69,524.64,1,W,5,N
203,297.34,524.94,1,W,5,N
204,299.27,525.24,1,W,5,N
206,301.68,525.54,1,W,5,N
208,336.55,525.84,1,W,5,N
211,351.40,526.14,1,W,5,N
318,338.73,526.44,1,E,5,N
320,399.22,526.74,1,E,5,N
440,465.19,530.47,3,E,5,N
214,384.19,537.17,1,W,3,W
228,437.23,541.07,1,W,3,W
521,482.65,565.64,5,W,5,N
522,484.36,565.94,5,W,5,N
523,486.87,566.24,5,W,5,N
524,497.03,566.54,5,W,5,N
525,497.93,566.84,5,W,5,N
526,520.06,567.14,5,W,5,N
527,533.75,567.44,5,W,5,N
528,535.76,567.74,5,W,5,N
529,536.13,568.04,5,W,5,N
530,563.83,569.97,5,W,5,N
531,564.90,571.04,5,W,5,N
532,566.34,572.48,5,W,5,N
533,567.05,573.19,5,W,5,N
534,568.57,574.71,5,W,5,N
612,564.54,579.64,5,E,5,N
613,575.81,581.95,5,E,5,N
614,578.09,584.22,5,E,5,N
615,578.75,584.89,5,E,5,N
616,580.10,586.23,5,E,5,N
439,433.95,599.40,3,E,5,W
410,469.84,599.70,3,W,5,W
411,469.95,600.00,3,W,5,W
48,368.37,600.30,1,S,5,W
52,372.83,600.60,1,S,5,W
234,499.19,600.60,1,W,2,E
53,394.54,600.90,1,S,5,W
240,511.78,600.90,1,W,2,E
212,376.92,601.20,1,W,5,W
217,391.26,601.50,1,W,5,W
223,414.37,601.80,1,W,5,W
225,416.95,602.10,1,W,5,W
226,418.50,602.40,1,W,5,W
71,501.37,602.40,1,S,1,W
229,439.19,602.70,1,W,5,W
73,502.04,602.70,1,S,1,W
77,505.82,603.00,1,S,1,W
84,515.96,603.30,1,S,1,W
85,516.25,603.60,1,S,1,W
87,518.22,603.90,1,S,1,W
89,522.15,604.20,1,S,1,W
91,526.71,604.50,1,S,1,W
93,565.07,604.80,1,S,1,W
97,573.16,605.10,1,S,1,W
98,573.41,605.40,1,S,1,W
99,576.03,615.20,1,S,1,E
57,399.20,615.40,1,S,5,E
101,577.46,615.50,1,S,1,E
385,413.62,615.70,2,E,5,E
230,440.60,616.00,1,W,5,E
322,496.92,616.30,1,E,5,E
47,368.37,621.54,1,S,5,N
49,368.51,621.84,1,S,5,N
54,395.15,622.14,1,S,5,N
55,397.13,622.44,1,S,5,N
367,473.83,622.74,2,W,5,N
386,459.54,623.04,2,E,5,N
213,378.22,623.34,1,W,5,N
215,386.11,623.64,1,W,5,N
216,390.02,623.94,1,W,5,N
218,392.46,624.24,1,W,5,N
219,393.65,624.54,1,W,5,N
221,396.04,624.84,1,W,5,N
222,412.77,625.14,1,W,5,N
224,415.20,625.44,1,W,5,N
227,427.96,625.74,1,W,5,N
231,455.22,626.04,1,W,5,N
321,431.93,626.34,1,E,5,N
105,614.68,628.81,1,S,1,E
441,507.28,629.97,3,E,5,N
442,513.91,630.27,3,E,5,N
443,555.01,630.57,3,E,5,N
109,623.97,638.10,1,S,1,E
239,510.47,641.47,1,W,3,W
113,628.12,642.26,1,S,1,E
328,548.60,644.77,1,E,3,E
535,595.92,665.54,5,W,5,N
536,598.61,665.84,5,W,5,N
537,598.77,666.14,5,W,5,N
538,601.42,666.44,5,W,5,N
539,603.65,666.74,5,W,5,N
540,617.69,667.04,5,W,5,N
541,620.48,667.34,5,W,5,N
542,621.88,667.64,5,W,5,N
543,623.20,667.94,5,W,5,N
544,631.01,668.24,5,W,5,N
545,632.68,668.54,5,W,5,N
546,634.05,668.84,5,W,5,N
547,636.02,669.14,5,W,5,N
548,652.75,669.44,5,W,5,N
549,663.74,669.87,5,W,5,N
617,609.77,679.54,5,E,5,N
618,615.14,679.84,5,E,5,N
619,620.57,680.14,5,E,5,N
620,675.41,681.55,5,E,5,N
621,677.91,684.04,5,E,5,N
622,688.30,694.44,5,E,5,N
323,499.15,699.30,1,E,5,W
412,524.49,699.60,3,W,5,W
413,594.99,699.90,3,W,5,W
59,446.76,700.20,1,S,5,W
60,450.33,700.50,1,S,5,W
106,616.41,700.70,1,S,2,W
257,637.16,700.70,1,W,2,E
65,461.70,700.80,1,S,5,W
259,641.47,701.00,1,W,2,W
75,502.61,701.10,1,S,5,W
265,666.05,701.30,1,W,2,W
368,505.88,701.40,2,W,5,W
387,509.26,701.70,2,E,5,W
81,511.68,702.00,1,S,5,W
83,514.77,702.30,1,S,5,W
238,506.47,702.60,1,W,5,W
241,514.95,702.90,1,W,5,W
243,541.76,703.20,1,W,5,W
244,542.88,703.50,1,W,5,W
245,544.73,703.80,1,W,5,W
329,557.74,704.10,1,E,5,W
331,570.89,704.40,1,E,5,W
623,698.67,704.81,5,E,5,N
233,496.37,715.30,1,W,5,E
235,501.53,715.60,1,W,5,E
117,675.53,715.60,1,S,1,E
236,504.37,715.90,1,W,5,E
58,444.98,721.44,1,S,5,N
61,450.78,721.74,1,S,5,N
62,452.42,722.04,1,S,5,N
63,455.14,722.34,1,S,5,N
64,461.07,722.64,1,S,5,N
66,461.92,722.94,1,S,5,N
68,464.08,723.24,1,S,5,N
69,465.63,723.54,1,S,5,N
70,466.27,723.84,1,S,5,N
72,501.86,724.14,1,S,5,N
74,502.35,724.44,1,S,5,N
388,549.98,724.74,2,E,5,N
369,530.81,725.04,2,W,5,N
389,582.10,725.34,2,E,5,N
76,504.03,725.64,1,S,5,N
78,509.01,725.94,1,S,5,N
79,510.50,726.24,1,S,5,N
80,511.26,726.54,1,S,5,N
82,513.10,726.84,1,S,5,N
86,517.08,727.14,1,S,5,N
88,518.45,727.44,1,S,5,N
90,526.05,727.74,1,S,5,N
232,472.06,728.04,1,W,5,N
237,505.04,728.34,1,W,5,N
242,524.78,728.64,1,W,5,N
246,566.08,728.94,1,W,5,N
324,503.40,729.24,1,E,5,N
325,514.02,729.54,1,E,5,N
326,517.90,729.84,1,E,5,N
327,545.49,730.14,1,E,5,N
330,566.11,730.44,1,E,5,N
332,572.03,730.74,1,E,5,N
333,589.14,731.04,1,E,5,N
414,646.12,731.34,3,W,5,N
446,603.42,731.64,3,E,5,N
448,630.93,731.94,3,E,5,N
449,679.95,735.59,3,E,5,E
248,586.36,739.17,1,W,3,E
450,681.10,742.87,3,E,5,N
264,662.38,743.37,1,W,3,E
335,630.01,743.97,1,E,3,E
550,692.61,765.44,5,W,5,N
551,694.03,765.74,5,W,5,N
552,701.13,766.04,5,W,5,N
553,703.41,766.34,5,W,5,N
554,710.06,766.64,5,W,5,N
555,710.52,766.94,5,W,5,N
556,711.13,767.24,5,W,5,N
557,712.29,767.54,5,W,5,N
558,719.40,767.84,5,W,5,N
559,720.02,768.14,5,W,5,N
560,721.75,768.44,5,W,5,N
561,731.95,768.74,5,W,5,N
562,733.40,769.04,5,W,5,N
563,734.77,769.34,5,W,5,N
564,736.97,769.64,5,W,5,N
565,738.53,769.94,5,W,5,N
566,740.35,770.24,5,W,5,N
567,748.20,770.54,5,W,5,N
568,749.95,770.84,5,W,5,N
569,751.79,771.14,5,W,5,N
570,762.60,771.44,5,W,5,N
571,764.22,771.74,5,W,5,N
572,765.59,772.04,5,W,5,N
573,765.69,772.34,5,W,5,N
574,766.94,773.08,5,W,5,N
624,753.66,779.44,5,E,5,N
444,601.28,799.20,3,E,5,W
445,602.33,799.50,3,E,5,W
447,614.81,799.80,3,E,5,W
96,572.51,800.10,1,S,5,W
100,576.40,800.40,1,S,5,W
104,582.13,800.70,1,S,5,W
344,746.15,800.80,1,E,2,W
392,697.00,801.00,2,E,5,W
110,624.58,801.30,1,S,5,W
112,626.83,801.60,1,S,5,W
249,589.67,801.90,1,W,5,W
250,591.00,802.20,1,W,5,W
254,620.08,802.50,1,W,5,W
255,621.04,802.80,1,W,5,W
260,642.35,803.10,1,W,5,W
126,752.47,803.20,1,S,1,W
261,644.24,803.40,1,W,5,W
127,753.45,803.50,1,S,1,W
263,648.54,803.70,1,W,5,W
141,774.55,803.80,1,S,1,W
339,658.21,804.00,1,E,5,W
142,777.11,804.10,1,S,1,W
340,658.98,804.30,1,E,5,W
153,790.50,804.64,1,S,1,W
372,744.38,813.27,2,W,3,W
125,751.25,816.00,1,S,1,E
136,768.71,816.30,1,S,1,E
149,785.92,816.60,1,S,1,E
92,563.65,821.34,1,S,5,N
94,570.20,821.64,1,S,5,N
95,570.70,821.94,1,S,5,N
102,578.96,822.24,1,S,5,N
103,579.89,822.54,1,S,5,N
390,631.63,822.84,2,E,5,N
370,610.91,823.14,2,W,5,N
391,668.52,823.44,2,E,5,N
107,618.38,823.74,1,S,5,N
108,618.66,824.04,1,S,5,N
111,624.89,824.34,1,S,5,N
114,629.70,824.64,1,S,5,N
115,631.59,824.94,1,S,5,N
247,567.32,825.24,1,W,5,N
251,592.68,825.54,1,W,5,N
252,609.29,825.84,1,W,5,N
253,612.38,826.14,1,W,5,N
256,636.13,826.44,1,W,5,N
258,639.87,826.74,1,W,5,N
262,646.96,827.04,1,W,5,N
334,608.38,827.34,1,E,5,N
336,640.08,827.64,1,E,5,N
337,646.09,827.94,1,E,5,N
338,647.44,828.24,1,E,5,N
451,735.74,829.57,3,E,5,N
452,754.30,829.87,3,E,5,N
417,786.72,848.49,3,W,5,N
455,795.38,857.15,3,E,5,N
456,796.70,858.47,3,E,5,N
575,774.57,865.34,5,W,5,N
576,777.14,865.64,5,W,5,N
577,779.20,865.94,5,W,5,N
578,818.92,866.24,5,W,5,N
579,820.44,866.54,5,W,5,N
580,821.95,866.84,5,W,5,N
581,829.83,867.14,5,W,5,N
582,830.97,867.44,5,W,5,N
583,832.76,867.74,5,W,5,N
584,835.69,868.04,5,W,5,N
585,836.81,868.34,5,W,5,N
586,838.91,868.64,5,W,5,N
587,841.37,868.94,5,W,5,N
588,843.72,869.24,5,W,5,N
625,824.35,879.34,5,E,5,N
626,830.08,879.64,5,E,5,N
415,708.84,899.10,3,W,5,W
416,767.77,899.40,3,W,5,W
453,761.84,899.70,3,E,5,W
454,763.82,900.00,3,E,5,W
120,678.05,900.30,1,S,5,W
123,715.54,900.60,1,S,5,W
124,717.40,900.90,1,S,5,W
277,772.66,900.90,1,W,2,W
266,677.05,901.20,1,W,5,W
285,850.47,901.20,1,W,2,W
269,709.06,901.50,1,W,5,W
270,711.02,901.80,1,W,5,W
276,754.68,902.10,1,W,5,W
341,708.32,902.40,1,E,5,W
343,738.01,902.70,1,E,5,W
345,749.47,903.00,1,E,5,W
154,822.65,903.60,1,S,1,W
157,883.51,903.90,1,S,1,W
121,678.92,915.10,1,S,5,E
162,890.60,916.40,1,S,1,E
116,675.51,921.24,1,S,5,N
118,677.22,921.54,1,S,5,N
119,678.00,921.84,1,S,5,N
122,679.38,922.14,1,S,5,N
371,709.75,922.44,2,W,5,N
393,737.66,922.74,2,E,5,N
373,758.50,923.04,2,W,5,N
394,780.25,923.34,2,E,5,N
419,843.27,923.53,3,W,5,E
267,680.61,923.64,1,W,5,N
268,684.49,923.94,1,W,5,N
271,720.58,924.24,1,W,5,N
461,858.12,924.43,3,E,5,E
272,722.11,924.54,1,W,5,N
273,735.18,924.84,1,W,5,N
274,736.81,925.14,1,W,5,N
275,753.59,925.44,1,W,5,N
342,709.91,925.74,1,E,5,N
346,754.57,926.04,1,E,5,N
347,756.43,926.34,1,E,5,N
348,796.09,926.64,1,E,5,N
457,805.90,929.37,3,E,5,N
459,840.68,929.97,3,E,5,N
460,848.47,930.27,3,E,5,N
143,778.60,936.97,1,S,3,E
283,819.03,941.17,1,W,3,W
284,825.00,941.47,1,W,3,W
422,879.93,941.70,3,W,5,N
156,860.57,942.82,1,S,2,W
589,876.81,965.24,5,W,5,N
590,878.71,965.54,5,W,5,N
591,881.04,965.84,5,W,5,N
592,882.85,966.14,5,W,5,N
593,893.48,966.44,5,W,5,N
594,894.92,966.74,5,W,5,N
418,842.79,999.00,3,W,5,W
458,806.96,999.30,3,E,5,W
420,849.37,999.60,3,W,5,W
421,857.07,999.90,3,W,5,W
131,760.08,1000.20,1,S,5,W
132,760.32,1000.50,1,S,5,W
138,770.72,1000.80,1,S,5,W
395,829.08,1001.10,2,E,5,W
396,872.89,1001.40,2,E,5,W
397,892.17,1001.70,2,E,5,W
144,778.62,1002.00,1,S,5,W
148,784.23,1002.30,1,S,5,W
151,788.21,1002.60,1,S,5,W
351,840.33,1002.90,1,E,5,W
129,758.26,1015.00,1,S,5,E
133,761.96,1015.30,1,S,5,E
139,770.82,1015.60,1,S,5,E
128,755.37,1021.14,1,S,5,N
130,759.92,1021.44,1,S,5,N
134,765.62,1021.74,1,S,5,N
135,765.89,1022.04,1,S,5,N
137,770.31,1022.34,1,S,5,N
140,774.14,1022.64,1,S,5,N
374,848.85,1022.94,2,W,5,N
145,780.17,1023.24,1,S,5,N
146,781.04,1023.54,1,S,5,N
147,782.46,1023.84,1,S,5,N
150,786.50,1024.14,1,S,5,N
152,789.35,1024.44,1,S,5,N
278,774.60,1024.74,1,W,5,N
279,791.31,1025.04,1,W,5,N
280,791.43,1025.34,1,W,5,N
281,797.21,1025.64,1,W,5,N
282,815.10,1025.94,1,W,5,N
286,866.52,1026.24,1,W,5,N
349,814.13,1026.54,1,E,5,N
350,833.61,1026.84,1,E,5,N
352,844.84,1027.14,1,E,5,N
353,853.60,1027.44,1,E,5,N
161,889.08,1098.90,1,S,5,W
287,879.58,1099.20,1,W,5,W
289,899.34,1099.50,1,W,5,W
163,896.35,1114.90,1,S,5,E
155,859.44,1121.04,1,S,5,N
158,884.59,1121.34,1,S,5,N
159,886.03,1121.64,1,S,5,N
160,887.93,1121.94,1,S,5,N
288,896.24,1122.24,1,W,5,N
290,899.74,1122.54,1,W,5,N