id,enter_time,exit_time,entrance_intersection,entrance_direction,exit_intersection,exit_direction
501,36.77,66.14,5,W,5,N
502,38.64,66.44,5,W,5,N
503,39.64,66.74,5,W,5,N
504,55.42,67.04,5,W,5,N
505,56.61,67.34,5,W,5,N
604,45.11,80.14,5,E,5,N
605,47.71,80.44,5,E,5,N
606,55.02,80.74,5,E,5,N
607,58.81,81.04,5,E,5,N
608,60.60,81.34,5,E,5,N
322,16.68,100.10,1,E,2,E
0,0.52,100.40,1,S,1,W
1,1.98,100.70,1,S,1,W
4,6.07,101.00,1,S,1,W
6,8.71,101.30,1,S,1,W
16,53.27,101.60,1,S,1,W
20,60.19,101.90,1,S,1,W
22,63.98,102.20,1,S,1,W
28,74.91,102.50,1,S,1,W
25,70.59,113.20,1,S,1,E
26,72.34,113.50,1,S,1,E
30,78.80,113.80,1,S,1,E
36,116.02,130.15,1,S,1,E
439,57.80,130.97,3,W,5,N
181,36.66,139.47,1,W,3,W
17,53.96,141.12,1,S,2,W
506,80.01,166.04,5,W,5,N
507,115.77,166.34,5,W,5,N
508,117.69,166.64,5,W,5,N
509,119.07,166.94,5,W,5,N
510,121.08,167.24,5,W,5,N
511,123.52,167.54,5,W,5,N
512,130.68,167.84,5,W,5,N
513,140.72,168.14,5,W,5,N
514,147.54,168.44,5,W,5,N
515,149.30,168.74,5,W,5,N
516,150.22,169.04,5,W,5,N
517,152.91,169.34,5,W,5,N
609,114.48,180.04,5,E,5,N
610,114.94,180.34,5,E,5,N
611,132.51,180.64,5,E,5,N
612,159.95,180.94,5,E,5,N
613,167.33,181.24,5,E,5,N
614,170.51,181.54,5,E,5,N
19,60.02,199.60,1,S,3,W
465,31.52,199.80,3,E,5,W
466,70.26,200.10,3,E,5,W
37,116.54,200.20,1,S,2,W
3,2.78,200.40,1,S,5,W
186,71.22,200.50,1,W,2,W
387,25.70,200.70,2,W,5,W
40,122.22,200.80,1,S,1,W
415,99.88,201.00,2,E,5,W
46,181.28,201.10,1,S,1,W
9,13.31,201.30,1,S,5,W
176,23.78,201.60,1,W,5,W
179,30.25,201.90,1,W,5,W
326,93.02,210.84,1,E,5,W
43,172.01,213.60,1,S,1,E
2,2.23,221.94,1,S,5,N
413,15.85,222.24,2,E,5,N
414,56.90,222.54,2,E,5,N
388,37.88,222.84,2,W,5,N
5,7.89,223.14,1,S,5,N
7,10.54,223.44,1,S,5,N
8,11.89,223.74,1,S,5,N
174,9.14,224.04,1,W,5,N
175,10.38,224.34,1,W,5,N
177,25.73,224.64,1,W,5,N
178,28.30,224.94,1,W,5,N
180,31.43,225.24,1,W,5,N
182,36.79,225.54,1,W,5,N
183,45.88,225.84,1,W,5,N
184,52.33,226.14,1,W,5,N
185,61.37,226.44,1,W,5,N
320,2.71,226.74,1,E,5,N
321,8.57,227.04,1,E,5,N
323,36.39,227.34,1,E,5,N
324,41.23,227.64,1,E,5,N
325,56.85,227.94,1,E,5,N
440,109.86,230.77,3,W,5,N
468,170.64,232.41,3,E,5,N
469,172.63,234.40,3,E,5,N
330,119.69,241.37,1,E,3,W
63,227.97,242.11,1,S,1,E
336,132.64,243.17,1,E,3,W
337,180.73,243.47,1,E,3,W
518,186.84,265.94,5,W,5,N
519,188.65,266.24,5,W,5,N
520,191.20,266.54,5,W,5,N
521,199.10,266.84,5,W,5,N
522,200.92,267.14,5,W,5,N
523,203.59,267.44,5,W,5,N
524,205.64,267.74,5,W,5,N
525,212.78,268.04,5,W,5,N
526,214.85,268.34,5,W,5,N
527,215.10,268.64,5,W,5,N
528,245.22,268.94,5,W,5,N
529,246.26,269.24,5,W,5,N
530,246.36,269.54,5,W,5,N
531,247.05,269.84,5,W,5,N
615,214.69,279.94,5,E,5,N
616,282.62,288.76,5,E,5,N
41,170.05,299.40,1,S,3,E
467,121.12,299.70,3,E,5,W
441,164.62,300.00,3,W,5,W
617,294.07,300.21,5,E,5,N
59,224.33,300.30,1,S,2,W
470,174.04,300.30,3,E,5,W
211,261.52,300.60,1,W,2,W
442,179.48,300.60,3,W,5,W
10,48.48,300.90,1,S,5,W
54,216.39,301.20,1,S,1,W
11,48.52,301.20,1,S,5,W
61,225.29,301.50,1,S,1,W
21,62.08,301.50,1,S,5,W
66,231.86,301.80,1,S,1,W
23,64.06,301.80,1,S,5,W
72,271.75,302.10,1,S,1,W
24,68.82,302.10,1,S,5,W
74,274.87,302.40,1,S,1,W
27,73.38,302.40,1,S,5,W
33,83.32,302.70,1,S,5,W
416,143.12,303.00,2,E,5,W
80,288.96,303.09,1,S,1,W
389,132.43,303.30,2,W,5,W
189,83.96,303.60,1,W,5,W
194,129.24,303.90,1,W,5,W
195,155.24,304.20,1,W,5,W
196,157.14,304.50,1,W,5,W
333,125.12,304.80,1,E,5,W
334,126.10,305.10,1,E,5,W
335,127.15,305.40,1,E,5,W
618,299.30,305.44,5,E,5,N
85,295.91,310.05,1,S,1,W
76,279.02,314.00,1,S,1,E
87,299.12,314.30,1,S,1,E
31,80.16,315.70,1,S,5,E
418,195.97,316.00,2,E,5,E
342,293.78,319.90,1,E,2,W
12,50.47,321.84,1,S,5,N
13,51.40,322.14,1,S,5,N
14,52.61,322.44,1,S,5,N
15,53.14,322.74,1,S,5,N
18,59.12,323.04,1,S,5,N
29,77.18,323.34,1,S,5,N
32,81.66,323.64,1,S,5,N
390,170.66,323.94,2,W,5,N
417,185.02,324.24,2,E,5,N
391,190.86,324.54,2,W,5,N
34,113.90,324.84,1,S,5,N
35,115.67,325.14,1,S,5,N
38,118.07,325.44,1,S,5,N
39,118.54,325.74,1,S,5,N
187,72.38,326.04,1,W,5,N
188,73.54,326.34,1,W,5,N
190,103.45,326.64,1,W,5,N
191,105.41,326.94,1,W,5,N
192,124.95,327.24,1,W,5,N
193,126.22,327.54,1,W,5,N
327,105.76,327.84,1,E,5,N
328,109.08,328.14,1,E,5,N
329,110.30,328.44,1,E,5,N
331,122.15,328.74,1,E,5,N
332,124.71,329.04,1,E,5,N
338,183.21,329.34,1,E,5,N
339,196.20,329.64,1,E,5,N
471,226.38,330.57,3,E,5,N
443,249.66,330.87,3,W,5,N
56,217.69,338.77,1,S,3,E
472,278.03,339.80,3,E,5,N
207,238.94,344.77,1,W,3,E
473,290.50,352.27,3,E,5,N
532,281.40,365.84,5,W,5,N
533,293.77,366.14,5,W,5,N
534,295.01,366.44,5,W,5,N
535,338.96,366.74,5,W,5,N
536,349.05,367.04,5,W,5,N
537,359.59,367.34,5,W,5,N
619,326.91,379.84,5,E,5,N
620,327.03,380.14,5,E,5,N
621,379.03,385.17,5,E,5,N
84,294.60,399.20,1,S,3,E
89,301.79,399.50,1,S,3,E
392,217.31,399.60,2,W,5,W
419,235.84,399.90,2,E,5,W
393,227.43,400.20,2,W,5,W
622,394.10,400.24,5,E,5,N
213,278.00,400.40,1,W,2,W
394,258.93,400.50,2,W,5,W
349,371.19,400.70,1,E,2,W
421,295.81,400.80,2,E,5,W
47,204.70,401.10,1,S,5,W
51,211.67,401.40,1,S,5,W
91,303.14,401.60,1,S,1,W
60,224.78,401.70,1,S,5,W
94,344.87,401.90,1,S,1,W
65,230.45,402.00,1,S,5,W
105,387.58,402.20,1,S,1,W
69,235.47,402.30,1,S,5,W
201,214.39,402.60,1,W,5,W
202,214.86,402.90,1,W,5,W
204,230.12,403.20,1,W,5,W
341,229.52,403.50,1,E,5,W
103,350.02,414.40,1,S,1,E
106,388.14,414.70,1,S,1,E
49,207.20,415.60,1,S,5,E
198,195.52,415.90,1,W,5,E
206,237.97,416.20,1,W,5,E
42,170.09,421.74,1,S,5,N
44,172.83,422.04,1,S,5,N
45,180.68,422.34,1,S,5,N
395,262.70,422.64,2,W,5,N
420,277.70,422.94,2,E,5,N
396,290.31,423.24,2,W,5,N
48,206.18,423.54,1,S,5,N
50,208.54,423.84,1,S,5,N
52,213.32,424.14,1,S,5,N
53,214.91,424.44,1,S,5,N
55,217.29,424.74,1,S,5,N
57,218.23,425.04,1,S,5,N
58,222.35,425.34,1,S,5,N
62,226.63,425.64,1,S,5,N
64,228.76,425.94,1,S,5,N
67,233.36,426.24,1,S,5,N
68,234.91,426.54,1,S,5,N
197,174.14,426.84,1,W,5,N
400,390.89,426.96,2,W,3,E
199,208.89,427.14,1,W,5,N
200,210.69,427.44,1,W,5,N
203,228.29,427.74,1,W,5,N
205,231.58,428.04,1,W,5,N
208,248.71,428.34,1,W,5,N
209,258.36,428.64,1,W,5,N
210,259.78,428.94,1,W,5,N
212,263.00,429.24,1,W,5,N
340,218.17,429.54,1,E,5,N
474,321.13,430.37,3,E,5,N
445,323.16,430.67,3,W,5,N
475,322.89,430.97,3,E,5,N
446,340.44,431.27,3,W,5,N
477,339.57,431.57,3,E,5,N
478,345.89,431.87,3,E,5,N
448,345.97,432.17,3,W,5,N
449,358.49,432.47,3,W,5,N
92,305.11,436.47,1,S,3,E
450,381.28,443.05,3,W,5,N
108,390.60,443.52,1,S,2,W
481,393.29,448.93,3,E,5,E
538,374.93,465.74,5,W,5,N
539,377.31,466.04,5,W,5,N
540,387.60,466.34,5,W,5,N
541,387.95,466.64,5,W,5,N
542,398.34,466.94,5,W,5,N
543,398.36,467.24,5,W,5,N
544,416.53,467.54,5,W,5,N
545,426.83,467.84,5,W,5,N
546,428.50,468.14,5,W,5,N
547,439.06,468.44,5,W,5,N
548,441.82,468.74,5,W,5,N
549,450.64,469.04,5,W,5,N
550,452.18,469.34,5,W,5,N
551,453.83,469.64,5,W,5,N
552,455.45,469.94,5,W,5,N
553,456.51,470.24,5,W,5,N
554,469.46,475.60,5,W,5,N
623,400.74,479.74,5,E,5,N
624,449.53,480.04,5,E,5,N
625,451.49,480.34,5,E,5,N
110,399.91,499.00,1,S,3,W
343,295.06,499.50,1,E,5,W
444,315.38,499.80,3,W,5,W
476,324.65,500.10,3,E,5,W
447,344.14,500.40,3,W,5,W
229,376.99,500.50,1,W,2,W
479,347.62,500.70,3,E,5,W
230,402.39,500.80,1,W,2,W
480,392.00,501.00,3,E,5,W
235,419.09,501.10,1,W,2,W
73,273.50,501.30,1,S,5,W
81,290.63,501.60,1,S,5,W
82,292.57,501.90,1,S,5,W
111,443.35,502.00,1,S,1,W
83,294.32,502.20,1,S,5,W
112,445.06,502.30,1,S,1,W
88,300.10,502.50,1,S,5,W
93,306.81,502.80,1,S,5,W
214,285.87,503.10,1,W,5,W
215,287.46,503.40,1,W,5,W
217,315.63,503.70,1,W,5,W
344,311.77,504.00,1,E,5,W
347,350.39,504.30,1,E,5,W
117,494.28,514.80,1,S,1,E
224,353.96,515.50,1,W,5,E
70,266.80,521.64,1,S,5,N
71,270.68,521.94,1,S,5,N
75,276.29,522.24,1,S,5,N
77,280.57,522.54,1,S,5,N
78,282.19,522.84,1,S,5,N
79,287.88,523.14,1,S,5,N
86,297.80,523.44,1,S,5,N
90,302.89,523.74,1,S,5,N
422,339.88,524.04,2,E,5,N
397,312.44,524.34,2,W,5,N
399,376.16,524.64,2,W,5,N
398,339.67,524.94,2,W,5,N
423,381.63,525.24,2,E,5,N
216,290.55,525.54,1,W,5,N
218,317.11,525.84,1,W,5,N
219,318.60,526.14,1,W,5,N
220,320.20,526.44,1,W,5,N
221,339.63,526.74,1,W,5,N
222,343.57,527.04,1,W,5,N
223,344.90,527.34,1,W,5,N
225,363.20,527.64,1,W,5,N
345,321.68,527.94,1,E,5,N
346,348.40,528.24,1,E,5,N
348,369.85,528.54,1,E,5,N
350,380.13,528.84,1,E,5,N
451,432.66,530.17,3,W,5,N
482,437.18,530.47,3,E,5,N
452,435.68,530.77,3,W,5,N
226,371.59,536.57,1,W,3,W
113,446.21,540.92,1,S,2,W
357,471.83,541.37,1,E,3,W
487,487.62,543.25,3,E,5,E
484,482.80,544.57,3,E,5,N
485,484.31,546.08,3,E,5,N
486,485.83,547.60,3,E,5,N
555,476.59,565.64,5,W,5,N
556,489.45,565.94,5,W,5,N
557,489.57,566.24,5,W,5,N
558,491.81,566.54,5,W,5,N
559,494.43,566.84,5,W,5,N
560,501.36,567.14,5,W,5,N
561,502.44,567.44,5,W,5,N
562,510.29,567.74,5,W,5,N
563,512.90,568.04,5,W,5,N
564,515.61,568.34,5,W,5,N
565,526.48,568.64,5,W,5,N
566,527.57,568.94,5,W,5,N
567,543.82,569.24,5,W,5,N
568,545.22,569.54,5,W,5,N
569,547.24,569.84,5,W,5,N
570,548.23,570.14,5,W,5,N
571,549.16,570.44,5,W,5,N
626,502.90,579.64,5,E,5,N
627,524.84,579.94,5,E,5,N
628,528.69,580.24,5,E,5,N
114,448.72,598.80,1,S,3,E
351,399.37,599.40,1,E,5,W
483,467.40,599.70,3,E,5,W
95,345.07,600.00,1,S,5,W
99,346.03,600.30,1,S,5,W
102,349.31,600.60,1,S,5,W
364,564.58,600.60,1,E,2,E
104,385.28,600.90,1,S,5,W
109,392.89,601.20,1,S,5,W
402,496.79,601.50,2,W,5,W
228,375.33,601.80,1,W,5,W
354,414.07,602.10,1,E,5,W
355,433.24,602.40,1,E,5,W
122,564.73,602.40,1,S,1,W
123,565.21,602.70,1,S,1,W
127,574.07,603.00,1,S,1,W
129,577.23,603.30,1,S,1,W
130,578.35,603.60,1,S,1,W
629,599.13,605.27,5,E,5,N
429,573.71,613.37,2,E,3,E
101,346.57,615.40,1,S,5,E
426,495.13,615.70,2,E,5,E
227,373.57,616.00,1,W,5,E
233,408.94,616.30,1,W,5,E
234,417.62,616.60,1,W,5,E
359,498.07,616.90,1,E,5,E
96,345.46,621.54,1,S,5,N
97,345.48,621.84,1,S,5,N
98,345.94,622.14,1,S,5,N
100,346.37,622.44,1,S,5,N
107,388.60,622.74,1,S,5,N
424,402.43,623.04,2,E,5,N
425,452.09,623.34,2,E,5,N
401,483.40,623.64,2,W,5,N
231,403.78,623.94,1,W,5,N
454,531.88,624.13,3,W,5,E
232,404.96,624.24,1,W,5,N
236,420.91,624.54,1,W,5,N
237,441.16,624.84,1,W,5,N
238,443.10,625.14,1,W,5,N
239,466.07,625.44,1,W,5,N
352,403.33,625.74,1,E,5,N
353,412.00,626.04,1,E,5,N
356,462.41,626.34,1,E,5,N
358,490.31,626.64,1,E,5,N
453,509.70,629.97,3,W,5,N
455,561.50,630.57,3,W,5,N
252,497.73,640.87,1,W,3,W
262,534.36,643.87,1,W,3,W
267,563.65,645.37,1,W,3,E
572,582.74,665.54,5,W,5,N
573,592.74,665.84,5,W,5,N
574,594.54,666.14,5,W,5,N
575,616.64,666.44,5,W,5,N
576,617.79,666.74,5,W,5,N
577,620.11,667.04,5,W,5,N
578,654.59,667.34,5,W,5,N
630,601.77,679.54,5,E,5,N
631,653.12,679.84,5,E,5,N
488,542.59,699.30,3,E,5,W
489,553.72,699.60,3,E,5,W
360,501.74,699.90,1,E,5,W
632,693.87,700.01,5,E,5,N
403,510.04,700.20,2,W,5,W
428,532.48,700.50,2,E,5,W
269,576.65,700.70,1,W,2,E
405,570.41,700.80,2,W,5,W
633,694.79,700.93,5,E,5,N
118,528.70,701.10,1,S,5,W
634,695.01,701.15,5,E,5,N
119,531.12,701.40,1,S,5,W
240,467.83,701.70,1,W,5,W
243,472.72,702.00,1,W,5,W
244,474.66,702.30,1,W,5,W
246,477.74,702.60,1,W,5,W
141,638.54,702.80,1,S,1,W
248,480.82,702.90,1,W,5,W
143,640.21,703.10,1,S,1,W
254,499.99,703.20,1,W,5,W
255,509.62,703.50,1,W,5,W
256,510.77,703.80,1,W,5,W
261,531.03,704.10,1,W,5,W
365,590.99,708.82,1,E,5,W
408,642.12,713.47,2,W,3,W
251,490.82,715.30,1,W,5,E
115,492.76,721.44,1,S,5,N
116,492.88,721.74,1,S,5,N
427,517.57,722.04,2,E,5,N
404,548.25,722.34,2,W,5,N
241,468.30,722.64,1,W,5,N
242,468.85,722.94,1,W,5,N
245,476.40,723.24,1,W,5,N
247,479.49,723.54,1,W,5,N
249,487.91,723.84,1,W,5,N
250,489.55,724.14,1,W,5,N
253,498.59,724.44,1,W,5,N
257,511.16,724.74,1,W,5,N
258,524.22,725.04,1,W,5,N
259,526.06,725.34,1,W,5,N
260,527.26,725.64,1,W,5,N
263,535.30,725.94,1,W,5,N
264,536.82,726.24,1,W,5,N
265,545.73,726.54,1,W,5,N
266,547.01,726.84,1,W,5,N
268,565.48,727.14,1,W,5,N
361,509.25,727.44,1,E,5,N
362,528.67,727.74,1,E,5,N
363,532.22,728.04,1,E,5,N
366,593.19,728.34,1,E,5,N
456,627.33,729.77,3,W,5,N
490,606.28,730.07,3,E,5,N
491,607.55,730.37,3,E,5,N
457,638.20,730.67,3,W,5,N
492,654.47,730.97,3,E,5,N
136,636.62,737.37,1,S,3,W
278,609.69,741.57,1,W,3,E
579,674.70,765.44,5,W,5,N
580,674.73,765.74,5,W,5,N
581,676.52,766.04,5,W,5,N
582,677.56,766.34,5,W,5,N
583,678.77,766.64,5,W,5,N
584,680.22,766.94,5,W,5,N
585,691.01,767.24,5,W,5,N
586,692.10,767.54,5,W,5,N
587,697.27,767.84,5,W,5,N
588,712.75,768.14,5,W,5,N
589,733.23,768.44,5,W,5,N
590,767.76,773.90,5,W,5,N
591,768.81,774.94,5,W,5,N
592,771.16,777.30,5,W,5,N
635,716.60,779.44,5,E,5,N
636,783.12,789.26,5,E,5,N
637,784.89,791.02,5,E,5,N
638,786.31,792.45,5,E,5,N
639,791.40,797.53,5,E,5,N
150,695.81,798.40,1,S,3,E
493,655.50,799.20,3,E,5,W
407,619.70,799.50,2,W,5,W
134,614.69,799.80,1,S,5,W
140,638.40,800.10,1,S,5,W
270,577.88,800.40,1,W,5,W
272,580.97,800.70,1,W,5,W
300,749.10,800.80,1,W,2,W
273,597.36,801.00,1,W,5,W
303,752.96,801.10,1,W,2,W
279,611.47,801.30,1,W,5,W
379,752.93,801.40,1,E,2,W
281,629.77,801.60,1,W,5,W
286,659.86,801.90,1,W,5,W
368,607.85,802.20,1,E,5,W
369,619.95,802.50,1,E,5,W
370,621.30,802.80,1,E,5,W
152,726.86,803.20,1,S,1,W
375,688.51,806.34,1,E,5,W
367,601.91,815.20,1,E,5,E
120,563.95,821.34,1,S,5,N
121,564.50,821.64,1,S,5,N
124,567.21,821.94,1,S,5,N
125,567.92,822.24,1,S,5,N
126,573.28,822.54,1,S,5,N
128,575.94,822.84,1,S,5,N
156,808.81,822.95,1,S,1,E
131,579.14,823.14,1,S,5,N
132,579.97,823.44,1,S,5,N
133,582.44,823.74,1,S,5,N
430,601.62,824.04,2,E,5,N
406,606.65,824.34,2,W,5,N
431,633.95,824.64,2,E,5,N
432,669.90,824.94,2,E,5,N
135,615.00,825.24,1,S,5,N
137,636.76,825.54,1,S,5,N
138,637.11,825.84,1,S,5,N
139,637.87,826.14,1,S,5,N
142,639.10,826.44,1,S,5,N
271,579.81,826.74,1,W,5,N
274,598.72,827.04,1,W,5,N
275,600.49,827.34,1,W,5,N
276,601.98,827.64,1,W,5,N
277,609.57,827.94,1,W,5,N
160,813.89,828.03,1,S,1,E
280,627.86,828.24,1,W,5,N
282,631.63,828.54,1,W,5,N
283,633.10,828.84,1,W,5,N
284,649.63,829.14,1,W,5,N
285,658.81,829.44,1,W,5,N
371,627.43,829.74,1,E,5,N
372,646.28,830.04,1,E,5,N
373,666.19,830.34,1,E,5,N
374,685.08,830.64,1,E,5,N
376,689.72,830.94,1,E,5,N
494,709.28,831.24,3,E,5,N
458,701.29,831.54,3,W,5,N
496,768.62,831.84,3,E,5,N
593,773.00,865.34,5,W,5,N
594,775.86,865.64,5,W,5,N
595,814.31,865.94,5,W,5,N
596,823.47,866.24,5,W,5,N
597,830.10,866.54,5,W,5,N
598,838.30,866.84,5,W,5,N
599,839.07,867.14,5,W,5,N
600,846.61,867.44,5,W,5,N
640,859.66,879.34,5,E,5,N
641,877.61,883.74,5,E,5,N
495,710.51,899.10,3,E,5,W
459,712.17,899.40,3,W,5,W
460,763.32,899.70,3,W,5,W
461,776.17,900.00,3,W,5,W
144,686.50,900.30,1,S,5,W
149,693.42,900.60,1,S,5,W
151,696.45,900.90,1,S,5,W
411,751.40,901.20,2,W,5,W
435,769.17,901.50,2,E,5,W
287,674.62,901.80,1,W,5,W
289,697.06,902.10,1,W,5,W
292,706.37,902.40,1,W,5,W
298,743.11,902.70,1,W,5,W
304,754.39,903.00,1,W,5,W
306,756.86,903.30,1,W,5,W
378,747.67,903.60,1,E,5,W
161,814.42,903.60,1,S,1,W
642,897.60,903.74,5,E,5,N
170,862.50,903.90,1,S,1,W
643,897.97,904.10,5,E,5,N
173,867.54,904.20,1,S,1,W
437,835.46,913.37,2,E,3,E
434,749.00,915.10,2,E,5,E
305,755.64,915.40,1,W,5,E
167,857.33,916.40,1,S,1,E
377,700.75,921.24,1,E,5,N
145,686.76,921.54,1,S,5,N
146,689.22,921.84,1,S,5,N
147,690.53,922.14,1,S,5,N
148,692.25,922.44,1,S,5,N
409,729.71,922.74,2,W,5,N
433,710.28,923.04,2,E,5,N
497,822.75,923.23,3,E,5,E
410,740.12,923.34,2,W,5,N
288,678.03,923.64,1,W,5,N
290,700.32,923.94,1,W,5,N
291,702.79,924.24,1,W,5,N
293,715.70,924.54,1,W,5,N
294,735.45,924.84,1,W,5,N
295,735.56,925.14,1,W,5,N
296,738.90,925.44,1,W,5,N
297,740.06,925.74,1,W,5,N
299,745.48,926.04,1,W,5,N
301,750.69,926.34,1,W,5,N
302,751.07,926.64,1,W,5,N
307,763.45,926.94,1,W,5,N
380,763.70,927.24,1,E,5,N
381,790.65,927.54,1,E,5,N
463,854.67,929.67,3,W,5,N
499,840.41,929.97,3,E,5,N
500,859.91,930.27,3,E,5,N
164,818.64,938.77,1,S,3,W
382,809.52,941.77,1,E,3,E
601,894.64,965.24,5,W,5,N
602,897.91,965.54,5,W,5,N
603,899.49,965.84,5,W,5,N
172,866.12,998.00,1,S,3,E
169,859.96,998.00,1,S,3,W
462,829.65,999.00,3,W,5,W
498,831.27,999.30,3,E,5,W
464,866.28,999.60,3,W,5,W
154,803.19,999.90,1,S,5,W
412,831.91,1000.20,2,W,5,W
159,813.81,1000.50,1,S,5,W
308,782.87,1000.80,1,W,5,W
314,836.01,1001.10,1,W,5,W
158,812.10,1015.00,1,S,5,E
312,813.84,1015.30,1,W,5,E
153,769.76,1021.14,1,S,5,N
436,812.79,1021.44,2,E,5,N
438,875.98,1021.74,2,E,5,N
155,806.95,1022.04,1,S,5,N
157,810.27,1022.34,1,S,5,N
162,816.05,1022.64,1,S,5,N
163,817.15,1022.94,1,S,5,N
165,820.17,1023.24,1,S,5,N
309,784.45,1023.54,1,W,5,N
310,800.29,1023.84,1,W,5,N
311,803.89,1024.14,1,W,5,N
313,815.08,1024.44,1,W,5,N
315,861.46,1024.74,1,W,5,N
383,827.22,1025.04,1,E,5,N
384,828.34,1025.34,1,E,5,N
385,864.58,1025.64,1,E,5,N
386,882.63,1025.94,1,E,5,N
318,882.85,1037.67,1,W,3,W
319,886.69,1098.90,1,W,5,W
166,857.25,1121.04,1,S,5,N
168,858.99,1121.34,1,S,5,N
171,863.57,1121.64,1,S,5,N
316,872.58,1121.94,1,W,5,N
317,873.71,1122.24,1,W,5,N