id,enter_time,exit_time,entrance_intersection,entrance_direction,exit_intersection,exit_direction
559,1.10,66.14,5,W,5,N
560,2.08,66.44,5,W,5,N
561,3.30,66.74,5,W,5,N
562,4.40,67.04,5,W,5,N
563,5.86,67.34,5,W,5,N
564,7.61,67.64,5,W,5,N
565,8.73,67.94,5,W,5,N
566,46.36,68.24,5,W,5,N
567,56.59,68.54,5,W,5,N
568,62.67,68.80,5,W,5,N
686,1.43,80.14,5,E,5,N
687,55.56,80.44,5,E,5,N
9,77.78,100.40,1,S,1,W
7,45.34,113.20,1,S,1,E
504,9.21,130.97,3,E,5,N
505,47.00,131.27,3,E,5,N
476,52.46,131.57,3,W,5,N
363,59.52,139.77,1,E,3,E
506,78.15,139.92,3,E,5,N
508,91.20,152.97,3,E,5,N
364,91.07,153.26,1,E,3,E
569,76.41,166.04,5,W,5,N
570,79.17,166.34,5,W,5,N
571,86.19,166.64,5,W,5,N
572,87.47,166.94,5,W,5,N
573,90.08,167.24,5,W,5,N
574,91.86,167.54,5,W,5,N
575,92.34,167.84,5,W,5,N
576,101.98,168.14,5,W,5,N
577,103.08,168.44,5,W,5,N
578,120.01,168.74,5,W,5,N
579,142.79,169.04,5,W,5,N
580,143.99,169.34,5,W,5,N
581,154.48,169.64,5,W,5,N
688,110.06,180.04,5,E,5,N
689,152.51,180.34,5,E,5,N
690,157.54,180.64,5,E,5,N
691,161.14,180.94,5,E,5,N
692,170.44,181.24,5,E,5,N
474,9.07,199.80,3,W,5,W
475,26.08,200.10,3,W,5,W
244,158.25,200.20,1,W,2,W
507,89.50,200.40,3,E,5,W
450,18.57,200.70,2,E,5,W
15,113.59,200.80,1,S,1,W
3,4.91,201.00,1,S,5,W
23,148.28,201.10,1,S,1,W
225,45.73,201.30,1,W,5,W
24,148.67,201.40,1,S,1,W
360,19.32,201.60,1,E,5,W
25,149.83,201.70,1,S,1,W
361,30.42,201.90,1,E,5,W
29,156.28,202.00,1,S,1,W
693,196.43,202.57,5,E,5,N
453,140.02,212.37,2,E,3,W
36,166.91,213.60,1,S,1,E
0,0.59,221.94,1,S,5,N
1,1.99,222.24,1,S,5,N
420,36.33,222.54,2,W,5,N
421,69.11,222.84,2,W,5,N
451,68.46,223.14,2,E,5,N
452,93.88,223.44,2,E,5,N
2,4.83,223.74,1,S,5,N
4,6.74,224.04,1,S,5,N
223,9.43,224.34,1,W,5,N
224,25.89,224.64,1,W,5,N
357,10.80,224.94,1,E,5,N
511,113.11,225.23,3,E,5,E
358,12.41,225.24,1,E,5,N
359,14.35,225.54,1,E,5,N
362,41.20,225.84,1,E,5,N
514,154.66,226.13,3,E,5,E
477,126.05,230.77,3,W,5,N
510,111.53,231.07,3,E,5,N
512,151.22,231.67,3,E,5,N
516,171.60,233.37,3,E,5,N
16,134.83,237.17,1,S,3,W
478,178.94,240.71,3,W,5,N
236,133.68,241.07,1,W,3,E
30,157.85,241.82,1,S,2,W
582,188.38,265.94,5,W,5,N
583,203.58,266.24,5,W,5,N
584,205.70,266.54,5,W,5,N
585,221.94,266.84,5,W,5,N
586,222.08,267.14,5,W,5,N
587,248.84,267.44,5,W,5,N
588,249.67,267.74,5,W,5,N
589,250.82,268.04,5,W,5,N
590,252.24,268.34,5,W,5,N
591,255.00,268.64,5,W,5,N
592,256.67,268.94,5,W,5,N
593,258.01,269.24,5,W,5,N
694,202.33,279.94,5,E,5,N
695,203.63,280.24,5,E,5,N
696,258.62,280.54,5,E,5,N
697,258.94,280.84,5,E,5,N
698,259.87,281.14,5,E,5,N
699,276.30,282.43,5,E,5,N
700,287.17,293.30,5,E,5,N
509,102.29,299.70,3,E,5,W
513,152.80,300.00,3,E,5,W
262,242.70,300.30,1,W,2,W
515,164.02,300.30,3,E,5,W
6,44.79,300.60,1,S,5,W
10,78.81,300.90,1,S,5,W
41,212.14,301.20,1,S,1,W
13,110.76,301.20,1,S,5,W
50,259.44,301.50,1,S,1,W
17,136.02,301.50,1,S,5,W
57,268.76,301.80,1,S,1,W
18,136.62,301.80,1,S,5,W
60,271.82,302.10,1,S,1,W
227,76.89,302.10,1,W,5,W
229,93.60,302.40,1,W,5,W
232,127.47,302.70,1,W,5,W
233,128.85,303.00,1,W,5,W
234,130.50,303.30,1,W,5,W
235,132.23,303.60,1,W,5,W
238,142.66,303.90,1,W,5,W
239,152.49,304.20,1,W,5,W
240,153.02,304.50,1,W,5,W
241,154.29,304.80,1,W,5,W
243,156.82,305.10,1,W,5,W
246,162.83,305.40,1,W,5,W
247,164.20,305.70,1,W,5,W
366,110.11,306.00,1,E,5,W
367,118.84,306.30,1,E,5,W
64,274.93,314.00,1,S,1,E
425,181.89,315.70,2,W,5,E
237,141.44,316.00,1,W,5,E
242,155.30,316.30,1,W,5,E
245,161.82,316.60,1,W,5,E
5,43.25,321.84,1,S,5,N
8,76.04,322.14,1,S,5,N
11,79.39,322.44,1,S,5,N
422,102.04,322.74,2,W,5,N
423,137.62,323.04,2,W,5,N
424,170.19,323.34,2,W,5,N
454,180.95,323.64,2,E,5,N
12,109.63,323.94,1,S,5,N
14,111.97,324.24,1,S,5,N
226,67.25,324.54,1,W,5,N
228,78.45,324.84,1,W,5,N
230,95.10,325.14,1,W,5,N
231,110.95,325.44,1,W,5,N
365,108.16,325.74,1,E,5,N
368,145.86,326.04,1,E,5,N
369,192.33,326.34,1,E,5,N
371,200.31,326.64,1,E,5,N
517,205.48,330.57,3,E,5,N
479,207.27,330.87,3,W,5,N
480,237.00,331.17,3,W,5,N
519,218.75,331.47,3,E,5,N
520,260.53,331.77,3,E,5,N
482,273.50,335.27,3,W,5,N
44,250.21,340.12,1,S,2,W
483,278.51,340.28,3,W,5,N
594,284.87,365.84,5,W,5,N
595,295.79,366.14,5,W,5,N
596,303.62,366.44,5,W,5,N
597,304.85,366.74,5,W,5,N
598,334.55,367.04,5,W,5,N
701,314.54,379.84,5,E,5,N
702,330.77,380.14,5,E,5,N
703,382.81,388.95,5,E,5,N
704,383.22,389.36,5,E,5,N
705,390.63,396.77,5,E,5,N
370,198.32,399.60,1,E,5,W
518,217.72,399.90,3,E,5,W
706,393.90,400.04,5,E,5,N
481,244.95,400.20,3,W,5,W
21,147.65,400.50,1,S,5,W
22,147.72,400.80,1,S,5,W
31,159.03,401.10,1,S,5,W
33,162.19,401.40,1,S,5,W
707,395.46,401.59,5,E,5,N
81,348.80,401.60,1,S,1,W
34,163.45,401.70,1,S,5,W
89,357.88,401.90,1,S,1,W
37,168.24,402.00,1,S,5,W
91,383.13,402.20,1,S,1,W
426,210.61,402.30,2,W,5,W
427,221.78,402.60,2,W,5,W
428,232.80,402.90,2,W,5,W
430,269.31,403.20,2,W,5,W
708,397.28,403.41,5,E,5,N
42,216.76,403.50,1,S,5,W
248,165.30,403.80,1,W,5,W
252,190.20,404.10,1,W,5,W
254,210.39,404.40,1,W,5,W
255,217.98,404.70,1,W,5,W
709,398.79,404.92,5,E,5,N
257,222.75,405.00,1,W,5,W
258,225.81,405.30,1,W,5,W
261,239.94,405.60,1,W,5,W
266,260.58,405.90,1,W,5,W
372,213.86,406.20,1,E,5,W
79,346.36,414.40,1,S,1,E
82,349.59,414.70,1,S,1,E
90,382.96,415.00,1,S,1,E
40,210.95,415.60,1,S,5,E
259,227.34,415.90,1,W,5,E
267,261.02,416.20,1,W,5,E
268,264.90,416.50,1,W,5,E
374,261.93,416.80,1,E,5,E
521,298.49,421.74,3,E,5,N
19,141.88,422.04,1,S,5,N
20,142.13,422.34,1,S,5,N
26,151.18,422.64,1,S,5,N
27,152.24,422.94,1,S,5,N
28,154.29,423.24,1,S,5,N
32,160.82,423.54,1,S,5,N
35,164.32,423.84,1,S,5,N
38,175.91,424.14,1,S,5,N
455,230.17,424.44,2,E,5,N
456,275.87,424.74,2,E,5,N
429,245.32,425.04,2,W,5,N
39,209.06,425.34,1,S,5,N
43,217.99,425.64,1,S,5,N
527,355.34,425.73,3,E,5,E
249,165.40,425.94,1,W,5,N
250,166.55,426.24,1,W,5,N
251,188.50,426.54,1,W,5,N
253,192.05,426.84,1,W,5,N
256,221.13,427.14,1,W,5,N
260,237.93,427.44,1,W,5,N
263,243.83,427.74,1,W,5,N
264,250.90,428.04,1,W,5,N
265,258.67,428.34,1,W,5,N
373,218.97,428.64,1,E,5,N
375,269.86,428.94,1,E,5,N
376,294.90,429.24,1,E,5,N
377,300.07,429.54,1,E,5,N
94,415.76,429.90,1,S,1,E
522,300.23,430.37,3,E,5,N
523,301.64,430.67,3,E,5,N
484,342.55,430.67,3,W,5,N
526,353.63,431.57,3,E,5,N
528,360.43,432.17,3,E,5,N
65,280.32,436.47,1,S,3,W
66,281.51,436.77,1,S,3,W
84,353.39,441.72,1,S,2,W
85,353.95,442.02,1,S,2,W
380,376.41,443.67,1,E,3,W
529,390.93,452.70,3,E,5,N
599,375.86,465.74,5,W,5,N
600,378.73,466.04,5,W,5,N
601,402.81,466.34,5,W,5,N
602,404.48,466.64,5,W,5,N
603,406.12,466.94,5,W,5,N
604,411.54,467.24,5,W,5,N
605,413.81,467.54,5,W,5,N
606,414.84,467.84,5,W,5,N
607,419.09,468.14,5,W,5,N
608,425.60,468.44,5,W,5,N
609,457.34,468.74,5,W,5,N
610,458.73,469.04,5,W,5,N
611,460.98,469.34,5,W,5,N
612,471.33,477.46,5,W,5,N
613,472.37,478.51,5,W,5,N
710,399.84,479.74,5,E,5,N
711,451.68,480.04,5,E,5,N
77,338.28,499.00,1,S,3,W
485,345.47,499.50,3,W,5,W
524,342.13,499.80,3,E,5,W
525,343.34,500.10,3,E,5,W
486,396.27,500.40,3,W,5,W
97,418.10,500.50,1,S,2,W
45,250.80,500.70,1,S,5,W
288,443.98,500.80,1,W,2,W
46,252.59,501.00,1,S,5,W
47,255.31,501.30,1,S,5,W
53,264.12,501.60,1,S,5,W
54,266.57,501.90,1,S,5,W
95,416.86,502.00,1,S,1,W
55,266.68,502.20,1,S,5,W
109,443.70,502.30,1,S,1,W
59,270.92,502.50,1,S,5,W
110,445.03,502.60,1,S,1,W
63,273.63,502.80,1,S,5,W
114,452.05,502.90,1,S,1,W
458,373.62,503.10,2,E,5,W
119,456.02,503.20,1,S,1,W
68,284.91,503.40,1,S,5,W
120,456.20,503.50,1,S,1,W
69,285.23,503.70,1,S,5,W
123,460.62,503.80,1,S,1,W
76,334.15,504.00,1,S,5,W
128,469.05,504.10,1,S,1,W
270,281.72,504.30,1,W,5,W
273,308.03,504.60,1,W,5,W
274,309.34,504.90,1,W,5,W
275,317.58,505.20,1,W,5,W
277,345.37,505.50,1,W,5,W
278,354.03,505.80,1,W,5,W
107,440.93,514.80,1,S,1,E
115,453.53,515.10,1,S,1,E
121,458.38,515.40,1,S,1,E
51,261.20,515.50,1,S,5,E
74,297.32,515.80,1,S,5,E
48,257.90,521.64,1,S,5,N
49,258.91,521.94,1,S,5,N
52,262.60,522.24,1,S,5,N
56,267.52,522.54,1,S,5,N
58,269.06,522.84,1,S,5,N
61,272.56,523.14,1,S,5,N
62,272.63,523.44,1,S,5,N
431,347.96,523.74,2,W,5,N
457,324.13,524.04,2,E,5,N
432,358.15,524.34,2,W,5,N
433,395.87,524.64,2,W,5,N
67,284.51,524.94,1,S,5,N
70,286.57,525.24,1,S,5,N
71,287.38,525.54,1,S,5,N
72,289.50,525.84,1,S,5,N
73,290.19,526.14,1,S,5,N
75,302.66,526.44,1,S,5,N
269,266.04,526.74,1,W,5,N
271,282.85,527.04,1,W,5,N
272,304.23,527.34,1,W,5,N
276,335.66,527.64,1,W,5,N
378,369.13,527.94,1,E,5,N
379,373.05,528.24,1,E,5,N
381,390.68,528.54,1,E,5,N
141,514.40,528.54,1,S,1,E
530,406.53,530.17,3,E,5,N
487,409.81,530.47,3,W,5,N
531,407.98,530.77,3,E,5,N
488,430.62,531.07,3,W,5,N
490,442.46,531.07,3,W,5,N
143,517.17,531.31,1,S,1,E
533,410.78,531.37,3,E,5,N
535,451.62,531.67,3,E,5,N
536,452.85,531.97,3,E,5,N
96,417.25,536.87,1,S,3,E
147,524.76,538.89,1,S,1,E
286,432.08,541.37,1,W,3,W
537,484.03,545.80,3,E,5,N
614,483.16,565.64,5,W,5,N
615,495.97,565.94,5,W,5,N
616,497.69,566.24,5,W,5,N
617,499.62,566.54,5,W,5,N
618,507.11,566.84,5,W,5,N
619,508.91,567.14,5,W,5,N
620,510.34,567.44,5,W,5,N
621,527.06,567.74,5,W,5,N
622,542.10,568.04,5,W,5,N
623,542.62,568.34,5,W,5,N
624,552.76,568.64,5,W,5,N
625,553.82,568.94,5,W,5,N
626,555.25,569.24,5,W,5,N
627,556.63,569.54,5,W,5,N
628,558.57,569.84,5,W,5,N
629,559.30,570.14,5,W,5,N
630,561.72,570.44,5,W,5,N
631,562.78,570.74,5,W,5,N
632,564.26,571.04,5,W,5,N
633,566.94,573.08,5,W,5,N
712,517.37,579.64,5,E,5,N
713,563.22,579.94,5,E,5,N
714,567.10,580.24,5,E,5,N
108,443.24,598.80,1,S,3,W
127,467.62,599.10,1,S,3,W
382,398.12,599.40,1,E,5,W
532,409.75,599.70,3,E,5,W
489,432.74,600.00,3,W,5,W
534,449.87,600.30,3,E,5,W
78,339.11,600.60,1,S,5,W
298,513.34,600.60,1,W,2,W
83,351.49,600.90,1,S,5,W
86,355.14,601.20,1,S,5,W
460,464.06,601.50,2,E,5,W
436,444.49,601.80,2,W,5,W
98,423.81,602.10,1,S,5,W
101,426.56,602.40,1,S,5,W
133,502.96,602.40,1,S,1,W
103,431.45,602.70,1,S,5,W
144,519.85,602.70,1,S,1,W
383,409.56,603.00,1,E,5,W
156,569.87,603.00,1,S,1,W
388,429.61,603.30,1,E,5,W
387,426.49,615.40,1,E,5,E
80,347.95,621.54,1,S,5,N
87,356.51,621.84,1,S,5,N
88,357.54,622.14,1,S,5,N
92,383.97,622.44,1,S,5,N
459,415.90,622.74,2,E,5,N
434,430.57,623.04,2,W,5,N
435,433.70,623.34,2,W,5,N
437,468.11,623.64,2,W,5,N
438,478.38,623.94,2,W,5,N
492,522.17,624.13,3,W,5,E
461,485.03,624.24,2,E,5,N
93,414.28,624.54,1,S,5,N
99,423.99,624.84,1,S,5,N
100,426.54,625.14,1,S,5,N
102,426.74,625.44,1,S,5,N
104,432.70,625.74,1,S,5,N
279,376.72,626.04,1,W,5,N
280,377.69,626.34,1,W,5,N
440,590.47,626.54,2,W,3,W
281,398.73,626.64,1,W,5,N
282,417.31,626.94,1,W,5,N
283,418.89,627.24,1,W,5,N
164,613.12,627.26,1,S,1,E
284,424.06,627.54,1,W,5,N
285,425.53,627.84,1,W,5,N
287,432.98,628.14,1,W,5,N
289,455.70,628.44,1,W,5,N
290,457.58,628.74,1,W,5,N
291,457.83,629.04,1,W,5,N
292,459.75,629.34,1,W,5,N
384,412.57,629.64,1,E,5,N
385,421.67,629.94,1,E,5,N
386,423.78,630.24,1,E,5,N
389,432.08,630.54,1,E,5,N
464,594.52,630.59,2,E,3,W
390,437.73,630.84,1,E,5,N
391,456.18,631.14,1,E,5,N
392,461.57,631.44,1,E,5,N
393,498.92,631.74,1,E,5,N
538,529.97,632.04,3,E,5,N
540,551.46,632.34,3,E,5,N
541,552.92,632.64,3,E,5,N
494,547.66,632.94,3,W,5,N
542,554.10,633.24,3,E,5,N
495,563.98,633.54,3,W,5,N
145,521.15,639.97,1,S,3,W
149,527.40,640.87,1,S,3,W
293,484.40,641.47,1,W,3,E
634,573.11,665.54,5,W,5,N
635,574.44,665.84,5,W,5,N
636,584.94,666.14,5,W,5,N
637,586.48,666.44,5,W,5,N
638,599.31,666.74,5,W,5,N
639,600.82,667.04,5,W,5,N
640,601.91,667.34,5,W,5,N
641,603.42,667.64,5,W,5,N
642,618.07,667.94,5,W,5,N
643,620.45,668.24,5,W,5,N
644,623.19,668.54,5,W,5,N
645,638.15,668.84,5,W,5,N
646,648.88,669.14,5,W,5,N
647,651.09,669.44,5,W,5,N
648,652.09,669.74,5,W,5,N
649,654.05,670.04,5,W,5,N
650,655.57,670.34,5,W,5,N
651,656.61,670.64,5,W,5,N
652,664.16,670.94,5,W,5,N
715,614.03,679.54,5,E,5,N
716,655.88,679.84,5,E,5,N
717,664.60,680.14,5,E,5,N
718,676.72,682.85,5,E,5,N
158,602.26,698.60,1,S,3,W
491,509.73,699.30,3,W,5,W
539,539.47,699.60,3,E,5,W
493,542.03,699.90,3,W,5,W
543,555.10,700.20,3,E,5,W
544,556.76,700.50,3,E,5,W
161,608.72,700.70,1,S,2,W
111,446.77,700.80,1,S,5,W
307,575.06,701.00,1,W,2,W
124,462.32,701.10,1,S,5,W
439,561.47,701.40,2,W,5,W
130,469.48,701.70,1,S,5,W
135,505.43,702.00,1,S,5,W
137,507.47,702.30,1,S,5,W
140,513.09,702.60,1,S,5,W
165,613.33,702.80,1,S,1,W
146,523.65,702.90,1,S,5,W
302,549.41,703.20,1,W,5,W
303,551.41,703.50,1,W,5,W
396,547.68,703.80,1,E,5,W
441,601.60,712.87,2,W,3,E
113,450.56,715.30,1,S,5,E
118,455.15,715.60,1,S,5,E
122,459.33,715.90,1,S,5,E
125,464.45,716.20,1,S,5,E
105,439.86,721.44,1,S,5,N
106,440.01,721.74,1,S,5,N
112,447.25,722.04,1,S,5,N
116,454.74,722.34,1,S,5,N
117,454.81,722.64,1,S,5,N
126,467.30,722.94,1,S,5,N
129,469.25,723.24,1,S,5,N
462,530.17,723.54,2,E,5,N
463,550.05,723.84,2,E,5,N
131,500.20,724.14,1,S,5,N
132,501.34,724.44,1,S,5,N
134,504.36,724.74,1,S,5,N
136,506.76,725.04,1,S,5,N
138,508.72,725.34,1,S,5,N
139,511.16,725.64,1,S,5,N
142,515.49,725.94,1,S,5,N
148,526.25,726.24,1,S,5,N
150,529.33,726.54,1,S,5,N
294,486.30,726.84,1,W,5,N
295,489.81,727.14,1,W,5,N
178,713.19,727.33,1,S,1,E
296,495.39,727.44,1,W,5,N
297,496.83,727.74,1,W,5,N
299,520.57,728.04,1,W,5,N
300,526.69,728.34,1,W,5,N
301,528.24,728.64,1,W,5,N
304,553.21,728.94,1,W,5,N
305,565.89,729.24,1,W,5,N
394,517.13,729.54,1,E,5,N
395,531.91,729.84,1,E,5,N
545,606.43,730.14,3,E,5,N
547,609.51,730.37,3,E,5,N
549,611.94,730.97,3,E,5,N
550,631.20,731.27,3,E,5,N
313,610.19,740.07,1,W,3,W
314,626.87,740.37,1,W,3,E
497,685.81,747.58,3,W,5,N
552,688.13,749.90,3,E,5,N
653,674.69,765.44,5,W,5,N
654,693.94,765.74,5,W,5,N
655,695.32,766.04,5,W,5,N
656,697.12,766.34,5,W,5,N
657,697.64,766.64,5,W,5,N
658,698.95,766.94,5,W,5,N
659,699.99,767.24,5,W,5,N
660,701.37,767.54,5,W,5,N
661,709.71,767.84,5,W,5,N
662,710.88,768.14,5,W,5,N
663,713.72,768.44,5,W,5,N
664,714.85,768.74,5,W,5,N
665,716.63,769.04,5,W,5,N
666,717.35,769.34,5,W,5,N
667,742.77,769.64,5,W,5,N
668,750.18,769.94,5,W,5,N
669,751.12,770.24,5,W,5,N
670,763.77,770.54,5,W,5,N
671,764.22,770.84,5,W,5,N
672,766.26,772.39,5,W,5,N
719,722.42,779.44,5,E,5,N
720,744.59,779.74,5,E,5,N
721,751.41,780.04,5,E,5,N
722,753.99,780.34,5,E,5,N
723,776.58,782.72,5,E,5,N
167,657.23,798.40,1,S,3,W
169,659.11,798.70,1,S,3,W
175,703.89,799.00,1,S,3,W
496,617.11,799.20,3,W,5,W
546,608.05,799.50,3,E,5,W
548,610.69,799.80,3,E,5,W
551,675.43,800.10,3,E,5,W
152,564.29,800.40,1,S,5,W
465,620.87,800.70,2,E,5,W
179,713.79,800.80,1,S,2,W
467,674.42,801.00,2,E,5,W
160,607.35,801.30,1,S,5,W
162,610.01,801.60,1,S,5,W
166,614.95,801.90,1,S,5,W
306,566.96,802.20,1,W,5,W
308,577.17,802.50,1,W,5,W
312,608.56,802.80,1,W,5,W
316,644.61,803.10,1,W,5,W
174,703.86,803.20,1,S,1,W
398,622.95,803.40,1,E,5,W
180,715.33,803.50,1,S,1,W
399,625.05,803.70,1,E,5,W
181,716.29,803.80,1,S,1,W
400,628.08,804.00,1,E,5,W
182,717.20,804.10,1,S,1,W
404,655.62,804.30,1,E,5,W
183,718.51,804.40,1,S,1,W
188,753.02,804.70,1,S,1,W
189,754.02,805.00,1,S,1,W
191,757.00,805.30,1,S,1,W
194,759.84,805.60,1,S,1,W
196,761.55,805.90,1,S,1,W
198,793.16,807.29,1,S,1,W
199,794.64,808.77,1,S,1,W
200,796.60,810.74,1,S,1,W
318,649.17,815.20,1,W,5,E
204,806.51,820.65,1,S,1,E
151,564.17,821.34,1,S,5,N
153,566.11,821.64,1,S,5,N
154,566.19,821.94,1,S,5,N
155,567.87,822.24,1,S,5,N
157,601.84,822.54,1,S,5,N
466,646.31,822.84,2,E,5,N
442,622.98,823.14,2,W,5,N
443,633.88,823.44,2,W,5,N
444,647.86,823.74,2,W,5,N
445,687.54,824.04,2,W,5,N
159,605.47,824.34,1,S,5,N
163,612.21,824.64,1,S,5,N
309,581.11,824.94,1,W,5,N
310,602.89,825.24,1,W,5,N
311,603.01,825.54,1,W,5,N
315,642.05,825.84,1,W,5,N
317,645.93,826.14,1,W,5,N
397,613.66,826.44,1,E,5,N
401,630.91,826.74,1,E,5,N
402,636.89,827.04,1,E,5,N
403,653.29,827.34,1,E,5,N
405,693.10,827.64,1,E,5,N
498,757.34,829.57,3,W,5,N
553,721.05,829.87,3,E,5,N
499,759.49,829.87,3,W,5,N
501,789.77,851.54,3,W,5,N
673,780.01,865.34,5,W,5,N
674,781.55,865.64,5,W,5,N
675,782.03,865.94,5,W,5,N
676,796.85,866.24,5,W,5,N
677,797.59,866.54,5,W,5,N
678,826.73,866.84,5,W,5,N
679,829.40,867.14,5,W,5,N
680,831.23,867.44,5,W,5,N
681,851.17,867.74,5,W,5,N
724,831.45,879.34,5,E,5,N
725,848.35,879.64,5,E,5,N
726,848.74,879.94,5,E,5,N
727,850.56,880.24,5,E,5,N
728,851.68,880.54,5,E,5,N
406,698.30,899.10,1,E,5,W
554,768.02,899.40,3,E,5,W
500,763.14,899.70,3,W,5,W
168,658.13,900.00,1,S,5,W
176,705.50,900.30,1,S,5,W
184,719.64,900.60,1,S,5,W
319,668.20,900.90,1,W,5,W
207,812.20,900.90,1,S,2,W
320,668.47,901.20,1,W,5,W
321,668.70,901.50,1,W,5,W
323,687.30,901.80,1,W,5,W
326,706.73,902.10,1,W,5,W
327,719.24,902.40,1,W,5,W
408,747.46,902.70,1,E,5,W
409,747.59,903.00,1,E,5,W
410,781.10,903.30,1,E,5,W
211,839.06,903.60,1,S,1,W
213,841.89,903.90,1,S,1,W
218,889.84,903.98,1,S,1,W
219,891.26,905.39,1,S,1,W
449,873.17,913.67,2,W,3,W
331,754.51,915.10,1,W,5,E
214,881.81,916.40,1,S,1,E
217,887.88,916.70,1,S,1,E
170,698.94,921.24,1,S,5,N
171,700.17,921.54,1,S,5,N
172,700.39,921.84,1,S,5,N
173,702.34,922.14,1,S,5,N
468,715.85,922.44,2,E,5,N
446,770.55,922.74,2,W,5,N
469,734.05,923.04,2,E,5,N
470,775.08,923.34,2,E,5,N
177,705.85,923.64,1,S,5,N
322,677.86,923.94,1,W,5,N
324,693.58,924.24,1,W,5,N
325,703.56,924.54,1,W,5,N
328,720.45,924.84,1,W,5,N
329,730.22,925.14,1,W,5,N
330,745.42,925.44,1,W,5,N
407,708.57,925.74,1,E,5,N
411,786.13,926.04,1,E,5,N
502,798.71,929.37,3,W,5,N
556,827.53,929.67,3,E,5,N
558,870.35,932.12,3,E,5,N
335,805.14,939.37,1,W,3,E
342,822.38,941.47,1,W,3,E
344,826.89,942.07,1,W,3,E
414,839.13,944.47,1,E,3,W
682,874.05,965.24,5,W,5,N
683,874.29,965.54,5,W,5,N
684,876.04,965.84,5,W,5,N
685,894.23,966.14,5,W,5,N
555,810.59,999.00,3,E,5,W
503,864.05,999.30,3,W,5,W
557,829.45,999.60,3,E,5,W
187,752.18,999.90,1,S,5,W
190,755.56,1000.20,1,S,5,W
192,757.14,1000.50,1,S,5,W
203,800.71,1000.80,1,S,5,W
356,898.93,1001.00,1,W,2,E
332,771.27,1001.10,1,W,5,W
334,798.23,1001.40,1,W,5,W
336,810.94,1001.70,1,W,5,W
339,817.52,1002.00,1,W,5,W
345,830.58,1002.30,1,W,5,W
346,838.22,1002.60,1,W,5,W
418,883.63,1002.90,1,E,5,W
185,750.07,1015.00,1,S,5,E
341,821.60,1015.30,1,W,5,E
347,839.63,1015.60,1,W,5,E
186,750.79,1021.14,1,S,5,N
193,759.24,1021.44,1,S,5,N
195,761.40,1021.74,1,S,5,N
197,792.35,1022.04,1,S,5,N
201,798.19,1022.34,1,S,5,N
202,798.84,1022.64,1,S,5,N
471,812.76,1022.94,2,E,5,N
447,850.61,1023.24,2,W,5,N
472,840.61,1023.54,2,E,5,N
448,859.16,1023.84,2,W,5,N
473,889.17,1024.14,2,E,5,N
205,807.03,1024.44,1,S,5,N
206,807.65,1024.74,1,S,5,N
208,813.82,1025.04,1,S,5,N
209,814.88,1025.34,1,S,5,N
210,814.97,1025.64,1,S,5,N
333,778.13,1025.94,1,W,5,N
337,814.70,1026.24,1,W,5,N
338,816.00,1026.54,1,W,5,N
340,818.37,1026.84,1,W,5,N
343,824.32,1027.14,1,W,5,N
348,841.18,1027.44,1,W,5,N
349,843.10,1027.74,1,W,5,N
412,812.28,1028.04,1,E,5,N
413,822.41,1028.34,1,E,5,N
415,840.56,1028.64,1,E,5,N
416,855.62,1028.94,1,E,5,N
417,856.67,1029.24,1,E,5,N
419,899.59,1029.54,1,E,5,N
216,884.89,1098.90,1,S,5,W
220,893.09,1099.20,1,S,5,W
350,869.03,1099.50,1,W,5,W
355,898.74,1114.90,1,W,5,E
212,840.69,1121.04,1,S,5,N
215,883.00,1121.34,1,S,5,N
221,895.28,1121.64,1,S,5,N
222,896.86,1121.94,1,S,5,N
351,882.96,1122.24,1,W,5,N
352,884.11,1122.54,1,W,5,N
353,886.11,1122.84,1,W,5,N
354,887.92,1123.14,1,W,5,N