id,enter_time,exit_time,entrance_intersection,entrance_direction,exit_intersection,exit_direction
451,19.31,66.14,5,W,5,N
452,32.02,66.44,5,W,5,N
453,33.47,66.74,5,W,5,N
454,34.97,67.04,5,W,5,N
455,36.44,67.34,5,W,5,N
456,38.19,67.64,5,W,5,N
457,40.09,67.94,5,W,5,N
458,40.97,68.24,5,W,5,N
459,42.12,68.54,5,W,5,N
460,42.56,68.84,5,W,5,N
461,45.45,69.14,5,W,5,N
462,46.63,69.44,5,W,5,N
463,48.00,69.74,5,W,5,N
464,48.75,70.04,5,W,5,N
465,59.72,70.34,5,W,5,N
466,60.09,70.64,5,W,5,N
467,70.21,76.35,5,W,5,N
571,6.21,80.14,5,E,5,N
572,9.78,80.44,5,E,5,N
573,76.61,82.75,5,E,5,N
574,90.64,96.77,5,E,5,N
275,5.85,100.10,1,E,2,W
129,3.96,100.10,1,W,2,E
3,41.25,100.40,1,S,1,W
8,47.36,100.70,1,S,1,W
11,48.95,101.00,1,S,1,W
15,92.98,107.11,1,S,1,W
16,93.08,107.22,1,S,1,W
336,7.85,112.27,2,W,3,W
4,42.13,113.20,1,S,1,E
18,94.01,113.50,1,S,1,E
411,35.20,130.97,3,E,5,N
277,24.67,138.27,1,E,3,W
10,48.30,141.42,1,S,2,E
412,83.73,145.50,3,E,5,N
468,89.72,166.04,5,W,5,N
469,97.55,166.34,5,W,5,N
470,131.53,166.64,5,W,5,N
471,138.36,166.94,5,W,5,N
472,145.73,167.24,5,W,5,N
473,171.06,177.19,5,W,5,N
575,141.90,180.04,5,E,5,N
576,163.06,180.34,5,E,5,N
577,165.51,180.64,5,E,5,N
578,169.38,180.94,5,E,5,N
2,40.69,199.60,1,S,3,E
384,64.28,199.80,3,W,5,W
337,47.78,200.10,2,W,5,W
143,120.37,200.20,1,W,2,W
130,18.42,200.40,1,W,5,W
132,22.79,200.70,1,W,5,W
23,134.27,200.80,1,S,1,W
278,27.44,201.00,1,E,5,W
281,71.37,201.30,1,E,5,W
579,195.64,201.78,5,E,5,N
135,64.50,215.80,1,W,5,E
276,22.07,216.10,1,E,5,E
359,46.06,221.94,2,E,5,N
360,93.61,222.24,2,E,5,N
131,19.48,222.54,1,W,5,N
133,24.31,222.84,1,W,5,N
134,49.42,223.14,1,W,5,N
279,31.72,223.44,1,E,5,N
280,57.77,223.74,1,E,5,N
282,90.78,224.04,1,E,5,N
385,115.55,230.77,3,W,5,N
413,102.61,231.07,3,E,5,N
386,119.29,231.37,3,W,5,N
414,120.14,231.67,3,E,5,N
415,155.46,231.97,3,E,5,N
416,168.90,232.27,3,E,5,N
387,174.88,236.65,3,W,5,N
144,136.70,238.97,1,W,3,W
31,232.52,246.66,1,S,1,E
474,220.02,265.94,5,W,5,N
475,222.39,266.24,5,W,5,N
476,223.74,266.54,5,W,5,N
477,225.52,266.84,5,W,5,N
478,231.94,267.14,5,W,5,N
479,233.40,267.44,5,W,5,N
480,238.18,267.74,5,W,5,N
481,239.39,268.04,5,W,5,N
580,220.16,279.94,5,E,5,N
581,229.53,280.24,5,E,5,N
582,238.50,280.54,5,E,5,N
583,240.44,280.84,5,E,5,N
584,240.57,281.14,5,E,5,N
388,176.48,299.70,3,W,5,W
417,176.81,300.00,3,E,5,W
158,235.34,300.30,1,W,2,E
418,196.02,300.30,3,E,5,W
5,43.73,300.60,1,S,5,W
12,85.93,300.90,1,S,5,W
32,263.13,301.20,1,S,1,W
20,95.40,301.20,1,S,5,W
44,275.18,301.50,1,S,1,W
361,122.36,301.50,2,E,5,W
339,152.96,301.80,2,W,5,W
25,135.39,302.10,1,S,5,W
136,84.50,302.40,1,W,5,W
137,86.21,302.70,1,W,5,W
142,120.02,303.00,1,W,5,W
150,158.83,303.30,1,W,5,W
288,172.80,303.60,1,E,5,W
9,48.21,315.70,1,S,5,E
17,93.25,316.00,1,S,5,E
22,100.88,316.30,1,S,5,E
24,134.92,316.60,1,S,5,E
0,38.94,321.84,1,S,5,N
1,39.59,322.14,1,S,5,N
6,46.78,322.44,1,S,5,N
7,46.85,322.74,1,S,5,N
13,86.70,323.04,1,S,5,N
14,92.04,323.34,1,S,5,N
19,95.15,323.64,1,S,5,N
21,96.05,323.94,1,S,5,N
338,140.46,324.24,2,W,5,N
362,166.41,324.54,2,E,5,N
363,185.22,324.84,2,E,5,N
138,87.22,325.14,1,W,5,N
139,88.27,325.44,1,W,5,N
140,104.62,325.74,1,W,5,N
141,106.56,326.04,1,W,5,N
145,138.00,326.34,1,W,5,N
146,139.13,326.64,1,W,5,N
147,139.76,326.94,1,W,5,N
148,140.91,327.24,1,W,5,N
149,157.28,327.54,1,W,5,N
283,126.53,327.84,1,E,5,N
284,131.42,328.14,1,E,5,N
285,132.68,328.44,1,E,5,N
286,167.78,328.74,1,E,5,N
287,172.70,329.04,1,E,5,N
289,199.96,329.34,1,E,5,N
389,230.04,330.57,3,W,5,N
390,233.49,330.87,3,W,5,N
420,273.74,335.51,3,E,5,N
422,277.05,338.82,3,E,5,N
293,296.87,359.05,1,E,3,E
482,274.75,365.84,5,W,5,N
483,276.73,366.14,5,W,5,N
484,277.34,366.44,5,W,5,N
485,279.44,366.74,5,W,5,N
486,281.37,367.04,5,W,5,N
487,292.28,367.34,5,W,5,N
488,292.67,367.64,5,W,5,N
489,300.38,367.94,5,W,5,N
490,330.30,368.24,5,W,5,N
491,332.28,368.54,5,W,5,N
492,334.91,368.84,5,W,5,N
493,336.69,369.14,5,W,5,N
494,355.41,369.44,5,W,5,N
495,364.75,370.89,5,W,5,N
585,314.69,379.84,5,E,5,N
586,318.63,380.14,5,E,5,N
587,359.54,380.44,5,E,5,N
419,243.40,399.60,3,E,5,W
391,256.32,399.90,3,W,5,W
392,262.99,400.20,3,W,5,W
180,329.46,400.40,1,W,2,W
421,275.37,400.50,3,E,5,W
294,308.85,400.70,1,E,2,W
423,278.38,400.80,3,E,5,W
295,331.08,401.00,1,E,2,W
393,287.09,401.10,3,W,5,W
424,287.73,401.40,3,E,5,W
47,355.48,401.60,1,S,1,W
26,159.58,401.70,1,S,5,W
59,374.65,401.90,1,S,1,W
27,160.07,402.00,1,S,5,W
28,160.23,402.30,1,S,5,W
29,167.64,402.60,1,S,5,W
152,188.96,402.90,1,W,5,W
153,204.63,403.20,1,W,5,W
155,233.38,403.50,1,W,5,W
160,237.69,403.80,1,W,5,W
163,256.65,404.10,1,W,5,W
52,362.79,414.40,1,S,1,E
364,217.85,415.60,2,E,5,E
340,246.17,415.90,2,W,5,E
341,252.40,416.20,2,W,5,E
30,195.63,421.74,1,S,5,N
365,229.89,422.04,2,E,5,N
366,243.90,422.34,2,E,5,N
367,287.03,422.64,2,E,5,N
151,180.66,422.94,1,W,5,N
154,207.96,423.24,1,W,5,N
156,233.47,423.54,1,W,5,N
157,233.64,423.84,1,W,5,N
159,236.43,424.14,1,W,5,N
161,253.86,424.44,1,W,5,N
162,255.62,424.74,1,W,5,N
290,202.20,425.04,1,E,5,N
291,228.81,425.34,1,E,5,N
292,268.33,425.64,1,E,5,N
425,320.05,430.37,3,E,5,N
394,312.55,430.67,3,W,5,N
396,334.16,430.97,3,W,5,N
397,358.87,431.27,3,W,5,N
45,319.20,436.47,1,S,3,W
164,268.09,437.07,1,W,3,W
172,317.37,439.47,1,W,3,W
57,373.68,442.92,1,S,2,W
496,401.85,465.74,5,W,5,N
497,403.34,466.04,5,W,5,N
498,408.82,466.34,5,W,5,N
499,419.60,466.64,5,W,5,N
500,419.64,466.94,5,W,5,N
501,421.16,467.24,5,W,5,N
502,421.80,467.54,5,W,5,N
503,422.96,467.84,5,W,5,N
504,424.90,468.14,5,W,5,N
505,437.70,468.44,5,W,5,N
506,444.20,468.74,5,W,5,N
507,446.51,469.04,5,W,5,N
508,452.32,469.34,5,W,5,N
588,409.10,479.74,5,E,5,N
589,418.86,480.04,5,E,5,N
590,448.64,480.34,5,E,5,N
591,490.64,496.78,5,E,5,N
592,491.07,497.20,5,E,5,N
395,315.51,499.50,3,W,5,W
426,372.72,499.80,3,E,5,W
35,267.84,500.10,1,S,5,W
42,274.28,500.40,1,S,5,W
303,423.97,500.50,1,E,2,W
43,274.83,500.70,1,S,5,W
344,393.05,501.00,2,W,5,W
166,272.09,501.30,1,W,5,W
169,286.51,501.60,1,W,5,W
173,318.46,501.90,1,W,5,W
66,451.11,502.00,1,S,1,W
179,328.43,502.20,1,W,5,W
71,455.83,502.30,1,S,1,W
185,345.43,502.50,1,W,5,W
298,348.14,502.80,1,E,5,W
593,498.81,504.94,5,E,5,N
38,269.42,515.50,1,S,5,E
41,273.56,515.80,1,S,5,E
297,342.55,516.10,1,E,5,E
300,370.46,516.40,1,E,5,E
347,481.43,517.51,2,W,3,E
33,263.90,521.64,1,S,5,N
34,265.68,521.94,1,S,5,N
36,268.35,522.24,1,S,5,N
37,269.16,522.54,1,S,5,N
39,269.59,522.84,1,S,5,N
40,271.84,523.14,1,S,5,N
368,336.71,523.44,2,E,5,N
342,344.36,523.74,2,W,5,N
343,354.17,524.04,2,W,5,N
369,377.33,524.34,2,E,5,N
46,323.65,524.64,1,S,5,N
165,268.65,524.94,1,W,5,N
167,272.32,525.24,1,W,5,N
168,285.11,525.54,1,W,5,N
170,287.66,525.84,1,W,5,N
171,300.79,526.14,1,W,5,N
174,320.10,526.44,1,W,5,N
175,321.23,526.74,1,W,5,N
176,322.34,527.04,1,W,5,N
177,323.96,527.34,1,W,5,N
178,325.34,527.64,1,W,5,N
181,330.41,527.94,1,W,5,N
182,332.05,528.24,1,W,5,N
183,343.36,528.54,1,W,5,N
184,344.37,528.84,1,W,5,N
186,365.58,529.14,1,W,5,N
296,332.48,529.44,1,E,5,N
299,368.07,529.74,1,E,5,N
301,375.88,530.04,1,E,5,N
302,390.75,530.34,1,E,5,N
427,410.87,530.64,3,E,5,N
398,431.50,530.94,3,W,5,N
399,459.90,531.24,3,W,5,N
429,413.62,531.54,3,E,5,N
431,420.90,531.84,3,E,5,N
305,457.56,542.57,1,E,3,E
77,532.43,546.57,1,S,1,E
509,473.58,565.64,5,W,5,N
510,482.50,565.94,5,W,5,N
511,509.74,566.24,5,W,5,N
512,511.41,566.54,5,W,5,N
513,524.27,566.84,5,W,5,N
514,526.69,567.14,5,W,5,N
515,561.23,567.36,5,W,5,N
516,562.90,569.04,5,W,5,N
594,507.00,579.64,5,E,5,N
595,512.08,579.94,5,E,5,N
596,580.72,586.86,5,E,5,N
428,411.97,599.40,3,E,5,W
430,419.10,599.70,3,E,5,W
432,463.48,600.00,3,E,5,W
433,472.98,600.30,3,E,5,W
50,361.30,600.60,1,S,5,W
54,364.12,600.90,1,S,5,W
371,427.84,601.20,2,E,5,W
62,411.92,601.50,1,S,5,W
187,366.40,601.80,1,W,5,W
193,398.89,602.10,1,W,5,W
194,414.67,602.40,1,W,5,W
82,539.77,602.40,1,S,1,W
195,414.90,602.70,1,W,5,W
197,418.57,603.00,1,W,5,W
198,438.59,603.30,1,W,5,W
199,439.80,603.60,1,W,5,W
201,442.72,603.90,1,W,5,W
203,447.68,604.20,1,W,5,W
200,441.15,615.40,1,W,5,E
48,357.24,621.54,1,S,5,N
49,358.73,621.84,1,S,5,N
51,362.73,622.14,1,S,5,N
53,363.06,622.44,1,S,5,N
55,369.54,622.74,1,S,5,N
56,372.04,623.04,1,S,5,N
58,374.10,623.34,1,S,5,N
60,375.65,623.64,1,S,5,N
370,405.47,623.94,2,E,5,N
345,415.82,624.24,2,W,5,N
346,447.86,624.54,2,W,5,N
372,459.49,624.84,2,E,5,N
373,500.16,625.14,2,E,5,N
61,411.24,625.44,1,S,5,N
188,387.04,625.74,1,W,5,N
189,388.59,626.04,1,W,5,N
190,394.04,626.34,1,W,5,N
191,395.86,626.64,1,W,5,N
192,397.11,626.94,1,W,5,N
196,416.79,627.24,1,W,5,N
202,445.93,627.54,1,W,5,N
304,427.28,627.84,1,E,5,N
306,500.59,628.14,1,E,5,N
400,519.80,629.97,3,W,5,N
434,507.18,630.27,3,E,5,N
435,508.30,630.57,3,E,5,N
436,549.82,630.87,3,E,5,N
206,470.65,638.47,1,W,3,E
83,540.01,641.32,1,S,2,W
220,558.57,642.67,1,W,3,E
437,583.09,644.86,3,E,5,N
401,588.58,650.35,3,W,5,N
517,573.77,665.54,5,W,5,N
518,576.13,665.84,5,W,5,N
519,576.80,666.14,5,W,5,N
520,592.49,666.44,5,W,5,N
521,595.27,666.74,5,W,5,N
522,602.34,667.04,5,W,5,N
523,615.29,667.34,5,W,5,N
524,616.90,667.64,5,W,5,N
525,617.49,667.94,5,W,5,N
526,660.71,668.24,5,W,5,N
527,661.84,668.54,5,W,5,N
528,662.25,668.84,5,W,5,N
597,632.21,679.54,5,E,5,N
598,638.06,679.84,5,E,5,N
599,638.90,680.14,5,E,5,N
600,639.65,680.44,5,E,5,N
601,639.94,680.74,5,E,5,N
602,645.77,681.04,5,E,5,N
402,590.44,699.30,3,W,5,W
65,449.23,699.60,1,S,5,W
75,496.18,699.90,1,S,5,W
78,536.21,700.20,1,S,5,W
79,537.26,700.50,1,S,5,W
226,588.97,700.70,1,W,2,W
204,467.49,700.80,1,W,5,W
231,622.86,701.00,1,W,2,W
209,485.62,701.10,1,W,5,W
210,485.68,701.40,1,W,5,W
216,523.22,701.70,1,W,5,W
218,541.25,702.00,1,W,5,W
219,558.16,702.30,1,W,5,W
309,577.07,702.60,1,E,5,W
95,658.75,702.80,1,S,1,W
310,585.11,702.93,1,E,5,W
350,674.64,712.87,2,W,3,W
348,574.85,715.30,2,W,5,E
205,469.06,715.60,1,W,5,E
63,442.80,721.44,1,S,5,N
64,443.73,721.74,1,S,5,N
67,452.81,722.04,1,S,5,N
68,452.82,722.34,1,S,5,N
69,453.74,722.64,1,S,5,N
70,453.85,722.94,1,S,5,N
72,457.35,723.24,1,S,5,N
73,457.60,723.54,1,S,5,N
74,461.55,723.84,1,S,5,N
76,497.97,724.14,1,S,5,N
374,548.26,724.44,2,E,5,N
375,559.91,724.74,2,E,5,N
349,589.44,725.04,2,W,5,N
376,599.86,725.34,2,E,5,N
80,537.74,725.64,1,S,5,N
81,538.52,725.94,1,S,5,N
207,472.48,726.24,1,W,5,N
208,484.37,726.54,1,W,5,N
211,487.25,726.84,1,W,5,N
212,490.73,727.14,1,W,5,N
213,491.93,727.44,1,W,5,N
214,493.00,727.74,1,W,5,N
215,509.30,728.04,1,W,5,N
217,524.36,728.34,1,W,5,N
221,560.44,728.64,1,W,5,N
222,562.03,728.94,1,W,5,N
223,564.45,729.24,1,W,5,N
307,548.07,729.54,1,E,5,N
308,549.68,729.84,1,E,5,N
438,636.09,730.14,3,E,5,N
439,643.72,730.44,3,E,5,N
404,656.24,730.74,3,W,5,N
440,651.50,731.04,3,E,5,N
405,660.73,731.34,3,W,5,N
93,623.11,737.67,1,S,3,E
227,590.02,738.87,1,W,3,W
442,687.96,749.73,3,E,5,N
529,689.43,765.44,5,W,5,N
530,708.76,765.74,5,W,5,N
531,709.08,766.04,5,W,5,N
532,710.43,766.34,5,W,5,N
533,711.89,766.64,5,W,5,N
534,711.97,766.94,5,W,5,N
535,713.69,767.24,5,W,5,N
536,715.45,767.54,5,W,5,N
537,717.18,767.84,5,W,5,N
538,744.22,768.14,5,W,5,N
603,719.39,779.44,5,E,5,N
604,722.74,779.74,5,E,5,N
605,745.88,780.04,5,E,5,N
606,746.02,780.34,5,E,5,N
607,762.72,780.64,5,E,5,N
100,695.94,798.40,1,S,3,E
97,691.29,798.40,1,S,3,W
403,653.51,799.20,3,W,5,W
441,686.14,799.50,3,E,5,W
84,543.16,799.80,1,S,5,W
85,544.16,800.10,1,S,5,W
86,584.35,800.40,1,S,5,W
88,586.49,800.70,1,S,5,W
246,711.72,800.80,1,W,2,W
224,580.05,801.00,1,W,5,W
247,718.88,801.10,1,W,2,W
236,638.16,801.30,1,W,5,W
254,746.92,801.40,1,W,2,W
238,663.16,801.60,1,W,5,W
312,608.79,801.90,1,E,5,W
103,728.15,803.20,1,S,1,W
108,773.15,803.50,1,S,1,W
324,782.28,808.40,1,E,2,E
353,774.82,813.57,2,W,3,E
234,627.53,815.20,1,W,5,E
87,585.09,821.34,1,S,5,N
89,586.68,821.64,1,S,5,N
377,649.58,821.94,2,E,5,N
378,677.64,822.24,2,E,5,N
328,796.33,822.45,1,E,2,W
90,618.62,822.54,1,S,5,N
91,619.10,822.84,1,S,5,N
92,621.30,823.14,1,S,5,N
94,623.69,823.44,1,S,5,N
407,740.30,823.73,3,W,5,E
225,581.90,823.74,1,W,5,N
228,605.82,824.04,1,W,5,N
229,620.85,824.34,1,W,5,N
230,621.75,824.64,1,W,5,N
232,624.67,824.94,1,W,5,N
233,625.87,825.24,1,W,5,N
235,628.89,825.54,1,W,5,N
237,641.03,825.84,1,W,5,N
239,664.96,826.14,1,W,5,N
311,603.41,826.44,1,E,5,N
313,649.34,826.74,1,E,5,N
314,653.61,827.04,1,E,5,N
315,656.08,827.34,1,E,5,N
316,684.03,827.64,1,E,5,N
406,714.98,829.57,3,W,5,N
445,769.15,830.92,3,E,5,N
244,708.62,838.07,1,W,3,W
114,828.54,842.68,1,S,1,E
115,828.63,842.77,1,S,1,E
327,791.41,853.60,1,E,3,W
539,781.50,865.34,5,W,5,N
540,783.47,865.64,5,W,5,N
541,785.90,865.94,5,W,5,N
542,790.03,866.24,5,W,5,N
543,793.41,866.54,5,W,5,N
544,799.72,866.84,5,W,5,N
545,807.37,867.14,5,W,5,N
546,808.47,867.44,5,W,5,N
547,809.85,867.74,5,W,5,N
548,811.03,868.04,5,W,5,N
549,811.63,868.34,5,W,5,N
550,811.84,868.64,5,W,5,N
551,817.45,868.94,5,W,5,N
552,819.08,869.24,5,W,5,N
553,826.92,869.54,5,W,5,N
554,827.33,869.84,5,W,5,N
555,831.85,870.14,5,W,5,N
556,831.88,870.44,5,W,5,N
557,833.00,870.74,5,W,5,N
558,833.06,871.04,5,W,5,N
559,834.98,871.34,5,W,5,N
560,845.52,871.64,5,W,5,N
561,860.39,871.94,5,W,5,N
562,861.84,872.24,5,W,5,N
563,863.77,872.54,5,W,5,N
608,803.04,879.34,5,E,5,N
609,827.44,879.64,5,E,5,N
610,832.46,879.94,5,E,5,N
611,842.90,880.24,5,E,5,N
331,800.83,898.20,1,E,3,W
443,730.74,899.10,3,E,5,W
444,732.47,899.40,3,E,5,W
96,690.38,899.70,1,S,5,W
102,699.75,900.00,1,S,5,W
380,760.55,900.30,2,E,5,W
242,686.08,900.60,1,W,5,W
243,702.11,900.90,1,W,5,W
248,720.43,901.20,1,W,5,W
252,728.85,901.50,1,W,5,W
255,750.76,901.80,1,W,5,W
257,767.49,902.10,1,W,5,W
319,702.93,902.40,1,E,5,W
323,758.08,902.70,1,E,5,W
121,836.71,903.60,1,S,1,W
125,875.54,903.90,1,S,1,W
126,875.77,904.20,1,S,1,W
128,878.28,904.50,1,S,1,W
326,787.26,905.09,1,E,5,W
249,723.77,915.10,1,W,5,E
322,723.18,915.40,1,E,5,E
122,870.35,916.40,1,S,1,E
124,874.11,916.70,1,S,1,E
317,701.35,921.24,1,E,5,N
318,701.65,921.54,1,E,5,N
98,692.03,921.84,1,S,5,N
99,695.70,922.14,1,S,5,N
101,697.88,922.44,1,S,5,N
351,766.62,922.74,2,W,5,N
352,771.62,923.04,2,W,5,N
379,719.66,923.34,2,E,5,N
240,683.70,923.64,1,W,5,N
241,685.27,923.94,1,W,5,N
245,710.40,924.24,1,W,5,N
250,725.31,924.54,1,W,5,N
251,727.21,924.84,1,W,5,N
253,730.64,925.14,1,W,5,N
256,752.72,925.44,1,W,5,N
320,704.26,925.74,1,E,5,N
321,722.28,926.04,1,E,5,N
325,786.90,926.34,1,E,5,N
329,797.52,926.64,1,E,5,N
330,799.33,926.94,1,E,5,N
446,816.06,929.37,3,E,5,N
408,805.22,929.67,3,W,5,N
447,817.63,929.97,3,E,5,N
450,865.62,930.57,3,E,5,N
118,831.84,939.07,1,S,3,E
410,882.47,944.24,3,W,5,N
564,880.51,965.24,5,W,5,N
565,881.67,965.54,5,W,5,N
566,884.65,965.84,5,W,5,N
567,885.31,966.14,5,W,5,N
568,886.86,966.44,5,W,5,N
569,887.92,966.74,5,W,5,N
570,898.36,967.04,5,W,5,N
448,827.41,999.00,3,E,5,W
449,828.89,999.30,3,E,5,W
409,870.38,999.60,3,W,5,W
332,802.23,999.90,1,E,5,W
358,862.25,1000.20,2,W,5,W
383,896.89,1000.50,2,E,5,W
112,826.50,1000.80,1,S,5,W
269,876.30,1001.00,1,W,2,E
119,833.68,1001.10,1,S,5,W
263,809.62,1001.40,1,W,5,W
264,819.04,1001.70,1,W,5,W
265,831.71,1002.00,1,W,5,W
268,860.27,1002.30,1,W,5,W
105,766.58,1015.00,1,S,5,E
259,797.58,1015.30,1,W,5,E
266,833.12,1015.60,1,W,5,E
104,765.87,1021.14,1,S,5,N
106,766.87,1021.44,1,S,5,N
107,767.30,1021.74,1,S,5,N
354,808.37,1022.04,2,W,5,N
381,804.73,1022.34,2,E,5,N
382,853.29,1022.64,2,E,5,N
355,809.65,1022.94,2,W,5,N
356,810.75,1023.24,2,W,5,N
357,834.08,1023.54,2,W,5,N
109,820.27,1023.84,1,S,5,N
110,821.70,1024.14,1,S,5,N
111,823.56,1024.44,1,S,5,N
113,826.64,1024.74,1,S,5,N
116,829.07,1025.04,1,S,5,N
117,830.60,1025.34,1,S,5,N
120,834.82,1025.64,1,S,5,N
258,780.63,1025.94,1,W,5,N
260,798.64,1026.24,1,W,5,N
261,806.59,1026.54,1,W,5,N
262,807.87,1026.84,1,W,5,N
267,854.90,1027.14,1,W,5,N
333,830.67,1027.44,1,E,5,N
334,841.61,1027.74,1,E,5,N
335,868.30,1028.04,1,E,5,N
273,894.47,1037.97,1,W,3,E
123,870.99,1098.90,1,S,5,W
270,877.37,1099.20,1,W,5,W
127,877.27,1114.90,1,S,5,E
271,885.39,1115.20,1,W,5,E
274,899.50,1115.50,1,W,5,E
272,887.10,1121.04,1,W,5,N