id,enter_time,exit_time,entrance_intersection,entrance_direction,exit_intersection,exit_direction
427,10.09,66.14,5,W,5,N
428,12.08,66.44,5,W,5,N
429,27.16,66.74,5,W,5,N
430,29.10,67.04,5,W,5,N
431,39.89,67.34,5,W,5,N
432,47.13,67.64,5,W,5,N
433,47.33,67.94,5,W,5,N
434,50.62,68.24,5,W,5,N
435,51.92,68.54,5,W,5,N
436,53.53,68.84,5,W,5,N
437,55.30,69.14,5,W,5,N
438,56.86,69.44,5,W,5,N
439,58.52,69.74,5,W,5,N
440,59.15,70.04,5,W,5,N
441,60.89,70.34,5,W,5,N
442,67.23,73.37,5,W,5,N
443,67.34,73.48,5,W,5,N
444,68.60,74.74,5,W,5,N
570,45.26,80.14,5,E,5,N
571,51.07,80.44,5,E,5,N
572,73.73,80.74,5,E,5,N
101,7.50,100.10,1,W,2,W
107,52.61,100.10,1,W,2,E
250,42.32,100.40,1,E,2,W
251,53.01,100.40,1,E,2,E
7,75.38,100.40,1,S,1,W
8,78.70,100.70,1,S,1,W
13,83.73,101.00,1,S,1,W
573,97.82,103.96,5,E,5,N
17,90.08,104.21,1,S,1,W
302,6.00,112.27,2,W,3,E
338,60.50,112.57,2,E,3,E
361,13.48,130.97,3,W,5,N
384,52.42,131.27,3,E,5,N
20,123.76,137.90,1,S,1,E
105,47.79,137.97,1,W,3,W
249,40.48,139.47,1,E,3,E
445,77.50,166.04,5,W,5,N
446,78.62,166.34,5,W,5,N
447,89.42,166.64,5,W,5,N
448,91.12,166.94,5,W,5,N
449,91.16,167.24,5,W,5,N
450,92.90,167.54,5,W,5,N
451,94.81,167.84,5,W,5,N
452,97.44,168.14,5,W,5,N
453,99.71,168.44,5,W,5,N
454,102.67,168.74,5,W,5,N
455,103.72,169.04,5,W,5,N
456,103.86,169.34,5,W,5,N
457,104.44,169.64,5,W,5,N
458,104.50,169.94,5,W,5,N
459,105.65,170.24,5,W,5,N
460,108.39,170.54,5,W,5,N
461,110.20,170.84,5,W,5,N
462,118.70,171.14,5,W,5,N
463,119.77,171.44,5,W,5,N
464,120.96,171.74,5,W,5,N
465,122.74,172.04,5,W,5,N
466,152.29,172.34,5,W,5,N
467,154.22,172.64,5,W,5,N
468,164.36,172.94,5,W,5,N
574,107.29,180.04,5,E,5,N
575,107.95,180.34,5,E,5,N
576,109.50,180.64,5,E,5,N
577,117.72,180.94,5,E,5,N
578,166.35,181.24,5,E,5,N
16,88.70,199.60,1,S,3,W
362,24.57,199.80,3,W,5,W
363,80.16,200.10,3,W,5,W
260,161.08,200.20,1,E,2,W
385,89.25,200.40,3,E,5,W
339,80.47,200.70,2,E,5,W
19,122.12,200.80,1,S,1,W
305,82.71,201.00,2,W,5,W
27,130.55,201.10,1,S,1,W
98,1.63,201.30,1,W,5,W
30,164.91,201.40,1,S,1,W
103,23.74,201.60,1,W,5,W
31,165.77,201.70,1,S,1,W
254,91.12,208.94,1,E,5,W
255,93.32,211.14,1,E,5,W
306,109.90,212.37,2,W,3,E
342,165.56,212.97,2,E,3,E
247,10.08,215.80,1,E,5,E
35,203.46,217.59,1,S,1,E
36,207.13,221.27,1,S,1,E
0,1.87,221.94,1,S,5,N
337,27.58,222.24,2,E,5,N
303,15.20,222.54,2,W,5,N
304,50.10,222.84,2,W,5,N
99,2.74,223.14,1,W,5,N
100,4.41,223.44,1,W,5,N
102,20.23,223.74,1,W,5,N
104,25.12,224.04,1,W,5,N
106,49.49,224.34,1,W,5,N
108,54.31,224.64,1,W,5,N
248,38.85,224.94,1,E,5,N
252,71.13,225.24,1,E,5,N
253,72.87,225.54,1,E,5,N
387,164.20,231.07,3,E,5,N
388,171.19,232.96,3,E,5,N
469,177.32,265.94,5,W,5,N
470,185.46,266.24,5,W,5,N
471,186.99,266.54,5,W,5,N
472,197.70,266.84,5,W,5,N
473,198.92,267.14,5,W,5,N
474,206.00,267.44,5,W,5,N
475,207.48,267.74,5,W,5,N
476,208.11,268.04,5,W,5,N
477,208.46,268.34,5,W,5,N
478,209.76,268.64,5,W,5,N
479,211.04,268.94,5,W,5,N
480,221.29,269.24,5,W,5,N
481,233.77,269.54,5,W,5,N
482,233.84,269.84,5,W,5,N
483,234.58,270.14,5,W,5,N
484,234.64,270.44,5,W,5,N
485,236.12,270.74,5,W,5,N
486,238.14,271.04,5,W,5,N
487,239.28,271.34,5,W,5,N
488,240.43,271.64,5,W,5,N
489,241.57,271.94,5,W,5,N
579,214.71,279.94,5,E,5,N
580,242.24,280.24,5,E,5,N
33,169.88,299.40,1,S,3,W
364,107.38,299.70,3,W,5,W
386,105.26,300.00,3,E,5,W
132,179.22,300.30,1,W,2,E
41,217.04,300.30,1,S,2,W
365,162.67,300.30,3,W,5,W
138,205.88,300.60,1,W,2,E
389,172.80,300.60,3,E,5,W
141,217.59,300.90,1,W,2,E
390,182.69,300.90,3,E,5,W
146,244.89,301.20,1,W,2,E
42,217.98,301.20,1,S,1,W
391,188.56,301.20,3,E,5,W
581,295.34,301.48,5,E,5,N
44,247.67,301.50,1,S,1,W
4,47.33,301.50,1,S,5,W
9,79.94,301.80,1,S,5,W
10,80.11,302.10,1,S,5,W
12,81.76,302.40,1,S,5,W
14,87.01,302.70,1,S,5,W
341,141.40,303.00,2,E,5,W
307,122.27,303.30,2,W,5,W
310,150.74,303.60,2,W,5,W
23,125.84,303.90,1,S,5,W
113,87.75,304.20,1,W,5,W
116,104.24,304.50,1,W,5,W
121,127.27,304.80,1,W,5,W
124,132.01,305.10,1,W,5,W
129,159.27,305.40,1,W,5,W
258,148.16,305.70,1,E,5,W
312,268.11,312.77,2,W,3,W
43,247.08,314.00,1,S,1,E
3,41.50,315.70,1,S,5,E
308,132.56,316.00,2,W,5,E
119,124.24,316.30,1,W,5,E
1,40.01,321.84,1,S,5,N
2,40.44,322.14,1,S,5,N
5,72.69,322.44,1,S,5,N
6,73.42,322.74,1,S,5,N
11,81.71,323.04,1,S,5,N
15,88.64,323.34,1,S,5,N
18,91.15,323.64,1,S,5,N
340,125.85,323.94,2,E,5,N
309,137.08,324.24,2,W,5,N
343,191.02,324.54,2,E,5,N
21,124.01,324.84,1,S,5,N
22,125.12,325.14,1,S,5,N
24,127.04,325.44,1,S,5,N
25,127.38,325.74,1,S,5,N
26,129.24,326.04,1,S,5,N
314,290.08,326.15,2,W,3,E
109,65.50,326.34,1,W,5,N
110,67.38,326.64,1,W,5,N
111,82.70,326.94,1,W,5,N
112,84.22,327.24,1,W,5,N
114,96.84,327.54,1,W,5,N
115,103.19,327.84,1,W,5,N
117,105.35,328.14,1,W,5,N
118,107.33,328.44,1,W,5,N
120,125.43,328.74,1,W,5,N
122,129.13,329.04,1,W,5,N
123,130.25,329.34,1,W,5,N
125,132.01,329.64,1,W,5,N
126,151.16,329.94,1,W,5,N
127,154.43,330.24,1,W,5,N
128,157.75,330.54,1,W,5,N
130,161.24,330.84,1,W,5,N
131,162.70,331.14,1,W,5,N
256,110.79,331.44,1,E,5,N
257,138.02,331.74,1,E,5,N
259,157.96,332.04,1,E,5,N
261,182.37,332.34,1,E,5,N
262,192.49,332.64,1,E,5,N
366,232.52,332.94,3,W,5,N
393,267.81,333.24,3,E,5,N
135,185.54,338.17,1,W,3,W
144,229.10,340.27,1,W,3,W
368,285.83,341.47,3,W,5,E
369,288.33,350.10,3,W,5,N
490,279.31,365.84,5,W,5,N
491,282.08,366.14,5,W,5,N
492,292.77,366.44,5,W,5,N
493,293.36,366.74,5,W,5,N
494,296.25,367.04,5,W,5,N
495,296.81,367.34,5,W,5,N
496,298.54,367.64,5,W,5,N
497,300.82,367.94,5,W,5,N
498,304.09,368.24,5,W,5,N
499,317.46,368.54,5,W,5,N
500,333.00,368.84,5,W,5,N
501,351.54,369.14,5,W,5,N
502,353.15,369.44,5,W,5,N
503,353.91,369.74,5,W,5,N
504,363.45,370.04,5,W,5,N
505,371.71,377.85,5,W,5,N
582,299.94,379.84,5,E,5,N
583,368.28,380.14,5,E,5,N
584,385.41,391.55,5,E,5,N
392,231.76,399.60,3,E,5,W
394,269.58,399.90,3,E,5,W
367,282.94,400.20,3,W,5,W
154,297.61,400.40,1,W,2,W
28,163.54,400.50,1,S,5,W
158,321.32,400.70,1,W,2,W
37,207.23,400.80,1,S,5,W
166,349.19,401.00,1,W,2,W
142,224.92,401.10,1,W,5,W
147,246.08,401.40,1,W,5,W
50,323.21,401.60,1,S,1,W
149,248.69,401.70,1,W,5,W
55,371.48,401.90,1,S,1,W
150,258.48,402.00,1,W,5,W
57,373.96,402.20,1,S,1,W
151,259.88,402.30,1,W,5,W
265,240.73,402.60,1,E,5,W
266,286.13,403.95,1,E,5,W
29,163.64,415.60,1,S,5,E
134,184.44,415.90,1,W,5,E
136,192.81,416.20,1,W,5,E
32,166.97,421.74,1,S,5,N
34,170.48,422.04,1,S,5,N
344,236.93,422.34,2,E,5,N
311,232.22,422.64,2,W,5,N
313,276.63,422.94,2,W,5,N
345,281.13,423.24,2,E,5,N
38,208.33,423.54,1,S,5,N
39,208.67,423.84,1,S,5,N
40,210.03,424.14,1,S,5,N
133,182.65,424.44,1,W,5,N
371,329.67,424.53,3,W,5,E
137,202.06,424.74,1,W,5,N
139,214.98,425.04,1,W,5,N
140,216.54,425.34,1,W,5,N
143,226.80,425.64,1,W,5,N
145,230.54,425.94,1,W,5,N
148,246.93,426.24,1,W,5,N
263,221.96,426.54,1,E,5,N
264,224.22,426.84,1,E,5,N
370,308.58,430.37,3,W,5,N
396,316.54,430.67,3,E,5,N
397,318.53,430.97,3,E,5,N
52,324.64,436.77,1,S,3,E
153,281.37,437.37,1,W,3,E
506,382.57,465.74,5,W,5,N
507,383.01,466.04,5,W,5,N
508,387.71,466.34,5,W,5,N
509,417.20,466.64,5,W,5,N
510,419.86,466.94,5,W,5,N
511,428.76,467.24,5,W,5,N
512,429.35,467.54,5,W,5,N
513,440.32,467.84,5,W,5,N
514,454.39,468.14,5,W,5,N
515,455.98,468.44,5,W,5,N
516,457.52,468.74,5,W,5,N
517,457.73,469.04,5,W,5,N
585,459.01,479.74,5,E,5,N
586,463.72,480.04,5,E,5,N
587,469.90,480.34,5,E,5,N
395,315.52,499.50,3,E,5,W
372,333.43,499.80,3,W,5,W
398,358.94,500.10,3,E,5,W
373,388.41,500.40,3,W,5,W
46,251.77,500.70,1,S,5,W
47,284.28,501.00,1,S,5,W
49,287.10,501.30,1,S,5,W
348,369.56,501.60,2,E,5,W
317,321.89,501.90,2,W,5,W
63,449.26,502.00,1,S,1,W
318,360.01,502.20,2,W,5,W
64,450.65,502.30,1,S,1,W
155,297.65,502.50,1,W,5,W
157,304.84,502.80,1,W,5,W
160,328.31,503.10,1,W,5,W
161,329.17,503.40,1,W,5,W
162,330.73,503.70,1,W,5,W
269,375.44,504.00,1,E,5,W
270,385.36,504.30,1,E,5,W
349,400.95,512.67,2,E,3,E
163,332.06,515.50,1,W,5,E
45,248.21,521.64,1,S,5,N
48,285.74,521.94,1,S,5,N
315,304.08,522.24,2,W,5,N
346,303.57,522.54,2,E,5,N
347,320.43,522.84,2,E,5,N
316,317.27,523.14,2,W,5,N
51,323.95,523.44,1,S,5,N
152,280.04,523.74,1,W,5,N
156,301.50,524.04,1,W,5,N
159,322.84,524.34,1,W,5,N
164,333.58,524.64,1,W,5,N
165,339.85,524.94,1,W,5,N
167,352.60,525.24,1,W,5,N
267,355.31,525.54,1,E,5,N
268,360.83,525.84,1,E,5,N
399,417.83,530.17,3,E,5,N
401,473.74,535.51,3,E,5,N
174,405.37,539.87,1,W,3,W
402,484.47,546.24,3,E,5,N
518,481.13,565.64,5,W,5,N
519,481.94,565.94,5,W,5,N
520,484.66,566.24,5,W,5,N
521,494.93,566.54,5,W,5,N
522,505.91,566.84,5,W,5,N
523,507.32,567.14,5,W,5,N
524,510.15,567.44,5,W,5,N
525,510.29,567.74,5,W,5,N
526,510.42,568.04,5,W,5,N
527,543.09,568.34,5,W,5,N
528,551.03,568.64,5,W,5,N
529,552.03,568.94,5,W,5,N
530,553.53,569.24,5,W,5,N
531,554.71,569.54,5,W,5,N
532,556.43,569.84,5,W,5,N
533,559.36,570.14,5,W,5,N
534,560.79,570.44,5,W,5,N
535,563.30,570.74,5,W,5,N
536,564.23,571.04,5,W,5,N
537,566.34,572.48,5,W,5,N
538,567.39,573.53,5,W,5,N
539,569.39,575.53,5,W,5,N
540,571.13,577.26,5,W,5,N
588,538.80,579.64,5,E,5,N
589,544.25,579.94,5,E,5,N
590,569.91,580.24,5,E,5,N
591,571.59,580.54,5,E,5,N
65,451.52,598.80,1,S,3,E
374,446.83,599.40,3,W,5,W
400,418.96,599.70,3,E,5,W
375,472.28,600.00,3,W,5,W
62,418.63,600.30,1,S,5,W
170,371.15,600.60,1,W,5,W
277,568.78,600.60,1,E,2,W
171,372.25,600.90,1,W,5,W
176,440.63,601.20,1,W,5,W
178,459.21,601.50,1,W,5,W
272,443.46,601.80,1,E,5,W
273,472.23,602.10,1,E,5,W
279,581.88,608.00,1,E,2,W
353,574.30,613.07,2,E,3,W
53,368.92,621.54,1,S,5,N
54,369.52,621.84,1,S,5,N
56,372.43,622.14,1,S,5,N
319,453.38,622.44,2,W,5,N
350,436.51,622.74,2,E,5,N
320,464.89,623.04,2,W,5,N
351,481.47,623.34,2,E,5,N
321,487.32,623.64,2,W,5,N
58,407.29,623.94,1,S,5,N
59,409.08,624.24,1,S,5,N
60,416.47,624.54,1,S,5,N
61,417.66,624.84,1,S,5,N
168,367.79,625.14,1,W,5,N
169,369.62,625.44,1,W,5,N
172,374.25,625.74,1,W,5,N
173,384.53,626.04,1,W,5,N
175,422.53,626.34,1,W,5,N
177,457.32,626.64,1,W,5,N
271,412.58,626.94,1,E,5,N
274,491.01,627.24,1,E,5,N
403,501.47,629.97,3,E,5,N
404,538.61,630.27,3,E,5,N
68,528.57,636.97,1,S,3,W
180,481.10,637.57,1,W,3,W
188,538.69,639.97,1,W,3,W
69,574.00,641.32,1,S,2,W
278,572.93,642.07,1,E,3,E
408,594.42,656.19,3,E,5,N
409,595.59,657.36,3,E,5,N
541,574.07,665.54,5,W,5,N
542,577.52,665.84,5,W,5,N
543,579.23,666.14,5,W,5,N
544,606.28,666.44,5,W,5,N
545,651.09,666.74,5,W,5,N
592,623.54,679.54,5,E,5,N
593,624.46,679.84,5,E,5,N
594,644.21,680.14,5,E,5,N
595,646.47,680.44,5,E,5,N
596,656.40,680.74,5,E,5,N
597,657.07,681.04,5,E,5,N
598,662.86,681.34,5,E,5,N
599,683.64,689.78,5,E,5,N
600,684.82,690.95,5,E,5,N
376,536.70,699.30,3,W,5,W
405,539.76,699.60,3,E,5,W
406,579.65,699.90,3,E,5,W
407,588.81,700.20,3,E,5,W
325,590.47,700.50,2,W,5,W
179,479.70,700.80,1,W,5,W
182,493.18,701.10,1,W,5,W
183,512.52,701.40,1,W,5,W
187,537.35,701.70,1,W,5,W
191,555.27,702.00,1,W,5,W
72,650.20,702.80,1,S,1,W
355,664.66,713.17,2,E,3,E
66,496.22,721.44,1,S,5,N
322,513.26,721.74,2,W,5,N
352,525.25,722.04,2,E,5,N
323,527.47,722.34,2,W,5,N
324,556.81,722.64,2,W,5,N
67,526.56,722.94,1,S,5,N
181,491.90,723.24,1,W,5,N
184,513.95,723.54,1,W,5,N
185,517.61,723.84,1,W,5,N
186,518.78,724.14,1,W,5,N
189,553.98,724.44,1,W,5,N
190,555.24,724.74,1,W,5,N
192,557.24,725.04,1,W,5,N
275,504.52,725.34,1,E,5,N
276,559.89,725.64,1,E,5,N
280,582.52,725.94,1,E,5,N
281,587.44,726.24,1,E,5,N
410,646.65,729.77,3,E,5,N
411,656.61,730.07,3,E,5,N
412,657.62,730.37,3,E,5,N
413,659.19,730.67,3,E,5,N
329,694.61,730.68,2,W,3,E
414,660.98,730.97,3,E,5,N
194,570.48,737.37,1,W,3,E
546,682.67,765.44,5,W,5,N
547,685.19,765.74,5,W,5,N
548,691.74,766.04,5,W,5,N
549,722.75,766.34,5,W,5,N
550,724.35,766.64,5,W,5,N
551,725.50,766.94,5,W,5,N
552,727.31,767.24,5,W,5,N
553,760.96,767.54,5,W,5,N
601,703.62,779.44,5,E,5,N
602,727.44,779.74,5,E,5,N
603,735.67,780.04,5,E,5,N
604,739.68,780.34,5,E,5,N
605,745.47,780.64,5,E,5,N
606,746.33,780.94,5,E,5,N
607,748.31,781.24,5,E,5,N
608,754.78,781.54,5,E,5,N
73,699.64,798.40,1,S,3,W
377,601.27,799.20,3,W,5,W
378,658.83,799.50,3,W,5,W
326,604.82,799.80,2,W,5,W
327,643.22,800.10,2,W,5,W
330,698.35,800.40,2,W,5,W
356,700.45,800.70,2,E,5,W
216,681.75,800.80,1,W,2,W
215,679.88,800.80,1,W,2,E
195,573.97,801.00,1,W,5,W
219,691.79,801.10,1,W,2,W
221,694.24,801.10,1,W,2,E
197,586.14,801.30,1,W,5,W
287,715.35,801.40,1,E,2,W
288,719.77,801.40,1,E,2,E
200,613.34,801.60,1,W,5,W
201,621.14,801.90,1,W,5,W
202,627.90,802.20,1,W,5,W
205,631.61,802.50,1,W,5,W
282,627.08,802.80,1,E,5,W
283,660.91,803.10,1,E,5,W
75,701.69,803.20,1,S,1,W
199,604.52,815.20,1,W,5,E
70,575.10,821.34,1,S,5,N
354,615.70,821.64,2,E,5,N
328,656.67,821.94,2,W,5,N
71,607.43,822.24,1,S,5,N
193,567.80,822.54,1,W,5,N
196,584.61,822.84,1,W,5,N
198,587.80,823.14,1,W,5,N
203,628.34,823.44,1,W,5,N
204,630.00,823.74,1,W,5,N
206,637.89,824.04,1,W,5,N
207,639.55,824.34,1,W,5,N
208,640.84,824.64,1,W,5,N
209,641.44,824.94,1,W,5,N
210,650.93,825.24,1,W,5,N
211,666.80,825.54,1,W,5,N
284,670.20,825.84,1,E,5,N
415,702.12,829.57,3,E,5,N
417,761.73,830.17,3,E,5,N
418,763.58,830.47,3,E,5,N
419,771.43,833.20,3,E,5,N
420,779.59,841.36,3,E,5,N
231,761.11,841.37,1,W,3,W
294,788.47,850.66,1,E,3,E
381,791.03,852.80,3,W,5,N
554,773.23,865.34,5,W,5,N
555,789.31,865.64,5,W,5,N
556,791.09,865.94,5,W,5,N
557,822.39,866.24,5,W,5,N
558,822.43,866.54,5,W,5,N
559,824.08,866.84,5,W,5,N
560,825.77,867.14,5,W,5,N
561,827.49,867.44,5,W,5,N
562,827.88,867.74,5,W,5,N
563,830.23,868.04,5,W,5,N
564,863.95,870.09,5,W,5,N
565,866.86,873.00,5,W,5,N
566,868.56,874.70,5,W,5,N
609,828.65,879.34,5,E,5,N
610,883.09,889.22,5,E,5,N
611,884.30,890.43,5,E,5,N
612,891.60,897.74,5,E,5,N
79,781.94,898.20,1,S,3,W
379,712.83,899.10,3,W,5,W
416,722.05,899.40,3,E,5,W
380,717.79,899.70,3,W,5,W
382,792.57,900.00,3,W,5,W
74,700.67,900.30,1,S,5,W
331,707.07,900.60,2,W,5,W
357,748.28,900.90,2,E,5,W
234,789.36,900.90,1,W,2,W
298,867.05,900.90,1,E,2,E
218,690.83,901.20,1,W,5,W
227,719.68,901.50,1,W,5,W
230,738.20,901.80,1,W,5,W
290,751.00,902.10,1,E,5,W
84,844.10,903.60,1,S,1,W
86,853.17,903.90,1,S,1,W
90,857.44,904.20,1,S,1,W
89,856.31,916.40,1,S,1,E
96,862.51,916.70,1,S,1,E
285,700.55,921.24,1,E,5,N
332,784.49,921.54,2,W,5,N
333,797.99,921.84,2,W,5,N
358,798.20,922.14,2,E,5,N
212,668.67,922.44,1,W,5,N
213,677.74,922.74,1,W,5,N
214,678.65,923.04,1,W,5,N
217,682.88,923.34,1,W,5,N
220,692.80,923.64,1,W,5,N
222,695.54,923.94,1,W,5,N
223,697.15,924.24,1,W,5,N
224,698.92,924.54,1,W,5,N
225,700.15,924.84,1,W,5,N
226,703.83,925.14,1,W,5,N
228,721.24,925.44,1,W,5,N
229,737.13,925.74,1,W,5,N
286,710.28,926.04,1,E,5,N
289,748.49,926.34,1,E,5,N
291,776.42,926.64,1,E,5,N
292,778.83,926.94,1,E,5,N
293,783.07,927.24,1,E,5,N
383,858.26,929.37,3,W,5,N
421,818.90,929.67,3,E,5,N
422,820.55,929.97,3,E,5,N
238,815.10,939.07,1,W,3,E
423,879.67,941.44,3,E,5,N
425,895.19,956.96,3,E,5,N
426,896.89,958.66,3,E,5,N
567,879.31,965.24,5,W,5,N
568,881.85,965.54,5,W,5,N
569,897.00,965.84,5,W,5,N
87,853.68,998.00,1,S,3,E
88,855.31,998.00,1,S,3,W
94,861.49,998.30,1,S,3,E
424,893.71,999.00,3,E,5,W
77,748.82,999.30,1,S,5,W
78,751.11,999.60,1,S,5,W
334,811.43,999.90,2,W,5,W
235,791.08,1000.20,1,W,5,W
236,792.80,1000.50,1,W,5,W
239,823.73,1000.80,1,W,5,W
244,869.30,1001.00,1,W,2,E
295,814.66,1001.10,1,E,5,W
296,832.36,1001.40,1,E,5,W
297,837.25,1001.70,1,E,5,W
299,887.04,1004.86,1,E,5,W
81,784.04,1015.00,1,S,5,E
76,746.75,1021.14,1,S,5,N
80,783.18,1021.44,1,S,5,N
359,812.72,1021.74,2,E,5,N
360,853.72,1022.04,2,E,5,N
335,839.52,1022.34,2,W,5,N
336,870.52,1022.64,2,W,5,N
82,818.58,1022.94,1,S,5,N
83,818.82,1023.24,1,S,5,N
232,777.92,1023.54,1,W,5,N
233,785.85,1023.84,1,W,5,N
237,795.08,1024.14,1,W,5,N
240,836.98,1024.44,1,W,5,N
241,852.43,1024.74,1,W,5,N
300,898.90,1098.90,1,E,5,W
301,899.94,1099.20,1,E,5,W
92,860.99,1099.50,1,S,5,W
95,862.09,1099.80,1,S,5,W
246,888.90,1100.10,1,W,5,W
85,848.03,1121.04,1,S,5,N
91,860.65,1121.34,1,S,5,N
93,861.23,1121.64,1,S,5,N
97,863.21,1121.94,1,S,5,N
242,868.53,1122.24,1,W,5,N
243,868.58,1122.54,1,W,5,N
245,888.49,1122.84,1,W,5,N