id,enter_time,exit_time,entrance_intersection,entrance_direction,exit_intersection,exit_direction
4,5.13,19.27,1,S,1,E
522,6.97,66.14,5,W,5,N
523,7.11,66.44,5,W,5,N
524,17.71,66.74,5,W,5,N
525,18.30,67.04,5,W,5,N
526,19.48,67.34,5,W,5,N
527,19.59,67.64,5,W,5,N
528,21.75,67.94,5,W,5,N
529,50.31,68.24,5,W,5,N
530,53.09,68.54,5,W,5,N
531,53.59,68.84,5,W,5,N
637,1.24,80.14,5,E,5,N
638,52.71,80.44,5,E,5,N
639,58.21,80.74,5,E,5,N
640,60.05,81.04,5,E,5,N
17,20.81,100.10,1,S,2,E
6,7.61,100.40,1,S,1,W
9,8.85,100.70,1,S,1,W
11,15.41,101.00,1,S,1,W
462,8.47,130.97,3,E,5,N
463,44.29,131.27,3,E,5,N
432,53.78,131.57,3,W,5,N
15,18.13,138.57,1,S,3,W
19,66.16,139.62,1,S,2,W
27,127.48,141.61,1,S,1,E
532,84.39,166.04,5,W,5,N
533,85.48,166.34,5,W,5,N
534,98.73,166.64,5,W,5,N
535,101.28,166.94,5,W,5,N
536,103.35,167.24,5,W,5,N
537,133.58,167.54,5,W,5,N
538,136.57,167.84,5,W,5,N
539,147.36,168.14,5,W,5,N
540,148.51,168.44,5,W,5,N
541,152.25,168.74,5,W,5,N
542,169.06,175.20,5,W,5,N
641,129.20,180.04,5,E,5,N
642,180.62,186.75,5,E,5,N
18,65.90,199.60,1,S,3,E
430,21.75,199.80,3,W,5,W
431,25.01,200.10,3,W,5,W
327,126.97,200.20,1,E,2,E
222,162.68,200.20,1,W,2,W
464,97.14,200.40,3,E,5,W
1,2.35,200.70,1,S,5,W
23,114.70,200.80,1,S,1,W
378,96.74,201.00,2,W,5,W
30,132.54,201.10,1,S,1,W
3,4.61,201.30,1,S,5,W
31,136.15,201.40,1,S,1,W
7,8.42,201.60,1,S,5,W
34,139.48,201.70,1,S,1,W
14,17.47,201.90,1,S,5,W
35,141.31,202.00,1,S,1,W
320,16.76,202.20,1,E,5,W
42,148.34,202.30,1,S,1,W
321,18.26,202.50,1,E,5,W
643,198.40,204.54,5,E,5,N
33,137.51,213.60,1,S,1,E
36,142.89,213.90,1,S,1,E
43,149.83,214.20,1,S,1,E
206,42.02,215.80,1,W,5,E
209,49.46,216.10,1,W,5,E
329,193.84,219.96,1,E,2,W
0,1.25,221.94,1,S,5,N
2,3.58,222.24,1,S,5,N
405,32.08,222.54,2,E,5,N
377,3.51,222.84,2,W,5,N
406,47.67,223.14,2,E,5,N
407,84.86,223.44,2,E,5,N
5,5.82,223.74,1,S,5,N
8,8.46,224.04,1,S,5,N
10,10.08,224.34,1,S,5,N
433,108.82,224.63,3,W,5,E
12,15.60,224.64,1,S,5,N
13,16.87,224.94,1,S,5,N
16,20.19,225.24,1,S,5,N
201,1.35,225.54,1,W,5,N
202,2.63,225.84,1,W,5,N
203,27.67,226.14,1,W,5,N
204,28.75,226.44,1,W,5,N
205,35.99,226.74,1,W,5,N
207,47.93,227.04,1,W,5,N
208,48.42,227.34,1,W,5,N
318,10.04,227.64,1,E,5,N
319,16.70,227.94,1,E,5,N
322,49.14,228.24,1,E,5,N
323,52.90,228.54,1,E,5,N
324,57.18,228.84,1,E,5,N
325,83.56,229.14,1,E,5,N
326,90.90,229.44,1,E,5,N
465,152.14,230.77,3,E,5,N
467,155.80,231.37,3,E,5,N
39,144.48,240.32,1,S,2,W
40,145.65,240.62,1,S,2,W
543,176.53,265.94,5,W,5,N
544,178.10,266.24,5,W,5,N
545,178.14,266.54,5,W,5,N
546,181.31,266.84,5,W,5,N
547,181.72,267.14,5,W,5,N
548,184.24,267.44,5,W,5,N
549,185.29,267.74,5,W,5,N
550,186.96,268.04,5,W,5,N
551,188.46,268.34,5,W,5,N
552,190.45,268.64,5,W,5,N
553,191.21,268.94,5,W,5,N
554,193.22,269.24,5,W,5,N
555,201.18,269.54,5,W,5,N
556,202.50,269.84,5,W,5,N
557,203.64,270.14,5,W,5,N
558,234.99,270.44,5,W,5,N
559,236.04,270.74,5,W,5,N
560,239.75,271.04,5,W,5,N
561,255.05,271.34,5,W,5,N
562,256.46,271.64,5,W,5,N
563,257.16,271.94,5,W,5,N
564,259.94,272.24,5,W,5,N
644,199.90,279.94,5,E,5,N
645,201.24,280.24,5,E,5,N
646,206.91,280.54,5,E,5,N
647,214.96,280.84,5,E,5,N
648,215.05,281.14,5,E,5,N
649,215.30,281.44,5,E,5,N
650,269.88,281.74,5,E,5,N
651,276.02,282.15,5,E,5,N
652,285.67,291.80,5,E,5,N
49,190.95,299.40,1,S,3,E
466,154.03,299.70,3,E,5,W
434,116.85,300.00,3,W,5,W
333,263.63,300.30,1,E,2,W
435,142.22,300.30,3,W,5,W
468,198.84,300.60,3,E,5,W
21,69.05,300.90,1,S,5,W
379,133.44,301.20,2,W,5,W
24,115.50,301.50,1,S,5,W
29,130.34,301.80,1,S,5,W
210,70.14,302.10,1,W,5,W
216,119.04,302.40,1,W,5,W
217,120.43,302.70,1,W,5,W
219,129.01,303.00,1,W,5,W
223,164.19,303.30,1,W,5,W
328,190.70,308.52,1,E,5,W
410,226.70,312.47,2,E,3,W
411,267.32,312.77,2,E,3,W
383,243.54,312.77,2,W,3,E
211,70.47,315.70,1,W,5,E
220,152.86,316.00,1,W,5,E
20,67.49,321.84,1,S,5,N
408,131.68,322.14,2,E,5,N
380,145.43,322.44,2,W,5,N
409,180.39,322.74,2,E,5,N
381,181.51,323.04,2,W,5,N
22,114.30,323.34,1,S,5,N
25,116.97,323.64,1,S,5,N
26,124.12,323.94,1,S,5,N
28,129.38,324.24,1,S,5,N
59,310.35,324.49,1,S,1,E
32,137.22,324.54,1,S,5,N
212,80.22,324.84,1,W,5,N
213,81.84,325.14,1,W,5,N
214,82.93,325.44,1,W,5,N
215,99.36,325.74,1,W,5,N
218,122.19,326.04,1,W,5,N
221,160.07,326.34,1,W,5,N
470,229.48,330.87,3,E,5,N
437,251.89,331.17,3,W,5,N
471,235.99,331.47,3,E,5,N
472,237.68,331.47,3,E,5,N
77,329.01,343.14,1,S,1,E
474,288.92,350.69,3,E,5,N
475,290.22,351.99,3,E,5,N
565,274.42,365.84,5,W,5,N
566,275.74,366.14,5,W,5,N
567,285.24,366.44,5,W,5,N
568,286.40,366.74,5,W,5,N
569,292.83,367.04,5,W,5,N
570,305.39,367.34,5,W,5,N
571,339.73,367.64,5,W,5,N
572,339.90,367.94,5,W,5,N
573,341.85,368.24,5,W,5,N
574,343.82,368.54,5,W,5,N
575,354.14,368.84,5,W,5,N
576,357.09,369.14,5,W,5,N
577,358.02,369.44,5,W,5,N
578,358.65,369.74,5,W,5,N
579,358.94,370.04,5,W,5,N
580,366.59,372.72,5,W,5,N
653,351.64,379.84,5,E,5,N
654,352.45,380.14,5,E,5,N
655,392.48,398.62,5,E,5,N
436,201.10,399.60,3,W,5,W
469,214.76,399.90,3,E,5,W
473,245.61,400.20,3,E,5,W
75,322.67,400.40,1,S,2,W
37,143.48,400.50,1,S,5,W
240,331.87,400.70,1,W,2,W
44,150.62,400.80,1,S,5,W
384,266.72,401.10,2,W,5,W
51,229.85,401.40,1,S,5,W
64,313.65,401.60,1,S,1,W
225,181.95,401.70,1,W,5,W
66,315.09,401.90,1,S,1,W
226,183.40,402.00,1,W,5,W
67,316.70,402.20,1,S,1,W
230,206.07,402.30,1,W,5,W
72,321.00,402.50,1,S,1,W
231,222.18,402.60,1,W,5,W
80,365.74,402.80,1,S,1,W
233,261.87,402.90,1,W,5,W
330,243.44,403.20,1,E,5,W
332,252.93,403.50,1,E,5,W
47,188.33,415.60,1,S,5,E
227,186.94,415.90,1,W,5,E
38,144.07,421.74,1,S,5,N
41,146.83,422.04,1,S,5,N
45,153.39,422.34,1,S,5,N
46,188.29,422.64,1,S,5,N
48,189.53,422.94,1,S,5,N
50,192.81,423.24,1,S,5,N
382,219.08,423.54,2,W,5,N
412,286.44,423.84,2,E,5,N
385,292.69,424.14,2,W,5,N
438,302.52,424.23,3,W,5,E
52,229.96,424.44,1,S,5,N
224,180.47,424.74,1,W,5,N
228,195.02,425.04,1,W,5,N
229,196.28,425.34,1,W,5,N
232,246.65,425.64,1,W,5,N
331,247.72,425.94,1,E,5,N
477,340.87,430.67,3,E,5,N
439,331.44,430.97,3,W,5,N
441,337.80,431.27,3,W,5,N
479,354.87,431.57,3,E,5,N
480,356.62,431.87,3,E,5,N
481,366.77,432.17,3,E,5,N
81,367.56,440.82,1,S,2,W
483,387.26,449.03,3,E,5,N
444,392.58,454.35,3,W,5,N
581,391.97,465.74,5,W,5,N
582,439.08,466.04,5,W,5,N
583,440.90,466.34,5,W,5,N
584,450.23,466.64,5,W,5,N
585,451.41,466.94,5,W,5,N
586,456.43,467.24,5,W,5,N
587,457.42,467.54,5,W,5,N
588,459.39,467.84,5,W,5,N
656,435.05,479.74,5,E,5,N
657,436.52,480.04,5,E,5,N
658,453.34,480.34,5,E,5,N
334,297.06,499.50,1,E,5,W
476,334.61,499.80,3,E,5,W
478,347.14,500.10,3,E,5,W
440,332.60,500.40,3,W,5,W
245,374.68,500.50,1,W,2,W
442,367.20,500.70,3,W,5,W
248,387.11,500.80,1,W,2,W
482,368.02,501.00,3,E,5,W
443,371.25,501.30,3,W,5,W
53,268.48,501.60,1,S,5,W
62,311.75,501.90,1,S,5,W
65,314.05,502.20,1,S,5,W
76,328.02,502.50,1,S,5,W
234,281.53,502.80,1,W,5,W
237,317.12,503.10,1,W,5,W
241,348.83,503.40,1,W,5,W
335,314.47,503.70,1,E,5,W
336,343.45,504.00,1,E,5,W
339,369.29,504.30,1,E,5,W
389,415.17,512.67,2,W,3,W
392,469.23,513.57,2,W,3,W
58,309.53,515.50,1,S,5,E
63,312.94,515.80,1,S,5,E
54,272.73,521.64,1,S,5,N
55,273.97,521.94,1,S,5,N
56,274.23,522.24,1,S,5,N
57,275.39,522.54,1,S,5,N
413,324.39,522.84,2,E,5,N
386,317.39,523.14,2,W,5,N
414,368.64,523.44,2,E,5,N
387,330.86,523.74,2,W,5,N
388,334.27,524.04,2,W,5,N
60,311.01,524.34,1,S,5,N
61,311.10,524.64,1,S,5,N
68,317.77,524.94,1,S,5,N
69,318.66,525.24,1,S,5,N
70,320.39,525.54,1,S,5,N
71,320.63,525.84,1,S,5,N
73,322.32,526.14,1,S,5,N
74,322.65,526.44,1,S,5,N
78,333.89,526.74,1,S,5,N
235,290.41,527.04,1,W,5,N
236,297.50,527.34,1,W,5,N
238,318.35,527.64,1,W,5,N
239,330.55,527.94,1,W,5,N
337,346.69,528.24,1,E,5,N
338,366.68,528.54,1,E,5,N
340,372.24,528.84,1,E,5,N
485,431.78,530.47,3,E,5,N
448,468.02,531.07,3,W,5,N
254,427.96,542.57,1,W,3,W
349,483.41,546.47,1,E,3,W
489,493.02,554.79,3,E,5,N
589,487.51,565.64,5,W,5,N
590,487.99,565.94,5,W,5,N
591,523.65,566.24,5,W,5,N
592,526.23,566.54,5,W,5,N
593,528.68,566.84,5,W,5,N
594,538.75,567.14,5,W,5,N
595,540.78,567.44,5,W,5,N
596,548.03,567.74,5,W,5,N
597,565.74,571.88,5,W,5,N
659,527.79,579.64,5,E,5,N
660,528.33,579.94,5,E,5,N
661,534.24,580.24,5,E,5,N
662,539.61,580.54,5,E,5,N
663,559.84,580.84,5,E,5,N
664,561.34,581.14,5,E,5,N
445,409.42,599.40,3,W,5,W
484,425.50,599.70,3,E,5,W
446,462.73,600.00,3,W,5,W
447,465.37,600.30,3,W,5,W
486,432.96,600.60,3,E,5,W
99,507.23,600.60,1,S,2,W
487,482.28,600.90,3,E,5,W
260,481.60,600.90,1,W,2,W
488,491.26,601.20,3,E,5,W
261,497.75,601.20,1,W,2,W
490,494.41,601.50,3,E,5,W
352,522.29,601.50,1,E,2,W
394,492.35,601.80,2,W,5,W
83,409.23,602.10,1,S,5,W
86,413.62,602.40,1,S,5,W
101,509.67,602.40,1,S,1,W
87,415.15,602.70,1,S,5,W
108,517.75,602.70,1,S,1,W
89,417.90,603.00,1,S,5,W
111,524.56,603.00,1,S,1,W
242,367.56,603.30,1,W,5,W
113,528.14,603.30,1,S,1,W
243,373.25,603.60,1,W,5,W
120,572.33,603.60,1,S,1,W
244,374.65,603.90,1,W,5,W
122,574.26,603.90,1,S,1,W
249,406.51,604.20,1,W,5,W
124,577.08,604.20,1,S,1,W
251,407.77,604.50,1,W,5,W
256,430.65,604.80,1,W,5,W
258,454.25,605.10,1,W,5,W
342,405.59,605.40,1,E,5,W
344,442.18,605.70,1,E,5,W
348,469.57,606.00,1,E,5,W
417,510.85,612.77,2,E,3,E
257,431.95,615.40,1,W,5,E
341,404.38,615.70,1,E,5,E
346,459.81,616.00,1,E,5,E
347,460.89,616.30,1,E,5,E
79,364.97,621.54,1,S,5,N
82,368.57,621.84,1,S,5,N
415,411.80,622.14,2,E,5,N
390,449.29,622.44,2,W,5,N
416,461.60,622.74,2,E,5,N
391,462.62,623.04,2,W,5,N
393,480.33,623.34,2,W,5,N
84,411.51,623.64,1,S,5,N
85,411.64,623.94,1,S,5,N
88,416.37,624.24,1,S,5,N
493,503.43,624.43,3,E,5,E
90,419.45,624.54,1,S,5,N
91,419.48,624.84,1,S,5,N
92,421.27,625.14,1,S,5,N
246,380.28,625.44,1,W,5,N
247,381.90,625.74,1,W,5,N
250,407.32,626.04,1,W,5,N
252,409.55,626.34,1,W,5,N
253,426.20,626.64,1,W,5,N
255,429.08,626.94,1,W,5,N
343,408.79,627.24,1,E,5,N
345,445.11,627.54,1,E,5,N
350,489.30,627.84,1,E,5,N
449,518.86,629.97,3,W,5,N
495,546.44,631.17,3,E,5,N
496,562.73,631.47,3,E,5,N
450,570.41,632.18,3,W,5,N
110,524.06,639.67,1,S,3,W
114,529.86,640.27,1,S,3,W
259,478.21,640.57,1,W,3,W
269,563.97,642.97,1,W,3,W
270,564.25,643.27,1,W,3,E
499,581.81,643.58,3,E,5,N
598,574.49,665.54,5,W,5,N
599,607.81,665.84,5,W,5,N
600,609.65,666.14,5,W,5,N
601,616.16,666.44,5,W,5,N
602,617.65,666.74,5,W,5,N
603,618.94,667.04,5,W,5,N
604,628.38,667.34,5,W,5,N
605,629.94,667.64,5,W,5,N
606,632.66,667.94,5,W,5,N
607,633.41,668.24,5,W,5,N
608,641.32,668.54,5,W,5,N
609,643.17,668.84,5,W,5,N
610,658.32,669.14,5,W,5,N
611,659.89,669.44,5,W,5,N
612,660.92,669.74,5,W,5,N
613,661.25,670.04,5,W,5,N
614,671.73,677.86,5,W,5,N
665,615.12,679.54,5,E,5,N
666,616.84,679.84,5,E,5,N
667,620.72,680.14,5,E,5,N
668,687.14,693.27,5,E,5,N
669,687.18,693.32,5,E,5,N
670,688.14,694.27,5,E,5,N
491,500.36,699.30,3,E,5,W
492,501.59,699.60,3,E,5,W
494,504.63,699.90,3,E,5,W
497,563.80,700.20,3,E,5,W
498,565.13,700.50,3,E,5,W
279,602.99,700.70,1,W,2,E
272,567.52,700.70,1,W,2,W
93,468.03,700.80,1,S,5,W
278,601.12,701.00,1,W,2,W
418,524.94,701.10,2,E,5,W
395,579.15,701.40,2,W,5,W
97,505.44,701.70,1,S,5,W
98,506.49,702.00,1,S,5,W
102,512.33,702.30,1,S,5,W
105,516.45,702.60,1,S,5,W
132,632.63,702.80,1,S,1,W
106,516.60,702.90,1,S,5,W
146,684.56,703.10,1,S,1,W
107,517.53,703.20,1,S,5,W
109,518.15,703.50,1,S,5,W
262,519.27,703.80,1,W,5,W
263,519.43,704.10,1,W,5,W
265,542.06,704.40,1,W,5,W
271,566.25,704.70,1,W,5,W
351,516.12,705.00,1,E,5,W
353,527.31,705.30,1,E,5,W
356,560.35,705.60,1,E,5,W
139,673.41,715.60,1,S,1,E
142,677.87,715.90,1,S,1,E
144,679.18,716.20,1,S,1,E
145,680.61,716.50,1,S,1,E
94,469.68,721.44,1,S,5,N
95,503.37,721.74,1,S,5,N
96,504.57,722.04,1,S,5,N
419,566.10,722.34,2,E,5,N
396,579.92,722.64,2,W,5,N
100,509.06,722.94,1,S,5,N
103,513.44,723.24,1,S,5,N
104,514.76,723.54,1,S,5,N
112,526.20,723.84,1,S,5,N
264,520.64,724.14,1,W,5,N
266,542.12,724.44,1,W,5,N
267,561.71,724.74,1,W,5,N
268,562.09,725.04,1,W,5,N
354,532.38,725.34,1,E,5,N
355,542.08,725.64,1,E,5,N
508,670.29,725.93,3,E,5,E
357,563.46,725.94,1,E,5,N
358,599.67,726.24,1,E,5,N
500,599.09,729.77,3,E,5,N
451,624.10,730.07,3,W,5,N
452,649.39,730.37,3,W,5,N
502,602.51,730.67,3,E,5,N
503,617.37,730.97,3,E,5,N
505,631.85,731.27,3,E,5,N
506,642.87,731.57,3,E,5,N
509,671.99,733.76,3,E,5,N
510,673.52,735.29,3,E,5,N
274,570.82,738.87,1,W,3,W
150,726.80,740.94,1,S,1,E
283,628.29,740.97,1,W,3,E
360,610.74,742.47,1,E,3,W
364,687.70,749.89,1,E,3,W
615,674.62,765.44,5,W,5,N
616,701.34,765.74,5,W,5,N
617,703.65,766.04,5,W,5,N
618,704.18,766.34,5,W,5,N
619,711.79,766.64,5,W,5,N
620,713.10,766.94,5,W,5,N
621,714.06,767.24,5,W,5,N
622,740.89,767.54,5,W,5,N
623,741.99,767.84,5,W,5,N
624,743.64,768.14,5,W,5,N
625,749.91,768.44,5,W,5,N
626,757.60,768.74,5,W,5,N
627,762.43,769.04,5,W,5,N
628,764.36,770.49,5,W,5,N
671,759.27,779.44,5,E,5,N
672,773.61,779.75,5,E,5,N
501,600.66,799.20,3,E,5,W
504,625.57,799.50,3,E,5,W
507,659.67,799.80,3,E,5,W
511,685.46,800.10,3,E,5,W
115,566.81,800.40,1,S,5,W
116,567.79,800.70,1,S,5,W
293,724.63,800.80,1,W,2,W
118,570.42,801.00,1,S,5,W
126,579.02,801.30,1,S,5,W
398,676.40,801.60,2,W,5,W
421,638.65,801.90,2,E,5,W
130,631.97,802.20,1,S,5,W
131,632.42,802.50,1,S,5,W
134,635.17,802.80,1,S,5,W
275,585.95,803.10,1,W,5,W
153,731.17,803.20,1,S,1,W
281,605.16,803.40,1,W,5,W
156,776.94,803.50,1,S,1,W
359,605.29,803.70,1,E,5,W
159,779.81,803.80,1,S,1,W
361,661.29,804.00,1,E,5,W
362,675.36,804.30,1,E,5,W
363,679.02,804.60,1,E,5,W
423,676.18,815.20,2,E,5,E
135,636.12,815.50,1,S,5,E
117,569.92,821.34,1,S,5,N
119,570.64,821.64,1,S,5,N
121,573.26,821.94,1,S,5,N
123,575.41,822.24,1,S,5,N
125,577.54,822.54,1,S,5,N
127,579.39,822.84,1,S,5,N
128,581.12,823.14,1,S,5,N
420,609.11,823.44,2,E,5,N
397,661.90,823.74,2,W,5,N
422,652.75,824.04,2,E,5,N
129,606.64,824.34,1,S,5,N
133,633.48,824.64,1,S,5,N
273,569.41,824.94,1,W,5,N
276,586.49,825.24,1,W,5,N
277,593.10,825.54,1,W,5,N
280,603.45,825.84,1,W,5,N
282,609.12,826.14,1,W,5,N
284,629.43,826.44,1,W,5,N
285,651.44,826.74,1,W,5,N
286,652.91,827.04,1,W,5,N
513,748.89,829.87,3,E,5,N
454,718.58,830.17,3,W,5,N
455,736.03,830.17,3,W,5,N
514,765.80,830.47,3,E,5,N
151,728.83,837.47,1,S,3,W
515,781.39,843.16,3,E,5,N
516,788.58,850.35,3,E,5,N
457,795.91,857.68,3,W,5,N
629,780.52,865.34,5,W,5,N
630,786.69,865.64,5,W,5,N
631,826.09,865.94,5,W,5,N
632,859.87,866.01,5,W,5,N
633,861.08,867.22,5,W,5,N
634,861.93,868.07,5,W,5,N
635,863.39,869.52,5,W,5,N
673,820.85,879.34,5,E,5,N
674,848.14,879.64,5,E,5,N
675,890.91,897.05,5,E,5,N
512,716.39,899.10,3,E,5,W
453,713.62,899.40,3,W,5,W
456,745.20,899.70,3,W,5,W
136,669.90,900.00,1,S,5,W
676,893.93,900.07,5,E,5,N
143,678.46,900.30,1,S,5,W
399,703.75,900.60,2,W,5,W
400,797.46,900.90,2,W,5,W
302,782.09,900.90,1,W,2,W
299,761.66,901.20,1,W,5,W
367,736.54,901.50,1,E,5,W
369,780.37,901.80,1,E,5,W
161,813.17,903.60,1,S,1,W
164,817.41,903.90,1,S,1,W
165,819.35,904.20,1,S,1,W
677,898.24,904.38,5,E,5,N
173,863.32,904.50,1,S,1,W
185,875.64,904.80,1,S,1,W
188,884.52,905.10,1,S,1,W
196,896.68,910.81,1,S,1,W
427,815.99,913.07,2,E,3,W
424,719.63,915.10,2,E,5,E
149,726.01,915.40,1,S,5,E
289,686.13,915.70,1,W,5,E
298,740.08,916.00,1,W,5,E
365,705.54,916.30,1,E,5,E
178,869.80,916.40,1,S,1,E
183,874.69,916.70,1,S,1,E
193,888.90,917.00,1,S,1,E
137,671.06,921.24,1,S,5,N
138,672.57,921.54,1,S,5,N
140,674.10,921.84,1,S,5,N
141,676.68,922.14,1,S,5,N
147,685.53,922.44,1,S,5,N
425,734.48,922.74,2,E,5,N
426,775.23,923.04,2,E,5,N
148,723.85,923.34,1,S,5,N
152,730.38,923.64,1,S,5,N
154,731.40,923.94,1,S,5,N
155,732.96,924.24,1,S,5,N
287,674.90,924.54,1,W,5,N
288,684.23,924.84,1,W,5,N
290,701.24,925.14,1,W,5,N
291,717.26,925.44,1,W,5,N
292,723.92,925.74,1,W,5,N
294,727.28,926.04,1,W,5,N
295,728.65,926.34,1,W,5,N
296,729.84,926.64,1,W,5,N
297,738.44,926.94,1,W,5,N
300,762.77,927.24,1,W,5,N
366,732.79,927.54,1,E,5,N
368,770.44,927.84,1,E,5,N
370,785.92,928.14,1,E,5,N
371,789.05,928.44,1,E,5,N
517,835.76,929.37,3,E,5,N
458,853.89,929.67,3,W,5,N
459,866.45,929.97,3,W,5,N
518,837.44,930.27,3,E,5,N
519,850.37,930.57,3,E,5,N
520,852.36,930.87,3,E,5,N
521,861.08,931.17,3,E,5,N
160,811.27,936.97,1,S,3,E
162,814.74,937.27,1,S,3,W
169,829.84,938.77,1,S,3,W
372,815.09,943.87,1,E,3,E
179,870.79,944.32,1,S,2,W
375,888.94,951.13,1,E,3,W
461,891.22,952.99,3,W,5,N
636,883.74,965.24,5,W,5,N
678,899.83,979.24,5,E,5,N
460,867.24,999.00,3,W,5,W
157,778.35,999.30,1,S,5,W
158,778.62,999.60,1,S,5,W
167,822.98,999.90,1,S,5,W
303,783.83,1000.20,1,W,5,W
305,799.56,1000.50,1,W,5,W
306,799.62,1000.80,1,W,5,W
309,806.15,1001.10,1,W,5,W
311,834.78,1001.40,1,W,5,W
312,850.24,1001.70,1,W,5,W
313,856.79,1002.00,1,W,5,W
373,869.28,1002.30,1,E,5,W
374,886.14,1003.96,1,E,5,W
376,890.32,1008.15,1,E,5,W
401,811.66,1021.14,2,W,5,N
428,830.04,1021.44,2,E,5,N
402,824.62,1021.74,2,W,5,N
403,838.54,1022.04,2,W,5,N
404,863.74,1022.34,2,W,5,N
429,879.25,1022.64,2,E,5,N
163,815.72,1022.94,1,S,5,N
166,820.99,1023.24,1,S,5,N
168,824.11,1023.54,1,S,5,N
170,830.53,1023.84,1,S,5,N
301,781.80,1024.14,1,W,5,N
304,785.74,1024.44,1,W,5,N
307,803.14,1024.74,1,W,5,N
308,804.86,1025.04,1,W,5,N
310,823.02,1025.34,1,W,5,N
314,856.80,1025.64,1,W,5,N
315,857.97,1025.94,1,W,5,N
316,859.74,1026.24,1,W,5,N
192,888.78,1038.57,1,S,3,W
175,866.12,1098.90,1,S,5,W
184,874.93,1099.20,1,S,5,W
187,879.05,1099.50,1,S,5,W
186,877.05,1114.90,1,S,5,E
194,894.38,1115.20,1,S,5,E
171,861.32,1121.04,1,S,5,N
172,861.94,1121.34,1,S,5,N
174,864.36,1121.64,1,S,5,N
176,867.66,1121.94,1,S,5,N
177,869.23,1122.24,1,S,5,N
180,872.55,1122.54,1,S,5,N
181,873.50,1122.84,1,S,5,N
182,874.21,1123.14,1,S,5,N
189,886.31,1123.44,1,S,5,N
190,887.01,1123.74,1,S,5,N
191,888.43,1124.04,1,S,5,N
195,896.12,1124.34,1,S,5,N
197,897.27,1124.64,1,S,5,N
198,897.81,1124.94,1,S,5,N
199,898.67,1125.24,1,S,5,N
200,899.96,1125.54,1,S,5,N
317,884.71,1125.84,1,W,5,N