id,enter_time,exit_time,entrance_intersection,entrance_direction,exit_intersection,exit_direction
502,8.72,66.14,5,W,5,N
503,11.23,66.44,5,W,5,N
504,12.60,66.74,5,W,5,N
505,14.15,67.04,5,W,5,N
506,16.54,67.34,5,W,5,N
507,18.80,67.64,5,W,5,N
508,45.89,67.94,5,W,5,N
509,46.40,68.24,5,W,5,N
510,47.40,68.54,5,W,5,N
511,60.56,68.84,5,W,5,N
512,62.53,69.14,5,W,5,N
513,63.08,69.22,5,W,5,N
514,64.12,70.26,5,W,5,N
515,67.12,73.25,5,W,5,N
639,0.94,80.14,5,E,5,N
640,6.21,80.44,5,E,5,N
641,27.88,80.74,5,E,5,N
642,71.96,81.04,5,E,5,N
185,1.24,100.10,1,W,2,W
187,4.89,100.40,1,W,2,W
8,93.89,108.02,1,S,1,W
10,94.97,109.11,1,S,1,W
2,52.22,113.20,1,S,1,E
470,63.15,125.43,3,E,5,E
19,111.83,125.97,1,S,1,E
468,30.98,130.97,3,E,5,N
469,62.02,131.27,3,E,5,N
23,117.33,131.46,1,S,1,E
440,74.96,136.73,3,W,5,N
313,54.71,138.57,1,E,3,W
1,50.35,139.32,1,S,2,W
316,75.62,139.47,1,E,3,E
26,126.65,140.78,1,S,1,E
319,96.28,158.47,1,E,3,E
320,97.45,159.64,1,E,3,E
516,82.64,166.04,5,W,5,N
517,84.52,166.34,5,W,5,N
518,86.31,166.64,5,W,5,N
519,99.16,166.94,5,W,5,N
520,124.31,167.24,5,W,5,N
521,162.91,169.05,5,W,5,N
522,163.53,169.66,5,W,5,N
523,163.85,169.99,5,W,5,N
524,172.19,178.33,5,W,5,N
643,126.34,180.04,5,E,5,N
644,147.17,180.34,5,E,5,N
645,152.26,180.64,5,E,5,N
4,86.85,199.60,1,S,3,E
471,64.63,199.80,3,E,5,W
379,50.39,200.10,2,W,5,W
207,131.57,200.20,1,W,2,W
381,58.07,200.40,2,W,5,W
383,88.16,200.70,2,W,5,W
21,115.25,200.80,1,S,1,W
190,35.68,201.00,1,W,5,W
28,135.56,201.10,1,S,1,W
191,36.99,201.30,1,W,5,W
31,141.45,201.40,1,S,1,W
312,35.55,201.60,1,E,5,W
33,143.79,201.70,1,S,1,W
315,65.26,201.90,1,E,5,W
36,146.08,202.00,1,S,1,W
37,147.99,202.30,1,S,1,W
43,187.03,202.60,1,S,1,W
44,188.72,202.85,1,S,1,W
318,93.64,211.47,1,E,5,W
35,144.62,213.60,1,S,1,E
415,47.43,215.80,2,E,5,E
0,0.45,221.94,1,S,5,N
378,37.22,222.24,2,W,5,N
380,55.08,222.54,2,W,5,N
382,78.55,222.84,2,W,5,N
416,94.24,223.14,2,E,5,N
186,3.03,223.44,1,W,5,N
188,29.95,223.74,1,W,5,N
189,31.73,224.04,1,W,5,N
192,51.07,224.34,1,W,5,N
311,25.63,224.64,1,E,5,N
314,58.41,224.94,1,E,5,N
317,77.72,225.24,1,E,5,N
475,153.72,225.53,3,E,5,E
472,116.11,230.77,3,E,5,N
22,116.61,236.87,1,S,3,W
195,82.38,238.67,1,W,3,W
202,92.91,240.77,1,W,3,W
203,94.24,241.07,1,W,3,W
212,160.01,243.47,1,W,3,W
525,174.30,265.94,5,W,5,N
526,175.96,266.24,5,W,5,N
527,184.73,266.54,5,W,5,N
528,186.77,266.84,5,W,5,N
529,189.53,267.14,5,W,5,N
530,190.05,267.44,5,W,5,N
531,190.32,267.74,5,W,5,N
532,191.80,268.04,5,W,5,N
533,193.57,268.34,5,W,5,N
534,222.99,268.64,5,W,5,N
535,224.06,268.94,5,W,5,N
536,225.08,269.24,5,W,5,N
537,226.32,269.54,5,W,5,N
538,262.24,269.84,5,W,5,N
539,270.22,276.36,5,W,5,N
540,271.90,278.04,5,W,5,N
541,273.07,279.21,5,W,5,N
646,220.05,279.94,5,E,5,N
647,292.99,299.12,5,E,5,N
41,184.50,299.40,1,S,3,W
34,144.24,299.40,1,S,3,E
40,184.13,299.70,1,S,3,E
441,127.14,299.70,3,W,5,W
473,117.30,300.00,3,E,5,W
474,119.25,300.30,3,E,5,W
442,182.79,300.60,3,W,5,W
6,93.31,300.90,1,S,5,W
48,224.90,301.20,1,S,1,W
11,96.28,301.20,1,S,5,W
53,260.49,301.50,1,S,1,W
13,98.52,301.50,1,S,5,W
54,261.10,301.80,1,S,1,W
417,129.35,301.80,2,E,5,W
56,264.37,302.10,1,S,1,W
385,158.08,302.10,2,W,5,W
58,265.13,302.40,1,S,1,W
419,198.18,302.40,2,E,5,W
59,265.82,302.70,1,S,1,W
24,123.25,302.70,1,S,5,W
25,125.32,303.00,1,S,5,W
194,81.53,303.30,1,W,5,W
196,85.92,303.60,1,W,5,W
199,90.39,303.90,1,W,5,W
200,90.58,304.20,1,W,5,W
201,91.76,304.50,1,W,5,W
204,95.92,304.80,1,W,5,W
209,138.98,305.10,1,W,5,W
210,145.66,305.40,1,W,5,W
213,161.43,305.70,1,W,5,W
325,176.04,306.00,1,E,5,W
52,259.15,314.00,1,S,1,E
197,87.34,315.70,1,W,5,E
3,84.90,321.84,1,S,5,N
5,88.59,322.14,1,S,5,N
7,93.42,322.44,1,S,5,N
9,94.03,322.74,1,S,5,N
12,97.77,323.04,1,S,5,N
14,99.99,323.34,1,S,5,N
15,100.53,323.64,1,S,5,N
16,101.63,323.94,1,S,5,N
17,101.71,324.24,1,S,5,N
384,122.72,324.54,2,W,5,N
418,170.08,324.84,2,E,5,N
18,108.77,325.14,1,S,5,N
20,112.82,325.44,1,S,5,N
27,133.88,325.74,1,S,5,N
193,67.31,326.04,1,W,5,N
198,88.58,326.34,1,W,5,N
205,97.46,326.64,1,W,5,N
206,122.56,326.94,1,W,5,N
208,137.83,327.24,1,W,5,N
211,147.31,327.54,1,W,5,N
321,110.07,327.84,1,E,5,N
322,114.35,328.14,1,E,5,N
323,138.77,328.44,1,E,5,N
324,165.39,328.74,1,E,5,N
326,196.84,329.04,1,E,5,N
443,233.87,330.57,3,W,5,N
476,201.90,330.87,3,E,5,N
444,238.77,331.17,3,W,5,N
477,246.25,331.47,3,E,5,N
215,202.08,336.67,1,W,3,W
217,214.66,337.27,1,W,3,E
219,233.14,337.87,1,W,3,E
61,268.09,341.92,1,S,2,W
65,276.55,343.12,1,S,2,E
478,286.96,348.73,3,E,5,N
542,280.74,365.84,5,W,5,N
543,281.61,366.14,5,W,5,N
544,290.42,366.44,5,W,5,N
545,290.52,366.74,5,W,5,N
546,293.04,367.04,5,W,5,N
547,319.19,367.34,5,W,5,N
548,319.59,367.64,5,W,5,N
549,333.01,367.94,5,W,5,N
550,367.83,373.96,5,W,5,N
551,368.28,374.41,5,W,5,N
552,369.43,375.56,5,W,5,N
553,371.79,377.93,5,W,5,N
554,372.07,378.21,5,W,5,N
648,338.32,379.84,5,E,5,N
649,347.71,380.14,5,E,5,N
650,351.90,380.44,5,E,5,N
651,355.84,380.74,5,E,5,N
652,356.77,381.04,5,E,5,N
445,260.68,399.60,3,W,5,W
479,296.62,399.90,3,E,5,W
39,184.03,400.20,1,S,5,W
234,341.70,400.40,1,W,2,W
47,200.60,400.50,1,S,5,W
332,312.17,400.70,1,E,2,W
420,209.68,400.80,2,E,5,W
337,366.16,401.00,1,E,2,W
421,256.07,401.10,2,E,5,W
388,285.68,401.40,2,W,5,W
73,321.24,401.60,1,S,1,W
216,211.86,401.70,1,W,5,W
76,352.39,401.90,1,S,1,W
82,394.90,409.04,1,S,1,W
84,397.64,411.78,1,S,1,W
423,344.46,412.87,2,E,3,E
78,355.97,414.40,1,S,1,E
80,393.62,414.70,1,S,1,E
81,394.12,415.00,1,S,1,E
86,401.12,415.25,1,S,1,E
32,141.82,415.60,1,S,5,E
29,137.54,421.74,1,S,5,N
30,141.17,422.04,1,S,5,N
38,182.53,422.34,1,S,5,N
42,185.52,422.64,1,S,5,N
45,196.40,422.94,1,S,5,N
46,199.42,423.24,1,S,5,N
386,243.64,423.54,2,W,5,N
387,273.63,423.84,2,W,5,N
389,287.87,424.14,2,W,5,N
480,349.94,424.23,3,E,5,E
214,185.20,424.44,1,W,5,N
218,215.88,424.74,1,W,5,N
220,234.62,425.04,1,W,5,N
221,236.27,425.34,1,W,5,N
222,255.49,425.64,1,W,5,N
223,258.84,425.94,1,W,5,N
327,224.88,426.24,1,E,5,N
328,235.13,426.54,1,E,5,N
329,271.63,426.84,1,E,5,N
330,283.70,427.14,1,E,5,N
331,294.90,427.44,1,E,5,N
447,361.84,430.67,3,W,5,N
448,389.05,444.68,3,W,5,E
555,403.70,465.74,5,W,5,N
556,404.19,466.04,5,W,5,N
557,411.18,466.34,5,W,5,N
558,411.61,466.64,5,W,5,N
559,413.57,466.94,5,W,5,N
560,415.58,467.24,5,W,5,N
561,428.31,467.54,5,W,5,N
562,438.97,467.84,5,W,5,N
563,441.87,468.14,5,W,5,N
564,444.12,468.44,5,W,5,N
565,451.46,468.74,5,W,5,N
653,428.63,479.74,5,E,5,N
654,433.57,480.04,5,E,5,N
655,451.56,480.34,5,E,5,N
77,353.73,499.00,1,S,3,W
446,333.66,499.50,3,W,5,W
481,366.80,499.80,3,E,5,W
49,251.99,500.10,1,S,5,W
50,257.15,500.40,1,S,5,W
90,406.27,500.50,1,S,2,E
51,257.58,500.70,1,S,5,W
57,265.09,501.00,1,S,5,W
68,280.55,501.30,1,S,5,W
69,281.88,501.60,1,S,5,W
70,284.42,501.90,1,S,5,W
89,405.18,502.00,1,S,1,W
393,367.78,502.20,2,W,5,W
91,407.78,502.30,1,S,1,W
395,387.86,502.50,2,W,5,W
92,408.05,502.60,1,S,1,W
72,319.36,502.80,1,S,5,W
93,408.13,502.90,1,S,1,W
224,273.80,503.10,1,W,5,W
104,478.36,503.20,1,S,1,W
225,276.20,503.40,1,W,5,W
111,489.55,503.68,1,S,1,W
227,279.08,503.70,1,W,5,W
228,280.53,504.00,1,W,5,W
230,283.67,504.30,1,W,5,W
231,284.96,504.60,1,W,5,W
232,302.09,504.90,1,W,5,W
233,322.20,505.20,1,W,5,W
334,334.77,505.50,1,E,5,W
115,495.25,509.39,1,S,1,W
398,428.66,513.27,2,W,3,W
101,442.91,514.80,1,S,1,E
71,318.70,515.50,1,S,5,E
226,277.45,515.80,1,W,5,E
333,329.47,516.10,1,E,5,E
55,263.76,521.64,1,S,5,N
60,266.28,521.94,1,S,5,N
62,268.88,522.24,1,S,5,N
63,269.46,522.54,1,S,5,N
64,270.92,522.84,1,S,5,N
66,277.48,523.14,1,S,5,N
67,279.75,523.44,1,S,5,N
422,302.04,523.74,2,E,5,N
390,309.22,524.04,2,W,5,N
391,315.73,524.34,2,W,5,N
424,364.87,524.64,2,E,5,N
392,347.45,524.94,2,W,5,N
394,373.16,525.24,2,W,5,N
229,282.20,525.54,1,W,5,N
335,338.97,525.84,1,E,5,N
336,351.22,526.14,1,E,5,N
338,399.75,526.44,1,E,5,N
482,406.89,530.17,3,E,5,N
449,442.81,530.47,3,W,5,N
483,423.18,530.77,3,E,5,N
450,444.75,531.07,3,W,5,N
94,409.27,536.57,1,S,3,W
339,407.94,543.47,1,E,3,E
112,491.67,543.62,1,S,2,W
566,486.42,565.64,5,W,5,N
567,508.57,565.94,5,W,5,N
568,509.11,566.24,5,W,5,N
569,510.45,566.54,5,W,5,N
570,539.98,566.84,5,W,5,N
571,546.14,567.14,5,W,5,N
572,548.63,567.44,5,W,5,N
573,548.74,567.74,5,W,5,N
574,550.14,568.04,5,W,5,N
575,552.52,568.34,5,W,5,N
576,554.87,568.64,5,W,5,N
577,557.32,568.94,5,W,5,N
656,526.13,579.64,5,E,5,N
657,527.27,579.94,5,E,5,N
658,551.75,580.24,5,E,5,N
659,569.23,580.54,5,E,5,N
107,485.31,598.80,1,S,3,E
114,493.78,598.80,1,S,3,W
484,466.08,599.40,3,E,5,W
79,361.38,599.70,1,S,5,W
660,593.84,599.97,5,E,5,N
83,397.41,600.00,1,S,5,W
87,402.21,600.30,1,S,5,W
425,401.17,600.60,2,E,5,W
260,501.98,600.60,1,W,2,E
257,496.97,600.60,1,W,2,W
396,421.81,600.90,2,W,5,W
266,549.63,600.90,1,W,2,E
357,531.84,600.90,1,E,2,W
96,413.87,601.20,1,S,5,W
97,415.67,601.50,1,S,5,W
98,417.56,601.80,1,S,5,W
99,419.51,602.10,1,S,5,W
242,408.77,602.40,1,W,5,W
123,503.48,602.40,1,S,1,W
243,410.31,602.70,1,W,5,W
244,412.02,603.00,1,W,5,W
246,421.52,603.30,1,W,5,W
247,438.49,603.60,1,W,5,W
249,459.73,603.90,1,W,5,W
344,447.97,604.20,1,E,5,W
402,579.28,615.35,2,W,3,W
95,411.59,615.40,1,S,5,E
343,444.43,615.70,1,E,5,E
74,351.38,621.54,1,S,5,N
75,352.32,621.84,1,S,5,N
85,399.30,622.14,1,S,5,N
88,403.24,622.44,1,S,5,N
426,434.40,622.74,2,E,5,N
397,424.04,623.04,2,W,5,N
399,459.99,623.34,2,W,5,N
427,483.97,623.64,2,E,5,N
451,518.92,623.83,3,W,5,E
400,490.26,623.94,2,W,5,N
235,366.97,624.24,1,W,5,N
236,368.96,624.54,1,W,5,N
237,378.40,624.84,1,W,5,N
238,395.34,625.14,1,W,5,N
239,399.27,625.44,1,W,5,N
240,406.13,625.74,1,W,5,N
241,407.22,626.04,1,W,5,N
245,419.84,626.34,1,W,5,N
248,438.59,626.64,1,W,5,N
250,460.22,626.94,1,W,5,N
251,461.77,627.24,1,W,5,N
340,409.57,627.54,1,E,5,N
341,429.09,627.84,1,E,5,N
342,435.12,628.14,1,E,5,N
345,467.26,628.44,1,E,5,N
346,469.13,628.74,1,E,5,N
347,479.20,629.04,1,E,5,N
348,493.60,629.34,1,E,5,N
349,495.37,629.64,1,E,5,N
350,498.80,629.94,1,E,5,N
486,560.36,630.27,3,E,5,N
487,567.69,630.57,3,E,5,N
452,572.05,633.82,3,W,5,N
453,573.78,635.55,3,W,5,N
258,497.16,639.67,1,W,3,E
263,528.22,640.87,1,W,3,E
351,505.52,642.37,1,E,3,W
353,509.51,642.97,1,E,3,W
354,510.69,643.27,1,E,3,E
455,584.41,646.18,3,W,5,N
578,598.50,665.54,5,W,5,N
579,601.49,665.84,5,W,5,N
580,608.60,666.14,5,W,5,N
581,609.83,666.44,5,W,5,N
582,611.35,666.74,5,W,5,N
583,612.96,667.04,5,W,5,N
584,620.40,667.34,5,W,5,N
585,621.68,667.64,5,W,5,N
586,622.68,667.94,5,W,5,N
587,625.22,668.24,5,W,5,N
588,638.74,668.54,5,W,5,N
589,645.49,668.84,5,W,5,N
590,648.14,669.14,5,W,5,N
661,644.23,679.54,5,E,5,N
662,662.09,679.84,5,E,5,N
663,670.78,680.14,5,E,5,N
664,672.87,680.44,5,E,5,N
665,676.02,682.15,5,E,5,N
666,685.39,691.52,5,E,5,N
667,686.44,692.58,5,E,5,N
485,522.54,699.30,3,E,5,W
454,578.65,699.60,3,W,5,W
103,446.87,699.90,1,S,5,W
105,480.11,700.20,1,S,5,W
113,492.10,700.50,1,S,5,W
362,608.81,700.70,1,E,2,W
429,571.61,700.80,2,E,5,W
119,497.54,701.10,1,S,5,W
120,497.87,701.40,1,S,5,W
121,500.55,701.70,1,S,5,W
122,501.71,702.00,1,S,5,W
254,471.98,702.30,1,W,5,W
255,474.96,702.60,1,W,5,W
130,609.82,702.80,1,S,1,W
261,502.44,702.90,1,W,5,W
134,648.85,703.10,1,S,1,W
268,559.95,703.20,1,W,5,W
139,653.45,703.40,1,S,1,W
359,547.73,703.50,1,E,5,W
142,683.91,703.70,1,S,1,W
360,556.98,703.80,1,E,5,W
145,687.67,704.00,1,S,1,W
361,582.67,704.10,1,E,5,W
100,441.71,715.30,1,S,5,E
106,480.84,715.60,1,S,5,E
408,683.39,719.46,2,W,3,W
102,445.91,721.44,1,S,5,N
108,485.58,721.74,1,S,5,N
109,487.32,722.04,1,S,5,N
110,488.60,722.34,1,S,5,N
116,495.59,722.64,1,S,5,N
117,495.66,722.94,1,S,5,N
118,496.47,723.24,1,S,5,N
428,527.57,723.54,2,E,5,N
401,570.30,723.84,2,W,5,N
124,504.25,724.14,1,S,5,N
252,468.31,724.44,1,W,5,N
253,471.84,724.74,1,W,5,N
256,495.96,725.04,1,W,5,N
259,498.93,725.34,1,W,5,N
262,503.98,725.64,1,W,5,N
264,528.54,725.94,1,W,5,N
265,547.71,726.24,1,W,5,N
267,550.42,726.54,1,W,5,N
352,508.29,726.84,1,E,5,N
355,516.45,727.14,1,E,5,N
356,526.94,727.44,1,E,5,N
358,534.35,727.74,1,E,5,N
456,605.41,729.77,3,W,5,N
489,617.88,730.07,3,E,5,N
490,666.72,730.37,3,E,5,N
459,655.14,730.67,3,W,5,N
460,655.18,730.97,3,W,5,N
461,666.94,731.27,3,W,5,N
491,673.14,734.91,3,E,5,N
151,729.85,743.98,1,S,1,E
364,687.08,749.27,1,E,3,W
591,676.04,765.44,5,W,5,N
592,677.46,765.74,5,W,5,N
593,685.15,766.04,5,W,5,N
594,687.07,766.34,5,W,5,N
595,703.73,766.64,5,W,5,N
596,705.43,766.94,5,W,5,N
597,705.91,767.24,5,W,5,N
598,708.35,767.54,5,W,5,N
599,710.44,767.84,5,W,5,N
600,712.78,768.14,5,W,5,N
601,714.99,768.44,5,W,5,N
602,716.80,768.74,5,W,5,N
603,718.53,769.04,5,W,5,N
604,720.63,769.34,5,W,5,N
605,722.05,769.64,5,W,5,N
606,732.97,769.94,5,W,5,N
607,740.43,770.24,5,W,5,N
608,748.34,770.54,5,W,5,N
609,759.04,770.84,5,W,5,N
668,760.22,779.44,5,E,5,N
146,693.56,798.40,1,S,3,E
488,607.96,799.20,3,E,5,W
457,610.93,799.50,3,W,5,W
458,625.99,799.80,3,W,5,W
431,619.54,800.10,2,E,5,W
404,627.05,800.40,2,W,5,W
405,627.81,800.70,2,W,5,W
407,670.18,801.00,2,W,5,W
129,608.59,801.30,1,S,5,W
269,567.87,801.60,1,W,5,W
271,592.81,801.90,1,W,5,W
272,618.19,802.20,1,W,5,W
273,631.38,802.50,1,W,5,W
274,647.26,802.80,1,W,5,W
147,727.26,803.20,1,S,1,W
159,773.90,803.50,1,S,1,W
160,774.08,803.80,1,S,1,W
162,779.81,804.10,1,S,1,W
430,601.10,815.20,2,E,5,E
432,668.63,815.50,2,E,5,E
270,587.67,815.80,1,W,5,E
125,540.33,821.34,1,S,5,N
126,540.63,821.64,1,S,5,N
127,573.33,821.94,1,S,5,N
403,616.51,822.24,2,W,5,N
406,640.77,822.54,2,W,5,N
409,692.32,822.84,2,W,5,N
128,608.08,823.14,1,S,5,N
131,610.99,823.44,1,S,5,N
132,611.49,823.74,1,S,5,N
133,613.55,824.04,1,S,5,N
275,656.94,824.34,1,W,5,N
363,647.14,824.64,1,E,5,N
462,736.92,829.57,3,W,5,N
493,714.26,829.87,3,E,5,N
464,741.79,830.17,3,W,5,N
463,740.63,830.17,3,W,5,N
465,764.57,830.47,3,W,5,N
495,729.54,830.77,3,E,5,N
149,727.95,837.17,1,S,3,E
150,729.79,837.47,1,S,3,W
276,678.26,837.77,1,W,3,E
170,824.58,838.72,1,S,1,E
368,730.65,840.47,1,E,3,E
466,778.85,840.62,3,W,5,N
154,768.21,842.72,1,S,2,W
497,787.73,849.50,3,E,5,N
610,781.16,865.34,5,W,5,N
611,782.68,865.64,5,W,5,N
612,790.77,865.94,5,W,5,N
613,793.74,866.24,5,W,5,N
614,794.85,866.54,5,W,5,N
615,808.87,866.84,5,W,5,N
616,809.13,867.14,5,W,5,N
617,811.60,867.44,5,W,5,N
618,827.07,867.74,5,W,5,N
619,837.36,868.04,5,W,5,N
620,837.72,868.34,5,W,5,N
621,839.60,868.64,5,W,5,N
622,842.33,868.94,5,W,5,N
623,844.45,869.24,5,W,5,N
624,854.53,869.54,5,W,5,N
625,855.57,869.84,5,W,5,N
626,856.59,870.14,5,W,5,N
627,857.52,870.44,5,W,5,N
628,863.06,870.74,5,W,5,N
629,864.16,871.04,5,W,5,N
630,864.71,871.34,5,W,5,N
631,866.14,872.27,5,W,5,N
632,867.51,873.65,5,W,5,N
633,869.78,875.91,5,W,5,N
634,871.66,877.80,5,W,5,N
635,872.11,878.25,5,W,5,N
669,814.41,879.34,5,E,5,N
670,824.37,879.64,5,E,5,N
671,827.06,879.94,5,E,5,N
672,856.02,880.24,5,E,5,N
673,873.25,880.54,5,E,5,N
674,876.77,882.90,5,E,5,N
365,694.45,899.10,1,E,5,W
366,697.39,899.40,1,E,5,W
367,700.40,899.70,1,E,5,W
492,712.85,900.00,3,E,5,W
494,720.08,900.30,3,E,5,W
496,736.78,900.60,3,E,5,W
498,788.96,900.90,3,E,5,W
165,812.42,900.90,1,S,2,W
135,649.60,901.20,1,S,5,W
290,795.13,901.20,1,W,2,W
143,685.69,901.50,1,S,5,W
297,816.74,901.50,1,W,2,W
144,686.17,901.80,1,S,5,W
433,715.98,902.10,2,E,5,W
278,691.02,902.40,1,W,5,W
280,702.08,902.70,1,W,5,W
282,725.39,903.00,1,W,5,W
283,750.73,903.30,1,W,5,W
167,819.27,903.60,1,S,1,W
171,825.23,903.90,1,S,1,W
181,877.30,904.20,1,S,1,W
182,878.94,904.50,1,S,1,W
184,880.61,904.80,1,S,1,W
371,787.13,904.95,1,E,5,W
372,792.11,909.94,1,E,5,W
410,726.62,915.10,2,W,5,E
370,761.00,915.40,1,E,5,E
136,650.60,921.24,1,S,5,N
137,651.20,921.54,1,S,5,N
138,651.94,921.84,1,S,5,N
140,676.06,922.14,1,S,5,N
141,681.18,922.44,1,S,5,N
411,740.46,922.74,2,W,5,N
434,737.71,923.04,2,E,5,N
499,800.07,923.23,3,E,5,E
435,760.23,923.34,2,E,5,N
412,765.55,923.64,2,W,5,N
148,727.63,923.94,1,S,5,N
277,690.10,924.24,1,W,5,N
279,698.30,924.54,1,W,5,N
281,718.68,924.84,1,W,5,N
284,756.62,925.14,1,W,5,N
369,741.42,925.44,1,E,5,N
500,846.30,929.67,3,E,5,N
174,827.62,938.77,1,S,3,E
299,838.57,943.57,1,W,3,W
636,874.31,965.24,5,W,5,N
637,895.58,965.54,5,W,5,N
638,898.37,965.84,5,W,5,N
467,844.00,999.00,3,W,5,W
157,771.72,999.30,1,S,5,W
163,780.97,999.60,1,S,5,W
414,865.22,999.90,2,W,5,W
164,811.15,1000.20,1,S,5,W
166,818.38,1000.50,1,S,5,W
168,820.86,1000.80,1,S,5,W
173,825.97,1001.10,1,S,5,W
175,835.38,1001.40,1,S,5,W
287,789.74,1001.70,1,W,5,W
300,838.98,1002.00,1,W,5,W
303,855.25,1002.30,1,W,5,W
376,871.28,1002.60,1,E,5,W
437,846.39,1015.00,2,E,5,E
373,802.71,1021.14,1,E,5,N
152,765.27,1021.44,1,S,5,N
153,767.45,1021.74,1,S,5,N
155,770.62,1022.04,1,S,5,N
156,771.13,1022.34,1,S,5,N
158,772.06,1022.64,1,S,5,N
161,776.65,1022.94,1,S,5,N
413,857.92,1023.24,2,W,5,N
436,800.92,1023.54,2,E,5,N
438,857.29,1023.84,2,E,5,N
439,890.30,1024.14,2,E,5,N
169,822.12,1024.44,1,S,5,N
172,825.60,1024.74,1,S,5,N
176,836.06,1025.04,1,S,5,N
177,836.26,1025.34,1,S,5,N
285,772.14,1025.64,1,W,5,N
286,788.11,1025.94,1,W,5,N
288,791.60,1026.24,1,W,5,N
289,793.44,1026.54,1,W,5,N
291,796.49,1026.84,1,W,5,N
292,797.82,1027.14,1,W,5,N
293,798.95,1027.44,1,W,5,N
294,800.16,1027.74,1,W,5,N
295,801.54,1028.04,1,W,5,N
296,803.18,1028.34,1,W,5,N
298,818.62,1028.64,1,W,5,N
301,850.51,1028.94,1,W,5,N
302,851.71,1029.24,1,W,5,N
304,857.18,1029.54,1,W,5,N
374,805.43,1029.84,1,E,5,N
375,869.77,1030.14,1,E,5,N
377,895.75,1030.44,1,E,5,N
501,899.87,1030.74,3,E,5,N
179,841.59,1098.90,1,S,5,W
178,841.07,1121.04,1,S,5,N
180,843.49,1121.34,1,S,5,N
183,880.45,1121.64,1,S,5,N
305,870.64,1121.94,1,W,5,N
306,884.62,1122.24,1,W,5,N
307,888.05,1122.54,1,W,5,N
308,889.78,1122.84,1,W,5,N
309,898.60,1123.14,1,W,5,N
310,899.38,1123.44,1,W,5,N