id,enter_time,exit_time,entrance_intersection,entrance_direction,exit_intersection,exit_direction
12,11.60,25.74,1,S,1,E
2,2.74,42.99,1,S,2,W
494,43.89,66.14,5,W,5,N
495,45.08,66.44,5,W,5,N
496,67.51,73.65,5,W,5,N
497,68.57,74.71,5,W,5,N
498,69.83,75.97,5,W,5,N
499,70.96,77.09,5,W,5,N
615,28.01,80.14,5,E,5,N
616,30.82,80.44,5,E,5,N
617,60.74,80.74,5,E,5,N
209,26.41,100.10,1,W,2,W
307,68.89,100.10,1,E,2,E
3,3.24,100.40,1,S,1,W
9,9.11,100.70,1,S,1,W
10,9.51,101.00,1,S,1,W
374,86.51,122.58,2,W,3,E
456,12.14,130.97,3,E,5,N
431,59.84,131.27,3,W,5,N
18,119.39,133.52,1,S,1,E
5,5.57,136.47,1,S,3,E
210,48.28,139.47,1,W,3,W
432,85.45,147.22,3,W,5,N
500,86.18,166.04,5,W,5,N
501,92.38,166.34,5,W,5,N
502,93.34,166.64,5,W,5,N
503,94.65,166.94,5,W,5,N
504,95.80,167.24,5,W,5,N
505,102.05,167.54,5,W,5,N
506,103.05,167.84,5,W,5,N
507,104.67,168.14,5,W,5,N
508,107.20,168.44,5,W,5,N
509,108.95,168.74,5,W,5,N
510,110.92,169.04,5,W,5,N
511,121.74,169.34,5,W,5,N
512,122.97,169.64,5,W,5,N
513,124.57,169.94,5,W,5,N
514,154.45,170.24,5,W,5,N
515,156.05,170.54,5,W,5,N
516,158.77,170.84,5,W,5,N
517,160.28,171.14,5,W,5,N
518,161.58,171.44,5,W,5,N
519,163.44,171.74,5,W,5,N
520,164.51,172.04,5,W,5,N
521,166.27,172.40,5,W,5,N
618,114.48,180.04,5,E,5,N
619,116.41,180.34,5,E,5,N
620,124.68,180.64,5,E,5,N
621,191.17,197.31,5,E,5,N
457,55.87,199.80,3,E,5,W
373,49.19,200.10,2,W,5,W
311,120.30,200.20,1,E,2,W
4,4.95,200.40,1,S,5,W
7,7.51,200.70,1,S,5,W
28,154.41,200.80,1,S,1,W
14,14.76,201.00,1,S,5,W
32,166.40,201.10,1,S,1,W
206,1.83,201.30,1,W,5,W
37,171.19,201.40,1,S,1,W
306,39.90,201.60,1,E,5,W
622,196.37,202.51,5,E,5,N
29,160.06,213.60,1,S,1,E
212,64.63,215.80,1,W,5,E
0,1.26,221.94,1,S,5,N
1,1.61,222.24,1,S,5,N
405,42.84,222.54,2,E,5,N
372,38.38,222.84,2,W,5,N
406,91.83,223.14,2,E,5,N
6,6.82,223.44,1,S,5,N
8,8.20,223.74,1,S,5,N
11,10.21,224.04,1,S,5,N
13,12.07,224.34,1,S,5,N
207,5.17,224.64,1,W,5,N
208,6.18,224.94,1,W,5,N
211,50.36,225.24,1,W,5,N
304,3.77,225.54,1,E,5,N
305,25.76,225.84,1,E,5,N
44,214.85,228.99,1,S,1,E
458,106.21,230.77,3,E,5,N
433,150.77,231.07,3,W,5,N
434,151.92,231.37,3,W,5,N
460,157.41,231.67,3,E,5,N
219,115.22,239.27,1,W,3,E
49,226.06,240.19,1,S,1,E
51,226.88,241.02,1,S,1,E
318,192.53,254.72,1,E,3,E
522,191.22,265.94,5,W,5,N
523,198.74,266.24,5,W,5,N
524,207.95,266.54,5,W,5,N
525,209.65,266.84,5,W,5,N
526,210.35,267.14,5,W,5,N
527,212.99,267.44,5,W,5,N
528,214.70,267.74,5,W,5,N
529,224.25,268.04,5,W,5,N
530,230.56,268.34,5,W,5,N
531,244.72,268.64,5,W,5,N
532,247.57,268.94,5,W,5,N
533,249.20,269.24,5,W,5,N
534,254.99,269.54,5,W,5,N
535,256.97,269.84,5,W,5,N
536,259.67,270.14,5,W,5,N
537,261.50,270.44,5,W,5,N
538,263.85,270.74,5,W,5,N
623,200.19,279.94,5,E,5,N
624,252.46,280.24,5,E,5,N
625,272.64,280.54,5,E,5,N
626,280.18,286.31,5,E,5,N
459,151.76,299.70,3,E,5,W
461,159.22,300.00,3,E,5,W
57,231.82,300.30,1,S,2,E
54,228.41,300.30,1,S,2,W
375,125.15,300.30,2,W,5,W
409,170.89,300.60,2,E,5,W
213,78.66,300.90,1,W,5,W
42,211.45,301.20,1,S,1,W
215,94.78,301.20,1,W,5,W
43,212.84,301.50,1,S,1,W
218,113.89,301.50,1,W,5,W
52,227.08,301.80,1,S,1,W
220,117.13,301.80,1,W,5,W
309,113.00,302.10,1,E,5,W
314,140.43,302.40,1,E,5,W
19,120.35,315.70,1,S,5,E
222,119.10,316.00,1,W,5,E
15,52.44,321.84,1,S,5,N
16,84.05,322.14,1,S,5,N
17,85.89,322.44,1,S,5,N
407,132.44,322.74,2,E,5,N
408,157.23,323.04,2,E,5,N
20,125.84,323.34,1,S,5,N
21,128.62,323.64,1,S,5,N
22,136.58,323.94,1,S,5,N
214,80.02,324.24,1,W,5,N
216,97.28,324.54,1,W,5,N
217,98.49,324.84,1,W,5,N
221,118.79,325.14,1,W,5,N
223,123.01,325.44,1,W,5,N
224,142.29,325.74,1,W,5,N
225,142.76,326.04,1,W,5,N
308,107.42,326.34,1,E,5,N
310,116.43,326.64,1,E,5,N
312,123.95,326.94,1,E,5,N
313,130.23,327.24,1,E,5,N
315,166.52,327.54,1,E,5,N
316,179.84,327.84,1,E,5,N
317,181.93,328.14,1,E,5,N
435,214.63,330.57,3,W,5,N
463,239.18,330.87,3,E,5,N
50,226.78,337.57,1,S,3,W
437,297.44,359.21,3,W,5,N
539,298.87,365.84,5,W,5,N
540,300.23,366.14,5,W,5,N
541,326.41,366.44,5,W,5,N
542,359.13,366.74,5,W,5,N
543,366.37,372.50,5,W,5,N
544,368.14,374.27,5,W,5,N
545,370.30,376.43,5,W,5,N
627,351.20,379.84,5,E,5,N
628,365.50,380.14,5,E,5,N
462,203.57,399.60,3,E,5,W
436,227.70,399.90,3,W,5,W
464,274.36,400.20,3,E,5,W
239,300.32,400.40,1,W,2,W
24,143.12,400.50,1,S,5,W
26,151.38,400.80,1,S,5,W
31,165.42,401.10,1,S,5,W
35,169.01,401.40,1,S,5,W
68,355.73,401.60,1,S,1,W
40,174.90,401.70,1,S,5,W
71,357.92,401.90,1,S,1,W
412,272.78,402.00,2,E,5,W
84,378.09,402.20,1,S,1,W
48,224.90,402.30,1,S,5,W
56,229.92,402.60,1,S,5,W
229,189.87,402.90,1,W,5,W
231,221.34,403.20,1,W,5,W
234,254.90,403.50,1,W,5,W
323,268.34,403.80,1,E,5,W
326,291.40,409.23,1,E,5,W
379,338.31,412.87,2,W,3,W
381,356.14,413.47,2,W,3,W
82,373.04,414.40,1,S,1,E
86,385.92,414.70,1,S,1,E
376,216.44,415.60,2,W,5,E
325,273.57,415.90,1,E,5,E
23,141.67,421.74,1,S,5,N
25,145.60,422.04,1,S,5,N
27,153.20,422.34,1,S,5,N
30,161.74,422.64,1,S,5,N
33,168.04,422.94,1,S,5,N
34,168.46,423.24,1,S,5,N
36,169.43,423.54,1,S,5,N
38,172.83,423.84,1,S,5,N
39,172.95,424.14,1,S,5,N
41,175.17,424.44,1,S,5,N
410,207.86,424.74,2,E,5,N
411,224.87,425.04,2,E,5,N
377,298.83,425.34,2,W,5,N
45,215.64,425.64,1,S,5,N
46,221.08,425.94,1,S,5,N
47,223.32,426.24,1,S,5,N
53,227.99,426.54,1,S,5,N
55,228.55,426.84,1,S,5,N
226,167.05,427.14,1,W,5,N
227,185.73,427.44,1,W,5,N
228,187.91,427.74,1,W,5,N
230,209.68,428.04,1,W,5,N
232,227.71,428.34,1,W,5,N
233,252.92,428.64,1,W,5,N
235,256.36,428.94,1,W,5,N
236,259.43,429.24,1,W,5,N
319,202.50,429.54,1,E,5,N
320,220.17,429.84,1,E,5,N
321,259.35,430.14,1,E,5,N
322,267.74,430.44,1,E,5,N
324,272.00,430.74,1,E,5,N
438,320.93,431.04,3,W,5,N
439,346.00,431.34,3,W,5,N
466,325.39,431.64,3,E,5,N
467,369.50,431.94,3,E,5,N
469,377.06,438.83,3,E,5,N
70,357.11,440.82,1,S,2,E
77,363.89,442.62,1,S,2,W
79,367.19,443.22,1,S,2,W
87,387.79,444.72,1,S,2,E
105,434.12,448.26,1,S,1,E
106,435.26,449.39,1,S,1,E
329,393.43,455.62,1,E,3,W
546,375.81,465.74,5,W,5,N
547,377.16,466.04,5,W,5,N
548,396.28,466.34,5,W,5,N
549,398.02,466.64,5,W,5,N
550,398.02,466.94,5,W,5,N
551,398.09,467.24,5,W,5,N
552,399.74,467.54,5,W,5,N
553,408.92,467.84,5,W,5,N
554,440.38,468.14,5,W,5,N
555,448.81,468.44,5,W,5,N
556,449.81,468.74,5,W,5,N
557,454.14,469.04,5,W,5,N
558,462.15,469.34,5,W,5,N
559,464.84,470.97,5,W,5,N
629,431.99,479.74,5,E,5,N
630,472.56,480.04,5,E,5,N
74,360.71,499.00,1,S,3,E
88,388.41,499.00,1,S,3,W
465,324.33,499.50,3,E,5,W
468,371.32,499.80,3,E,5,W
470,393.28,500.10,3,E,5,W
58,258.29,500.40,1,S,5,W
89,388.59,500.50,1,S,2,W
63,263.90,500.70,1,S,5,W
413,302.76,501.00,2,E,5,W
631,494.90,501.04,5,E,5,N
414,313.73,501.30,2,E,5,W
65,311.42,501.60,1,S,5,W
238,284.50,501.90,1,W,5,W
90,418.95,502.00,1,S,1,W
240,318.82,502.20,1,W,5,W
98,426.06,502.30,1,S,1,W
244,360.38,502.50,1,W,5,W
99,426.18,502.60,1,S,1,W
100,427.57,502.90,1,S,1,W
103,430.71,503.20,1,S,1,W
110,439.49,503.50,1,S,1,W
112,473.53,503.80,1,S,1,W
114,475.70,504.10,1,S,1,W
117,482.96,504.40,1,S,1,W
415,353.84,515.50,2,E,5,E
67,317.06,515.80,1,S,5,E
59,258.82,521.64,1,S,5,N
60,258.87,521.94,1,S,5,N
61,259.72,522.24,1,S,5,N
62,260.18,522.54,1,S,5,N
64,264.55,522.84,1,S,5,N
378,327.64,523.14,2,W,5,N
380,351.21,523.44,2,W,5,N
382,389.55,523.74,2,W,5,N
416,395.52,524.04,2,E,5,N
66,313.39,524.34,1,S,5,N
237,267.76,524.64,1,W,5,N
443,456.98,524.93,3,W,5,E
241,333.44,524.94,1,W,5,N
387,488.91,524.98,2,W,3,W
242,335.39,525.24,1,W,5,N
243,336.59,525.54,1,W,5,N
245,363.58,525.84,1,W,5,N
327,353.76,526.14,1,E,5,N
474,470.53,526.17,3,E,5,E
328,391.06,526.44,1,E,5,N
330,395.45,526.74,1,E,5,N
440,408.95,530.17,3,W,5,N
471,436.79,530.47,3,E,5,N
441,435.38,530.77,3,W,5,N
442,444.78,530.77,3,W,5,N
473,459.90,531.07,3,E,5,N
444,466.50,531.37,3,W,5,N
445,476.77,538.54,3,W,5,N
108,437.67,539.87,1,S,3,E
253,440.47,542.27,1,W,3,W
124,535.09,549.23,1,S,1,E
476,496.55,558.32,3,E,5,N
560,473.39,565.64,5,W,5,N
561,508.03,565.94,5,W,5,N
562,508.05,566.24,5,W,5,N
563,509.40,566.54,5,W,5,N
564,510.69,566.84,5,W,5,N
565,511.83,567.14,5,W,5,N
566,512.83,567.44,5,W,5,N
567,514.77,567.74,5,W,5,N
568,564.05,570.19,5,W,5,N
569,564.69,570.83,5,W,5,N
570,566.06,572.19,5,W,5,N
632,500.61,579.64,5,E,5,N
633,506.77,579.94,5,E,5,N
634,560.19,580.24,5,E,5,N
472,442.07,599.40,3,E,5,W
475,481.64,599.70,3,E,5,W
75,361.34,600.00,1,S,5,W
81,372.43,600.30,1,S,5,W
383,402.55,600.60,2,W,5,W
418,458.96,600.90,2,E,5,W
384,413.58,601.20,2,W,5,W
385,447.99,601.50,2,W,5,W
91,419.33,601.80,1,S,5,W
92,420.33,602.10,1,S,5,W
93,420.34,602.40,1,S,5,W
125,569.32,602.40,1,S,1,W
107,436.41,602.70,1,S,5,W
246,382.47,603.00,1,W,5,W
249,402.24,603.30,1,W,5,W
250,422.11,603.60,1,W,5,W
252,439.15,603.90,1,W,5,W
256,446.33,604.20,1,W,5,W
331,423.64,604.50,1,E,5,W
332,426.33,604.80,1,E,5,W
335,493.18,611.01,1,E,5,W
95,423.81,615.40,1,S,5,E
104,432.23,615.70,1,S,5,E
254,442.23,616.00,1,W,5,E
336,494.15,616.30,1,E,5,E
477,498.46,621.54,3,E,5,N
69,356.79,621.84,1,S,5,N
72,359.16,622.14,1,S,5,N
73,359.58,622.44,1,S,5,N
76,362.45,622.74,1,S,5,N
78,366.55,623.04,1,S,5,N
80,367.70,623.34,1,S,5,N
83,375.05,623.64,1,S,5,N
85,378.24,623.94,1,S,5,N
417,418.30,624.24,2,E,5,N
386,455.34,624.54,2,W,5,N
388,499.42,624.84,2,W,5,N
94,421.85,625.14,1,S,5,N
96,423.89,625.44,1,S,5,N
97,424.36,625.74,1,S,5,N
101,430.55,626.04,1,S,5,N
102,430.58,626.34,1,S,5,N
247,393.46,626.64,1,W,5,N
248,394.56,626.94,1,W,5,N
251,422.30,627.24,1,W,5,N
255,442.54,627.54,1,W,5,N
333,462.24,627.84,1,E,5,N
334,467.25,628.14,1,E,5,N
478,500.18,629.97,3,E,5,N
480,571.18,632.95,3,E,5,N
481,572.84,634.61,3,E,5,N
118,523.44,636.67,1,S,3,E
571,574.05,665.54,5,W,5,N
572,586.86,665.84,5,W,5,N
573,588.27,666.14,5,W,5,N
574,594.81,666.44,5,W,5,N
575,601.60,666.74,5,W,5,N
576,603.52,667.04,5,W,5,N
577,614.16,667.34,5,W,5,N
578,616.70,667.64,5,W,5,N
579,627.36,667.94,5,W,5,N
580,670.08,676.22,5,W,5,N
635,607.51,679.54,5,E,5,N
636,657.59,679.84,5,E,5,N
446,534.93,699.30,3,W,5,W
479,535.27,699.60,3,E,5,W
482,574.19,699.90,3,E,5,W
109,438.92,700.20,1,S,5,W
111,472.66,700.50,1,S,5,W
389,535.70,700.80,2,W,5,W
391,571.32,701.10,2,W,5,W
260,485.00,701.40,1,W,5,W
268,566.47,701.70,1,W,5,W
339,550.25,702.00,1,E,5,W
127,604.74,702.80,1,S,1,W
130,645.82,703.10,1,S,1,W
132,650.88,703.40,1,S,1,W
134,654.03,703.70,1,S,1,W
135,655.41,704.00,1,S,1,W
141,692.87,707.01,1,S,1,W
144,698.44,712.57,1,S,1,W
394,619.76,712.87,2,W,3,E
113,474.11,715.30,1,S,5,E
140,691.44,715.60,1,S,1,E
352,693.63,719.74,1,E,2,W
353,695.32,721.43,1,E,2,W
115,476.99,721.44,1,S,5,N
116,482.63,721.74,1,S,5,N
419,504.48,722.04,2,E,5,N
420,524.27,722.34,2,E,5,N
390,558.14,722.64,2,W,5,N
421,563.74,722.94,2,E,5,N
392,582.29,723.24,2,W,5,N
393,592.36,723.54,2,W,5,N
447,599.79,723.63,3,W,5,E
119,524.11,723.84,1,S,5,N
120,525.70,724.14,1,S,5,N
121,526.84,724.44,1,S,5,N
122,527.44,724.74,1,S,5,N
123,534.87,725.04,1,S,5,N
257,466.53,725.34,1,W,5,N
258,477.39,725.64,1,W,5,N
259,478.82,725.94,1,W,5,N
261,504.53,726.24,1,W,5,N
262,505.62,726.54,1,W,5,N
263,521.84,726.84,1,W,5,N
264,523.65,727.14,1,W,5,N
265,535.91,727.44,1,W,5,N
266,537.68,727.74,1,W,5,N
267,554.47,728.04,1,W,5,N
337,534.23,728.34,1,E,5,N
338,535.38,728.64,1,E,5,N
340,598.96,728.94,1,E,5,N
484,643.75,730.07,3,E,5,N
448,628.55,730.37,3,W,5,N
275,632.31,739.17,1,W,3,E
345,636.40,741.27,1,E,3,W
486,689.32,751.09,3,E,5,N
581,675.32,765.44,5,W,5,N
582,677.59,765.74,5,W,5,N
583,679.35,766.04,5,W,5,N
584,692.32,766.34,5,W,5,N
585,694.04,766.64,5,W,5,N
586,727.54,766.94,5,W,5,N
587,744.43,767.24,5,W,5,N
588,756.93,767.54,5,W,5,N
589,758.85,767.84,5,W,5,N
637,710.86,779.44,5,E,5,N
638,719.69,779.74,5,E,5,N
131,646.02,798.40,1,S,3,E
483,628.56,799.20,3,E,5,W
449,654.65,799.50,3,W,5,W
639,793.50,799.64,5,E,5,N
485,651.71,799.80,3,E,5,W
450,654.91,800.10,3,W,5,W
395,645.44,800.40,2,W,5,W
270,598.99,800.70,1,W,5,W
272,601.24,801.00,1,W,5,W
274,606.44,801.30,1,W,5,W
348,656.39,801.60,1,E,5,W
349,675.71,801.90,1,E,5,W
146,733.19,803.20,1,S,1,W
148,735.77,803.50,1,S,1,W
152,740.67,803.80,1,S,1,W
153,742.27,804.10,1,S,1,W
160,751.19,804.40,1,S,1,W
163,784.46,804.70,1,S,1,W
169,791.73,805.87,1,S,1,W
351,688.19,806.02,1,E,5,W
170,793.57,807.71,1,S,1,W
173,796.62,810.75,1,S,1,W
174,797.31,811.44,1,S,1,W
399,762.65,813.87,2,W,3,W
269,573.14,815.20,1,W,5,E
276,652.21,815.50,1,W,5,E
343,624.26,815.80,1,E,5,E
164,784.61,816.00,1,S,1,E
165,786.14,816.30,1,S,1,E
171,794.80,816.60,1,S,1,E
126,604.22,821.34,1,S,5,N
422,604.81,821.64,2,E,5,N
423,637.63,821.94,2,E,5,N
424,658.89,822.24,2,E,5,N
128,605.14,822.54,1,S,5,N
129,606.30,822.84,1,S,5,N
271,600.63,823.14,1,W,5,N
273,604.87,823.44,1,W,5,N
277,660.07,823.74,1,W,5,N
341,606.93,824.04,1,E,5,N
342,610.25,824.34,1,E,5,N
344,628.19,824.64,1,E,5,N
346,638.20,824.94,1,E,5,N
347,642.15,825.24,1,E,5,N
350,678.09,825.54,1,E,5,N
451,712.66,829.57,3,W,5,N
452,716.91,829.87,3,W,5,N
489,764.68,830.17,3,E,5,N
488,746.62,830.17,3,E,5,N
453,728.71,830.47,3,W,5,N
490,771.67,833.44,3,E,5,N
283,702.95,839.27,1,W,3,E
361,747.22,843.77,1,E,3,E
166,787.28,844.82,1,S,2,E
454,792.01,853.78,3,W,5,N
590,773.89,865.34,5,W,5,N
591,774.53,865.64,5,W,5,N
592,774.75,865.94,5,W,5,N
593,777.25,866.24,5,W,5,N
594,778.76,866.54,5,W,5,N
595,780.61,866.84,5,W,5,N
596,781.70,867.14,5,W,5,N
597,784.52,867.44,5,W,5,N
598,792.97,867.74,5,W,5,N
599,794.20,868.04,5,W,5,N
600,795.23,868.34,5,W,5,N
601,796.65,868.64,5,W,5,N
602,798.19,868.94,5,W,5,N
603,807.03,869.24,5,W,5,N
604,808.55,869.54,5,W,5,N
605,824.33,869.84,5,W,5,N
606,841.04,870.14,5,W,5,N
607,841.41,870.44,5,W,5,N
640,816.01,879.34,5,E,5,N
641,821.85,879.64,5,E,5,N
642,836.43,879.94,5,E,5,N
643,853.52,880.24,5,E,5,N
644,870.98,880.54,5,E,5,N
645,871.78,880.84,5,E,5,N
487,728.88,899.10,3,E,5,W
136,685.68,899.40,1,S,5,W
139,691.25,899.70,1,S,5,W
145,699.53,900.00,1,S,5,W
427,764.77,900.30,2,E,5,W
397,733.24,900.60,2,W,5,W
398,735.87,900.90,2,W,5,W
179,836.56,900.90,1,S,2,W
278,682.00,901.20,1,W,5,W
289,759.92,901.50,1,W,5,W
290,761.04,901.80,1,W,5,W
355,710.49,902.10,1,E,5,W
356,712.68,902.40,1,E,5,W
357,714.70,902.70,1,E,5,W
178,802.44,903.60,1,S,1,W
183,840.87,903.90,1,S,1,W
188,846.73,904.20,1,S,1,W
189,847.86,904.50,1,S,1,W
198,862.12,904.80,1,S,1,W
401,873.47,913.37,2,W,3,W
137,687.60,915.10,1,S,5,E
287,738.55,915.40,1,W,5,E
363,778.52,915.70,1,E,5,E
186,843.18,916.40,1,S,1,E
201,866.86,916.70,1,S,1,E
203,869.83,917.00,1,S,1,E
133,651.16,921.24,1,S,5,N
138,690.58,921.54,1,S,5,N
142,697.36,921.84,1,S,5,N
143,697.79,922.14,1,S,5,N
425,707.31,922.44,2,E,5,N
426,729.87,922.74,2,E,5,N
396,729.52,923.04,2,W,5,N
147,734.55,923.34,1,S,5,N
149,736.58,923.64,1,S,5,N
150,738.18,923.94,1,S,5,N
279,683.72,924.24,1,W,5,N
280,695.32,924.54,1,W,5,N
281,697.20,924.84,1,W,5,N
282,700.96,925.14,1,W,5,N
284,704.95,925.44,1,W,5,N
285,706.02,925.74,1,W,5,N
286,721.71,926.04,1,W,5,N
288,740.33,926.34,1,W,5,N
354,706.30,926.64,1,E,5,N
358,741.27,926.94,1,E,5,N
359,743.56,927.24,1,E,5,N
360,745.30,927.54,1,E,5,N
362,764.00,927.84,1,E,5,N
364,781.39,928.14,1,E,5,N
491,806.60,929.37,3,E,5,N
492,863.97,929.67,3,E,5,N
493,872.83,934.60,3,E,5,N
177,800.65,937.87,1,S,3,E
297,812.63,940.87,1,W,3,W
185,841.94,942.82,1,S,2,E
187,845.10,943.12,1,S,2,E
369,877.13,943.27,1,E,3,W
371,894.23,956.42,1,E,3,W
608,872.80,965.24,5,W,5,N
609,874.37,965.54,5,W,5,N
610,875.31,965.84,5,W,5,N
611,875.96,966.14,5,W,5,N
612,877.15,966.44,5,W,5,N
613,878.24,966.74,5,W,5,N
614,880.08,967.04,5,W,5,N
194,857.00,998.00,1,S,3,W
455,854.67,999.00,3,W,5,W
151,739.77,999.30,1,S,5,W
155,745.44,999.60,1,S,5,W
157,747.18,999.90,1,S,5,W
161,783.58,1000.20,1,S,5,W
168,790.76,1000.50,1,S,5,W
428,811.24,1000.80,2,E,5,W
205,872.05,1001.00,1,S,2,W
400,860.13,1001.10,2,W,5,W
404,898.61,1001.40,2,W,5,W
175,799.16,1001.70,1,S,5,W
181,839.07,1002.00,1,S,5,W
292,779.88,1002.30,1,W,5,W
298,813.21,1002.60,1,W,5,W
300,843.46,1002.90,1,W,5,W
301,845.00,1003.20,1,W,5,W
295,791.73,1015.00,1,W,5,E
296,810.88,1015.30,1,W,5,E
299,827.94,1015.60,1,W,5,E
368,826.42,1015.90,1,E,5,E
365,801.28,1021.14,1,E,5,N
154,744.09,1021.44,1,S,5,N
156,746.44,1021.74,1,S,5,N
158,749.72,1022.04,1,S,5,N
159,750.22,1022.34,1,S,5,N
162,783.70,1022.64,1,S,5,N
167,788.45,1022.94,1,S,5,N
429,857.14,1023.24,2,E,5,N
430,877.27,1023.54,2,E,5,N
402,884.25,1023.84,2,W,5,N
403,885.31,1024.14,2,W,5,N
172,795.51,1024.44,1,S,5,N
176,799.21,1024.74,1,S,5,N
180,838.18,1025.04,1,S,5,N
182,839.21,1025.34,1,S,5,N
291,770.12,1025.64,1,W,5,N
293,780.26,1025.94,1,W,5,N
294,781.86,1026.24,1,W,5,N
366,805.87,1026.54,1,E,5,N
367,810.95,1026.84,1,E,5,N
370,885.11,1027.14,1,E,5,N
191,851.51,1098.90,1,S,5,W
192,852.80,1099.20,1,S,5,W
193,855.95,1099.50,1,S,5,W
197,860.79,1099.80,1,S,5,W
202,867.16,1100.10,1,S,5,W
303,887.54,1100.40,1,W,5,W
184,841.22,1114.90,1,S,5,E
190,849.15,1115.20,1,S,5,E
195,858.55,1121.04,1,S,5,N
196,859.38,1121.34,1,S,5,N
199,864.95,1121.64,1,S,5,N
200,866.82,1121.94,1,S,5,N
204,871.40,1122.24,1,S,5,N
302,870.73,1122.54,1,W,5,N