id,enter_time,exit_time,entrance_intersection,entrance_direction,exit_intersection,exit_direction
494,7.74,66.14,5,W,5,N
495,9.16,66.44,5,W,5,N
496,10.78,66.74,5,W,5,N
497,12.41,67.04,5,W,5,N
498,18.57,67.34,5,W,5,N
499,45.83,67.64,5,W,5,N
500,46.19,67.94,5,W,5,N
613,13.79,80.14,5,E,5,N
614,67.71,80.44,5,E,5,N
615,68.91,80.74,5,E,5,N
213,11.47,100.10,1,W,2,W
2,11.53,100.10,1,S,2,E
1,4.40,100.40,1,S,1,W
3,16.15,100.70,1,S,1,W
5,17.06,101.00,1,S,1,W
8,48.64,101.30,1,S,1,W
10,50.09,101.60,1,S,1,W
12,51.63,101.90,1,S,1,W
19,92.37,106.50,1,S,1,W
20,94.10,108.24,1,S,1,W
460,1.40,130.97,3,E,5,N
461,45.92,131.27,3,E,5,N
212,8.24,137.07,1,W,3,W
462,83.96,145.73,3,E,5,N
501,87.57,166.04,5,W,5,N
502,88.33,166.34,5,W,5,N
503,91.01,166.64,5,W,5,N
504,123.46,166.94,5,W,5,N
505,124.86,167.24,5,W,5,N
506,125.92,167.54,5,W,5,N
507,126.77,167.84,5,W,5,N
508,128.79,168.14,5,W,5,N
509,128.89,168.44,5,W,5,N
510,131.51,168.74,5,W,5,N
511,132.41,169.04,5,W,5,N
512,140.21,169.34,5,W,5,N
513,141.44,169.64,5,W,5,N
514,143.11,169.94,5,W,5,N
616,113.14,180.04,5,E,5,N
617,122.73,180.34,5,E,5,N
618,146.60,180.64,5,E,5,N
619,155.91,180.94,5,E,5,N
620,157.23,181.24,5,E,5,N
621,165.64,181.54,5,E,5,N
622,177.66,183.80,5,E,5,N
436,57.67,199.80,3,W,5,W
387,98.84,200.10,2,W,5,W
623,193.98,200.12,5,E,5,N
222,78.11,200.20,1,W,2,E
4,16.19,200.40,1,S,5,W
7,19.58,200.70,1,S,5,W
25,143.68,200.80,1,S,1,W
217,55.82,201.00,1,W,5,W
26,143.85,201.10,1,S,1,W
218,57.38,201.30,1,W,5,W
29,166.49,201.40,1,S,1,W
327,14.69,201.60,1,E,5,W
330,35.98,201.90,1,E,5,W
389,147.48,212.67,2,W,3,E
332,50.63,215.80,1,E,5,E
0,2.16,221.94,1,S,5,N
385,0.26,222.24,2,W,5,N
386,12.04,222.54,2,W,5,N
414,47.65,222.84,2,E,5,N
415,78.28,223.14,2,E,5,N
6,18.11,223.44,1,S,5,N
214,27.89,223.74,1,W,5,N
215,38.90,224.04,1,W,5,N
216,40.70,224.34,1,W,5,N
463,119.46,224.63,3,E,5,E
328,33.64,224.64,1,E,5,N
329,34.60,224.94,1,E,5,N
331,39.94,225.24,1,E,5,N
333,100.02,225.54,1,E,5,N
437,112.38,230.77,3,W,5,N
464,171.68,233.45,3,E,5,N
438,172.98,234.75,3,W,5,N
220,68.81,237.47,1,W,3,E
225,103.31,238.67,1,W,3,W
466,187.44,249.21,3,E,5,N
467,188.50,250.27,3,E,5,N
515,179.11,265.94,5,W,5,N
516,189.73,266.24,5,W,5,N
517,219.45,266.54,5,W,5,N
518,221.30,266.84,5,W,5,N
519,225.06,267.14,5,W,5,N
520,235.77,267.44,5,W,5,N
521,237.30,267.74,5,W,5,N
522,238.56,268.04,5,W,5,N
523,240.36,268.34,5,W,5,N
524,241.37,268.64,5,W,5,N
525,247.97,268.94,5,W,5,N
526,248.63,269.24,5,W,5,N
527,250.63,269.54,5,W,5,N
528,259.63,269.84,5,W,5,N
529,262.97,270.14,5,W,5,N
530,264.51,270.65,5,W,5,N
624,266.23,279.94,5,E,5,N
625,267.56,280.24,5,E,5,N
27,144.18,299.40,1,S,3,W
465,186.12,299.70,3,E,5,W
15,53.09,300.00,1,S,5,W
17,56.06,300.30,1,S,5,W
417,168.26,300.60,2,E,5,W
390,160.90,300.90,2,W,5,W
34,244.59,301.20,1,S,1,W
391,170.08,301.20,2,W,5,W
35,244.89,301.50,1,S,1,W
392,184.90,301.50,2,W,5,W
38,251.76,301.80,1,S,1,W
23,136.50,301.80,1,S,5,W
41,255.37,302.10,1,S,1,W
219,66.88,302.10,1,W,5,W
44,260.96,302.40,1,S,1,W
221,72.05,302.40,1,W,5,W
228,120.75,302.70,1,W,5,W
230,123.70,303.00,1,W,5,W
18,92.36,315.70,1,S,5,E
9,48.86,321.84,1,S,5,N
11,50.71,322.14,1,S,5,N
13,52.14,322.44,1,S,5,N
14,52.17,322.74,1,S,5,N
16,54.76,323.04,1,S,5,N
388,136.43,323.34,2,W,5,N
416,121.78,323.64,2,E,5,N
393,199.15,323.94,2,W,5,N
21,131.18,324.24,1,S,5,N
22,132.84,324.54,1,S,5,N
469,262.55,324.73,3,E,5,E
223,88.97,324.84,1,W,5,N
224,101.34,325.14,1,W,5,N
226,118.61,325.44,1,W,5,N
227,119.22,325.74,1,W,5,N
229,122.04,326.04,1,W,5,N
231,140.23,326.34,1,W,5,N
334,116.68,326.64,1,E,5,N
335,125.34,326.94,1,E,5,N
336,142.93,327.24,1,E,5,N
337,144.71,327.54,1,E,5,N
338,163.55,327.84,1,E,5,N
339,194.18,328.14,1,E,5,N
340,197.70,328.44,1,E,5,N
471,271.23,333.00,3,E,5,N
46,270.24,342.22,1,S,2,W
531,274.67,365.84,5,W,5,N
532,301.05,366.14,5,W,5,N
533,301.40,366.44,5,W,5,N
534,302.76,366.74,5,W,5,N
535,313.05,367.04,5,W,5,N
536,313.89,367.34,5,W,5,N
537,315.41,367.64,5,W,5,N
538,341.28,367.94,5,W,5,N
539,341.53,368.24,5,W,5,N
540,343.50,368.54,5,W,5,N
541,360.33,368.84,5,W,5,N
626,338.82,379.84,5,E,5,N
468,228.51,399.60,3,E,5,W
627,393.51,399.64,5,E,5,N
439,233.10,399.90,3,W,5,W
470,269.46,400.20,3,E,5,W
349,340.31,400.40,1,E,2,W
418,216.71,400.50,2,E,5,W
419,259.99,400.80,2,E,5,W
33,210.79,401.10,1,S,5,W
233,169.62,401.40,1,W,5,W
52,310.17,401.60,1,S,1,W
235,178.47,401.70,1,W,5,W
54,312.82,401.90,1,S,1,W
236,184.80,402.00,1,W,5,W
59,316.95,402.20,1,S,1,W
238,188.75,402.30,1,W,5,W
68,371.65,402.50,1,S,1,W
241,220.22,402.60,1,W,5,W
70,375.15,402.80,1,S,1,W
344,249.84,402.90,1,E,5,W
71,377.45,403.10,1,S,1,W
396,239.88,415.60,2,W,5,E
240,218.95,415.90,1,W,5,E
24,138.34,421.74,1,S,5,N
28,165.30,422.04,1,S,5,N
30,166.65,422.34,1,S,5,N
394,212.41,422.64,2,W,5,N
395,227.21,422.94,2,W,5,N
397,251.30,423.24,2,W,5,N
31,207.33,423.54,1,S,5,N
32,209.15,423.84,1,S,5,N
232,165.92,424.14,1,W,5,N
234,176.96,424.44,1,W,5,N
237,187.32,424.74,1,W,5,N
239,211.50,425.04,1,W,5,N
242,236.55,425.34,1,W,5,N
243,260.10,425.64,1,W,5,N
341,202.82,425.94,1,E,5,N
342,208.22,426.24,1,E,5,N
343,235.58,426.54,1,E,5,N
345,279.12,426.84,1,E,5,N
346,287.23,427.14,1,E,5,N
472,318.21,430.37,3,E,5,N
473,364.23,430.67,3,E,5,N
442,367.68,430.97,3,W,5,N
50,308.28,436.77,1,S,3,E
81,423.55,437.69,1,S,1,E
253,318.79,441.87,1,W,3,E
347,306.99,445.17,1,E,3,W
443,389.13,450.90,3,W,5,N
542,382.90,465.74,5,W,5,N
543,384.42,466.04,5,W,5,N
544,393.52,466.34,5,W,5,N
545,403.68,466.64,5,W,5,N
546,429.52,466.94,5,W,5,N
547,431.12,467.24,5,W,5,N
548,439.10,467.54,5,W,5,N
549,440.53,467.84,5,W,5,N
550,442.82,468.14,5,W,5,N
551,446.08,468.44,5,W,5,N
552,446.42,468.74,5,W,5,N
553,448.04,469.04,5,W,5,N
554,455.92,469.34,5,W,5,N
555,457.54,469.64,5,W,5,N
556,459.96,469.94,5,W,5,N
557,460.58,470.24,5,W,5,N
558,462.23,470.54,5,W,5,N
559,470.90,477.04,5,W,5,N
560,472.26,478.39,5,W,5,N
628,405.45,479.74,5,E,5,N
629,449.02,480.04,5,E,5,N
69,373.63,499.00,1,S,3,E
67,371.44,499.00,1,S,3,W
440,302.31,499.50,3,W,5,W
441,363.12,499.80,3,W,5,W
37,247.06,500.10,1,S,5,W
42,256.83,500.40,1,S,5,W
93,435.79,500.50,1,S,2,W
421,354.37,500.70,2,E,5,W
359,470.88,500.80,1,E,2,W
244,269.69,501.00,1,W,5,W
245,270.80,501.30,1,W,5,W
249,291.98,501.60,1,W,5,W
256,324.82,501.90,1,W,5,W
72,411.12,502.00,1,S,1,W
348,321.48,502.20,1,E,5,W
78,419.26,502.30,1,S,1,W
80,423.18,502.60,1,S,1,W
94,441.08,502.90,1,S,1,W
96,442.96,514.80,1,S,1,E
40,254.19,515.50,1,S,5,E
250,293.36,515.80,1,W,5,E
252,317.59,516.10,1,W,5,E
36,246.47,521.64,1,S,5,N
39,254.07,521.94,1,S,5,N
43,258.23,522.24,1,S,5,N
45,268.64,522.54,1,S,5,N
47,270.32,522.84,1,S,5,N
48,270.57,523.14,1,S,5,N
398,343.05,523.44,2,W,5,N
420,306.80,523.74,2,E,5,N
399,353.43,524.04,2,W,5,N
49,306.79,524.34,1,S,5,N
51,309.89,524.64,1,S,5,N
53,311.79,524.94,1,S,5,N
55,313.72,525.24,1,S,5,N
56,315.37,525.54,1,S,5,N
57,315.51,525.84,1,S,5,N
58,316.28,526.14,1,S,5,N
60,317.57,526.44,1,S,5,N
246,274.79,526.74,1,W,5,N
247,286.80,527.04,1,W,5,N
248,288.36,527.34,1,W,5,N
251,317.58,527.64,1,W,5,N
254,320.17,527.94,1,W,5,N
255,322.10,528.24,1,W,5,N
257,343.88,528.54,1,W,5,N
258,345.37,528.84,1,W,5,N
259,346.83,529.14,1,W,5,N
260,359.19,529.44,1,W,5,N
261,359.63,529.74,1,W,5,N
262,359.72,530.04,1,W,5,N
263,361.10,530.34,1,W,5,N
350,354.72,530.64,1,E,5,N
351,386.47,530.94,1,E,5,N
352,387.53,531.24,1,E,5,N
474,411.04,531.54,3,E,5,N
77,419.01,537.77,1,S,3,E
108,525.81,539.95,1,S,1,E
90,430.83,540.77,1,S,3,E
446,495.04,556.81,3,W,5,N
561,473.04,565.64,5,W,5,N
562,483.92,565.94,5,W,5,N
563,493.74,566.24,5,W,5,N
564,495.01,566.54,5,W,5,N
565,496.75,566.84,5,W,5,N
566,511.38,567.14,5,W,5,N
567,512.93,567.44,5,W,5,N
568,514.37,567.74,5,W,5,N
569,516.30,568.04,5,W,5,N
570,517.73,568.34,5,W,5,N
571,517.98,568.64,5,W,5,N
572,520.00,568.94,5,W,5,N
573,527.64,569.24,5,W,5,N
574,530.15,569.54,5,W,5,N
575,531.99,569.84,5,W,5,N
576,547.07,570.14,5,W,5,N
577,561.90,570.44,5,W,5,N
578,563.79,570.74,5,W,5,N
579,565.54,571.67,5,W,5,N
630,523.74,579.64,5,E,5,N
102,479.93,598.80,1,S,3,W
444,412.07,599.40,3,W,5,W
475,468.07,599.70,3,E,5,W
445,439.15,600.00,3,W,5,W
62,366.93,600.30,1,S,5,W
65,370.75,600.60,1,S,5,W
66,370.85,600.90,1,S,5,W
422,400.46,601.20,2,E,5,W
424,454.90,601.50,2,E,5,W
73,412.97,601.80,1,S,5,W
74,413.19,602.10,1,S,5,W
75,414.80,602.40,1,S,5,W
76,417.26,602.70,1,S,5,W
79,421.90,603.00,1,S,5,W
631,596.91,603.05,5,E,5,N
83,425.13,603.30,1,S,5,W
84,426.63,603.60,1,S,5,W
86,428.68,603.90,1,S,5,W
269,438.06,604.20,1,W,5,W
270,444.31,604.50,1,W,5,W
354,408.83,604.80,1,E,5,W
113,598.77,615.20,1,S,1,E
63,368.03,615.40,1,S,5,E
118,602.05,616.19,1,S,1,E
61,366.16,621.54,1,S,5,N
64,369.36,621.84,1,S,5,N
400,432.86,622.14,2,W,5,N
423,428.81,622.44,2,E,5,N
401,443.34,622.74,2,W,5,N
425,491.02,623.04,2,E,5,N
82,423.69,623.34,1,S,5,N
85,428.61,623.64,1,S,5,N
87,429.21,623.94,1,S,5,N
88,430.18,624.24,1,S,5,N
89,430.62,624.54,1,S,5,N
91,431.81,624.84,1,S,5,N
92,434.23,625.14,1,S,5,N
264,378.75,625.44,1,W,5,N
265,388.32,625.74,1,W,5,N
266,412.72,626.04,1,W,5,N
267,413.81,626.34,1,W,5,N
268,436.49,626.64,1,W,5,N
271,461.61,626.94,1,W,5,N
353,404.44,627.24,1,E,5,N
355,411.91,627.54,1,E,5,N
356,439.59,627.84,1,E,5,N
357,445.33,628.14,1,E,5,N
358,455.71,628.44,1,E,5,N
360,499.65,628.74,1,E,5,N
447,566.65,629.97,3,W,5,N
476,527.18,630.27,3,E,5,N
478,546.98,630.57,3,E,5,N
448,571.13,632.90,3,W,5,N
273,485.39,637.87,1,W,3,E
280,564.73,639.97,1,W,3,E
480,587.42,649.19,3,E,5,N
450,595.85,657.62,3,W,5,N
580,576.53,665.54,5,W,5,N
581,578.35,665.84,5,W,5,N
582,619.75,666.14,5,W,5,N
583,651.12,666.44,5,W,5,N
584,657.59,666.74,5,W,5,N
585,659.15,667.04,5,W,5,N
586,660.71,667.34,5,W,5,N
632,604.79,679.54,5,E,5,N
633,608.86,679.84,5,E,5,N
634,679.04,685.17,5,E,5,N
477,535.15,699.30,3,E,5,W
449,574.03,699.60,3,W,5,W
479,579.32,699.90,3,E,5,W
481,589.16,700.20,3,E,5,W
99,477.42,700.50,1,S,5,W
291,634.99,700.70,1,W,2,W
100,477.81,700.80,1,S,5,W
370,667.77,701.00,1,E,2,W
101,478.12,701.10,1,S,5,W
103,481.86,701.40,1,S,5,W
402,519.43,701.70,2,W,5,W
277,552.30,702.00,1,W,5,W
279,562.99,702.30,1,W,5,W
362,522.49,702.60,1,E,5,W
115,599.53,702.80,1,S,1,W
126,663.20,703.10,1,S,1,W
127,663.70,703.40,1,S,1,W
139,677.29,703.70,1,S,1,W
141,679.96,704.00,1,S,1,W
142,680.57,704.30,1,S,1,W
145,683.76,704.60,1,S,1,W
146,684.88,704.90,1,S,1,W
149,686.64,705.20,1,S,1,W
152,691.15,705.29,1,S,1,W
164,696.65,710.79,1,S,1,W
166,697.71,711.85,1,S,1,W
430,670.49,713.47,2,E,3,W
132,668.56,715.60,1,S,1,E
148,686.38,715.90,1,S,1,E
371,694.88,721.00,1,E,2,W
95,441.13,721.44,1,S,5,N
97,444.26,721.74,1,S,5,N
98,477.22,722.04,1,S,5,N
104,486.26,722.34,1,S,5,N
426,536.92,722.64,2,E,5,N
427,555.06,722.94,2,E,5,N
403,529.85,723.24,2,W,5,N
105,521.44,723.54,1,S,5,N
106,522.89,723.84,1,S,5,N
107,524.60,724.14,1,S,5,N
272,484.12,724.44,1,W,5,N
274,507.68,724.74,1,W,5,N
275,508.80,725.04,1,W,5,N
276,526.75,725.34,1,W,5,N
278,561.64,725.64,1,W,5,N
361,507.82,725.94,1,E,5,N
363,524.01,726.24,1,E,5,N
364,589.53,726.54,1,E,5,N
365,592.44,726.84,1,E,5,N
451,602.50,729.77,3,W,5,N
452,631.66,730.07,3,W,5,N
483,665.12,730.37,3,E,5,N
121,612.90,737.07,1,S,3,W
281,568.57,737.37,1,W,3,W
283,613.71,737.97,1,W,3,W
288,626.07,739.47,1,W,3,E
122,655.78,741.72,1,S,2,E
453,684.78,746.55,3,W,5,N
587,683.49,765.44,5,W,5,N
588,685.20,765.74,5,W,5,N
589,692.64,766.04,5,W,5,N
590,703.62,766.34,5,W,5,N
591,741.29,766.64,5,W,5,N
592,742.72,766.94,5,W,5,N
593,750.10,767.24,5,W,5,N
594,768.93,775.06,5,W,5,N
595,769.60,775.74,5,W,5,N
635,733.24,779.44,5,E,5,N
636,738.43,779.74,5,E,5,N
637,787.49,793.63,5,E,5,N
638,791.19,797.32,5,E,5,N
124,660.11,798.40,1,S,3,W
482,607.23,799.20,3,E,5,W
111,597.58,799.50,1,S,5,W
112,598.54,799.80,1,S,5,W
116,600.36,800.10,1,S,5,W
117,601.43,800.40,1,S,5,W
119,603.48,800.70,1,S,5,W
169,707.58,800.80,1,S,2,W
404,620.10,801.00,2,W,5,W
172,713.35,801.10,1,S,2,W
287,624.40,801.30,1,W,5,W
375,768.27,801.40,1,E,2,W
294,640.12,801.60,1,W,5,W
295,649.61,801.90,1,W,5,W
367,635.44,802.20,1,E,5,W
171,711.74,803.20,1,S,1,W
173,714.38,803.50,1,S,1,W
174,715.40,803.80,1,S,1,W
181,788.57,804.10,1,S,1,W
182,790.17,804.31,1,S,1,W
432,754.34,813.27,2,E,3,W
408,750.39,813.87,2,W,3,E
409,762.67,814.17,2,W,3,W
110,566.53,815.20,1,S,5,E
290,633.96,815.50,1,W,5,E
292,636.68,815.80,1,W,5,E
296,651.56,816.10,1,W,5,E
368,654.43,816.40,1,E,5,E
109,565.76,821.34,1,S,5,N
114,599.26,821.64,1,S,5,N
428,603.42,821.94,2,E,5,N
429,635.58,822.24,2,E,5,N
120,611.42,822.54,1,S,5,N
282,593.78,822.84,1,W,5,N
284,617.41,823.14,1,W,5,N
285,619.15,823.44,1,W,5,N
286,620.85,823.74,1,W,5,N
289,632.17,824.04,1,W,5,N
293,638.25,824.34,1,W,5,N
297,666.88,824.64,1,W,5,N
366,635.09,824.94,1,E,5,N
369,657.29,825.24,1,E,5,N
484,718.67,829.57,3,E,5,N
454,702.80,829.87,3,W,5,N
455,707.60,830.17,3,W,5,N
486,760.63,830.17,3,E,5,N
456,714.82,830.47,3,W,5,N
457,737.05,830.47,3,W,5,N
487,776.02,837.79,3,E,5,N
151,690.58,838.67,1,S,3,E
153,691.29,838.97,1,S,3,W
186,825.26,839.39,1,S,1,E
488,777.82,839.59,3,E,5,N
156,691.96,839.87,1,S,3,E
179,787.77,843.32,1,S,2,W
374,765.87,847.37,1,E,3,W
489,785.78,847.55,3,E,5,N
196,837.60,851.74,1,S,1,E
490,793.91,855.68,3,E,5,N
377,795.37,857.56,1,E,3,E
596,799.27,865.34,5,W,5,N
597,800.12,865.64,5,W,5,N
598,801.59,865.94,5,W,5,N
599,804.02,866.24,5,W,5,N
600,805.21,866.54,5,W,5,N
601,817.55,866.84,5,W,5,N
602,818.99,867.14,5,W,5,N
603,841.65,867.44,5,W,5,N
604,848.49,867.74,5,W,5,N
605,851.37,868.04,5,W,5,N
606,864.39,870.53,5,W,5,N
639,831.68,879.34,5,E,5,N
640,840.19,879.64,5,E,5,N
641,840.60,879.94,5,E,5,N
642,852.88,880.24,5,E,5,N
643,854.08,880.54,5,E,5,N
485,755.02,899.10,3,E,5,W
123,658.87,899.40,1,S,5,W
431,708.13,899.70,2,E,5,W
406,722.53,900.00,2,W,5,W
138,676.19,900.30,1,S,5,W
143,680.58,900.60,1,S,5,W
150,690.32,900.90,1,S,5,W
309,768.70,900.90,1,W,2,W
154,691.40,901.20,1,S,5,W
157,692.68,901.50,1,S,5,W
162,696.21,901.80,1,S,5,W
170,708.99,902.10,1,S,5,W
298,668.77,902.40,1,W,5,W
301,687.22,902.70,1,W,5,W
304,719.55,903.00,1,W,5,W
307,739.77,903.30,1,W,5,W
373,760.48,903.60,1,E,5,W
188,826.50,903.60,1,S,1,W
189,827.42,903.90,1,S,1,W
197,837.96,904.20,1,S,1,W
198,838.76,904.50,1,S,1,W
205,881.34,904.80,1,S,1,W
208,886.24,905.10,1,S,1,W
210,888.80,905.40,1,S,1,W
211,890.00,905.70,1,S,1,W
144,682.20,915.10,1,S,5,E
203,880.68,916.40,1,S,1,E
125,661.89,921.24,1,S,5,N
128,665.65,921.54,1,S,5,N
129,666.19,921.84,1,S,5,N
130,667.09,922.14,1,S,5,N
131,667.23,922.44,1,S,5,N
133,670.42,922.74,1,S,5,N
134,672.36,923.04,1,S,5,N
135,672.50,923.34,1,S,5,N
136,672.54,923.64,1,S,5,N
137,674.88,923.94,1,S,5,N
405,711.19,924.24,2,W,5,N
407,729.88,924.54,2,W,5,N
410,783.15,924.84,2,W,5,N
411,793.51,925.14,2,W,5,N
433,795.32,925.44,2,E,5,N
140,678.43,925.74,1,S,5,N
147,686.32,926.04,1,S,5,N
155,691.51,926.34,1,S,5,N
158,692.83,926.64,1,S,5,N
159,693.82,926.94,1,S,5,N
160,695.77,927.24,1,S,5,N
161,696.13,927.54,1,S,5,N
163,696.47,927.84,1,S,5,N
165,697.14,928.14,1,S,5,N
167,702.74,928.44,1,S,5,N
168,703.76,928.74,1,S,5,N
299,684.57,929.04,1,W,5,N
300,685.80,929.34,1,W,5,N
302,688.91,929.64,1,W,5,N
303,698.42,929.94,1,W,5,N
305,720.95,930.24,1,W,5,N
306,722.15,930.54,1,W,5,N
308,758.81,930.84,1,W,5,N
372,716.12,931.14,1,E,5,N
376,776.99,931.44,1,E,5,N
458,808.86,931.74,3,W,5,N
459,863.80,932.04,3,W,5,N
492,845.29,932.34,3,E,5,N
493,864.66,932.64,3,E,5,N
185,823.95,936.97,1,S,3,W
190,827.46,937.57,1,S,3,W
311,793.01,939.67,1,W,3,W
318,836.12,941.77,1,W,3,E
607,873.09,965.24,5,W,5,N
608,874.59,965.54,5,W,5,N
609,875.70,965.84,5,W,5,N
610,876.76,966.14,5,W,5,N
611,877.19,966.44,5,W,5,N
612,878.91,966.74,5,W,5,N
209,886.82,998.00,1,S,3,W
200,876.23,998.00,1,S,3,E
491,835.56,999.00,3,E,5,W
177,783.12,999.30,1,S,5,W
180,788.23,999.60,1,S,5,W
183,790.35,999.90,1,S,5,W
434,832.85,1000.20,2,E,5,W
187,825.33,1000.50,1,S,5,W
192,835.06,1000.80,1,S,5,W
326,896.71,1001.00,1,W,2,W
324,886.15,1001.00,1,W,2,E
194,836.39,1001.10,1,S,5,W
310,769.66,1001.40,1,W,5,W
312,796.17,1001.70,1,W,5,W
315,804.67,1002.00,1,W,5,W
316,811.78,1002.30,1,W,5,W
317,830.94,1002.60,1,W,5,W
320,867.47,1002.90,1,W,5,W
379,848.44,1003.20,1,E,5,W
380,855.51,1003.50,1,E,5,W
381,875.07,1003.80,1,E,5,W
178,783.18,1015.00,1,S,5,E
412,808.43,1015.30,2,W,5,E
175,748.23,1021.14,1,S,5,N
176,782.15,1021.44,1,S,5,N
184,791.21,1021.74,1,S,5,N
435,873.14,1022.04,2,E,5,N
413,886.02,1022.34,2,W,5,N
191,829.15,1022.64,1,S,5,N
193,835.71,1022.94,1,S,5,N
195,837.48,1023.24,1,S,5,N
313,800.08,1023.54,1,W,5,N
314,803.36,1023.84,1,W,5,N
319,844.69,1024.14,1,W,5,N
378,829.90,1024.44,1,E,5,N
382,886.76,1024.74,1,E,5,N
383,889.69,1025.04,1,E,5,N
384,891.38,1025.34,1,E,5,N
199,875.95,1098.90,1,S,5,W
201,877.86,1099.20,1,S,5,W
204,880.99,1099.50,1,S,5,W
322,874.41,1114.90,1,W,5,E
325,887.16,1115.20,1,W,5,E
202,878.77,1121.04,1,S,5,N
206,881.54,1121.34,1,S,5,N
207,884.89,1121.64,1,S,5,N
321,873.86,1121.94,1,W,5,N
323,875.77,1122.24,1,W,5,N