id,enter_time,exit_time,entrance_intersection,entrance_direction,exit_intersection,exit_direction
11,14.10,28.23,1,S,1,E
22,23.35,37.49,1,S,1,E
26,30.18,44.31,1,S,1,E
520,1.93,66.14,5,W,5,N
521,14.49,66.44,5,W,5,N
522,15.56,66.74,5,W,5,N
523,15.98,67.04,5,W,5,N
524,17.72,67.34,5,W,5,N
525,46.52,67.64,5,W,5,N
526,53.06,67.94,5,W,5,N
527,54.63,68.24,5,W,5,N
528,55.97,68.54,5,W,5,N
529,64.84,70.98,5,W,5,N
663,1.72,80.14,5,E,5,N
664,1.97,80.44,5,E,5,N
665,71.44,80.74,5,E,5,N
16,19.85,100.10,1,S,2,W
334,61.43,100.40,1,E,2,W
0,0.33,100.40,1,S,1,W
1,4.64,100.70,1,S,1,W
3,7.25,101.00,1,S,1,W
5,8.97,101.30,1,S,1,W
14,18.37,101.60,1,S,1,W
17,20.17,101.90,1,S,1,W
28,38.02,102.20,1,S,1,W
30,41.27,102.50,1,S,1,W
33,42.86,102.80,1,S,1,W
37,85.44,103.10,1,S,1,W
40,89.07,103.21,1,S,1,W
336,80.64,106.76,1,E,2,W
416,47.90,112.57,2,E,3,W
29,40.43,113.20,1,S,1,E
31,41.35,113.50,1,S,1,E
441,68.69,130.97,3,W,5,N
468,2.83,131.27,3,E,5,N
469,50.63,131.57,3,E,5,N
470,51.84,131.87,3,E,5,N
471,61.88,132.17,3,E,5,N
4,8.27,136.47,1,S,3,W
8,11.67,137.37,1,S,3,E
32,42.78,139.32,1,S,2,W
530,75.61,166.04,5,W,5,N
531,114.07,166.34,5,W,5,N
532,115.43,166.64,5,W,5,N
533,122.50,166.94,5,W,5,N
534,123.88,167.24,5,W,5,N
535,125.47,167.54,5,W,5,N
536,127.47,167.84,5,W,5,N
537,128.64,168.14,5,W,5,N
538,134.78,168.44,5,W,5,N
539,157.02,168.74,5,W,5,N
540,163.13,169.26,5,W,5,N
666,123.65,180.04,5,E,5,N
667,130.80,180.34,5,E,5,N
668,131.89,180.64,5,E,5,N
669,142.60,180.94,5,E,5,N
670,150.89,181.24,5,E,5,N
671,171.91,181.54,5,E,5,N
672,188.87,195.01,5,E,5,N
673,190.81,196.94,5,E,5,N
467,1.45,199.80,3,E,5,W
472,79.46,200.10,3,E,5,W
47,131.40,200.20,1,S,2,W
9,11.94,200.40,1,S,5,W
48,132.23,200.50,1,S,2,W
12,14.43,200.70,1,S,5,W
50,138.82,200.80,1,S,1,W
13,16.42,201.00,1,S,5,W
55,148.16,201.10,1,S,1,W
24,27.22,201.30,1,S,5,W
57,179.50,201.40,1,S,1,W
202,0.46,201.60,1,W,5,W
203,0.90,201.90,1,W,5,W
206,13.75,202.20,1,W,5,W
209,40.20,202.50,1,W,5,W
674,198.10,204.24,5,E,5,N
417,74.69,215.80,2,E,5,E
415,37.18,221.94,2,E,5,N
391,34.85,222.24,2,W,5,N
2,5.37,222.54,1,S,5,N
6,10.62,222.84,1,S,5,N
7,10.82,223.14,1,S,5,N
10,13.90,223.44,1,S,5,N
15,19.62,223.74,1,S,5,N
18,21.15,224.04,1,S,5,N
19,22.13,224.34,1,S,5,N
442,127.89,224.63,3,W,5,E
20,22.71,224.64,1,S,5,N
21,22.91,224.94,1,S,5,N
23,25.94,225.24,1,S,5,N
25,28.30,225.54,1,S,5,N
27,30.88,225.84,1,S,5,N
204,10.23,226.14,1,W,5,N
205,11.89,226.44,1,W,5,N
207,14.47,226.74,1,W,5,N
208,24.99,227.04,1,W,5,N
210,56.56,227.34,1,W,5,N
211,57.50,227.64,1,W,5,N
212,58.77,227.94,1,W,5,N
333,30.80,228.24,1,E,5,N
335,62.48,228.54,1,E,5,N
337,81.93,228.84,1,E,5,N
473,113.49,230.77,3,E,5,N
474,132.03,231.07,3,E,5,N
443,156.23,231.37,3,W,5,N
475,151.78,231.67,3,E,5,N
477,172.66,234.43,3,E,5,N
46,129.94,236.57,1,S,3,W
214,65.37,237.47,1,W,3,W
216,65.52,238.07,1,W,3,W
340,144.61,243.17,1,E,3,E
541,175.24,265.94,5,W,5,N
542,176.41,266.24,5,W,5,N
543,177.94,266.54,5,W,5,N
544,179.35,266.84,5,W,5,N
545,186.22,267.14,5,W,5,N
546,197.12,267.44,5,W,5,N
547,198.95,267.74,5,W,5,N
548,200.27,268.04,5,W,5,N
549,214.75,268.34,5,W,5,N
550,216.48,268.64,5,W,5,N
551,237.73,268.94,5,W,5,N
552,248.24,269.24,5,W,5,N
553,261.85,269.54,5,W,5,N
554,263.09,269.84,5,W,5,N
555,265.08,271.22,5,W,5,N
675,200.36,279.94,5,E,5,N
676,242.16,280.24,5,E,5,N
677,242.77,280.54,5,E,5,N
678,283.66,289.80,5,E,5,N
679,286.39,292.52,5,E,5,N
51,140.89,299.40,1,S,3,W
476,152.94,299.70,3,E,5,W
34,43.98,300.00,1,S,5,W
35,84.35,300.30,1,S,5,W
392,111.78,300.60,2,W,5,W
45,129.41,300.90,1,S,5,W
59,201.22,301.20,1,S,1,W
213,65.14,301.20,1,W,5,W
60,201.32,301.50,1,S,1,W
215,65.40,301.50,1,W,5,W
66,205.45,301.80,1,S,1,W
217,72.49,301.80,1,W,5,W
67,253.90,302.10,1,S,1,W
222,110.70,302.10,1,W,5,W
68,255.45,302.40,1,S,1,W
227,160.35,302.40,1,W,5,W
69,256.76,302.70,1,S,1,W
219,76.11,315.70,1,W,5,E
223,123.55,316.00,1,W,5,E
36,84.68,321.84,1,S,5,N
38,85.83,322.14,1,S,5,N
39,88.34,322.44,1,S,5,N
41,89.36,322.74,1,S,5,N
42,89.65,323.04,1,S,5,N
43,90.73,323.34,1,S,5,N
44,92.05,323.64,1,S,5,N
418,120.78,323.94,2,E,5,N
419,168.98,324.24,2,E,5,N
393,190.28,324.54,2,W,5,N
420,195.18,324.84,2,E,5,N
49,134.09,325.14,1,S,5,N
218,75.05,325.44,1,W,5,N
220,95.99,325.74,1,W,5,N
221,99.89,326.04,1,W,5,N
224,133.07,326.34,1,W,5,N
225,133.79,326.64,1,W,5,N
226,134.99,326.94,1,W,5,N
228,161.44,327.24,1,W,5,N
229,163.32,327.54,1,W,5,N
230,163.33,327.84,1,W,5,N
338,132.55,328.14,1,E,5,N
339,134.09,328.44,1,E,5,N
341,180.98,328.74,1,E,5,N
478,208.32,330.57,3,E,5,N
479,253.19,330.87,3,E,5,N
446,293.93,355.70,3,W,5,N
556,273.35,365.84,5,W,5,N
557,274.77,366.14,5,W,5,N
558,280.71,366.44,5,W,5,N
559,287.65,366.74,5,W,5,N
560,295.23,367.04,5,W,5,N
561,314.64,367.34,5,W,5,N
562,316.21,367.64,5,W,5,N
563,325.70,367.94,5,W,5,N
564,350.81,368.24,5,W,5,N
565,357.39,368.54,5,W,5,N
680,338.94,379.84,5,E,5,N
681,339.93,380.14,5,E,5,N
342,198.55,399.60,1,E,5,W
444,216.23,399.90,3,W,5,W
445,238.76,400.20,3,W,5,W
258,351.23,400.40,1,W,2,E
244,290.86,400.40,1,W,2,W
480,254.85,400.50,3,E,5,W
52,141.00,400.80,1,S,5,W
53,141.52,401.10,1,S,5,W
54,146.21,401.40,1,S,5,W
75,316.47,401.60,1,S,1,W
58,181.17,401.70,1,S,5,W
87,378.98,401.90,1,S,1,W
64,204.43,402.00,1,S,5,W
90,381.93,402.20,1,S,1,W
394,202.48,402.30,2,W,5,W
422,278.95,402.60,2,E,5,W
395,298.20,402.90,2,W,5,W
94,389.01,403.14,1,S,1,W
423,300.24,403.20,2,E,5,W
235,200.76,403.50,1,W,5,W
239,244.22,403.80,1,W,5,W
99,397.33,411.47,1,S,1,W
421,236.04,415.60,2,E,5,E
343,250.65,415.90,1,E,5,E
56,178.72,421.74,1,S,5,N
61,201.69,422.04,1,S,5,N
62,203.46,422.34,1,S,5,N
63,203.73,422.64,1,S,5,N
65,205.21,422.94,1,S,5,N
231,172.57,423.24,1,W,5,N
232,182.48,423.54,1,W,5,N
233,186.22,423.84,1,W,5,N
234,199.23,424.14,1,W,5,N
236,223.08,424.44,1,W,5,N
237,242.26,424.74,1,W,5,N
238,243.71,425.04,1,W,5,N
240,245.92,425.34,1,W,5,N
241,262.30,425.64,1,W,5,N
344,256.65,425.94,1,E,5,N
345,258.57,426.24,1,E,5,N
346,261.36,426.54,1,E,5,N
447,314.72,430.37,3,W,5,N
448,315.65,430.67,3,W,5,N
449,328.48,430.97,3,W,5,N
483,352.13,431.27,3,E,5,N
74,314.88,437.37,1,S,3,W
249,302.26,439.47,1,W,3,W
450,389.65,451.42,3,W,5,N
566,373.31,465.74,5,W,5,N
567,375.24,466.04,5,W,5,N
568,376.56,466.34,5,W,5,N
569,379.26,466.64,5,W,5,N
570,381.12,466.94,5,W,5,N
571,389.60,467.24,5,W,5,N
572,392.48,467.54,5,W,5,N
573,393.33,467.84,5,W,5,N
574,399.58,468.14,5,W,5,N
575,432.10,468.44,5,W,5,N
576,432.81,468.74,5,W,5,N
577,433.82,469.04,5,W,5,N
578,435.48,469.34,5,W,5,N
579,437.89,469.64,5,W,5,N
682,412.76,479.74,5,E,5,N
683,426.12,480.04,5,E,5,N
684,470.45,480.34,5,E,5,N
685,475.59,481.72,5,E,5,N
686,477.21,483.35,5,E,5,N
78,365.18,499.00,1,S,3,W
347,297.19,499.50,1,E,5,W
481,302.78,499.80,3,E,5,W
482,316.77,500.10,3,E,5,W
73,311.10,500.40,1,S,5,W
242,269.20,500.70,1,W,5,W
253,337.42,501.00,1,W,5,W
254,338.72,501.30,1,W,5,W
256,348.12,501.60,1,W,5,W
348,308.08,501.90,1,E,5,W
103,443.33,502.00,1,S,1,W
349,334.67,502.20,1,E,5,W
104,445.25,502.30,1,S,1,W
350,344.31,502.50,1,E,5,W
108,453.56,502.60,1,S,1,W
352,374.40,502.80,1,E,5,W
118,465.73,502.90,1,S,1,W
122,477.08,503.20,1,S,1,W
128,488.19,503.50,1,S,1,W
429,474.57,513.27,2,E,3,W
70,304.57,521.64,1,S,5,N
424,325.35,521.94,2,E,5,N
396,312.17,522.24,2,W,5,N
425,369.02,522.54,2,E,5,N
426,388.85,522.84,2,E,5,N
71,309.12,523.14,1,S,5,N
72,310.80,523.44,1,S,5,N
243,289.36,523.74,1,W,5,N
245,294.39,524.04,1,W,5,N
246,296.24,524.34,1,W,5,N
247,297.26,524.64,1,W,5,N
248,298.85,524.94,1,W,5,N
250,318.86,525.24,1,W,5,N
251,320.71,525.54,1,W,5,N
252,335.85,525.84,1,W,5,N
255,347.31,526.14,1,W,5,N
257,349.51,526.44,1,W,5,N
259,354.55,526.74,1,W,5,N
351,363.81,527.04,1,E,5,N
353,396.12,527.34,1,E,5,N
486,442.40,530.77,3,E,5,N
487,451.00,531.07,3,E,5,N
262,377.09,539.27,1,W,3,E
272,412.66,542.27,1,W,3,W
488,488.52,550.29,3,E,5,N
580,476.53,565.64,5,W,5,N
581,487.21,565.94,5,W,5,N
582,488.19,566.24,5,W,5,N
583,490.68,566.54,5,W,5,N
584,498.70,566.84,5,W,5,N
585,499.83,567.14,5,W,5,N
586,501.38,567.44,5,W,5,N
587,502.91,567.74,5,W,5,N
588,510.78,568.04,5,W,5,N
589,511.24,568.34,5,W,5,N
590,512.04,568.64,5,W,5,N
591,513.00,568.94,5,W,5,N
592,513.54,569.24,5,W,5,N
593,519.04,569.54,5,W,5,N
594,550.97,569.84,5,W,5,N
595,552.91,570.14,5,W,5,N
596,554.78,570.44,5,W,5,N
597,556.16,570.74,5,W,5,N
598,563.55,571.04,5,W,5,N
599,564.15,571.34,5,W,5,N
687,544.34,579.64,5,E,5,N
688,592.57,598.71,5,E,5,N
111,457.73,598.80,1,S,3,E
110,456.39,598.80,1,S,3,W
112,458.05,599.10,1,S,3,W
451,445.12,599.40,3,W,5,W
484,409.28,599.70,3,E,5,W
689,593.66,599.79,5,E,5,N
485,441.21,600.00,3,E,5,W
80,371.93,600.30,1,S,5,W
81,374.43,600.60,1,S,5,W
283,515.49,600.60,1,W,2,E
690,594.58,600.72,5,E,5,N
84,376.72,600.90,1,S,5,W
89,380.99,601.20,1,S,5,W
92,385.35,601.50,1,S,5,W
427,403.39,601.80,2,E,5,W
398,415.52,602.10,2,W,5,W
95,390.35,602.40,1,S,5,W
96,392.30,602.70,1,S,5,W
98,395.51,603.00,1,S,5,W
261,371.98,603.30,1,W,5,W
263,378.76,603.60,1,W,5,W
265,383.00,603.90,1,W,5,W
266,405.73,604.20,1,W,5,W
268,408.15,604.50,1,W,5,W
274,445.36,604.80,1,W,5,W
275,456.37,605.10,1,W,5,W
77,365.04,615.40,1,S,5,E
85,378.58,615.70,1,S,5,E
91,383.55,616.00,1,S,5,E
401,486.97,616.30,2,W,5,E
97,393.49,616.60,1,S,5,E
356,466.07,616.90,1,E,5,E
76,364.19,621.54,1,S,5,N
79,366.76,621.84,1,S,5,N
82,375.69,622.14,1,S,5,N
83,376.59,622.44,1,S,5,N
86,378.73,622.74,1,S,5,N
88,379.60,623.04,1,S,5,N
93,386.94,623.34,1,S,5,N
397,404.42,623.64,2,W,5,N
428,427.25,623.94,2,E,5,N
399,451.86,624.24,2,W,5,N
400,472.39,624.54,2,W,5,N
100,398.75,624.84,1,S,5,N
101,400.21,625.14,1,S,5,N
102,437.34,625.44,1,S,5,N
260,370.55,625.74,1,W,5,N
264,380.12,626.04,1,W,5,N
267,407.23,626.34,1,W,5,N
269,408.93,626.64,1,W,5,N
270,409.93,626.94,1,W,5,N
271,411.19,627.24,1,W,5,N
273,429.28,627.54,1,W,5,N
276,462.62,627.84,1,W,5,N
354,416.08,628.14,1,E,5,N
355,435.50,628.44,1,E,5,N
489,534.94,629.97,3,E,5,N
490,542.27,630.27,3,E,5,N
491,543.72,630.57,3,E,5,N
285,518.34,641.77,1,W,3,W
361,568.11,643.87,1,E,3,E
600,592.19,665.54,5,W,5,N
601,602.40,665.84,5,W,5,N
602,604.34,666.14,5,W,5,N
603,605.75,666.44,5,W,5,N
604,608.52,666.74,5,W,5,N
605,614.95,667.04,5,W,5,N
606,616.41,667.34,5,W,5,N
607,616.65,667.64,5,W,5,N
608,618.98,667.94,5,W,5,N
609,626.11,668.24,5,W,5,N
610,628.45,668.54,5,W,5,N
611,630.17,668.84,5,W,5,N
612,640.58,669.14,5,W,5,N
613,643.44,669.44,5,W,5,N
614,645.22,669.74,5,W,5,N
615,646.22,670.04,5,W,5,N
616,647.68,670.34,5,W,5,N
617,651.53,670.64,5,W,5,N
618,661.48,670.94,5,W,5,N
619,664.30,671.24,5,W,5,N
691,599.80,679.54,5,E,5,N
692,644.16,679.84,5,E,5,N
693,658.28,680.14,5,E,5,N
694,660.78,680.44,5,E,5,N
695,665.95,680.74,5,E,5,N
696,666.15,681.04,5,E,5,N
697,666.30,681.34,5,E,5,N
698,669.23,681.64,5,E,5,N
136,579.13,698.60,1,S,3,E
452,511.10,699.30,3,W,5,W
492,561.62,699.60,3,E,5,W
453,573.73,699.90,3,W,5,W
493,596.74,700.20,3,E,5,W
115,461.75,700.50,1,S,5,W
371,653.01,700.70,1,E,2,W
116,463.39,700.80,1,S,5,W
117,465.09,701.10,1,S,5,W
403,526.37,701.40,2,W,5,W
124,480.27,701.70,1,S,5,W
125,483.90,702.00,1,S,5,W
126,485.50,702.30,1,S,5,W
278,474.71,702.60,1,W,5,W
281,494.86,702.90,1,W,5,W
282,497.56,703.20,1,W,5,W
357,513.66,703.50,1,E,5,W
363,573.66,703.80,1,E,5,W
143,698.82,712.96,1,S,1,W
404,535.32,715.30,2,W,5,E
280,478.76,715.60,1,W,5,E
494,598.27,721.44,3,E,5,N
105,446.73,721.74,1,S,5,N
106,450.45,722.04,1,S,5,N
107,452.28,722.34,1,S,5,N
109,455.45,722.64,1,S,5,N
113,458.87,722.94,1,S,5,N
114,460.03,723.24,1,S,5,N
119,467.66,723.54,1,S,5,N
120,471.09,723.84,1,S,5,N
121,471.27,724.14,1,S,5,N
430,505.77,724.44,2,E,5,N
402,523.19,724.74,2,W,5,N
431,553.61,725.04,2,E,5,N
432,571.45,725.34,2,E,5,N
405,549.77,725.64,2,W,5,N
406,583.30,725.94,2,W,5,N
123,478.76,726.24,1,S,5,N
127,486.89,726.54,1,S,5,N
129,488.81,726.84,1,S,5,N
130,489.51,727.14,1,S,5,N
131,496.56,727.44,1,S,5,N
132,500.01,727.74,1,S,5,N
133,537.51,728.04,1,S,5,N
277,471.82,728.34,1,W,5,N
279,477.74,728.64,1,W,5,N
284,517.27,728.94,1,W,5,N
286,543.37,729.24,1,W,5,N
287,548.71,729.54,1,W,5,N
358,540.06,729.84,1,E,5,N
359,541.41,730.14,1,E,5,N
360,550.70,730.44,1,E,5,N
362,571.39,730.74,1,E,5,N
364,577.35,731.04,1,E,5,N
365,595.09,731.34,1,E,5,N
366,597.20,731.64,1,E,5,N
496,600.89,731.94,3,E,5,N
455,605.74,732.24,3,W,5,N
456,659.63,732.54,3,W,5,N
457,664.45,732.84,3,W,5,N
458,668.82,733.14,3,W,5,N
459,669.36,733.44,3,W,5,N
460,671.97,733.74,3,W,5,N
290,595.35,737.97,1,W,3,E
620,674.45,765.44,5,W,5,N
621,676.09,765.74,5,W,5,N
622,677.99,766.04,5,W,5,N
623,679.70,766.34,5,W,5,N
624,681.79,766.64,5,W,5,N
625,686.08,766.94,5,W,5,N
626,687.99,767.24,5,W,5,N
627,698.51,767.54,5,W,5,N
628,700.03,767.84,5,W,5,N
629,700.62,768.14,5,W,5,N
630,702.50,768.44,5,W,5,N
631,704.35,768.74,5,W,5,N
632,717.87,769.04,5,W,5,N
633,718.60,769.34,5,W,5,N
634,728.90,769.64,5,W,5,N
635,743.80,769.94,5,W,5,N
636,746.27,770.24,5,W,5,N
699,741.17,779.44,5,E,5,N
700,741.42,779.74,5,E,5,N
701,748.90,780.04,5,E,5,N
140,646.81,798.40,1,S,3,W
454,601.95,799.20,3,W,5,W
495,599.76,799.50,3,E,5,W
497,645.47,799.80,3,E,5,W
498,656.22,800.10,3,E,5,W
137,581.13,800.40,1,S,5,W
435,683.62,800.70,2,E,5,W
150,708.98,800.80,1,S,2,E
291,596.44,801.00,1,W,5,W
297,648.57,801.30,1,W,5,W
299,665.30,801.60,1,W,5,W
300,666.35,801.90,1,W,5,W
369,621.24,802.20,1,E,5,W
372,658.96,802.50,1,E,5,W
146,704.09,803.20,1,S,1,W
147,705.68,803.50,1,S,1,W
149,707.10,803.80,1,S,1,W
154,752.58,804.10,1,S,1,W
375,686.32,804.14,1,E,5,W
410,736.69,813.57,2,W,3,W
293,615.23,815.20,1,W,5,E
134,539.35,821.34,1,S,5,N
135,577.90,821.64,1,S,5,N
433,603.00,821.94,2,E,5,N
407,676.35,822.24,2,W,5,N
434,652.20,822.54,2,E,5,N
138,611.79,822.84,1,S,5,N
139,611.92,823.14,1,S,5,N
288,573.90,823.44,1,W,5,N
289,594.00,823.74,1,W,5,N
292,598.44,824.04,1,W,5,N
294,622.81,824.34,1,W,5,N
295,625.20,824.64,1,W,5,N
296,634.27,824.94,1,W,5,N
298,649.56,825.24,1,W,5,N
367,603.85,825.54,1,E,5,N
368,604.03,825.84,1,E,5,N
370,648.93,826.14,1,E,5,N
373,681.80,826.44,1,E,5,N
374,683.09,826.74,1,E,5,N
376,687.16,827.04,1,E,5,N
377,696.76,827.34,1,E,5,N
461,729.61,829.57,3,W,5,N
500,719.49,829.87,3,E,5,N
501,736.44,830.17,3,E,5,N
504,760.70,831.07,3,E,5,N
505,769.00,831.37,3,E,5,N
167,820.72,834.86,1,S,1,E
306,736.03,838.97,1,W,3,W
507,785.58,847.35,3,E,5,N
175,836.32,850.46,1,S,1,E
462,791.15,852.92,3,W,5,N
508,792.59,854.36,3,E,5,N
637,773.20,865.34,5,W,5,N
638,774.90,865.64,5,W,5,N
639,777.67,865.94,5,W,5,N
640,779.50,866.24,5,W,5,N
641,781.56,866.54,5,W,5,N
642,783.39,866.84,5,W,5,N
643,790.77,867.14,5,W,5,N
644,798.21,867.44,5,W,5,N
645,798.45,867.74,5,W,5,N
646,800.12,868.04,5,W,5,N
647,801.62,868.34,5,W,5,N
648,816.37,868.64,5,W,5,N
649,826.20,868.94,5,W,5,N
650,828.41,869.24,5,W,5,N
651,828.87,869.54,5,W,5,N
652,831.89,869.84,5,W,5,N
653,832.39,870.14,5,W,5,N
654,832.99,870.44,5,W,5,N
655,833.67,870.74,5,W,5,N
656,854.44,871.04,5,W,5,N
657,856.41,871.34,5,W,5,N
658,857.49,871.64,5,W,5,N
659,859.49,871.94,5,W,5,N
660,862.08,872.24,5,W,5,N
661,864.93,872.54,5,W,5,N
662,865.75,872.84,5,W,5,N
702,819.33,879.34,5,E,5,N
703,821.06,879.64,5,E,5,N
704,827.38,879.94,5,E,5,N
705,848.83,880.24,5,E,5,N
157,765.82,898.20,1,S,3,W
499,706.24,899.10,3,E,5,W
502,737.73,899.40,3,E,5,W
503,752.21,899.70,3,E,5,W
506,775.92,900.00,3,E,5,W
509,794.42,900.30,3,E,5,W
510,795.42,900.60,3,E,5,W
408,712.12,900.90,2,W,5,W
312,791.75,900.90,1,W,2,W
409,714.87,901.20,2,W,5,W
437,769.12,901.50,2,E,5,W
151,709.99,901.80,1,S,5,W
303,702.16,902.10,1,W,5,W
304,709.21,902.40,1,W,5,W
307,737.07,902.70,1,W,5,W
308,739.19,903.00,1,W,5,W
378,758.12,903.30,1,E,5,W
171,825.61,903.60,1,S,1,W
176,836.75,903.90,1,S,1,W
179,841.87,904.20,1,S,1,W
182,843.14,904.50,1,S,1,W
192,857.22,904.80,1,S,1,W
200,897.84,911.98,1,S,1,W
438,809.78,913.07,2,E,3,E
411,818.26,913.37,2,W,3,E
412,847.80,913.37,2,W,3,E
436,731.38,915.10,2,E,5,E
194,888.49,916.40,1,S,1,E
141,648.20,921.24,1,S,5,N
142,697.98,921.54,1,S,5,N
144,698.99,921.84,1,S,5,N
145,700.80,922.14,1,S,5,N
148,706.64,922.44,1,S,5,N
301,680.83,922.74,1,W,5,N
302,681.49,923.04,1,W,5,N
305,716.45,923.34,1,W,5,N
309,765.11,923.64,1,W,5,N
379,778.11,923.94,1,E,5,N
380,797.28,924.24,1,E,5,N
463,859.15,929.37,3,W,5,N
512,816.73,929.67,3,E,5,N
464,866.50,929.97,3,W,5,N
465,867.86,930.27,3,W,5,N
514,863.99,930.27,3,E,5,N
515,865.67,930.57,3,E,5,N
516,881.99,937.63,3,E,5,E
322,850.14,944.17,1,W,3,W
518,889.08,950.85,3,E,5,N
181,842.62,998.00,1,S,3,W
511,815.05,999.00,3,E,5,W
513,824.85,999.30,3,E,5,W
466,881.29,999.60,3,W,5,W
517,883.85,999.90,3,E,5,W
156,763.91,1000.20,1,S,5,W
158,766.92,1000.50,1,S,5,W
159,767.13,1000.80,1,S,5,W
160,768.29,1001.10,1,S,5,W
164,818.43,1001.40,1,S,5,W
166,820.28,1001.70,1,S,5,W
169,823.21,1002.00,1,S,5,W
177,838.05,1002.30,1,S,5,W
310,771.17,1002.60,1,W,5,W
311,771.71,1002.90,1,W,5,W
313,793.61,1003.20,1,W,5,W
314,795.53,1003.50,1,W,5,W
318,827.17,1003.80,1,W,5,W
323,863.79,1004.10,1,W,5,W
382,811.84,1004.40,1,E,5,W
384,826.26,1004.70,1,E,5,W
388,882.06,1005.00,1,E,5,W
152,752.25,1015.00,1,S,5,E
165,818.82,1015.30,1,S,5,E
170,824.06,1015.60,1,S,5,E
321,848.29,1015.90,1,W,5,E
381,803.04,1021.14,1,E,5,N
153,752.36,1021.44,1,S,5,N
155,758.42,1021.74,1,S,5,N
439,857.20,1022.04,2,E,5,N
413,850.54,1022.34,2,W,5,N
440,874.79,1022.64,2,E,5,N
414,861.72,1022.94,2,W,5,N
161,813.93,1023.24,1,S,5,N
162,816.69,1023.54,1,S,5,N
163,817.44,1023.84,1,S,5,N
168,822.69,1024.14,1,S,5,N
172,827.20,1024.44,1,S,5,N
173,828.92,1024.74,1,S,5,N
174,829.15,1025.04,1,S,5,N
315,817.49,1025.34,1,W,5,N
316,823.83,1025.64,1,W,5,N
317,826.03,1025.94,1,W,5,N
319,828.85,1026.24,1,W,5,N
320,847.15,1026.54,1,W,5,N
324,865.20,1026.84,1,W,5,N
325,865.68,1027.14,1,W,5,N
383,825.43,1027.44,1,E,5,N
385,861.31,1027.74,1,E,5,N
386,862.36,1028.04,1,E,5,N
387,863.99,1028.34,1,E,5,N
389,885.07,1028.64,1,E,5,N
390,899.56,1028.94,1,E,5,N
519,898.96,1029.17,3,E,5,N
329,887.05,1040.37,1,W,3,E
332,889.87,1041.27,1,W,3,W
178,840.85,1098.90,1,S,5,W
188,854.70,1099.20,1,S,5,W
189,855.83,1099.50,1,S,5,W
193,858.32,1099.80,1,S,5,W
330,887.63,1100.10,1,W,5,W
331,889.00,1100.40,1,W,5,W
191,856.91,1114.90,1,S,5,E
180,842.58,1121.04,1,S,5,N
183,846.69,1121.34,1,S,5,N
184,848.48,1121.64,1,S,5,N
185,850.89,1121.94,1,S,5,N
186,852.80,1122.24,1,S,5,N
187,854.53,1122.54,1,S,5,N
190,856.14,1122.84,1,S,5,N
195,892.28,1123.14,1,S,5,N
196,893.55,1123.44,1,S,5,N
197,894.83,1123.74,1,S,5,N
198,895.51,1124.04,1,S,5,N
199,896.74,1124.34,1,S,5,N
201,899.58,1124.64,1,S,5,N
326,875.45,1124.94,1,W,5,N
327,884.58,1125.24,1,W,5,N
328,885.71,1125.54,1,W,5,N