id,enter_time,exit_time,entrance_intersection,entrance_direction,exit_intersection,exit_direction
440,2.62,66.14,5,W,5,N
441,12.06,66.44,5,W,5,N
442,13.72,66.74,5,W,5,N
443,14.07,67.04,5,W,5,N
444,14.42,67.34,5,W,5,N
445,41.06,67.64,5,W,5,N
446,43.04,67.94,5,W,5,N
447,44.43,68.24,5,W,5,N
448,51.76,68.54,5,W,5,N
449,54.23,68.84,5,W,5,N
450,56.77,69.14,5,W,5,N
451,58.05,69.44,5,W,5,N
452,58.27,69.74,5,W,5,N
453,60.06,70.04,5,W,5,N
454,63.42,70.34,5,W,5,N
455,71.15,77.29,5,W,5,N
583,50.85,80.14,5,E,5,N
584,75.88,82.02,5,E,5,N
585,77.68,83.82,5,E,5,N
274,62.26,100.10,1,E,2,W
0,46.31,100.40,1,S,1,W
1,48.02,100.70,1,S,1,W
7,59.71,101.00,1,S,1,W
8,62.45,101.30,1,S,1,W
11,66.62,101.60,1,S,1,W
15,74.54,101.90,1,S,1,W
393,34.84,130.97,3,E,5,N
394,36.05,131.27,3,E,5,N
128,7.05,136.17,1,W,3,W
395,75.27,137.04,3,E,5,N
132,14.63,137.37,1,W,3,E
273,51.56,140.37,1,E,3,E
12,67.65,141.42,1,S,2,W
456,104.62,166.04,5,W,5,N
457,115.55,166.34,5,W,5,N
458,122.95,166.64,5,W,5,N
459,141.29,166.94,5,W,5,N
460,142.39,167.24,5,W,5,N
461,144.91,167.54,5,W,5,N
462,171.39,177.52,5,W,5,N
586,129.78,180.04,5,E,5,N
587,131.91,180.34,5,E,5,N
588,132.12,180.64,5,E,5,N
589,133.42,180.94,5,E,5,N
5,57.73,199.60,1,S,3,W
371,57.91,199.80,3,W,5,W
6,57.94,199.90,1,S,3,W
396,89.78,200.10,3,E,5,W
13,71.90,200.20,1,S,3,W
326,42.02,200.40,2,W,5,W
325,29.89,200.70,2,W,5,W
23,160.59,200.80,1,S,1,W
329,71.56,201.00,2,W,5,W
28,163.60,201.10,1,S,1,W
348,92.28,201.30,2,E,5,W
29,165.12,201.40,1,S,1,W
129,8.54,201.60,1,W,5,W
133,26.77,201.90,1,W,5,W
272,34.27,202.20,1,E,5,W
330,108.51,212.37,2,W,3,W
26,162.06,213.60,1,S,1,E
347,48.35,221.94,2,E,5,N
327,48.66,222.24,2,W,5,N
328,58.98,222.54,2,W,5,N
130,12.33,222.84,1,W,5,N
131,13.59,223.14,1,W,5,N
134,30.14,223.44,1,W,5,N
135,42.00,223.74,1,W,5,N
136,61.24,224.04,1,W,5,N
137,64.38,224.34,1,W,5,N
269,19.12,224.64,1,E,5,N
270,20.96,224.94,1,E,5,N
271,31.88,225.24,1,E,5,N
275,66.04,225.54,1,E,5,N
372,125.74,230.77,3,W,5,N
397,121.47,231.07,3,E,5,N
398,123.15,231.37,3,E,5,N
373,154.11,231.67,3,W,5,N
140,70.95,237.17,1,W,3,W
146,82.03,238.97,1,W,3,E
374,177.41,239.18,3,W,5,N
149,97.79,239.87,1,W,3,W
33,172.32,242.72,1,S,2,E
277,147.38,242.87,1,E,3,E
375,181.54,243.31,3,W,5,N
402,189.23,244.86,3,E,5,E
403,190.76,252.53,3,E,5,N
376,196.05,257.82,3,W,5,N
463,173.79,265.94,5,W,5,N
464,175.52,266.24,5,W,5,N
465,182.02,266.54,5,W,5,N
466,194.32,266.84,5,W,5,N
467,205.03,267.14,5,W,5,N
468,206.51,267.44,5,W,5,N
469,207.82,267.74,5,W,5,N
470,209.35,268.04,5,W,5,N
471,219.49,268.34,5,W,5,N
472,220.66,268.64,5,W,5,N
473,221.90,268.94,5,W,5,N
474,222.54,269.24,5,W,5,N
475,224.41,269.54,5,W,5,N
476,243.67,269.84,5,W,5,N
477,245.88,270.14,5,W,5,N
478,259.44,270.44,5,W,5,N
479,273.03,279.17,5,W,5,N
590,206.19,279.94,5,E,5,N
591,207.60,280.24,5,E,5,N
592,226.08,280.54,5,E,5,N
593,227.77,280.84,5,E,5,N
594,271.44,281.14,5,E,5,N
399,133.14,299.70,3,E,5,W
400,138.75,300.00,3,E,5,W
160,176.94,300.30,1,W,2,E
401,188.04,300.30,3,E,5,W
2,53.10,300.60,1,S,5,W
14,73.54,300.90,1,S,5,W
40,211.41,301.20,1,S,1,W
16,76.43,301.20,1,S,5,W
44,215.40,301.50,1,S,1,W
18,112.94,301.50,1,S,5,W
52,281.69,301.80,1,S,1,W
142,73.77,301.80,1,W,5,W
144,76.69,302.10,1,W,5,W
152,106.91,302.40,1,W,5,W
153,126.94,302.70,1,W,5,W
154,128.23,303.00,1,W,5,W
155,144.64,303.30,1,W,5,W
157,150.19,303.60,1,W,5,W
276,115.26,303.90,1,E,5,W
278,175.72,304.20,1,E,5,W
46,245.19,314.00,1,S,1,E
56,289.43,314.30,1,S,1,E
3,54.43,315.70,1,S,5,E
4,55.36,321.84,1,S,5,N
9,62.95,322.14,1,S,5,N
10,64.88,322.44,1,S,5,N
17,80.15,322.74,1,S,5,N
349,117.30,323.04,2,E,5,N
331,119.38,323.34,2,W,5,N
350,165.55,323.64,2,E,5,N
138,66.36,323.94,1,W,5,N
139,67.74,324.24,1,W,5,N
141,72.84,324.54,1,W,5,N
143,75.45,324.84,1,W,5,N
145,80.25,325.14,1,W,5,N
147,87.61,325.44,1,W,5,N
148,96.73,325.74,1,W,5,N
150,99.39,326.04,1,W,5,N
151,101.44,326.34,1,W,5,N
156,148.60,326.64,1,W,5,N
279,193.15,326.94,1,E,5,N
404,249.20,330.57,3,E,5,N
405,250.55,330.87,3,E,5,N
406,251.90,331.17,3,E,5,N
378,270.40,332.17,3,W,5,N
38,209.51,336.97,1,S,3,E
163,194.74,339.97,1,W,3,W
48,246.60,340.42,1,S,2,W
53,282.20,341.62,1,S,2,W
285,221.51,345.37,1,E,3,W
379,290.97,352.74,3,W,5,N
480,274.26,365.84,5,W,5,N
481,284.15,366.14,5,W,5,N
482,294.05,366.44,5,W,5,N
483,336.33,366.74,5,W,5,N
484,338.21,367.04,5,W,5,N
485,340.11,367.34,5,W,5,N
486,361.36,367.50,5,W,5,N
487,362.39,368.53,5,W,5,N
488,363.70,369.84,5,W,5,N
489,365.13,371.27,5,W,5,N
490,366.46,372.60,5,W,5,N
491,367.01,373.14,5,W,5,N
492,368.22,374.35,5,W,5,N
493,368.87,375.01,5,W,5,N
494,370.65,376.79,5,W,5,N
595,339.62,379.84,5,E,5,N
596,382.19,388.32,5,E,5,N
597,382.20,388.33,5,E,5,N
598,390.38,396.52,5,E,5,N
599,391.67,397.80,5,E,5,N
47,245.28,399.20,1,S,3,E
377,269.70,399.60,3,W,5,W
20,159.59,399.90,1,S,5,W
35,174.65,400.20,1,S,5,W
332,210.88,400.50,2,W,5,W
36,206.92,400.80,1,S,5,W
158,175.42,401.10,1,W,5,W
159,176.28,401.40,1,W,5,W
600,395.33,401.47,5,E,5,N
60,327.89,401.60,1,S,1,W
161,193.08,401.70,1,W,5,W
61,328.17,401.90,1,S,1,W
162,194.66,402.00,1,W,5,W
174,260.28,402.30,1,W,5,W
175,265.48,402.60,1,W,5,W
282,217.18,402.90,1,E,5,W
601,397.15,403.28,5,E,5,N
69,392.40,406.54,1,S,1,W
355,327.30,412.57,2,E,3,W
42,213.91,415.60,1,S,5,E
170,255.98,415.90,1,W,5,E
173,259.14,416.20,1,W,5,E
281,216.36,416.50,1,E,5,E
283,217.94,416.80,1,E,5,E
19,158.39,421.74,1,S,5,N
21,160.31,422.04,1,S,5,N
22,160.39,422.34,1,S,5,N
24,161.42,422.64,1,S,5,N
25,161.78,422.94,1,S,5,N
27,162.35,423.24,1,S,5,N
30,166.84,423.54,1,S,5,N
31,168.18,423.84,1,S,5,N
32,170.07,424.14,1,S,5,N
34,173.20,424.44,1,S,5,N
351,208.92,424.74,2,E,5,N
409,306.22,424.83,3,E,5,E
352,235.38,425.04,2,E,5,N
353,285.31,425.34,2,E,5,N
333,297.25,425.64,2,W,5,N
354,297.77,425.94,2,E,5,N
37,207.82,426.24,1,S,5,N
39,211.21,426.54,1,S,5,N
41,212.78,426.84,1,S,5,N
43,214.58,427.14,1,S,5,N
45,217.26,427.44,1,S,5,N
164,209.89,427.74,1,W,5,N
165,229.00,428.04,1,W,5,N
166,236.60,428.34,1,W,5,N
167,238.43,428.64,1,W,5,N
168,253.50,428.94,1,W,5,N
169,254.53,429.24,1,W,5,N
171,257.39,429.54,1,W,5,N
172,257.45,429.84,1,W,5,N
280,201.50,430.14,1,E,5,N
284,219.02,430.44,1,E,5,N
286,224.02,430.74,1,E,5,N
287,226.22,431.04,1,E,5,N
288,287.00,431.34,1,E,5,N
407,302.68,431.64,3,E,5,N
410,307.32,431.94,3,E,5,N
413,340.36,432.17,3,E,5,N
179,299.54,438.27,1,W,3,W
416,377.89,439.66,3,E,5,N
417,389.66,451.43,3,E,5,N
418,390.95,452.72,3,E,5,N
495,387.52,465.74,5,W,5,N
496,390.52,466.04,5,W,5,N
497,401.14,466.34,5,W,5,N
498,402.28,466.64,5,W,5,N
499,414.46,466.94,5,W,5,N
500,462.08,468.22,5,W,5,N
501,463.66,469.79,5,W,5,N
502,464.83,470.96,5,W,5,N
503,466.26,472.39,5,W,5,N
504,468.16,474.30,5,W,5,N
505,470.11,476.25,5,W,5,N
506,470.74,476.88,5,W,5,N
507,472.43,478.56,5,W,5,N
602,419.64,479.74,5,E,5,N
603,471.15,480.04,5,E,5,N
604,472.70,480.34,5,E,5,N
605,475.63,481.77,5,E,5,N
606,481.19,487.33,5,E,5,N
380,318.08,499.50,3,W,5,W
408,304.56,499.80,3,E,5,W
411,316.09,500.10,3,E,5,W
412,335.36,500.40,3,E,5,W
193,396.99,500.50,1,W,2,W
414,342.30,500.70,3,E,5,W
415,376.23,501.00,3,E,5,W
381,384.93,501.30,3,W,5,W
50,250.54,501.60,1,S,5,W
58,324.38,501.90,1,S,5,W
71,428.06,502.00,1,S,1,W
176,284.89,502.20,1,W,5,W
74,436.05,502.30,1,S,1,W
180,300.52,502.50,1,W,5,W
76,439.68,502.60,1,S,1,W
289,308.96,502.80,1,E,5,W
295,392.95,510.77,1,E,5,W
336,433.90,512.97,2,W,3,W
177,293.71,515.50,1,W,5,E
291,354.91,515.80,1,E,5,E
49,248.66,521.64,1,S,5,N
51,250.58,521.94,1,S,5,N
54,287.26,522.24,1,S,5,N
55,288.60,522.54,1,S,5,N
334,330.16,522.84,2,W,5,N
356,367.82,523.14,2,E,5,N
57,323.22,523.44,1,S,5,N
59,326.36,523.74,1,S,5,N
419,425.23,524.03,3,E,5,E
178,297.02,524.04,1,W,5,N
181,302.38,524.34,1,W,5,N
182,327.48,524.64,1,W,5,N
183,328.41,524.94,1,W,5,N
184,330.39,525.24,1,W,5,N
185,331.85,525.54,1,W,5,N
186,346.49,525.84,1,W,5,N
187,353.40,526.14,1,W,5,N
188,361.01,526.44,1,W,5,N
189,361.11,526.74,1,W,5,N
290,328.29,527.04,1,E,5,N
292,367.15,527.34,1,E,5,N
293,385.69,527.64,1,E,5,N
294,388.82,527.94,1,E,5,N
382,455.02,530.17,3,W,5,N
420,426.88,530.47,3,E,5,N
421,446.02,530.77,3,E,5,N
422,455.84,531.07,3,E,5,N
82,520.77,534.91,1,S,1,E
300,415.44,541.37,1,E,3,W
302,425.85,541.97,1,E,3,W
423,490.42,552.19,3,E,5,N
508,474.20,565.64,5,W,5,N
509,475.57,565.94,5,W,5,N
510,476.72,566.24,5,W,5,N
511,477.24,566.54,5,W,5,N
512,478.13,566.84,5,W,5,N
513,479.60,567.14,5,W,5,N
514,480.42,567.44,5,W,5,N
515,481.89,567.74,5,W,5,N
516,510.51,568.04,5,W,5,N
517,510.87,568.34,5,W,5,N
518,520.53,568.64,5,W,5,N
519,542.21,568.94,5,W,5,N
520,542.30,569.24,5,W,5,N
521,544.33,569.54,5,W,5,N
522,546.38,569.84,5,W,5,N
523,549.37,570.14,5,W,5,N
524,550.90,570.44,5,W,5,N
525,551.99,570.74,5,W,5,N
526,554.69,571.04,5,W,5,N
527,556.69,571.34,5,W,5,N
528,557.04,571.64,5,W,5,N
529,558.54,571.94,5,W,5,N
530,559.55,572.24,5,W,5,N
531,566.50,572.63,5,W,5,N
532,567.75,573.89,5,W,5,N
607,528.48,579.64,5,E,5,N
608,550.53,579.94,5,E,5,N
609,554.33,580.24,5,E,5,N
62,353.67,599.40,1,S,5,W
64,363.65,599.70,1,S,5,W
66,367.11,600.00,1,S,5,W
67,368.43,600.30,1,S,5,W
70,394.36,600.60,1,S,5,W
206,505.89,600.60,1,W,2,W
357,404.13,600.90,2,E,5,W
72,434.00,601.20,1,S,5,W
73,435.82,601.50,1,S,5,W
75,437.83,601.80,1,S,5,W
190,384.95,602.10,1,W,5,W
192,393.15,602.40,1,W,5,W
80,517.86,602.40,1,S,1,W
196,426.94,602.70,1,W,5,W
84,523.32,602.70,1,S,1,W
197,441.87,603.00,1,W,5,W
87,562.33,603.00,1,S,1,W
296,403.05,603.30,1,E,5,W
298,412.77,603.60,1,E,5,W
301,417.84,603.90,1,E,5,W
199,464.77,615.40,1,W,5,E
63,361.41,621.54,1,S,5,N
65,364.30,621.84,1,S,5,N
68,370.94,622.14,1,S,5,N
335,425.10,622.44,2,W,5,N
358,447.80,622.74,2,E,5,N
359,494.52,623.04,2,E,5,N
191,393.15,623.34,1,W,5,N
194,406.52,623.64,1,W,5,N
195,424.95,623.94,1,W,5,N
425,544.80,624.13,3,E,5,E
198,460.95,624.24,1,W,5,N
297,409.86,624.54,1,E,5,N
299,413.95,624.84,1,E,5,N
303,426.47,625.14,1,E,5,N
304,444.03,625.44,1,E,5,N
305,491.08,625.74,1,E,5,N
384,568.30,630.07,3,W,5,N
426,564.39,630.57,3,E,5,N
385,579.97,641.74,3,W,5,N
308,583.66,645.85,1,E,3,E
533,583.00,665.54,5,W,5,N
534,584.67,665.84,5,W,5,N
535,593.26,666.14,5,W,5,N
536,594.72,666.44,5,W,5,N
537,595.02,666.74,5,W,5,N
538,596.83,667.04,5,W,5,N
539,596.89,667.34,5,W,5,N
540,597.93,667.64,5,W,5,N
541,608.92,667.94,5,W,5,N
542,611.17,668.24,5,W,5,N
543,613.96,668.54,5,W,5,N
544,624.69,668.84,5,W,5,N
545,627.56,669.14,5,W,5,N
546,628.08,669.44,5,W,5,N
547,629.94,669.74,5,W,5,N
548,638.42,670.04,5,W,5,N
549,655.07,670.34,5,W,5,N
550,656.80,670.64,5,W,5,N
551,658.72,670.94,5,W,5,N
552,666.19,672.33,5,W,5,N
610,602.26,679.54,5,E,5,N
611,606.44,679.84,5,E,5,N
612,618.13,680.14,5,E,5,N
613,631.10,680.44,5,E,5,N
614,631.56,680.74,5,E,5,N
615,685.34,691.48,5,E,5,N
616,685.85,691.98,5,E,5,N
617,689.99,696.13,5,E,5,N
424,499.15,699.30,3,E,5,W
383,511.81,699.60,3,W,5,W
427,582.07,699.90,3,E,5,W
77,440.49,700.20,1,S,5,W
337,522.38,700.50,2,W,5,W
89,638.26,700.70,1,S,2,W
361,557.62,700.80,2,E,5,W
81,519.25,701.10,1,S,5,W
83,521.54,701.40,1,S,5,W
85,525.29,701.70,1,S,5,W
200,484.06,702.00,1,W,5,W
203,495.80,702.30,1,W,5,W
204,502.09,702.60,1,W,5,W
92,644.65,702.80,1,S,1,W
207,508.02,702.90,1,W,5,W
208,509.97,703.20,1,W,5,W
211,526.28,703.50,1,W,5,W
306,539.57,703.80,1,E,5,W
307,547.65,704.10,1,E,5,W
98,695.49,709.63,1,S,1,W
360,543.84,715.30,2,E,5,E
91,641.65,715.60,1,S,1,E
78,473.05,721.44,1,S,5,N
79,473.61,721.74,1,S,5,N
338,600.40,722.04,2,W,5,N
86,526.92,722.34,1,S,5,N
201,484.13,722.64,1,W,5,N
202,486.01,722.94,1,W,5,N
205,502.45,723.24,1,W,5,N
209,519.23,723.54,1,W,5,N
210,522.87,723.84,1,W,5,N
212,543.16,724.14,1,W,5,N
213,548.33,724.44,1,W,5,N
428,623.02,729.77,3,E,5,N
386,648.57,730.07,3,W,5,N
387,671.29,733.06,3,W,5,N
216,587.06,737.67,1,W,3,W
219,623.98,738.57,1,W,3,E
228,637.02,741.27,1,W,3,E
553,673.83,765.44,5,W,5,N
554,687.38,765.74,5,W,5,N
555,689.39,766.04,5,W,5,N
556,690.66,766.34,5,W,5,N
557,725.81,766.64,5,W,5,N
558,726.50,766.94,5,W,5,N
559,734.20,767.24,5,W,5,N
560,749.93,767.54,5,W,5,N
561,751.68,767.84,5,W,5,N
562,752.41,768.14,5,W,5,N
563,753.08,768.44,5,W,5,N
618,762.42,779.44,5,E,5,N
429,680.91,799.20,3,E,5,W
362,605.61,799.50,2,E,5,W
214,569.80,799.80,1,W,5,W
215,570.53,800.10,1,W,5,W
218,610.03,800.40,1,W,5,W
226,633.99,800.70,1,W,5,W
234,660.54,801.00,1,W,5,W
235,660.56,801.30,1,W,5,W
236,662.30,801.60,1,W,5,W
103,764.90,803.20,1,S,1,W
104,765.05,803.50,1,S,1,W
105,766.10,803.80,1,S,1,W
107,768.15,804.10,1,S,1,W
108,769.44,804.40,1,S,1,W
112,774.55,804.70,1,S,1,W
116,779.91,805.00,1,S,1,W
313,691.17,809.00,1,E,5,W
230,639.37,815.20,1,W,5,E
309,601.84,821.34,1,E,5,N
363,636.81,821.64,2,E,5,N
364,666.27,821.94,2,E,5,N
339,687.01,822.24,2,W,5,N
88,607.67,822.54,1,S,5,N
217,590.41,822.84,1,W,5,N
220,625.45,823.14,1,W,5,N
221,626.83,823.44,1,W,5,N
222,630.22,823.74,1,W,5,N
223,630.87,824.04,1,W,5,N
224,631.03,824.34,1,W,5,N
225,632.44,824.64,1,W,5,N
227,635.46,824.94,1,W,5,N
229,638.64,825.24,1,W,5,N
231,640.80,825.54,1,W,5,N
232,656.96,825.84,1,W,5,N
233,659.05,826.14,1,W,5,N
237,665.94,826.44,1,W,5,N
310,641.72,826.74,1,E,5,N
311,646.26,827.04,1,E,5,N
312,664.56,827.34,1,E,5,N
388,740.14,829.57,3,W,5,N
389,747.34,829.87,3,W,5,N
431,701.91,830.17,3,E,5,N
433,705.23,830.47,3,E,5,N
434,748.76,830.77,3,E,5,N
317,756.19,841.97,1,E,3,E
564,784.36,865.34,5,W,5,N
565,790.01,865.64,5,W,5,N
566,797.39,865.94,5,W,5,N
567,797.73,866.24,5,W,5,N
568,798.70,866.54,5,W,5,N
569,799.05,866.84,5,W,5,N
570,799.20,867.14,5,W,5,N
571,800.60,867.44,5,W,5,N
572,803.37,867.74,5,W,5,N
573,804.10,868.04,5,W,5,N
574,814.43,868.34,5,W,5,N
575,816.77,868.64,5,W,5,N
576,831.86,868.94,5,W,5,N
619,830.67,879.34,5,E,5,N
620,855.54,879.64,5,E,5,N
621,868.05,879.94,5,E,5,N
622,869.88,880.24,5,E,5,N
623,870.13,880.54,5,E,5,N
314,698.04,899.10,1,E,5,W
430,700.62,899.40,3,E,5,W
390,760.86,899.70,3,W,5,W
432,703.47,900.00,3,E,5,W
435,796.65,900.30,3,E,5,W
95,692.70,900.60,1,S,5,W
238,684.01,900.90,1,W,5,W
244,719.07,901.20,1,W,5,W
245,720.81,901.50,1,W,5,W
246,722.69,901.80,1,W,5,W
247,722.90,902.10,1,W,5,W
122,858.85,903.60,1,S,1,W
340,725.69,915.10,2,W,5,E
242,714.35,915.40,1,W,5,E
90,640.03,921.24,1,S,5,N
93,644.97,921.54,1,S,5,N
94,645.83,921.84,1,S,5,N
96,693.73,922.14,1,S,5,N
97,694.67,922.44,1,S,5,N
365,714.35,922.74,2,E,5,N
366,724.82,923.04,2,E,5,N
341,762.24,923.34,2,W,5,N
342,773.90,923.64,2,W,5,N
367,761.86,923.94,2,E,5,N
368,793.83,924.24,2,E,5,N
99,730.55,924.54,1,S,5,N
239,685.64,924.84,1,W,5,N
240,711.25,925.14,1,W,5,N
241,712.73,925.44,1,W,5,N
243,717.72,925.74,1,W,5,N
248,739.29,926.04,1,W,5,N
249,749.42,926.34,1,W,5,N
250,764.78,926.64,1,W,5,N
251,767.01,926.94,1,W,5,N
315,711.62,927.24,1,E,5,N
316,730.60,927.54,1,E,5,N
318,762.97,927.84,1,E,5,N
319,764.72,928.14,1,E,5,N
391,832.42,929.37,3,W,5,N
436,809.11,929.67,3,E,5,N
437,867.24,929.97,3,E,5,N
438,874.43,930.06,3,E,5,E
392,852.85,930.27,3,W,5,N
346,897.41,933.48,2,W,3,W
258,815.65,939.37,1,W,3,W
120,856.71,942.52,1,S,2,E
127,865.88,944.32,1,S,2,E
577,878.36,965.24,5,W,5,N
578,880.94,965.54,5,W,5,N
579,881.03,965.84,5,W,5,N
580,883.44,966.14,5,W,5,N
581,884.21,966.44,5,W,5,N
582,885.86,966.74,5,W,5,N
439,875.66,999.00,3,E,5,W
100,761.07,999.30,1,S,5,W
101,762.87,999.60,1,S,5,W
102,763.58,999.90,1,S,5,W
114,776.56,1000.20,1,S,5,W
115,778.28,1000.50,1,S,5,W
119,817.53,1000.80,1,S,5,W
252,785.63,1001.10,1,W,5,W
253,786.07,1001.40,1,W,5,W
256,798.53,1001.70,1,W,5,W
257,808.02,1002.00,1,W,5,W
259,818.46,1002.30,1,W,5,W
263,859.89,1002.60,1,W,5,W
320,803.70,1002.90,1,E,5,W
321,821.56,1003.20,1,E,5,W
323,874.97,1003.50,1,E,5,W
254,787.97,1015.00,1,W,5,E
106,767.24,1021.14,1,S,5,N
109,771.00,1021.44,1,S,5,N
110,771.56,1021.74,1,S,5,N
111,773.08,1022.04,1,S,5,N
113,776.42,1022.34,1,S,5,N
117,781.11,1022.64,1,S,5,N
369,836.62,1022.94,2,E,5,N
343,869.57,1023.24,2,W,5,N
370,866.01,1023.54,2,E,5,N
344,880.09,1023.84,2,W,5,N
345,890.23,1024.14,2,W,5,N
118,813.85,1024.44,1,S,5,N
255,789.33,1024.74,1,W,5,N
260,819.93,1025.04,1,W,5,N
261,823.80,1025.34,1,W,5,N
262,848.55,1025.64,1,W,5,N
322,840.33,1025.94,1,E,5,N
324,877.11,1026.24,1,E,5,N
125,863.95,1098.90,1,S,5,W
268,897.80,1099.20,1,W,5,W
121,857.27,1121.04,1,S,5,N
123,860.75,1121.34,1,S,5,N
124,862.37,1121.64,1,S,5,N
126,865.60,1121.94,1,S,5,N
264,869.99,1122.24,1,W,5,N
265,871.43,1122.54,1,W,5,N
266,873.08,1122.84,1,W,5,N
267,874.84,1123.14,1,W,5,N