id,enter_time,exit_time,entrance_intersection,entrance_direction,exit_intersection,exit_direction
4,2.50,16.63,1,S,1,E
507,1.94,66.14,5,W,5,N
508,4.19,66.44,5,W,5,N
509,4.29,66.74,5,W,5,N
510,4.40,67.04,5,W,5,N
511,6.68,67.34,5,W,5,N
512,7.26,67.64,5,W,5,N
513,13.32,67.94,5,W,5,N
514,14.64,68.24,5,W,5,N
515,15.85,68.54,5,W,5,N
516,17.90,68.84,5,W,5,N
517,19.41,69.14,5,W,5,N
518,20.51,69.44,5,W,5,N
519,22.70,69.74,5,W,5,N
520,24.20,70.04,5,W,5,N
521,25.34,70.34,5,W,5,N
522,32.19,70.64,5,W,5,N
523,33.93,70.94,5,W,5,N
524,44.45,71.24,5,W,5,N
525,60.63,71.54,5,W,5,N
647,68.51,80.14,5,E,5,N
0,0.08,100.40,1,S,1,W
8,8.16,100.70,1,S,1,W
10,12.02,101.00,1,S,1,W
15,22.38,101.30,1,S,1,W
22,54.42,101.60,1,S,1,W
27,61.74,101.90,1,S,1,W
30,68.61,102.20,1,S,1,W
37,106.84,120.98,1,S,1,E
456,67.19,130.97,3,W,5,N
474,8.66,131.27,3,E,5,N
475,59.05,131.57,3,E,5,N
526,87.03,166.04,5,W,5,N
527,95.51,166.34,5,W,5,N
528,97.36,166.64,5,W,5,N
529,109.90,166.94,5,W,5,N
530,138.21,167.24,5,W,5,N
531,155.36,167.54,5,W,5,N
532,155.46,167.84,5,W,5,N
533,155.74,168.14,5,W,5,N
534,156.85,168.44,5,W,5,N
535,157.85,168.74,5,W,5,N
536,159.00,169.04,5,W,5,N
537,159.69,169.34,5,W,5,N
538,167.92,174.06,5,W,5,N
648,112.76,180.04,5,E,5,N
649,117.24,180.34,5,E,5,N
650,117.81,180.64,5,E,5,N
651,132.05,180.94,5,E,5,N
652,140.36,181.24,5,E,5,N
653,146.21,181.54,5,E,5,N
654,162.40,181.84,5,E,5,N
655,181.53,187.66,5,E,5,N
20,52.55,199.60,1,S,3,E
476,71.73,199.80,3,E,5,W
430,71.43,200.10,2,E,5,W
399,46.43,200.40,2,W,5,W
401,93.90,200.70,2,W,5,W
32,102.41,200.80,1,S,1,W
16,22.99,201.00,1,S,5,W
35,105.60,201.10,1,S,1,W
196,44.93,201.30,1,W,5,W
36,105.74,201.40,1,S,1,W
197,60.58,201.60,1,W,5,W
45,118.54,201.70,1,S,1,W
48,121.10,202.00,1,S,1,W
49,122.34,202.30,1,S,1,W
344,88.85,206.67,1,E,5,W
345,92.24,210.06,1,E,5,W
402,108.59,212.37,2,W,3,W
404,154.01,212.97,2,W,3,W
2,1.16,215.80,1,S,5,E
400,59.06,216.10,2,W,5,E
1,0.20,221.94,1,S,5,N
3,1.38,222.24,1,S,5,N
429,35.98,222.54,2,E,5,N
397,10.97,222.84,2,W,5,N
398,34.77,223.14,2,W,5,N
431,86.47,223.44,2,E,5,N
5,4.64,223.74,1,S,5,N
6,4.82,224.04,1,S,5,N
7,6.67,224.34,1,S,5,N
9,9.60,224.64,1,S,5,N
11,13.07,224.94,1,S,5,N
12,14.72,225.24,1,S,5,N
13,17.69,225.54,1,S,5,N
14,21.01,225.84,1,S,5,N
17,24.57,226.14,1,S,5,N
18,26.56,226.44,1,S,5,N
19,31.83,226.74,1,S,5,N
191,1.84,227.04,1,W,5,N
192,7.80,227.34,1,W,5,N
193,10.50,227.64,1,W,5,N
194,15.66,227.94,1,W,5,N
195,28.38,228.24,1,W,5,N
342,17.94,228.54,1,E,5,N
343,62.39,228.84,1,E,5,N
346,95.42,229.14,1,E,5,N
347,97.42,229.44,1,E,5,N
477,115.42,230.77,3,E,5,N
478,116.62,231.07,3,E,5,N
458,133.99,231.37,3,W,5,N
479,118.42,231.67,3,E,5,N
481,173.39,235.16,3,E,5,N
200,69.37,239.87,1,W,3,E
350,126.43,244.67,1,E,3,W
539,191.80,265.94,5,W,5,N
540,205.66,266.24,5,W,5,N
541,206.74,266.54,5,W,5,N
542,208.02,266.84,5,W,5,N
543,210.18,267.14,5,W,5,N
544,210.50,267.44,5,W,5,N
545,213.27,267.74,5,W,5,N
546,213.96,268.04,5,W,5,N
547,216.87,268.34,5,W,5,N
548,218.47,268.64,5,W,5,N
549,219.78,268.94,5,W,5,N
550,233.21,269.24,5,W,5,N
551,234.66,269.54,5,W,5,N
552,235.29,269.84,5,W,5,N
553,236.00,270.14,5,W,5,N
554,237.83,270.44,5,W,5,N
555,244.57,270.74,5,W,5,N
556,246.40,271.04,5,W,5,N
557,246.53,271.34,5,W,5,N
558,248.11,271.64,5,W,5,N
559,249.99,271.94,5,W,5,N
656,201.60,279.94,5,E,5,N
657,206.16,280.24,5,E,5,N
658,255.87,280.54,5,E,5,N
457,131.56,299.70,3,W,5,W
480,134.66,300.00,3,E,5,W
218,203.16,300.30,1,W,2,E
59,214.71,300.30,1,S,2,W
34,105.17,300.30,1,S,5,W
215,177.94,300.60,1,W,2,W
38,107.48,300.60,1,S,5,W
219,205.01,300.90,1,W,2,W
198,66.37,300.90,1,W,5,W
53,201.31,301.20,1,S,1,W
199,68.27,301.20,1,W,5,W
54,201.61,301.50,1,S,1,W
204,88.08,301.50,1,W,5,W
206,90.48,301.80,1,W,5,W
207,91.84,302.10,1,W,5,W
210,129.56,302.40,1,W,5,W
211,145.66,302.70,1,W,5,W
212,148.14,303.00,1,W,5,W
349,124.51,303.30,1,E,5,W
352,156.37,303.60,1,E,5,W
435,217.50,312.47,2,E,3,W
26,59.99,315.70,1,S,5,E
433,177.06,316.00,2,E,5,E
434,193.31,316.30,2,E,5,E
21,53.91,321.84,1,S,5,N
23,57.33,322.14,1,S,5,N
24,58.17,322.44,1,S,5,N
25,58.19,322.74,1,S,5,N
28,61.79,323.04,1,S,5,N
29,67.51,323.34,1,S,5,N
31,69.82,323.64,1,S,5,N
33,104.33,323.94,1,S,5,N
432,135.38,324.24,2,E,5,N
403,129.55,324.54,2,W,5,N
405,187.74,324.84,2,W,5,N
39,110.20,325.14,1,S,5,N
40,111.52,325.44,1,S,5,N
41,111.92,325.74,1,S,5,N
42,113.86,326.04,1,S,5,N
43,115.14,326.34,1,S,5,N
44,117.90,326.64,1,S,5,N
46,118.69,326.94,1,S,5,N
47,120.05,327.24,1,S,5,N
201,72.96,327.54,1,W,5,N
202,74.04,327.84,1,W,5,N
203,81.12,328.14,1,W,5,N
205,89.46,328.44,1,W,5,N
208,111.84,328.74,1,W,5,N
209,111.99,329.04,1,W,5,N
213,152.13,329.34,1,W,5,N
348,105.17,329.64,1,E,5,N
351,145.98,329.94,1,E,5,N
353,157.40,330.24,1,E,5,N
482,219.15,330.57,3,E,5,N
483,264.78,330.87,3,E,5,N
484,265.86,331.17,3,E,5,N
485,267.62,331.47,3,E,5,N
58,211.42,337.27,1,S,3,W
61,263.46,340.42,1,S,2,E
363,292.63,354.82,1,E,3,W
560,278.00,365.84,5,W,5,N
561,281.41,366.14,5,W,5,N
562,317.33,366.44,5,W,5,N
563,320.21,366.74,5,W,5,N
564,333.95,367.04,5,W,5,N
565,335.39,367.34,5,W,5,N
566,337.39,367.64,5,W,5,N
567,339.14,367.94,5,W,5,N
568,340.50,368.24,5,W,5,N
569,340.73,368.54,5,W,5,N
570,343.42,368.84,5,W,5,N
571,345.36,369.14,5,W,5,N
572,347.35,369.44,5,W,5,N
573,349.29,369.74,5,W,5,N
574,351.07,370.04,5,W,5,N
575,351.48,370.34,5,W,5,N
576,362.38,370.64,5,W,5,N
577,372.03,378.17,5,W,5,N
659,325.42,379.84,5,E,5,N
660,367.71,380.14,5,E,5,N
62,298.26,399.20,1,S,3,W
65,301.74,399.20,1,S,3,E
459,206.27,399.60,3,W,5,W
460,267.56,399.90,3,W,5,W
51,196.50,400.20,1,S,5,W
235,285.30,400.40,1,W,2,W
52,199.48,400.50,1,S,5,W
365,316.44,400.70,1,E,2,W
437,271.74,400.80,2,E,5,W
56,209.25,401.10,1,S,5,W
57,210.05,401.40,1,S,5,W
67,307.21,401.60,1,S,1,W
214,170.57,401.70,1,W,5,W
69,342.87,401.90,1,S,1,W
216,188.05,402.00,1,W,5,W
78,356.14,402.20,1,S,1,W
224,231.28,402.30,1,W,5,W
226,235.53,402.60,1,W,5,W
229,239.83,402.90,1,W,5,W
231,255.14,403.20,1,W,5,W
661,397.36,403.50,5,E,5,N
357,259.88,403.50,1,E,5,W
359,264.94,403.80,1,E,5,W
360,267.36,404.10,1,E,5,W
361,277.82,404.40,1,E,5,W
362,281.85,404.70,1,E,5,W
83,394.20,408.34,1,S,1,W
84,394.38,408.52,1,S,1,W
87,396.10,410.23,1,S,1,W
439,333.57,412.57,2,E,3,W
88,397.94,414.40,1,S,1,E
89,399.87,414.70,1,S,1,E
228,238.70,415.60,1,W,5,E
50,147.68,421.74,1,S,5,N
406,219.99,422.04,2,W,5,N
436,261.60,422.34,2,E,5,N
438,290.80,422.64,2,E,5,N
55,208.77,422.94,1,S,5,N
217,202.02,423.24,1,W,5,N
220,207.45,423.54,1,W,5,N
221,227.71,423.84,1,W,5,N
222,228.86,424.14,1,W,5,N
223,230.26,424.44,1,W,5,N
225,233.19,424.74,1,W,5,N
227,237.08,425.04,1,W,5,N
230,243.15,425.34,1,W,5,N
354,201.85,425.64,1,E,5,N
355,205.67,425.94,1,E,5,N
356,232.89,426.24,1,E,5,N
358,261.62,426.54,1,E,5,N
486,317.59,430.37,3,E,5,N
487,361.69,430.67,3,E,5,N
488,371.73,433.50,3,E,5,N
82,393.21,444.12,1,S,2,W
258,331.50,444.27,1,W,3,W
259,332.76,444.57,1,W,3,W
261,335.12,445.17,1,W,3,W
368,399.24,461.43,1,E,3,W
578,380.47,465.74,5,W,5,N
579,381.83,466.04,5,W,5,N
580,383.53,466.34,5,W,5,N
581,392.87,466.64,5,W,5,N
582,394.74,466.94,5,W,5,N
583,420.52,467.24,5,W,5,N
584,422.40,467.54,5,W,5,N
585,454.16,467.84,5,W,5,N
586,456.10,468.14,5,W,5,N
587,459.90,468.44,5,W,5,N
588,470.89,477.03,5,W,5,N
662,451.16,479.74,5,E,5,N
663,452.93,480.04,5,E,5,N
664,478.15,484.28,5,E,5,N
665,485.38,491.52,5,E,5,N
369,401.40,499.00,1,E,3,W
461,330.68,499.50,3,W,5,W
407,316.25,499.80,2,W,5,W
440,354.97,500.10,2,E,5,W
234,273.21,500.40,1,W,5,W
236,287.00,500.70,1,W,5,W
237,287.41,501.00,1,W,5,W
241,293.24,501.30,1,W,5,W
245,298.82,501.60,1,W,5,W
246,300.14,501.90,1,W,5,W
90,400.55,502.00,1,S,1,W
249,306.97,502.20,1,W,5,W
91,436.92,502.30,1,S,1,W
251,308.32,502.50,1,W,5,W
92,438.75,502.60,1,S,1,W
252,309.76,502.80,1,W,5,W
255,315.34,503.10,1,W,5,W
256,316.83,503.40,1,W,5,W
257,318.37,503.70,1,W,5,W
364,313.96,504.00,1,E,5,W
367,351.56,504.30,1,E,5,W
411,447.06,513.27,2,W,3,E
100,486.40,514.80,1,S,1,E
64,301.38,515.50,1,S,5,E
242,294.84,515.80,1,W,5,E
60,260.45,521.64,1,S,5,N
63,299.63,521.94,1,S,5,N
408,348.53,522.24,2,W,5,N
441,369.13,522.54,2,E,5,N
66,305.70,522.84,1,S,5,N
232,266.55,523.14,1,W,5,N
233,271.88,523.44,1,W,5,N
238,288.68,523.74,1,W,5,N
239,290.01,524.04,1,W,5,N
240,291.53,524.34,1,W,5,N
243,296.51,524.64,1,W,5,N
244,298.05,524.94,1,W,5,N
247,303.75,525.24,1,W,5,N
248,305.26,525.54,1,W,5,N
250,308.02,525.84,1,W,5,N
253,311.73,526.14,1,W,5,N
254,313.53,526.44,1,W,5,N
260,333.84,526.74,1,W,5,N
262,336.75,527.04,1,W,5,N
263,337.35,527.34,1,W,5,N
264,338.96,527.64,1,W,5,N
366,318.77,527.94,1,E,5,N
489,410.21,530.17,3,E,5,N
491,437.87,530.77,3,E,5,N
492,468.79,531.07,3,E,5,N
463,469.44,531.21,3,W,5,N
93,442.71,540.92,1,S,2,W
107,526.87,541.00,1,S,1,E
99,484.64,542.72,1,S,2,W
111,534.34,548.48,1,S,1,E
589,481.37,565.64,5,W,5,N
590,496.14,565.94,5,W,5,N
591,497.46,566.24,5,W,5,N
592,498.69,566.54,5,W,5,N
593,511.01,566.84,5,W,5,N
594,511.51,567.14,5,W,5,N
595,513.25,567.44,5,W,5,N
596,515.18,567.74,5,W,5,N
597,531.75,568.04,5,W,5,N
598,564.83,570.96,5,W,5,N
599,566.33,572.47,5,W,5,N
600,568.60,574.74,5,W,5,N
601,570.05,576.19,5,W,5,N
602,571.22,577.35,5,W,5,N
603,572.84,578.98,5,W,5,N
666,535.93,579.64,5,E,5,N
667,540.41,579.94,5,E,5,N
668,543.97,580.24,5,E,5,N
669,551.74,580.54,5,E,5,N
670,557.43,580.84,5,E,5,N
462,402.17,599.40,3,W,5,W
490,419.23,599.70,3,E,5,W
71,344.97,600.00,1,S,5,W
72,345.58,600.30,1,S,5,W
75,348.61,600.60,1,S,5,W
77,354.89,600.90,1,S,5,W
409,428.38,601.20,2,W,5,W
413,472.53,601.50,2,W,5,W
265,342.64,601.80,1,W,5,W
269,358.86,602.10,1,W,5,W
272,397.58,602.40,1,W,5,W
108,528.57,602.40,1,S,1,W
274,424.63,602.70,1,W,5,W
121,577.95,602.70,1,S,1,W
277,459.98,603.00,1,W,5,W
370,429.46,603.30,1,E,5,W
372,464.51,603.60,1,E,5,W
122,580.10,615.20,1,S,1,E
267,353.71,615.40,1,W,5,E
268,357.49,615.70,1,W,5,E
276,436.71,616.00,1,W,5,E
382,591.33,617.44,1,E,2,E
68,341.00,621.54,1,S,5,N
70,343.51,621.84,1,S,5,N
73,347.25,622.14,1,S,5,N
74,347.43,622.44,1,S,5,N
76,349.89,622.74,1,S,5,N
79,357.80,623.04,1,S,5,N
80,358.21,623.34,1,S,5,N
81,392.85,623.64,1,S,5,N
85,394.93,623.94,1,S,5,N
86,395.76,624.24,1,S,5,N
442,405.42,624.54,2,E,5,N
410,434.58,624.84,2,W,5,N
443,447.05,625.14,2,E,5,N
412,457.55,625.44,2,W,5,N
414,485.69,625.74,2,W,5,N
444,495.01,626.04,2,E,5,N
415,496.00,626.34,2,W,5,N
266,352.70,626.64,1,W,5,N
270,360.29,626.94,1,W,5,N
271,375.13,627.24,1,W,5,N
273,422.72,627.54,1,W,5,N
275,427.08,627.84,1,W,5,N
371,448.86,628.14,1,E,5,N
373,469.50,628.44,1,E,5,N
374,474.43,628.74,1,E,5,N
493,514.17,629.97,3,E,5,N
494,564.62,630.27,3,E,5,N
495,566.14,630.57,3,E,5,N
278,475.50,638.47,1,W,3,W
117,574.79,642.82,1,S,2,W
378,554.83,642.97,1,E,3,W
604,574.80,665.54,5,W,5,N
605,577.09,665.84,5,W,5,N
606,578.22,666.14,5,W,5,N
607,579.00,666.44,5,W,5,N
608,593.82,666.74,5,W,5,N
609,635.58,667.04,5,W,5,N
610,637.25,667.34,5,W,5,N
611,668.35,674.48,5,W,5,N
612,669.01,675.15,5,W,5,N
671,604.77,679.54,5,E,5,N
672,655.92,679.84,5,E,5,N
673,679.73,685.87,5,E,5,N
119,575.57,698.60,1,S,3,W
120,576.12,698.90,1,S,3,W
464,523.41,699.30,3,W,5,W
465,550.23,699.60,3,W,5,W
95,445.17,699.90,1,S,5,W
97,447.28,700.20,1,S,5,W
98,477.41,700.50,1,S,5,W
287,544.40,700.80,1,W,5,W
375,503.35,701.10,1,E,5,W
380,565.31,701.40,1,E,5,W
136,645.46,702.80,1,S,1,W
139,684.70,703.10,1,S,1,W
145,693.80,707.94,1,S,1,W
147,694.95,709.09,1,S,1,W
445,533.87,715.30,2,E,5,E
377,541.98,715.60,1,E,5,E
135,643.70,715.60,1,S,1,E
137,681.41,715.90,1,S,1,E
144,693.65,716.20,1,S,1,E
94,443.30,721.44,1,S,5,N
96,446.51,721.74,1,S,5,N
101,488.05,722.04,1,S,5,N
102,489.90,722.34,1,S,5,N
416,509.11,722.64,2,W,5,N
446,581.89,722.94,2,E,5,N
417,596.97,723.24,2,W,5,N
103,522.32,723.54,1,S,5,N
104,523.78,723.84,1,S,5,N
105,525.26,724.14,1,S,5,N
106,526.43,724.44,1,S,5,N
109,530.55,724.74,1,S,5,N
110,531.90,725.04,1,S,5,N
279,485.95,725.34,1,W,5,N
280,496.74,725.64,1,W,5,N
281,506.60,725.94,1,W,5,N
282,510.30,726.24,1,W,5,N
283,511.38,726.54,1,W,5,N
284,513.32,726.84,1,W,5,N
285,523.09,727.14,1,W,5,N
286,524.48,727.44,1,W,5,N
288,548.23,727.74,1,W,5,N
289,550.99,728.04,1,W,5,N
376,531.44,728.34,1,E,5,N
379,563.01,728.64,1,E,5,N
381,590.26,728.94,1,E,5,N
496,625.32,729.77,3,E,5,N
466,625.01,730.07,3,W,5,N
295,620.31,740.67,1,W,3,W
298,625.10,741.57,1,W,3,E
301,632.46,742.47,1,W,3,E
497,681.17,742.94,3,E,5,N
467,681.21,742.98,3,W,5,N
303,637.08,743.07,1,W,3,E
305,662.33,743.67,1,W,3,W
468,684.52,746.29,3,W,5,N
499,689.38,751.15,3,E,5,N
500,690.69,752.46,3,E,5,N
613,689.24,765.44,5,W,5,N
614,699.02,765.74,5,W,5,N
615,700.28,766.04,5,W,5,N
616,700.92,766.34,5,W,5,N
617,702.51,766.64,5,W,5,N
618,703.53,766.94,5,W,5,N
619,714.07,767.24,5,W,5,N
620,715.23,767.54,5,W,5,N
621,716.28,767.84,5,W,5,N
622,735.82,768.14,5,W,5,N
623,738.38,768.44,5,W,5,N
624,740.28,768.74,5,W,5,N
625,742.82,769.04,5,W,5,N
626,742.96,769.34,5,W,5,N
674,753.19,779.44,5,E,5,N
675,770.74,779.74,5,E,5,N
498,687.96,799.20,3,E,5,W
383,601.73,799.50,1,E,5,W
118,575.31,799.80,1,S,5,W
418,623.39,800.10,2,W,5,W
447,612.69,800.40,2,E,5,W
419,661.31,800.70,2,W,5,W
149,730.17,800.80,1,S,2,E
151,732.10,800.80,1,S,2,W
125,629.96,801.00,1,S,5,W
156,739.74,801.10,1,S,2,W
129,635.02,801.30,1,S,5,W
131,637.69,801.60,1,S,5,W
132,638.71,801.90,1,S,5,W
291,576.49,802.20,1,W,5,W
293,596.63,802.50,1,W,5,W
304,661.20,802.80,1,W,5,W
386,637.62,803.10,1,E,5,W
150,730.71,803.20,1,S,1,W
157,740.22,803.50,1,S,1,W
158,742.84,803.80,1,S,1,W
164,753.61,804.10,1,S,1,W
124,583.47,815.20,1,S,5,E
112,539.08,821.34,1,S,5,N
113,541.55,821.64,1,S,5,N
114,541.89,821.94,1,S,5,N
115,542.87,822.24,1,S,5,N
116,574.78,822.54,1,S,5,N
123,580.88,822.84,1,S,5,N
448,638.66,823.14,2,E,5,N
501,733.20,823.43,3,E,5,E
449,669.71,823.44,2,E,5,N
126,630.87,823.74,1,S,5,N
127,633.25,824.04,1,S,5,N
128,634.74,824.34,1,S,5,N
130,637.01,824.64,1,S,5,N
290,574.54,824.94,1,W,5,N
292,577.93,825.24,1,W,5,N
294,612.73,825.54,1,W,5,N
296,620.85,825.84,1,W,5,N
297,623.70,826.14,1,W,5,N
299,628.83,826.44,1,W,5,N
300,630.70,826.74,1,W,5,N
302,633.54,827.04,1,W,5,N
306,663.79,827.34,1,W,5,N
384,603.97,827.64,1,E,5,N
385,635.63,827.94,1,E,5,N
469,737.10,829.57,3,W,5,N
470,738.90,829.87,3,W,5,N
471,752.78,830.17,3,W,5,N
312,694.89,839.87,1,W,3,W
318,745.80,841.67,1,W,3,W
160,743.80,842.42,1,S,2,W
627,777.73,865.34,5,W,5,N
628,779.39,865.64,5,W,5,N
629,782.03,865.94,5,W,5,N
630,782.77,866.24,5,W,5,N
631,784.40,866.54,5,W,5,N
632,784.42,866.84,5,W,5,N
633,784.70,867.14,5,W,5,N
634,785.74,867.44,5,W,5,N
635,787.56,867.74,5,W,5,N
636,795.41,868.04,5,W,5,N
637,797.72,868.34,5,W,5,N
638,804.90,868.64,5,W,5,N
639,837.05,868.94,5,W,5,N
640,852.59,869.24,5,W,5,N
641,859.68,869.54,5,W,5,N
676,821.91,879.34,5,E,5,N
677,892.63,898.76,5,E,5,N
502,773.14,899.10,3,E,5,W
503,789.91,899.40,3,E,5,W
133,640.22,899.70,1,S,5,W
138,682.06,900.00,1,S,5,W
141,686.14,900.30,1,S,5,W
143,692.59,900.60,1,S,5,W
450,706.14,900.90,2,E,5,W
336,860.96,900.90,1,W,2,W
421,704.13,901.20,2,W,5,W
394,825.75,901.20,1,E,2,W
451,753.90,901.50,2,E,5,W
153,734.18,901.80,1,S,5,W
155,737.92,902.10,1,S,5,W
307,667.43,902.40,1,W,5,W
314,710.70,902.70,1,W,5,W
317,741.98,903.00,1,W,5,W
319,751.69,903.30,1,W,5,W
389,731.04,903.60,1,E,5,W
170,801.25,903.60,1,S,1,W
393,780.02,903.90,1,E,5,W
172,803.59,903.90,1,S,1,W
176,807.38,904.20,1,S,1,W
179,846.11,904.50,1,S,1,W
184,889.43,904.80,1,S,1,W
186,891.19,905.33,1,S,1,W
189,892.07,906.20,1,S,1,W
190,893.93,908.07,1,S,1,W
321,756.37,915.10,1,W,5,E
390,739.14,915.40,1,E,5,E
185,890.97,916.40,1,S,1,E
188,891.61,916.70,1,S,1,E
387,701.28,921.24,1,E,5,N
134,643.05,921.54,1,S,5,N
140,684.99,921.84,1,S,5,N
142,691.19,922.14,1,S,5,N
146,694.29,922.44,1,S,5,N
420,701.15,922.74,2,W,5,N
452,766.42,923.04,2,E,5,N
422,714.07,923.34,2,W,5,N
423,725.38,923.64,2,W,5,N
453,799.00,923.94,2,E,5,N
148,729.01,924.24,1,S,5,N
152,732.55,924.54,1,S,5,N
154,735.01,924.84,1,S,5,N
308,674.15,925.14,1,W,5,N
309,676.08,925.44,1,W,5,N
310,693.06,925.74,1,W,5,N
311,694.68,926.04,1,W,5,N
313,696.24,926.34,1,W,5,N
315,712.33,926.64,1,W,5,N
316,731.39,926.94,1,W,5,N
320,755.64,927.24,1,W,5,N
388,729.01,927.54,1,E,5,N
391,750.04,927.84,1,E,5,N
392,767.98,928.14,1,E,5,N
504,822.93,929.37,3,E,5,N
472,809.81,929.67,3,W,5,N
473,875.62,937.39,3,W,5,N
324,778.94,938.77,1,W,3,W
506,880.35,942.12,3,E,5,N
642,890.15,965.24,5,W,5,N
643,891.55,965.54,5,W,5,N
644,892.78,965.84,5,W,5,N
645,894.88,966.14,5,W,5,N
646,896.57,966.44,5,W,5,N
505,829.97,999.00,3,E,5,W
159,743.05,999.30,1,S,5,W
162,750.85,999.60,1,S,5,W
168,798.75,999.90,1,S,5,W
169,800.33,1000.20,1,S,5,W
173,804.64,1000.50,1,S,5,W
454,837.93,1000.80,2,E,5,W
424,818.34,1001.10,2,W,5,W
177,810.36,1001.40,1,S,5,W
178,813.21,1001.70,1,S,5,W
323,777.21,1002.00,1,W,5,W
326,804.40,1002.30,1,W,5,W
331,823.34,1002.60,1,W,5,W
335,857.21,1002.90,1,W,5,W
396,868.39,1003.20,1,E,5,W
426,834.00,1015.00,2,W,5,E
427,868.43,1015.30,2,W,5,E
455,880.88,1015.60,2,E,5,E
161,748.94,1021.14,1,S,5,N
163,752.33,1021.44,1,S,5,N
165,758.21,1021.74,1,S,5,N
166,759.08,1022.04,1,S,5,N
167,796.78,1022.34,1,S,5,N
171,802.72,1022.64,1,S,5,N
425,826.28,1022.94,2,W,5,N
428,880.58,1023.24,2,W,5,N
174,806.17,1023.54,1,S,5,N
175,807.23,1023.84,1,S,5,N
322,771.93,1024.14,1,W,5,N
325,795.16,1024.44,1,W,5,N
327,805.47,1024.74,1,W,5,N
328,805.52,1025.04,1,W,5,N
329,812.50,1025.34,1,W,5,N
330,815.53,1025.64,1,W,5,N
332,824.84,1025.94,1,W,5,N
333,825.43,1026.24,1,W,5,N
334,842.43,1026.54,1,W,5,N
395,842.32,1026.84,1,E,5,N
338,878.84,1037.37,1,W,3,W
180,847.01,1098.90,1,S,5,W
183,888.11,1099.20,1,S,5,W
337,877.22,1099.50,1,W,5,W
339,880.42,1099.80,1,W,5,W
182,887.06,1114.90,1,S,5,E
181,848.73,1121.04,1,S,5,N
187,891.23,1121.34,1,S,5,N
340,880.95,1121.64,1,W,5,N
341,898.89,1121.94,1,W,5,N