id,enter_time,exit_time,entrance_intersection,entrance_direction,exit_intersection,exit_direction
0,0.76,14.90,1,S,1,E
12,18.46,32.60,1,S,1,E
517,1.87,66.14,5,W,5,N
518,2.71,66.44,5,W,5,N
519,10.75,66.74,5,W,5,N
520,11.31,67.04,5,W,5,N
521,11.98,67.34,5,W,5,N
522,13.57,67.64,5,W,5,N
523,17.58,67.94,5,W,5,N
524,34.17,68.24,5,W,5,N
525,44.71,68.54,5,W,5,N
526,44.73,68.84,5,W,5,N
527,46.56,69.14,5,W,5,N
528,47.75,69.44,5,W,5,N
529,48.49,69.74,5,W,5,N
530,49.43,70.04,5,W,5,N
648,12.28,80.14,5,E,5,N
649,42.23,80.44,5,E,5,N
8,13.22,100.10,1,S,2,W
10,14.56,100.40,1,S,2,W
1,1.54,100.40,1,S,1,W
201,56.13,100.70,1,W,2,W
4,9.16,100.70,1,S,1,W
7,12.57,101.00,1,S,1,W
15,25.03,101.30,1,S,1,W
16,28.41,101.60,1,S,1,W
17,29.99,101.90,1,S,1,W
22,32.71,102.20,1,S,1,W
25,35.88,102.50,1,S,1,W
400,63.31,112.87,2,W,3,W
26,71.84,113.20,1,S,1,E
462,62.26,130.97,3,W,5,N
486,15.56,131.57,3,E,5,N
489,57.95,132.47,3,E,5,N
531,90.34,166.04,5,W,5,N
532,92.15,166.34,5,W,5,N
533,96.06,166.64,5,W,5,N
534,124.96,166.94,5,W,5,N
535,126.36,167.24,5,W,5,N
536,127.91,167.54,5,W,5,N
537,128.00,167.84,5,W,5,N
538,129.96,168.14,5,W,5,N
539,132.47,168.44,5,W,5,N
540,135.14,168.74,5,W,5,N
541,137.98,169.04,5,W,5,N
542,140.63,169.34,5,W,5,N
543,152.66,169.64,5,W,5,N
544,153.80,169.94,5,W,5,N
545,160.94,170.24,5,W,5,N
546,166.69,172.83,5,W,5,N
650,109.73,180.04,5,E,5,N
651,154.08,180.34,5,E,5,N
34,85.13,199.60,1,S,3,W
484,7.27,199.80,3,E,5,W
485,9.08,200.10,3,E,5,W
487,54.82,200.40,3,E,5,W
488,56.54,200.70,3,E,5,W
39,123.60,200.80,1,S,1,W
401,74.92,201.00,2,W,5,W
47,180.25,201.10,1,S,1,W
439,87.35,201.30,2,E,5,W
48,182.17,201.40,1,S,1,W
18,31.42,201.60,1,S,5,W
51,185.58,201.70,1,S,1,W
20,32.11,201.90,1,S,5,W
198,7.90,202.20,1,W,5,W
200,31.41,202.50,1,W,5,W
202,56.16,202.80,1,W,5,W
205,59.94,203.10,1,W,5,W
206,61.73,203.40,1,W,5,W
329,61.63,203.70,1,E,5,W
333,82.58,204.00,1,E,5,W
403,125.23,212.37,2,W,3,E
405,172.17,212.97,2,W,3,E
398,10.28,215.80,2,W,5,E
334,86.77,216.10,1,E,5,E
2,3.44,221.94,1,S,5,N
3,3.53,222.24,1,S,5,N
437,13.52,222.54,2,E,5,N
399,33.61,222.84,2,W,5,N
438,38.93,223.14,2,E,5,N
402,86.79,223.44,2,W,5,N
5,9.36,223.74,1,S,5,N
6,11.09,224.04,1,S,5,N
9,13.23,224.34,1,S,5,N
11,17.43,224.64,1,S,5,N
13,19.99,224.94,1,S,5,N
14,21.84,225.24,1,S,5,N
19,31.61,225.54,1,S,5,N
21,32.43,225.84,1,S,5,N
23,34.65,226.14,1,S,5,N
24,34.83,226.44,1,S,5,N
199,8.33,226.74,1,W,5,N
203,57.24,227.04,1,W,5,N
204,58.86,227.34,1,W,5,N
327,27.47,227.64,1,E,5,N
465,172.29,227.93,3,W,5,E
328,43.97,227.94,1,E,5,N
330,66.90,228.24,1,E,5,N
331,70.72,228.54,1,E,5,N
332,79.13,228.84,1,E,5,N
335,95.65,229.14,1,E,5,N
490,101.33,230.77,3,E,5,N
491,158.82,231.07,3,E,5,N
464,151.00,231.37,3,W,5,N
40,129.40,237.47,1,S,3,W
44,177.48,240.32,1,S,2,W
216,145.06,240.77,1,W,3,E
219,153.23,241.67,1,W,3,W
52,186.30,241.82,1,S,2,E
59,233.91,248.05,1,S,1,E
547,175.82,265.94,5,W,5,N
548,177.56,266.24,5,W,5,N
549,178.73,266.54,5,W,5,N
550,180.27,266.84,5,W,5,N
551,180.98,267.14,5,W,5,N
552,182.87,267.44,5,W,5,N
553,184.15,267.74,5,W,5,N
554,185.74,268.04,5,W,5,N
555,186.94,268.34,5,W,5,N
556,188.26,268.64,5,W,5,N
557,195.79,268.94,5,W,5,N
558,197.24,269.24,5,W,5,N
559,231.85,269.54,5,W,5,N
560,248.84,269.84,5,W,5,N
561,262.57,270.14,5,W,5,N
562,264.28,270.42,5,W,5,N
563,264.72,270.86,5,W,5,N
564,265.83,271.97,5,W,5,N
652,206.34,279.94,5,E,5,N
653,221.07,280.24,5,E,5,N
654,237.84,280.54,5,E,5,N
655,247.49,280.84,5,E,5,N
656,249.14,281.14,5,E,5,N
657,254.41,281.44,5,E,5,N
658,259.75,281.74,5,E,5,N
463,130.76,299.70,3,W,5,W
29,78.15,300.00,1,S,5,W
231,233.20,300.30,1,W,2,W
33,83.85,300.30,1,S,5,W
404,137.17,300.60,2,W,5,W
406,186.68,300.90,2,W,5,W
55,225.37,301.20,1,S,1,W
36,120.30,301.20,1,S,5,W
56,226.92,301.50,1,S,1,W
37,122.22,301.50,1,S,5,W
38,123.51,301.80,1,S,5,W
41,131.12,302.10,1,S,5,W
210,94.08,302.40,1,W,5,W
211,108.64,302.70,1,W,5,W
214,135.92,303.00,1,W,5,W
217,145.30,303.30,1,W,5,W
218,152.07,303.60,1,W,5,W
336,104.88,303.90,1,E,5,W
337,108.00,304.20,1,E,5,W
338,124.73,304.50,1,E,5,W
340,148.30,304.80,1,E,5,W
66,289.54,314.00,1,S,1,E
213,119.36,315.70,1,W,5,E
27,71.98,321.84,1,S,5,N
77,307.82,321.96,1,S,1,E
28,77.61,322.14,1,S,5,N
30,79.20,322.44,1,S,5,N
31,80.52,322.74,1,S,5,N
32,82.51,323.04,1,S,5,N
440,127.74,323.34,2,E,5,N
441,176.28,323.64,2,E,5,N
407,198.40,323.94,2,W,5,N
35,119.82,324.24,1,S,5,N
207,77.38,324.54,1,W,5,N
208,92.54,324.84,1,W,5,N
209,92.89,325.14,1,W,5,N
212,117.78,325.44,1,W,5,N
215,139.32,325.74,1,W,5,N
339,137.70,326.04,1,E,5,N
492,203.86,330.57,3,E,5,N
493,220.10,330.87,3,E,5,N
494,221.19,331.17,3,E,5,N
495,226.30,331.47,3,E,5,N
496,232.09,331.77,3,E,5,N
224,173.02,338.77,1,W,3,W
497,280.35,342.12,3,E,5,N
498,296.43,358.20,3,E,5,N
565,281.71,365.84,5,W,5,N
566,282.08,366.14,5,W,5,N
567,283.75,366.44,5,W,5,N
568,284.78,366.74,5,W,5,N
569,286.05,367.04,5,W,5,N
570,293.29,367.34,5,W,5,N
571,294.81,367.64,5,W,5,N
572,321.35,367.94,5,W,5,N
573,351.34,368.24,5,W,5,N
574,351.70,368.54,5,W,5,N
575,352.90,368.84,5,W,5,N
659,326.83,379.84,5,E,5,N
660,329.86,380.14,5,E,5,N
661,331.70,380.44,5,E,5,N
662,336.04,380.74,5,E,5,N
663,378.93,385.06,5,E,5,N
664,379.58,385.72,5,E,5,N
665,382.46,388.59,5,E,5,N
666,387.13,393.27,5,E,5,N
65,283.66,399.20,1,S,3,E
75,301.20,399.50,1,S,3,E
466,228.47,399.60,3,W,5,W
499,298.29,399.90,3,E,5,W
43,177.47,400.20,1,S,5,W
248,349.42,400.40,1,W,2,E
347,340.57,400.40,1,E,2,W
45,178.93,400.50,1,S,5,W
50,184.63,400.80,1,S,5,W
410,222.42,401.10,2,W,5,W
444,290.25,401.40,2,E,5,W
82,345.05,401.60,1,S,1,W
53,224.60,401.70,1,S,5,W
83,379.51,401.90,1,S,1,W
225,186.82,402.00,1,W,5,W
85,380.84,402.20,1,S,1,W
229,212.53,402.30,1,W,5,W
230,213.72,402.60,1,W,5,W
233,235.41,402.90,1,W,5,W
343,257.86,403.20,1,E,5,W
86,382.12,414.40,1,S,1,E
57,228.73,415.60,1,S,5,E
235,259.79,415.90,1,W,5,E
42,175.19,421.74,1,S,5,N
46,179.88,422.04,1,S,5,N
49,184.46,422.34,1,S,5,N
442,224.55,422.64,2,E,5,N
408,209.10,422.94,2,W,5,N
443,249.59,423.24,2,E,5,N
409,210.74,423.54,2,W,5,N
411,259.32,423.84,2,W,5,N
54,225.03,424.14,1,S,5,N
58,232.61,424.44,1,S,5,N
220,169.25,424.74,1,W,5,N
221,170.86,425.04,1,W,5,N
222,172.58,425.34,1,W,5,N
223,173.02,425.64,1,W,5,N
226,188.49,425.94,1,W,5,N
227,189.62,426.24,1,W,5,N
228,210.66,426.54,1,W,5,N
232,235.16,426.84,1,W,5,N
234,245.42,427.14,1,W,5,N
341,205.84,427.44,1,E,5,N
342,232.10,427.74,1,E,5,N
344,297.61,428.04,1,E,5,N
500,311.32,430.37,3,E,5,N
467,301.72,430.67,3,W,5,N
501,364.38,430.97,3,E,5,N
78,307.99,436.77,1,S,3,W
469,380.63,442.40,3,W,5,N
470,380.66,442.43,3,W,5,N
576,385.51,465.74,5,W,5,N
577,392.76,466.04,5,W,5,N
578,394.20,466.34,5,W,5,N
579,394.92,466.64,5,W,5,N
580,396.19,466.94,5,W,5,N
581,411.95,467.24,5,W,5,N
582,412.78,467.54,5,W,5,N
583,414.82,467.84,5,W,5,N
584,416.39,468.14,5,W,5,N
585,418.94,468.44,5,W,5,N
586,427.27,468.74,5,W,5,N
587,430.20,469.04,5,W,5,N
588,446.91,469.34,5,W,5,N
589,448.30,469.64,5,W,5,N
590,451.23,469.94,5,W,5,N
591,453.88,470.24,5,W,5,N
592,454.92,470.54,5,W,5,N
593,456.86,470.84,5,W,5,N
667,439.02,479.74,5,E,5,N
668,444.25,480.04,5,E,5,N
468,306.26,499.50,3,W,5,W
471,395.05,499.80,3,W,5,W
60,282.53,500.10,1,S,5,W
61,283.00,500.40,1,S,5,W
90,424.60,500.50,1,S,2,E
69,294.09,500.70,1,S,5,W
256,411.11,500.80,1,W,2,E
413,366.70,501.00,2,W,5,W
447,369.35,501.30,2,E,5,W
80,309.82,501.60,1,S,5,W
242,322.98,501.90,1,W,5,W
93,427.40,502.00,1,S,1,W
243,324.80,502.20,1,W,5,W
99,433.56,502.30,1,S,1,W
245,329.29,502.50,1,W,5,W
102,435.86,502.60,1,S,1,W
669,496.64,502.78,5,E,5,N
246,346.19,502.80,1,W,5,W
106,441.15,502.90,1,S,1,W
247,347.67,503.10,1,W,5,W
115,451.24,503.20,1,S,1,W
249,350.65,503.40,1,W,5,W
121,460.49,503.50,1,S,1,W
346,331.31,503.70,1,E,5,W
127,467.86,503.80,1,S,1,W
349,346.44,504.00,1,E,5,W
352,362.27,504.30,1,E,5,W
353,372.80,504.60,1,E,5,W
354,378.78,504.90,1,E,5,W
118,458.67,514.80,1,S,1,E
125,464.70,515.10,1,S,1,E
74,300.74,515.50,1,S,5,E
250,358.35,515.80,1,W,5,E
350,348.97,516.10,1,E,5,E
62,283.26,521.64,1,S,5,N
63,283.31,521.94,1,S,5,N
64,283.55,522.24,1,S,5,N
67,291.53,522.54,1,S,5,N
68,292.26,522.84,1,S,5,N
70,294.74,523.14,1,S,5,N
71,295.42,523.44,1,S,5,N
72,298.20,523.74,1,S,5,N
73,298.87,524.04,1,S,5,N
503,423.76,524.33,3,E,5,E
412,353.08,524.34,2,W,5,N
445,309.07,524.64,2,E,5,N
446,357.44,524.94,2,E,5,N
414,380.87,525.24,2,W,5,N
76,304.89,525.54,1,S,5,N
79,309.02,525.84,1,S,5,N
81,311.77,526.14,1,S,5,N
236,284.97,526.44,1,W,5,N
237,294.22,526.74,1,W,5,N
238,295.95,527.04,1,W,5,N
239,297.14,527.34,1,W,5,N
240,320.50,527.64,1,W,5,N
241,321.92,527.94,1,W,5,N
244,326.21,528.24,1,W,5,N
251,359.73,528.54,1,W,5,N
345,304.35,528.84,1,E,5,N
348,343.36,529.14,1,E,5,N
351,359.27,529.44,1,E,5,N
504,438.46,530.77,3,E,5,N
92,426.55,537.47,1,S,3,W
257,412.89,541.67,1,W,3,E
110,448.96,542.12,1,S,2,E
113,450.35,543.02,1,S,2,E
505,494.18,555.95,3,E,5,N
363,499.26,561.45,1,E,3,W
594,484.00,565.64,5,W,5,N
595,485.68,565.94,5,W,5,N
596,486.20,566.24,5,W,5,N
597,513.24,566.54,5,W,5,N
598,515.49,566.84,5,W,5,N
599,516.95,567.14,5,W,5,N
600,518.70,567.44,5,W,5,N
601,528.87,567.74,5,W,5,N
602,530.02,568.04,5,W,5,N
603,540.68,568.34,5,W,5,N
604,541.68,568.64,5,W,5,N
605,569.95,576.09,5,W,5,N
606,571.44,577.58,5,W,5,N
670,505.38,579.64,5,E,5,N
671,559.96,579.94,5,E,5,N
119,458.68,598.80,1,S,3,E
472,459.36,599.40,3,W,5,W
502,415.94,599.70,3,E,5,W
84,380.63,600.00,1,S,5,W
448,415.64,600.30,2,E,5,W
450,478.01,600.60,2,E,5,W
271,503.48,600.60,1,W,2,E
126,466.45,600.60,1,S,2,W
91,425.35,600.90,1,S,5,W
365,521.69,600.90,1,E,2,W
95,427.90,601.20,1,S,5,W
101,435.37,601.50,1,S,5,W
104,437.81,601.80,1,S,5,W
261,429.30,602.10,1,W,5,W
265,463.61,602.40,1,W,5,W
131,507.66,602.40,1,S,1,W
266,464.94,602.70,1,W,5,W
135,547.34,602.70,1,S,1,W
357,413.31,603.00,1,E,5,W
359,476.72,603.30,1,E,5,W
361,488.31,606.13,1,E,5,W
362,491.13,608.95,1,E,5,W
87,383.50,615.40,1,S,5,E
258,414.67,615.70,1,W,5,E
260,426.05,616.00,1,W,5,E
415,406.10,621.54,2,W,5,N
449,447.35,621.84,2,E,5,N
416,432.61,622.14,2,W,5,N
88,422.79,622.44,1,S,5,N
89,423.63,622.74,1,S,5,N
94,427.43,623.04,1,S,5,N
96,429.27,623.34,1,S,5,N
97,431.02,623.64,1,S,5,N
98,432.77,623.94,1,S,5,N
100,435.18,624.24,1,S,5,N
103,436.94,624.54,1,S,5,N
252,376.21,624.84,1,W,5,N
253,377.84,625.14,1,W,5,N
254,378.90,625.44,1,W,5,N
255,403.23,625.74,1,W,5,N
259,424.57,626.04,1,W,5,N
262,448.10,626.34,1,W,5,N
263,457.16,626.64,1,W,5,N
264,463.30,626.94,1,W,5,N
355,405.94,627.24,1,E,5,N
356,408.15,627.54,1,E,5,N
358,454.35,627.84,1,E,5,N
360,482.54,628.14,1,E,5,N
473,509.53,629.97,3,W,5,N
474,511.84,630.27,3,W,5,N
507,561.06,630.57,3,E,5,N
508,562.09,630.87,3,E,5,N
475,571.34,633.11,3,W,5,N
366,568.21,641.17,1,E,3,E
476,588.42,650.19,3,W,5,N
607,616.61,665.54,5,W,5,N
608,653.23,665.84,5,W,5,N
609,653.76,666.14,5,W,5,N
610,662.09,668.22,5,W,5,N
611,664.33,670.47,5,W,5,N
612,666.19,672.33,5,W,5,N
613,669.13,675.27,5,W,5,N
614,670.65,676.79,5,W,5,N
615,672.13,678.27,5,W,5,N
672,614.66,679.54,5,E,5,N
673,623.60,679.84,5,E,5,N
674,639.76,680.14,5,E,5,N
134,546.89,698.60,1,S,3,W
506,507.92,699.30,3,E,5,W
108,444.92,699.60,1,S,5,W
111,449.52,699.90,1,S,5,W
675,693.83,699.97,5,E,5,N
112,449.67,700.20,1,S,5,W
114,450.74,700.50,1,S,5,W
286,655.23,700.70,1,W,2,W
417,513.89,700.80,2,W,5,W
418,550.12,701.10,2,W,5,W
676,694.97,701.11,5,E,5,N
420,586.73,701.40,2,W,5,W
421,587.23,701.70,2,W,5,W
423,594.45,702.00,2,W,5,W
128,469.31,702.30,1,S,5,W
129,504.61,702.60,1,S,5,W
677,696.57,702.71,5,E,5,N
141,669.91,702.80,1,S,1,W
269,500.08,702.90,1,W,5,W
144,670.93,703.10,1,S,1,W
270,500.14,703.20,1,W,5,W
273,530.18,703.50,1,W,5,W
364,504.03,703.80,1,E,5,W
367,569.21,704.10,1,E,5,W
130,506.37,715.30,1,S,5,E
267,481.88,715.60,1,W,5,E
105,439.78,721.44,1,S,5,N
107,444.92,721.74,1,S,5,N
109,447.47,722.04,1,S,5,N
116,456.64,722.34,1,S,5,N
117,457.70,722.64,1,S,5,N
120,459.45,722.94,1,S,5,N
122,461.78,723.24,1,S,5,N
123,462.53,723.54,1,S,5,N
451,517.00,723.84,2,E,5,N
452,560.81,724.14,2,E,5,N
419,564.69,724.44,2,W,5,N
422,591.04,724.74,2,W,5,N
124,462.97,725.04,1,S,5,N
268,489.16,725.34,1,W,5,N
272,514.42,725.64,1,W,5,N
510,670.11,725.75,3,E,5,E
274,532.35,725.94,1,W,5,N
275,533.81,726.24,1,W,5,N
276,550.42,726.54,1,W,5,N
277,565.82,726.84,1,W,5,N
368,588.06,727.14,1,E,5,N
369,591.67,727.44,1,E,5,N
509,617.51,729.77,3,E,5,N
477,650.29,730.07,3,W,5,N
478,671.15,732.92,3,W,5,N
287,656.87,739.77,1,W,3,W
140,669.31,741.72,1,S,2,E
143,670.27,742.32,1,S,2,W
616,674.10,765.44,5,W,5,N
617,674.36,765.74,5,W,5,N
618,675.84,766.04,5,W,5,N
619,684.32,766.34,5,W,5,N
620,691.84,766.64,5,W,5,N
621,693.63,766.94,5,W,5,N
622,695.08,767.24,5,W,5,N
623,696.32,767.54,5,W,5,N
624,707.21,767.84,5,W,5,N
625,709.46,768.14,5,W,5,N
626,724.69,768.44,5,W,5,N
627,726.75,768.74,5,W,5,N
628,742.91,769.04,5,W,5,N
629,767.31,773.45,5,W,5,N
678,747.37,779.44,5,E,5,N
142,670.07,798.40,1,S,3,E
133,546.05,799.20,1,S,5,W
453,610.60,799.50,2,E,5,W
454,627.64,799.80,2,E,5,W
428,655.02,800.10,2,W,5,W
429,686.14,800.40,2,W,5,W
138,620.62,800.70,1,S,5,W
150,708.38,800.80,1,S,2,W
289,670.08,800.80,1,W,2,E
281,630.58,801.00,1,W,5,W
377,711.96,801.10,1,E,2,W
284,643.02,801.30,1,W,5,W
371,624.51,801.60,1,E,5,W
158,729.20,803.20,1,S,1,W
161,737.41,803.50,1,S,1,W
163,738.59,803.80,1,S,1,W
168,750.15,804.10,1,S,1,W
387,788.05,814.17,1,E,2,W
279,605.74,815.20,1,W,5,E
164,740.34,816.00,1,S,1,E
167,749.03,816.30,1,S,1,E
175,796.58,816.60,1,S,1,E
132,545.38,821.34,1,S,5,N
136,581.03,821.64,1,S,5,N
137,581.69,821.94,1,S,5,N
424,602.31,822.24,2,W,5,N
425,606.80,822.54,2,W,5,N
426,614.30,822.84,2,W,5,N
455,674.30,823.14,2,E,5,N
427,640.61,823.44,2,W,5,N
139,621.55,823.74,1,S,5,N
278,585.09,824.04,1,W,5,N
280,615.33,824.34,1,W,5,N
282,632.57,824.64,1,W,5,N
283,633.83,824.94,1,W,5,N
285,653.67,825.24,1,W,5,N
370,606.61,825.54,1,E,5,N
372,639.65,825.84,1,E,5,N
373,651.14,826.14,1,E,5,N
374,686.57,826.44,1,E,5,N
514,771.44,827.08,3,E,5,E
479,724.79,829.57,3,W,5,N
512,722.06,829.87,3,E,5,N
513,732.44,830.17,3,E,5,N
153,712.47,838.37,1,S,3,E
171,757.22,843.32,1,S,2,E
480,794.54,856.31,3,W,5,N
481,795.93,857.70,3,W,5,N
630,797.23,865.34,5,W,5,N
631,798.13,865.64,5,W,5,N
632,799.85,865.94,5,W,5,N
633,802.58,866.24,5,W,5,N
634,803.92,866.54,5,W,5,N
635,806.75,866.84,5,W,5,N
636,814.94,867.14,5,W,5,N
637,817.36,867.44,5,W,5,N
638,824.25,867.74,5,W,5,N
639,842.35,868.04,5,W,5,N
640,843.84,868.34,5,W,5,N
641,860.02,868.64,5,W,5,N
642,870.08,876.22,5,W,5,N
643,871.32,877.45,5,W,5,N
679,822.12,879.34,5,E,5,N
680,887.15,893.28,5,E,5,N
681,887.49,893.63,5,E,5,N
174,795.41,898.20,1,S,3,W
177,803.34,898.50,1,S,3,W
682,892.95,899.09,5,E,5,N
511,714.64,899.10,3,E,5,W
457,761.17,899.40,2,E,5,W
683,893.53,899.66,5,E,5,N
458,798.82,899.70,2,E,5,W
147,706.44,900.00,1,S,5,W
148,707.26,900.30,1,S,5,W
152,711.62,900.60,1,S,5,W
157,727.23,900.90,1,S,5,W
316,816.30,900.90,1,W,2,W
160,736.21,901.20,1,S,5,W
288,668.96,901.50,1,W,5,W
292,690.16,901.80,1,W,5,W
294,713.21,902.10,1,W,5,W
296,733.34,902.40,1,W,5,W
297,735.17,902.70,1,W,5,W
302,761.71,903.00,1,W,5,W
375,703.43,903.30,1,E,5,W
379,719.95,903.60,1,E,5,W
176,801.81,903.60,1,S,1,W
382,742.64,903.90,1,E,5,W
183,838.58,903.90,1,S,1,W
383,746.16,904.20,1,E,5,W
191,850.98,904.20,1,S,1,W
385,767.96,904.50,1,E,5,W
192,852.86,904.50,1,S,1,W
460,847.55,913.37,2,E,3,E
290,686.74,915.10,1,W,5,E
299,738.08,915.40,1,W,5,E
384,750.38,915.70,1,E,5,E
188,846.58,916.40,1,S,1,E
196,897.61,916.70,1,S,1,E
197,899.49,917.00,1,S,1,E
145,671.23,921.24,1,S,5,N
146,672.71,921.54,1,S,5,N
430,711.85,921.84,2,W,5,N
456,723.09,922.14,2,E,5,N
431,749.48,922.44,2,W,5,N
149,707.53,922.74,1,S,5,N
151,709.94,923.04,1,S,5,N
154,718.16,923.34,1,S,5,N
155,719.24,923.64,1,S,5,N
156,726.81,923.94,1,S,5,N
159,734.76,924.24,1,S,5,N
162,737.59,924.54,1,S,5,N
291,688.22,924.84,1,W,5,N
293,696.22,925.14,1,W,5,N
295,716.86,925.44,1,W,5,N
298,736.40,925.74,1,W,5,N
300,758.53,926.04,1,W,5,N
301,760.23,926.34,1,W,5,N
303,763.11,926.64,1,W,5,N
376,706.52,926.94,1,E,5,N
378,716.13,927.24,1,E,5,N
380,725.69,927.54,1,E,5,N
436,891.62,927.69,2,W,3,E
381,727.59,927.84,1,E,5,N
386,768.44,928.14,1,E,5,N
388,797.45,928.44,1,E,5,N
515,807.42,929.37,3,E,5,N
482,799.24,929.67,3,W,5,N
516,853.71,929.67,3,E,5,N
178,805.69,936.97,1,S,3,E
319,835.33,942.67,1,W,3,E
644,872.70,965.24,5,W,5,N
645,874.03,965.54,5,W,5,N
646,875.73,965.84,5,W,5,N
647,883.02,966.14,5,W,5,N
184,842.87,998.00,1,S,3,W
187,845.21,998.00,1,S,3,E
190,850.31,998.30,1,S,3,W
483,866.41,999.00,3,W,5,W
169,755.03,999.30,1,S,5,W
170,756.89,999.60,1,S,5,W
173,794.99,999.90,1,S,5,W
432,834.63,1000.20,2,W,5,W
434,864.78,1000.50,2,W,5,W
179,836.63,1000.80,1,S,5,W
180,837.43,1001.10,1,S,5,W
182,837.68,1001.40,1,S,5,W
307,792.19,1001.70,1,W,5,W
308,793.41,1002.00,1,W,5,W
311,795.12,1002.30,1,W,5,W
312,810.80,1002.60,1,W,5,W
314,813.47,1002.90,1,W,5,W
318,832.75,1003.20,1,W,5,W
320,836.22,1003.50,1,W,5,W
390,825.44,1003.80,1,E,5,W
392,846.14,1004.10,1,E,5,W
393,856.51,1004.40,1,E,5,W
394,859.07,1015.00,1,E,5,E
165,742.90,1021.14,1,S,5,N
166,743.69,1021.44,1,S,5,N
172,793.78,1021.74,1,S,5,N
433,838.37,1022.04,2,W,5,N
459,817.48,1022.34,2,E,5,N
461,868.76,1022.64,2,E,5,N
435,878.19,1022.94,2,W,5,N
181,837.53,1023.24,1,S,5,N
304,773.44,1023.54,1,W,5,N
305,776.91,1023.84,1,W,5,N
306,791.09,1024.14,1,W,5,N
309,794.19,1024.44,1,W,5,N
310,794.35,1024.74,1,W,5,N
313,812.01,1025.04,1,W,5,N
315,814.98,1025.34,1,W,5,N
317,831.99,1025.64,1,W,5,N
321,852.47,1025.94,1,W,5,N
389,806.25,1026.24,1,E,5,N
391,828.67,1026.54,1,E,5,N
395,869.91,1026.84,1,E,5,N
396,870.93,1027.14,1,E,5,N
397,889.10,1027.44,1,E,5,N
185,844.30,1098.90,1,S,5,W
195,895.64,1099.20,1,S,5,W
323,880.40,1099.50,1,W,5,W
324,889.85,1099.80,1,W,5,W
186,845.00,1121.04,1,S,5,N
189,850.30,1121.34,1,S,5,N
193,854.62,1121.64,1,S,5,N
194,860.09,1121.94,1,S,5,N
322,877.25,1122.24,1,W,5,N
325,891.17,1122.54,1,W,5,N
326,898.31,1122.84,1,W,5,N