id,enter_time,exit_time,entrance_intersection,entrance_direction,exit_intersection,exit_direction
465,1.95,66.14,5,W,5,N
466,2.04,66.44,5,W,5,N
467,36.80,66.74,5,W,5,N
468,38.35,67.04,5,W,5,N
469,39.87,67.34,5,W,5,N
470,40.93,67.64,5,W,5,N
471,48.28,67.94,5,W,5,N
472,50.92,68.24,5,W,5,N
473,52.64,68.54,5,W,5,N
474,55.22,68.84,5,W,5,N
475,56.87,69.14,5,W,5,N
476,66.93,73.06,5,W,5,N
584,65.43,80.14,5,E,5,N
5,53.28,100.40,1,S,1,W
7,57.65,100.70,1,S,1,W
10,61.27,113.20,1,S,1,E
396,51.47,130.97,3,W,5,N
425,47.08,131.27,3,E,5,N
427,73.75,135.52,3,E,5,N
9,60.04,141.42,1,S,2,E
428,86.22,147.99,3,E,5,N
477,81.32,166.04,5,W,5,N
478,83.58,166.34,5,W,5,N
479,83.70,166.64,5,W,5,N
480,85.31,166.94,5,W,5,N
481,88.51,167.24,5,W,5,N
482,95.70,167.54,5,W,5,N
483,97.75,167.84,5,W,5,N
484,100.05,168.14,5,W,5,N
485,140.53,168.44,5,W,5,N
486,143.13,168.74,5,W,5,N
487,145.10,169.04,5,W,5,N
488,146.07,169.34,5,W,5,N
489,148.05,169.64,5,W,5,N
490,150.04,169.94,5,W,5,N
491,151.55,170.24,5,W,5,N
492,168.39,174.53,5,W,5,N
585,131.75,180.04,5,E,5,N
586,150.29,180.34,5,E,5,N
424,1.34,199.80,3,E,5,W
426,55.76,200.10,3,E,5,W
291,172.83,200.20,1,E,2,W
429,87.34,200.40,3,E,5,W
371,87.21,200.70,2,E,5,W
19,176.97,200.80,1,S,1,W
168,27.82,201.00,1,W,5,W
20,177.10,201.10,1,S,1,W
170,46.91,201.30,1,W,5,W
21,177.64,201.40,1,S,1,W
171,62.09,201.60,1,W,5,W
286,21.73,201.90,1,E,5,W
287,45.24,202.20,1,E,5,W
288,50.16,202.50,1,E,5,W
372,129.24,212.37,2,E,3,E
373,147.73,212.67,2,E,3,W
27,205.19,219.33,1,S,1,E
369,48.90,221.94,2,E,5,N
344,8.14,222.24,2,W,5,N
370,66.03,222.54,2,E,5,N
345,21.05,222.84,2,W,5,N
163,9.06,223.14,1,W,5,N
164,12.89,223.44,1,W,5,N
165,13.68,223.74,1,W,5,N
166,14.79,224.04,1,W,5,N
167,24.79,224.34,1,W,5,N
169,43.67,224.64,1,W,5,N
172,63.64,224.94,1,W,5,N
173,64.58,225.24,1,W,5,N
284,0.72,225.54,1,E,5,N
285,9.14,225.84,1,E,5,N
289,67.36,226.14,1,E,5,N
397,115.59,230.77,3,W,5,N
431,143.90,231.07,3,E,5,N
175,76.16,236.57,1,W,3,W
292,175.49,239.87,1,E,3,W
398,181.57,243.34,3,W,5,N
433,183.55,245.32,3,E,5,N
434,192.92,254.69,3,E,5,N
435,194.43,256.20,3,E,5,N
493,199.54,265.94,5,W,5,N
494,207.23,266.24,5,W,5,N
495,215.83,266.54,5,W,5,N
496,218.11,266.84,5,W,5,N
497,242.96,267.14,5,W,5,N
498,245.23,267.44,5,W,5,N
499,245.45,267.74,5,W,5,N
587,204.63,279.94,5,E,5,N
588,256.36,280.24,5,E,5,N
589,263.96,280.54,5,E,5,N
590,275.21,281.35,5,E,5,N
18,175.67,299.40,1,S,3,W
22,200.24,299.40,1,S,3,E
430,137.31,299.70,3,E,5,W
432,181.73,300.00,3,E,5,W
2,50.27,300.30,1,S,5,W
3,51.98,300.60,1,S,5,W
4,52.90,300.90,1,S,5,W
26,204.72,301.20,1,S,1,W
6,53.49,301.20,1,S,5,W
11,99.95,301.50,1,S,5,W
347,180.81,301.80,2,W,5,W
348,191.60,302.10,2,W,5,W
174,74.24,302.40,1,W,5,W
178,130.51,302.70,1,W,5,W
180,154.23,303.00,1,W,5,W
182,155.74,303.30,1,W,5,W
183,157.74,303.60,1,W,5,W
290,131.23,303.90,1,E,5,W
177,114.06,315.70,1,W,5,E
0,47.40,321.84,1,S,5,N
1,49.05,322.14,1,S,5,N
8,59.33,322.44,1,S,5,N
12,100.17,322.74,1,S,5,N
13,100.93,323.04,1,S,5,N
346,103.28,323.34,2,W,5,N
374,176.68,323.64,2,E,5,N
176,92.65,323.94,1,W,5,N
179,131.31,324.24,1,W,5,N
181,155.69,324.54,1,W,5,N
184,159.42,324.84,1,W,5,N
293,188.70,325.14,1,E,5,N
294,194.04,325.44,1,E,5,N
436,229.33,330.57,3,E,5,N
30,209.94,336.97,1,S,3,W
34,220.94,338.17,1,S,3,W
299,259.17,342.37,1,E,3,W
401,286.27,348.04,3,W,5,N
500,280.22,365.84,5,W,5,N
501,293.30,366.14,5,W,5,N
502,301.65,366.44,5,W,5,N
503,304.07,366.74,5,W,5,N
504,304.59,367.04,5,W,5,N
505,306.58,367.34,5,W,5,N
506,308.30,367.64,5,W,5,N
507,310.70,367.94,5,W,5,N
508,338.02,368.24,5,W,5,N
509,347.28,368.54,5,W,5,N
510,352.94,368.84,5,W,5,N
511,353.96,369.14,5,W,5,N
512,361.49,369.44,5,W,5,N
513,370.13,376.27,5,W,5,N
514,372.08,378.21,5,W,5,N
591,329.69,379.84,5,E,5,N
592,331.66,380.14,5,E,5,N
593,332.77,380.44,5,E,5,N
594,337.60,380.74,5,E,5,N
595,342.96,381.04,5,E,5,N
35,256.58,399.20,1,S,3,W
295,198.15,399.60,1,E,5,W
399,211.08,399.90,3,W,5,W
400,262.70,400.20,3,W,5,W
44,310.48,400.40,1,S,2,W
437,277.46,400.50,3,E,5,W
202,355.82,400.70,1,W,2,W
438,278.47,400.80,3,E,5,W
23,201.79,401.10,1,S,5,W
375,219.37,401.40,2,E,5,W
55,320.61,401.60,1,S,1,W
349,204.42,401.70,2,W,5,W
57,323.82,401.90,1,S,1,W
377,268.13,402.00,2,E,5,W
65,365.09,402.20,1,S,1,W
351,219.86,402.30,2,W,5,W
31,210.12,402.60,1,S,5,W
186,194.24,402.90,1,W,5,W
188,211.64,403.20,1,W,5,W
189,220.14,403.50,1,W,5,W
193,240.53,403.80,1,W,5,W
194,250.07,404.10,1,W,5,W
298,256.18,404.40,1,E,5,W
301,287.72,405.54,1,E,5,W
379,347.60,412.87,2,E,3,W
63,362.53,414.40,1,S,1,E
15,142.40,415.60,1,S,5,E
190,220.95,415.90,1,W,5,E
191,237.66,416.20,1,W,5,E
307,393.85,419.97,1,E,2,W
14,142.13,421.74,1,S,5,N
16,143.08,422.04,1,S,5,N
17,174.37,422.34,1,S,5,N
24,201.92,422.64,1,S,5,N
25,203.68,422.94,1,S,5,N
376,257.05,423.24,2,E,5,N
350,211.91,423.54,2,W,5,N
28,209.16,423.84,1,S,5,N
29,209.92,424.14,1,S,5,N
32,212.03,424.44,1,S,5,N
33,213.50,424.74,1,S,5,N
185,168.78,425.04,1,W,5,N
187,196.11,425.34,1,W,5,N
192,238.65,425.64,1,W,5,N
296,212.50,425.94,1,E,5,N
297,213.86,426.24,1,E,5,N
71,412.27,426.41,1,S,1,E
300,285.65,426.54,1,E,5,N
302,292.97,426.84,1,E,5,N
403,357.63,430.67,3,W,5,N
77,419.85,433.98,1,S,1,E
49,315.05,438.57,1,S,3,E
404,378.06,439.83,3,W,5,N
81,430.26,444.40,1,S,1,E
83,432.44,446.57,1,S,1,E
440,384.92,446.69,3,E,5,N
441,391.35,453.12,3,E,5,N
515,375.98,465.74,5,W,5,N
516,377.06,466.04,5,W,5,N
517,378.72,466.34,5,W,5,N
518,380.42,466.64,5,W,5,N
519,380.51,466.94,5,W,5,N
520,381.73,467.24,5,W,5,N
521,384.67,467.54,5,W,5,N
522,432.32,467.84,5,W,5,N
523,442.07,468.14,5,W,5,N
524,450.67,468.44,5,W,5,N
596,408.55,479.74,5,E,5,N
597,421.59,480.04,5,E,5,N
598,422.80,480.34,5,E,5,N
599,438.54,480.64,5,E,5,N
600,439.15,480.94,5,E,5,N
62,357.16,499.00,1,S,3,W
601,493.10,499.23,5,E,5,N
402,340.71,499.50,3,W,5,W
439,331.48,499.80,3,E,5,W
405,383.03,500.10,3,W,5,W
40,304.10,500.40,1,S,5,W
313,426.44,500.50,1,E,2,E
209,437.98,500.50,1,W,2,W
380,359.87,500.70,2,E,5,W
213,453.75,500.80,1,W,2,W
48,314.80,501.00,1,S,5,W
50,315.64,501.30,1,S,5,W
52,316.86,501.60,1,S,5,W
56,322.89,501.90,1,S,5,W
69,409.77,502.00,1,S,1,W
58,326.07,502.20,1,S,5,W
72,413.31,502.30,1,S,1,W
197,289.48,502.50,1,W,5,W
199,290.05,502.80,1,W,5,W
201,334.94,503.10,1,W,5,W
304,351.62,503.40,1,E,5,W
306,362.26,503.70,1,E,5,W
602,497.78,503.92,5,E,5,N
308,395.52,515.50,1,E,5,E
36,259.38,521.64,1,S,5,N
37,259.43,521.94,1,S,5,N
38,259.62,522.24,1,S,5,N
39,304.01,522.54,1,S,5,N
352,314.78,522.84,2,W,5,N
378,303.30,523.14,2,E,5,N
353,339.24,523.44,2,W,5,N
381,389.95,523.74,2,E,5,N
41,305.02,524.04,1,S,5,N
42,306.85,524.34,1,S,5,N
43,308.51,524.64,1,S,5,N
45,311.96,524.94,1,S,5,N
46,313.16,525.24,1,S,5,N
47,314.51,525.54,1,S,5,N
51,316.41,525.84,1,S,5,N
53,318.38,526.14,1,S,5,N
54,318.96,526.44,1,S,5,N
195,272.59,526.74,1,W,5,N
196,288.18,527.04,1,W,5,N
198,289.69,527.34,1,W,5,N
200,312.13,527.64,1,W,5,N
303,345.90,527.94,1,E,5,N
305,354.04,528.24,1,E,5,N
309,400.92,528.54,1,E,5,N
443,439.27,530.47,3,E,5,N
409,444.46,531.07,3,W,5,N
85,474.23,540.92,1,S,2,W
444,495.03,556.80,3,E,5,N
445,496.46,558.23,3,E,5,N
525,485.70,565.64,5,W,5,N
526,487.48,565.94,5,W,5,N
527,492.66,566.24,5,W,5,N
528,499.68,566.54,5,W,5,N
529,499.76,566.84,5,W,5,N
530,501.67,567.14,5,W,5,N
531,503.61,567.44,5,W,5,N
532,511.21,567.74,5,W,5,N
533,518.31,568.04,5,W,5,N
534,528.92,568.34,5,W,5,N
535,566.36,572.50,5,W,5,N
603,547.83,579.64,5,E,5,N
604,567.67,579.94,5,E,5,N
406,411.57,599.40,3,W,5,W
442,437.92,599.70,3,E,5,W
407,437.42,600.00,3,W,5,W
408,441.24,600.30,3,W,5,W
410,496.38,600.60,3,W,5,W
59,352.92,600.90,1,S,5,W
64,364.90,601.20,1,S,5,W
66,365.70,601.50,1,S,5,W
67,365.95,601.80,1,S,5,W
383,442.74,602.10,2,E,5,W
356,474.14,602.40,2,W,5,W
91,547.11,602.40,1,S,1,W
384,486.44,602.70,2,E,5,W
358,497.11,603.00,2,W,5,W
93,589.03,603.16,1,S,1,W
73,414.09,603.30,1,S,5,W
203,375.32,603.60,1,W,5,W
205,382.50,603.90,1,W,5,W
208,423.42,604.20,1,W,5,W
210,439.87,604.50,1,W,5,W
211,450.61,604.80,1,W,5,W
212,452.10,605.10,1,W,5,W
214,455.22,605.40,1,W,5,W
315,455.86,605.70,1,E,5,W
319,486.23,606.00,1,E,5,W
385,505.47,612.77,2,E,3,W
360,568.62,613.07,2,W,3,W
75,416.68,615.40,1,S,5,E
60,354.75,621.54,1,S,5,N
61,356.28,621.84,1,S,5,N
68,366.17,622.14,1,S,5,N
354,427.05,622.44,2,W,5,N
382,410.44,622.74,2,E,5,N
355,460.80,623.04,2,W,5,N
357,486.35,623.34,2,W,5,N
70,410.62,623.64,1,S,5,N
74,416.14,623.94,1,S,5,N
76,418.42,624.24,1,S,5,N
78,424.12,624.54,1,S,5,N
79,425.27,624.84,1,S,5,N
80,429.58,625.14,1,S,5,N
82,431.12,625.44,1,S,5,N
84,434.38,625.74,1,S,5,N
204,376.50,626.04,1,W,5,N
206,402.37,626.34,1,W,5,N
207,421.85,626.64,1,W,5,N
310,406.84,626.94,1,E,5,N
311,423.95,627.24,1,E,5,N
312,425.30,627.54,1,E,5,N
314,453.85,627.84,1,E,5,N
316,465.26,628.14,1,E,5,N
317,465.59,628.44,1,E,5,N
318,484.01,628.74,1,E,5,N
446,529.29,629.97,3,E,5,N
88,509.01,636.67,1,S,3,W
322,567.27,641.17,1,E,3,W
92,549.88,641.32,1,S,2,E
94,591.51,641.62,1,S,2,W
447,582.31,644.08,3,E,5,N
449,591.12,652.89,3,E,5,N
536,576.23,665.54,5,W,5,N
537,592.39,665.84,5,W,5,N
538,593.82,666.14,5,W,5,N
539,595.12,666.44,5,W,5,N
540,602.17,666.74,5,W,5,N
541,604.12,667.04,5,W,5,N
542,606.13,667.34,5,W,5,N
543,607.76,667.64,5,W,5,N
544,608.34,667.94,5,W,5,N
545,610.30,668.24,5,W,5,N
546,612.80,668.54,5,W,5,N
547,627.32,668.84,5,W,5,N
548,628.71,669.14,5,W,5,N
549,630.17,669.44,5,W,5,N
550,630.38,669.74,5,W,5,N
551,631.64,670.04,5,W,5,N
552,632.38,670.34,5,W,5,N
553,633.99,670.64,5,W,5,N
554,641.03,670.94,5,W,5,N
555,641.24,671.24,5,W,5,N
556,641.72,671.54,5,W,5,N
557,648.85,671.84,5,W,5,N
605,619.03,679.54,5,E,5,N
606,661.12,679.84,5,E,5,N
98,594.20,698.60,1,S,3,W
99,596.03,698.60,1,S,3,E
320,500.75,699.30,1,E,5,W
411,556.37,699.60,3,W,5,W
448,589.80,699.90,3,E,5,W
87,476.83,700.20,1,S,5,W
359,533.05,700.50,2,W,5,W
103,628.34,700.70,1,S,2,W
361,583.35,700.80,2,W,5,W
362,586.42,701.10,2,W,5,W
221,516.90,701.40,1,W,5,W
222,534.22,701.70,1,W,5,W
323,568.54,702.00,1,E,5,W
102,599.26,702.80,1,S,1,W
104,629.06,703.10,1,S,1,W
111,680.83,703.40,1,S,1,W
116,689.88,704.02,1,S,1,W
325,593.04,710.86,1,E,5,W
387,573.40,715.30,2,E,5,E
321,522.62,715.60,1,E,5,E
107,669.79,715.60,1,S,1,E
123,702.81,716.94,1,S,1,E
86,476.02,721.44,1,S,5,N
386,551.81,721.74,2,E,5,N
89,510.92,722.04,1,S,5,N
90,511.77,722.34,1,S,5,N
215,476.37,722.64,1,W,5,N
216,496.35,722.94,1,W,5,N
217,498.48,723.24,1,W,5,N
218,514.12,723.54,1,W,5,N
219,514.49,723.84,1,W,5,N
220,515.14,724.14,1,W,5,N
223,556.78,724.44,1,W,5,N
224,558.36,724.74,1,W,5,N
225,560.04,725.04,1,W,5,N
324,587.17,725.34,1,E,5,N
326,594.44,725.64,1,E,5,N
391,692.58,728.65,2,E,3,W
412,611.98,729.77,3,W,5,N
450,631.96,730.07,3,E,5,N
451,644.00,730.37,3,E,5,N
413,614.00,730.67,3,W,5,N
414,634.14,730.97,3,W,5,N
415,658.87,731.27,3,W,5,N
416,670.25,732.02,3,W,5,N
235,638.53,740.07,1,W,3,W
417,680.40,742.17,3,W,5,N
328,654.42,743.07,1,E,3,W
418,682.24,744.01,3,W,5,N
329,687.96,750.15,1,E,3,E
558,689.44,765.44,5,W,5,N
559,690.08,765.74,5,W,5,N
560,692.02,766.04,5,W,5,N
561,693.47,766.34,5,W,5,N
562,703.99,766.64,5,W,5,N
563,711.31,766.94,5,W,5,N
564,712.41,767.24,5,W,5,N
565,713.63,767.54,5,W,5,N
566,715.35,767.84,5,W,5,N
567,723.72,768.14,5,W,5,N
568,726.26,768.44,5,W,5,N
569,726.90,768.74,5,W,5,N
570,728.72,769.04,5,W,5,N
571,760.51,769.34,5,W,5,N
572,761.80,769.64,5,W,5,N
607,715.44,779.44,5,E,5,N
608,766.19,779.74,5,E,5,N
609,768.00,780.04,5,E,5,N
610,769.80,780.34,5,E,5,N
452,686.32,799.20,3,E,5,W
100,596.52,799.50,1,S,5,W
363,614.70,799.80,2,W,5,W
365,697.71,800.10,2,W,5,W
227,577.21,800.40,1,W,5,W
228,601.48,800.70,1,W,5,W
333,744.62,800.80,1,E,2,W
238,649.38,801.00,1,W,5,W
239,650.34,801.30,1,W,5,W
122,702.17,803.20,1,S,1,W
132,751.93,803.50,1,S,1,W
134,754.21,803.80,1,S,1,W
392,733.45,812.97,2,E,3,E
97,592.24,815.20,1,S,5,E
106,636.91,815.50,1,S,5,E
133,753.38,816.00,1,S,1,E
135,803.14,817.27,1,S,1,E
95,591.67,821.34,1,S,5,N
96,591.88,821.64,1,S,5,N
101,597.77,821.94,1,S,5,N
388,607.70,822.24,2,E,5,N
389,625.14,822.54,2,E,5,N
364,619.40,822.84,2,W,5,N
390,651.95,823.14,2,E,5,N
105,636.84,823.44,1,S,5,N
226,575.51,823.74,1,W,5,N
229,604.54,824.04,1,W,5,N
230,623.74,824.34,1,W,5,N
231,633.22,824.64,1,W,5,N
232,634.68,824.94,1,W,5,N
233,635.21,825.24,1,W,5,N
234,636.74,825.54,1,W,5,N
236,642.25,825.84,1,W,5,N
237,646.08,826.14,1,W,5,N
240,655.87,826.44,1,W,5,N
241,659.84,826.74,1,W,5,N
242,663.56,827.04,1,W,5,N
243,665.49,827.34,1,W,5,N
327,605.53,827.64,1,E,5,N
330,689.57,827.94,1,E,5,N
419,705.52,829.57,3,W,5,N
144,815.67,829.80,1,S,1,E
420,725.32,829.87,3,W,5,N
456,746.55,830.47,3,E,5,N
459,771.30,833.07,3,E,5,N
331,706.69,841.97,1,E,3,E
460,781.18,842.95,3,E,5,N
421,791.95,853.72,3,W,5,N
573,776.77,865.34,5,W,5,N
574,786.32,865.64,5,W,5,N
575,796.03,865.94,5,W,5,N
576,798.80,866.24,5,W,5,N
577,799.89,866.54,5,W,5,N
578,801.09,866.84,5,W,5,N
579,826.28,867.14,5,W,5,N
580,826.49,867.44,5,W,5,N
581,833.74,867.74,5,W,5,N
582,861.10,868.04,5,W,5,N
611,819.20,879.34,5,E,5,N
612,861.18,879.64,5,E,5,N
126,741.06,898.20,1,S,3,E
453,728.67,899.10,3,E,5,W
454,743.41,899.40,3,E,5,W
455,745.04,899.70,3,E,5,W
457,747.66,900.00,3,E,5,W
458,756.68,900.30,3,E,5,W
461,782.26,900.60,3,E,5,W
110,679.67,900.90,1,S,5,W
148,818.67,900.90,1,S,2,W
139,809.43,900.90,1,S,2,E
118,695.61,901.20,1,S,5,W
119,697.51,901.50,1,S,5,W
121,701.08,901.80,1,S,5,W
366,795.94,902.10,2,W,5,W
125,739.21,902.40,1,S,5,W
248,717.65,902.70,1,W,5,W
253,739.91,903.00,1,W,5,W
254,741.06,903.30,1,W,5,W
255,742.12,903.60,1,W,5,W
140,811.19,903.60,1,S,1,W
258,765.20,903.90,1,W,5,W
142,814.50,903.90,1,S,1,W
332,735.49,904.20,1,E,5,W
145,817.39,904.20,1,S,1,W
152,830.71,904.50,1,S,1,W
155,834.28,904.80,1,S,1,W
162,868.35,905.10,1,S,1,W
368,834.11,913.37,2,W,3,E
393,768.02,915.10,2,E,5,E
247,701.91,915.40,1,W,5,E
252,738.63,915.70,1,W,5,E
158,862.53,916.40,1,S,1,E
108,677.02,921.24,1,S,5,N
109,677.31,921.54,1,S,5,N
112,682.44,921.84,1,S,5,N
113,683.16,922.14,1,S,5,N
114,687.06,922.44,1,S,5,N
115,688.54,922.74,1,S,5,N
117,695.19,923.04,1,S,5,N
120,699.41,923.34,1,S,5,N
124,704.26,923.64,1,S,5,N
244,668.54,923.94,1,W,5,N
245,683.96,924.24,1,W,5,N
246,684.99,924.54,1,W,5,N
249,724.76,924.84,1,W,5,N
250,735.21,925.14,1,W,5,N
251,736.95,925.44,1,W,5,N
256,743.23,925.74,1,W,5,N
257,744.44,926.04,1,W,5,N
259,766.33,926.34,1,W,5,N
334,750.38,926.64,1,E,5,N
335,768.49,926.94,1,E,5,N
462,800.92,929.37,3,E,5,N
464,855.67,929.97,3,E,5,N
147,817.46,938.47,1,S,3,E
276,833.18,945.07,1,W,3,E
278,836.80,945.67,1,W,3,E
338,842.31,947.77,1,E,3,W
583,899.47,965.24,5,W,5,N
422,821.36,999.00,3,W,5,W
463,854.12,999.30,3,E,5,W
423,890.15,999.60,3,W,5,W
131,747.51,999.90,1,S,5,W
367,806.31,1000.20,2,W,5,W
395,859.37,1000.50,2,E,5,W
137,806.59,1000.80,1,S,5,W
143,815.49,1001.10,1,S,5,W
150,821.41,1001.40,1,S,5,W
151,822.88,1001.70,1,S,5,W
153,831.88,1002.00,1,S,5,W
154,832.52,1002.30,1,S,5,W
266,783.36,1002.60,1,W,5,W
271,805.92,1002.90,1,W,5,W
273,821.05,1003.20,1,W,5,W
274,824.80,1003.50,1,W,5,W
277,835.87,1003.80,1,W,5,W
336,807.95,1004.10,1,E,5,W
341,867.76,1004.31,1,E,5,W
141,813.11,1015.00,1,S,5,E
149,821.09,1015.30,1,S,5,E
263,776.88,1015.60,1,W,5,E
127,744.11,1021.14,1,S,5,N
128,746.37,1021.44,1,S,5,N
129,746.46,1021.74,1,S,5,N
130,746.76,1022.04,1,S,5,N
136,804.88,1022.34,1,S,5,N
394,811.24,1022.64,2,E,5,N
138,809.25,1022.94,1,S,5,N
146,817.39,1023.24,1,S,5,N
260,772.13,1023.54,1,W,5,N
261,773.45,1023.84,1,W,5,N
262,775.27,1024.14,1,W,5,N
264,780.08,1024.44,1,W,5,N
265,781.75,1024.74,1,W,5,N
267,785.24,1025.04,1,W,5,N
268,786.65,1025.34,1,W,5,N
269,787.31,1025.64,1,W,5,N
270,789.18,1025.94,1,W,5,N
272,807.16,1026.24,1,W,5,N
275,833.01,1026.54,1,W,5,N
279,857.49,1026.84,1,W,5,N
280,861.19,1027.14,1,W,5,N
281,862.99,1027.44,1,W,5,N
282,864.48,1027.74,1,W,5,N
337,839.15,1028.04,1,E,5,N
339,844.12,1028.34,1,E,5,N
340,863.64,1028.64,1,E,5,N
342,887.00,1028.94,1,E,5,N
343,895.64,1029.24,1,E,5,N
160,865.22,1098.90,1,S,5,W
283,884.24,1114.90,1,W,5,E
156,860.62,1121.04,1,S,5,N
157,861.78,1121.34,1,S,5,N
159,864.35,1121.64,1,S,5,N
161,866.51,1121.94,1,S,5,N