id,enter_time,exit_time,entrance_intersection,entrance_direction,exit_intersection,exit_direction
6,13.62,27.76,1,S,1,E
9,15.50,29.64,1,S,1,E
19,31.48,45.61,1,S,1,E
21,34.48,48.62,1,S,1,E
579,2.15,66.14,5,W,5,N
580,10.54,66.44,5,W,5,N
581,16.83,66.74,5,W,5,N
582,17.33,67.04,5,W,5,N
583,19.07,67.34,5,W,5,N
584,66.75,72.88,5,W,5,N
585,67.26,73.40,5,W,5,N
586,68.84,74.98,5,W,5,N
587,70.65,76.79,5,W,5,N
588,71.86,77.99,5,W,5,N
689,54.40,80.14,5,E,5,N
690,55.56,80.44,5,E,5,N
691,61.83,80.74,5,E,5,N
692,62.18,81.04,5,E,5,N
693,71.18,81.34,5,E,5,N
262,24.13,100.10,1,W,2,E
3,8.11,100.40,1,S,1,W
8,14.79,100.70,1,S,1,W
10,16.76,101.00,1,S,1,W
11,17.95,101.30,1,S,1,W
28,73.41,101.60,1,S,1,W
32,79.02,101.90,1,S,1,W
38,88.13,102.26,1,S,1,W
39,89.77,103.91,1,S,1,W
43,92.01,106.14,1,S,1,W
44,94.26,108.40,1,S,1,W
507,72.29,127.93,3,W,5,E
538,7.86,131.27,3,E,5,N
506,57.35,131.57,3,W,5,N
541,72.15,133.92,3,E,5,N
508,74.96,136.73,3,W,5,N
264,29.18,141.87,1,W,3,E
589,74.03,166.04,5,W,5,N
590,75.59,166.34,5,W,5,N
591,75.89,166.64,5,W,5,N
592,77.13,166.94,5,W,5,N
593,85.70,167.24,5,W,5,N
594,93.18,167.54,5,W,5,N
595,95.91,167.84,5,W,5,N
596,121.85,168.14,5,W,5,N
597,130.21,168.44,5,W,5,N
598,132.09,168.74,5,W,5,N
599,140.11,169.04,5,W,5,N
600,141.68,169.34,5,W,5,N
601,143.83,169.64,5,W,5,N
602,152.62,169.94,5,W,5,N
603,153.89,170.24,5,W,5,N
604,155.06,170.54,5,W,5,N
605,162.95,170.84,5,W,5,N
606,164.31,171.14,5,W,5,N
694,144.47,180.04,5,E,5,N
36,85.65,199.60,1,S,3,W
41,90.85,199.60,1,S,3,E
505,6.97,199.80,3,W,5,W
45,97.80,199.90,1,S,3,E
537,1.14,200.10,3,E,5,W
58,117.37,200.20,1,S,2,W
60,120.63,200.20,1,S,2,E
539,64.83,200.40,3,E,5,W
69,130.93,200.50,1,S,2,W
73,133.75,200.50,1,S,2,E
540,70.23,200.70,3,E,5,W
51,101.42,200.80,1,S,1,W
509,81.35,201.00,3,W,5,W
54,108.50,201.10,1,S,1,W
0,1.14,201.30,1,S,5,W
59,119.48,201.40,1,S,1,W
459,4.74,201.60,2,W,5,W
61,121.59,201.70,1,S,1,W
460,19.71,201.90,2,W,5,W
67,127.32,202.00,1,S,1,W
484,93.78,202.20,2,E,5,W
68,129.12,202.30,1,S,1,W
4,10.80,202.50,1,S,5,W
80,174.33,202.60,1,S,1,W
7,14.54,202.80,1,S,5,W
84,181.90,202.90,1,S,1,W
12,17.98,203.10,1,S,5,W
17,24.50,203.40,1,S,5,W
20,32.87,203.70,1,S,5,W
260,13.13,204.00,1,W,5,W
265,34.70,204.30,1,W,5,W
268,53.40,204.60,1,W,5,W
269,54.52,204.90,1,W,5,W
390,11.62,205.20,1,E,5,W
392,19.42,205.50,1,E,5,W
393,24.85,205.80,1,E,5,W
395,38.79,206.10,1,E,5,W
1,1.77,221.94,1,S,5,N
483,49.05,222.24,2,E,5,N
461,97.61,222.54,2,W,5,N
2,4.56,222.84,1,S,5,N
5,11.01,223.14,1,S,5,N
13,18.96,223.44,1,S,5,N
14,20.71,223.74,1,S,5,N
15,22.43,224.04,1,S,5,N
16,24.40,224.34,1,S,5,N
18,26.16,224.64,1,S,5,N
22,35.29,224.94,1,S,5,N
23,36.02,225.24,1,S,5,N
24,36.09,225.54,1,S,5,N
259,9.20,225.84,1,W,5,N
261,22.91,226.14,1,W,5,N
263,25.93,226.44,1,W,5,N
266,35.55,226.74,1,W,5,N
267,37.37,227.04,1,W,5,N
389,10.30,227.34,1,E,5,N
391,14.49,227.64,1,E,5,N
394,37.26,227.94,1,E,5,N
396,58.42,228.24,1,E,5,N
397,77.43,228.54,1,E,5,N
398,91.76,228.84,1,E,5,N
399,93.33,229.14,1,E,5,N
542,111.03,230.77,3,E,5,N
511,155.14,231.07,3,W,5,N
544,122.87,231.37,3,E,5,N
545,168.57,231.67,3,E,5,N
546,179.37,241.14,3,E,5,N
276,111.00,243.17,1,W,3,E
282,131.81,244.97,1,W,3,W
87,232.49,246.63,1,S,1,E
89,233.86,248.00,1,S,1,E
607,174.44,265.94,5,W,5,N
608,176.70,266.24,5,W,5,N
609,178.66,266.54,5,W,5,N
610,179.95,266.84,5,W,5,N
611,196.45,267.14,5,W,5,N
612,204.11,267.44,5,W,5,N
613,205.51,267.74,5,W,5,N
614,205.87,268.04,5,W,5,N
615,238.83,268.34,5,W,5,N
616,269.96,276.09,5,W,5,N
617,271.16,277.29,5,W,5,N
618,271.49,277.62,5,W,5,N
695,218.67,279.94,5,E,5,N
696,266.10,280.24,5,E,5,N
697,284.81,290.94,5,E,5,N
698,286.54,292.68,5,E,5,N
510,150.77,299.70,3,W,5,W
543,112.05,300.00,3,E,5,W
512,184.40,300.30,3,W,5,W
513,188.77,300.60,3,W,5,W
26,71.80,300.90,1,S,5,W
88,233.58,301.20,1,S,1,W
27,72.58,301.20,1,S,5,W
90,268.50,301.50,1,S,1,W
29,75.17,301.50,1,S,5,W
91,269.18,301.80,1,S,1,W
30,76.54,301.80,1,S,5,W
34,83.02,302.10,1,S,5,W
40,89.79,302.40,1,S,5,W
49,100.27,302.70,1,S,5,W
487,189.72,303.00,2,E,5,W
52,102.57,303.30,1,S,5,W
53,103.05,303.60,1,S,5,W
62,123.11,303.90,1,S,5,W
66,127.23,304.20,1,S,5,W
273,88.45,304.50,1,W,5,W
275,90.06,304.80,1,W,5,W
277,114.34,305.10,1,W,5,W
280,119.16,305.40,1,W,5,W
281,119.55,305.70,1,W,5,W
286,134.67,306.00,1,W,5,W
401,155.87,306.30,1,E,5,W
466,254.86,313.37,2,W,3,W
98,280.85,314.00,1,S,1,E
486,159.82,315.70,2,E,5,E
55,109.73,316.00,1,S,5,E
271,86.69,316.30,1,W,5,E
25,70.59,321.84,1,S,5,N
31,77.34,322.14,1,S,5,N
33,79.68,322.44,1,S,5,N
35,84.52,322.74,1,S,5,N
37,87.19,323.04,1,S,5,N
42,91.90,323.34,1,S,5,N
46,98.73,323.64,1,S,5,N
47,100.08,323.94,1,S,5,N
48,100.23,324.24,1,S,5,N
485,134.30,324.54,2,E,5,N
462,133.39,324.84,2,W,5,N
50,101.26,325.14,1,S,5,N
56,111.10,325.44,1,S,5,N
57,111.67,325.74,1,S,5,N
63,123.46,326.04,1,S,5,N
64,124.90,326.34,1,S,5,N
65,126.88,326.64,1,S,5,N
70,132.09,326.94,1,S,5,N
71,132.34,327.24,1,S,5,N
72,132.79,327.54,1,S,5,N
74,135.57,327.84,1,S,5,N
75,136.75,328.14,1,S,5,N
76,137.13,328.44,1,S,5,N
270,80.24,328.74,1,W,5,N
272,88.23,329.04,1,W,5,N
274,90.04,329.34,1,W,5,N
278,115.61,329.64,1,W,5,N
279,117.73,329.94,1,W,5,N
283,132.97,330.24,1,W,5,N
284,132.98,330.54,1,W,5,N
285,134.66,330.84,1,W,5,N
287,136.66,331.14,1,W,5,N
288,145.42,331.44,1,W,5,N
400,101.88,331.74,1,E,5,N
402,156.95,332.04,1,E,5,N
403,160.83,332.34,1,E,5,N
547,232.99,332.64,3,E,5,N
514,255.58,332.94,3,W,5,N
548,248.83,333.24,3,E,5,N
549,255.86,333.54,3,E,5,N
96,278.40,341.32,1,S,2,W
409,248.96,342.07,1,E,3,W
116,336.97,351.11,1,S,1,E
619,286.20,365.84,5,W,5,N
620,287.40,366.14,5,W,5,N
621,289.63,366.44,5,W,5,N
622,294.06,366.74,5,W,5,N
623,337.14,367.04,5,W,5,N
624,338.70,367.34,5,W,5,N
625,338.94,367.64,5,W,5,N
626,341.61,367.94,5,W,5,N
627,348.61,368.24,5,W,5,N
628,358.70,368.54,5,W,5,N
629,367.01,373.15,5,W,5,N
630,368.95,375.08,5,W,5,N
631,371.69,377.83,5,W,5,N
699,314.56,379.84,5,E,5,N
700,380.20,386.34,5,E,5,N
701,386.06,392.19,5,E,5,N
702,387.77,393.90,5,E,5,N
703,391.08,397.22,5,E,5,N
704,391.09,397.22,5,E,5,N
404,200.11,399.60,1,E,5,W
550,257.50,399.90,3,E,5,W
77,169.35,400.20,1,S,5,W
313,338.88,400.40,1,W,2,W
117,337.40,400.40,1,S,2,E
79,172.63,400.50,1,S,5,W
83,178.19,400.80,1,S,5,W
85,230.58,401.10,1,S,5,W
86,231.68,401.40,1,S,5,W
108,323.38,401.60,1,S,1,W
290,192.96,401.70,1,W,5,W
112,328.18,401.90,1,S,1,W
291,196.62,402.00,1,W,5,W
120,338.87,402.20,1,S,1,W
293,199.93,402.30,1,W,5,W
298,242.17,402.60,1,W,5,W
299,261.30,402.90,1,W,5,W
408,245.04,403.20,1,E,5,W
465,243.03,415.60,2,W,5,E
411,269.02,415.90,1,E,5,E
78,171.23,421.74,1,S,5,N
81,176.26,422.04,1,S,5,N
82,177.52,422.34,1,S,5,N
488,236.62,422.64,2,E,5,N
463,216.00,422.94,2,W,5,N
489,261.93,423.24,2,E,5,N
464,229.69,423.54,2,W,5,N
490,292.84,423.84,2,E,5,N
289,167.49,424.14,1,W,5,N
292,198.55,424.44,1,W,5,N
516,355.74,424.53,3,W,5,E
294,201.00,424.74,1,W,5,N
295,218.23,425.04,1,W,5,N
296,221.15,425.34,1,W,5,N
297,240.41,425.64,1,W,5,N
300,262.98,425.94,1,W,5,N
301,264.21,426.24,1,W,5,N
405,210.88,426.54,1,E,5,N
406,215.39,426.84,1,E,5,N
407,226.24,427.14,1,E,5,N
410,251.95,427.44,1,E,5,N
412,278.51,427.74,1,E,5,N
413,281.87,428.04,1,E,5,N
414,287.40,428.34,1,E,5,N
415,289.00,428.64,1,E,5,N
551,299.89,430.37,3,E,5,N
552,301.04,430.67,3,E,5,N
553,302.27,430.97,3,E,5,N
517,356.36,431.27,3,W,5,N
554,303.40,431.57,3,E,5,N
555,317.32,431.87,3,E,5,N
556,355.33,432.17,3,E,5,N
114,330.88,438.87,1,S,3,W
115,335.53,439.17,1,S,3,E
307,283.22,441.27,1,W,3,E
632,421.65,465.74,5,W,5,N
633,453.13,466.04,5,W,5,N
634,465.76,471.90,5,W,5,N
635,472.23,478.36,5,W,5,N
705,433.62,479.74,5,E,5,N
706,452.87,480.04,5,E,5,N
707,471.26,480.34,5,E,5,N
515,329.09,499.50,3,W,5,W
518,363.19,499.80,3,W,5,W
557,357.10,500.10,3,E,5,W
97,279.29,500.40,1,S,5,W
425,439.03,500.50,1,E,2,W
429,451.98,500.50,1,E,2,E
708,494.40,500.54,5,E,5,N
100,284.00,500.70,1,S,5,W
427,443.12,500.80,1,E,2,W
467,334.97,501.00,2,W,5,W
491,341.98,501.30,2,E,5,W
492,369.34,501.60,2,E,5,W
105,319.01,501.90,1,S,5,W
709,496.03,502.17,5,E,5,N
118,337.53,502.20,1,S,5,W
304,269.57,502.50,1,W,5,W
306,272.42,502.80,1,W,5,W
309,308.36,503.10,1,W,5,W
310,309.92,503.40,1,W,5,W
312,336.93,503.70,1,W,5,W
315,357.00,504.00,1,W,5,W
416,303.16,504.30,1,E,5,W
419,317.96,504.60,1,E,5,W
421,328.64,504.90,1,E,5,W
135,495.39,509.53,1,S,1,W
136,497.35,511.48,1,S,1,W
111,326.33,515.50,1,S,5,E
308,298.37,515.80,1,W,5,E
92,274.88,521.64,1,S,5,N
93,276.64,521.94,1,S,5,N
94,277.53,522.24,1,S,5,N
95,277.96,522.54,1,S,5,N
99,282.74,522.84,1,S,5,N
101,287.08,523.14,1,S,5,N
102,289.77,523.44,1,S,5,N
103,291.47,523.74,1,S,5,N
468,345.66,524.04,2,W,5,N
104,316.47,524.34,1,S,5,N
106,320.94,524.64,1,S,5,N
107,322.51,524.94,1,S,5,N
109,324.23,525.24,1,S,5,N
110,324.58,525.54,1,S,5,N
113,329.74,525.84,1,S,5,N
302,266.09,526.14,1,W,5,N
303,268.06,526.44,1,W,5,N
305,271.11,526.74,1,W,5,N
311,326.06,527.04,1,W,5,N
314,340.48,527.34,1,W,5,N
417,305.79,527.64,1,E,5,N
418,314.98,527.94,1,E,5,N
420,323.44,528.24,1,E,5,N
422,392.23,528.54,1,E,5,N
558,408.23,530.17,3,E,5,N
519,426.86,530.47,3,W,5,N
520,433.15,530.77,3,W,5,N
559,455.84,531.07,3,E,5,N
560,468.04,531.37,3,E,5,N
317,379.33,538.37,1,W,3,W
134,493.41,543.02,1,S,2,W
636,498.02,565.64,5,W,5,N
637,499.39,565.94,5,W,5,N
638,504.16,566.24,5,W,5,N
639,511.61,566.54,5,W,5,N
640,512.10,566.84,5,W,5,N
641,535.73,567.14,5,W,5,N
642,555.70,567.44,5,W,5,N
643,558.40,567.74,5,W,5,N
644,559.27,568.04,5,W,5,N
645,560.15,568.34,5,W,5,N
646,570.76,576.89,5,W,5,N
647,571.68,577.81,5,W,5,N
710,501.99,579.64,5,E,5,N
711,514.85,579.94,5,E,5,N
712,588.41,594.54,5,E,5,N
713,590.34,596.48,5,E,5,N
521,452.40,599.40,3,W,5,W
561,469.47,599.70,3,E,5,W
316,366.11,600.00,1,W,5,W
322,394.25,600.30,1,W,5,W
323,395.46,600.60,1,W,5,W
330,483.72,600.60,1,W,2,E
325,424.59,600.90,1,W,5,W
437,567.11,600.90,1,E,2,E
141,500.71,602.40,1,S,1,W
142,501.60,602.70,1,S,1,W
147,549.60,603.00,1,S,1,W
151,583.86,603.30,1,S,1,W
159,594.84,608.98,1,S,1,W
156,590.83,615.20,1,S,1,E
119,338.53,615.40,1,S,5,E
423,401.17,621.54,1,E,5,N
121,371.20,621.84,1,S,5,N
493,413.78,622.14,2,E,5,N
470,476.33,622.44,2,W,5,N
469,443.58,622.74,2,W,5,N
494,460.08,623.04,2,E,5,N
122,405.32,623.34,1,S,5,N
123,406.61,623.64,1,S,5,N
124,406.65,623.94,1,S,5,N
563,532.04,624.13,3,E,5,E
125,407.57,624.24,1,S,5,N
126,437.66,624.54,1,S,5,N
318,380.42,624.84,1,W,5,N
319,380.69,625.14,1,W,5,N
320,384.61,625.44,1,W,5,N
321,386.01,625.74,1,W,5,N
324,404.55,626.04,1,W,5,N
326,438.23,626.34,1,W,5,N
327,454.75,626.64,1,W,5,N
328,456.58,626.94,1,W,5,N
424,437.25,627.24,1,E,5,N
426,440.88,627.54,1,E,5,N
428,449.10,627.84,1,E,5,N
430,460.56,628.14,1,E,5,N
431,460.80,628.44,1,E,5,N
432,464.54,628.74,1,E,5,N
433,468.12,629.04,1,E,5,N
434,478.14,629.34,1,E,5,N
565,547.59,630.87,3,E,5,N
329,466.95,636.67,1,W,3,E
331,484.78,636.97,1,W,3,E
524,576.77,638.54,3,W,5,N
439,573.46,640.57,1,E,3,E
158,592.85,644.92,1,S,2,W
441,600.37,662.56,1,E,3,W
648,581.30,665.54,5,W,5,N
649,617.70,665.84,5,W,5,N
650,619.00,666.14,5,W,5,N
651,621.73,666.44,5,W,5,N
652,623.29,666.74,5,W,5,N
653,623.48,667.04,5,W,5,N
654,624.23,667.34,5,W,5,N
655,625.66,667.64,5,W,5,N
656,626.75,667.94,5,W,5,N
657,651.18,668.24,5,W,5,N
658,653.21,668.54,5,W,5,N
659,663.48,669.62,5,W,5,N
660,665.38,671.52,5,W,5,N
714,612.58,679.54,5,E,5,N
715,618.33,679.84,5,E,5,N
716,636.69,680.14,5,E,5,N
717,637.21,680.44,5,E,5,N
718,689.82,695.95,5,E,5,N
562,522.68,699.30,3,E,5,W
522,519.62,699.60,3,W,5,W
564,537.99,699.90,3,E,5,W
566,563.64,700.20,3,E,5,W
523,572.48,700.50,3,W,5,W
181,637.56,700.70,1,S,2,W
350,631.36,700.70,1,W,2,E
525,582.70,700.80,3,W,5,W
435,501.04,701.10,1,E,5,W
128,440.46,701.40,1,S,5,W
131,490.46,701.70,1,S,5,W
138,498.55,702.00,1,S,5,W
495,507.65,702.30,2,E,5,W
472,571.21,702.60,2,W,5,W
167,612.43,702.80,1,S,1,W
335,498.23,702.90,1,W,5,W
168,613.73,703.10,1,S,1,W
440,573.55,703.20,1,E,5,W
170,616.58,703.40,1,S,1,W
171,616.92,703.70,1,S,1,W
172,617.54,704.00,1,S,1,W
184,643.36,704.30,1,S,1,W
198,697.43,711.57,1,S,1,W
127,438.88,715.30,1,S,5,E
497,571.07,715.60,2,E,5,E
197,697.12,715.60,1,S,1,E
332,486.19,715.90,1,W,5,E
129,487.87,721.44,1,S,5,N
130,489.17,721.74,1,S,5,N
132,491.20,722.04,1,S,5,N
133,493.37,722.34,1,S,5,N
137,497.94,722.64,1,S,5,N
139,499.58,722.94,1,S,5,N
140,499.95,723.24,1,S,5,N
471,560.96,723.54,2,W,5,N
496,549.52,723.84,2,E,5,N
333,497.48,724.14,1,W,5,N
334,498.18,724.44,1,W,5,N
336,499.26,724.74,1,W,5,N
337,510.36,725.04,1,W,5,N
338,522.65,725.34,1,W,5,N
339,526.52,725.64,1,W,5,N
340,548.19,725.94,1,W,5,N
436,564.14,726.24,1,E,5,N
438,569.55,726.54,1,E,5,N
567,622.43,729.77,3,E,5,N
526,643.45,730.07,3,W,5,N
346,591.84,743.07,1,W,3,E
202,729.45,743.59,1,S,1,E
354,650.29,745.17,1,W,3,E
355,666.78,745.47,1,W,3,W
442,602.40,745.77,1,E,3,W
569,690.62,746.26,3,E,5,E
661,675.05,765.44,5,W,5,N
662,676.99,765.74,5,W,5,N
663,677.20,766.04,5,W,5,N
664,677.22,766.34,5,W,5,N
665,691.68,766.64,5,W,5,N
666,704.64,766.94,5,W,5,N
667,705.13,767.24,5,W,5,N
668,705.71,767.54,5,W,5,N
669,706.48,767.84,5,W,5,N
670,708.46,768.14,5,W,5,N
671,736.10,768.44,5,W,5,N
672,738.51,768.74,5,W,5,N
673,754.73,769.04,5,W,5,N
674,756.25,769.34,5,W,5,N
675,757.26,769.64,5,W,5,N
719,710.64,779.44,5,E,5,N
720,711.17,779.74,5,E,5,N
721,720.17,780.04,5,E,5,N
722,721.27,780.34,5,E,5,N
723,722.65,780.64,5,E,5,N
724,722.71,780.94,5,E,5,N
725,723.89,781.24,5,E,5,N
726,770.07,781.54,5,E,5,N
186,646.81,798.40,1,S,3,E
568,635.59,799.20,3,E,5,W
145,548.86,799.50,1,S,5,W
146,549.22,799.80,1,S,5,W
150,553.22,800.10,1,S,5,W
157,591.13,800.40,1,S,5,W
473,608.72,800.70,2,W,5,W
360,714.43,800.80,1,W,2,W
499,663.40,801.00,2,E,5,W
162,599.17,801.30,1,S,5,W
164,608.05,801.60,1,S,5,W
166,610.86,801.90,1,S,5,W
175,629.24,802.20,1,S,5,W
182,638.97,802.50,1,S,5,W
341,567.20,802.80,1,W,5,W
199,725.37,803.20,1,S,1,W
200,728.07,803.50,1,S,1,W
203,730.16,803.80,1,S,1,W
205,731.35,804.10,1,S,1,W
216,790.52,804.66,1,S,1,W
218,791.88,806.02,1,S,1,W
219,792.12,806.25,1,S,1,W
221,793.86,808.00,1,S,1,W
445,690.33,808.15,1,E,5,W
161,597.71,815.20,1,S,5,E
174,621.79,815.50,1,S,5,E
211,739.77,816.00,1,S,1,E
143,540.28,821.34,1,S,5,N
144,542.90,821.64,1,S,5,N
148,551.03,821.94,1,S,5,N
149,551.78,822.24,1,S,5,N
152,585.88,822.54,1,S,5,N
153,587.31,822.84,1,S,5,N
154,588.92,823.14,1,S,5,N
155,588.95,823.44,1,S,5,N
160,596.34,823.74,1,S,5,N
498,616.19,824.04,2,E,5,N
474,618.88,824.34,2,W,5,N
475,631.59,824.64,2,W,5,N
476,644.34,824.94,2,W,5,N
163,606.96,825.24,1,S,5,N
165,609.09,825.54,1,S,5,N
169,614.76,825.84,1,S,5,N
173,617.99,826.14,1,S,5,N
176,629.98,826.44,1,S,5,N
177,630.84,826.74,1,S,5,N
178,631.52,827.04,1,S,5,N
179,635.48,827.34,1,S,5,N
180,635.78,827.64,1,S,5,N
342,586.46,827.94,1,W,5,N
343,587.52,828.24,1,W,5,N
344,588.55,828.54,1,W,5,N
345,590.37,828.84,1,W,5,N
347,611.18,829.14,1,W,5,N
348,613.40,829.44,1,W,5,N
349,629.52,829.74,1,W,5,N
351,634.12,830.04,1,W,5,N
352,637.75,830.34,1,W,5,N
353,641.02,830.64,1,W,5,N
443,644.24,830.94,1,E,5,N
444,646.18,831.24,1,E,5,N
570,721.17,831.54,3,E,5,N
571,768.46,831.84,3,E,5,N
368,747.26,842.27,1,W,3,E
676,788.44,865.34,5,W,5,N
677,789.62,865.64,5,W,5,N
678,828.89,865.94,5,W,5,N
679,830.06,866.24,5,W,5,N
680,843.36,866.54,5,W,5,N
681,847.42,866.84,5,W,5,N
682,848.79,867.14,5,W,5,N
683,862.33,868.47,5,W,5,N
684,863.76,869.89,5,W,5,N
685,863.83,869.97,5,W,5,N
727,838.84,879.34,5,E,5,N
527,707.72,899.10,3,W,5,W
528,759.87,899.40,3,W,5,W
572,781.75,899.70,3,E,5,W
185,645.10,900.00,1,S,5,W
191,685.37,900.30,1,S,5,W
192,686.88,900.60,1,S,5,W
194,693.72,900.90,1,S,5,W
374,773.64,900.90,1,W,2,W
196,696.88,901.20,1,S,5,W
376,776.96,901.20,1,W,2,W
477,722.07,901.50,2,W,5,W
384,854.30,901.50,1,W,2,W
500,705.29,901.80,2,E,5,W
478,733.23,902.10,2,W,5,W
501,752.34,902.40,2,E,5,W
206,731.42,902.70,1,S,5,W
208,732.19,903.00,1,S,5,W
210,737.96,903.30,1,S,5,W
358,692.63,903.60,1,W,5,W
227,842.43,903.60,1,S,1,W
361,715.82,903.90,1,W,5,W
231,848.24,903.90,1,S,1,W
363,735.89,904.20,1,W,5,W
235,857.47,904.20,1,S,1,W
364,743.01,904.50,1,W,5,W
236,858.76,904.50,1,S,1,W
371,764.38,904.80,1,W,5,W
242,870.47,904.80,1,S,1,W
246,877.60,905.10,1,S,1,W
250,880.73,905.40,1,S,1,W
254,884.66,905.70,1,S,1,W
454,791.24,909.07,1,E,5,W
188,652.50,915.10,1,S,5,E
357,690.93,915.40,1,W,5,E
446,700.64,921.24,1,E,5,N
183,640.62,921.54,1,S,5,N
187,647.51,921.84,1,S,5,N
189,652.66,922.14,1,S,5,N
190,652.68,922.44,1,S,5,N
193,692.37,922.74,1,S,5,N
195,695.20,923.04,1,S,5,N
479,743.98,923.34,2,W,5,N
502,766.17,923.64,2,E,5,N
480,758.38,923.94,2,W,5,N
201,729.29,924.24,1,S,5,N
204,730.53,924.54,1,S,5,N
207,731.62,924.84,1,S,5,N
535,861.03,925.03,3,W,5,E
209,732.26,925.14,1,S,5,N
356,682.58,925.44,1,W,5,N
359,694.56,925.74,1,W,5,N
362,717.07,926.04,1,W,5,N
365,744.65,926.34,1,W,5,N
366,745.34,926.64,1,W,5,N
367,745.83,926.94,1,W,5,N
369,761.65,927.24,1,W,5,N
370,763.09,927.54,1,W,5,N
447,723.96,927.84,1,E,5,N
448,725.30,928.14,1,E,5,N
449,725.87,928.44,1,E,5,N
450,743.32,928.74,1,E,5,N
451,760.08,929.04,1,E,5,N
452,761.13,929.34,1,E,5,N
453,771.40,929.64,1,E,5,N
573,824.77,929.94,3,E,5,N
574,838.21,930.24,3,E,5,N
575,850.62,930.54,3,E,5,N
531,824.09,930.84,3,W,5,N
532,827.53,931.14,3,W,5,N
534,836.01,931.44,3,W,5,N
229,845.02,943.72,1,S,2,W
577,882.44,944.21,3,E,5,N
232,849.07,944.32,1,S,2,W
536,886.84,948.61,3,W,5,N
578,897.16,952.79,3,E,5,E
686,880.95,965.24,5,W,5,N
687,887.77,965.54,5,W,5,N
688,897.91,965.84,5,W,5,N
529,819.32,999.00,3,W,5,W
530,823.25,999.30,3,W,5,W
576,865.87,999.60,3,E,5,W
533,831.81,999.90,3,W,5,W
213,785.44,1000.20,1,S,5,W
481,857.54,1000.50,2,W,5,W
373,772.31,1000.80,1,W,5,W
244,875.90,1001.00,1,S,2,W
375,775.25,1001.10,1,W,5,W
247,877.62,1001.30,1,S,2,W
377,801.39,1001.40,1,W,5,W
379,821.92,1001.70,1,W,5,W
381,829.45,1002.00,1,W,5,W
382,830.13,1002.30,1,W,5,W
383,852.88,1002.60,1,W,5,W
456,856.27,1002.90,1,E,5,W
457,857.72,1003.20,1,E,5,W
458,868.14,1003.50,1,E,5,W
215,788.88,1015.00,1,S,5,E
212,781.21,1021.14,1,S,5,N
214,786.27,1021.44,1,S,5,N
217,791.21,1021.74,1,S,5,N
220,792.18,1022.04,1,S,5,N
503,815.19,1022.34,2,E,5,N
482,867.75,1022.64,2,W,5,N
504,857.34,1022.94,2,E,5,N
222,834.25,1023.24,1,S,5,N
223,838.83,1023.54,1,S,5,N
372,770.67,1023.84,1,W,5,N
378,818.25,1024.14,1,W,5,N
380,823.83,1024.44,1,W,5,N
385,863.91,1024.74,1,W,5,N
455,805.24,1025.04,1,E,5,N
388,894.63,1041.87,1,W,3,W
226,841.03,1098.90,1,S,5,W
230,847.99,1099.20,1,S,5,W
234,856.35,1099.50,1,S,5,W
237,860.62,1099.80,1,S,5,W
238,862.80,1100.10,1,S,5,W
241,867.63,1100.40,1,S,5,W
248,878.03,1100.70,1,S,5,W
249,879.66,1101.00,1,S,5,W
256,887.52,1101.30,1,S,5,W
387,894.13,1101.60,1,W,5,W
386,871.12,1114.90,1,W,5,E
224,840.29,1121.04,1,S,5,N
225,840.40,1121.34,1,S,5,N
228,843.77,1121.64,1,S,5,N
233,854.51,1121.94,1,S,5,N
239,863.77,1122.24,1,S,5,N
240,864.73,1122.54,1,S,5,N
243,873.44,1122.84,1,S,5,N
245,876.87,1123.14,1,S,5,N
251,881.81,1123.44,1,S,5,N
252,882.49,1123.74,1,S,5,N
253,883.75,1124.04,1,S,5,N
255,885.80,1124.34,1,S,5,N
257,890.45,1124.64,1,S,5,N
258,890.64,1124.94,1,S,5,N