id,enter_time,exit_time,entrance_intersection,entrance_direction,exit_intersection,exit_direction
6,16.33,30.47,1,S,1,E
14,29.19,43.33,1,S,1,E
484,1.81,66.14,5,W,5,N
485,20.41,66.44,5,W,5,N
486,33.21,66.74,5,W,5,N
487,34.26,67.04,5,W,5,N
488,36.02,67.34,5,W,5,N
489,38.23,67.64,5,W,5,N
490,40.06,67.94,5,W,5,N
491,42.30,68.24,5,W,5,N
492,46.96,68.54,5,W,5,N
493,48.65,68.84,5,W,5,N
494,63.86,70.00,5,W,5,N
495,64.06,70.20,5,W,5,N
496,66.93,73.07,5,W,5,N
599,14.98,80.14,5,E,5,N
600,20.33,80.44,5,E,5,N
601,85.98,92.11,5,E,5,N
17,32.16,100.10,1,S,2,W
10,20.38,100.40,1,S,1,W
12,23.90,100.70,1,S,1,W
16,31.03,101.00,1,S,1,W
442,1.35,130.97,3,E,5,N
443,2.83,131.27,3,E,5,N
445,21.18,131.87,3,E,5,N
447,24.69,132.47,3,E,5,N
448,41.04,132.77,3,E,5,N
27,118.81,132.94,1,S,1,E
0,7.43,136.17,1,S,3,W
33,122.78,136.92,1,S,1,E
176,27.66,140.67,1,W,3,E
306,73.73,143.97,1,E,3,E
497,102.07,166.04,5,W,5,N
498,102.63,166.34,5,W,5,N
499,129.93,166.64,5,W,5,N
500,131.05,166.94,5,W,5,N
501,132.13,167.24,5,W,5,N
502,135.12,167.54,5,W,5,N
503,141.22,167.84,5,W,5,N
504,157.31,168.14,5,W,5,N
505,163.98,170.12,5,W,5,N
506,173.26,179.39,5,W,5,N
602,155.27,180.04,5,E,5,N
603,161.00,180.34,5,E,5,N
604,169.68,180.64,5,E,5,N
605,169.84,180.94,5,E,5,N
606,175.05,181.18,5,E,5,N
607,180.18,186.32,5,E,5,N
413,65.23,199.80,3,W,5,W
444,20.00,200.10,3,E,5,W
24,116.88,200.20,1,S,2,W
446,22.77,200.40,3,E,5,W
308,108.96,200.50,1,E,2,W
449,49.97,200.70,3,E,5,W
26,118.04,200.80,1,S,1,W
450,83.44,201.00,3,E,5,W
35,124.87,201.10,1,S,1,W
390,90.51,201.30,2,E,5,W
38,161.28,201.40,1,S,1,W
4,12.36,201.60,1,S,5,W
11,22.23,201.90,1,S,5,W
13,28.00,202.20,1,S,5,W
179,64.21,202.50,1,W,5,W
299,0.67,202.80,1,E,5,W
303,47.64,203.10,1,E,5,W
392,173.07,212.67,2,E,3,E
39,163.10,213.60,1,S,1,E
1,9.22,215.80,1,S,5,E
3,11.31,216.10,1,S,5,E
18,33.37,216.40,1,S,5,E
304,59.13,216.70,1,E,5,E
451,99.15,221.94,3,E,5,N
366,12.22,222.24,2,W,5,N
389,44.16,222.54,2,E,5,N
2,11.04,222.84,1,S,5,N
5,15.66,223.14,1,S,5,N
7,17.35,223.44,1,S,5,N
8,17.87,223.74,1,S,5,N
9,18.36,224.04,1,S,5,N
15,29.57,224.34,1,S,5,N
19,34.38,224.64,1,S,5,N
175,7.47,224.94,1,W,5,N
177,29.62,225.24,1,W,5,N
178,42.50,225.54,1,W,5,N
300,6.06,225.84,1,E,5,N
301,6.91,226.14,1,E,5,N
302,22.89,226.44,1,E,5,N
305,64.41,226.74,1,E,5,N
307,76.73,227.04,1,E,5,N
452,146.76,230.77,3,E,5,N
415,175.79,237.56,3,W,5,N
36,126.79,238.97,1,S,3,E
184,94.36,240.77,1,W,3,W
507,174.87,265.94,5,W,5,N
508,184.95,266.24,5,W,5,N
509,186.58,266.54,5,W,5,N
510,187.83,266.84,5,W,5,N
511,188.62,267.14,5,W,5,N
512,189.43,267.44,5,W,5,N
513,191.00,267.74,5,W,5,N
514,218.86,268.04,5,W,5,N
515,265.56,271.70,5,W,5,N
516,273.17,279.30,5,W,5,N
608,231.56,279.94,5,E,5,N
609,233.40,280.24,5,E,5,N
610,238.91,280.54,5,E,5,N
414,119.86,299.70,3,W,5,W
22,115.56,300.00,1,S,5,W
317,210.23,300.30,1,E,2,W
23,115.69,300.30,1,S,5,W
28,119.96,300.60,1,S,5,W
30,120.92,300.90,1,S,5,W
40,212.69,301.20,1,S,1,W
37,128.84,301.20,1,S,5,W
44,217.36,301.50,1,S,1,W
181,87.33,301.50,1,W,5,W
46,251.56,301.80,1,S,1,W
182,88.92,301.80,1,W,5,W
183,90.73,302.10,1,W,5,W
185,114.55,302.40,1,W,5,W
187,121.35,302.70,1,W,5,W
315,183.98,303.00,1,E,5,W
50,257.87,314.00,1,S,1,E
53,290.80,314.30,1,S,1,E
56,294.40,314.60,1,S,1,E
21,81.26,315.70,1,S,5,E
29,120.19,316.00,1,S,5,E
32,122.77,316.30,1,S,5,E
186,119.80,316.60,1,W,5,E
20,79.73,321.84,1,S,5,N
391,133.66,322.14,2,E,5,N
367,111.74,322.44,2,W,5,N
25,117.82,322.74,1,S,5,N
31,122.36,323.04,1,S,5,N
34,124.25,323.34,1,S,5,N
180,86.91,323.64,1,W,5,N
188,124.70,323.94,1,W,5,N
189,140.85,324.24,1,W,5,N
190,158.14,324.54,1,W,5,N
454,252.20,324.73,3,E,5,E
309,128.19,324.84,1,E,5,N
310,138.44,325.14,1,E,5,N
311,139.64,325.44,1,E,5,N
312,141.95,325.74,1,E,5,N
313,161.45,326.04,1,E,5,N
314,179.57,326.34,1,E,5,N
316,190.30,326.64,1,E,5,N
418,210.30,331.17,3,W,5,N
419,233.88,331.47,3,W,5,N
194,185.24,338.17,1,W,3,E
196,221.95,338.77,1,W,3,W
199,230.04,339.67,1,W,3,E
49,256.73,341.02,1,S,2,W
58,332.86,346.99,1,S,1,E
455,296.37,358.14,3,E,5,N
517,274.67,365.84,5,W,5,N
518,274.74,366.14,5,W,5,N
519,291.54,366.44,5,W,5,N
520,291.72,366.74,5,W,5,N
521,293.71,367.04,5,W,5,N
522,295.78,367.34,5,W,5,N
523,297.26,367.64,5,W,5,N
524,298.90,367.94,5,W,5,N
525,319.62,368.24,5,W,5,N
526,320.35,368.54,5,W,5,N
527,359.14,368.84,5,W,5,N
528,367.55,373.68,5,W,5,N
611,306.59,379.84,5,E,5,N
612,307.95,380.14,5,E,5,N
613,316.26,380.44,5,E,5,N
614,321.52,380.74,5,E,5,N
615,340.37,381.04,5,E,5,N
616,369.34,381.34,5,E,5,N
617,369.65,381.64,5,E,5,N
51,258.98,399.20,1,S,3,E
45,249.63,399.20,1,S,3,W
453,202.70,399.60,3,E,5,W
416,204.59,399.90,3,W,5,W
417,205.87,400.20,3,W,5,W
420,261.81,400.50,3,W,5,W
393,212.41,400.80,2,E,5,W
394,261.40,401.10,2,E,5,W
395,288.55,401.40,2,E,5,W
396,299.99,401.70,2,E,5,W
42,216.39,402.00,1,S,5,W
191,166.13,402.30,1,W,5,W
318,215.05,402.60,1,E,5,W
322,235.69,402.90,1,E,5,W
323,235.80,403.20,1,E,5,W
324,253.60,403.50,1,E,5,W
76,395.88,410.02,1,S,1,W
398,372.25,412.87,2,E,3,E
368,207.49,421.74,2,W,5,N
369,299.64,422.04,2,W,5,N
41,216.24,422.34,1,S,5,N
43,216.72,422.64,1,S,5,N
192,181.30,422.94,1,W,5,N
193,181.69,423.24,1,W,5,N
195,209.47,423.54,1,W,5,N
197,225.38,423.84,1,W,5,N
198,228.65,424.14,1,W,5,N
200,246.52,424.44,1,W,5,N
422,335.61,424.53,3,W,5,E
201,248.29,424.74,1,W,5,N
202,265.30,425.04,1,W,5,N
424,338.79,425.13,3,W,5,E
319,218.41,425.34,1,E,5,N
460,357.51,425.43,3,E,5,E
320,227.51,425.64,1,E,5,N
321,229.89,425.94,1,E,5,N
456,351.27,430.37,3,E,5,N
457,352.78,430.67,3,E,5,N
423,335.91,430.97,3,W,5,N
458,353.95,431.27,3,E,5,N
459,355.68,431.57,3,E,5,N
529,384.35,465.74,5,W,5,N
530,397.35,466.04,5,W,5,N
531,399.49,466.34,5,W,5,N
532,400.01,466.64,5,W,5,N
533,438.90,466.94,5,W,5,N
534,449.78,467.24,5,W,5,N
535,451.34,467.54,5,W,5,N
536,451.65,467.84,5,W,5,N
537,454.45,468.14,5,W,5,N
538,456.55,468.44,5,W,5,N
539,458.54,468.74,5,W,5,N
618,423.25,479.74,5,E,5,N
619,428.98,480.04,5,E,5,N
620,436.35,480.34,5,E,5,N
621,441.59,480.64,5,E,5,N
622,464.35,480.94,5,E,5,N
623,467.79,481.24,5,E,5,N
624,468.43,481.54,5,E,5,N
74,392.27,499.00,1,S,3,W
421,330.62,499.50,3,W,5,W
425,356.33,499.80,3,W,5,W
371,329.73,500.10,2,W,5,W
61,337.00,500.40,1,S,5,W
228,408.14,500.50,1,W,2,W
62,337.04,500.70,1,S,5,W
236,444.74,500.80,1,W,2,W
206,287.74,501.00,1,W,5,W
207,289.12,501.30,1,W,5,W
208,298.78,501.60,1,W,5,W
211,310.96,501.90,1,W,5,W
78,431.34,502.00,1,S,1,W
325,311.75,502.20,1,E,5,W
79,465.79,502.30,1,S,1,W
326,322.70,502.50,1,E,5,W
400,434.14,512.67,2,E,3,E
399,389.71,515.50,2,E,5,E
209,300.03,515.80,1,W,5,E
327,339.44,516.10,1,E,5,E
461,398.67,521.64,3,E,5,N
47,251.63,521.94,1,S,5,N
48,255.26,522.24,1,S,5,N
52,259.02,522.54,1,S,5,N
54,293.25,522.84,1,S,5,N
55,294.05,523.14,1,S,5,N
370,322.59,523.44,2,W,5,N
375,487.50,523.57,2,W,3,W
397,340.18,523.74,2,E,5,N
57,332.65,524.04,1,S,5,N
59,334.50,524.34,1,S,5,N
60,335.04,524.64,1,S,5,N
203,266.70,524.94,1,W,5,N
204,286.11,525.24,1,W,5,N
205,286.87,525.54,1,W,5,N
210,307.76,525.84,1,W,5,N
212,333.47,526.14,1,W,5,N
213,336.17,526.44,1,W,5,N
214,336.20,526.74,1,W,5,N
215,340.03,527.04,1,W,5,N
216,341.99,527.34,1,W,5,N
328,342.34,527.64,1,E,5,N
329,348.32,527.94,1,E,5,N
330,350.95,528.24,1,E,5,N
331,353.13,528.54,1,E,5,N
332,360.63,528.84,1,E,5,N
333,361.14,529.14,1,E,5,N
334,375.65,529.44,1,E,5,N
426,418.03,530.17,3,W,5,N
464,453.97,530.77,3,E,5,N
82,472.67,541.52,1,S,2,W
428,479.95,541.72,3,W,5,N
465,497.18,558.95,3,E,5,N
540,474.84,565.64,5,W,5,N
541,485.61,565.94,5,W,5,N
542,492.84,566.24,5,W,5,N
543,493.37,566.54,5,W,5,N
544,525.18,566.84,5,W,5,N
545,526.42,567.14,5,W,5,N
546,526.55,567.44,5,W,5,N
547,552.20,567.74,5,W,5,N
548,554.94,568.04,5,W,5,N
549,556.36,568.34,5,W,5,N
550,557.41,568.64,5,W,5,N
551,559.57,568.94,5,W,5,N
625,519.37,579.64,5,E,5,N
626,525.06,579.94,5,E,5,N
627,526.90,580.24,5,E,5,N
628,539.90,580.54,5,E,5,N
629,585.94,592.07,5,E,5,N
462,412.50,599.40,3,E,5,W
427,427.67,599.70,3,W,5,W
463,419.63,600.00,3,E,5,W
66,345.48,600.30,1,S,5,W
72,391.16,600.60,1,S,5,W
77,398.03,600.90,1,S,5,W
373,448.77,601.20,2,W,5,W
374,460.23,601.50,2,W,5,W
217,367.73,601.80,1,W,5,W
220,375.75,602.10,1,W,5,W
221,378.33,602.40,1,W,5,W
88,510.42,602.40,1,S,1,W
223,399.07,602.70,1,W,5,W
91,553.25,602.70,1,S,1,W
225,402.58,603.00,1,W,5,W
93,593.19,607.33,1,S,1,W
95,594.03,608.16,1,S,1,W
70,386.53,615.40,1,S,5,E
63,342.18,621.54,1,S,5,N
64,343.06,621.84,1,S,5,N
65,344.48,622.14,1,S,5,N
67,377.99,622.44,1,S,5,N
68,378.08,622.74,1,S,5,N
69,379.10,623.04,1,S,5,N
71,389.41,623.34,1,S,5,N
73,391.95,623.64,1,S,5,N
75,395.60,623.94,1,S,5,N
372,426.14,624.24,2,W,5,N
401,479.56,624.54,2,E,5,N
218,368.20,624.84,1,W,5,N
219,369.53,625.14,1,W,5,N
222,379.96,625.44,1,W,5,N
224,400.78,625.74,1,W,5,N
226,404.08,626.04,1,W,5,N
227,405.21,626.34,1,W,5,N
229,409.43,626.64,1,W,5,N
230,410.94,626.94,1,W,5,N
231,412.12,627.24,1,W,5,N
232,425.04,627.54,1,W,5,N
233,426.62,627.84,1,W,5,N
234,438.19,628.14,1,W,5,N
235,444.67,628.44,1,W,5,N
237,458.32,628.74,1,W,5,N
335,425.66,629.04,1,E,5,N
336,493.54,629.34,1,E,5,N
429,537.28,629.97,3,W,5,N
467,527.02,630.27,3,E,5,N
466,513.96,630.27,3,E,5,N
468,528.28,630.57,3,E,5,N
469,579.38,641.15,3,E,5,N
97,627.26,641.40,1,S,1,E
430,591.30,653.07,3,W,5,N
552,576.54,665.54,5,W,5,N
553,586.55,665.84,5,W,5,N
554,588.26,666.14,5,W,5,N
555,589.77,666.44,5,W,5,N
556,591.55,666.74,5,W,5,N
557,593.20,667.04,5,W,5,N
558,594.62,667.34,5,W,5,N
559,633.91,667.64,5,W,5,N
560,649.11,667.94,5,W,5,N
561,651.06,668.24,5,W,5,N
562,651.92,668.54,5,W,5,N
563,653.33,668.84,5,W,5,N
564,655.14,669.14,5,W,5,N
630,626.12,679.54,5,E,5,N
631,654.68,679.84,5,E,5,N
80,467.58,699.30,1,S,5,W
83,504.76,699.60,1,S,5,W
376,501.63,699.90,2,W,5,W
402,527.25,700.20,2,E,5,W
377,522.23,700.50,2,W,5,W
404,566.18,700.80,2,E,5,W
85,508.77,701.10,1,S,5,W
90,511.78,701.40,1,S,5,W
238,472.11,701.70,1,W,5,W
239,481.49,702.00,1,W,5,W
242,503.71,702.30,1,W,5,W
245,507.34,702.60,1,W,5,W
98,629.19,702.80,1,S,1,W
247,515.70,702.90,1,W,5,W
100,632.27,703.10,1,S,1,W
249,545.44,703.20,1,W,5,W
101,633.35,703.40,1,S,1,W
250,551.71,703.50,1,W,5,W
107,679.99,703.70,1,S,1,W
253,563.38,703.80,1,W,5,W
109,688.83,704.00,1,S,1,W
337,532.46,704.10,1,E,5,W
341,585.00,704.40,1,E,5,W
114,697.01,711.15,1,S,1,W
403,545.79,715.30,2,E,5,E
379,562.66,715.60,2,W,5,E
244,505.91,715.90,1,W,5,E
339,540.65,716.20,1,E,5,E
81,471.45,721.44,1,S,5,N
378,559.76,721.74,2,W,5,N
380,577.26,722.04,2,W,5,N
381,590.10,722.34,2,W,5,N
84,507.28,722.64,1,S,5,N
86,509.50,722.94,1,S,5,N
87,509.50,723.24,1,S,5,N
89,511.46,723.54,1,S,5,N
240,491.86,723.84,1,W,5,N
241,495.50,724.14,1,W,5,N
243,504.72,724.44,1,W,5,N
246,509.07,724.74,1,W,5,N
248,528.48,725.04,1,W,5,N
120,711.16,725.30,1,S,1,E
251,551.83,725.34,1,W,5,N
252,561.50,725.64,1,W,5,N
254,565.11,725.94,1,W,5,N
255,566.65,726.24,1,W,5,N
338,538.24,726.54,1,E,5,N
340,581.54,726.84,1,E,5,N
126,715.24,729.38,1,S,1,E
127,715.25,729.38,1,S,1,E
470,630.07,729.77,3,E,5,N
431,606.86,730.07,3,W,5,N
432,607.26,730.37,3,W,5,N
471,671.77,733.54,3,E,5,N
132,721.63,735.77,1,S,1,E
266,667.03,740.07,1,W,3,W
565,696.50,765.44,5,W,5,N
566,697.69,765.74,5,W,5,N
567,705.90,766.04,5,W,5,N
568,706.56,766.34,5,W,5,N
569,717.49,766.64,5,W,5,N
570,720.15,766.94,5,W,5,N
571,721.84,767.24,5,W,5,N
572,722.15,767.54,5,W,5,N
573,723.44,767.84,5,W,5,N
574,725.03,768.14,5,W,5,N
575,726.36,768.44,5,W,5,N
576,732.42,768.74,5,W,5,N
577,734.31,769.04,5,W,5,N
578,736.14,769.34,5,W,5,N
579,737.45,769.64,5,W,5,N
580,744.77,769.94,5,W,5,N
581,746.47,770.24,5,W,5,N
582,748.17,770.54,5,W,5,N
583,754.90,770.84,5,W,5,N
632,723.74,779.44,5,E,5,N
633,731.73,779.74,5,E,5,N
634,780.21,786.34,5,E,5,N
635,780.66,786.80,5,E,5,N
113,696.19,798.40,1,S,3,E
433,621.58,799.20,3,W,5,W
434,622.73,799.50,3,W,5,W
435,680.61,799.80,3,W,5,W
96,595.51,800.10,1,S,5,W
382,614.41,800.40,2,W,5,W
99,630.92,800.70,1,S,5,W
269,686.52,800.80,1,W,2,W
271,712.53,800.80,1,W,2,E
256,567.16,801.00,1,W,5,W
281,754.76,801.10,1,W,2,W
260,607.32,801.30,1,W,5,W
261,624.36,801.60,1,W,5,W
262,625.25,801.90,1,W,5,W
263,625.45,802.20,1,W,5,W
344,643.91,802.50,1,E,5,W
119,709.30,803.20,1,S,1,W
121,711.69,803.50,1,S,1,W
122,712.18,803.80,1,S,1,W
130,718.57,804.10,1,S,1,W
138,764.73,804.40,1,S,1,W
139,766.51,804.70,1,S,1,W
140,766.53,805.00,1,S,1,W
346,656.46,815.20,1,E,5,E
143,801.07,816.00,1,S,1,E
92,560.68,821.34,1,S,5,N
94,593.96,821.64,1,S,5,N
405,608.98,821.94,2,E,5,N
406,658.70,822.24,2,E,5,N
257,579.68,822.54,1,W,5,N
258,580.81,822.84,1,W,5,N
259,582.05,823.14,1,W,5,N
264,651.32,823.44,1,W,5,N
265,653.02,823.74,1,W,5,N
342,617.76,824.04,1,E,5,N
343,627.75,824.34,1,E,5,N
345,654.70,824.64,1,E,5,N
347,657.57,824.94,1,E,5,N
348,659.27,825.24,1,E,5,N
349,669.32,825.54,1,E,5,N
350,698.03,825.84,1,E,5,N
436,739.44,829.57,3,W,5,N
473,728.24,829.87,3,E,5,N
437,759.97,830.17,3,W,5,N
438,762.83,830.17,3,W,5,N
156,820.36,834.49,1,S,1,E
133,721.73,839.27,1,S,3,W
275,731.58,841.37,1,W,3,E
137,763.36,843.02,1,S,2,E
584,783.43,865.34,5,W,5,N
585,817.35,865.64,5,W,5,N
586,831.65,865.94,5,W,5,N
587,833.30,866.24,5,W,5,N
588,845.55,866.54,5,W,5,N
589,846.03,866.84,5,W,5,N
590,847.48,867.14,5,W,5,N
591,848.65,867.44,5,W,5,N
592,850.41,867.74,5,W,5,N
593,851.87,868.04,5,W,5,N
594,853.60,868.34,5,W,5,N
595,861.70,868.64,5,W,5,N
596,863.24,869.37,5,W,5,N
597,864.28,870.41,5,W,5,N
598,865.86,871.99,5,W,5,N
636,834.90,879.34,5,E,5,N
637,840.80,879.64,5,E,5,N
472,726.43,899.10,3,E,5,W
474,729.52,899.40,3,E,5,W
475,765.43,899.70,3,E,5,W
102,669.64,900.00,1,S,5,W
104,675.06,900.30,1,S,5,W
105,676.65,900.60,1,S,5,W
106,678.14,900.90,1,S,5,W
154,818.64,900.90,1,S,2,E
159,823.36,900.90,1,S,2,W
110,690.61,901.20,1,S,5,W
112,692.56,901.50,1,S,5,W
116,698.29,901.80,1,S,5,W
123,713.47,902.10,1,S,5,W
124,714.00,902.40,1,S,5,W
128,717.66,902.70,1,S,5,W
129,718.35,903.00,1,S,5,W
267,668.06,903.30,1,W,5,W
270,710.97,903.60,1,W,5,W
142,800.20,903.60,1,S,1,W
273,729.24,903.90,1,W,5,W
144,801.37,903.90,1,S,1,W
360,877.82,903.93,1,E,2,E
277,734.76,904.20,1,W,5,W
155,819.35,904.20,1,S,1,W
278,749.16,904.50,1,W,5,W
157,821.60,904.50,1,S,1,W
282,756.61,904.80,1,W,5,W
160,823.80,904.80,1,S,1,W
167,868.00,905.10,1,S,1,W
169,870.01,905.40,1,S,1,W
410,809.44,913.07,2,E,3,W
272,715.53,915.10,1,W,5,E
354,775.23,915.40,1,E,5,E
161,855.92,916.40,1,S,1,E
170,871.40,916.70,1,S,1,E
172,873.28,917.00,1,S,1,E
364,893.37,919.48,1,E,2,W
103,671.20,921.24,1,S,5,N
108,681.09,921.54,1,S,5,N
111,690.96,921.84,1,S,5,N
115,697.60,922.14,1,S,5,N
407,704.80,922.44,2,E,5,N
383,703.25,922.74,2,W,5,N
408,728.08,923.04,2,E,5,N
384,715.00,923.34,2,W,5,N
409,765.68,923.64,2,E,5,N
117,705.53,923.94,1,S,5,N
118,706.36,924.24,1,S,5,N
125,714.19,924.54,1,S,5,N
131,720.22,924.84,1,S,5,N
268,668.76,925.14,1,W,5,N
274,730.51,925.44,1,W,5,N
276,733.30,925.74,1,W,5,N
279,749.64,926.04,1,W,5,N
280,753.56,926.34,1,W,5,N
283,757.82,926.64,1,W,5,N
351,726.18,926.94,1,E,5,N
352,729.17,927.24,1,E,5,N
353,760.87,927.54,1,E,5,N
355,775.70,927.84,1,E,5,N
478,839.80,929.97,3,E,5,N
479,841.71,930.27,3,E,5,N
482,856.30,931.17,3,E,5,N
483,871.71,933.48,3,E,5,N
287,806.73,939.97,1,W,3,E
362,888.00,950.19,1,E,3,W
441,897.05,958.82,3,W,5,N
168,869.75,998.00,1,S,3,E
476,803.53,999.00,3,E,5,W
439,819.01,999.30,3,W,5,W
477,837.99,999.60,3,E,5,W
480,843.26,999.90,3,E,5,W
481,855.13,1000.20,3,E,5,W
440,892.42,1000.50,3,W,5,W
135,761.57,1000.80,1,S,5,W
141,798.75,1001.10,1,S,5,W
145,802.25,1001.40,1,S,5,W
147,805.06,1001.70,1,S,5,W
411,846.85,1002.00,2,E,5,W
387,862.95,1002.30,2,W,5,W
388,884.97,1002.60,2,W,5,W
151,815.50,1002.90,1,S,5,W
286,805.02,1003.20,1,W,5,W
289,824.03,1003.50,1,W,5,W
356,811.66,1003.80,1,E,5,W
292,843.73,1015.00,1,W,5,E
134,760.26,1021.14,1,S,5,N
136,762.38,1021.44,1,S,5,N
146,803.52,1021.74,1,S,5,N
385,809.35,1022.04,2,W,5,N
386,823.28,1022.34,2,W,5,N
412,892.58,1022.64,2,E,5,N
148,806.30,1022.94,1,S,5,N
149,813.48,1023.24,1,S,5,N
150,814.84,1023.54,1,S,5,N
152,816.27,1023.84,1,S,5,N
153,816.70,1024.14,1,S,5,N
158,822.91,1024.44,1,S,5,N
284,783.02,1024.74,1,W,5,N
285,784.74,1025.04,1,W,5,N
288,809.97,1025.34,1,W,5,N
290,827.28,1025.64,1,W,5,N
291,829.09,1025.94,1,W,5,N
293,845.39,1026.24,1,W,5,N
294,848.57,1026.54,1,W,5,N
357,814.03,1026.84,1,E,5,N
358,840.64,1027.14,1,E,5,N
359,845.83,1027.44,1,E,5,N
361,882.38,1027.74,1,E,5,N
363,890.80,1028.04,1,E,5,N
365,897.05,1098.90,1,E,5,W
162,857.30,1121.04,1,S,5,N
163,858.91,1121.34,1,S,5,N
164,860.85,1121.64,1,S,5,N
165,865.34,1121.94,1,S,5,N
166,866.85,1122.24,1,S,5,N
171,872.81,1122.54,1,S,5,N
173,874.92,1122.84,1,S,5,N
174,875.47,1123.14,1,S,5,N
295,869.10,1123.44,1,W,5,N
296,870.80,1123.74,1,W,5,N
297,880.72,1124.04,1,W,5,N
298,898.62,1124.34,1,W,5,N