id,enter_time,exit_time,entrance_intersection,entrance_direction,exit_intersection,exit_direction
556,0.64,66.14,5,W,5,N
557,7.68,66.44,5,W,5,N
558,9.04,66.74,5,W,5,N
559,40.67,67.04,5,W,5,N
560,42.49,67.34,5,W,5,N
561,42.66,67.64,5,W,5,N
562,42.66,67.94,5,W,5,N
563,44.52,68.24,5,W,5,N
564,46.15,68.54,5,W,5,N
565,47.76,68.84,5,W,5,N
566,55.31,69.14,5,W,5,N
567,56.00,69.44,5,W,5,N
568,58.12,69.74,5,W,5,N
569,59.14,70.04,5,W,5,N
570,61.51,70.34,5,W,5,N
681,1.94,80.14,5,E,5,N
682,55.52,80.44,5,E,5,N
683,70.50,80.74,5,E,5,N
218,53.28,100.10,1,W,2,W
0,1.37,100.40,1,S,1,W
4,11.51,100.70,1,S,1,W
8,47.06,101.00,1,S,1,W
14,57.14,101.30,1,S,1,W
18,91.63,105.77,1,S,1,W
19,92.91,107.05,1,S,1,W
23,96.64,110.77,1,S,1,W
6,45.54,113.20,1,S,1,E
10,51.03,113.50,1,S,1,E
504,11.25,130.97,3,E,5,N
477,53.00,131.27,3,W,5,N
505,25.01,131.57,3,E,5,N
355,57.34,139.17,1,E,3,W
21,94.06,142.32,1,S,2,E
507,80.56,142.33,3,E,5,N
478,80.81,142.58,3,W,5,N
479,85.20,146.97,3,W,5,N
508,93.57,155.34,3,E,5,N
571,87.05,166.04,5,W,5,N
572,91.57,166.34,5,W,5,N
573,93.21,166.64,5,W,5,N
574,105.64,166.94,5,W,5,N
575,113.14,167.24,5,W,5,N
576,116.05,167.54,5,W,5,N
577,123.29,167.84,5,W,5,N
578,124.68,168.14,5,W,5,N
579,125.96,168.44,5,W,5,N
580,127.05,168.74,5,W,5,N
581,129.89,169.04,5,W,5,N
582,137.81,169.34,5,W,5,N
583,139.40,169.64,5,W,5,N
584,141.35,169.94,5,W,5,N
684,110.69,180.04,5,E,5,N
685,122.99,180.34,5,E,5,N
686,124.54,180.64,5,E,5,N
687,131.47,180.94,5,E,5,N
506,79.28,199.80,3,E,5,W
2,3.71,200.10,1,S,5,W
452,61.64,200.40,2,E,5,W
415,60.85,200.70,2,W,5,W
24,97.82,200.80,1,S,1,W
453,91.63,201.00,2,E,5,W
32,145.54,201.10,1,S,1,W
417,97.45,201.30,2,W,5,W
46,170.27,201.40,1,S,1,W
219,54.88,201.60,1,W,5,W
50,175.65,201.70,1,S,1,W
352,10.84,201.90,1,E,5,W
55,183.62,202.00,1,S,1,W
688,197.44,203.58,5,E,5,N
454,139.11,212.37,2,E,3,W
420,138.74,212.97,2,W,3,W
414,35.52,215.80,2,W,5,E
1,2.42,221.94,1,S,5,N
451,41.87,222.24,2,E,5,N
416,84.63,222.54,2,W,5,N
3,10.84,222.84,1,S,5,N
215,15.29,223.14,1,W,5,N
216,30.51,223.44,1,W,5,N
217,45.81,223.74,1,W,5,N
220,61.08,224.04,1,W,5,N
221,63.06,224.34,1,W,5,N
353,16.30,224.64,1,E,5,N
354,43.18,224.94,1,E,5,N
356,86.34,225.24,1,E,5,N
58,214.46,228.60,1,S,1,E
512,136.63,231.67,3,E,5,N
27,105.79,236.27,1,S,3,W
225,72.73,237.47,1,W,3,E
230,115.59,238.97,1,W,3,E
29,141.84,240.02,1,S,2,W
234,127.74,240.17,1,W,3,W
513,195.44,257.21,3,E,5,N
514,197.20,258.97,3,E,5,N
585,182.23,265.94,5,W,5,N
586,185.12,266.24,5,W,5,N
587,186.53,266.54,5,W,5,N
588,216.21,266.84,5,W,5,N
589,258.74,267.14,5,W,5,N
590,259.86,267.44,5,W,5,N
689,238.85,279.94,5,E,5,N
690,248.15,280.24,5,E,5,N
31,144.79,299.40,1,S,3,E
480,155.80,299.70,3,W,5,W
509,101.93,300.00,3,E,5,W
53,181.82,300.30,1,S,2,W
510,117.96,300.30,3,E,5,W
511,119.73,300.60,3,E,5,W
11,51.32,300.90,1,S,5,W
66,223.91,301.20,1,S,1,W
12,52.94,301.20,1,S,5,W
73,277.21,301.50,1,S,1,W
13,55.47,301.50,1,S,5,W
76,281.50,301.80,1,S,1,W
20,93.12,301.80,1,S,5,W
455,180.58,302.10,2,E,5,W
456,198.56,302.40,2,E,5,W
222,66.55,302.70,1,W,5,W
223,69.34,303.00,1,W,5,W
80,289.16,303.30,1,S,1,W
227,99.08,303.30,1,W,5,W
228,100.45,303.60,1,W,5,W
231,116.18,303.90,1,W,5,W
232,116.31,304.20,1,W,5,W
85,294.69,308.82,1,S,1,W
91,298.72,314.00,1,S,1,E
5,45.22,321.84,1,S,5,N
7,46.36,322.14,1,S,5,N
9,49.00,322.44,1,S,5,N
15,57.32,322.74,1,S,5,N
16,90.18,323.04,1,S,5,N
17,91.06,323.34,1,S,5,N
22,94.16,323.64,1,S,5,N
25,103.16,323.94,1,S,5,N
26,104.53,324.24,1,S,5,N
418,111.92,324.54,2,W,5,N
419,125.05,324.84,2,W,5,N
421,168.15,325.14,2,W,5,N
422,179.46,325.44,2,W,5,N
423,183.79,325.74,2,W,5,N
224,71.02,326.04,1,W,5,N
226,82.56,326.34,1,W,5,N
229,114.43,326.64,1,W,5,N
233,125.98,326.94,1,W,5,N
235,144.50,327.24,1,W,5,N
236,160.54,327.54,1,W,5,N
357,114.57,327.84,1,E,5,N
358,140.93,328.14,1,E,5,N
359,157.56,328.44,1,E,5,N
515,203.53,330.57,3,E,5,N
481,225.34,330.87,3,W,5,N
516,204.59,331.17,3,E,5,N
483,237.20,331.47,3,W,5,N
517,211.64,331.77,3,E,5,N
518,212.84,332.07,3,E,5,N
519,227.81,332.37,3,E,5,N
520,240.74,332.67,3,E,5,N
67,225.48,340.57,1,S,3,E
239,193.01,342.37,1,W,3,E
245,217.27,344.17,1,W,3,E
522,284.04,345.81,3,E,5,N
365,268.57,346.57,1,E,3,E
523,289.63,351.40,3,E,5,N
591,275.12,365.84,5,W,5,N
592,283.32,366.14,5,W,5,N
593,298.34,366.44,5,W,5,N
594,300.04,366.74,5,W,5,N
595,333.08,367.04,5,W,5,N
596,334.47,367.34,5,W,5,N
597,336.01,367.64,5,W,5,N
598,338.26,367.94,5,W,5,N
599,340.26,368.24,5,W,5,N
600,348.35,368.54,5,W,5,N
601,350.71,368.84,5,W,5,N
602,355.91,369.14,5,W,5,N
603,356.07,369.44,5,W,5,N
604,363.75,369.89,5,W,5,N
605,370.20,376.34,5,W,5,N
606,371.64,377.77,5,W,5,N
691,302.29,379.84,5,E,5,N
692,305.12,380.14,5,E,5,N
693,359.27,380.44,5,E,5,N
694,359.78,380.74,5,E,5,N
695,370.87,381.04,5,E,5,N
75,280.94,399.20,1,S,3,W
482,229.60,399.60,3,W,5,W
521,247.38,399.90,3,E,5,W
28,141.45,400.20,1,S,5,W
252,320.98,400.40,1,W,2,W
34,150.66,400.50,1,S,5,W
36,154.07,400.80,1,S,5,W
39,158.89,401.10,1,S,5,W
45,168.63,401.40,1,S,5,W
92,300.56,401.60,1,S,1,W
47,170.99,401.70,1,S,5,W
97,306.19,401.90,1,S,1,W
457,239.99,402.00,2,E,5,W
98,307.52,402.20,1,S,1,W
425,226.92,402.30,2,W,5,W
103,359.69,402.50,1,S,1,W
54,183.33,402.60,1,S,5,W
59,215.29,402.90,1,S,5,W
65,223.81,403.20,1,S,5,W
68,229.18,403.50,1,S,5,W
237,168.62,403.80,1,W,5,W
243,212.92,404.10,1,W,5,W
247,250.80,404.40,1,W,5,W
361,209.84,404.70,1,E,5,W
362,221.17,405.00,1,E,5,W
40,160.68,415.60,1,S,5,E
424,215.94,415.90,2,W,5,E
62,218.42,416.20,1,S,5,E
242,196.73,416.50,1,W,5,E
366,275.86,416.80,1,E,5,E
30,143.72,421.74,1,S,5,N
33,149.37,422.04,1,S,5,N
35,153.03,422.34,1,S,5,N
37,155.77,422.64,1,S,5,N
38,155.89,422.94,1,S,5,N
41,161.56,423.24,1,S,5,N
42,163.55,423.54,1,S,5,N
43,163.76,423.84,1,S,5,N
44,166.66,424.14,1,S,5,N
426,256.65,424.44,2,W,5,N
458,279.31,424.74,2,E,5,N
427,289.83,425.04,2,W,5,N
428,290.80,425.34,2,W,5,N
48,171.12,425.64,1,S,5,N
49,173.74,425.94,1,S,5,N
51,177.02,426.24,1,S,5,N
52,180.36,426.54,1,S,5,N
56,183.91,426.84,1,S,5,N
57,184.33,427.14,1,S,5,N
60,216.93,427.44,1,S,5,N
61,217.68,427.74,1,S,5,N
63,218.91,428.04,1,S,5,N
64,221.55,428.34,1,S,5,N
69,230.94,428.64,1,S,5,N
70,233.67,428.94,1,S,5,N
238,170.20,429.24,1,W,5,N
240,193.42,429.54,1,W,5,N
241,195.16,429.84,1,W,5,N
244,214.39,430.14,1,W,5,N
246,225.84,430.44,1,W,5,N
360,203.64,430.74,1,E,5,N
363,243.20,431.04,1,E,5,N
364,260.58,431.34,1,E,5,N
367,292.37,431.64,1,E,5,N
524,329.30,431.94,3,E,5,N
525,330.49,432.24,3,E,5,N
485,317.51,432.54,3,W,5,N
486,346.78,432.84,3,W,5,N
526,332.17,433.14,3,E,5,N
488,378.48,434.11,3,W,5,E
487,376.71,438.48,3,W,5,N
251,319.19,438.57,1,W,3,W
607,400.59,465.74,5,W,5,N
608,403.05,466.04,5,W,5,N
609,412.21,466.34,5,W,5,N
610,412.67,466.64,5,W,5,N
611,459.87,466.94,5,W,5,N
612,461.06,467.19,5,W,5,N
613,463.92,470.05,5,W,5,N
696,423.77,479.74,5,E,5,N
697,425.63,480.04,5,E,5,N
484,307.65,499.50,3,W,5,W
527,384.69,499.80,3,E,5,W
71,271.25,500.10,1,S,5,W
74,279.05,500.40,1,S,5,W
78,285.52,500.70,1,S,5,W
79,287.13,501.00,1,S,5,W
81,289.20,501.30,1,S,5,W
83,292.71,501.60,1,S,5,W
86,296.06,501.90,1,S,5,W
122,474.05,502.00,1,S,1,W
89,297.96,502.20,1,S,5,W
459,326.64,502.50,2,E,5,W
96,305.63,502.80,1,S,5,W
99,309.20,503.10,1,S,5,W
254,324.03,503.40,1,W,5,W
256,327.16,503.70,1,W,5,W
260,356.28,504.00,1,W,5,W
263,360.85,504.30,1,W,5,W
368,301.49,504.60,1,E,5,W
371,330.49,504.90,1,E,5,W
115,453.94,514.80,1,S,1,E
90,298.55,515.50,1,S,5,E
72,276.08,521.64,1,S,5,N
77,282.73,521.94,1,S,5,N
82,290.75,522.24,1,S,5,N
84,292.75,522.54,1,S,5,N
87,297.26,522.84,1,S,5,N
88,297.82,523.14,1,S,5,N
93,301.92,523.44,1,S,5,N
460,360.22,523.74,2,E,5,N
429,384.59,524.04,2,W,5,N
94,302.49,524.34,1,S,5,N
95,304.48,524.64,1,S,5,N
248,275.94,524.94,1,W,5,N
249,292.30,525.24,1,W,5,N
250,303.06,525.54,1,W,5,N
253,322.89,525.84,1,W,5,N
255,325.34,526.14,1,W,5,N
257,343.54,526.44,1,W,5,N
258,345.21,526.74,1,W,5,N
259,346.69,527.04,1,W,5,N
261,357.52,527.34,1,W,5,N
262,359.42,527.64,1,W,5,N
264,363.77,527.94,1,W,5,N
369,306.93,528.24,1,E,5,N
370,313.13,528.54,1,E,5,N
372,392.48,528.84,1,E,5,N
489,435.49,530.17,3,W,5,N
528,438.00,530.47,3,E,5,N
529,439.72,530.47,3,E,5,N
530,441.16,530.77,3,E,5,N
532,457.46,531.37,3,E,5,N
375,466.17,539.57,1,E,3,E
112,443.55,542.12,1,S,2,W
490,491.64,553.41,3,W,5,N
491,491.78,553.55,3,W,5,N
614,483.00,565.64,5,W,5,N
615,484.67,565.94,5,W,5,N
616,486.05,566.24,5,W,5,N
617,487.96,566.54,5,W,5,N
618,488.95,566.84,5,W,5,N
619,491.77,567.14,5,W,5,N
620,499.95,567.44,5,W,5,N
621,501.72,567.74,5,W,5,N
622,501.78,568.04,5,W,5,N
623,508.66,568.34,5,W,5,N
624,510.12,568.64,5,W,5,N
625,548.17,568.94,5,W,5,N
626,548.71,569.24,5,W,5,N
627,550.08,569.54,5,W,5,N
628,551.50,569.84,5,W,5,N
629,553.40,570.14,5,W,5,N
630,556.21,570.44,5,W,5,N
631,556.50,570.74,5,W,5,N
632,569.71,575.84,5,W,5,N
633,571.19,577.33,5,W,5,N
634,572.81,578.94,5,W,5,N
698,499.72,579.64,5,E,5,N
699,504.22,579.94,5,E,5,N
700,522.68,580.24,5,E,5,N
701,563.55,580.54,5,E,5,N
114,451.03,598.80,1,S,3,W
116,459.02,599.10,1,S,3,W
531,449.21,599.40,3,E,5,W
533,459.00,599.70,3,E,5,W
462,446.55,600.00,2,E,5,W
432,458.29,600.30,2,W,5,W
463,472.56,600.60,2,E,5,W
126,476.88,600.60,1,S,2,W
433,473.11,600.90,2,W,5,W
272,476.67,600.90,1,W,2,W
107,408.94,601.20,1,S,5,W
373,418.12,601.50,1,E,5,W
131,515.87,602.40,1,S,1,W
137,522.85,602.70,1,S,1,W
140,526.73,603.00,1,S,1,W
141,527.62,603.30,1,S,1,W
149,577.30,603.60,1,S,1,W
162,596.57,610.71,1,S,1,W
164,598.21,612.34,1,S,1,W
104,365.37,615.40,1,S,5,E
100,356.82,621.54,1,S,5,N
101,357.98,621.84,1,S,5,N
102,359.10,622.14,1,S,5,N
105,366.55,622.44,1,S,5,N
461,405.12,622.74,2,E,5,N
430,422.91,623.04,2,W,5,N
431,456.30,623.34,2,W,5,N
106,407.27,623.64,1,S,5,N
265,383.16,623.94,1,W,5,N
266,397.60,624.24,1,W,5,N
267,414.16,624.54,1,W,5,N
268,430.29,624.84,1,W,5,N
269,450.80,625.14,1,W,5,N
270,456.18,625.44,1,W,5,N
374,433.48,625.74,1,E,5,N
376,468.86,626.04,1,E,5,N
534,515.10,629.97,3,E,5,N
535,564.15,630.27,3,E,5,N
537,575.04,636.81,3,E,5,N
275,490.37,641.17,1,W,3,E
277,496.76,641.77,1,W,3,W
278,513.66,642.07,1,W,3,E
145,573.50,642.22,1,S,2,W
147,575.40,642.82,1,S,2,W
153,583.02,644.32,1,S,2,W
377,535.64,644.77,1,E,3,W
538,583.96,645.73,3,E,5,N
635,577.86,665.54,5,W,5,N
636,579.70,665.84,5,W,5,N
637,581.07,666.14,5,W,5,N
638,581.82,666.44,5,W,5,N
639,589.25,666.74,5,W,5,N
640,605.05,667.04,5,W,5,N
641,619.21,667.34,5,W,5,N
642,625.62,667.64,5,W,5,N
643,630.75,667.94,5,W,5,N
644,637.79,668.24,5,W,5,N
645,638.65,668.54,5,W,5,N
646,649.39,668.84,5,W,5,N
647,660.07,669.14,5,W,5,N
648,670.02,676.15,5,W,5,N
702,605.71,679.54,5,E,5,N
703,622.24,679.84,5,E,5,N
704,624.02,680.14,5,E,5,N
705,647.68,680.44,5,E,5,N
706,651.96,680.74,5,E,5,N
707,671.18,681.04,5,E,5,N
384,600.73,698.60,1,E,3,W
492,555.03,699.30,3,W,5,W
536,573.72,699.60,3,E,5,W
109,441.10,699.90,1,S,5,W
110,441.87,700.20,1,S,5,W
117,466.57,700.50,1,S,5,W
299,639.15,700.70,1,W,2,W
118,468.69,700.80,1,S,5,W
124,475.02,701.10,1,S,5,W
435,533.12,701.40,2,W,5,W
437,557.32,701.70,2,W,5,W
440,590.16,702.00,2,W,5,W
125,476.03,702.30,1,S,5,W
132,517.55,702.60,1,S,5,W
170,602.64,702.80,1,S,1,W
133,518.23,702.90,1,S,5,W
171,608.12,703.10,1,S,1,W
135,520.69,703.20,1,S,5,W
172,609.48,703.40,1,S,1,W
136,520.91,703.50,1,S,5,W
174,612.95,703.70,1,S,1,W
279,521.22,703.80,1,W,5,W
280,522.97,704.10,1,W,5,W
282,538.41,704.40,1,W,5,W
283,538.85,704.70,1,W,5,W
382,589.37,707.20,1,E,5,W
441,603.40,712.87,2,W,3,W
434,508.07,715.30,2,W,5,E
381,585.53,715.60,1,E,5,E
176,647.93,715.60,1,S,1,E
108,441.05,721.44,1,S,5,N
111,441.99,721.74,1,S,5,N
113,443.74,722.04,1,S,5,N
119,469.95,722.34,1,S,5,N
120,471.52,722.64,1,S,5,N
121,472.17,722.94,1,S,5,N
123,474.05,723.24,1,S,5,N
464,513.75,723.54,2,E,5,N
465,558.33,723.84,2,E,5,N
436,544.84,724.14,2,W,5,N
438,566.23,724.44,2,W,5,N
439,578.03,724.74,2,W,5,N
127,478.26,725.04,1,S,5,N
128,479.58,725.34,1,S,5,N
129,513.19,725.64,1,S,5,N
130,513.98,725.94,1,S,5,N
134,519.68,726.24,1,S,5,N
138,524.51,726.54,1,S,5,N
139,525.59,726.84,1,S,5,N
271,473.04,727.14,1,W,5,N
273,480.21,727.44,1,W,5,N
274,482.65,727.74,1,W,5,N
276,495.61,728.04,1,W,5,N
281,524.27,728.34,1,W,5,N
284,540.59,728.64,1,W,5,N
285,542.14,728.94,1,W,5,N
286,543.58,729.24,1,W,5,N
378,560.21,729.54,1,E,5,N
379,576.58,729.84,1,E,5,N
380,581.99,730.14,1,E,5,N
493,620.43,730.44,3,W,5,N
539,620.09,730.74,3,E,5,N
540,632.94,731.04,3,E,5,N
541,642.42,731.34,3,E,5,N
542,650.13,731.64,3,E,5,N
158,593.15,737.07,1,S,3,W
294,614.67,742.77,1,W,3,W
303,646.37,745.17,1,W,3,E
495,686.46,748.23,3,W,5,N
496,690.92,752.69,3,W,5,N
649,677.56,765.44,5,W,5,N
650,679.55,765.74,5,W,5,N
651,720.33,766.04,5,W,5,N
652,721.39,766.34,5,W,5,N
653,722.30,766.64,5,W,5,N
654,724.42,766.94,5,W,5,N
655,725.64,767.24,5,W,5,N
656,742.95,767.54,5,W,5,N
657,756.99,767.84,5,W,5,N
658,757.64,768.14,5,W,5,N
659,758.83,768.44,5,W,5,N
660,760.65,768.74,5,W,5,N
661,762.30,769.04,5,W,5,N
662,769.81,775.94,5,W,5,N
663,769.93,776.07,5,W,5,N
708,722.41,779.44,5,E,5,N
709,723.11,779.74,5,E,5,N
710,723.78,780.04,5,E,5,N
711,725.41,780.34,5,E,5,N
712,730.53,780.64,5,E,5,N
713,785.13,791.27,5,E,5,N
184,704.14,798.40,1,S,3,W
383,599.42,799.20,1,E,5,W
494,632.14,799.50,3,W,5,W
142,563.73,799.80,1,S,5,W
154,586.81,800.10,1,S,5,W
156,591.00,800.40,1,S,5,W
442,615.83,800.70,2,W,5,W
185,705.37,800.80,1,S,2,W
157,591.49,801.00,1,S,5,W
165,598.49,801.30,1,S,5,W
169,602.44,801.60,1,S,5,W
173,611.01,801.90,1,S,5,W
175,613.65,802.20,1,S,5,W
289,574.44,802.50,1,W,5,W
295,622.01,802.80,1,W,5,W
296,633.74,803.10,1,W,5,W
182,702.86,803.20,1,S,1,W
300,640.90,803.40,1,W,5,W
187,744.32,803.50,1,S,1,W
302,645.98,803.70,1,W,5,W
188,744.86,803.80,1,S,1,W
388,638.45,804.00,1,E,5,W
190,746.93,804.10,1,S,1,W
470,723.73,812.97,2,E,3,E
146,575.22,815.20,1,S,5,E
152,582.13,815.50,1,S,5,E
155,589.87,815.80,1,S,5,E
200,793.65,816.00,1,S,1,E
468,664.90,816.10,2,E,5,E
143,565.23,821.34,1,S,5,N
144,572.27,821.64,1,S,5,N
148,576.99,821.94,1,S,5,N
150,579.24,822.24,1,S,5,N
151,580.19,822.54,1,S,5,N
466,604.88,822.84,2,E,5,N
467,636.39,823.14,2,E,5,N
469,676.76,823.44,2,E,5,N
159,594.46,823.74,1,S,5,N
160,594.68,824.04,1,S,5,N
161,594.94,824.34,1,S,5,N
547,715.72,824.63,3,E,5,E
163,596.88,824.64,1,S,5,N
166,598.71,824.94,1,S,5,N
167,600.56,825.24,1,S,5,N
168,600.91,825.54,1,S,5,N
287,567.68,825.84,1,W,5,N
288,572.84,826.14,1,W,5,N
290,575.97,826.44,1,W,5,N
291,586.29,826.74,1,W,5,N
292,589.93,827.04,1,W,5,N
293,591.75,827.34,1,W,5,N
297,636.68,827.64,1,W,5,N
298,637.70,827.94,1,W,5,N
301,642.45,828.24,1,W,5,N
385,604.61,828.54,1,E,5,N
386,623.36,828.84,1,E,5,N
387,624.40,829.14,1,E,5,N
389,649.29,829.44,1,E,5,N
390,677.40,829.74,1,E,5,N
543,703.55,830.04,3,E,5,N
497,747.48,830.34,3,W,5,N
544,705.36,830.64,3,E,5,N
498,761.36,830.94,3,W,5,N
546,714.42,831.24,3,E,5,N
500,774.71,836.48,3,W,5,N
304,667.88,836.87,1,W,3,W
309,720.82,838.37,1,W,3,W
310,722.35,838.67,1,W,3,W
313,749.59,839.57,1,W,3,E
551,794.04,849.67,3,E,5,E
549,790.77,852.54,3,E,5,N
550,792.35,854.12,3,E,5,N
664,772.70,865.34,5,W,5,N
665,775.29,865.64,5,W,5,N
666,788.03,865.94,5,W,5,N
667,790.17,866.24,5,W,5,N
668,805.00,866.54,5,W,5,N
669,806.68,866.84,5,W,5,N
670,819.18,867.14,5,W,5,N
671,819.20,867.44,5,W,5,N
672,819.49,867.74,5,W,5,N
673,821.41,868.04,5,W,5,N
674,826.94,868.34,5,W,5,N
675,843.75,868.64,5,W,5,N
676,846.39,868.94,5,W,5,N
677,847.93,869.24,5,W,5,N
678,849.54,869.54,5,W,5,N
714,803.60,879.34,5,E,5,N
715,810.94,879.64,5,E,5,N
716,814.85,879.94,5,E,5,N
717,824.80,880.24,5,E,5,N
718,870.91,880.54,5,E,5,N
719,873.44,880.84,5,E,5,N
391,696.26,899.10,1,E,5,W
392,699.09,899.40,1,E,5,W
499,764.36,899.70,3,W,5,W
545,713.10,900.00,3,E,5,W
548,759.20,900.30,3,E,5,W
179,651.88,900.60,1,S,5,W
472,775.30,900.90,2,E,5,W
335,829.00,900.90,1,W,2,E
324,782.47,900.90,1,W,2,W
445,753.33,901.20,2,W,5,W
338,839.42,901.20,1,W,2,W
446,777.65,901.50,2,W,5,W
308,719.06,901.80,1,W,5,W
393,703.43,902.10,1,E,5,W
396,735.19,902.40,1,E,5,W
398,738.79,902.70,1,E,5,W
399,746.95,903.00,1,E,5,W
400,766.56,903.30,1,E,5,W
402,775.60,903.60,1,E,5,W
205,835.71,903.60,1,S,1,W
208,872.39,903.90,1,S,1,W
448,824.32,913.07,2,W,3,E
474,844.74,913.37,2,E,3,E
177,650.07,921.24,1,S,5,N
178,651.41,921.54,1,S,5,N
180,653.12,921.84,1,S,5,N
181,700.88,922.14,1,S,5,N
183,703.66,922.44,1,S,5,N
443,715.67,922.74,2,W,5,N
444,719.65,923.04,2,W,5,N
471,755.27,923.34,2,E,5,N
447,785.62,923.64,2,W,5,N
305,684.80,923.94,1,W,5,N
306,692.26,924.24,1,W,5,N
307,693.99,924.54,1,W,5,N
311,732.09,924.84,1,W,5,N
312,733.96,925.14,1,W,5,N
314,751.07,925.44,1,W,5,N
315,752.64,925.74,1,W,5,N
316,754.29,926.04,1,W,5,N
317,756.49,926.34,1,W,5,N
394,704.09,926.64,1,E,5,N
395,706.61,926.94,1,E,5,N
397,737.20,927.24,1,E,5,N
401,768.72,927.54,1,E,5,N
501,833.45,929.37,3,W,5,N
502,844.83,929.67,3,W,5,N
202,795.56,936.97,1,S,3,W
320,775.18,939.07,1,W,3,E
321,776.76,939.37,1,W,3,E
212,878.73,943.42,1,S,2,W
213,880.39,943.72,1,S,2,E
679,880.16,965.24,5,W,5,N
680,896.70,965.54,5,W,5,N
552,829.87,999.00,3,E,5,W
553,839.88,999.30,3,E,5,W
503,867.25,999.60,3,W,5,W
554,858.86,999.90,3,E,5,W
186,742.60,1000.20,1,S,5,W
191,747.84,1000.50,1,S,5,W
192,748.00,1000.80,1,S,5,W
197,754.86,1001.10,1,S,5,W
198,792.31,1001.40,1,S,5,W
203,834.08,1001.70,1,S,5,W
206,836.75,1002.00,1,S,5,W
318,772.55,1002.30,1,W,5,W
330,813.71,1002.60,1,W,5,W
332,815.34,1002.90,1,W,5,W
333,816.20,1003.20,1,W,5,W
334,816.36,1003.50,1,W,5,W
336,830.61,1003.80,1,W,5,W
339,848.86,1004.10,1,W,5,W
406,863.79,1004.40,1,E,5,W
407,865.48,1004.70,1,E,5,W
408,871.56,1005.00,1,E,5,W
409,875.99,1005.30,1,E,5,W
189,745.12,1015.00,1,S,5,E
195,751.92,1015.30,1,S,5,E
449,853.41,1015.60,2,W,5,E
450,891.73,1015.90,2,W,5,E
204,834.95,1016.20,1,S,5,E
325,783.88,1016.50,1,W,5,E
337,831.94,1016.80,1,W,5,E
404,805.21,1017.10,1,E,5,E
411,880.35,1017.40,1,E,5,E
403,803.17,1021.14,1,E,5,N
193,749.77,1021.44,1,S,5,N
194,750.28,1021.74,1,S,5,N
196,753.11,1022.04,1,S,5,N
199,793.37,1022.34,1,S,5,N
201,795.47,1022.64,1,S,5,N
473,818.48,1022.94,2,E,5,N
475,855.85,1023.24,2,E,5,N
476,893.75,1023.54,2,E,5,N
207,838.73,1023.84,1,S,5,N
319,773.79,1024.14,1,W,5,N
322,778.75,1024.44,1,W,5,N
323,779.25,1024.74,1,W,5,N
326,809.25,1025.04,1,W,5,N
327,810.31,1025.34,1,W,5,N
328,810.41,1025.64,1,W,5,N
329,811.86,1025.94,1,W,5,N
331,814.06,1026.24,1,W,5,N
340,850.80,1026.54,1,W,5,N
341,852.67,1026.84,1,W,5,N
405,855.65,1027.14,1,E,5,N
410,878.73,1027.44,1,E,5,N
412,891.11,1027.74,1,E,5,N
413,891.38,1028.04,1,E,5,N
347,886.59,1038.57,1,W,3,E
555,898.59,1098.90,3,E,5,W
211,877.36,1099.20,1,S,5,W
351,895.98,1099.50,1,W,5,W
350,894.92,1114.90,1,W,5,E
209,873.74,1121.04,1,S,5,N
210,875.48,1121.34,1,S,5,N
214,880.84,1121.64,1,S,5,N
342,870.22,1121.94,1,W,5,N
343,872.06,1122.24,1,W,5,N
344,873.13,1122.54,1,W,5,N
345,880.88,1122.84,1,W,5,N
346,881.21,1123.14,1,W,5,N
348,891.80,1123.44,1,W,5,N
349,893.46,1123.74,1,W,5,N