id,enter_time,exit_time,entrance_intersection,entrance_direction,exit_intersection,exit_direction
3,8.07,22.20,1,S,1,E
501,7.20,66.14,5,W,5,N
502,8.90,66.44,5,W,5,N
503,11.16,66.74,5,W,5,N
504,41.75,67.04,5,W,5,N
505,44.62,67.34,5,W,5,N
506,45.07,67.64,5,W,5,N
651,71.85,80.14,5,E,5,N
652,77.50,83.64,5,E,5,N
653,82.14,88.27,5,E,5,N
654,88.03,94.17,5,E,5,N
655,93.81,99.95,5,E,5,N
165,18.43,100.10,1,W,2,W
1,5.30,100.40,1,S,1,W
2,5.32,100.70,1,S,1,W
15,78.25,101.00,1,S,1,W
8,40.46,113.20,1,S,1,E
428,14.05,124.83,3,W,5,E
452,49.79,130.97,3,E,5,N
430,25.80,131.57,3,W,5,N
455,85.00,146.77,3,E,5,N
321,100.02,162.21,1,E,3,W
507,77.79,166.04,5,W,5,N
508,85.69,166.34,5,W,5,N
509,86.90,166.64,5,W,5,N
510,97.22,166.94,5,W,5,N
511,97.22,167.24,5,W,5,N
512,99.17,167.54,5,W,5,N
513,107.10,167.84,5,W,5,N
514,113.91,168.14,5,W,5,N
515,114.85,168.44,5,W,5,N
516,117.71,168.74,5,W,5,N
517,119.07,169.04,5,W,5,N
518,120.61,169.34,5,W,5,N
519,123.55,169.64,5,W,5,N
520,127.92,169.94,5,W,5,N
521,130.75,170.24,5,W,5,N
522,132.18,170.54,5,W,5,N
523,145.14,170.84,5,W,5,N
524,160.28,171.14,5,W,5,N
525,161.54,171.44,5,W,5,N
526,164.61,171.74,5,W,5,N
527,166.63,172.77,5,W,5,N
528,166.94,173.07,5,W,5,N
656,144.88,180.04,5,E,5,N
12,76.66,199.60,1,S,3,W
429,14.15,199.80,3,W,5,W
453,51.55,200.10,3,E,5,W
184,111.23,200.20,1,W,2,W
431,82.69,200.40,3,W,5,W
322,123.83,200.50,1,E,2,W
454,83.17,200.70,3,E,5,W
27,180.41,200.80,1,S,1,W
456,94.35,201.00,3,E,5,W
405,47.02,201.30,2,E,5,W
406,88.77,201.60,2,E,5,W
378,89.71,201.90,2,W,5,W
379,91.83,202.20,2,W,5,W
5,35.76,202.50,1,S,5,W
6,35.94,202.80,1,S,5,W
166,19.66,203.10,1,W,5,W
167,29.58,203.40,1,W,5,W
657,197.34,203.48,5,E,5,N
169,33.66,203.70,1,W,5,W
170,34.97,204.00,1,W,5,W
171,42.29,204.30,1,W,5,W
173,53.10,204.60,1,W,5,W
174,54.83,204.90,1,W,5,W
315,5.26,205.20,1,E,5,W
316,36.23,205.50,1,E,5,W
318,68.44,205.80,1,E,5,W
37,196.41,210.55,1,S,1,W
408,112.34,212.37,2,E,3,E
29,181.25,213.60,1,S,1,E
39,198.60,213.90,1,S,1,E
320,96.73,215.80,1,E,5,E
0,3.36,221.94,1,S,5,N
377,5.59,222.24,2,W,5,N
407,99.74,222.54,2,E,5,N
4,8.89,222.84,1,S,5,N
163,2.12,223.14,1,W,5,N
164,11.88,223.44,1,W,5,N
168,32.59,223.74,1,W,5,N
172,43.97,224.04,1,W,5,N
317,39.72,224.34,1,E,5,N
319,86.70,224.64,1,E,5,N
432,112.63,230.77,3,W,5,N
457,102.69,231.07,3,E,5,N
458,117.87,231.37,3,E,5,N
459,119.77,231.67,3,E,5,N
460,121.56,231.97,3,E,5,N
461,122.97,232.27,3,E,5,N
463,136.96,232.57,3,E,5,N
464,138.63,232.87,3,E,5,N
433,175.28,237.05,3,W,5,N
24,175.20,241.22,1,S,2,W
190,116.28,241.37,1,W,3,W
191,121.56,241.67,1,W,3,W
466,196.50,252.14,3,E,5,E
434,196.81,258.58,3,W,5,N
529,194.55,265.94,5,W,5,N
530,196.18,266.24,5,W,5,N
531,196.98,266.54,5,W,5,N
532,199.97,266.84,5,W,5,N
533,200.67,267.14,5,W,5,N
534,223.24,267.44,5,W,5,N
535,225.02,267.74,5,W,5,N
536,228.29,268.04,5,W,5,N
537,230.73,268.34,5,W,5,N
538,230.95,268.64,5,W,5,N
539,232.01,268.94,5,W,5,N
540,233.82,269.24,5,W,5,N
541,236.82,269.54,5,W,5,N
542,244.38,269.84,5,W,5,N
543,245.93,270.14,5,W,5,N
544,246.97,270.44,5,W,5,N
545,249.70,270.74,5,W,5,N
546,269.59,275.72,5,W,5,N
547,271.00,277.13,5,W,5,N
658,265.76,279.94,5,E,5,N
659,266.31,280.24,5,E,5,N
23,153.28,299.40,1,S,3,W
462,131.90,299.70,3,E,5,W
465,195.11,300.00,3,E,5,W
331,262.93,300.30,1,E,2,W
7,39.41,300.30,1,S,5,W
10,74.31,300.60,1,S,5,W
11,74.39,300.90,1,S,5,W
40,200.09,301.20,1,S,1,W
13,76.71,301.20,1,S,5,W
49,208.14,301.50,1,S,1,W
17,110.82,301.50,1,S,5,W
52,254.27,301.80,1,S,1,W
175,68.11,301.80,1,W,5,W
176,71.20,302.10,1,W,5,W
177,81.15,302.40,1,W,5,W
185,112.81,302.70,1,W,5,W
189,115.57,303.00,1,W,5,W
325,169.73,303.30,1,E,5,W
178,86.53,315.70,1,W,5,E
194,147.43,316.00,1,W,5,E
9,41.91,321.84,1,S,5,N
14,76.86,322.14,1,S,5,N
409,145.69,322.44,2,E,5,N
380,179.31,322.74,2,W,5,N
381,192.50,323.04,2,W,5,N
410,193.41,323.34,2,E,5,N
382,196.42,323.64,2,W,5,N
16,109.43,323.94,1,S,5,N
18,111.98,324.24,1,S,5,N
179,95.75,324.54,1,W,5,N
180,96.99,324.84,1,W,5,N
181,99.87,325.14,1,W,5,N
182,101.49,325.44,1,W,5,N
183,109.69,325.74,1,W,5,N
186,114.00,326.04,1,W,5,N
187,114.11,326.34,1,W,5,N
188,114.44,326.64,1,W,5,N
192,121.86,326.94,1,W,5,N
193,123.04,327.24,1,W,5,N
195,149.19,327.54,1,W,5,N
196,150.18,327.84,1,W,5,N
197,157.63,328.14,1,W,5,N
198,159.34,328.44,1,W,5,N
323,127.56,328.74,1,E,5,N
324,143.67,329.04,1,E,5,N
326,180.38,329.34,1,E,5,N
327,197.08,329.64,1,E,5,N
435,254.25,330.57,3,W,5,N
467,255.59,330.87,3,E,5,N
48,207.71,338.17,1,S,3,W
548,278.32,365.84,5,W,5,N
549,285.28,366.14,5,W,5,N
550,292.74,366.44,5,W,5,N
551,301.76,366.74,5,W,5,N
552,307.83,367.04,5,W,5,N
553,308.42,367.34,5,W,5,N
554,310.20,367.64,5,W,5,N
555,311.80,367.94,5,W,5,N
556,311.87,368.24,5,W,5,N
557,312.84,368.54,5,W,5,N
558,323.33,368.84,5,W,5,N
559,330.79,369.14,5,W,5,N
560,331.20,369.44,5,W,5,N
561,341.93,369.74,5,W,5,N
562,342.06,370.04,5,W,5,N
563,343.57,370.34,5,W,5,N
564,344.30,370.64,5,W,5,N
565,345.96,370.94,5,W,5,N
566,354.82,371.24,5,W,5,N
567,365.07,371.54,5,W,5,N
568,365.89,372.02,5,W,5,N
569,369.77,375.91,5,W,5,N
660,314.08,379.84,5,E,5,N
661,323.63,380.14,5,E,5,N
468,298.39,399.60,3,E,5,W
19,145.16,399.90,1,S,5,W
26,178.86,400.20,1,S,5,W
333,321.92,400.40,1,E,2,W
28,180.80,400.50,1,S,5,W
31,185.63,400.80,1,S,5,W
32,187.60,401.10,1,S,5,W
35,189.85,401.40,1,S,5,W
54,299.01,401.60,1,S,1,W
411,241.64,401.70,2,E,5,W
60,362.55,401.90,1,S,1,W
50,209.44,402.00,1,S,5,W
201,196.94,402.30,1,W,5,W
203,217.21,402.60,1,W,5,W
328,215.66,402.90,1,E,5,W
662,396.80,402.93,5,E,5,N
329,225.71,403.20,1,E,5,W
38,198.39,415.60,1,S,5,E
200,176.07,415.90,1,W,5,E
332,295.07,416.20,1,E,5,E
20,149.06,421.74,1,S,5,N
21,149.23,422.04,1,S,5,N
22,150.88,422.34,1,S,5,N
25,177.04,422.64,1,S,5,N
30,183.18,422.94,1,S,5,N
33,188.19,423.24,1,S,5,N
34,188.40,423.54,1,S,5,N
36,190.52,423.84,1,S,5,N
41,200.38,424.14,1,S,5,N
383,206.78,424.44,2,W,5,N
412,287.24,424.74,2,E,5,N
42,200.69,425.04,1,S,5,N
43,202.14,425.34,1,S,5,N
44,203.74,425.64,1,S,5,N
45,204.12,425.94,1,S,5,N
46,205.90,426.24,1,S,5,N
47,207.22,426.54,1,S,5,N
199,165.80,426.84,1,W,5,N
202,214.53,427.14,1,W,5,N
204,218.41,427.44,1,W,5,N
205,234.17,427.74,1,W,5,N
206,250.78,428.04,1,W,5,N
207,250.88,428.34,1,W,5,N
208,252.65,428.64,1,W,5,N
330,225.87,428.94,1,E,5,N
436,307.29,430.37,3,W,5,N
469,305.92,430.67,3,E,5,N
437,362.61,430.97,3,W,5,N
472,359.20,431.27,3,E,5,N
471,357.84,431.27,3,E,5,N
438,373.68,435.45,3,W,5,N
213,300.29,438.57,1,W,3,E
217,314.98,439.77,1,W,3,W
570,377.77,465.74,5,W,5,N
571,379.51,466.04,5,W,5,N
572,386.16,466.34,5,W,5,N
573,387.94,466.64,5,W,5,N
574,389.43,466.94,5,W,5,N
575,390.49,467.24,5,W,5,N
576,398.92,467.54,5,W,5,N
577,406.52,467.84,5,W,5,N
578,407.67,468.14,5,W,5,N
579,408.79,468.44,5,W,5,N
580,410.09,468.74,5,W,5,N
581,455.44,469.04,5,W,5,N
663,402.04,479.74,5,E,5,N
664,474.03,480.17,5,E,5,N
665,478.80,484.94,5,E,5,N
470,307.81,499.50,3,E,5,W
473,365.41,499.80,3,E,5,W
439,385.80,500.10,3,W,5,W
51,252.45,500.40,1,S,5,W
340,472.88,500.50,1,E,2,W
55,299.30,500.70,1,S,5,W
56,301.13,501.00,1,S,5,W
384,303.14,501.30,2,W,5,W
386,321.39,501.60,2,W,5,W
415,389.02,501.90,2,E,5,W
66,444.05,502.00,1,S,1,W
209,267.67,502.20,1,W,5,W
68,448.15,502.30,1,S,1,W
210,268.77,502.50,1,W,5,W
70,450.59,502.60,1,S,1,W
212,298.93,502.80,1,W,5,W
77,464.22,502.90,1,S,1,W
218,322.94,503.10,1,W,5,W
80,468.86,503.20,1,S,1,W
219,324.01,503.40,1,W,5,W
222,351.66,503.70,1,W,5,W
69,449.19,514.80,1,S,1,E
74,456.69,515.10,1,S,1,E
53,256.16,521.64,1,S,5,N
413,301.05,521.94,2,E,5,N
385,317.55,522.24,2,W,5,N
414,348.41,522.54,2,E,5,N
387,361.38,522.84,2,W,5,N
388,388.83,523.14,2,W,5,N
57,325.76,523.44,1,S,5,N
58,330.99,523.74,1,S,5,N
59,331.51,524.04,1,S,5,N
211,288.36,524.34,1,W,5,N
214,309.78,524.64,1,W,5,N
215,313.66,524.94,1,W,5,N
216,314.79,525.24,1,W,5,N
220,349.59,525.54,1,W,5,N
221,351.23,525.84,1,W,5,N
334,336.22,526.14,1,E,5,N
474,410.55,530.17,3,E,5,N
475,412.36,530.47,3,E,5,N
476,414.09,530.77,3,E,5,N
478,449.58,531.37,3,E,5,N
479,455.95,531.67,3,E,5,N
480,457.89,531.97,3,E,5,N
391,500.10,536.18,2,W,3,E
230,403.84,538.97,1,W,3,W
231,419.74,539.27,1,W,3,E
337,406.87,540.77,1,E,3,W
481,489.36,551.13,3,E,5,N
582,491.89,565.64,5,W,5,N
583,492.18,565.94,5,W,5,N
584,494.76,566.24,5,W,5,N
585,509.61,566.54,5,W,5,N
586,510.62,566.84,5,W,5,N
587,511.31,567.14,5,W,5,N
588,522.28,567.44,5,W,5,N
589,524.45,567.74,5,W,5,N
590,550.83,568.04,5,W,5,N
591,551.22,568.34,5,W,5,N
592,559.17,568.64,5,W,5,N
593,562.31,568.94,5,W,5,N
594,564.97,571.11,5,W,5,N
666,531.38,579.64,5,E,5,N
667,535.09,579.94,5,E,5,N
668,540.41,580.24,5,E,5,N
669,541.56,580.54,5,E,5,N
670,543.01,580.84,5,E,5,N
440,459.95,599.40,3,W,5,W
477,448.44,599.70,3,E,5,W
61,363.67,600.00,1,S,5,W
62,364.36,600.30,1,S,5,W
389,411.42,600.60,2,W,5,W
92,534.03,600.60,1,S,2,W
416,437.27,600.90,2,E,5,W
93,535.61,600.90,1,S,2,W
223,367.61,601.20,1,W,5,W
335,404.38,601.50,1,E,5,W
339,440.13,601.80,1,E,5,W
84,523.58,602.40,1,S,1,W
86,524.00,602.70,1,S,1,W
88,525.31,603.00,1,S,1,W
341,489.71,607.53,1,E,5,W
102,577.59,615.20,1,S,1,E
390,422.95,621.54,2,W,5,N
417,465.84,621.84,2,E,5,N
63,407.37,622.14,1,S,5,N
224,376.62,622.44,1,W,5,N
225,377.50,622.74,1,W,5,N
226,379.40,623.04,1,W,5,N
227,380.85,623.34,1,W,5,N
228,382.39,623.64,1,W,5,N
229,401.93,623.94,1,W,5,N
232,422.63,624.24,1,W,5,N
233,446.99,624.54,1,W,5,N
336,405.98,624.84,1,E,5,N
338,425.72,625.14,1,E,5,N
342,500.20,625.44,1,E,5,N
441,522.93,629.97,3,W,5,N
87,525.10,636.97,1,S,3,W
345,563.98,642.67,1,E,3,W
442,591.30,646.94,3,W,5,E
483,591.33,653.10,3,E,5,N
595,579.78,665.54,5,W,5,N
596,580.00,665.84,5,W,5,N
597,605.54,666.14,5,W,5,N
598,615.72,666.44,5,W,5,N
599,616.88,666.74,5,W,5,N
600,626.89,667.04,5,W,5,N
601,637.24,667.34,5,W,5,N
602,637.94,667.64,5,W,5,N
603,639.48,667.94,5,W,5,N
604,641.17,668.24,5,W,5,N
605,642.38,668.54,5,W,5,N
606,655.34,668.84,5,W,5,N
607,661.37,669.14,5,W,5,N
608,665.21,671.35,5,W,5,N
609,671.23,677.36,5,W,5,N
671,608.24,679.54,5,E,5,N
672,608.84,679.84,5,E,5,N
673,609.99,680.14,5,E,5,N
674,633.54,680.44,5,E,5,N
675,674.07,680.74,5,E,5,N
676,679.03,685.17,5,E,5,N
677,691.64,697.77,5,E,5,N
482,531.93,699.30,3,E,5,W
64,441.13,699.60,1,S,5,W
65,443.68,699.90,1,S,5,W
71,452.29,700.20,1,S,5,W
83,473.92,700.50,1,S,5,W
420,596.78,700.80,2,E,5,W
94,537.07,701.10,1,S,5,W
95,538.16,701.40,1,S,5,W
235,470.42,701.70,1,W,5,W
237,472.32,702.00,1,W,5,W
346,577.36,702.30,1,E,5,W
109,620.18,702.80,1,S,1,W
116,691.58,705.71,1,S,1,W
118,695.00,709.13,1,S,1,W
73,454.19,715.30,1,S,5,E
76,458.33,715.60,1,S,5,E
125,700.86,715.60,1,S,1,E
82,472.20,715.90,1,S,5,E
393,540.26,716.20,2,W,5,E
241,518.71,716.50,1,W,5,E
243,535.82,716.80,1,W,5,E
67,444.74,721.44,1,S,5,N
72,452.62,721.74,1,S,5,N
75,458.28,722.04,1,S,5,N
78,465.44,722.34,1,S,5,N
79,466.86,722.64,1,S,5,N
81,470.55,722.94,1,S,5,N
418,513.11,723.24,2,E,5,N
392,525.99,723.54,2,W,5,N
419,552.75,723.84,2,E,5,N
85,523.67,724.14,1,S,5,N
89,526.55,724.44,1,S,5,N
90,528.48,724.74,1,S,5,N
91,533.88,725.04,1,S,5,N
234,470.23,725.34,1,W,5,N
236,470.62,725.64,1,W,5,N
238,491.74,725.94,1,W,5,N
239,498.06,726.24,1,W,5,N
240,499.27,726.54,1,W,5,N
242,534.34,726.84,1,W,5,N
244,550.92,727.14,1,W,5,N
343,510.15,727.44,1,E,5,N
344,537.76,727.74,1,E,5,N
347,594.36,728.04,1,E,5,N
444,658.95,730.07,3,W,5,N
486,639.00,730.37,3,E,5,N
488,641.87,730.97,3,E,5,N
257,624.64,741.87,1,W,3,W
350,621.05,743.67,1,E,3,E
490,688.31,750.08,3,E,5,N
491,689.53,751.30,3,E,5,N
610,679.25,765.44,5,W,5,N
611,680.45,765.74,5,W,5,N
612,683.19,766.04,5,W,5,N
613,684.86,766.34,5,W,5,N
614,686.59,766.64,5,W,5,N
615,696.02,766.94,5,W,5,N
616,697.14,767.24,5,W,5,N
617,706.53,767.54,5,W,5,N
618,708.05,767.84,5,W,5,N
619,709.38,768.14,5,W,5,N
620,710.70,768.44,5,W,5,N
621,740.33,768.74,5,W,5,N
622,741.97,769.04,5,W,5,N
623,743.93,769.34,5,W,5,N
624,745.48,769.64,5,W,5,N
625,746.51,769.94,5,W,5,N
626,747.26,770.24,5,W,5,N
627,748.91,770.54,5,W,5,N
628,752.55,770.84,5,W,5,N
629,762.91,771.14,5,W,5,N
630,770.08,776.22,5,W,5,N
678,700.71,779.44,5,E,5,N
679,703.05,779.74,5,E,5,N
680,705.63,780.04,5,E,5,N
681,706.06,780.34,5,E,5,N
682,753.99,780.64,5,E,5,N
683,758.42,780.94,5,E,5,N
684,759.92,781.24,5,E,5,N
685,768.02,781.54,5,E,5,N
686,768.20,781.84,5,E,5,N
687,781.18,787.32,5,E,5,N
688,790.14,796.27,5,E,5,N
443,656.82,799.20,3,W,5,W
484,636.03,799.50,3,E,5,W
485,637.84,799.80,3,E,5,W
487,640.52,800.10,3,E,5,W
489,643.62,800.40,3,E,5,W
689,794.40,800.54,5,E,5,N
99,542.66,800.70,1,S,5,W
100,544.39,801.00,1,S,5,W
101,574.72,801.30,1,S,5,W
421,620.73,801.60,2,E,5,W
396,671.20,801.90,2,W,5,W
397,673.25,802.20,2,W,5,W
105,612.49,802.50,1,S,5,W
246,568.51,802.80,1,W,5,W
247,583.67,803.10,1,W,5,W
126,702.39,803.20,1,S,1,W
248,597.34,803.40,1,W,5,W
127,704.35,803.50,1,S,1,W
254,620.28,803.70,1,W,5,W
131,743.41,803.80,1,S,1,W
255,621.38,804.00,1,W,5,W
133,773.61,804.10,1,S,1,W
259,663.69,804.30,1,W,5,W
136,781.44,804.40,1,S,1,W
353,641.21,804.60,1,E,5,W
354,643.14,804.90,1,E,5,W
359,677.93,805.20,1,E,5,W
402,774.16,813.87,2,W,3,W
98,541.16,815.20,1,S,5,E
103,577.68,815.50,1,S,5,E
108,618.45,815.80,1,S,5,E
128,740.65,816.00,1,S,1,E
249,601.09,816.10,1,W,5,E
96,539.33,821.34,1,S,5,N
97,540.50,821.64,1,S,5,N
394,634.48,821.94,2,W,5,N
422,660.99,822.24,2,E,5,N
395,657.12,822.54,2,W,5,N
398,699.53,822.84,2,W,5,N
104,611.78,823.14,1,S,5,N
106,614.21,823.44,1,S,5,N
493,707.90,823.73,3,E,5,E
107,617.84,823.74,1,S,5,N
245,567.16,824.04,1,W,5,N
250,606.50,824.34,1,W,5,N
251,606.86,824.64,1,W,5,N
252,608.33,824.94,1,W,5,N
253,619.03,825.24,1,W,5,N
256,622.65,825.54,1,W,5,N
258,640.68,825.84,1,W,5,N
260,665.65,826.14,1,W,5,N
348,613.54,826.44,1,E,5,N
349,616.13,826.74,1,E,5,N
351,630.20,827.04,1,E,5,N
352,632.02,827.34,1,E,5,N
355,648.92,827.64,1,E,5,N
356,659.21,827.94,1,E,5,N
357,661.92,828.24,1,E,5,N
358,672.92,828.54,1,E,5,N
445,718.52,829.57,3,W,5,N
448,773.60,835.37,3,W,5,N
264,684.26,837.77,1,W,3,E
365,740.78,845.27,1,E,3,W
370,791.00,853.19,1,E,3,E
631,785.85,865.34,5,W,5,N
632,793.32,865.64,5,W,5,N
633,801.31,865.94,5,W,5,N
634,808.80,866.24,5,W,5,N
635,810.31,866.54,5,W,5,N
636,811.51,866.84,5,W,5,N
637,814.47,867.14,5,W,5,N
638,832.39,867.44,5,W,5,N
639,861.02,867.74,5,W,5,N
640,861.86,867.99,5,W,5,N
641,872.57,878.71,5,W,5,N
690,801.29,879.34,5,E,5,N
691,802.57,879.64,5,E,5,N
692,807.93,879.94,5,E,5,N
693,857.18,880.24,5,E,5,N
694,859.56,880.54,5,E,5,N
695,870.33,880.84,5,E,5,N
696,887.36,893.50,5,E,5,N
492,700.18,899.10,3,E,5,W
446,744.47,899.40,3,W,5,W
447,752.35,899.70,3,W,5,W
494,724.37,900.00,3,E,5,W
495,781.79,900.30,3,E,5,W
113,689.29,900.60,1,S,5,W
114,690.51,900.90,1,S,5,W
148,832.84,900.90,1,S,2,W
115,691.39,901.20,1,S,5,W
288,786.83,901.20,1,W,2,W
117,693.41,901.50,1,S,5,W
294,797.66,901.50,1,W,2,W
123,698.38,901.80,1,S,5,W
301,826.87,901.80,1,W,2,W
265,685.55,902.10,1,W,5,W
266,686.51,902.40,1,W,5,W
267,688.16,902.70,1,W,5,W
269,708.13,903.00,1,W,5,W
270,709.55,903.30,1,W,5,W
277,744.94,903.60,1,W,5,W
142,825.14,903.60,1,S,1,W
280,747.60,903.90,1,W,5,W
144,827.42,903.90,1,S,1,W
360,716.77,904.20,1,E,5,W
146,829.28,904.20,1,S,1,W
361,722.48,904.50,1,E,5,W
158,889.77,904.50,1,S,1,W
160,891.11,905.25,1,S,1,W
403,867.80,913.07,2,W,3,E
274,724.37,915.10,1,W,5,E
367,744.38,915.40,1,E,5,E
110,652.30,921.24,1,S,5,N
111,654.22,921.54,1,S,5,N
112,687.56,921.84,1,S,5,N
119,696.66,922.14,1,S,5,N
120,696.72,922.44,1,S,5,N
121,697.93,922.74,1,S,5,N
122,698.13,923.04,1,S,5,N
124,700.12,923.34,1,S,5,N
497,801.39,923.53,3,E,5,E
399,714.38,923.64,2,W,5,N
423,709.49,923.94,2,E,5,N
424,758.24,924.24,2,E,5,N
400,741.96,924.54,2,W,5,N
401,762.82,924.84,2,W,5,N
425,776.23,925.14,2,E,5,N
261,667.40,925.44,1,W,5,N
262,674.14,925.74,1,W,5,N
263,680.76,926.04,1,W,5,N
268,708.06,926.34,1,W,5,N
271,719.92,926.64,1,W,5,N
272,723.05,926.94,1,W,5,N
273,723.10,927.24,1,W,5,N
275,731.44,927.54,1,W,5,N
276,731.82,927.84,1,W,5,N
278,745.71,928.14,1,W,5,N
279,747.29,928.44,1,W,5,N
281,763.02,928.74,1,W,5,N
282,764.09,929.04,1,W,5,N
283,765.66,929.34,1,W,5,N
362,723.54,929.64,1,E,5,N
363,732.85,929.94,1,E,5,N
364,734.86,930.24,1,E,5,N
366,742.06,930.54,1,E,5,N
368,758.91,930.84,1,E,5,N
369,766.39,931.14,1,E,5,N
371,798.45,931.44,1,E,5,N
449,826.52,931.74,3,W,5,N
496,799.60,932.04,3,E,5,N
450,834.23,932.34,3,W,5,N
498,802.52,932.64,3,E,5,N
499,803.66,932.94,3,E,5,N
151,838.73,939.07,1,S,3,E
297,806.63,942.67,1,W,3,E
642,872.79,965.24,5,W,5,N
643,873.11,965.54,5,W,5,N
644,885.73,965.84,5,W,5,N
645,887.35,966.14,5,W,5,N
646,888.59,966.44,5,W,5,N
647,896.32,966.74,5,W,5,N
648,896.82,967.04,5,W,5,N
649,898.26,967.34,5,W,5,N
650,899.78,967.64,5,W,5,N
500,858.10,999.00,3,E,5,W
451,890.97,999.30,3,W,5,W
132,744.25,999.60,1,S,5,W
137,782.09,999.90,1,S,5,W
139,784.96,1000.20,1,S,5,W
426,823.76,1000.50,2,E,5,W
427,871.91,1000.80,2,E,5,W
307,873.22,1001.00,1,W,2,W
404,896.52,1001.10,2,W,5,W
314,892.50,1001.30,1,W,2,W
287,785.61,1001.40,1,W,5,W
290,789.39,1001.70,1,W,5,W
295,799.53,1002.00,1,W,5,W
296,805.57,1002.30,1,W,5,W
302,828.49,1002.60,1,W,5,W
375,870.91,1002.90,1,E,5,W
376,874.18,1003.20,1,E,5,W
298,807.94,1015.00,1,W,5,E
129,741.16,1021.14,1,S,5,N
130,743.03,1021.44,1,S,5,N
134,774.61,1021.74,1,S,5,N
135,776.54,1022.04,1,S,5,N
138,783.85,1022.34,1,S,5,N
140,822.33,1022.64,1,S,5,N
141,823.69,1022.94,1,S,5,N
143,827.10,1023.24,1,S,5,N
145,828.82,1023.54,1,S,5,N
147,832.63,1023.84,1,S,5,N
149,834.59,1024.14,1,S,5,N
150,836.52,1024.44,1,S,5,N
284,780.52,1024.74,1,W,5,N
285,782.46,1025.04,1,W,5,N
286,784.27,1025.34,1,W,5,N
289,788.09,1025.64,1,W,5,N
291,790.44,1025.94,1,W,5,N
292,792.03,1026.24,1,W,5,N
293,795.89,1026.54,1,W,5,N
299,809.90,1026.84,1,W,5,N
300,810.46,1027.14,1,W,5,N
303,854.28,1027.44,1,W,5,N
372,808.49,1027.74,1,E,5,N
373,826.58,1028.04,1,E,5,N
374,827.96,1028.34,1,E,5,N
155,885.25,1098.90,1,S,5,W
159,890.85,1099.20,1,S,5,W
162,892.70,1099.50,1,S,5,W
304,869.62,1099.80,1,W,5,W
310,885.98,1100.10,1,W,5,W
161,891.66,1114.90,1,S,5,E
152,869.84,1121.04,1,S,5,N
153,870.35,1121.34,1,S,5,N
154,877.54,1121.64,1,S,5,N
156,887.25,1121.94,1,S,5,N
157,888.64,1122.24,1,S,5,N
305,871.07,1122.54,1,W,5,N
306,872.72,1122.84,1,W,5,N
308,882.56,1123.14,1,W,5,N
309,884.42,1123.44,1,W,5,N
311,886.05,1123.74,1,W,5,N
312,887.09,1124.04,1,W,5,N
313,890.65,1124.34,1,W,5,N