id,enter_time,exit_time,entrance_intersection,entrance_direction,exit_intersection,exit_direction
498,2.08,66.14,5,W,5,N
499,3.77,66.44,5,W,5,N
500,16.84,66.74,5,W,5,N
501,48.57,67.04,5,W,5,N
502,57.71,67.34,5,W,5,N
503,64.52,70.66,5,W,5,N
504,67.39,73.52,5,W,5,N
505,67.63,73.77,5,W,5,N
506,69.14,75.27,5,W,5,N
507,69.83,75.96,5,W,5,N
508,72.40,78.54,5,W,5,N
597,19.71,80.14,5,E,5,N
598,25.35,80.44,5,E,5,N
599,51.62,80.74,5,E,5,N
4,14.50,100.40,1,S,1,W
6,16.60,100.70,1,S,1,W
11,25.22,101.00,1,S,1,W
26,42.36,101.30,1,S,1,W
35,53.02,101.60,1,S,1,W
20,38.65,113.20,1,S,1,E
25,40.79,113.50,1,S,1,E
34,50.11,113.80,1,S,1,E
39,95.69,114.10,1,S,1,E
469,38.03,131.27,3,E,5,N
441,86.56,148.33,3,W,5,N
442,92.70,154.47,3,W,5,N
472,93.52,155.29,3,E,5,N
509,80.05,166.04,5,W,5,N
510,80.59,166.34,5,W,5,N
511,81.91,166.64,5,W,5,N
512,126.90,166.94,5,W,5,N
513,128.62,167.24,5,W,5,N
514,129.68,167.54,5,W,5,N
515,130.77,167.84,5,W,5,N
516,132.36,168.14,5,W,5,N
517,148.23,168.44,5,W,5,N
518,155.96,168.74,5,W,5,N
519,166.50,172.63,5,W,5,N
520,168.25,174.38,5,W,5,N
521,169.37,175.50,5,W,5,N
600,117.04,180.04,5,E,5,N
601,118.99,180.34,5,E,5,N
602,128.83,180.64,5,E,5,N
603,181.39,187.52,5,E,5,N
604,182.13,188.26,5,E,5,N
468,31.47,199.80,3,E,5,W
439,6.79,200.10,3,W,5,W
211,148.53,200.20,1,W,2,W
209,130.86,200.20,1,W,2,E
440,35.08,200.40,3,W,5,W
335,152.79,200.50,1,E,2,E
470,39.94,200.70,3,E,5,W
471,74.44,201.00,3,E,5,W
387,59.11,201.30,2,W,5,W
389,86.18,201.60,2,W,5,W
416,94.75,201.90,2,E,5,W
12,26.61,202.20,1,S,5,W
13,28.01,202.50,1,S,5,W
16,33.37,202.80,1,S,5,W
19,36.83,203.10,1,S,5,W
194,9.31,203.40,1,W,5,W
198,24.08,203.70,1,W,5,W
200,47.68,204.00,1,W,5,W
201,49.56,204.30,1,W,5,W
323,11.42,204.60,1,E,5,W
324,35.31,204.90,1,E,5,W
327,73.90,205.20,1,E,5,W
328,75.54,205.50,1,E,5,W
329,78.00,205.80,1,E,5,W
0,0.88,215.80,1,S,5,E
1,3.53,216.10,1,S,5,E
414,61.22,216.40,2,E,5,E
3,12.99,216.70,1,S,5,E
9,21.96,217.00,1,S,5,E
326,45.17,217.30,1,E,5,E
330,87.90,217.60,1,E,5,E
413,15.91,221.94,2,E,5,N
386,36.55,222.24,2,W,5,N
388,73.84,222.54,2,W,5,N
415,78.28,222.84,2,E,5,N
2,11.20,223.14,1,S,5,N
5,14.76,223.44,1,S,5,N
7,18.41,223.74,1,S,5,N
8,20.14,224.04,1,S,5,N
10,24.20,224.34,1,S,5,N
14,29.62,224.64,1,S,5,N
15,29.98,224.94,1,S,5,N
17,34.35,225.24,1,S,5,N
18,34.90,225.54,1,S,5,N
195,10.69,225.84,1,W,5,N
196,19.87,226.14,1,W,5,N
197,20.89,226.44,1,W,5,N
199,44.25,226.74,1,W,5,N
202,53.42,227.04,1,W,5,N
203,54.89,227.34,1,W,5,N
322,10.19,227.64,1,E,5,N
325,42.19,227.94,1,E,5,N
331,92.27,228.24,1,E,5,N
332,94.72,228.54,1,E,5,N
473,153.43,230.77,3,E,5,N
444,158.05,231.07,3,W,5,N
445,162.23,231.37,3,W,5,N
336,154.38,238.97,1,E,3,E
43,226.21,240.34,1,S,1,E
44,227.62,241.76,1,S,1,E
446,180.96,242.73,3,W,5,N
474,192.86,248.49,3,E,5,E
339,196.79,258.98,1,E,3,W
522,207.22,265.94,5,W,5,N
523,213.55,266.24,5,W,5,N
524,216.00,266.54,5,W,5,N
525,232.88,266.84,5,W,5,N
526,258.96,267.14,5,W,5,N
527,260.83,267.44,5,W,5,N
528,262.42,268.56,5,W,5,N
529,264.85,270.99,5,W,5,N
530,266.61,272.74,5,W,5,N
531,267.41,273.54,5,W,5,N
605,206.56,279.94,5,E,5,N
606,234.86,280.24,5,E,5,N
607,236.85,280.54,5,E,5,N
608,241.43,280.84,5,E,5,N
609,242.91,281.14,5,E,5,N
610,252.76,281.44,5,E,5,N
443,157.39,299.70,3,W,5,W
447,198.48,300.00,3,W,5,W
220,203.70,300.30,1,W,2,W
21,39.38,300.30,1,S,5,W
341,204.35,300.60,1,E,2,W
24,40.30,300.60,1,S,5,W
28,44.34,300.90,1,S,5,W
46,230.62,301.20,1,S,1,W
33,48.85,301.20,1,S,5,W
49,232.10,301.50,1,S,1,W
418,188.30,301.50,2,E,5,W
68,252.59,301.80,1,S,1,W
207,109.13,301.80,1,W,5,W
71,255.73,302.10,1,S,1,W
210,131.56,302.10,1,W,5,W
212,157.80,302.40,1,W,5,W
333,109.56,302.70,1,E,5,W
337,174.57,303.00,1,E,5,W
338,194.19,312.02,1,E,5,W
55,237.98,314.00,1,S,1,E
59,239.74,314.30,1,S,1,E
78,300.48,314.61,1,S,1,E
22,39.44,321.84,1,S,5,N
23,40.15,322.14,1,S,5,N
27,44.22,322.44,1,S,5,N
29,44.75,322.74,1,S,5,N
30,45.82,323.04,1,S,5,N
31,46.47,323.34,1,S,5,N
32,46.83,323.64,1,S,5,N
36,90.01,323.94,1,S,5,N
37,92.49,324.24,1,S,5,N
38,94.34,324.54,1,S,5,N
390,162.90,324.84,2,W,5,N
417,138.91,325.14,2,E,5,N
204,79.07,325.44,1,W,5,N
205,91.03,325.74,1,W,5,N
206,94.35,326.04,1,W,5,N
208,123.19,326.34,1,W,5,N
85,312.44,326.57,1,S,1,E
334,136.91,326.64,1,E,5,N
475,203.90,330.57,3,E,5,N
448,253.53,330.87,3,W,5,N
449,263.12,330.87,3,W,5,N
477,221.84,331.17,3,E,5,N
478,277.61,333.24,3,E,5,E
54,237.62,338.77,1,S,3,E
215,184.06,339.67,1,W,3,E
226,254.11,342.67,1,W,3,W
70,254.54,343.72,1,S,2,W
343,222.31,344.17,1,E,3,W
349,269.10,345.97,1,E,3,W
532,280.73,365.84,5,W,5,N
533,297.37,366.14,5,W,5,N
534,297.57,366.44,5,W,5,N
535,298.72,366.74,5,W,5,N
536,320.12,367.04,5,W,5,N
537,339.32,367.34,5,W,5,N
538,354.31,367.64,5,W,5,N
539,357.31,367.94,5,W,5,N
540,364.82,370.96,5,W,5,N
541,364.95,371.08,5,W,5,N
542,366.11,372.24,5,W,5,N
543,368.86,375.00,5,W,5,N
544,369.88,376.01,5,W,5,N
611,302.88,379.84,5,E,5,N
612,308.49,380.14,5,E,5,N
613,324.55,380.44,5,E,5,N
614,324.69,380.74,5,E,5,N
615,379.24,385.38,5,E,5,N
616,383.54,389.68,5,E,5,N
64,249.97,399.20,1,S,3,E
75,262.26,399.50,1,S,3,E
476,220.20,399.60,3,E,5,W
392,270.61,399.90,2,W,5,W
420,241.20,400.20,2,E,5,W
79,302.32,400.40,1,S,2,W
42,225.35,400.50,1,S,5,W
53,237.36,400.80,1,S,5,W
218,188.85,401.10,1,W,5,W
219,194.02,401.40,1,W,5,W
80,302.72,401.60,1,S,1,W
223,207.40,401.70,1,W,5,W
81,305.49,401.90,1,S,1,W
227,263.51,402.00,1,W,5,W
82,306.52,402.20,1,S,1,W
344,223.33,402.30,1,E,5,W
84,308.40,402.50,1,S,1,W
345,225.80,402.60,1,E,5,W
88,318.06,402.80,1,S,1,W
348,251.57,402.90,1,E,5,W
94,396.98,411.11,1,S,1,W
45,227.79,415.60,1,S,5,E
47,230.68,415.90,1,S,5,E
50,233.15,416.20,1,S,5,E
217,186.74,416.50,1,W,5,E
40,141.52,421.74,1,S,5,N
41,180.64,422.04,1,S,5,N
419,200.27,422.34,2,E,5,N
391,260.43,422.64,2,W,5,N
354,396.72,422.84,1,E,2,W
421,276.28,422.94,2,E,5,N
422,289.05,423.24,2,E,5,N
48,230.71,423.54,1,S,5,N
51,234.68,423.84,1,S,5,N
52,235.51,424.14,1,S,5,N
213,180.29,424.44,1,W,5,N
214,181.61,424.74,1,W,5,N
216,185.39,425.04,1,W,5,N
221,205.03,425.34,1,W,5,N
222,206.38,425.64,1,W,5,N
224,213.16,425.94,1,W,5,N
225,232.86,426.24,1,W,5,N
228,265.18,426.54,1,W,5,N
340,201.25,426.84,1,E,5,N
342,220.53,427.14,1,E,5,N
346,229.36,427.44,1,E,5,N
347,246.13,427.74,1,E,5,N
350,298.97,428.04,1,E,5,N
479,332.04,430.37,3,E,5,N
450,332.39,430.67,3,W,5,N
480,333.27,430.97,3,E,5,N
451,335.98,431.27,3,W,5,N
545,375.06,465.74,5,W,5,N
546,423.61,466.04,5,W,5,N
547,425.23,466.34,5,W,5,N
548,426.88,466.64,5,W,5,N
549,436.23,466.94,5,W,5,N
550,437.75,467.24,5,W,5,N
551,439.51,467.54,5,W,5,N
552,441.33,467.84,5,W,5,N
553,443.12,468.14,5,W,5,N
554,446.06,468.44,5,W,5,N
617,433.66,479.74,5,E,5,N
618,443.59,480.04,5,E,5,N
619,444.00,480.34,5,E,5,N
620,444.18,480.64,5,E,5,N
621,465.30,480.94,5,E,5,N
622,487.19,493.33,5,E,5,N
623,487.40,493.53,5,E,5,N
93,395.06,499.00,1,S,3,W
481,379.82,499.50,3,E,5,W
452,395.39,499.80,3,W,5,W
61,242.27,500.10,1,S,5,W
62,243.23,500.40,1,S,5,W
65,250.63,500.70,1,S,5,W
69,253.89,501.00,1,S,5,W
72,257.79,501.30,1,S,5,W
393,359.81,501.60,2,W,5,W
394,373.07,501.90,2,W,5,W
95,398.63,502.00,1,S,1,W
425,365.98,502.20,2,E,5,W
97,400.70,502.30,1,S,1,W
77,300.10,502.50,1,S,5,W
99,442.46,502.60,1,S,1,W
83,307.61,502.80,1,S,5,W
86,314.16,503.10,1,S,5,W
89,319.02,503.40,1,S,5,W
229,266.37,503.70,1,W,5,W
230,281.65,504.00,1,W,5,W
231,307.03,504.30,1,W,5,W
235,331.47,504.60,1,W,5,W
353,386.71,504.90,1,E,5,W
100,443.69,514.80,1,S,1,E
395,373.26,515.50,2,W,5,E
56,238.73,521.64,1,S,5,N
57,239.57,521.94,1,S,5,N
58,239.58,522.24,1,S,5,N
60,241.14,522.54,1,S,5,N
63,244.84,522.84,1,S,5,N
66,251.62,523.14,1,S,5,N
67,251.73,523.44,1,S,5,N
73,259.03,523.74,1,S,5,N
74,261.60,524.04,1,S,5,N
423,311.46,524.34,2,E,5,N
424,331.74,524.64,2,E,5,N
485,424.90,524.93,3,E,5,E
396,379.73,524.94,2,W,5,N
76,299.94,525.24,1,S,5,N
87,316.87,525.54,1,S,5,N
232,326.34,525.84,1,W,5,N
233,327.96,526.14,1,W,5,N
234,329.56,526.44,1,W,5,N
236,340.89,526.74,1,W,5,N
237,356.05,527.04,1,W,5,N
238,356.99,527.34,1,W,5,N
351,334.47,527.64,1,E,5,N
352,357.97,527.94,1,E,5,N
453,447.17,530.17,3,W,5,N
483,415.20,530.47,3,E,5,N
455,470.67,532.44,3,W,5,N
244,383.71,538.07,1,W,3,W
256,428.00,541.67,1,W,3,E
555,476.32,565.64,5,W,5,N
556,477.63,565.94,5,W,5,N
557,479.53,566.24,5,W,5,N
558,481.34,566.54,5,W,5,N
559,483.17,566.84,5,W,5,N
560,489.19,567.14,5,W,5,N
561,508.47,567.44,5,W,5,N
562,510.06,567.74,5,W,5,N
563,511.71,568.04,5,W,5,N
564,512.31,568.34,5,W,5,N
565,519.74,568.64,5,W,5,N
566,521.67,568.94,5,W,5,N
567,547.40,569.24,5,W,5,N
568,547.47,569.54,5,W,5,N
569,548.78,569.84,5,W,5,N
624,537.50,579.64,5,E,5,N
625,592.37,598.50,5,E,5,N
626,592.62,598.75,5,E,5,N
627,593.08,599.22,5,E,5,N
482,413.79,599.40,3,E,5,W
454,451.87,599.70,3,W,5,W
484,423.10,600.00,3,E,5,W
486,465.71,600.30,3,E,5,W
90,358.61,600.60,1,S,5,W
261,468.01,600.60,1,W,2,W
260,466.78,600.60,1,W,2,E
401,479.81,600.90,2,W,5,W
241,375.15,601.20,1,W,5,W
243,382.66,601.50,1,W,5,W
245,385.64,601.80,1,W,5,W
246,387.65,602.10,1,W,5,W
250,413.62,602.40,1,W,5,W
105,554.10,602.40,1,S,1,W
252,421.49,602.70,1,W,5,W
254,424.17,603.00,1,W,5,W
255,427.50,603.30,1,W,5,W
259,446.79,603.60,1,W,5,W
356,457.33,603.90,1,E,5,W
358,479.45,604.20,1,E,5,W
359,483.60,604.50,1,E,5,W
112,596.02,615.20,1,S,1,E
92,394.81,615.40,1,S,5,E
115,600.00,615.50,1,S,1,E
427,453.22,615.70,2,E,5,E
428,499.60,616.00,2,E,5,E
242,376.28,616.30,1,W,5,E
91,392.65,621.54,1,S,5,N
96,398.75,621.84,1,S,5,N
426,415.29,622.14,2,E,5,N
397,411.98,622.44,2,W,5,N
398,417.53,622.74,2,W,5,N
124,608.72,622.86,1,S,1,E
399,445.71,623.04,2,W,5,N
400,468.43,623.34,2,W,5,N
239,370.89,623.64,1,W,5,N
456,539.39,623.83,3,W,5,E
240,372.49,623.94,1,W,5,N
247,401.36,624.24,1,W,5,N
248,403.28,624.54,1,W,5,N
249,404.61,624.84,1,W,5,N
251,420.34,625.14,1,W,5,N
253,423.12,625.44,1,W,5,N
257,429.65,625.74,1,W,5,N
258,430.76,626.04,1,W,5,N
355,424.12,626.34,1,E,5,N
357,468.91,626.64,1,E,5,N
487,519.57,629.97,3,E,5,N
457,557.95,630.27,3,W,5,N
264,511.98,637.57,1,W,3,E
570,596.73,665.54,5,W,5,N
571,641.87,665.84,5,W,5,N
572,654.05,666.14,5,W,5,N
573,655.72,666.44,5,W,5,N
574,662.73,668.87,5,W,5,N
628,642.10,679.54,5,E,5,N
629,667.36,679.84,5,E,5,N
488,569.66,699.30,3,E,5,W
429,539.96,699.60,2,E,5,W
404,579.68,699.90,2,W,5,W
405,590.67,700.20,2,W,5,W
267,519.34,700.50,1,W,5,W
127,614.52,700.70,1,S,2,W
123,607.62,700.70,1,S,2,E
270,528.25,700.80,1,W,5,W
271,535.20,701.10,1,W,5,W
273,562.05,701.40,1,W,5,W
360,548.88,701.70,1,E,5,W
117,601.20,702.80,1,S,1,W
119,604.44,703.10,1,S,1,W
129,621.09,703.40,1,S,1,W
136,629.18,703.70,1,S,1,W
139,662.44,704.00,1,S,1,W
143,666.61,704.30,1,S,1,W
138,661.23,715.60,1,S,1,E
98,441.60,721.44,1,S,5,N
101,445.51,721.74,1,S,5,N
102,484.50,722.04,1,S,5,N
402,557.36,722.34,2,W,5,N
403,571.41,722.64,2,W,5,N
430,579.07,722.94,2,E,5,N
103,515.04,723.24,1,S,5,N
262,477.36,723.54,1,W,5,N
489,613.11,723.63,3,E,5,E
263,486.18,723.84,1,W,5,N
490,649.15,723.93,3,E,5,E
265,513.60,724.14,1,W,5,N
266,517.25,724.44,1,W,5,N
268,520.13,724.74,1,W,5,N
269,526.44,725.04,1,W,5,N
272,561.01,725.34,1,W,5,N
274,564.00,725.64,1,W,5,N
361,596.64,725.94,1,E,5,N
156,715.52,729.65,1,S,1,E
162,722.50,736.64,1,S,1,E
122,607.57,737.37,1,S,3,W
275,573.22,740.37,1,W,3,E
167,727.84,741.97,1,S,1,E
141,665.96,742.32,1,S,2,W
283,645.08,742.77,1,W,3,W
575,678.79,765.44,5,W,5,N
576,680.70,765.74,5,W,5,N
577,715.76,766.04,5,W,5,N
578,716.85,766.34,5,W,5,N
579,718.91,766.64,5,W,5,N
580,720.18,766.94,5,W,5,N
581,726.61,767.24,5,W,5,N
582,727.92,767.54,5,W,5,N
583,728.66,767.84,5,W,5,N
584,731.27,768.14,5,W,5,N
585,741.29,768.44,5,W,5,N
586,754.90,768.74,5,W,5,N
587,754.91,769.04,5,W,5,N
588,769.84,775.98,5,W,5,N
630,741.71,779.44,5,E,5,N
140,663.89,798.40,1,S,3,E
631,792.46,798.59,5,E,5,N
147,671.34,798.70,1,S,3,E
151,674.86,799.00,1,S,3,E
458,631.81,799.20,3,W,5,W
108,556.42,799.50,1,S,5,W
109,593.94,799.80,1,S,5,W
110,594.66,800.10,1,S,5,W
111,595.95,800.40,1,S,5,W
406,604.54,800.70,2,W,5,W
164,723.86,800.80,1,S,2,W
299,735.81,800.80,1,W,2,E
407,616.85,801.00,2,W,5,W
432,664.50,801.30,2,E,5,W
121,606.51,801.60,1,S,5,W
130,621.99,801.90,1,S,5,W
135,627.75,802.20,1,S,5,W
276,580.21,802.50,1,W,5,W
277,601.05,802.80,1,W,5,W
278,602.72,803.10,1,W,5,W
165,724.45,803.20,1,S,1,W
279,603.79,803.40,1,W,5,W
175,769.49,803.50,1,S,1,W
280,627.65,803.70,1,W,5,W
363,641.71,804.00,1,E,5,W
373,782.50,808.61,1,E,2,W
132,624.14,815.20,1,S,5,E
364,668.23,815.50,1,E,5,E
171,764.98,816.00,1,S,1,E
172,765.91,816.30,1,S,1,E
104,553.88,821.34,1,S,5,N
106,554.61,821.64,1,S,5,N
107,556.05,821.94,1,S,5,N
113,596.67,822.24,1,S,5,N
114,598.22,822.54,1,S,5,N
116,600.05,822.84,1,S,5,N
118,602.46,823.14,1,S,5,N
431,621.03,823.44,2,E,5,N
492,721.35,823.73,3,E,5,E
408,648.08,823.74,2,W,5,N
120,605.96,824.04,1,S,5,N
125,609.08,824.34,1,S,5,N
126,609.94,824.64,1,S,5,N
128,620.21,824.94,1,S,5,N
131,622.57,825.24,1,S,5,N
133,625.67,825.54,1,S,5,N
134,626.98,825.84,1,S,5,N
281,628.82,826.14,1,W,5,N
282,644.98,826.44,1,W,5,N
284,645.75,826.74,1,W,5,N
362,606.92,827.04,1,E,5,N
491,704.11,829.57,3,E,5,N
153,682.65,836.87,1,S,3,W
169,731.55,840.17,1,S,3,W
493,779.74,841.51,3,E,5,N
289,681.38,841.97,1,W,3,W
300,739.21,844.97,1,W,3,E
463,788.40,850.17,3,W,5,N
589,805.83,865.34,5,W,5,N
590,807.48,865.64,5,W,5,N
591,814.04,865.94,5,W,5,N
592,815.74,866.24,5,W,5,N
593,823.16,866.54,5,W,5,N
594,823.23,866.84,5,W,5,N
595,840.91,867.14,5,W,5,N
596,859.53,867.44,5,W,5,N
632,857.46,879.34,5,E,5,N
633,858.90,879.64,5,E,5,N
459,701.44,899.10,3,W,5,W
460,706.14,899.40,3,W,5,W
461,711.10,899.70,3,W,5,W
462,785.86,900.00,3,W,5,W
142,666.14,900.30,1,S,5,W
144,667.03,900.60,1,S,5,W
146,670.46,900.90,1,S,5,W
310,809.15,900.90,1,W,2,W
149,671.50,901.20,1,S,5,W
150,673.48,901.50,1,S,5,W
434,750.54,901.80,2,E,5,W
160,721.60,902.10,1,S,5,W
168,729.57,902.40,1,S,5,W
287,671.46,902.70,1,W,5,W
290,682.71,903.00,1,W,5,W
294,712.50,903.30,1,W,5,W
301,741.88,903.60,1,W,5,W
190,830.80,903.60,1,S,1,W
303,750.87,903.90,1,W,5,W
305,758.21,904.20,1,W,5,W
306,760.48,904.50,1,W,5,W
367,740.56,904.80,1,E,5,W
369,748.01,905.10,1,E,5,W
372,776.96,905.40,1,E,5,W
152,680.22,915.10,1,S,5,E
155,714.27,915.40,1,S,5,E
137,660.94,921.24,1,S,5,N
145,668.83,921.54,1,S,5,N
148,671.38,921.84,1,S,5,N
409,733.46,922.14,2,W,5,N
433,708.64,922.44,2,E,5,N
435,792.17,922.74,2,E,5,N
154,712.99,923.04,1,S,5,N
157,716.93,923.34,1,S,5,N
158,719.36,923.64,1,S,5,N
159,720.15,923.94,1,S,5,N
161,721.97,924.24,1,S,5,N
163,723.49,924.54,1,S,5,N
166,725.80,924.84,1,S,5,N
170,733.20,925.14,1,S,5,N
285,668.76,925.44,1,W,5,N
286,670.06,925.74,1,W,5,N
288,680.50,926.04,1,W,5,N
291,684.14,926.34,1,W,5,N
292,705.95,926.64,1,W,5,N
293,708.74,926.94,1,W,5,N
295,714.15,927.24,1,W,5,N
296,730.09,927.54,1,W,5,N
297,732.61,927.84,1,W,5,N
298,734.12,928.14,1,W,5,N
302,748.94,928.44,1,W,5,N
304,756.87,928.74,1,W,5,N
365,736.45,929.04,1,E,5,N
366,736.93,929.34,1,E,5,N
368,742.77,929.64,1,E,5,N
370,749.13,929.94,1,E,5,N
371,759.63,930.24,1,E,5,N
464,811.36,930.54,3,W,5,N
465,819.40,930.84,3,W,5,N
495,827.40,931.14,3,E,5,N
496,843.58,931.44,3,E,5,N
184,819.95,938.77,1,S,3,W
312,840.64,942.37,1,W,3,W
313,842.26,942.67,1,W,3,W
497,895.47,957.24,3,E,5,N
494,825.64,999.00,3,E,5,W
466,875.06,999.30,3,W,5,W
467,879.49,999.60,3,W,5,W
174,768.28,999.90,1,S,5,W
436,838.80,1000.20,2,E,5,W
437,851.31,1000.50,2,E,5,W
411,838.18,1000.80,2,W,5,W
438,862.25,1001.10,2,E,5,W
179,811.55,1001.40,1,S,5,W
187,824.37,1001.70,1,S,5,W
189,829.02,1002.00,1,S,5,W
191,831.36,1002.30,1,S,5,W
308,805.03,1002.60,1,W,5,W
314,862.57,1002.90,1,W,5,W
377,834.33,1003.20,1,E,5,W
383,893.36,1011.18,1,E,5,W
307,783.08,1015.00,1,W,5,E
315,866.06,1015.30,1,W,5,E
173,767.63,1021.14,1,S,5,N
176,771.00,1021.44,1,S,5,N
177,775.55,1021.74,1,S,5,N
410,826.59,1022.04,2,W,5,N
412,850.77,1022.34,2,W,5,N
178,810.50,1022.64,1,S,5,N
180,811.59,1022.94,1,S,5,N
181,813.80,1023.24,1,S,5,N
182,817.85,1023.54,1,S,5,N
183,819.30,1023.84,1,S,5,N
185,822.70,1024.14,1,S,5,N
186,823.95,1024.44,1,S,5,N
188,826.01,1024.74,1,S,5,N
192,831.44,1025.04,1,S,5,N
309,807.22,1025.34,1,W,5,N
311,821.32,1025.64,1,W,5,N
374,810.32,1025.94,1,E,5,N
375,811.39,1026.24,1,E,5,N
376,831.57,1026.54,1,E,5,N
378,849.53,1026.84,1,E,5,N
379,868.58,1027.14,1,E,5,N
380,875.64,1027.44,1,E,5,N
381,881.05,1027.74,1,E,5,N
382,890.45,1028.04,1,E,5,N
384,893.71,1028.34,1,E,5,N
320,892.52,1038.27,1,W,3,E
385,899.51,1098.90,1,E,5,W
316,883.50,1099.20,1,W,5,W
319,889.52,1099.50,1,W,5,W
193,863.83,1121.04,1,S,5,N
317,886.98,1121.34,1,W,5,N
318,888.70,1121.64,1,W,5,N
321,893.88,1121.94,1,W,5,N