id,enter_time,exit_time,entrance_intersection,entrance_direction,exit_intersection,exit_direction
490,2.61,66.14,5,W,5,N
491,4.43,66.44,5,W,5,N
492,5.89,66.74,5,W,5,N
493,7.13,67.04,5,W,5,N
494,8.91,67.34,5,W,5,N
495,16.30,67.64,5,W,5,N
496,19.18,67.94,5,W,5,N
497,21.55,68.24,5,W,5,N
498,22.95,68.54,5,W,5,N
499,29.13,68.84,5,W,5,N
500,37.04,69.14,5,W,5,N
501,57.91,69.44,5,W,5,N
502,59.70,69.74,5,W,5,N
503,60.57,70.04,5,W,5,N
504,62.76,70.34,5,W,5,N
505,69.72,75.86,5,W,5,N
506,70.67,76.81,5,W,5,N
507,72.54,78.68,5,W,5,N
636,2.27,80.14,5,E,5,N
637,51.67,80.44,5,E,5,N
638,53.12,80.74,5,E,5,N
639,54.03,81.04,5,E,5,N
640,62.58,81.34,5,E,5,N
641,69.94,81.64,5,E,5,N
312,23.44,100.10,1,E,2,E
1,3.45,100.40,1,S,1,W
19,60.13,100.70,1,S,1,W
20,64.49,101.00,1,S,1,W
30,75.39,101.30,1,S,1,W
35,78.78,101.60,1,S,1,W
44,90.67,104.81,1,S,1,W
18,59.78,113.20,1,S,1,E
21,64.88,113.50,1,S,1,E
28,73.33,113.80,1,S,1,E
41,86.76,114.10,1,S,1,E
46,90.76,114.40,1,S,1,E
447,1.70,130.97,3,E,5,N
425,61.21,131.27,3,W,5,N
449,38.21,131.57,3,E,5,N
450,43.99,131.87,3,E,5,N
451,45.38,132.17,3,E,5,N
373,97.00,133.07,2,W,3,W
48,125.02,139.16,1,S,1,E
193,13.20,139.47,1,W,3,E
196,25.70,140.37,1,W,3,W
36,79.07,144.12,1,S,2,W
316,65.27,144.27,1,E,3,E
317,93.76,155.95,1,E,3,E
452,94.20,155.97,3,E,5,N
508,73.65,166.04,5,W,5,N
509,76.34,166.34,5,W,5,N
510,78.19,166.64,5,W,5,N
511,84.03,166.94,5,W,5,N
512,91.39,167.24,5,W,5,N
513,93.87,167.54,5,W,5,N
514,95.61,167.84,5,W,5,N
515,98.47,168.14,5,W,5,N
516,111.63,168.44,5,W,5,N
517,113.35,168.74,5,W,5,N
518,116.29,169.04,5,W,5,N
519,126.55,169.34,5,W,5,N
520,129.23,169.64,5,W,5,N
521,139.85,169.94,5,W,5,N
522,142.51,170.24,5,W,5,N
523,142.74,170.54,5,W,5,N
524,146.32,170.84,5,W,5,N
525,146.85,171.14,5,W,5,N
526,149.64,171.44,5,W,5,N
527,150.31,171.74,5,W,5,N
642,121.40,180.04,5,E,5,N
643,126.95,180.34,5,E,5,N
644,175.83,181.97,5,E,5,N
32,77.28,199.60,1,S,3,W
448,2.87,199.80,3,E,5,W
401,65.24,200.10,2,E,5,W
372,7.14,200.40,2,W,5,W
4,7.94,200.70,1,S,5,W
5,9.20,201.00,1,S,5,W
6,10.47,201.30,1,S,5,W
7,10.52,201.60,1,S,5,W
8,10.66,201.90,1,S,5,W
9,12.19,202.20,1,S,5,W
12,16.65,202.50,1,S,5,W
195,24.66,202.80,1,W,5,W
197,26.87,203.10,1,W,5,W
198,27.43,203.40,1,W,5,W
202,56.80,203.70,1,W,5,W
52,196.08,210.21,1,S,1,W
49,155.10,213.60,1,S,1,E
3,7.82,215.80,1,S,5,E
199,28.57,216.10,1,W,5,E
311,8.74,216.40,1,E,5,E
313,33.57,216.70,1,E,5,E
0,0.31,221.94,1,S,5,N
400,42.06,222.24,2,E,5,N
2,6.42,222.54,1,S,5,N
10,13.34,222.84,1,S,5,N
11,14.00,223.14,1,S,5,N
194,13.35,223.44,1,W,5,N
200,31.99,223.74,1,W,5,N
201,48.25,224.04,1,W,5,N
309,1.64,224.34,1,E,5,N
310,5.05,224.64,1,E,5,N
314,52.77,224.94,1,E,5,N
315,61.37,225.24,1,E,5,N
453,105.50,230.77,3,E,5,N
426,121.45,231.07,3,W,5,N
427,143.09,231.37,3,W,5,N
454,119.73,231.67,3,E,5,N
456,141.76,231.97,3,E,5,N
429,166.32,232.27,3,W,5,N
39,82.01,236.27,1,S,3,E
205,85.14,238.67,1,W,3,E
319,104.26,240.47,1,E,3,E
55,198.41,240.92,1,S,2,W
457,181.44,243.21,3,E,5,N
323,196.75,258.94,1,E,3,W
528,181.32,265.94,5,W,5,N
529,192.01,266.24,5,W,5,N
530,193.60,266.54,5,W,5,N
531,202.43,266.84,5,W,5,N
532,202.59,267.14,5,W,5,N
533,204.49,267.44,5,W,5,N
534,207.28,267.74,5,W,5,N
535,216.14,268.04,5,W,5,N
536,217.49,268.34,5,W,5,N
537,220.06,268.64,5,W,5,N
538,258.05,268.94,5,W,5,N
539,268.69,274.83,5,W,5,N
540,270.13,276.27,5,W,5,N
541,272.13,278.26,5,W,5,N
645,219.54,279.94,5,E,5,N
646,219.59,280.24,5,E,5,N
647,243.13,280.54,5,E,5,N
56,198.91,299.40,1,S,3,W
59,200.51,299.40,1,S,3,E
318,99.16,299.70,1,E,5,W
428,165.00,300.00,3,W,5,W
216,200.45,300.30,1,W,2,W
455,135.24,300.30,3,E,5,W
16,57.80,300.60,1,S,5,W
26,71.38,300.90,1,S,5,W
64,240.61,301.20,1,S,1,W
29,73.73,301.20,1,S,5,W
68,286.55,301.50,1,S,1,W
33,77.71,301.50,1,S,5,W
402,108.34,301.80,2,E,5,W
375,123.15,302.10,2,W,5,W
404,198.64,302.40,2,E,5,W
40,85.73,302.70,1,S,5,W
206,99.01,303.00,1,W,5,W
207,101.35,303.30,1,W,5,W
322,149.19,303.60,1,E,5,W
67,244.38,314.00,1,S,1,E
13,54.45,321.84,1,S,5,N
14,55.79,322.14,1,S,5,N
15,57.30,322.44,1,S,5,N
17,57.91,322.74,1,S,5,N
22,66.73,323.04,1,S,5,N
23,66.87,323.34,1,S,5,N
24,68.42,323.64,1,S,5,N
25,69.39,323.94,1,S,5,N
27,71.74,324.24,1,S,5,N
458,221.89,324.43,3,E,5,E
31,75.90,324.54,1,S,5,N
34,78.43,324.84,1,S,5,N
37,80.46,325.14,1,S,5,N
38,80.98,325.44,1,S,5,N
374,110.66,325.74,2,W,5,N
403,154.03,326.04,2,E,5,N
42,88.53,326.34,1,S,5,N
43,89.72,326.64,1,S,5,N
45,90.71,326.94,1,S,5,N
47,123.82,327.24,1,S,5,N
203,66.52,327.54,1,W,5,N
204,83.20,327.84,1,W,5,N
208,122.01,328.14,1,W,5,N
209,136.67,328.44,1,W,5,N
210,155.84,328.74,1,W,5,N
320,107.13,329.04,1,E,5,N
321,122.98,329.34,1,E,5,N
430,237.28,330.57,3,W,5,N
459,228.60,330.87,3,E,5,N
460,237.16,331.17,3,E,5,N
461,238.67,331.47,3,E,5,N
221,226.98,339.07,1,W,3,W
326,243.26,341.17,1,E,3,E
327,248.74,341.47,1,E,3,E
330,260.34,342.37,1,E,3,W
69,333.29,347.43,1,S,1,E
73,336.28,350.42,1,S,1,E
542,274.67,365.84,5,W,5,N
543,276.99,366.14,5,W,5,N
544,287.52,366.44,5,W,5,N
545,290.24,366.74,5,W,5,N
546,291.39,367.04,5,W,5,N
547,322.04,367.34,5,W,5,N
548,323.50,367.64,5,W,5,N
549,325.09,367.94,5,W,5,N
550,349.52,368.24,5,W,5,N
551,350.99,368.54,5,W,5,N
552,352.05,368.84,5,W,5,N
553,353.68,369.14,5,W,5,N
554,354.61,369.44,5,W,5,N
555,361.98,369.74,5,W,5,N
556,363.10,370.04,5,W,5,N
557,365.07,371.21,5,W,5,N
558,366.70,372.84,5,W,5,N
648,310.46,379.84,5,E,5,N
649,310.62,380.14,5,E,5,N
650,361.77,380.44,5,E,5,N
651,371.70,380.74,5,E,5,N
652,379.63,385.77,5,E,5,N
462,287.76,399.60,3,E,5,W
463,289.73,399.90,3,E,5,W
58,199.55,400.20,1,S,5,W
70,334.65,400.40,1,S,2,W
405,244.69,400.50,2,E,5,W
75,337.60,400.70,1,S,2,W
376,211.59,400.80,2,W,5,W
378,263.34,401.10,2,W,5,W
406,288.84,401.40,2,E,5,W
78,347.57,401.60,1,S,1,W
213,173.16,401.70,1,W,5,W
79,380.17,401.90,1,S,1,W
325,216.37,402.00,1,E,5,W
80,382.72,402.20,1,S,1,W
329,255.40,402.30,1,E,5,W
381,335.98,412.87,2,W,3,W
50,160.36,421.74,1,S,5,N
51,195.78,422.04,1,S,5,N
53,197.51,422.34,1,S,5,N
54,197.99,422.64,1,S,5,N
57,198.98,422.94,1,S,5,N
60,200.67,423.24,1,S,5,N
61,201.57,423.54,1,S,5,N
62,203.48,423.84,1,S,5,N
63,204.41,424.14,1,S,5,N
377,226.10,424.44,2,W,5,N
379,275.22,424.74,2,W,5,N
211,170.55,425.04,1,W,5,N
212,171.87,425.34,1,W,5,N
214,187.61,425.64,1,W,5,N
215,188.27,425.94,1,W,5,N
217,202.25,426.24,1,W,5,N
218,202.30,426.54,1,W,5,N
219,203.59,426.84,1,W,5,N
220,225.71,427.14,1,W,5,N
222,228.29,427.44,1,W,5,N
223,228.67,427.74,1,W,5,N
224,241.87,428.04,1,W,5,N
225,243.29,428.34,1,W,5,N
324,202.44,428.64,1,E,5,N
328,252.83,428.94,1,E,5,N
331,270.99,429.24,1,E,5,N
332,300.05,429.54,1,E,5,N
431,310.23,430.37,3,W,5,N
465,346.49,430.67,3,E,5,N
433,328.14,430.97,3,W,5,N
229,309.88,438.27,1,W,3,E
91,429.42,443.55,1,S,1,E
559,374.44,465.74,5,W,5,N
560,382.56,466.04,5,W,5,N
561,383.92,466.34,5,W,5,N
562,385.63,466.64,5,W,5,N
563,387.82,466.94,5,W,5,N
564,389.60,467.24,5,W,5,N
565,415.16,467.54,5,W,5,N
566,416.80,467.84,5,W,5,N
567,418.85,468.14,5,W,5,N
568,419.97,468.44,5,W,5,N
569,420.43,468.74,5,W,5,N
570,428.18,469.04,5,W,5,N
571,428.25,469.34,5,W,5,N
572,429.79,469.64,5,W,5,N
573,457.83,469.94,5,W,5,N
574,465.63,471.77,5,W,5,N
653,401.00,479.74,5,E,5,N
654,406.62,480.04,5,E,5,N
655,452.73,480.34,5,E,5,N
656,467.58,480.64,5,E,5,N
84,388.94,499.00,1,S,3,W
464,326.71,499.50,3,E,5,W
432,324.36,499.80,3,W,5,W
65,242.00,500.10,1,S,5,W
227,285.52,500.40,1,W,5,W
240,413.52,500.50,1,W,2,W
230,329.74,500.70,1,W,5,W
252,436.10,500.80,1,W,2,W
231,329.85,501.00,1,W,5,W
345,433.19,501.10,1,E,2,W
234,355.17,501.30,1,W,5,W
348,447.83,501.40,1,E,2,W
334,347.00,501.60,1,E,5,W
352,456.61,501.70,1,E,2,W
338,383.59,501.90,1,E,5,W
92,429.54,502.00,1,S,1,W
99,478.44,502.30,1,S,1,W
100,480.75,502.60,1,S,1,W
339,392.28,510.10,1,E,5,W
407,323.58,515.50,2,E,5,E
408,371.42,515.80,2,E,5,E
342,400.91,518.74,1,E,5,E
466,398.14,521.64,3,E,5,N
66,242.95,521.94,1,S,5,N
380,303.94,522.24,2,W,5,N
382,344.62,522.54,2,W,5,N
383,375.41,522.84,2,W,5,N
409,384.00,523.14,2,E,5,N
71,335.68,523.44,1,S,5,N
72,336.26,523.74,1,S,5,N
74,336.51,524.04,1,S,5,N
226,269.05,524.34,1,W,5,N
228,302.14,524.64,1,W,5,N
232,333.79,524.94,1,W,5,N
233,353.77,525.24,1,W,5,N
333,336.91,525.54,1,E,5,N
335,349.70,525.84,1,E,5,N
336,364.10,526.14,1,E,5,N
337,376.56,526.44,1,E,5,N
340,393.38,526.74,1,E,5,N
341,395.40,527.04,1,E,5,N
434,399.29,530.17,3,W,5,N
467,399.37,530.47,3,E,5,N
468,401.27,530.77,3,E,5,N
435,419.67,531.07,3,W,5,N
470,455.64,531.07,3,E,5,N
436,472.60,534.37,3,W,5,N
105,523.24,537.37,1,S,1,E
90,428.77,537.47,1,S,3,W
242,422.36,539.87,1,W,3,W
248,429.51,541.67,1,W,3,W
255,456.93,543.47,1,W,3,W
256,457.39,543.77,1,W,3,W
575,474.69,565.64,5,W,5,N
576,476.71,565.94,5,W,5,N
577,483.75,566.24,5,W,5,N
578,485.12,566.54,5,W,5,N
579,495.14,566.84,5,W,5,N
580,507.83,567.14,5,W,5,N
581,509.70,567.44,5,W,5,N
582,515.85,567.74,5,W,5,N
583,518.80,568.04,5,W,5,N
584,554.16,568.34,5,W,5,N
585,555.39,568.64,5,W,5,N
586,558.32,568.94,5,W,5,N
587,559.51,569.24,5,W,5,N
588,561.44,569.54,5,W,5,N
589,563.49,569.63,5,W,5,N
590,565.46,571.60,5,W,5,N
591,567.42,573.55,5,W,5,N
657,542.50,579.64,5,E,5,N
658,545.41,579.94,5,E,5,N
469,454.16,599.40,3,E,5,W
76,339.51,599.70,1,S,5,W
77,347.34,600.00,1,S,5,W
81,385.33,600.30,1,S,5,W
83,387.82,600.60,1,S,5,W
356,555.26,600.60,1,E,2,W
85,389.05,600.90,1,S,5,W
384,401.73,601.20,2,W,5,W
385,494.21,601.50,2,W,5,W
235,380.19,601.80,1,W,5,W
238,392.63,602.10,1,W,5,W
241,414.00,602.40,1,W,5,W
107,524.60,602.40,1,S,1,W
243,422.68,602.70,1,W,5,W
123,574.51,602.70,1,S,1,W
244,424.63,603.00,1,W,5,W
124,575.32,603.00,1,S,1,W
249,430.00,603.30,1,W,5,W
253,451.52,603.60,1,W,5,W
257,459.31,603.90,1,W,5,W
349,448.48,604.20,1,E,5,W
353,475.45,604.50,1,E,5,W
86,391.67,615.40,1,S,5,E
93,431.57,615.70,1,S,5,E
82,385.46,621.54,1,S,5,N
410,412.60,621.84,2,E,5,N
411,455.31,622.14,2,E,5,N
412,486.34,622.44,2,E,5,N
87,424.40,622.74,1,S,5,N
88,424.72,623.04,1,S,5,N
89,425.04,623.34,1,S,5,N
236,388.36,623.64,1,W,5,N
237,389.48,623.94,1,W,5,N
239,413.01,624.24,1,W,5,N
245,425.55,624.54,1,W,5,N
246,426.77,624.84,1,W,5,N
247,427.74,625.14,1,W,5,N
250,433.30,625.44,1,W,5,N
251,434.64,625.74,1,W,5,N
254,455.27,626.04,1,W,5,N
258,460.99,626.34,1,W,5,N
343,416.90,626.64,1,E,5,N
344,430.76,626.94,1,E,5,N
346,443.94,627.24,1,E,5,N
347,446.34,627.54,1,E,5,N
350,452.35,627.84,1,E,5,N
351,454.41,628.14,1,E,5,N
437,501.29,629.97,3,W,5,N
472,545.95,630.27,3,E,5,N
438,555.10,630.57,3,W,5,N
473,556.85,630.87,3,E,5,N
137,622.21,636.34,1,S,1,E
264,517.52,638.77,1,W,3,W
592,575.95,665.54,5,W,5,N
593,577.65,665.84,5,W,5,N
594,612.76,666.14,5,W,5,N
595,616.32,666.44,5,W,5,N
596,618.99,666.74,5,W,5,N
597,620.25,667.04,5,W,5,N
598,621.41,667.34,5,W,5,N
599,621.75,667.64,5,W,5,N
600,632.53,667.94,5,W,5,N
601,634.17,668.24,5,W,5,N
602,634.35,668.54,5,W,5,N
603,670.94,677.08,5,W,5,N
604,672.02,678.16,5,W,5,N
659,600.23,679.54,5,E,5,N
660,602.19,679.84,5,E,5,N
661,655.15,680.14,5,E,5,N
662,657.26,680.44,5,E,5,N
663,665.52,680.74,5,E,5,N
664,671.24,681.04,5,E,5,N
114,561.07,698.60,1,S,3,E
113,559.84,698.60,1,S,3,W
471,513.35,699.30,3,E,5,W
94,472.12,699.60,1,S,5,W
97,475.80,699.90,1,S,5,W
103,486.38,700.20,1,S,5,W
414,576.85,700.50,2,E,5,W
131,614.00,700.70,1,S,2,W
135,618.72,700.70,1,S,2,E
104,521.13,700.80,1,S,5,W
275,623.99,701.00,1,W,2,E
262,478.06,701.10,1,W,5,W
265,518.21,701.40,1,W,5,W
266,537.88,701.70,1,W,5,W
271,551.76,702.00,1,W,5,W
355,554.65,702.30,1,E,5,W
129,612.66,702.80,1,S,1,W
134,617.95,703.10,1,S,1,W
140,625.73,703.40,1,S,1,W
142,627.58,703.70,1,S,1,W
151,685.14,704.00,1,S,1,W
152,686.84,715.60,1,S,1,E
157,695.37,715.90,1,S,1,E
361,694.69,720.81,1,E,2,E
95,473.61,721.44,1,S,5,N
96,475.52,721.74,1,S,5,N
98,477.37,722.04,1,S,5,N
101,481.52,722.34,1,S,5,N
102,485.56,722.64,1,S,5,N
386,505.51,722.94,2,W,5,N
413,529.11,723.24,2,E,5,N
387,599.24,723.54,2,W,5,N
106,524.08,723.84,1,S,5,N
259,471.42,724.14,1,W,5,N
363,698.17,724.28,1,E,2,E
260,473.16,724.44,1,W,5,N
261,474.26,724.74,1,W,5,N
263,501.40,725.04,1,W,5,N
479,654.27,725.13,3,E,5,E
267,539.20,725.34,1,W,5,N
268,547.11,725.64,1,W,5,N
269,548.49,725.94,1,W,5,N
270,550.31,726.24,1,W,5,N
354,544.08,726.54,1,E,5,N
357,558.22,726.84,1,E,5,N
439,624.24,729.77,3,W,5,N
440,649.22,730.07,3,W,5,N
475,617.43,730.37,3,E,5,N
476,627.72,730.67,3,E,5,N
441,661.76,730.97,3,W,5,N
477,635.34,731.27,3,E,5,N
126,609.56,737.37,1,S,3,E
481,693.66,755.43,3,E,5,N
605,685.51,765.44,5,W,5,N
606,687.87,765.74,5,W,5,N
607,689.09,766.04,5,W,5,N
608,699.51,766.34,5,W,5,N
609,701.33,766.64,5,W,5,N
610,708.92,766.94,5,W,5,N
611,711.20,767.24,5,W,5,N
612,719.56,767.54,5,W,5,N
613,727.38,767.84,5,W,5,N
614,728.83,768.14,5,W,5,N
615,731.67,768.44,5,W,5,N
616,734.43,768.74,5,W,5,N
617,735.50,769.04,5,W,5,N
618,736.99,769.34,5,W,5,N
619,739.00,769.64,5,W,5,N
620,739.63,769.94,5,W,5,N
621,754.03,770.24,5,W,5,N
622,755.92,770.54,5,W,5,N
623,757.51,770.84,5,W,5,N
624,767.82,773.95,5,W,5,N
625,768.65,774.79,5,W,5,N
626,769.14,775.27,5,W,5,N
627,771.19,777.33,5,W,5,N
665,712.36,779.44,5,E,5,N
666,730.06,779.74,5,E,5,N
667,735.51,780.04,5,E,5,N
668,735.74,780.34,5,E,5,N
669,788.79,794.93,5,E,5,N
474,615.68,799.20,3,E,5,W
478,636.78,799.50,3,E,5,W
480,656.07,799.80,3,E,5,W
108,555.01,800.10,1,S,5,W
109,556.47,800.40,1,S,5,W
110,556.55,800.70,1,S,5,W
159,697.37,800.80,1,S,2,E
160,697.45,800.80,1,S,2,W
115,561.39,801.00,1,S,5,W
163,731.35,801.10,1,S,2,W
116,563.01,801.30,1,S,5,W
287,733.56,801.40,1,W,2,W
117,563.17,801.60,1,S,5,W
366,764.04,801.70,1,E,2,W
119,565.98,801.90,1,S,5,W
416,669.69,802.20,2,E,5,W
390,652.73,802.50,2,W,5,W
138,623.33,802.80,1,S,5,W
139,623.98,803.10,1,S,5,W
167,735.13,803.20,1,S,1,W
141,626.55,803.40,1,S,5,W
171,738.42,803.50,1,S,1,W
273,592.43,803.70,1,W,5,W
174,779.20,803.80,1,S,1,W
358,608.20,804.00,1,E,5,W
276,633.76,815.20,1,W,5,E
360,692.83,815.50,1,E,5,E
111,556.86,821.34,1,S,5,N
112,557.86,821.64,1,S,5,N
118,564.69,821.94,1,S,5,N
120,567.75,822.24,1,S,5,N
121,569.54,822.54,1,S,5,N
388,605.85,822.84,2,W,5,N
415,620.20,823.14,2,E,5,N
389,642.35,823.44,2,W,5,N
391,666.91,823.74,2,W,5,N
392,671.30,824.04,2,W,5,N
393,700.13,824.34,2,W,5,N
122,570.47,824.64,1,S,5,N
125,606.88,824.94,1,S,5,N
127,610.91,825.24,1,S,5,N
128,611.82,825.54,1,S,5,N
130,612.86,825.84,1,S,5,N
132,614.95,826.14,1,S,5,N
133,616.82,826.44,1,S,5,N
136,619.54,826.74,1,S,5,N
272,577.22,827.04,1,W,5,N
274,601.03,827.34,1,W,5,N
277,642.78,827.64,1,W,5,N
278,659.51,827.94,1,W,5,N
279,663.37,828.24,1,W,5,N
359,671.33,828.54,1,E,5,N
362,697.62,828.84,1,E,5,N
443,732.40,829.87,3,W,5,N
282,704.64,839.87,1,W,3,W
292,765.74,842.57,1,W,3,W
293,767.49,842.87,1,W,3,W
444,785.99,847.76,3,W,5,N
445,786.29,848.06,3,W,5,N
483,787.23,849.00,3,E,5,N
628,778.26,865.34,5,W,5,N
629,785.88,865.64,5,W,5,N
630,794.19,865.94,5,W,5,N
631,795.71,866.24,5,W,5,N
632,797.41,866.54,5,W,5,N
633,799.53,866.84,5,W,5,N
634,827.67,867.14,5,W,5,N
670,839.10,879.34,5,E,5,N
671,846.22,879.64,5,E,5,N
177,783.31,898.20,1,S,3,E
364,700.09,899.10,1,E,5,W
482,747.55,899.40,3,E,5,W
442,712.30,899.70,3,W,5,W
145,678.22,900.00,1,S,5,W
149,683.38,900.30,1,S,5,W
154,690.50,900.60,1,S,5,W
158,695.91,900.90,1,S,5,W
418,744.06,901.20,2,E,5,W
419,792.03,901.50,2,E,5,W
162,699.97,901.80,1,S,5,W
165,733.62,902.10,1,S,5,W
168,735.77,902.40,1,S,5,W
169,735.93,902.70,1,S,5,W
170,736.47,903.00,1,S,5,W
286,731.57,903.30,1,W,5,W
365,710.48,903.60,1,E,5,W
188,867.89,903.60,1,S,1,W
155,693.45,915.10,1,S,5,E
143,675.00,921.24,1,S,5,N
144,676.85,921.54,1,S,5,N
146,680.19,921.84,1,S,5,N
147,680.85,922.14,1,S,5,N
148,682.86,922.44,1,S,5,N
150,684.90,922.74,1,S,5,N
153,688.83,923.04,1,S,5,N
156,695.07,923.34,1,S,5,N
417,713.26,923.64,2,E,5,N
394,780.92,923.94,2,W,5,N
395,794.08,924.24,2,W,5,N
161,698.03,924.54,1,S,5,N
164,731.68,924.84,1,S,5,N
166,734.95,925.14,1,S,5,N
280,687.99,925.44,1,W,5,N
281,689.96,925.74,1,W,5,N
283,708.12,926.04,1,W,5,N
284,714.24,926.34,1,W,5,N
285,731.14,926.64,1,W,5,N
288,734.80,926.94,1,W,5,N
289,737.42,927.24,1,W,5,N
290,738.78,927.54,1,W,5,N
291,758.99,927.84,1,W,5,N
367,766.88,928.14,1,E,5,N
368,781.74,928.44,1,E,5,N
485,838.19,929.67,3,E,5,N
303,852.05,939.97,1,W,3,W
488,887.68,949.45,3,E,5,N
489,889.50,951.27,3,E,5,N
635,875.24,965.24,5,W,5,N
185,866.14,998.00,1,S,3,W
446,847.64,999.00,3,W,5,W
484,830.81,999.30,3,E,5,W
486,845.25,999.60,3,E,5,W
487,886.49,999.90,3,E,5,W
173,741.49,1000.20,1,S,5,W
420,812.75,1000.50,2,E,5,W
399,879.97,1000.80,2,W,5,W
308,897.34,1001.00,1,W,2,E
424,899.44,1001.10,2,E,5,W
297,789.21,1001.40,1,W,5,W
298,791.16,1001.70,1,W,5,W
299,797.23,1002.00,1,W,5,W
301,830.28,1002.30,1,W,5,W
304,853.27,1002.60,1,W,5,W
369,838.03,1002.90,1,E,5,W
397,821.91,1015.00,2,W,5,E
422,833.52,1015.30,2,E,5,E
172,740.06,1021.14,1,S,5,N
175,780.79,1021.44,1,S,5,N
176,782.94,1021.74,1,S,5,N
178,786.44,1022.04,1,S,5,N
396,808.62,1022.34,2,W,5,N
421,823.39,1022.64,2,E,5,N
398,841.96,1022.94,2,W,5,N
423,878.64,1023.24,2,E,5,N
179,821.49,1023.54,1,S,5,N
294,780.64,1023.84,1,W,5,N
295,784.19,1024.14,1,W,5,N
296,785.78,1024.44,1,W,5,N
300,811.07,1024.74,1,W,5,N
302,830.66,1025.04,1,W,5,N
370,852.03,1025.34,1,E,5,N
371,879.97,1025.64,1,E,5,N
186,866.45,1098.90,1,S,5,W
191,872.88,1099.20,1,S,5,W
192,874.20,1099.50,1,S,5,W
307,887.58,1099.80,1,W,5,W
180,854.52,1121.04,1,S,5,N
181,856.07,1121.34,1,S,5,N
182,861.13,1121.64,1,S,5,N
183,863.11,1121.94,1,S,5,N
184,864.96,1122.24,1,S,5,N
187,867.06,1122.54,1,S,5,N
189,869.67,1122.84,1,S,5,N
190,870.94,1123.14,1,S,5,N
305,869.30,1123.44,1,W,5,N
306,871.18,1123.74,1,W,5,N