id,enter_time,exit_time,entrance_intersection,entrance_direction,exit_intersection,exit_direction
510,16.32,66.14,5,W,5,N
511,22.46,66.44,5,W,5,N
512,22.57,66.74,5,W,5,N
513,24.22,67.04,5,W,5,N
514,25.51,67.34,5,W,5,N
515,27.19,67.64,5,W,5,N
516,35.98,67.94,5,W,5,N
517,38.76,68.24,5,W,5,N
518,41.27,68.54,5,W,5,N
519,43.69,68.84,5,W,5,N
520,47.55,69.14,5,W,5,N
521,48.91,69.44,5,W,5,N
522,50.25,69.74,5,W,5,N
523,52.82,70.04,5,W,5,N
524,59.80,70.34,5,W,5,N
525,61.53,70.64,5,W,5,N
526,63.98,70.94,5,W,5,N
527,65.01,71.14,5,W,5,N
528,66.20,72.34,5,W,5,N
529,68.18,74.32,5,W,5,N
530,69.82,75.95,5,W,5,N
531,69.98,76.12,5,W,5,N
532,72.76,78.90,5,W,5,N
656,5.66,80.14,5,E,5,N
657,12.16,80.44,5,E,5,N
658,67.02,80.74,5,E,5,N
659,68.29,81.04,5,E,5,N
660,72.15,81.34,5,E,5,N
0,38.53,100.40,1,S,1,W
1,39.03,100.70,1,S,1,W
2,39.35,101.00,1,S,1,W
3,72.34,101.30,1,S,1,W
4,72.85,101.60,1,S,1,W
10,79.47,101.90,1,S,1,W
323,78.43,104.55,1,E,2,E
444,56.08,130.97,3,W,5,N
446,66.11,131.57,3,W,5,N
533,74.35,166.04,5,W,5,N
534,112.68,166.34,5,W,5,N
535,162.05,168.19,5,W,5,N
536,163.90,170.04,5,W,5,N
537,165.51,171.64,5,W,5,N
538,167.46,173.59,5,W,5,N
539,167.55,173.69,5,W,5,N
540,169.20,175.33,5,W,5,N
661,118.75,180.04,5,E,5,N
662,188.69,194.83,5,E,5,N
472,32.93,199.80,3,E,5,W
445,59.01,200.10,3,W,5,W
209,145.07,200.20,1,W,2,W
473,88.25,200.40,3,E,5,W
416,18.12,200.70,2,E,5,W
14,117.01,200.80,1,S,1,W
417,67.37,201.00,2,E,5,W
19,166.58,201.10,1,S,1,W
192,1.20,201.30,1,W,5,W
21,170.45,201.40,1,S,1,W
193,1.30,201.60,1,W,5,W
194,2.64,201.90,1,W,5,W
321,24.93,202.20,1,E,5,W
322,33.77,202.50,1,E,5,W
378,135.39,212.37,2,W,3,E
29,184.24,213.60,1,S,1,E
375,26.47,221.94,2,W,5,N
376,37.33,222.24,2,W,5,N
377,47.94,222.54,2,W,5,N
191,0.50,222.84,1,W,5,N
195,11.81,223.14,1,W,5,N
196,31.57,223.44,1,W,5,N
197,47.59,223.74,1,W,5,N
198,48.53,224.04,1,W,5,N
319,15.74,224.34,1,E,5,N
320,17.90,224.64,1,E,5,N
324,86.93,224.94,1,E,5,N
325,90.59,225.24,1,E,5,N
326,92.71,225.54,1,E,5,N
447,141.06,230.77,3,W,5,N
34,224.48,238.61,1,S,1,E
18,165.92,240.62,1,S,2,W
38,233.00,247.14,1,S,1,E
40,233.93,248.07,1,S,1,E
541,179.08,265.94,5,W,5,N
542,189.75,266.24,5,W,5,N
543,191.92,266.54,5,W,5,N
544,194.32,266.84,5,W,5,N
545,195.00,267.14,5,W,5,N
546,197.59,267.44,5,W,5,N
547,198.38,267.74,5,W,5,N
548,201.32,268.04,5,W,5,N
549,202.93,268.34,5,W,5,N
550,219.89,268.64,5,W,5,N
551,223.08,268.94,5,W,5,N
552,239.68,269.24,5,W,5,N
663,207.34,279.94,5,E,5,N
664,231.83,280.24,5,E,5,N
665,232.59,280.54,5,E,5,N
666,255.82,280.84,5,E,5,N
667,285.17,291.30,5,E,5,N
668,285.74,291.88,5,E,5,N
669,287.03,293.16,5,E,5,N
670,292.03,298.16,5,E,5,N
28,180.57,299.40,1,S,3,W
474,145.92,299.70,3,E,5,W
448,153.60,300.00,3,W,5,W
216,184.11,300.30,1,W,2,W
475,189.24,300.30,3,E,5,W
334,239.77,300.60,1,E,2,W
7,78.26,300.60,1,S,5,W
8,78.56,300.90,1,S,5,W
48,241.09,301.20,1,S,1,W
418,102.20,301.20,2,E,5,W
53,246.25,301.50,1,S,1,W
201,73.75,301.50,1,W,5,W
202,94.51,301.80,1,W,5,W
204,109.01,302.10,1,W,5,W
206,117.62,302.40,1,W,5,W
210,146.45,302.70,1,W,5,W
671,297.25,303.39,5,E,5,N
672,298.98,305.11,5,E,5,N
673,298.99,305.12,5,E,5,N
65,296.10,310.24,1,S,1,W
67,298.40,314.00,1,S,1,E
420,167.25,315.70,2,E,5,E
5,74.69,321.84,1,S,5,N
6,77.27,322.14,1,S,5,N
9,79.39,322.44,1,S,5,N
379,162.51,322.74,2,W,5,N
419,146.52,323.04,2,E,5,N
380,185.65,323.34,2,W,5,N
381,196.28,323.64,2,W,5,N
11,110.32,323.94,1,S,5,N
12,111.39,324.24,1,S,5,N
449,211.57,324.43,3,W,5,E
13,111.94,324.54,1,S,5,N
199,71.46,324.84,1,W,5,N
478,260.83,325.03,3,E,5,E
200,71.98,325.14,1,W,5,N
203,96.39,325.44,1,W,5,N
205,110.07,325.74,1,W,5,N
207,122.80,326.04,1,W,5,N
208,124.01,326.34,1,W,5,N
211,154.11,326.64,1,W,5,N
212,156.55,326.94,1,W,5,N
213,157.85,327.24,1,W,5,N
327,130.86,327.54,1,E,5,N
328,173.12,327.84,1,E,5,N
329,175.84,328.14,1,E,5,N
330,178.69,328.44,1,E,5,N
476,199.65,330.57,3,E,5,N
477,259.62,330.87,3,E,5,N
30,220.11,336.37,1,S,3,W
214,180.81,339.97,1,W,3,W
228,251.44,343.87,1,W,3,W
451,289.52,351.29,3,W,5,N
553,279.11,365.84,5,W,5,N
554,280.91,366.14,5,W,5,N
555,312.14,366.44,5,W,5,N
556,314.27,366.74,5,W,5,N
557,315.35,367.04,5,W,5,N
558,317.25,367.34,5,W,5,N
559,318.43,367.64,5,W,5,N
560,319.99,367.94,5,W,5,N
561,321.10,368.24,5,W,5,N
562,334.24,368.54,5,W,5,N
563,342.16,368.84,5,W,5,N
564,344.39,369.14,5,W,5,N
565,345.43,369.44,5,W,5,N
566,347.27,369.74,5,W,5,N
567,348.94,370.04,5,W,5,N
568,350.46,370.34,5,W,5,N
569,352.32,370.64,5,W,5,N
570,358.87,370.94,5,W,5,N
571,360.08,371.24,5,W,5,N
572,361.98,371.54,5,W,5,N
573,362.51,371.84,5,W,5,N
574,363.66,372.14,5,W,5,N
674,300.38,379.84,5,E,5,N
675,354.13,380.14,5,E,5,N
676,368.84,380.44,5,E,5,N
677,370.22,380.74,5,E,5,N
678,370.99,381.04,5,E,5,N
679,371.46,381.34,5,E,5,N
680,385.34,391.47,5,E,5,N
681,389.46,395.60,5,E,5,N
682,390.57,396.71,5,E,5,N
45,239.05,399.20,1,S,3,E
450,227.90,399.60,3,W,5,W
23,174.91,399.90,1,S,5,W
27,178.80,400.20,1,S,5,W
383,245.39,400.50,2,W,5,W
385,293.16,400.80,2,W,5,W
39,233.79,401.10,1,S,5,W
41,235.23,401.40,1,S,5,W
71,303.78,401.60,1,S,1,W
215,182.34,401.70,1,W,5,W
77,312.15,401.90,1,S,1,W
218,205.68,402.00,1,W,5,W
80,351.80,402.20,1,S,1,W
219,207.04,402.30,1,W,5,W
84,357.63,402.50,1,S,1,W
221,217.66,402.60,1,W,5,W
85,359.26,402.80,1,S,1,W
223,234.48,402.90,1,W,5,W
89,360.50,403.10,1,S,1,W
224,235.64,403.20,1,W,5,W
227,237.80,403.50,1,W,5,W
332,212.84,403.80,1,E,5,W
333,212.92,404.10,1,E,5,W
424,308.62,412.57,2,E,3,W
423,297.47,415.60,2,E,5,E
31,221.40,415.90,1,S,5,E
35,224.48,416.20,1,S,5,E
15,163.22,421.74,1,S,5,N
16,163.90,422.04,1,S,5,N
17,164.22,422.34,1,S,5,N
20,169.17,422.64,1,S,5,N
22,173.74,422.94,1,S,5,N
24,177.04,423.24,1,S,5,N
25,178.37,423.54,1,S,5,N
26,178.54,423.84,1,S,5,N
421,210.52,424.14,2,E,5,N
382,235.38,424.44,2,W,5,N
422,251.34,424.74,2,E,5,N
384,272.46,425.04,2,W,5,N
32,223.05,425.34,1,S,5,N
33,223.54,425.64,1,S,5,N
36,225.88,425.94,1,S,5,N
37,227.68,426.24,1,S,5,N
42,235.97,426.54,1,S,5,N
43,236.06,426.84,1,S,5,N
44,237.16,427.14,1,S,5,N
217,203.90,427.44,1,W,5,N
220,216.65,427.74,1,W,5,N
222,218.21,428.04,1,W,5,N
225,236.75,428.34,1,W,5,N
226,237.08,428.64,1,W,5,N
331,211.03,428.94,1,E,5,N
335,257.72,429.24,1,E,5,N
336,296.60,429.54,1,E,5,N
452,341.85,430.37,3,W,5,N
480,309.13,430.67,3,E,5,N
481,340.62,430.97,3,E,5,N
482,370.84,432.61,3,E,5,N
73,305.89,438.27,1,S,3,W
88,360.47,442.62,1,S,2,W
95,404.66,444.91,1,S,2,W
575,376.70,465.74,5,W,5,N
576,384.12,466.04,5,W,5,N
577,385.83,466.34,5,W,5,N
578,387.25,466.64,5,W,5,N
579,387.40,466.94,5,W,5,N
580,389.11,467.24,5,W,5,N
581,391.18,467.54,5,W,5,N
582,392.61,467.84,5,W,5,N
583,395.06,468.14,5,W,5,N
584,408.08,468.44,5,W,5,N
585,408.32,468.74,5,W,5,N
586,409.51,469.04,5,W,5,N
587,420.17,469.34,5,W,5,N
588,421.31,469.64,5,W,5,N
589,422.81,469.94,5,W,5,N
590,424.48,470.24,5,W,5,N
591,427.09,470.54,5,W,5,N
592,441.98,470.84,5,W,5,N
593,441.98,471.14,5,W,5,N
594,444.05,471.44,5,W,5,N
683,441.99,479.74,5,E,5,N
684,443.99,480.04,5,E,5,N
685,445.11,480.34,5,E,5,N
79,351.13,499.00,1,S,3,W
479,308.12,499.50,3,E,5,W
63,257.99,499.80,1,S,5,W
386,320.15,500.10,2,W,5,W
686,494.11,500.25,5,E,5,N
425,320.61,500.40,2,E,5,W
426,345.98,500.70,2,E,5,W
388,375.81,501.00,2,W,5,W
64,258.74,501.30,1,S,5,W
233,298.47,501.60,1,W,5,W
239,343.96,501.90,1,W,5,W
97,405.75,502.00,1,S,1,W
104,456.44,502.30,1,S,1,W
107,462.78,502.60,1,S,1,W
108,462.97,502.90,1,S,1,W
120,483.06,503.20,1,S,1,W
105,458.20,514.80,1,S,1,E
66,296.92,515.50,1,S,5,E
69,301.39,515.80,1,S,5,E
75,309.54,516.10,1,S,5,E
232,297.33,516.40,1,W,5,E
46,239.24,521.64,1,S,5,N
47,241.00,521.94,1,S,5,N
49,242.27,522.24,1,S,5,N
50,243.45,522.54,1,S,5,N
51,245.25,522.84,1,S,5,N
52,245.29,523.14,1,S,5,N
54,246.31,523.44,1,S,5,N
55,247.88,523.74,1,S,5,N
56,249.10,524.04,1,S,5,N
57,250.84,524.34,1,S,5,N
58,252.12,524.64,1,S,5,N
59,253.82,524.94,1,S,5,N
60,255.59,525.24,1,S,5,N
61,257.27,525.54,1,S,5,N
62,257.76,525.84,1,S,5,N
387,348.65,526.14,2,W,5,N
427,380.56,526.44,2,E,5,N
389,388.64,526.74,2,W,5,N
68,301.26,527.04,1,S,5,N
70,301.88,527.34,1,S,5,N
72,304.28,527.64,1,S,5,N
74,307.57,527.94,1,S,5,N
76,311.32,528.24,1,S,5,N
229,274.38,528.54,1,W,5,N
230,275.40,528.84,1,W,5,N
231,276.42,529.14,1,W,5,N
234,300.43,529.44,1,W,5,N
235,320.47,529.74,1,W,5,N
236,324.03,530.04,1,W,5,N
237,324.56,530.34,1,W,5,N
238,334.50,530.64,1,W,5,N
240,351.03,530.94,1,W,5,N
337,308.65,531.24,1,E,5,N
338,351.88,531.54,1,E,5,N
339,368.80,531.84,1,E,5,N
340,370.55,532.14,1,E,5,N
341,384.63,532.44,1,E,5,N
453,416.26,532.74,3,W,5,N
483,402.77,533.04,3,E,5,N
454,418.73,533.34,3,W,5,N
455,429.94,533.64,3,W,5,N
486,462.44,533.94,3,E,5,N
487,464.33,534.24,3,E,5,N
243,380.59,538.97,1,W,3,E
106,461.13,541.22,1,S,2,E
109,463.19,541.52,1,S,2,W
595,493.60,565.64,5,W,5,N
596,494.36,565.94,5,W,5,N
597,495.48,566.24,5,W,5,N
598,497.19,566.54,5,W,5,N
599,499.10,566.84,5,W,5,N
600,533.33,567.14,5,W,5,N
601,536.31,567.44,5,W,5,N
602,549.65,567.74,5,W,5,N
603,568.31,574.44,5,W,5,N
604,569.37,575.51,5,W,5,N
605,570.99,577.12,5,W,5,N
606,572.38,578.52,5,W,5,N
607,572.88,579.02,5,W,5,N
687,510.66,579.64,5,E,5,N
688,532.37,579.94,5,E,5,N
689,558.62,580.24,5,E,5,N
690,566.87,580.54,5,E,5,N
110,463.80,598.80,1,S,3,E
117,475.13,599.10,1,S,3,E
484,420.75,599.40,3,E,5,W
485,461.24,599.70,3,E,5,W
456,445.55,600.00,3,W,5,W
457,468.17,600.30,3,W,5,W
458,468.83,600.60,3,W,5,W
275,532.15,600.60,1,W,2,E
488,497.98,600.90,3,E,5,W
86,359.97,601.20,1,S,5,W
691,595.27,601.40,5,E,5,N
87,360.01,601.50,1,S,5,W
91,364.22,601.80,1,S,5,W
92,365.73,602.10,1,S,5,W
429,452.13,602.40,2,E,5,W
123,526.74,602.40,1,S,1,W
392,443.07,602.70,2,W,5,W
125,529.88,602.70,1,S,1,W
101,414.91,603.00,1,S,5,W
127,530.22,603.00,1,S,1,W
102,416.68,603.30,1,S,5,W
129,536.42,603.30,1,S,1,W
241,376.33,603.60,1,W,5,W
132,577.62,603.60,1,S,1,W
244,382.95,603.90,1,W,5,W
133,582.84,603.90,1,S,1,W
249,400.00,604.20,1,W,5,W
250,401.66,604.50,1,W,5,W
252,419.67,604.80,1,W,5,W
253,421.54,605.10,1,W,5,W
256,432.09,605.40,1,W,5,W
261,460.90,605.70,1,W,5,W
345,473.29,606.00,1,E,5,W
431,546.82,613.07,2,E,3,W
83,357.11,615.40,1,S,5,E
93,367.54,615.70,1,S,5,E
246,393.53,616.00,1,W,5,E
248,398.57,616.30,1,W,5,E
355,593.68,619.80,1,E,2,E
78,343.53,621.54,1,S,5,N
81,353.29,621.84,1,S,5,N
82,355.23,622.14,1,S,5,N
90,362.43,622.44,1,S,5,N
94,403.86,622.74,1,S,5,N
390,419.51,623.04,2,W,5,N
428,403.28,623.34,2,E,5,N
391,431.42,623.64,2,W,5,N
393,443.36,623.94,2,W,5,N
490,517.02,624.13,3,E,5,E
96,405.02,624.24,1,S,5,N
98,407.86,624.54,1,S,5,N
99,413.50,624.84,1,S,5,N
100,414.75,625.14,1,S,5,N
242,377.68,625.44,1,W,5,N
245,392.96,625.74,1,W,5,N
247,394.67,626.04,1,W,5,N
251,403.23,626.34,1,W,5,N
254,429.35,626.64,1,W,5,N
255,430.12,626.94,1,W,5,N
257,433.32,627.24,1,W,5,N
258,435.31,627.54,1,W,5,N
259,451.77,627.84,1,W,5,N
260,459.63,628.14,1,W,5,N
342,438.18,628.44,1,E,5,N
343,448.91,628.74,1,E,5,N
344,453.99,629.04,1,E,5,N
346,483.52,629.34,1,E,5,N
459,527.58,629.97,3,W,5,N
460,554.31,630.27,3,W,5,N
461,565.30,630.57,3,W,5,N
491,523.39,630.87,3,E,5,N
492,558.94,631.17,3,E,5,N
462,569.16,631.47,3,W,5,N
493,560.86,631.77,3,E,5,N
495,569.72,632.07,3,E,5,N
263,474.59,638.47,1,W,3,E
352,534.04,644.47,1,E,3,W
608,583.29,665.54,5,W,5,N
609,608.41,665.84,5,W,5,N
610,612.04,666.14,5,W,5,N
611,656.83,666.44,5,W,5,N
612,659.42,666.74,5,W,5,N
692,648.52,679.54,5,E,5,N
693,654.09,679.84,5,E,5,N
130,568.84,698.60,1,S,3,W
347,497.07,699.30,1,E,5,W
489,511.20,699.60,3,E,5,W
494,562.22,699.90,3,E,5,W
463,581.17,700.20,3,W,5,W
103,449.15,700.50,1,S,5,W
289,649.55,700.70,1,W,2,E
113,467.12,700.80,1,S,5,W
114,468.51,701.10,1,S,5,W
116,472.68,701.40,1,S,5,W
395,555.43,701.70,2,W,5,W
432,590.39,702.00,2,E,5,W
396,595.42,702.30,2,W,5,W
276,533.22,702.60,1,W,5,W
141,672.87,702.80,1,S,1,W
278,536.86,702.90,1,W,5,W
353,543.72,703.20,1,E,5,W
115,472.27,715.30,1,S,5,E
351,523.17,715.60,1,E,5,E
139,669.73,715.60,1,S,1,E
464,598.46,721.44,3,W,5,N
111,464.16,721.74,1,S,5,N
112,465.48,722.04,1,S,5,N
118,480.85,722.34,1,S,5,N
119,482.64,722.64,1,S,5,N
394,526.17,722.94,2,W,5,N
430,500.65,723.24,2,E,5,N
121,517.73,723.54,1,S,5,N
496,609.61,723.63,3,E,5,E
122,525.39,723.84,1,S,5,N
124,528.22,724.14,1,S,5,N
126,529.96,724.44,1,S,5,N
128,533.88,724.74,1,S,5,N
262,473.13,725.04,1,W,5,N
264,476.16,725.34,1,W,5,N
265,479.82,725.64,1,W,5,N
266,483.82,725.94,1,W,5,N
267,485.10,726.24,1,W,5,N
268,501.45,726.54,1,W,5,N
269,502.19,726.84,1,W,5,N
270,511.68,727.14,1,W,5,N
147,713.24,727.37,1,S,1,E
271,512.26,727.44,1,W,5,N
272,529.10,727.74,1,W,5,N
273,530.26,728.04,1,W,5,N
274,530.52,728.34,1,W,5,N
277,535.05,728.64,1,W,5,N
279,559.31,728.94,1,W,5,N
348,509.22,729.24,1,E,5,N
349,511.42,729.54,1,E,5,N
350,521.85,729.84,1,E,5,N
354,565.38,730.14,1,E,5,N
465,626.90,730.44,3,W,5,N
466,646.92,730.74,3,W,5,N
497,622.36,731.04,3,E,5,N
498,637.48,731.34,3,E,5,N
499,639.36,731.64,3,E,5,N
500,641.18,731.94,3,E,5,N
293,656.89,740.67,1,W,3,E
501,691.92,753.69,3,E,5,N
613,690.30,765.44,5,W,5,N
614,691.49,765.74,5,W,5,N
615,692.15,766.04,5,W,5,N
616,692.74,766.34,5,W,5,N
617,731.79,766.64,5,W,5,N
618,733.68,766.94,5,W,5,N
619,734.71,767.24,5,W,5,N
620,736.33,767.54,5,W,5,N
621,737.73,767.84,5,W,5,N
622,748.27,768.14,5,W,5,N
623,765.61,771.75,5,W,5,N
624,767.32,773.46,5,W,5,N
625,769.16,775.30,5,W,5,N
626,770.45,776.59,5,W,5,N
694,708.80,779.44,5,E,5,N
695,709.66,779.74,5,E,5,N
696,780.01,786.14,5,E,5,N
467,651.47,799.20,3,W,5,W
468,672.39,799.50,3,W,5,W
135,584.11,799.80,1,S,5,W
397,618.24,800.10,2,W,5,W
436,700.31,800.40,2,E,5,W
282,582.56,800.70,1,W,5,W
305,754.93,800.80,1,W,2,E
292,654.99,801.00,1,W,5,W
356,602.98,801.30,1,E,5,W
358,627.94,801.60,1,E,5,W
359,647.48,801.90,1,E,5,W
360,674.08,802.20,1,E,5,W
150,716.85,803.20,1,S,1,W
433,615.78,815.20,2,E,5,E
283,584.68,815.50,1,W,5,E
155,782.56,816.00,1,S,1,E
131,576.42,821.34,1,S,5,N
134,583.76,821.64,1,S,5,N
136,584.54,821.94,1,S,5,N
137,584.58,822.24,1,S,5,N
434,640.53,822.54,2,E,5,N
398,651.02,822.84,2,W,5,N
399,675.13,823.14,2,W,5,N
435,651.27,823.44,2,E,5,N
138,629.51,823.74,1,S,5,N
280,580.00,824.04,1,W,5,N
281,581.81,824.34,1,W,5,N
284,600.71,824.64,1,W,5,N
285,615.78,824.94,1,W,5,N
286,616.89,825.24,1,W,5,N
287,642.65,825.54,1,W,5,N
288,646.29,825.84,1,W,5,N
290,649.62,826.14,1,W,5,N
291,651.61,826.44,1,W,5,N
294,658.86,826.74,1,W,5,N
295,660.64,827.04,1,W,5,N
357,621.74,827.34,1,E,5,N
361,681.52,827.64,1,E,5,N
362,683.40,827.94,1,E,5,N
363,692.14,828.24,1,E,5,N
364,698.07,828.54,1,E,5,N
502,723.56,829.57,3,E,5,N
503,769.66,831.43,3,E,5,N
156,784.07,843.32,1,S,2,W
167,831.27,845.40,1,S,1,E
506,788.25,850.02,3,E,5,N
507,789.73,851.50,3,E,5,N
627,789.62,865.34,5,W,5,N
628,791.70,865.64,5,W,5,N
629,792.18,865.94,5,W,5,N
630,793.74,866.24,5,W,5,N
631,796.44,866.54,5,W,5,N
632,812.03,866.84,5,W,5,N
633,821.89,867.14,5,W,5,N
634,856.08,867.44,5,W,5,N
635,857.86,867.74,5,W,5,N
636,858.14,868.04,5,W,5,N
637,860.19,868.34,5,W,5,N
638,861.76,868.64,5,W,5,N
639,863.68,869.81,5,W,5,N
640,865.41,871.55,5,W,5,N
641,866.81,872.95,5,W,5,N
642,869.71,875.85,5,W,5,N
643,870.59,876.73,5,W,5,N
644,871.24,877.37,5,W,5,N
697,831.79,879.34,5,E,5,N
698,832.10,879.64,5,E,5,N
699,851.96,879.94,5,E,5,N
700,854.25,880.24,5,E,5,N
701,855.64,880.54,5,E,5,N
469,743.30,899.10,3,W,5,W
504,770.99,899.40,3,E,5,W
505,772.13,899.70,3,E,5,W
140,671.14,900.00,1,S,5,W
437,741.43,900.30,2,E,5,W
438,773.68,900.60,2,E,5,W
403,746.95,900.90,2,W,5,W
159,823.30,900.90,1,S,2,W
404,748.46,901.20,2,W,5,W
161,825.14,901.20,1,S,2,W
144,710.39,901.50,1,S,5,W
145,711.04,901.80,1,S,5,W
148,715.98,902.10,1,S,5,W
149,716.27,902.40,1,S,5,W
299,703.23,902.70,1,W,5,W
300,713.59,903.00,1,W,5,W
366,733.88,903.30,1,E,5,W
172,837.77,903.60,1,S,1,W
175,839.40,903.90,1,S,1,W
178,841.78,904.20,1,S,1,W
182,887.76,904.50,1,S,1,W
372,879.33,905.45,1,E,2,E
407,788.16,915.10,2,W,5,E
186,892.25,916.40,1,S,1,E
142,674.37,921.24,1,S,5,N
400,710.61,921.54,2,W,5,N
401,722.35,921.84,2,W,5,N
402,736.03,922.14,2,W,5,N
405,758.09,922.44,2,W,5,N
406,779.19,922.74,2,W,5,N
439,784.47,923.04,2,E,5,N
143,709.24,923.34,1,S,5,N
146,712.38,923.64,1,S,5,N
296,676.62,923.94,1,W,5,N
297,677.32,924.24,1,W,5,N
298,702.06,924.54,1,W,5,N
301,715.46,924.84,1,W,5,N
302,718.62,925.14,1,W,5,N
303,718.82,925.44,1,W,5,N
304,729.38,925.74,1,W,5,N
365,728.20,926.04,1,E,5,N
367,783.44,926.34,1,E,5,N
166,830.08,938.77,1,S,3,W
168,832.84,939.07,1,S,3,W
307,772.81,941.17,1,W,3,E
309,794.65,941.77,1,W,3,W
312,818.03,942.67,1,W,3,W
509,896.61,958.38,3,E,5,N
645,873.65,965.24,5,W,5,N
646,874.50,965.54,5,W,5,N
647,877.36,965.84,5,W,5,N
648,880.31,966.14,5,W,5,N
649,881.99,966.44,5,W,5,N
650,882.40,966.74,5,W,5,N
651,883.83,967.04,5,W,5,N
652,885.11,967.34,5,W,5,N
653,886.51,967.64,5,W,5,N
654,891.25,967.94,5,W,5,N
655,891.28,968.24,5,W,5,N
470,817.30,999.00,3,W,5,W
508,845.01,999.30,3,E,5,W
471,884.11,999.60,3,W,5,W
152,748.59,999.90,1,S,5,W
153,779.32,1000.20,1,S,5,W
154,781.16,1000.50,1,S,5,W
157,784.39,1000.80,1,S,5,W
408,801.14,1001.10,2,W,5,W
440,813.34,1001.40,2,E,5,W
441,837.61,1001.70,2,E,5,W
412,873.34,1002.00,2,W,5,W
414,888.71,1002.30,2,W,5,W
415,896.26,1002.60,2,W,5,W
158,821.52,1002.90,1,S,5,W
160,824.66,1003.20,1,S,5,W
162,826.97,1003.50,1,S,5,W
164,828.49,1003.80,1,S,5,W
170,835.24,1004.10,1,S,5,W
174,839.02,1004.40,1,S,5,W
306,771.80,1004.70,1,W,5,W
308,774.81,1005.00,1,W,5,W
313,820.16,1005.30,1,W,5,W
314,834.41,1005.60,1,W,5,W
373,881.40,1005.90,1,E,5,W
165,829.50,1015.00,1,S,5,E
151,744.54,1021.14,1,S,5,N
409,826.91,1021.44,2,W,5,N
442,858.84,1021.74,2,E,5,N
410,849.93,1022.04,2,W,5,N
411,861.93,1022.34,2,W,5,N
443,887.55,1022.64,2,E,5,N
413,887.85,1022.94,2,W,5,N
163,828.14,1023.24,1,S,5,N
169,834.20,1023.54,1,S,5,N
171,835.56,1023.84,1,S,5,N
173,838.94,1024.14,1,S,5,N
310,795.42,1024.44,1,W,5,N
311,796.37,1024.74,1,W,5,N
315,851.93,1025.04,1,W,5,N
316,853.10,1025.34,1,W,5,N
368,818.40,1025.64,1,E,5,N
369,823.77,1025.94,1,E,5,N
370,850.77,1026.24,1,E,5,N
371,878.60,1026.54,1,E,5,N
374,899.44,1026.84,1,E,5,N
317,873.98,1037.37,1,W,3,E
180,883.31,1098.90,1,S,5,W
183,888.80,1099.20,1,S,5,W
184,889.21,1099.50,1,S,5,W
185,891.81,1099.80,1,S,5,W
188,896.22,1100.10,1,S,5,W
318,895.60,1114.90,1,W,5,E
176,840.57,1121.04,1,S,5,N
177,841.02,1121.34,1,S,5,N
179,843.33,1121.64,1,S,5,N
181,885.25,1121.94,1,S,5,N
187,893.70,1122.24,1,S,5,N
189,896.88,1122.54,1,S,5,N
190,897.39,1122.84,1,S,5,N