id,enter_time,exit_time,entrance_intersection,entrance_direction,exit_intersection,exit_direction
452,10.73,66.14,5,W,5,N
453,12.62,66.44,5,W,5,N
454,12.83,66.74,5,W,5,N
455,14.15,67.04,5,W,5,N
456,30.92,67.34,5,W,5,N
457,46.35,67.64,5,W,5,N
458,47.30,67.94,5,W,5,N
459,49.27,68.24,5,W,5,N
460,56.26,68.54,5,W,5,N
461,58.35,68.84,5,W,5,N
462,58.43,69.14,5,W,5,N
463,60.42,69.44,5,W,5,N
464,62.42,69.74,5,W,5,N
465,64.35,70.49,5,W,5,N
466,69.89,76.03,5,W,5,N
605,3.78,80.14,5,E,5,N
606,48.36,80.44,5,E,5,N
607,92.00,98.13,5,E,5,N
6,34.42,100.10,1,S,2,W
175,17.16,100.40,1,W,2,W
7,84.13,100.40,1,S,1,W
608,97.98,104.12,5,E,5,N
344,69.03,113.17,2,W,3,W
346,91.83,127.90,2,W,3,W
416,55.91,131.27,3,E,5,N
390,28.56,131.57,3,W,5,N
391,29.95,131.87,3,W,5,N
417,56.96,132.17,3,E,5,N
297,83.37,145.55,1,E,3,W
16,131.56,145.70,1,S,1,E
467,92.53,166.04,5,W,5,N
468,105.74,166.34,5,W,5,N
469,124.34,166.64,5,W,5,N
470,125.17,166.94,5,W,5,N
471,126.92,167.24,5,W,5,N
472,127.61,167.54,5,W,5,N
473,128.89,167.84,5,W,5,N
474,156.63,168.14,5,W,5,N
475,157.69,168.44,5,W,5,N
476,159.00,168.74,5,W,5,N
477,160.44,169.04,5,W,5,N
478,160.51,169.34,5,W,5,N
479,161.38,169.64,5,W,5,N
480,162.85,169.94,5,W,5,N
481,163.28,170.24,5,W,5,N
482,166.20,172.34,5,W,5,N
483,169.27,175.41,5,W,5,N
484,170.78,176.91,5,W,5,N
609,105.69,180.04,5,E,5,N
610,111.68,180.34,5,E,5,N
611,135.40,180.64,5,E,5,N
612,178.90,185.04,5,E,5,N
613,179.82,185.96,5,E,5,N
614,185.22,191.35,5,E,5,N
615,185.88,192.02,5,E,5,N
8,85.56,199.60,1,S,3,E
415,54.26,199.80,3,E,5,W
389,17.66,200.10,3,W,5,W
12,126.05,200.20,1,S,2,W
342,43.37,200.40,2,W,5,W
343,44.59,200.70,2,W,5,W
11,122.71,200.80,1,S,1,W
345,79.27,201.00,2,W,5,W
17,134.11,201.10,1,S,1,W
366,98.24,201.30,2,E,5,W
21,145.82,201.40,1,S,1,W
1,32.57,201.60,1,S,5,W
25,150.80,201.70,1,S,1,W
2,32.71,201.90,1,S,5,W
3,32.84,202.20,1,S,5,W
170,2.58,202.50,1,W,5,W
171,4.17,202.80,1,W,5,W
177,20.29,203.10,1,W,5,W
178,22.17,203.40,1,W,5,W
294,49.12,203.70,1,E,5,W
295,70.98,204.00,1,E,5,W
19,138.11,213.60,1,S,1,E
20,144.00,213.90,1,S,1,E
27,177.51,214.20,1,S,1,E
365,58.90,215.80,2,E,5,E
293,44.19,216.10,1,E,5,E
0,1.28,221.94,1,S,5,N
364,27.14,222.24,2,E,5,N
341,32.82,222.54,2,W,5,N
4,33.77,222.84,1,S,5,N
5,34.00,223.14,1,S,5,N
169,1.51,223.44,1,W,5,N
172,5.93,223.74,1,W,5,N
173,7.82,224.04,1,W,5,N
174,7.87,224.34,1,W,5,N
176,18.76,224.64,1,W,5,N
179,35.73,224.94,1,W,5,N
180,43.62,225.24,1,W,5,N
181,47.27,225.54,1,W,5,N
182,56.76,225.84,1,W,5,N
296,74.23,226.14,1,E,5,N
36,216.41,230.55,1,S,1,E
418,109.67,230.77,3,E,5,N
393,121.64,231.07,3,W,5,N
394,140.02,231.37,3,W,5,N
183,79.60,237.47,1,W,3,W
300,126.60,241.37,1,E,3,E
304,164.07,242.57,1,E,3,E
420,187.75,249.52,3,E,5,N
485,195.90,265.94,5,W,5,N
486,197.54,266.24,5,W,5,N
487,213.95,266.54,5,W,5,N
488,229.34,266.84,5,W,5,N
489,229.56,267.14,5,W,5,N
490,230.46,267.44,5,W,5,N
491,236.65,267.74,5,W,5,N
492,255.94,268.04,5,W,5,N
493,256.01,268.34,5,W,5,N
494,256.39,268.64,5,W,5,N
495,259.63,268.94,5,W,5,N
496,259.71,269.24,5,W,5,N
497,262.50,269.54,5,W,5,N
498,262.56,269.84,5,W,5,N
499,263.69,270.14,5,W,5,N
500,264.14,270.27,5,W,5,N
501,265.91,272.04,5,W,5,N
502,267.13,273.27,5,W,5,N
616,232.25,279.94,5,E,5,N
617,284.43,290.57,5,E,5,N
618,291.92,298.05,5,E,5,N
24,148.89,299.40,1,S,3,W
392,103.62,299.70,3,W,5,W
419,152.79,300.00,3,E,5,W
9,85.83,300.30,1,S,5,W
368,153.71,300.60,2,E,5,W
369,199.79,300.90,2,E,5,W
619,294.90,301.04,5,E,5,N
18,136.23,301.20,1,S,5,W
186,93.72,301.50,1,W,5,W
191,125.05,301.80,1,W,5,W
192,126.45,302.10,1,W,5,W
298,103.21,302.40,1,E,5,W
41,289.32,303.46,1,S,1,W
309,279.53,305.64,1,E,2,W
44,291.64,305.78,1,S,1,W
45,292.99,307.13,1,S,1,W
47,297.61,311.75,1,S,1,W
39,287.41,314.00,1,S,1,E
40,288.52,314.30,1,S,1,E
46,294.99,314.60,1,S,1,E
13,127.52,315.70,1,S,5,E
184,90.38,316.00,1,W,5,E
10,88.21,321.84,1,S,5,N
367,141.58,322.14,2,E,5,N
347,125.82,322.44,2,W,5,N
14,129.18,322.74,1,S,5,N
15,130.49,323.04,1,S,5,N
185,91.72,323.34,1,W,5,N
187,96.54,323.64,1,W,5,N
188,98.20,323.94,1,W,5,N
189,101.89,324.24,1,W,5,N
190,105.48,324.54,1,W,5,N
193,145.70,324.84,1,W,5,N
299,117.96,325.14,1,E,5,N
301,144.00,325.44,1,E,5,N
302,151.58,325.74,1,E,5,N
303,162.08,326.04,1,E,5,N
305,171.27,326.34,1,E,5,N
421,205.50,330.57,3,E,5,N
395,209.63,330.87,3,W,5,N
422,244.43,331.17,3,E,5,N
396,226.17,331.47,3,W,5,N
423,245.88,331.77,3,E,5,N
32,212.73,336.97,1,S,3,W
307,268.91,341.77,1,E,3,E
424,294.87,356.64,3,E,5,N
397,295.15,356.92,3,W,5,N
503,282.87,365.84,5,W,5,N
504,284.50,366.14,5,W,5,N
505,284.98,366.44,5,W,5,N
506,290.82,366.74,5,W,5,N
507,291.75,367.04,5,W,5,N
508,292.75,367.34,5,W,5,N
509,294.03,367.64,5,W,5,N
510,295.74,367.94,5,W,5,N
511,297.70,368.24,5,W,5,N
512,299.38,368.54,5,W,5,N
513,315.07,368.84,5,W,5,N
514,316.27,369.14,5,W,5,N
515,323.94,369.44,5,W,5,N
516,324.94,369.74,5,W,5,N
517,325.50,370.04,5,W,5,N
518,326.98,370.34,5,W,5,N
519,329.66,370.64,5,W,5,N
520,360.20,370.94,5,W,5,N
521,370.46,376.59,5,W,5,N
522,371.86,377.99,5,W,5,N
620,300.44,379.84,5,E,5,N
621,305.62,380.14,5,E,5,N
622,306.53,380.44,5,E,5,N
623,307.72,380.74,5,E,5,N
624,313.35,381.04,5,E,5,N
625,363.65,381.34,5,E,5,N
306,199.74,399.60,1,E,5,W
26,151.81,399.90,1,S,5,W
370,245.20,400.20,2,E,5,W
214,340.19,400.40,1,W,2,W
348,223.40,400.50,2,W,5,W
371,270.53,400.80,2,E,5,W
349,233.52,401.10,2,W,5,W
31,211.41,401.40,1,S,5,W
50,299.77,401.60,1,S,1,W
197,195.15,401.70,1,W,5,W
198,196.28,402.00,1,W,5,W
202,214.97,402.30,1,W,5,W
203,218.63,402.60,1,W,5,W
311,291.56,409.38,1,E,5,W
63,395.36,409.49,1,S,1,W
201,213.63,415.60,1,W,5,E
398,298.15,421.74,3,W,5,N
22,146.32,422.04,1,S,5,N
23,147.09,422.34,1,S,5,N
28,178.60,422.64,1,S,5,N
29,179.65,422.94,1,S,5,N
30,209.90,423.24,1,S,5,N
33,214.00,423.54,1,S,5,N
34,214.48,423.84,1,S,5,N
35,215.43,424.14,1,S,5,N
399,322.56,424.23,3,W,5,E
194,167.59,424.44,1,W,5,N
195,169.50,424.74,1,W,5,N
196,193.33,425.04,1,W,5,N
199,210.00,425.34,1,W,5,N
200,213.25,425.64,1,W,5,N
204,238.08,425.94,1,W,5,N
205,257.64,426.24,1,W,5,N
308,277.03,426.54,1,E,5,N
310,280.88,426.84,1,E,5,N
312,295.06,427.14,1,E,5,N
313,300.95,427.44,1,E,5,N
425,343.18,430.37,3,E,5,N
426,344.62,430.67,3,E,5,N
428,348.41,431.27,3,E,5,N
211,317.83,438.57,1,W,3,E
216,351.04,439.77,1,W,3,E
64,396.69,442.32,1,S,2,W
400,382.83,444.60,3,W,5,N
523,373.16,465.74,5,W,5,N
524,388.38,466.04,5,W,5,N
525,391.25,466.34,5,W,5,N
526,407.76,466.64,5,W,5,N
527,409.44,466.94,5,W,5,N
528,426.42,467.24,5,W,5,N
529,429.24,467.54,5,W,5,N
530,430.30,467.84,5,W,5,N
531,431.57,468.14,5,W,5,N
532,432.55,468.44,5,W,5,N
533,436.16,468.74,5,W,5,N
534,442.35,469.04,5,W,5,N
535,444.45,469.34,5,W,5,N
536,444.54,469.64,5,W,5,N
537,446.14,469.94,5,W,5,N
538,447.61,470.24,5,W,5,N
539,448.60,470.54,5,W,5,N
540,455.16,470.84,5,W,5,N
541,456.97,471.14,5,W,5,N
542,460.12,471.44,5,W,5,N
543,462.05,471.74,5,W,5,N
544,469.79,475.92,5,W,5,N
545,470.12,476.25,5,W,5,N
626,405.62,479.74,5,E,5,N
627,411.35,480.04,5,E,5,N
628,483.39,489.53,5,E,5,N
57,343.15,499.00,1,S,3,W
71,400.65,499.30,1,S,3,W
427,346.46,499.50,3,E,5,W
429,385.13,499.80,3,E,5,W
430,391.59,500.10,3,E,5,W
37,250.62,500.40,1,S,5,W
48,299.02,500.70,1,S,5,W
52,301.67,501.00,1,S,5,W
53,301.93,501.30,1,S,5,W
372,316.65,501.60,2,E,5,W
206,276.75,501.90,1,W,5,W
75,437.31,502.00,1,S,1,W
212,321.63,502.20,1,W,5,W
213,323.60,502.50,1,W,5,W
315,349.18,502.80,1,E,5,W
316,360.12,503.10,1,E,5,W
323,480.47,506.59,1,E,2,W
375,426.22,512.67,2,E,3,W
90,504.56,518.69,1,S,1,E
38,252.07,521.64,1,S,5,N
42,290.92,521.94,1,S,5,N
43,290.98,522.24,1,S,5,N
49,299.51,522.54,1,S,5,N
51,301.15,522.84,1,S,5,N
54,304.70,523.14,1,S,5,N
350,314.76,523.44,2,W,5,N
373,364.38,523.74,2,E,5,N
431,448.39,524.03,3,E,5,E
374,385.43,524.04,2,E,5,N
351,390.23,524.34,2,W,5,N
55,306.03,524.64,1,S,5,N
56,306.34,524.94,1,S,5,N
207,295.96,525.24,1,W,5,N
208,314.68,525.54,1,W,5,N
209,315.74,525.84,1,W,5,N
210,316.59,526.14,1,W,5,N
215,347.14,526.44,1,W,5,N
314,303.07,526.74,1,E,5,N
401,412.42,530.17,3,W,5,N
432,457.38,530.47,3,E,5,N
434,474.89,536.66,3,E,5,N
435,476.18,537.95,3,E,5,N
219,374.81,538.07,1,W,3,E
224,407.70,539.57,1,W,3,W
229,450.40,541.07,1,W,3,W
232,455.69,541.97,1,W,3,W
83,452.70,542.72,1,S,2,W
317,406.27,543.17,1,E,3,W
88,491.67,544.22,1,S,2,W
546,477.19,565.64,5,W,5,N
547,487.33,565.94,5,W,5,N
548,489.30,566.24,5,W,5,N
549,491.20,566.54,5,W,5,N
550,494.13,566.84,5,W,5,N
551,516.89,567.14,5,W,5,N
552,518.03,567.44,5,W,5,N
553,519.52,567.74,5,W,5,N
554,532.76,568.04,5,W,5,N
555,547.69,568.34,5,W,5,N
556,554.36,568.64,5,W,5,N
557,560.55,568.94,5,W,5,N
558,567.98,574.12,5,W,5,N
559,568.48,574.62,5,W,5,N
560,570.58,576.71,5,W,5,N
561,571.21,577.35,5,W,5,N
629,554.14,579.64,5,E,5,N
630,554.92,579.94,5,E,5,N
402,429.61,599.40,3,W,5,W
433,467.36,599.70,3,E,5,W
403,429.77,600.00,3,W,5,W
58,343.95,600.30,1,S,5,W
59,344.75,600.60,1,S,5,W
243,477.09,600.60,1,W,2,W
60,345.46,600.90,1,S,5,W
245,479.62,600.90,1,W,2,W
62,395.03,601.20,1,S,5,W
68,399.45,601.50,1,S,5,W
69,399.57,601.80,1,S,5,W
72,402.56,602.10,1,S,5,W
376,440.78,602.40,2,E,5,W
95,579.66,602.40,1,S,1,W
377,458.79,602.70,2,E,5,W
97,581.21,602.70,1,S,1,W
73,435.02,603.00,1,S,5,W
220,376.28,603.30,1,W,5,W
221,382.98,603.60,1,W,5,W
222,384.20,603.90,1,W,5,W
223,388.00,604.20,1,W,5,W
322,474.90,604.50,1,E,5,W
103,591.72,605.86,1,S,1,W
324,491.06,608.89,1,E,5,W
379,518.15,612.77,2,E,3,E
101,586.81,615.20,1,S,1,E
65,396.80,615.40,1,S,5,E
218,372.39,615.70,1,W,5,E
226,409.35,616.00,1,W,5,E
61,394.99,621.54,1,S,5,N
66,397.64,621.84,1,S,5,N
67,398.02,622.14,1,S,5,N
70,399.66,622.44,1,S,5,N
352,468.40,622.74,2,W,5,N
353,470.90,623.04,2,W,5,N
378,492.72,623.34,2,E,5,N
354,496.39,623.64,2,W,5,N
404,499.81,623.83,3,W,5,E
74,436.72,623.94,1,S,5,N
76,437.63,624.24,1,S,5,N
406,552.89,624.43,3,W,5,E
217,370.77,624.54,1,W,5,N
225,408.75,624.84,1,W,5,N
227,417.86,625.14,1,W,5,N
228,435.03,625.44,1,W,5,N
230,452.38,625.74,1,W,5,N
231,453.95,626.04,1,W,5,N
233,459.29,626.34,1,W,5,N
234,460.52,626.64,1,W,5,N
235,461.17,626.94,1,W,5,N
318,409.53,627.24,1,E,5,N
319,451.39,627.54,1,E,5,N
320,459.81,627.84,1,E,5,N
321,469.10,628.14,1,E,5,N
436,524.45,629.97,3,E,5,N
405,501.23,630.27,3,W,5,N
437,533.70,630.57,3,E,5,N
94,538.64,637.57,1,S,3,W
439,590.64,652.41,3,E,5,N
440,592.63,654.40,3,E,5,N
562,573.00,665.54,5,W,5,N
563,573.12,665.84,5,W,5,N
564,575.76,666.14,5,W,5,N
565,581.09,666.44,5,W,5,N
566,582.28,666.74,5,W,5,N
567,583.49,667.04,5,W,5,N
568,584.67,667.34,5,W,5,N
569,585.88,667.64,5,W,5,N
570,587.70,667.94,5,W,5,N
571,594.72,668.24,5,W,5,N
572,595.27,668.54,5,W,5,N
573,627.20,668.84,5,W,5,N
574,634.58,669.14,5,W,5,N
575,642.58,669.44,5,W,5,N
576,643.87,669.74,5,W,5,N
577,645.19,670.04,5,W,5,N
631,626.86,679.54,5,E,5,N
632,628.06,679.84,5,E,5,N
633,633.32,680.14,5,E,5,N
634,688.24,694.38,5,E,5,N
438,540.07,699.30,3,E,5,W
77,439.20,699.60,1,S,5,W
79,443.85,699.90,1,S,5,W
82,450.20,700.20,1,S,5,W
89,497.08,700.50,1,S,5,W
256,571.15,700.70,1,W,2,W
93,536.78,700.80,1,S,5,W
237,470.51,701.10,1,W,5,W
238,471.09,701.40,1,W,5,W
242,475.37,701.70,1,W,5,W
247,502.54,702.00,1,W,5,W
248,517.58,702.30,1,W,5,W
249,519.11,702.60,1,W,5,W
113,641.79,702.80,1,S,1,W
250,522.70,702.90,1,W,5,W
117,655.03,703.10,1,S,1,W
252,552.97,703.20,1,W,5,W
254,564.03,703.50,1,W,5,W
326,557.88,703.80,1,E,5,W
327,568.72,704.10,1,E,5,W
356,600.98,712.87,2,W,3,W
355,503.54,715.30,2,W,5,E
240,473.51,715.60,1,W,5,E
253,562.04,715.90,1,W,5,E
78,442.08,721.44,1,S,5,N
80,445.26,721.74,1,S,5,N
81,449.27,722.04,1,S,5,N
84,453.40,722.34,1,S,5,N
85,454.88,722.64,1,S,5,N
86,490.18,722.94,1,S,5,N
87,490.48,723.24,1,S,5,N
380,563.72,723.54,2,E,5,N
91,505.86,723.84,1,S,5,N
92,536.08,724.14,1,S,5,N
236,468.59,724.44,1,W,5,N
239,472.19,724.74,1,W,5,N
241,475.14,725.04,1,W,5,N
244,478.19,725.34,1,W,5,N
246,490.74,725.64,1,W,5,N
251,543.94,725.94,1,W,5,N
325,552.93,726.24,1,E,5,N
407,623.22,729.77,3,W,5,N
409,651.33,730.37,3,W,5,N
410,656.20,730.67,3,W,5,N
442,676.49,732.13,3,E,5,E
443,678.37,740.14,3,E,5,N
444,680.14,741.91,3,E,5,N
578,682.19,765.44,5,W,5,N
579,703.09,765.74,5,W,5,N
580,704.23,766.04,5,W,5,N
581,704.49,766.34,5,W,5,N
582,711.24,766.64,5,W,5,N
583,714.29,766.94,5,W,5,N
584,723.04,767.24,5,W,5,N
585,725.03,767.54,5,W,5,N
586,726.48,767.84,5,W,5,N
587,740.66,768.14,5,W,5,N
588,751.35,768.44,5,W,5,N
589,752.83,768.74,5,W,5,N
635,733.09,779.44,5,E,5,N
636,748.80,779.74,5,E,5,N
637,751.82,780.04,5,E,5,N
114,645.03,798.40,1,S,3,W
441,638.65,799.20,3,E,5,W
408,633.23,799.50,3,W,5,W
96,580.72,799.80,1,S,5,W
104,595.46,800.10,1,S,5,W
382,656.81,800.40,2,E,5,W
357,640.96,800.70,2,W,5,W
108,637.40,801.00,1,S,5,W
109,637.87,801.30,1,S,5,W
638,795.28,801.42,5,E,5,N
258,601.11,801.60,1,W,5,W
260,607.52,801.90,1,W,5,W
261,623.70,802.20,1,W,5,W
263,639.98,802.50,1,W,5,W
328,625.72,802.80,1,E,5,W
329,674.04,803.10,1,E,5,W
122,725.18,803.20,1,S,1,W
124,727.26,803.50,1,S,1,W
125,729.06,803.80,1,S,1,W
131,764.48,804.10,1,S,1,W
134,769.59,804.40,1,S,1,W
98,583.11,821.34,1,S,5,N
99,585.03,821.64,1,S,5,N
100,586.11,821.94,1,S,5,N
102,590.20,822.24,1,S,5,N
381,608.89,822.54,2,E,5,N
358,643.37,822.84,2,W,5,N
383,677.44,823.14,2,E,5,N
359,655.56,823.44,2,W,5,N
360,669.88,823.74,2,W,5,N
105,634.01,824.04,1,S,5,N
106,635.29,824.34,1,S,5,N
107,637.15,824.64,1,S,5,N
110,638.54,824.94,1,S,5,N
255,567.45,825.24,1,W,5,N
257,588.73,825.54,1,W,5,N
259,604.25,825.84,1,W,5,N
262,625.68,826.14,1,W,5,N
264,641.82,826.44,1,W,5,N
265,658.53,826.74,1,W,5,N
411,710.21,829.57,3,W,5,N
126,731.30,837.17,1,S,3,E
267,694.59,837.77,1,W,3,E
128,762.43,842.42,1,S,2,E
590,783.87,865.34,5,W,5,N
591,812.13,865.64,5,W,5,N
592,814.71,865.94,5,W,5,N
593,821.15,866.24,5,W,5,N
594,823.70,866.54,5,W,5,N
595,837.72,866.84,5,W,5,N
596,838.58,867.14,5,W,5,N
597,839.76,867.44,5,W,5,N
598,840.09,867.74,5,W,5,N
599,866.86,873.00,5,W,5,N
639,865.03,879.34,5,E,5,N
640,882.11,888.25,5,E,5,N
135,770.09,898.20,1,S,3,W
445,726.34,899.10,3,E,5,W
446,774.50,899.40,3,E,5,W
412,776.32,899.70,3,W,5,W
112,641.77,900.00,1,S,5,W
118,656.23,900.30,1,S,5,W
119,656.57,900.60,1,S,5,W
385,738.56,900.90,2,E,5,W
335,807.76,900.90,1,E,2,E
141,811.55,900.90,1,S,2,W
268,697.04,901.20,1,W,5,W
142,812.63,901.20,1,S,2,W
336,837.20,901.50,1,E,2,W
144,841.79,903.60,1,S,1,W
148,844.21,903.90,1,S,1,W
158,882.39,904.20,1,S,1,W
162,886.71,904.50,1,S,1,W
387,823.46,913.07,2,E,3,W
115,646.13,915.10,1,S,5,E
150,846.03,916.40,1,S,1,E
156,858.38,916.70,1,S,1,E
111,639.84,921.24,1,S,5,N
116,649.05,921.54,1,S,5,N
120,687.40,921.84,1,S,5,N
121,688.07,922.14,1,S,5,N
361,748.10,922.44,2,W,5,N
384,726.41,922.74,2,E,5,N
386,783.34,923.04,2,E,5,N
123,725.62,923.34,1,S,5,N
266,674.21,923.64,1,W,5,N
269,698.82,923.94,1,W,5,N
270,706.16,924.24,1,W,5,N
271,728.32,924.54,1,W,5,N
272,740.68,924.84,1,W,5,N
273,761.90,925.14,1,W,5,N
330,710.94,925.44,1,E,5,N
331,711.98,925.74,1,E,5,N
332,714.28,926.04,1,E,5,N
333,779.16,926.34,1,E,5,N
334,788.47,926.64,1,E,5,N
413,837.42,929.37,3,W,5,N
448,825.62,929.67,3,E,5,N
276,804.78,937.87,1,W,3,W
450,876.27,938.04,3,E,5,N
600,885.59,965.24,5,W,5,N
601,887.41,965.54,5,W,5,N
602,889.36,965.84,5,W,5,N
603,891.99,966.14,5,W,5,N
604,893.38,966.44,5,W,5,N
447,807.78,999.00,3,E,5,W
449,862.82,999.30,3,E,5,W
451,877.77,999.60,3,E,5,W
414,893.58,999.90,3,W,5,W
129,762.52,1000.20,1,S,5,W
130,762.88,1000.50,1,S,5,W
132,764.92,1000.80,1,S,5,W
136,771.17,1001.10,1,S,5,W
143,814.23,1001.40,1,S,5,W
284,854.72,1001.70,1,W,5,W
285,856.37,1002.00,1,W,5,W
286,863.92,1002.30,1,W,5,W
337,851.29,1002.60,1,E,5,W
340,893.35,1011.17,1,E,5,W
139,777.66,1015.00,1,S,5,E
274,781.80,1015.30,1,W,5,E
287,867.69,1015.60,1,W,5,E
127,762.10,1021.14,1,S,5,N
133,768.00,1021.44,1,S,5,N
137,774.99,1021.74,1,S,5,N
138,775.67,1022.04,1,S,5,N
140,777.72,1022.34,1,S,5,N
362,828.96,1022.64,2,W,5,N
388,868.26,1022.94,2,E,5,N
363,864.70,1023.24,2,W,5,N
275,783.51,1023.54,1,W,5,N
277,820.95,1023.84,1,W,5,N
278,822.09,1024.14,1,W,5,N
279,823.86,1024.44,1,W,5,N
280,832.67,1024.74,1,W,5,N
281,834.37,1025.04,1,W,5,N
282,851.07,1025.34,1,W,5,N
283,852.89,1025.64,1,W,5,N
338,853.10,1025.94,1,E,5,N
339,869.04,1026.24,1,E,5,N
145,842.29,1098.90,1,S,5,W
147,843.08,1099.20,1,S,5,W
149,845.50,1099.50,1,S,5,W
152,849.10,1099.80,1,S,5,W
154,855.94,1100.10,1,S,5,W
161,885.13,1100.40,1,S,5,W
167,896.75,1100.70,1,S,5,W
288,889.97,1101.00,1,W,5,W
289,891.53,1101.30,1,W,5,W
146,842.91,1121.04,1,S,5,N
151,847.76,1121.34,1,S,5,N
153,854.91,1121.64,1,S,5,N
155,857.85,1121.94,1,S,5,N
157,880.79,1122.24,1,S,5,N
159,882.61,1122.54,1,S,5,N
160,884.42,1122.84,1,S,5,N
163,887.81,1123.14,1,S,5,N
164,888.23,1123.44,1,S,5,N
165,893.98,1123.74,1,S,5,N
166,895.83,1124.04,1,S,5,N
168,899.31,1124.34,1,S,5,N
290,892.67,1124.64,1,W,5,N
291,894.38,1124.94,1,W,5,N
292,894.49,1125.24,1,W,5,N