id,enter_time,exit_time,entrance_intersection,entrance_direction,exit_intersection,exit_direction
531,7.31,66.14,5,W,5,N
532,9.66,66.44,5,W,5,N
533,10.63,66.74,5,W,5,N
534,11.98,67.04,5,W,5,N
535,14.61,67.34,5,W,5,N
536,15.83,67.64,5,W,5,N
537,28.40,67.94,5,W,5,N
538,62.19,68.33,5,W,5,N
539,64.12,70.26,5,W,5,N
540,72.61,78.75,5,W,5,N
675,1.32,80.14,5,E,5,N
676,6.57,80.44,5,E,5,N
677,74.63,80.76,5,E,5,N
678,80.22,86.36,5,E,5,N
679,82.00,88.14,5,E,5,N
1,4.56,100.10,1,S,2,W
222,15.40,100.40,1,W,2,W
6,12.55,100.40,1,S,1,W
9,46.41,100.70,1,S,1,W
11,49.38,101.00,1,S,1,W
17,55.24,101.30,1,S,1,W
20,60.05,101.60,1,S,1,W
28,66.29,101.90,1,S,1,W
14,51.68,113.20,1,S,1,E
479,8.01,130.97,3,E,5,N
456,55.67,131.27,3,W,5,N
480,46.49,131.57,3,E,5,N
3,7.74,136.47,1,S,3,W
4,9.43,136.77,1,S,3,E
19,59.74,141.72,1,S,2,E
340,70.14,142.17,1,E,3,W
541,92.15,166.04,5,W,5,N
542,92.70,166.34,5,W,5,N
543,93.12,166.64,5,W,5,N
544,93.92,166.94,5,W,5,N
545,94.53,167.24,5,W,5,N
546,95.84,167.54,5,W,5,N
547,104.38,167.84,5,W,5,N
548,112.75,168.14,5,W,5,N
549,120.06,168.44,5,W,5,N
550,123.00,168.74,5,W,5,N
551,123.56,169.04,5,W,5,N
552,126.47,169.34,5,W,5,N
553,127.94,169.64,5,W,5,N
554,138.70,169.94,5,W,5,N
555,155.70,170.24,5,W,5,N
556,164.18,170.32,5,W,5,N
557,165.20,171.34,5,W,5,N
558,167.06,173.19,5,W,5,N
559,168.59,174.73,5,W,5,N
680,103.35,180.04,5,E,5,N
681,154.75,180.34,5,E,5,N
682,160.90,180.64,5,E,5,N
683,161.00,180.94,5,E,5,N
27,64.40,199.60,1,S,3,W
13,51.17,199.60,1,S,3,E
431,49.21,199.80,2,E,5,W
402,66.57,200.10,2,W,5,W
236,113.67,200.20,1,W,2,W
432,62.54,200.40,2,E,5,W
243,140.41,200.50,1,W,2,W
2,6.24,200.70,1,S,5,W
221,14.47,201.00,1,W,5,W
228,53.49,201.30,1,W,5,W
229,55.33,201.60,1,W,5,W
337,48.94,201.90,1,E,5,W
52,201.44,215.58,1,S,1,E
336,25.65,215.80,1,E,5,E
0,2.66,221.94,1,S,5,N
401,29.07,222.24,2,W,5,N
5,11.00,222.54,1,S,5,N
223,34.70,222.84,1,W,5,N
224,49.23,223.14,1,W,5,N
225,51.06,223.44,1,W,5,N
226,52.12,223.74,1,W,5,N
227,52.20,224.04,1,W,5,N
230,58.50,224.34,1,W,5,N
231,59.97,224.64,1,W,5,N
334,19.36,224.94,1,E,5,N
56,210.89,225.03,1,S,1,E
335,23.05,225.24,1,E,5,N
338,50.85,225.54,1,E,5,N
339,52.51,225.84,1,E,5,N
341,73.75,226.14,1,E,5,N
342,100.36,226.44,1,E,5,N
482,138.97,231.07,3,E,5,N
483,140.74,231.37,3,E,5,N
484,171.05,232.82,3,E,5,N
458,179.28,234.91,3,W,5,E
34,110.39,237.17,1,S,3,E
38,113.38,238.37,1,S,3,W
50,198.29,241.22,1,S,2,E
240,132.57,242.57,1,W,3,W
485,185.87,247.64,3,E,5,N
486,187.35,249.12,3,E,5,N
350,191.79,253.98,1,E,3,W
560,182.62,265.94,5,W,5,N
561,192.72,266.24,5,W,5,N
562,194.36,266.54,5,W,5,N
563,196.94,266.84,5,W,5,N
564,198.09,267.14,5,W,5,N
565,199.90,267.44,5,W,5,N
566,201.13,267.74,5,W,5,N
567,201.59,268.04,5,W,5,N
568,203.00,268.34,5,W,5,N
569,208.74,268.64,5,W,5,N
570,221.85,268.94,5,W,5,N
571,222.88,269.24,5,W,5,N
572,235.09,269.54,5,W,5,N
573,237.34,269.84,5,W,5,N
574,238.58,270.14,5,W,5,N
575,245.77,270.44,5,W,5,N
576,257.82,270.74,5,W,5,N
577,257.95,271.04,5,W,5,N
684,202.37,279.94,5,E,5,N
685,253.29,280.24,5,E,5,N
686,268.91,280.54,5,E,5,N
457,122.81,299.70,3,W,5,W
481,102.99,300.00,3,E,5,W
250,204.52,300.30,1,W,2,W
487,193.48,300.30,3,E,5,W
488,194.49,300.60,3,E,5,W
687,294.61,300.75,5,E,5,N
8,45.20,300.90,1,S,5,W
58,213.36,301.20,1,S,1,W
24,63.45,301.20,1,S,5,W
61,247.76,301.50,1,S,1,W
30,103.34,301.50,1,S,5,W
62,249.03,301.80,1,S,1,W
433,100.47,301.80,2,E,5,W
64,250.30,302.10,1,S,1,W
407,171.50,302.10,2,W,5,W
66,250.87,302.40,1,S,1,W
35,110.63,302.40,1,S,5,W
67,251.30,302.70,1,S,1,W
232,70.58,302.70,1,W,5,W
234,76.03,303.00,1,W,5,W
241,135.90,303.30,1,W,5,W
242,136.98,303.60,1,W,5,W
345,125.82,303.90,1,E,5,W
346,126.95,304.20,1,E,5,W
348,181.05,304.50,1,E,5,W
74,294.98,309.12,1,S,1,W
437,277.85,313.92,2,E,3,E
60,246.07,314.00,1,S,1,E
63,249.16,314.30,1,S,1,E
7,44.86,321.84,1,S,5,N
10,47.64,322.14,1,S,5,N
12,50.54,322.44,1,S,5,N
15,51.99,322.74,1,S,5,N
16,54.71,323.04,1,S,5,N
18,55.98,323.34,1,S,5,N
21,61.51,323.64,1,S,5,N
22,61.62,323.94,1,S,5,N
23,62.86,324.24,1,S,5,N
25,63.51,324.54,1,S,5,N
26,63.64,324.84,1,S,5,N
29,66.57,325.14,1,S,5,N
403,105.49,325.44,2,W,5,N
434,143.42,325.74,2,E,5,N
404,115.96,326.04,2,W,5,N
495,233.53,326.23,3,E,5,E
405,129.85,326.34,2,W,5,N
406,162.08,326.64,2,W,5,N
435,188.72,326.94,2,E,5,N
408,199.70,327.24,2,W,5,N
31,105.39,327.54,1,S,5,N
32,107.25,327.84,1,S,5,N
33,108.27,328.14,1,S,5,N
36,112.48,328.44,1,S,5,N
37,112.58,328.74,1,S,5,N
39,114.23,329.04,1,S,5,N
40,115.26,329.34,1,S,5,N
41,115.31,329.64,1,S,5,N
42,115.88,329.94,1,S,5,N
43,116.87,330.24,1,S,5,N
44,118.15,330.54,1,S,5,N
233,72.38,330.84,1,W,5,N
235,91.31,331.14,1,W,5,N
237,113.74,331.44,1,W,5,N
238,115.23,331.74,1,W,5,N
239,132.10,332.04,1,W,5,N
244,142.04,332.34,1,W,5,N
245,143.42,332.64,1,W,5,N
246,145.04,332.94,1,W,5,N
247,152.08,333.24,1,W,5,N
343,112.58,333.54,1,E,5,N
344,123.60,333.84,1,E,5,N
347,146.18,334.14,1,E,5,N
349,190.28,334.44,1,E,5,N
489,205.76,334.74,3,E,5,N
460,254.26,335.04,3,W,5,N
491,209.56,335.34,3,E,5,N
492,211.44,335.64,3,E,5,N
493,218.22,335.94,3,E,5,N
494,232.34,336.24,3,E,5,N
497,294.43,356.20,3,E,5,N
578,290.83,365.84,5,W,5,N
579,292.24,366.14,5,W,5,N
580,294.02,366.44,5,W,5,N
581,295.83,366.74,5,W,5,N
582,306.42,367.04,5,W,5,N
583,306.97,367.34,5,W,5,N
584,341.75,367.64,5,W,5,N
585,344.23,367.94,5,W,5,N
586,345.58,368.24,5,W,5,N
587,346.88,368.54,5,W,5,N
588,347.57,368.84,5,W,5,N
688,336.67,379.84,5,E,5,N
689,391.13,397.27,5,E,5,N
459,251.10,399.60,3,W,5,W
490,207.69,399.90,3,E,5,W
496,248.17,400.20,3,E,5,W
259,317.71,400.40,1,W,2,W
45,151.61,400.50,1,S,5,W
357,322.68,400.70,1,E,2,W
410,293.79,400.80,2,W,5,W
57,212.38,401.10,1,S,5,W
59,215.07,401.40,1,S,5,W
80,300.56,401.60,1,S,1,W
248,177.33,401.70,1,W,5,W
82,303.50,401.90,1,S,1,W
251,222.54,402.00,1,W,5,W
83,305.44,402.20,1,S,1,W
252,245.88,402.30,1,W,5,W
84,340.25,402.50,1,S,1,W
253,259.46,402.60,1,W,5,W
87,342.41,402.80,1,S,1,W
351,210.83,402.90,1,E,5,W
88,344.41,403.10,1,S,1,W
352,243.42,403.20,1,E,5,W
91,347.21,403.40,1,S,1,W
353,244.87,403.50,1,E,5,W
96,354.12,403.70,1,S,1,W
354,254.20,403.80,1,E,5,W
97,354.94,404.00,1,S,1,W
98,355.88,404.30,1,S,1,W
104,370.21,404.60,1,S,1,W
412,330.20,412.87,2,W,3,E
90,346.71,414.40,1,S,1,E
101,358.95,414.70,1,S,1,E
103,364.50,415.00,1,S,1,E
49,197.32,415.60,1,S,5,E
436,233.23,415.90,2,E,5,E
415,384.43,420.51,2,W,3,E
46,151.80,421.74,1,S,5,N
47,153.46,422.04,1,S,5,N
48,196.77,422.34,1,S,5,N
51,200.98,422.64,1,S,5,N
409,200.85,422.94,2,W,5,N
53,209.33,423.24,1,S,5,N
54,210.06,423.54,1,S,5,N
55,210.73,423.84,1,S,5,N
249,202.66,424.14,1,W,5,N
254,260.49,424.44,1,W,5,N
111,415.24,429.37,1,S,1,E
461,329.23,430.37,3,W,5,N
462,347.07,430.67,3,W,5,N
463,354.94,430.97,3,W,5,N
500,345.59,431.27,3,E,5,N
502,354.31,431.57,3,E,5,N
504,356.54,432.17,3,E,5,N
119,421.21,435.35,1,S,1,E
93,348.88,441.72,1,S,2,W
464,380.05,441.82,3,W,5,N
102,363.09,443.22,1,S,2,W
589,381.81,465.74,5,W,5,N
590,382.99,466.04,5,W,5,N
591,383.14,466.34,5,W,5,N
592,384.50,466.64,5,W,5,N
593,385.68,466.94,5,W,5,N
594,392.59,467.24,5,W,5,N
595,393.39,467.54,5,W,5,N
596,395.52,467.84,5,W,5,N
597,436.83,468.14,5,W,5,N
598,437.28,468.44,5,W,5,N
599,441.73,468.74,5,W,5,N
600,444.04,469.04,5,W,5,N
601,453.44,469.34,5,W,5,N
602,456.44,469.64,5,W,5,N
603,458.37,469.94,5,W,5,N
604,466.18,472.31,5,W,5,N
605,469.47,475.60,5,W,5,N
690,411.82,479.74,5,E,5,N
691,416.43,480.04,5,E,5,N
692,433.61,480.34,5,E,5,N
693,483.70,489.84,5,E,5,N
498,302.21,499.50,3,E,5,W
499,343.87,499.80,3,E,5,W
501,346.88,500.10,3,E,5,W
503,355.34,500.40,3,E,5,W
120,421.31,500.50,1,S,2,E
266,370.14,500.50,1,W,2,W
65,250.62,500.70,1,S,5,W
273,418.17,500.80,1,W,2,E
267,386.92,500.80,1,W,2,W
68,282.54,501.00,1,S,5,W
73,292.09,501.30,1,S,5,W
78,298.40,501.60,1,S,5,W
79,300.03,501.90,1,S,5,W
112,415.38,502.00,1,S,1,W
440,361.47,502.20,2,E,5,W
114,417.61,502.30,1,S,1,W
441,398.67,502.50,2,E,5,W
260,318.02,502.80,1,W,5,W
262,320.03,503.10,1,W,5,W
360,372.23,503.40,1,E,5,W
362,381.34,503.70,1,E,5,W
442,441.25,512.67,2,E,3,W
69,283.05,521.64,1,S,5,N
70,290.39,521.94,1,S,5,N
71,291.31,522.24,1,S,5,N
72,291.68,522.54,1,S,5,N
75,295.89,522.84,1,S,5,N
76,296.02,523.14,1,S,5,N
77,297.40,523.44,1,S,5,N
81,301.94,523.74,1,S,5,N
438,300.59,524.04,2,E,5,N
411,305.48,524.34,2,W,5,N
439,345.22,524.64,2,E,5,N
413,360.54,524.94,2,W,5,N
414,374.38,525.24,2,W,5,N
255,282.35,525.54,1,W,5,N
256,306.51,525.84,1,W,5,N
257,307.46,526.14,1,W,5,N
258,309.09,526.44,1,W,5,N
261,319.85,526.74,1,W,5,N
263,321.30,527.04,1,W,5,N
264,340.80,527.34,1,W,5,N
265,356.97,527.64,1,W,5,N
355,317.59,527.94,1,E,5,N
356,318.18,528.24,1,E,5,N
358,362.10,528.54,1,E,5,N
359,371.04,528.84,1,E,5,N
361,373.03,529.14,1,E,5,N
465,430.61,530.17,3,W,5,N
506,401.68,530.47,3,E,5,N
505,400.49,530.47,3,E,5,N
466,454.88,530.77,3,W,5,N
507,458.05,530.77,3,E,5,N
508,459.93,531.07,3,E,5,N
509,461.29,531.37,3,E,5,N
510,466.62,531.67,3,E,5,N
275,422.89,540.77,1,W,3,W
467,484.02,545.79,3,W,5,N
606,473.63,565.64,5,W,5,N
607,474.76,565.94,5,W,5,N
608,477.96,566.24,5,W,5,N
609,480.45,566.54,5,W,5,N
610,481.91,566.84,5,W,5,N
611,489.69,567.14,5,W,5,N
612,491.06,567.44,5,W,5,N
613,492.79,567.74,5,W,5,N
614,494.20,568.04,5,W,5,N
615,505.03,568.34,5,W,5,N
616,520.63,568.64,5,W,5,N
617,522.76,568.94,5,W,5,N
618,523.71,569.24,5,W,5,N
619,536.75,569.54,5,W,5,N
620,538.18,569.84,5,W,5,N
621,539.67,570.14,5,W,5,N
622,549.76,570.44,5,W,5,N
623,550.89,570.74,5,W,5,N
624,551.95,571.04,5,W,5,N
625,565.56,571.70,5,W,5,N
626,566.72,572.85,5,W,5,N
627,567.10,573.24,5,W,5,N
628,567.79,573.93,5,W,5,N
629,570.40,576.53,5,W,5,N
694,505.59,579.64,5,E,5,N
695,506.59,579.94,5,E,5,N
696,533.22,580.24,5,E,5,N
697,556.39,580.54,5,E,5,N
363,396.10,599.40,1,E,5,W
92,347.85,599.70,1,S,5,W
95,352.33,600.00,1,S,5,W
100,358.65,600.30,1,S,5,W
105,374.39,600.60,1,S,5,W
284,514.19,600.60,1,W,2,W
106,375.89,600.90,1,S,5,W
296,562.07,600.90,1,W,2,W
107,377.63,601.20,1,S,5,W
371,521.04,601.20,1,E,2,W
108,377.65,601.50,1,S,5,W
444,496.34,601.80,2,E,5,W
110,414.89,602.10,1,S,5,W
116,417.99,602.40,1,S,5,W
132,548.43,602.40,1,S,1,W
117,418.83,602.70,1,S,5,W
133,549.20,602.70,1,S,1,W
118,419.57,603.00,1,S,5,W
138,552.85,603.00,1,S,1,W
270,406.72,603.30,1,W,5,W
143,559.34,603.30,1,S,1,W
276,424.40,603.60,1,W,5,W
145,561.16,603.60,1,S,1,W
277,442.50,603.90,1,W,5,W
152,576.78,603.90,1,S,1,W
278,448.69,604.20,1,W,5,W
698,598.17,604.30,5,E,5,N
365,405.78,604.50,1,E,5,W
85,341.46,621.54,1,S,5,N
86,341.87,621.84,1,S,5,N
89,345.56,622.14,1,S,5,N
94,350.37,622.44,1,S,5,N
99,357.53,622.74,1,S,5,N
416,420.16,623.04,2,W,5,N
443,479.30,623.34,2,E,5,N
109,413.42,623.64,1,S,5,N
113,416.62,623.94,1,S,5,N
115,417.70,624.24,1,S,5,N
121,421.50,624.54,1,S,5,N
268,395.08,624.84,1,W,5,N
269,404.78,625.14,1,W,5,N
271,415.12,625.44,1,W,5,N
272,416.43,625.74,1,W,5,N
274,421.16,626.04,1,W,5,N
279,450.68,626.34,1,W,5,N
364,402.80,626.64,1,E,5,N
366,437.51,626.94,1,E,5,N
367,443.51,627.24,1,E,5,N
511,500.57,629.97,3,E,5,N
512,532.60,630.27,3,E,5,N
469,564.69,630.57,3,W,5,N
513,574.06,635.83,3,E,5,N
295,559.00,641.17,1,W,3,E
172,628.80,642.94,1,S,1,E
630,579.01,665.54,5,W,5,N
631,580.78,665.84,5,W,5,N
632,582.07,666.14,5,W,5,N
633,590.86,666.44,5,W,5,N
634,591.04,666.74,5,W,5,N
635,632.26,667.04,5,W,5,N
636,634.04,667.34,5,W,5,N
637,644.39,667.64,5,W,5,N
638,645.41,667.94,5,W,5,N
639,646.67,668.24,5,W,5,N
640,649.92,668.54,5,W,5,N
641,666.22,672.35,5,W,5,N
699,624.16,679.54,5,E,5,N
135,550.54,698.60,1,S,3,W
468,556.66,699.30,3,W,5,W
700,693.41,699.55,5,E,5,N
514,583.97,699.60,3,E,5,W
122,464.19,699.90,1,S,5,W
123,504.11,700.20,1,S,5,W
417,507.06,700.50,2,W,5,W
446,564.86,700.80,2,E,5,W
418,537.85,701.10,2,W,5,W
419,562.01,701.40,2,W,5,W
447,593.81,701.70,2,E,5,W
421,596.45,702.00,2,W,5,W
280,469.75,702.30,1,W,5,W
289,528.29,702.60,1,W,5,W
164,621.41,702.80,1,S,1,W
290,545.28,702.90,1,W,5,W
166,622.48,703.10,1,S,1,W
291,545.90,703.20,1,W,5,W
167,623.29,703.40,1,S,1,W
294,558.97,703.50,1,W,5,W
170,624.81,703.70,1,S,1,W
370,512.02,703.80,1,E,5,W
175,631.25,704.00,1,S,1,W
373,577.00,704.10,1,E,5,W
186,680.36,704.30,1,S,1,W
190,686.14,704.60,1,S,1,W
701,698.50,704.64,5,E,5,N
193,688.35,704.90,1,S,1,W
194,689.18,705.20,1,S,1,W
420,582.38,715.30,2,W,5,E
297,563.56,715.60,1,W,5,E
179,668.03,715.60,1,S,1,E
372,573.06,715.90,1,E,5,E
195,690.82,715.90,1,S,1,E
445,531.42,721.44,2,E,5,N
124,535.21,721.74,1,S,5,N
281,477.50,722.04,1,W,5,N
282,496.71,722.34,1,W,5,N
283,497.81,722.64,1,W,5,N
285,519.44,722.94,1,W,5,N
286,520.55,723.24,1,W,5,N
287,521.01,723.54,1,W,5,N
288,522.93,723.84,1,W,5,N
292,555.84,724.14,1,W,5,N
293,557.12,724.44,1,W,5,N
368,509.90,724.74,1,E,5,N
369,510.65,725.04,1,E,5,N
374,580.86,725.34,1,E,5,N
470,621.61,729.77,3,W,5,N
515,642.16,730.07,3,E,5,N
471,623.27,730.37,3,W,5,N
154,579.43,739.47,1,S,3,W
642,676.51,765.44,5,W,5,N
643,678.23,765.74,5,W,5,N
644,688.43,766.04,5,W,5,N
645,690.44,766.34,5,W,5,N
646,691.84,766.64,5,W,5,N
647,692.61,766.94,5,W,5,N
648,700.16,767.24,5,W,5,N
649,714.68,767.54,5,W,5,N
650,724.42,767.84,5,W,5,N
651,726.11,768.14,5,W,5,N
652,741.06,768.44,5,W,5,N
702,699.37,779.44,5,E,5,N
703,741.81,779.74,5,E,5,N
704,757.29,780.04,5,E,5,N
705,762.96,780.34,5,E,5,N
187,681.84,798.40,1,S,3,W
472,677.96,799.20,3,W,5,W
516,695.97,799.50,3,E,5,W
130,546.67,799.80,1,S,5,W
134,550.21,800.10,1,S,5,W
141,557.30,800.40,1,S,5,W
423,638.57,800.70,2,W,5,W
315,750.17,800.80,1,W,2,W
153,578.48,801.00,1,S,5,W
156,611.68,801.30,1,S,5,W
157,611.98,801.60,1,S,5,W
159,613.17,801.90,1,S,5,W
163,619.42,802.20,1,S,5,W
165,621.43,802.50,1,S,5,W
169,624.75,802.80,1,S,5,W
176,633.10,803.10,1,S,5,W
201,775.50,803.20,1,S,1,W
298,585.65,803.40,1,W,5,W
202,775.71,803.50,1,S,1,W
301,620.53,803.70,1,W,5,W
203,781.62,803.80,1,S,1,W
302,637.23,804.00,1,W,5,W
387,778.13,804.24,1,E,2,W
375,634.73,804.30,1,E,5,W
378,643.83,804.60,1,E,5,W
381,658.41,804.90,1,E,5,W
206,791.48,805.61,1,S,1,W
208,794.23,808.37,1,S,1,W
212,797.47,811.61,1,S,1,W
142,557.47,815.20,1,S,5,E
150,575.03,815.50,1,S,5,E
125,541.14,821.34,1,S,5,N
126,542.41,821.64,1,S,5,N
127,543.91,821.94,1,S,5,N
128,544.91,822.24,1,S,5,N
129,545.37,822.54,1,S,5,N
131,547.86,822.84,1,S,5,N
136,551.10,823.14,1,S,5,N
473,745.27,823.43,3,W,5,E
137,551.39,823.44,1,S,5,N
139,554.51,823.74,1,S,5,N
519,731.50,824.03,3,E,5,E
140,555.51,824.04,1,S,5,N
422,616.74,824.34,2,W,5,N
448,641.58,824.64,2,E,5,N
449,666.92,824.94,2,E,5,N
424,651.68,825.24,2,W,5,N
144,559.83,825.54,1,S,5,N
146,562.25,825.84,1,S,5,N
147,563.15,826.14,1,S,5,N
148,564.64,826.44,1,S,5,N
149,569.65,826.74,1,S,5,N
151,575.43,827.04,1,S,5,N
155,579.88,827.34,1,S,5,N
158,612.99,827.64,1,S,5,N
160,614.29,827.94,1,S,5,N
161,616.38,828.24,1,S,5,N
162,618.41,828.54,1,S,5,N
168,624.30,828.84,1,S,5,N
171,626.58,829.14,1,S,5,N
173,629.09,829.44,1,S,5,N
174,630.09,829.74,1,S,5,N
299,600.38,830.04,1,W,5,N
300,601.49,830.34,1,W,5,N
303,656.78,830.64,1,W,5,N
304,659.58,830.94,1,W,5,N
376,639.50,831.24,1,E,5,N
377,641.87,831.54,1,E,5,N
379,654.34,831.84,1,E,5,N
380,656.54,832.14,1,E,5,N
382,661.12,832.44,1,E,5,N
383,693.91,832.74,1,E,5,N
474,748.53,833.04,3,W,5,N
518,718.99,833.34,3,E,5,N
196,722.97,836.87,1,S,3,E
197,730.74,837.17,1,S,3,E
305,668.82,838.07,1,W,3,E
306,669.96,838.37,1,W,3,W
309,684.34,839.27,1,W,3,E
312,728.25,840.17,1,W,3,W
520,781.37,843.14,3,E,5,N
521,793.35,855.12,3,E,5,N
653,786.61,865.34,5,W,5,N
654,788.28,865.64,5,W,5,N
655,807.00,865.94,5,W,5,N
656,809.86,866.24,5,W,5,N
657,810.47,866.54,5,W,5,N
658,819.60,866.84,5,W,5,N
659,822.81,867.14,5,W,5,N
660,823.02,867.44,5,W,5,N
661,825.84,867.74,5,W,5,N
662,826.96,868.04,5,W,5,N
663,828.52,868.34,5,W,5,N
664,843.18,868.64,5,W,5,N
665,845.54,868.94,5,W,5,N
666,846.36,869.24,5,W,5,N
667,847.53,869.54,5,W,5,N
668,850.33,869.84,5,W,5,N
669,850.94,870.14,5,W,5,N
706,809.51,879.34,5,E,5,N
707,824.07,879.64,5,E,5,N
708,864.80,879.94,5,E,5,N
709,865.75,880.24,5,E,5,N
517,703.99,899.10,3,E,5,W
177,666.28,899.40,1,S,5,W
181,670.29,899.70,1,S,5,W
184,675.56,900.00,1,S,5,W
185,679.10,900.30,1,S,5,W
191,686.80,900.60,1,S,5,W
425,748.67,900.90,2,W,5,W
316,770.63,900.90,1,W,2,W
428,786.45,901.20,2,W,5,W
319,774.28,901.20,1,W,2,W
452,786.80,901.50,2,E,5,W
397,873.81,901.50,1,E,2,W
307,673.16,901.80,1,W,5,W
308,674.69,902.10,1,W,5,W
311,720.35,902.40,1,W,5,W
384,710.89,902.70,1,E,5,W
386,759.18,903.00,1,E,5,W
388,793.45,915.10,1,E,5,E
216,866.90,916.40,1,S,1,E
178,666.77,921.24,1,S,5,N
180,668.69,921.54,1,S,5,N
182,670.76,921.84,1,S,5,N
183,674.65,922.14,1,S,5,N
188,683.18,922.44,1,S,5,N
189,684.39,922.74,1,S,5,N
192,688.01,923.04,1,S,5,N
450,709.32,923.34,2,E,5,N
476,819.36,923.53,3,W,5,E
426,769.37,923.64,2,W,5,N
451,757.16,923.94,2,E,5,N
427,774.19,924.24,2,W,5,N
198,732.77,924.54,1,S,5,N
199,732.82,924.84,1,S,5,N
310,703.89,925.14,1,W,5,N
313,749.00,925.44,1,W,5,N
314,750.05,925.74,1,W,5,N
385,754.78,926.04,1,E,5,N
389,797.45,926.34,1,E,5,N
390,799.24,926.64,1,E,5,N
475,814.06,929.37,3,W,5,N
523,847.84,929.67,3,E,5,N
477,842.95,929.97,3,W,5,N
524,855.58,930.27,3,E,5,N
478,861.56,930.57,3,W,5,N
525,856.87,930.87,3,E,5,N
526,871.83,933.60,3,E,5,N
527,878.45,940.22,3,E,5,N
529,881.75,943.52,3,E,5,N
398,884.24,946.42,1,E,3,E
530,889.33,951.10,3,E,5,N
670,877.18,965.24,5,W,5,N
671,879.54,965.54,5,W,5,N
672,881.41,965.84,5,W,5,N
673,882.67,966.14,5,W,5,N
674,883.38,966.44,5,W,5,N
217,869.22,998.00,1,S,3,W
522,804.30,999.00,3,E,5,W
528,880.21,999.30,3,E,5,W
205,789.81,999.60,1,S,5,W
209,795.12,999.90,1,S,5,W
210,795.21,1000.20,1,S,5,W
211,796.25,1000.50,1,S,5,W
453,811.63,1000.80,2,E,5,W
430,846.22,1001.10,2,W,5,W
213,838.80,1001.40,1,S,5,W
321,801.38,1001.70,1,W,5,W
324,835.86,1002.00,1,W,5,W
325,838.64,1002.30,1,W,5,W
327,853.13,1002.60,1,W,5,W
393,837.71,1002.90,1,E,5,W
392,835.12,1015.00,1,E,5,E
395,867.76,1015.30,1,E,5,E
200,774.33,1021.14,1,S,5,N
204,789.05,1021.44,1,S,5,N
207,792.37,1021.74,1,S,5,N
429,809.25,1022.04,2,W,5,N
454,852.39,1022.34,2,E,5,N
455,882.75,1022.64,2,E,5,N
214,839.83,1022.94,1,S,5,N
317,771.52,1023.24,1,W,5,N
318,772.72,1023.54,1,W,5,N
320,776.63,1023.84,1,W,5,N
322,824.34,1024.14,1,W,5,N
323,826.33,1024.44,1,W,5,N
326,839.25,1024.74,1,W,5,N
328,863.05,1025.04,1,W,5,N
329,863.20,1025.34,1,W,5,N
391,816.75,1025.64,1,E,5,N
394,854.61,1025.94,1,E,5,N
396,871.73,1026.24,1,E,5,N
399,888.14,1026.54,1,E,5,N
400,891.72,1026.84,1,E,5,N
215,866.25,1098.90,1,S,5,W
218,869.25,1099.20,1,S,5,W
332,890.63,1099.50,1,W,5,W
219,871.21,1121.04,1,S,5,N
220,871.87,1121.34,1,S,5,N
330,877.70,1121.64,1,W,5,N
331,886.77,1121.94,1,W,5,N
333,891.65,1122.24,1,W,5,N