id,enter_time,exit_time,entrance_intersection,entrance_direction,exit_intersection,exit_direction
5,9.19,23.33,1,S,1,E
24,35.59,49.72,1,S,1,E
465,1.84,66.14,5,W,5,N
466,6.04,66.44,5,W,5,N
467,13.98,66.74,5,W,5,N
468,19.61,67.04,5,W,5,N
469,35.45,67.34,5,W,5,N
470,70.65,76.78,5,W,5,N
575,5.34,80.14,5,E,5,N
576,13.84,80.44,5,E,5,N
577,24.00,80.74,5,E,5,N
578,89.80,95.93,5,E,5,N
1,1.95,99.80,1,S,3,E
17,27.81,100.10,1,S,2,W
142,54.73,100.40,1,W,2,W
10,14.25,100.40,1,S,1,W
423,65.68,131.27,3,E,5,N
22,32.26,140.67,1,S,3,E
139,0.90,141.27,1,W,3,W
424,82.30,144.07,3,E,5,N
395,96.21,157.98,3,W,5,N
471,97.06,166.04,5,W,5,N
472,111.62,166.34,5,W,5,N
473,124.71,166.64,5,W,5,N
474,126.50,166.94,5,W,5,N
475,132.78,167.24,5,W,5,N
476,142.14,167.54,5,W,5,N
477,149.84,167.84,5,W,5,N
478,151.74,168.14,5,W,5,N
479,154.03,168.44,5,W,5,N
480,155.38,168.74,5,W,5,N
579,116.17,180.04,5,E,5,N
580,190.03,196.16,5,E,5,N
394,22.03,199.80,3,W,5,W
422,58.47,200.10,3,E,5,W
30,113.72,200.20,1,S,2,W
0,1.31,200.40,1,S,5,W
149,100.82,200.50,1,W,2,W
336,11.27,200.70,2,W,5,W
26,106.76,200.80,1,S,1,W
337,24.27,201.00,2,W,5,W
27,108.21,201.10,1,S,1,W
9,14.01,201.30,1,S,5,W
581,195.23,201.37,5,E,5,N
31,163.21,201.40,1,S,1,W
11,19.14,201.60,1,S,5,W
14,23.40,201.90,1,S,5,W
23,34.09,202.20,1,S,5,W
141,42.14,202.50,1,W,5,W
273,15.98,202.80,1,E,5,W
275,34.30,203.10,1,E,5,W
18,29.52,215.80,1,S,5,E
2,2.58,221.94,1,S,5,N
3,4.44,222.24,1,S,5,N
367,48.69,222.54,2,E,5,N
368,97.32,222.84,2,E,5,N
4,5.68,223.14,1,S,5,N
6,9.45,223.44,1,S,5,N
7,11.68,223.74,1,S,5,N
8,12.46,224.04,1,S,5,N
12,20.97,224.34,1,S,5,N
13,22.13,224.64,1,S,5,N
15,24.49,224.94,1,S,5,N
16,25.68,225.24,1,S,5,N
19,29.87,225.54,1,S,5,N
20,31.49,225.84,1,S,5,N
21,32.01,226.14,1,S,5,N
140,20.74,226.44,1,W,5,N
272,0.13,226.74,1,E,5,N
274,16.53,227.04,1,E,5,N
276,36.53,227.34,1,E,5,N
277,63.87,227.64,1,E,5,N
278,66.76,227.94,1,E,5,N
396,158.62,230.77,3,W,5,N
426,142.56,231.07,3,E,5,N
147,96.81,238.07,1,W,3,E
155,156.43,240.17,1,W,3,W
282,173.27,241.37,1,E,3,E
481,181.34,265.94,5,W,5,N
482,215.77,266.24,5,W,5,N
483,232.70,266.54,5,W,5,N
484,233.17,266.84,5,W,5,N
485,234.94,267.14,5,W,5,N
486,251.18,267.44,5,W,5,N
487,258.88,267.74,5,W,5,N
488,260.81,268.04,5,W,5,N
489,260.83,268.34,5,W,5,N
490,271.33,277.47,5,W,5,N
491,272.87,279.00,5,W,5,N
582,206.27,279.94,5,E,5,N
583,206.40,280.24,5,E,5,N
584,207.73,280.54,5,E,5,N
585,213.66,280.84,5,E,5,N
586,222.80,281.14,5,E,5,N
587,232.68,281.44,5,E,5,N
588,234.21,281.74,5,E,5,N
589,234.50,282.04,5,E,5,N
590,240.36,282.34,5,E,5,N
591,245.07,282.64,5,E,5,N
592,253.92,282.94,5,E,5,N
593,274.69,283.24,5,E,5,N
594,278.94,285.07,5,E,5,N
595,292.21,298.34,5,E,5,N
596,292.71,298.85,5,E,5,N
425,140.65,299.70,3,E,5,W
25,72.14,300.00,1,S,5,W
38,215.44,300.30,1,S,2,W
369,143.02,300.30,2,E,5,W
144,68.75,300.60,1,W,5,W
145,93.81,300.90,1,W,5,W
33,208.65,301.20,1,S,1,W
151,115.52,301.20,1,W,5,W
34,211.14,301.50,1,S,1,W
152,135.45,301.50,1,W,5,W
35,211.57,301.80,1,S,1,W
280,143.05,301.80,1,E,5,W
36,213.03,302.10,1,S,1,W
281,170.60,302.10,1,E,5,W
50,276.48,302.40,1,S,1,W
341,226.75,312.77,2,W,3,W
146,95.22,315.70,1,W,5,E
150,114.48,316.00,1,W,5,E
338,102.26,321.84,2,W,5,N
370,176.59,322.14,2,E,5,N
339,115.98,322.44,2,W,5,N
28,110.76,322.74,1,S,5,N
29,112.61,323.04,1,S,5,N
143,66.91,323.34,1,W,5,N
148,97.41,323.64,1,W,5,N
153,138.48,323.94,1,W,5,N
154,155.11,324.24,1,W,5,N
279,105.82,324.54,1,E,5,N
427,201.17,330.57,3,E,5,N
397,213.76,330.87,3,W,5,N
428,212.36,331.17,3,E,5,N
429,218.60,331.47,3,E,5,N
430,219.85,331.77,3,E,5,N
431,221.33,332.07,3,E,5,N
432,269.28,332.37,3,E,5,N
433,271.01,332.78,3,E,5,N
47,273.12,341.62,1,S,2,E
435,281.52,343.29,3,E,5,N
399,283.71,345.48,3,W,5,N
492,280.37,365.84,5,W,5,N
493,316.19,366.14,5,W,5,N
494,318.99,366.44,5,W,5,N
495,328.62,366.74,5,W,5,N
496,331.74,367.04,5,W,5,N
597,310.21,379.84,5,E,5,N
598,353.49,380.14,5,E,5,N
599,376.78,382.91,5,E,5,N
600,381.38,387.52,5,E,5,N
601,390.45,396.59,5,E,5,N
43,267.99,399.20,1,S,3,E
398,216.36,399.60,3,W,5,W
434,272.53,399.90,3,E,5,W
436,282.58,400.20,3,E,5,W
56,318.25,400.40,1,S,2,W
371,215.90,400.50,2,E,5,W
372,252.46,400.80,2,E,5,W
343,240.50,401.10,2,W,5,W
160,197.26,401.40,1,W,5,W
53,314.98,401.60,1,S,1,W
161,201.26,401.70,1,W,5,W
54,316.36,401.90,1,S,1,W
285,267.74,402.00,1,E,5,W
60,351.97,402.20,1,S,1,W
67,389.44,403.57,1,S,1,W
68,390.71,404.85,1,S,1,W
286,287.05,404.88,1,E,5,W
347,314.63,412.57,2,W,3,E
75,397.99,414.40,1,S,1,E
346,284.51,415.60,2,W,5,E
40,218.64,415.90,1,S,5,E
32,164.88,421.74,1,S,5,N
340,201.92,422.04,2,W,5,N
342,235.54,422.34,2,W,5,N
373,270.46,422.64,2,E,5,N
344,269.57,422.94,2,W,5,N
345,278.38,423.24,2,W,5,N
374,299.28,423.54,2,E,5,N
37,214.47,423.84,1,S,5,N
39,217.39,424.14,1,S,5,N
400,311.00,424.23,3,W,5,E
41,224.40,424.44,1,S,5,N
156,173.02,424.74,1,W,5,N
157,174.24,425.04,1,W,5,N
158,176.00,425.34,1,W,5,N
159,177.84,425.64,1,W,5,N
162,220.70,425.94,1,W,5,N
163,222.60,426.24,1,W,5,N
164,224.04,426.54,1,W,5,N
165,239.76,426.84,1,W,5,N
166,256.75,427.14,1,W,5,N
283,205.46,427.44,1,E,5,N
284,254.08,427.74,1,E,5,N
287,290.07,428.04,1,E,5,N
437,313.24,430.37,3,E,5,N
378,399.08,435.15,2,E,3,E
439,374.41,436.18,3,E,5,N
440,375.76,437.53,3,E,5,N
401,382.70,444.47,3,W,5,N
497,373.53,465.74,5,W,5,N
498,375.47,466.04,5,W,5,N
499,378.15,466.34,5,W,5,N
500,378.30,466.64,5,W,5,N
501,379.49,466.94,5,W,5,N
502,390.49,467.24,5,W,5,N
503,391.89,467.54,5,W,5,N
504,392.98,467.84,5,W,5,N
505,393.07,468.14,5,W,5,N
506,409.76,468.44,5,W,5,N
507,410.98,468.74,5,W,5,N
508,429.92,469.04,5,W,5,N
509,472.41,478.54,5,W,5,N
602,462.14,479.74,5,E,5,N
66,388.42,499.00,1,S,3,W
438,368.51,499.50,3,E,5,W
42,266.67,499.80,1,S,5,W
44,270.71,500.10,1,S,5,W
52,277.93,500.40,1,S,5,W
297,463.63,500.50,1,E,2,W
375,312.05,500.70,2,E,5,W
377,379.21,501.00,2,E,5,W
169,289.38,501.30,1,W,5,W
175,328.92,501.60,1,W,5,W
290,334.46,501.90,1,E,5,W
77,404.03,502.00,1,S,1,W
82,458.90,502.30,1,S,1,W
88,466.29,502.60,1,S,1,W
300,486.09,512.21,1,E,2,W
350,435.45,513.27,2,W,3,W
376,357.55,515.50,2,E,5,E
173,315.88,515.80,1,W,5,E
90,502.76,516.89,1,S,1,E
381,482.44,518.51,2,E,3,E
45,272.67,521.64,1,S,5,N
46,272.91,521.94,1,S,5,N
48,273.30,522.24,1,S,5,N
49,275.46,522.54,1,S,5,N
51,277.52,522.84,1,S,5,N
55,317.86,523.14,1,S,5,N
167,266.64,523.44,1,W,5,N
168,287.88,523.74,1,W,5,N
170,291.15,524.04,1,W,5,N
171,292.60,524.34,1,W,5,N
172,312.08,524.64,1,W,5,N
174,328.68,524.94,1,W,5,N
176,345.84,525.24,1,W,5,N
288,328.39,525.54,1,E,5,N
289,330.21,525.84,1,E,5,N
291,381.81,526.14,1,E,5,N
441,415.12,530.17,3,E,5,N
402,440.19,530.47,3,W,5,N
403,440.86,530.77,3,W,5,N
443,418.86,530.77,3,E,5,N
404,463.47,531.07,3,W,5,N
445,421.11,531.37,3,E,5,N
184,401.37,538.97,1,W,3,W
293,402.69,541.07,1,E,3,E
448,489.29,551.06,3,E,5,N
301,489.27,551.46,1,E,3,W
510,473.76,565.64,5,W,5,N
511,475.93,565.94,5,W,5,N
512,478.41,566.24,5,W,5,N
513,480.18,566.54,5,W,5,N
514,487.32,566.84,5,W,5,N
515,494.86,567.14,5,W,5,N
516,509.80,567.44,5,W,5,N
517,511.48,567.74,5,W,5,N
518,512.23,568.04,5,W,5,N
519,551.38,568.34,5,W,5,N
520,553.14,568.64,5,W,5,N
521,554.05,568.94,5,W,5,N
603,516.37,579.64,5,E,5,N
604,523.55,579.94,5,E,5,N
605,578.00,584.14,5,E,5,N
292,399.92,599.40,1,E,5,W
442,416.87,599.70,3,E,5,W
444,419.87,600.00,3,E,5,W
446,422.64,600.30,3,E,5,W
447,430.84,600.60,3,E,5,W
199,524.13,600.60,1,W,2,W
57,350.53,600.90,1,S,5,W
59,351.51,601.20,1,S,5,W
61,353.15,601.50,1,S,5,W
63,355.60,601.80,1,S,5,W
73,396.33,602.10,1,S,5,W
74,396.91,602.40,1,S,5,W
92,504.81,602.40,1,S,1,W
76,403.39,602.70,1,S,5,W
93,506.67,602.70,1,S,1,W
348,406.38,603.00,2,W,5,W
352,486.84,603.30,2,W,5,W
178,369.99,603.60,1,W,5,W
182,397.82,603.90,1,W,5,W
183,399.57,604.20,1,W,5,W
185,402.87,604.50,1,W,5,W
101,590.37,604.51,1,S,1,W
187,442.48,604.80,1,W,5,W
188,443.48,605.10,1,W,5,W
189,444.11,605.40,1,W,5,W
295,430.15,605.70,1,E,5,W
296,449.78,606.00,1,E,5,W
98,587.23,615.20,1,S,1,E
64,356.25,615.40,1,S,5,E
69,392.32,615.70,1,S,5,E
180,386.99,616.00,1,W,5,E
58,351.04,621.54,1,S,5,N
62,354.84,621.84,1,S,5,N
65,357.22,622.14,1,S,5,N
70,394.16,622.44,1,S,5,N
71,394.71,622.74,1,S,5,N
72,394.79,623.04,1,S,5,N
379,420.96,623.34,2,E,5,N
380,470.38,623.64,2,E,5,N
349,427.26,623.94,2,W,5,N
351,447.67,624.24,2,W,5,N
78,405.48,624.54,1,S,5,N
177,366.20,624.84,1,W,5,N
179,379.53,625.14,1,W,5,N
181,396.44,625.44,1,W,5,N
186,423.00,625.74,1,W,5,N
190,445.50,626.04,1,W,5,N
294,405.22,626.34,1,E,5,N
298,465.95,626.64,1,E,5,N
299,482.96,626.94,1,E,5,N
405,517.87,629.97,3,W,5,N
449,537.45,630.27,3,E,5,N
406,540.89,630.57,3,W,5,N
204,554.77,640.27,1,W,3,E
205,557.57,640.57,1,W,3,W
304,526.38,642.97,1,E,3,E
450,588.86,650.63,3,E,5,N
408,590.90,652.67,3,W,5,N
522,587.92,665.54,5,W,5,N
523,608.18,665.84,5,W,5,N
524,608.54,666.14,5,W,5,N
525,618.67,666.44,5,W,5,N
526,627.18,666.74,5,W,5,N
527,629.56,667.04,5,W,5,N
528,639.87,667.34,5,W,5,N
529,642.54,667.64,5,W,5,N
530,645.52,667.94,5,W,5,N
531,647.23,668.24,5,W,5,N
532,648.37,668.54,5,W,5,N
533,655.37,668.84,5,W,5,N
534,657.62,669.14,5,W,5,N
535,660.22,669.44,5,W,5,N
536,667.77,673.91,5,W,5,N
537,670.56,676.69,5,W,5,N
606,652.12,679.54,5,E,5,N
607,654.34,679.84,5,E,5,N
608,661.69,680.14,5,E,5,N
407,567.24,699.30,3,W,5,W
81,457.76,699.60,1,S,5,W
83,459.85,699.90,1,S,5,W
84,461.53,700.20,1,S,5,W
89,467.95,700.50,1,S,5,W
383,537.63,700.80,2,E,5,W
355,559.23,701.10,2,W,5,W
384,581.26,701.40,2,E,5,W
200,525.46,701.70,1,W,5,W
202,550.11,702.00,1,W,5,W
206,559.18,702.30,1,W,5,W
302,503.64,702.60,1,E,5,W
103,630.63,702.80,1,S,1,W
107,634.76,703.10,1,S,1,W
109,643.55,703.40,1,S,1,W
110,643.85,703.70,1,S,1,W
113,685.58,704.00,1,S,1,W
116,690.74,704.88,1,S,1,W
79,451.80,715.30,1,S,5,E
203,553.90,715.60,1,W,5,E
108,642.57,715.60,1,S,1,E
208,562.56,715.90,1,W,5,E
112,645.92,715.90,1,S,1,E
80,455.92,721.44,1,S,5,N
85,463.61,721.74,1,S,5,N
86,463.95,722.04,1,S,5,N
87,465.27,722.34,1,S,5,N
91,504.39,722.64,1,S,5,N
382,522.69,722.94,2,E,5,N
353,507.43,723.24,2,W,5,N
354,547.28,723.54,2,W,5,N
356,597.97,723.84,2,W,5,N
410,623.08,723.93,3,W,5,E
191,470.49,724.14,1,W,5,N
192,473.63,724.44,1,W,5,N
193,474.63,724.74,1,W,5,N
194,474.79,725.04,1,W,5,N
195,476.75,725.34,1,W,5,N
196,497.88,725.64,1,W,5,N
197,501.72,725.94,1,W,5,N
198,507.24,726.24,1,W,5,N
201,548.98,726.54,1,W,5,N
207,560.83,726.84,1,W,5,N
209,564.91,727.14,1,W,5,N
210,566.47,727.44,1,W,5,N
303,503.88,727.74,1,E,5,N
305,526.57,728.04,1,E,5,N
306,580.19,728.34,1,E,5,N
409,602.41,729.77,3,W,5,N
451,623.18,730.07,3,E,5,N
453,662.68,730.37,3,E,5,N
454,674.85,736.62,3,E,5,N
223,615.98,741.57,1,W,3,W
411,681.06,742.83,3,W,5,N
412,682.50,744.27,3,W,5,N
413,691.75,753.52,3,W,5,N
538,702.39,765.44,5,W,5,N
539,713.19,765.74,5,W,5,N
540,714.68,766.04,5,W,5,N
541,722.92,766.34,5,W,5,N
542,724.51,766.64,5,W,5,N
543,732.69,766.94,5,W,5,N
544,734.67,767.24,5,W,5,N
545,736.01,767.54,5,W,5,N
546,737.76,767.84,5,W,5,N
547,752.47,768.14,5,W,5,N
548,754.95,768.44,5,W,5,N
549,765.23,771.37,5,W,5,N
550,766.96,773.09,5,W,5,N
609,729.62,779.44,5,E,5,N
610,730.97,779.74,5,E,5,N
115,689.89,798.40,1,S,3,E
452,661.26,799.20,3,E,5,W
94,541.08,799.50,1,S,5,W
95,580.98,799.80,1,S,5,W
96,581.70,800.10,1,S,5,W
357,634.03,800.40,2,W,5,W
211,567.61,800.70,1,W,5,W
239,703.20,800.80,1,W,2,W
213,582.60,801.00,1,W,5,W
246,716.05,801.10,1,W,2,W
214,582.83,801.30,1,W,5,W
215,584.20,801.60,1,W,5,W
224,617.19,801.90,1,W,5,W
227,638.16,802.20,1,W,5,W
228,644.19,802.50,1,W,5,W
229,658.15,802.80,1,W,5,W
611,796.77,802.91,5,E,5,N
230,658.80,803.10,1,W,5,W
119,726.81,803.20,1,S,1,W
231,662.78,803.40,1,W,5,W
124,732.44,803.50,1,S,1,W
307,624.84,803.70,1,E,5,W
309,646.00,804.00,1,E,5,W
310,663.72,804.30,1,E,5,W
311,668.88,804.60,1,E,5,W
212,575.18,815.20,1,W,5,E
225,618.22,815.50,1,W,5,E
232,663.99,815.80,1,W,5,E
97,587.05,821.34,1,S,5,N
99,587.44,821.64,1,S,5,N
100,588.49,821.94,1,S,5,N
385,623.50,822.24,2,E,5,N
386,653.63,822.54,2,E,5,N
387,673.19,822.84,2,E,5,N
102,630.39,823.14,1,S,5,N
104,632.11,823.44,1,S,5,N
105,633.27,823.74,1,S,5,N
106,634.75,824.04,1,S,5,N
216,585.10,824.34,1,W,5,N
217,601.26,824.64,1,W,5,N
218,602.67,824.94,1,W,5,N
219,610.09,825.24,1,W,5,N
220,611.12,825.54,1,W,5,N
221,612.84,825.84,1,W,5,N
222,613.98,826.14,1,W,5,N
226,627.62,826.44,1,W,5,N
308,626.38,826.74,1,E,5,N
312,669.35,827.04,1,E,5,N
313,696.18,827.34,1,E,5,N
414,745.58,829.57,3,W,5,N
456,718.48,829.87,3,E,5,N
458,767.55,830.47,3,E,5,N
460,775.17,830.81,3,E,5,E
459,773.84,835.61,3,E,5,N
235,673.66,838.67,1,W,3,W
240,706.51,839.87,1,W,3,E
252,754.91,843.17,1,W,3,W
320,762.27,844.97,1,E,3,E
322,775.93,845.57,1,E,3,W
323,782.35,845.87,1,E,3,W
461,784.76,846.53,3,E,5,N
551,775.05,865.34,5,W,5,N
552,782.25,865.64,5,W,5,N
553,784.15,865.94,5,W,5,N
554,785.71,866.24,5,W,5,N
555,799.66,866.54,5,W,5,N
556,807.17,866.84,5,W,5,N
557,810.60,867.14,5,W,5,N
558,812.24,867.44,5,W,5,N
559,814.85,867.74,5,W,5,N
560,816.59,868.04,5,W,5,N
561,843.13,868.34,5,W,5,N
562,844.09,868.64,5,W,5,N
563,859.29,868.94,5,W,5,N
564,860.88,869.24,5,W,5,N
565,861.13,869.54,5,W,5,N
566,863.53,869.67,5,W,5,N
567,870.86,877.00,5,W,5,N
568,871.96,878.09,5,W,5,N
612,842.28,879.34,5,E,5,N
455,716.99,899.10,3,E,5,W
457,759.88,899.40,3,E,5,W
388,715.59,899.70,2,E,5,W
359,725.68,900.00,2,W,5,W
360,738.62,900.30,2,W,5,W
361,760.47,900.60,2,W,5,W
120,728.40,900.90,1,S,5,W
121,728.88,901.20,1,S,5,W
251,735.12,901.50,1,W,5,W
317,733.77,901.80,1,E,5,W
335,877.26,903.37,1,E,2,E
132,811.93,903.60,1,S,1,W
133,846.50,903.90,1,S,1,W
134,848.14,904.20,1,S,1,W
138,899.57,913.70,1,S,1,W
321,772.93,915.10,1,E,5,E
314,701.86,921.24,1,E,5,N
111,645.22,921.54,1,S,5,N
114,687.57,921.84,1,S,5,N
117,692.12,922.14,1,S,5,N
118,694.94,922.44,1,S,5,N
358,712.96,922.74,2,W,5,N
389,754.08,923.04,2,E,5,N
462,804.13,923.23,3,E,5,E
362,770.49,923.34,2,W,5,N
415,802.69,923.53,3,W,5,E
363,782.09,923.64,2,W,5,N
122,728.92,923.94,1,S,5,N
123,729.90,924.24,1,S,5,N
233,670.70,924.54,1,W,5,N
234,672.01,924.84,1,W,5,N
236,675.56,925.14,1,W,5,N
237,682.97,925.44,1,W,5,N
238,684.01,925.74,1,W,5,N
241,707.98,926.04,1,W,5,N
242,711.71,926.34,1,W,5,N
243,713.07,926.64,1,W,5,N
244,713.12,926.94,1,W,5,N
245,714.40,927.24,1,W,5,N
247,725.63,927.54,1,W,5,N
248,726.99,927.84,1,W,5,N
249,727.51,928.14,1,W,5,N
250,728.23,928.44,1,W,5,N
315,720.25,928.74,1,E,5,N
316,723.11,929.04,1,E,5,N
318,744.33,929.34,1,E,5,N
319,761.03,929.64,1,E,5,N
324,793.22,929.94,1,E,5,N
463,843.59,930.24,3,E,5,N
416,813.83,930.54,3,W,5,N
417,815.51,930.84,3,W,5,N
418,828.48,931.14,3,W,5,N
419,831.50,931.44,3,W,5,N
261,856.09,940.57,1,W,3,E
331,846.84,942.67,1,E,3,E
569,873.70,965.24,5,W,5,N
570,874.14,965.54,5,W,5,N
571,875.76,965.84,5,W,5,N
572,884.88,966.14,5,W,5,N
573,886.35,966.44,5,W,5,N
574,889.34,966.74,5,W,5,N
420,835.17,999.00,3,W,5,W
421,893.77,999.30,3,W,5,W
325,801.71,999.60,1,E,5,W
125,768.81,999.90,1,S,5,W
127,770.94,1000.20,1,S,5,W
365,841.38,1000.50,2,W,5,W
366,855.14,1000.80,2,W,5,W
270,892.75,1001.00,1,W,2,W
393,897.76,1001.10,2,E,5,W
131,809.93,1001.40,1,S,5,W
253,770.77,1001.70,1,W,5,W
254,791.42,1002.00,1,W,5,W
255,811.75,1002.30,1,W,5,W
262,865.46,1002.60,1,W,5,W
326,817.45,1002.90,1,E,5,W
328,821.01,1003.20,1,E,5,W
333,860.10,1003.50,1,E,5,W
332,854.47,1015.00,1,E,5,E
126,769.68,1021.14,1,S,5,N
390,802.02,1021.44,2,E,5,N
364,810.80,1021.74,2,W,5,N
391,832.61,1022.04,2,E,5,N
392,881.49,1022.34,2,E,5,N
128,805.74,1022.64,1,S,5,N
129,807.17,1022.94,1,S,5,N
130,808.45,1023.24,1,S,5,N
256,828.19,1023.54,1,W,5,N
257,846.40,1023.84,1,W,5,N
258,847.33,1024.14,1,W,5,N
259,848.29,1024.44,1,W,5,N
260,849.74,1024.74,1,W,5,N
327,818.53,1025.04,1,E,5,N
329,822.51,1025.34,1,E,5,N
330,829.34,1025.64,1,E,5,N
334,862.56,1025.94,1,E,5,N
464,899.97,1029.17,3,E,5,N
137,898.85,1098.90,1,S,5,W
263,875.08,1099.20,1,W,5,W
267,886.11,1099.50,1,W,5,W
271,894.05,1099.80,1,W,5,W
135,849.17,1121.04,1,S,5,N
136,851.06,1121.34,1,S,5,N
264,880.62,1121.64,1,W,5,N
265,882.54,1121.94,1,W,5,N
266,884.21,1122.24,1,W,5,N
268,889.83,1122.54,1,W,5,N
269,890.98,1122.84,1,W,5,N