id,enter_time,exit_time,entrance_intersection,entrance_direction,exit_intersection,exit_direction
482,29.35,66.14,5,W,5,N
483,31.68,66.44,5,W,5,N
484,32.71,66.74,5,W,5,N
485,33.89,67.04,5,W,5,N
486,35.71,67.34,5,W,5,N
487,36.17,67.64,5,W,5,N
488,36.26,67.94,5,W,5,N
489,39.09,68.24,5,W,5,N
490,40.96,68.54,5,W,5,N
491,48.65,68.84,5,W,5,N
492,49.87,69.14,5,W,5,N
493,51.73,69.44,5,W,5,N
494,58.96,69.74,5,W,5,N
495,60.10,70.04,5,W,5,N
496,66.96,73.10,5,W,5,N
610,41.79,80.14,5,E,5,N
611,42.15,80.44,5,E,5,N
612,47.19,80.74,5,E,5,N
613,54.94,81.04,5,E,5,N
614,72.80,81.34,5,E,5,N
615,72.83,81.64,5,E,5,N
616,74.70,81.94,5,E,5,N
617,75.27,82.24,5,E,5,N
2,2.82,100.40,1,S,1,W
3,3.80,100.70,1,S,1,W
5,5.94,101.00,1,S,1,W
13,78.87,101.30,1,S,1,W
14,81.45,101.60,1,S,1,W
20,96.31,110.44,1,S,1,W
392,64.73,112.57,2,E,3,W
440,32.74,131.27,3,E,5,N
416,59.15,131.57,3,W,5,N
441,66.84,131.87,3,E,5,N
189,28.37,138.27,1,W,3,E
497,76.79,166.04,5,W,5,N
498,78.61,166.34,5,W,5,N
499,81.82,166.64,5,W,5,N
500,84.65,166.94,5,W,5,N
501,86.45,167.24,5,W,5,N
502,86.45,167.54,5,W,5,N
503,88.04,167.84,5,W,5,N
504,98.91,168.14,5,W,5,N
505,101.50,168.44,5,W,5,N
506,109.36,168.74,5,W,5,N
507,109.68,169.04,5,W,5,N
508,111.63,169.34,5,W,5,N
509,111.67,169.64,5,W,5,N
510,113.04,169.94,5,W,5,N
511,115.53,170.24,5,W,5,N
512,116.97,170.54,5,W,5,N
513,118.50,170.84,5,W,5,N
514,129.48,171.14,5,W,5,N
515,131.18,171.44,5,W,5,N
516,161.83,171.74,5,W,5,N
517,169.06,175.20,5,W,5,N
518,170.59,176.73,5,W,5,N
618,127.98,180.04,5,E,5,N
619,129.55,180.34,5,E,5,N
620,177.20,183.34,5,E,5,N
621,187.68,193.82,5,E,5,N
12,77.00,199.60,1,S,3,W
414,22.24,199.80,3,W,5,W
439,31.00,200.10,3,E,5,W
415,49.48,200.40,3,W,5,W
417,85.78,200.70,3,W,5,W
21,97.26,200.80,1,S,1,W
0,0.55,201.00,1,S,5,W
27,154.89,201.10,1,S,1,W
1,1.96,201.30,1,S,5,W
28,156.27,201.40,1,S,1,W
391,19.32,201.60,2,E,5,W
30,157.96,201.70,1,S,1,W
360,79.26,201.90,2,W,5,W
33,161.20,202.00,1,S,1,W
4,4.82,202.20,1,S,5,W
35,162.57,202.30,1,S,1,W
6,7.17,202.50,1,S,5,W
42,167.99,202.60,1,S,1,W
286,24.89,202.80,1,E,5,W
48,179.33,202.90,1,S,1,W
289,58.04,203.10,1,E,5,W
51,188.32,203.20,1,S,1,W
52,189.13,203.26,1,S,1,W
290,68.69,203.40,1,E,5,W
292,71.31,203.70,1,E,5,W
293,79.49,204.00,1,E,5,W
31,158.57,213.60,1,S,1,E
7,8.45,221.94,1,S,5,N
8,9.47,222.24,1,S,5,N
186,0.68,222.54,1,W,5,N
187,2.21,222.84,1,W,5,N
188,28.18,223.14,1,W,5,N
190,36.17,223.44,1,W,5,N
191,55.50,223.74,1,W,5,N
285,19.48,224.04,1,E,5,N
287,33.00,224.34,1,E,5,N
288,43.50,224.64,1,E,5,N
291,69.92,224.94,1,E,5,N
294,95.69,225.24,1,E,5,N
420,168.80,231.37,3,W,5,N
445,167.03,231.67,3,E,5,N
519,212.05,265.94,5,W,5,N
520,227.82,266.24,5,W,5,N
521,228.79,266.54,5,W,5,N
522,231.33,266.84,5,W,5,N
523,232.25,267.14,5,W,5,N
524,233.95,267.44,5,W,5,N
525,257.07,267.74,5,W,5,N
526,259.23,268.04,5,W,5,N
527,259.34,268.34,5,W,5,N
528,260.89,268.64,5,W,5,N
529,261.25,268.94,5,W,5,N
530,262.75,269.24,5,W,5,N
622,206.10,279.94,5,E,5,N
623,220.27,280.24,5,E,5,N
624,264.85,280.54,5,E,5,N
625,269.81,280.84,5,E,5,N
25,153.69,299.40,1,S,3,W
46,177.12,299.40,1,S,3,E
36,162.58,299.70,1,S,3,W
442,118.29,299.70,3,E,5,W
418,103.57,300.00,3,W,5,W
61,196.75,300.30,1,S,2,W
443,123.29,300.30,3,E,5,W
71,237.66,300.60,1,S,2,W
419,112.86,300.60,3,W,5,W
444,161.66,300.90,3,E,5,W
64,200.17,301.20,1,S,1,W
17,89.08,301.20,1,S,5,W
82,254.27,301.50,1,S,1,W
22,100.15,301.50,1,S,5,W
85,287.40,301.53,1,S,1,W
361,109.29,301.80,2,W,5,W
395,185.54,302.10,2,E,5,W
197,117.75,302.40,1,W,5,W
198,132.50,302.70,1,W,5,W
199,133.08,303.00,1,W,5,W
200,158.73,303.30,1,W,5,W
297,121.67,303.60,1,E,5,W
302,160.93,303.90,1,E,5,W
90,292.27,306.40,1,S,1,W
92,294.42,308.56,1,S,1,W
79,249.19,314.00,1,S,1,E
298,145.22,315.70,1,E,5,E
9,44.15,321.84,1,S,5,N
10,44.82,322.14,1,S,5,N
11,46.45,322.44,1,S,5,N
15,88.65,322.74,1,S,5,N
16,89.07,323.04,1,S,5,N
18,92.55,323.34,1,S,5,N
19,96.24,323.64,1,S,5,N
393,112.92,323.94,2,E,5,N
394,155.49,324.24,2,E,5,N
192,72.00,324.54,1,W,5,N
193,97.69,324.84,1,W,5,N
194,99.90,325.14,1,W,5,N
195,106.43,325.44,1,W,5,N
196,107.86,325.74,1,W,5,N
201,162.63,326.04,1,W,5,N
202,164.60,326.34,1,W,5,N
295,108.26,326.64,1,E,5,N
296,115.24,326.94,1,E,5,N
299,150.18,327.24,1,E,5,N
300,155.34,327.54,1,E,5,N
301,159.15,327.84,1,E,5,N
303,199.67,328.14,1,E,5,N
421,235.89,330.57,3,W,5,N
446,225.24,330.87,3,E,5,N
55,191.42,337.57,1,S,3,W
74,241.65,340.72,1,S,2,W
447,280.54,342.31,3,E,5,N
93,295.67,344.92,1,S,2,W
531,279.30,365.84,5,W,5,N
532,280.62,366.14,5,W,5,N
533,294.84,366.44,5,W,5,N
534,295.82,366.74,5,W,5,N
535,298.29,367.04,5,W,5,N
536,298.36,367.34,5,W,5,N
537,308.26,367.64,5,W,5,N
538,319.19,367.94,5,W,5,N
539,320.48,368.24,5,W,5,N
540,320.75,368.54,5,W,5,N
541,348.51,368.84,5,W,5,N
542,350.23,369.14,5,W,5,N
543,352.63,369.44,5,W,5,N
544,353.01,369.74,5,W,5,N
545,354.13,370.04,5,W,5,N
546,355.14,370.34,5,W,5,N
547,355.73,370.64,5,W,5,N
548,358.92,370.94,5,W,5,N
549,359.44,371.24,5,W,5,N
626,320.54,379.84,5,E,5,N
627,368.91,380.14,5,E,5,N
628,372.91,380.44,5,E,5,N
86,287.59,399.20,1,S,3,E
75,246.70,399.20,1,S,3,W
88,288.46,399.50,1,S,3,W
32,159.81,399.60,1,S,5,W
34,161.87,399.90,1,S,5,W
38,163.72,400.20,1,S,5,W
41,166.49,400.50,1,S,5,W
43,173.06,400.80,1,S,5,W
44,174.08,401.10,1,S,5,W
53,189.65,401.40,1,S,5,W
98,302.05,401.60,1,S,1,W
56,193.64,401.70,1,S,5,W
104,368.73,401.90,1,S,1,W
57,194.24,402.00,1,S,5,W
106,371.63,402.20,1,S,1,W
59,195.78,402.30,1,S,5,W
60,196.19,402.60,1,S,5,W
63,198.63,402.90,1,S,5,W
65,202.58,403.20,1,S,5,W
67,235.68,403.50,1,S,5,W
70,236.80,403.80,1,S,5,W
204,191.45,404.10,1,W,5,W
304,203.59,404.40,1,E,5,W
309,237.81,404.70,1,E,5,W
399,335.06,412.87,2,E,3,E
103,368.51,414.40,1,S,1,E
364,236.15,415.60,2,W,5,E
366,260.31,415.90,2,W,5,E
62,197.76,416.20,1,S,5,E
68,236.21,416.50,1,S,5,E
312,273.60,416.80,1,E,5,E
23,141.82,421.74,1,S,5,N
24,145.78,422.04,1,S,5,N
26,154.13,422.34,1,S,5,N
29,157.80,422.64,1,S,5,N
37,163.10,422.94,1,S,5,N
39,165.48,423.24,1,S,5,N
40,165.95,423.54,1,S,5,N
45,175.34,423.84,1,S,5,N
47,178.24,424.14,1,S,5,N
448,332.52,424.23,3,E,5,E
396,227.61,424.44,2,E,5,N
362,205.12,424.74,2,W,5,N
424,353.41,424.83,3,W,5,E
363,215.81,425.04,2,W,5,N
397,271.42,425.34,2,E,5,N
365,247.95,425.64,2,W,5,N
367,296.00,425.94,2,W,5,N
49,180.11,426.24,1,S,5,N
50,188.00,426.54,1,S,5,N
54,190.35,426.84,1,S,5,N
58,194.48,427.14,1,S,5,N
66,202.75,427.44,1,S,5,N
69,236.62,427.74,1,S,5,N
203,171.92,428.04,1,W,5,N
205,210.13,428.34,1,W,5,N
206,230.87,428.64,1,W,5,N
207,253.60,428.94,1,W,5,N
305,203.92,429.24,1,E,5,N
306,211.62,429.54,1,E,5,N
307,222.43,429.84,1,E,5,N
308,232.87,430.14,1,E,5,N
310,247.25,430.44,1,E,5,N
311,258.10,430.74,1,E,5,N
313,292.02,431.04,1,E,5,N
423,325.32,431.34,3,W,5,N
425,355.16,431.64,3,W,5,N
453,361.84,431.87,3,E,5,N
373,397.17,433.24,2,W,3,E
96,300.42,437.07,1,S,3,W
97,300.99,437.37,1,S,3,W
217,340.32,440.97,1,W,3,W
550,374.39,465.74,5,W,5,N
551,376.86,466.04,5,W,5,N
552,376.99,466.34,5,W,5,N
553,378.63,466.64,5,W,5,N
554,380.99,466.94,5,W,5,N
555,382.21,467.24,5,W,5,N
556,383.70,467.54,5,W,5,N
557,408.18,467.84,5,W,5,N
558,409.57,468.14,5,W,5,N
559,410.72,468.44,5,W,5,N
560,411.00,468.74,5,W,5,N
561,460.76,469.04,5,W,5,N
562,462.73,469.34,5,W,5,N
563,464.09,470.23,5,W,5,N
564,465.20,471.34,5,W,5,N
565,467.12,473.26,5,W,5,N
629,401.54,479.74,5,E,5,N
630,406.53,480.04,5,E,5,N
631,412.57,480.34,5,E,5,N
632,436.38,480.64,5,E,5,N
633,491.26,497.40,5,E,5,N
634,492.79,498.93,5,E,5,N
102,365.84,499.00,1,S,3,E
422,300.57,499.50,3,W,5,W
449,341.92,499.80,3,E,5,W
450,343.17,500.10,3,E,5,W
451,344.88,500.40,3,E,5,W
452,345.96,500.70,3,E,5,W
73,240.72,501.00,1,S,5,W
77,248.57,501.30,1,S,5,W
81,252.67,501.60,1,S,5,W
83,254.59,501.90,1,S,5,W
111,416.86,502.00,1,S,1,W
370,343.81,502.20,2,W,5,W
371,348.32,502.50,2,W,5,W
94,296.35,502.80,1,S,5,W
210,280.35,503.10,1,W,5,W
212,298.38,503.40,1,W,5,W
213,299.18,503.70,1,W,5,W
215,324.12,504.00,1,W,5,W
216,339.25,504.30,1,W,5,W
315,377.60,504.60,1,E,5,W
316,392.71,510.53,1,E,5,W
378,473.16,513.87,2,W,3,W
80,250.99,515.50,1,S,5,E
99,303.52,515.80,1,S,5,E
72,239.64,521.64,1,S,5,N
76,247.27,521.94,1,S,5,N
78,249.03,522.24,1,S,5,N
84,286.06,522.54,1,S,5,N
87,287.98,522.84,1,S,5,N
89,291.35,523.14,1,S,5,N
91,293.73,523.44,1,S,5,N
368,309.75,523.74,2,W,5,N
398,308.01,524.04,2,E,5,N
369,321.29,524.34,2,W,5,N
400,357.81,524.64,2,E,5,N
372,384.07,524.94,2,W,5,N
95,296.38,525.24,1,S,5,N
100,308.87,525.54,1,S,5,N
208,270.03,525.84,1,W,5,N
209,279.82,526.14,1,W,5,N
211,281.87,526.44,1,W,5,N
214,320.93,526.74,1,W,5,N
218,363.59,527.04,1,W,5,N
219,364.65,527.34,1,W,5,N
314,329.24,527.64,1,E,5,N
454,415.26,530.17,3,E,5,N
426,410.75,530.47,3,W,5,N
455,430.79,530.47,3,E,5,N
427,468.87,530.64,3,W,5,N
456,461.94,530.77,3,E,5,N
458,478.69,534.33,3,E,5,E
317,406.64,542.27,1,E,3,W
321,461.62,543.47,1,E,3,E
461,494.43,556.20,3,E,5,N
462,495.94,557.71,3,E,5,N
566,474.28,565.64,5,W,5,N
567,499.75,565.94,5,W,5,N
568,503.22,566.24,5,W,5,N
569,504.83,566.54,5,W,5,N
570,507.13,566.84,5,W,5,N
571,509.84,567.14,5,W,5,N
572,510.94,567.44,5,W,5,N
573,512.45,567.74,5,W,5,N
574,522.82,568.04,5,W,5,N
575,545.83,568.34,5,W,5,N
576,555.27,568.64,5,W,5,N
577,557.22,568.94,5,W,5,N
578,559.35,569.24,5,W,5,N
635,506.29,579.64,5,E,5,N
636,557.18,579.94,5,E,5,N
637,558.64,580.24,5,E,5,N
638,564.36,580.54,5,E,5,N
457,473.05,599.40,3,E,5,W
459,484.79,599.70,3,E,5,W
460,492.58,600.00,3,E,5,W
105,370.72,600.30,1,S,5,W
108,374.73,600.60,1,S,5,W
239,495.11,600.60,1,W,2,E
220,372.51,600.90,1,W,5,W
328,549.48,600.90,1,E,2,E
221,373.98,601.20,1,W,5,W
222,375.87,601.50,1,W,5,W
225,394.86,601.80,1,W,5,W
227,414.05,602.10,1,W,5,W
228,417.66,602.40,1,W,5,W
235,451.31,602.70,1,W,5,W
322,470.36,603.00,1,E,5,W
123,565.58,615.20,1,S,1,E
223,377.81,615.40,1,W,5,E
101,340.96,621.54,1,S,5,N
107,372.77,621.84,1,S,5,N
401,401.80,622.14,2,E,5,N
374,411.92,622.44,2,W,5,N
375,422.78,622.74,2,W,5,N
402,442.96,623.04,2,E,5,N
376,425.79,623.34,2,W,5,N
377,447.70,623.64,2,W,5,N
403,491.28,623.94,2,E,5,N
379,497.22,624.24,2,W,5,N
109,414.52,624.54,1,S,5,N
110,415.85,624.84,1,S,5,N
112,420.80,625.14,1,S,5,N
224,381.22,625.44,1,W,5,N
226,414.01,625.74,1,W,5,N
229,427.12,626.04,1,W,5,N
230,428.82,626.34,1,W,5,N
231,430.47,626.64,1,W,5,N
232,431.75,626.94,1,W,5,N
233,433.47,627.24,1,W,5,N
234,450.04,627.54,1,W,5,N
318,407.96,627.84,1,E,5,N
319,432.72,628.14,1,E,5,N
320,435.04,628.44,1,E,5,N
463,551.22,629.97,3,E,5,N
428,521.51,630.27,3,W,5,N
464,570.50,632.27,3,E,5,N
429,580.79,636.42,3,W,5,E
466,586.30,641.94,3,E,5,E
249,563.27,642.37,1,W,3,W
323,505.81,642.67,1,E,3,E
326,511.98,643.57,1,E,3,W
467,587.79,649.56,3,E,5,N
579,594.34,665.54,5,W,5,N
580,601.77,665.84,5,W,5,N
581,624.61,666.14,5,W,5,N
582,627.40,666.44,5,W,5,N
583,629.32,666.74,5,W,5,N
584,664.08,670.22,5,W,5,N
585,664.66,670.80,5,W,5,N
586,665.18,671.31,5,W,5,N
639,634.87,679.54,5,E,5,N
640,640.22,679.84,5,E,5,N
641,647.29,680.14,5,E,5,N
642,654.46,680.44,5,E,5,N
643,664.49,680.74,5,E,5,N
644,667.68,681.04,5,E,5,N
645,672.71,681.34,5,E,5,N
465,572.30,699.30,3,E,5,W
113,463.71,699.60,1,S,5,W
118,515.28,699.90,1,S,5,W
119,516.03,700.20,1,S,5,W
242,531.31,700.50,1,W,5,W
245,556.65,700.80,1,W,5,W
327,531.94,701.10,1,E,5,W
329,551.27,701.40,1,E,5,W
330,552.45,701.70,1,E,5,W
332,573.25,702.00,1,E,5,W
127,639.21,702.80,1,S,1,W
407,621.36,712.87,2,E,3,W
129,670.83,715.60,1,S,1,E
468,598.58,721.44,3,E,5,N
114,465.00,721.74,1,S,5,N
404,504.95,722.04,2,E,5,N
380,508.93,722.34,2,W,5,N
405,547.05,722.64,2,E,5,N
381,548.19,722.94,2,W,5,N
382,561.83,723.24,2,W,5,N
383,566.52,723.54,2,W,5,N
430,643.76,723.63,3,W,5,E
384,581.45,723.84,2,W,5,N
406,594.05,724.14,2,E,5,N
115,511.35,724.44,1,S,5,N
116,512.86,724.74,1,S,5,N
117,514.00,725.04,1,S,5,N
120,516.77,725.34,1,S,5,N
121,518.36,725.64,1,S,5,N
236,472.14,725.94,1,W,5,N
237,473.25,726.24,1,W,5,N
238,475.23,726.54,1,W,5,N
240,515.84,726.84,1,W,5,N
241,517.78,727.14,1,W,5,N
243,532.67,727.44,1,W,5,N
244,534.26,727.74,1,W,5,N
246,558.20,728.04,1,W,5,N
247,559.55,728.34,1,W,5,N
248,561.44,728.64,1,W,5,N
324,507.36,728.94,1,E,5,N
325,510.22,729.24,1,E,5,N
331,562.40,729.54,1,E,5,N
333,583.72,729.84,1,E,5,N
470,639.72,730.07,3,E,5,N
431,648.56,730.37,3,W,5,N
386,694.39,730.46,2,W,3,E
471,647.74,730.67,3,E,5,N
472,649.53,730.97,3,E,5,N
250,573.21,737.07,1,W,3,W
128,639.74,741.72,1,S,2,E
473,684.72,746.49,3,E,5,N
587,697.89,765.44,5,W,5,N
588,698.64,765.74,5,W,5,N
589,715.57,766.04,5,W,5,N
590,717.33,766.34,5,W,5,N
591,725.02,766.64,5,W,5,N
592,733.81,766.94,5,W,5,N
593,750.37,767.24,5,W,5,N
594,751.78,767.54,5,W,5,N
595,753.09,767.84,5,W,5,N
646,701.41,779.44,5,E,5,N
647,752.63,779.74,5,E,5,N
648,770.80,780.04,5,E,5,N
131,671.76,798.40,1,S,3,W
469,600.27,799.20,3,E,5,W
124,603.05,799.50,1,S,5,W
126,638.11,799.80,1,S,5,W
649,793.77,799.91,5,E,5,N
339,665.25,800.10,1,E,5,W
343,762.28,800.80,1,E,2,W
344,763.29,801.10,1,E,2,W
139,764.88,803.20,1,S,1,W
650,798.94,805.08,5,E,5,N
409,709.44,812.97,2,E,3,W
135,755.51,816.00,1,S,1,E
122,565.17,821.34,1,S,5,N
125,604.88,821.64,1,S,5,N
408,664.10,821.94,2,E,5,N
146,807.98,822.12,1,S,1,E
385,681.14,822.24,2,W,5,N
251,588.19,822.54,1,W,5,N
252,608.06,822.84,1,W,5,N
253,611.82,823.14,1,W,5,N
254,631.50,823.44,1,W,5,N
255,638.47,823.74,1,W,5,N
256,654.13,824.04,1,W,5,N
334,605.99,824.34,1,E,5,N
335,608.80,824.64,1,E,5,N
336,643.25,824.94,1,E,5,N
337,652.14,825.24,1,E,5,N
338,661.67,825.54,1,E,5,N
148,814.34,828.47,1,S,1,E
432,717.36,829.57,3,W,5,N
474,740.49,829.87,3,E,5,N
475,751.34,830.17,3,E,5,N
433,731.66,830.47,3,W,5,N
476,764.05,830.77,3,E,5,N
477,776.30,838.07,3,E,5,N
264,764.12,839.57,1,W,3,W
156,826.90,841.03,1,S,1,E
342,721.20,841.07,1,E,3,W
137,762.38,842.72,1,S,2,E
435,785.01,846.78,3,W,5,N
161,833.04,847.17,1,S,1,E
478,785.74,847.51,3,E,5,N
479,787.01,848.78,3,E,5,N
166,839.55,853.68,1,S,1,E
596,779.21,865.34,5,W,5,N
597,780.62,865.64,5,W,5,N
598,780.78,865.94,5,W,5,N
599,782.94,866.24,5,W,5,N
600,814.62,866.54,5,W,5,N
601,827.47,866.84,5,W,5,N
602,830.01,867.14,5,W,5,N
603,837.94,867.44,5,W,5,N
604,839.33,867.74,5,W,5,N
605,842.82,868.04,5,W,5,N
606,849.56,868.34,5,W,5,N
607,859.21,868.64,5,W,5,N
608,867.33,873.47,5,W,5,N
609,869.15,875.29,5,W,5,N
651,801.55,879.34,5,E,5,N
652,803.38,879.64,5,E,5,N
653,824.26,879.94,5,E,5,N
654,826.79,880.24,5,E,5,N
434,732.47,899.10,3,W,5,W
655,893.07,899.21,5,E,5,N
130,670.85,899.40,1,S,5,W
257,671.94,899.70,1,W,5,W
258,686.05,900.00,1,W,5,W
259,689.44,900.30,1,W,5,W
260,705.65,900.60,1,W,5,W
266,766.81,900.90,1,W,5,W
144,806.45,900.90,1,S,2,W
152,821.95,900.90,1,S,2,E
340,717.70,901.20,1,E,5,W
167,840.00,901.20,1,S,2,W
277,849.02,901.50,1,W,2,W
151,819.31,903.60,1,S,1,W
155,825.18,903.90,1,S,1,W
173,847.45,904.20,1,S,1,W
174,848.48,904.50,1,S,1,W
180,888.88,904.80,1,S,1,W
349,790.25,908.07,1,E,5,W
185,895.53,909.67,1,S,1,W
410,757.55,915.10,2,E,5,E
181,890.62,916.40,1,S,1,E
387,708.33,921.24,2,W,5,N
388,736.20,921.54,2,W,5,N
132,710.80,921.84,1,S,5,N
133,711.98,922.14,1,S,5,N
261,716.65,922.44,1,W,5,N
262,723.63,922.74,1,W,5,N
263,742.28,923.04,1,W,5,N
265,765.29,923.34,1,W,5,N
341,718.61,923.64,1,E,5,N
345,764.72,923.94,1,E,5,N
346,766.57,924.24,1,E,5,N
347,767.77,924.54,1,E,5,N
348,779.71,924.84,1,E,5,N
480,819.16,929.37,3,E,5,N
436,812.25,929.67,3,W,5,N
437,827.73,929.97,3,W,5,N
481,854.43,930.27,3,E,5,N
438,855.21,930.57,3,W,5,N
269,786.37,941.77,1,W,3,E
272,826.08,942.67,1,W,3,W
175,849.95,944.02,1,S,2,W
350,794.82,999.00,1,E,5,W
134,754.12,999.30,1,S,5,W
136,758.65,999.60,1,S,5,W
138,764.21,999.90,1,S,5,W
141,802.99,1000.20,1,S,5,W
143,805.12,1000.50,1,S,5,W
389,828.45,1000.80,2,W,5,W
183,891.80,1001.00,1,S,2,W
412,845.50,1001.10,2,E,5,W
279,869.95,1001.30,1,W,2,W
413,864.13,1001.40,2,E,5,W
145,806.47,1001.70,1,S,5,W
149,815.60,1002.00,1,S,5,W
153,823.05,1002.30,1,S,5,W
154,824.03,1002.60,1,S,5,W
159,830.34,1002.90,1,S,5,W
162,833.38,1003.20,1,S,5,W
165,838.79,1003.50,1,S,5,W
270,809.18,1003.80,1,W,5,W
273,827.24,1004.10,1,W,5,W
352,812.76,1004.40,1,E,5,W
353,831.86,1004.70,1,E,5,W
140,765.57,1021.14,1,S,5,N
142,804.06,1021.44,1,S,5,N
411,802.95,1021.74,2,E,5,N
390,863.58,1022.04,2,W,5,N
147,809.96,1022.34,1,S,5,N
150,817.37,1022.64,1,S,5,N
157,827.26,1022.94,1,S,5,N
158,828.48,1023.24,1,S,5,N
160,831.93,1023.54,1,S,5,N
163,833.73,1023.84,1,S,5,N
164,836.31,1024.14,1,S,5,N
267,768.11,1024.44,1,W,5,N
268,776.32,1024.74,1,W,5,N
271,816.83,1025.04,1,W,5,N
274,828.69,1025.34,1,W,5,N
275,830.98,1025.64,1,W,5,N
276,832.14,1025.94,1,W,5,N
278,855.46,1026.24,1,W,5,N
351,808.87,1026.54,1,E,5,N
354,837.71,1026.84,1,E,5,N
355,840.01,1027.14,1,E,5,N
356,867.10,1027.44,1,E,5,N
357,868.95,1027.74,1,E,5,N
358,871.98,1028.04,1,E,5,N
283,889.00,1038.27,1,W,3,E
359,898.18,1098.90,1,E,5,W
168,841.72,1099.20,1,S,5,W
171,845.63,1099.50,1,S,5,W
178,888.43,1099.80,1,S,5,W
182,891.70,1100.10,1,S,5,W
184,893.95,1100.40,1,S,5,W
280,881.37,1100.70,1,W,5,W
169,842.68,1121.04,1,S,5,N
170,843.79,1121.34,1,S,5,N
172,845.88,1121.64,1,S,5,N
176,850.93,1121.94,1,S,5,N
177,887.13,1122.24,1,S,5,N
179,888.44,1122.54,1,S,5,N
281,883.78,1122.84,1,W,5,N
282,885.74,1123.14,1,W,5,N
284,899.92,1123.44,1,W,5,N