id,enter_time,exit_time,entrance_intersection,entrance_direction,exit_intersection,exit_direction
475,14.80,66.14,5,W,5,N
476,16.73,66.44,5,W,5,N
477,16.92,66.74,5,W,5,N
478,50.74,67.04,5,W,5,N
479,60.50,67.34,5,W,5,N
480,61.64,67.77,5,W,5,N
481,63.16,69.30,5,W,5,N
482,64.55,70.69,5,W,5,N
575,5.44,80.14,5,E,5,N
576,51.03,80.44,5,E,5,N
577,63.80,80.74,5,E,5,N
578,86.53,92.67,5,E,5,N
301,14.02,100.10,1,E,2,W
305,68.40,100.40,1,E,2,W
0,1.77,100.40,1,S,1,W
2,5.15,100.70,1,S,1,W
11,72.98,101.00,1,S,1,W
14,75.86,101.30,1,S,1,W
15,76.65,101.60,1,S,1,W
16,77.15,101.90,1,S,1,W
17,78.48,102.20,1,S,1,W
390,60.82,112.87,2,E,3,E
7,67.28,113.20,1,S,1,E
28,89.59,113.50,1,S,1,E
439,35.58,130.97,3,E,5,N
415,8.38,131.27,3,W,5,N
440,37.06,131.27,3,E,5,N
417,68.52,131.57,3,W,5,N
183,21.92,136.17,1,W,3,W
9,71.21,140.82,1,S,2,W
32,126.78,140.91,1,S,1,E
10,72.22,141.12,1,S,2,W
35,133.34,147.47,1,S,1,E
418,90.13,151.90,3,W,5,N
483,99.18,166.04,5,W,5,N
484,118.57,166.34,5,W,5,N
485,123.69,166.64,5,W,5,N
486,124.67,166.94,5,W,5,N
487,126.26,167.24,5,W,5,N
488,127.27,167.54,5,W,5,N
489,135.25,167.84,5,W,5,N
490,136.87,168.14,5,W,5,N
491,145.72,168.44,5,W,5,N
492,147.41,168.74,5,W,5,N
493,150.24,169.04,5,W,5,N
579,137.15,180.04,5,E,5,N
580,143.09,180.34,5,E,5,N
25,86.70,199.60,1,S,3,E
416,9.37,199.80,3,W,5,W
441,70.01,200.10,3,E,5,W
200,143.54,200.20,1,W,2,W
442,71.60,200.40,3,E,5,W
443,85.77,200.70,3,E,5,W
42,143.00,200.80,1,S,1,W
444,87.38,201.00,3,E,5,W
48,147.64,201.10,1,S,1,W
361,21.58,201.30,2,W,5,W
55,185.52,201.40,1,S,1,W
362,24.36,201.60,2,W,5,W
56,185.79,201.70,1,S,1,W
184,38.16,201.90,1,W,5,W
186,43.94,202.20,1,W,5,W
302,15.82,202.50,1,E,5,W
58,188.47,202.61,1,S,1,W
306,70.60,202.80,1,E,5,W
307,83.86,203.10,1,E,5,W
60,195.59,209.72,1,S,1,W
40,139.97,213.60,1,S,1,E
45,143.97,213.90,1,S,1,E
50,149.63,214.20,1,S,1,E
63,200.29,214.43,1,S,1,E
1,2.59,221.94,1,S,5,N
388,20.35,222.24,2,E,5,N
389,44.32,222.54,2,E,5,N
185,41.79,222.84,1,W,5,N
187,62.25,223.14,1,W,5,N
303,19.51,223.44,1,E,5,N
304,46.94,223.74,1,E,5,N
308,85.88,224.04,1,E,5,N
445,128.57,230.77,3,E,5,N
446,162.08,231.07,3,E,5,N
29,93.42,236.27,1,S,3,E
30,94.56,236.57,1,S,3,W
190,80.67,238.97,1,W,3,W
44,143.50,240.92,1,S,2,W
311,156.12,243.47,1,E,3,W
65,201.40,244.22,1,S,2,W
447,195.83,257.60,3,E,5,N
494,175.97,265.94,5,W,5,N
495,179.84,266.24,5,W,5,N
496,187.72,266.54,5,W,5,N
497,202.41,266.84,5,W,5,N
498,203.59,267.14,5,W,5,N
499,204.83,267.44,5,W,5,N
500,206.38,267.74,5,W,5,N
501,222.51,268.04,5,W,5,N
502,224.47,268.34,5,W,5,N
503,260.27,268.64,5,W,5,N
581,212.00,279.94,5,E,5,N
582,213.86,280.24,5,E,5,N
583,223.10,280.54,5,E,5,N
584,223.85,280.84,5,E,5,N
585,224.49,281.14,5,E,5,N
586,224.59,281.44,5,E,5,N
587,236.83,281.74,5,E,5,N
588,238.27,282.04,5,E,5,N
589,242.65,282.34,5,E,5,N
590,289.58,295.71,5,E,5,N
419,157.11,299.70,3,W,5,W
3,39.79,300.00,1,S,5,W
72,229.70,300.30,1,S,2,W
24,85.07,300.30,1,S,5,W
27,89.55,300.60,1,S,5,W
391,107.13,300.90,2,E,5,W
61,197.44,301.20,1,S,1,W
394,192.17,301.20,2,E,5,W
64,200.97,301.50,1,S,1,W
31,125.65,301.50,1,S,5,W
67,203.98,301.80,1,S,1,W
189,78.13,301.80,1,W,5,W
69,208.07,302.10,1,S,1,W
192,102.59,302.10,1,W,5,W
71,209.20,302.40,1,S,1,W
193,105.10,302.40,1,W,5,W
74,231.63,302.70,1,S,1,W
197,133.70,302.70,1,W,5,W
75,269.64,303.00,1,S,1,W
202,153.27,303.00,1,W,5,W
203,154.68,303.30,1,W,5,W
313,191.35,309.18,1,E,5,W
20,79.84,315.70,1,S,5,E
195,109.81,316.00,1,W,5,E
4,40.25,321.84,1,S,5,N
5,62.01,322.14,1,S,5,N
6,64.55,322.44,1,S,5,N
8,68.68,322.74,1,S,5,N
12,74.04,323.04,1,S,5,N
13,75.28,323.34,1,S,5,N
18,79.06,323.64,1,S,5,N
19,79.81,323.94,1,S,5,N
21,81.80,324.24,1,S,5,N
22,82.50,324.54,1,S,5,N
23,82.98,324.84,1,S,5,N
26,87.86,325.14,1,S,5,N
363,114.57,325.44,2,W,5,N
392,117.67,325.74,2,E,5,N
364,150.25,326.04,2,W,5,N
393,159.80,326.34,2,E,5,N
365,161.26,326.64,2,W,5,N
33,128.43,326.94,1,S,5,N
34,130.11,327.24,1,S,5,N
36,134.69,327.54,1,S,5,N
37,135.64,327.84,1,S,5,N
188,74.66,328.14,1,W,5,N
191,83.91,328.44,1,W,5,N
194,108.42,328.74,1,W,5,N
196,132.23,329.04,1,W,5,N
198,137.18,329.34,1,W,5,N
199,138.06,329.64,1,W,5,N
201,152.65,329.94,1,W,5,N
309,121.71,330.24,1,E,5,N
310,132.47,330.54,1,E,5,N
312,190.10,330.84,1,E,5,N
448,236.72,331.14,3,E,5,N
421,239.68,331.44,3,W,5,N
449,277.06,332.70,3,E,5,E
207,221.14,338.17,1,W,3,W
210,244.73,339.07,1,W,3,E
317,252.98,341.17,1,E,3,W
88,336.35,350.49,1,S,1,E
321,294.19,356.38,1,E,3,W
422,297.71,359.48,3,W,5,N
504,288.74,365.84,5,W,5,N
505,296.73,366.14,5,W,5,N
506,297.80,366.44,5,W,5,N
507,299.53,366.74,5,W,5,N
508,344.71,367.04,5,W,5,N
509,345.90,367.34,5,W,5,N
510,361.75,367.88,5,W,5,N
511,363.33,369.46,5,W,5,N
512,369.04,375.18,5,W,5,N
591,308.58,379.84,5,E,5,N
592,382.32,388.46,5,E,5,N
593,384.80,390.93,5,E,5,N
594,389.86,395.99,5,E,5,N
595,390.49,396.63,5,E,5,N
76,269.84,399.20,1,S,3,W
420,230.46,399.60,3,W,5,W
47,145.36,399.90,1,S,5,W
49,148.71,400.20,1,S,5,W
220,355.89,400.40,1,W,2,E
52,150.19,400.50,1,S,5,W
59,194.47,400.80,1,S,5,W
367,258.00,401.10,2,W,5,W
368,290.69,401.40,2,W,5,W
68,205.54,401.70,1,S,5,W
70,209.00,402.00,1,S,5,W
204,176.88,402.30,1,W,5,W
206,201.46,402.60,1,W,5,W
208,222.60,402.90,1,W,5,W
209,242.28,403.20,1,W,5,W
212,263.66,403.50,1,W,5,W
213,265.51,403.80,1,W,5,W
314,209.56,404.10,1,E,5,W
315,225.56,404.40,1,E,5,W
316,252.21,404.70,1,E,5,W
320,288.45,406.27,1,E,5,W
95,381.27,414.40,1,S,1,E
43,143.08,415.60,1,S,5,E
51,150.05,415.90,1,S,5,E
318,270.78,416.20,1,E,5,E
38,138.00,421.74,1,S,5,N
39,139.62,422.04,1,S,5,N
41,141.63,422.34,1,S,5,N
329,396.51,422.62,1,E,2,W
46,144.88,422.64,1,S,5,N
53,183.67,422.94,1,S,5,N
54,184.26,423.24,1,S,5,N
57,188.25,423.54,1,S,5,N
62,198.72,423.84,1,S,5,N
66,203.30,424.14,1,S,5,N
395,240.76,424.44,2,E,5,N
366,243.31,424.74,2,W,5,N
396,290.42,425.04,2,E,5,N
369,293.67,425.34,2,W,5,N
73,231.17,425.64,1,S,5,N
205,197.70,425.94,1,W,5,N
211,248.03,426.24,1,W,5,N
319,274.54,426.54,1,E,5,N
450,331.70,430.37,3,E,5,N
423,352.77,430.67,3,W,5,N
451,341.53,430.67,3,E,5,N
89,337.02,437.07,1,S,3,E
219,354.14,438.87,1,W,3,E
328,378.77,440.96,1,E,3,W
453,393.50,449.14,3,E,5,E
513,404.58,465.74,5,W,5,N
514,411.64,466.04,5,W,5,N
515,420.19,466.34,5,W,5,N
516,428.60,466.64,5,W,5,N
517,452.39,466.94,5,W,5,N
518,453.42,467.24,5,W,5,N
519,455.59,467.54,5,W,5,N
520,456.92,467.84,5,W,5,N
521,457.09,468.14,5,W,5,N
596,461.19,479.74,5,E,5,N
597,464.13,480.04,5,E,5,N
598,490.01,496.15,5,E,5,N
90,342.17,499.00,1,S,3,W
452,354.50,499.50,3,E,5,W
81,298.61,499.80,1,S,5,W
85,303.72,500.10,1,S,5,W
397,314.68,500.40,2,E,5,W
228,408.79,500.50,1,W,2,W
399,381.87,500.70,2,E,5,W
216,310.90,501.00,1,W,5,W
101,437.81,502.00,1,S,1,W
103,439.96,502.30,1,S,1,W
80,273.51,515.50,1,S,5,E
370,328.16,515.80,2,W,5,E
77,271.48,521.64,1,S,5,N
78,271.85,521.94,1,S,5,N
79,272.00,522.24,1,S,5,N
82,298.90,522.54,1,S,5,N
83,300.57,522.84,1,S,5,N
84,301.48,523.14,1,S,5,N
398,358.79,523.44,2,E,5,N
86,304.90,523.74,1,S,5,N
424,406.14,524.03,3,W,5,E
87,306.10,524.04,1,S,5,N
333,498.12,524.23,1,E,2,W
214,284.94,524.34,1,W,5,N
215,310.69,524.64,1,W,5,N
217,326.75,524.94,1,W,5,N
218,352.70,525.24,1,W,5,N
322,312.12,525.54,1,E,5,N
323,314.81,525.84,1,E,5,N
324,341.52,526.14,1,E,5,N
325,371.00,526.44,1,E,5,N
326,372.97,526.74,1,E,5,N
327,375.36,527.04,1,E,5,N
454,440.08,530.17,3,E,5,N
426,417.98,530.77,3,W,5,N
115,518.57,532.71,1,S,1,E
116,519.85,533.98,1,S,1,E
221,375.38,537.77,1,W,3,E
455,480.41,542.18,3,E,5,N
456,481.98,543.75,3,E,5,N
522,484.26,565.64,5,W,5,N
523,510.22,565.94,5,W,5,N
524,512.39,566.24,5,W,5,N
525,546.62,566.54,5,W,5,N
526,551.44,566.84,5,W,5,N
527,559.85,567.14,5,W,5,N
599,534.77,579.64,5,E,5,N
600,543.33,579.94,5,E,5,N
601,592.28,598.42,5,E,5,N
425,416.55,599.40,3,W,5,W
427,489.65,599.70,3,W,5,W
96,381.37,600.00,1,S,5,W
372,430.15,600.30,2,W,5,W
374,441.58,600.60,2,W,5,W
114,517.86,600.60,1,S,2,E
376,457.42,600.90,2,W,5,W
239,488.23,600.90,1,W,2,E
223,400.63,601.20,1,W,5,W
224,402.50,601.50,1,W,5,W
227,407.37,601.80,1,W,5,W
230,434.37,602.10,1,W,5,W
233,450.17,602.40,1,W,5,W
121,548.86,602.40,1,S,1,W
234,459.34,602.70,1,W,5,W
123,555.67,602.70,1,S,1,W
332,478.28,603.00,1,E,5,W
126,559.00,603.00,1,S,1,W
128,564.07,603.30,1,S,1,W
602,598.15,604.29,5,E,5,N
226,406.80,615.40,1,W,5,E
91,376.39,621.54,1,S,5,N
92,376.60,621.84,1,S,5,N
93,377.32,622.14,1,S,5,N
94,379.76,622.44,1,S,5,N
400,422.77,622.74,2,E,5,N
371,417.05,623.04,2,W,5,N
401,438.46,623.34,2,E,5,N
373,441.53,623.64,2,W,5,N
402,469.97,623.94,2,E,5,N
375,446.21,624.24,2,W,5,N
403,491.84,624.54,2,E,5,N
97,427.02,624.84,1,S,5,N
98,428.66,625.14,1,S,5,N
99,430.26,625.44,1,S,5,N
100,431.84,625.74,1,S,5,N
222,385.20,626.04,1,W,5,N
225,404.95,626.34,1,W,5,N
229,432.45,626.64,1,W,5,N
231,435.38,626.94,1,W,5,N
232,444.52,627.24,1,W,5,N
235,460.66,627.54,1,W,5,N
330,441.86,627.84,1,E,5,N
331,443.40,628.14,1,E,5,N
428,549.24,629.97,3,W,5,N
457,524.75,630.27,3,E,5,N
458,526.38,630.57,3,E,5,N
429,570.01,631.78,3,W,5,N
245,560.45,639.67,1,W,3,W
528,586.35,665.54,5,W,5,N
529,587.48,665.84,5,W,5,N
530,604.16,666.14,5,W,5,N
531,605.64,666.44,5,W,5,N
532,642.06,666.74,5,W,5,N
533,643.95,667.04,5,W,5,N
534,645.82,667.34,5,W,5,N
535,647.32,667.64,5,W,5,N
536,649.17,667.94,5,W,5,N
537,656.06,668.24,5,W,5,N
538,663.10,669.24,5,W,5,N
539,664.71,670.85,5,W,5,N
540,665.09,671.23,5,W,5,N
541,667.66,673.80,5,W,5,N
603,646.25,679.54,5,E,5,N
604,647.43,679.84,5,E,5,N
118,544.17,698.60,1,S,3,W
459,569.45,699.30,3,E,5,W
430,580.40,699.60,3,W,5,W
104,439.97,699.90,1,S,5,W
106,476.23,700.20,1,S,5,W
109,479.00,700.50,1,S,5,W
133,608.53,700.70,1,S,2,W
237,482.60,700.80,1,W,5,W
251,625.36,701.00,1,W,2,W
240,489.96,701.10,1,W,5,W
345,625.40,701.30,1,E,2,W
241,496.41,701.40,1,W,5,W
246,561.15,701.70,1,W,5,W
339,562.25,702.00,1,E,5,W
340,581.23,702.30,1,E,5,W
135,613.10,702.80,1,S,1,W
605,698.54,704.68,5,E,5,N
238,484.45,715.30,1,W,5,E
244,534.79,715.60,1,W,5,E
337,542.10,715.90,1,E,5,E
102,439.33,721.44,1,S,5,N
105,440.80,721.74,1,S,5,N
107,476.54,722.04,1,S,5,N
108,477.23,722.34,1,S,5,N
110,480.70,722.64,1,S,5,N
111,482.44,722.94,1,S,5,N
377,548.96,723.24,2,W,5,N
404,524.88,723.54,2,E,5,N
405,552.70,723.84,2,E,5,N
112,516.23,724.14,1,S,5,N
113,516.44,724.44,1,S,5,N
236,481.05,724.74,1,W,5,N
242,498.38,725.04,1,W,5,N
243,512.82,725.34,1,W,5,N
334,521.52,725.64,1,E,5,N
335,535.95,725.94,1,E,5,N
336,538.68,726.24,1,E,5,N
338,542.35,726.54,1,E,5,N
341,581.70,726.84,1,E,5,N
460,605.56,729.77,3,E,5,N
463,651.11,730.67,3,E,5,N
464,658.35,730.97,3,E,5,N
465,659.95,731.27,3,E,5,N
132,605.62,737.37,1,S,3,W
143,622.64,740.07,1,S,3,W
253,639.73,741.87,1,W,3,W
255,657.63,742.47,1,W,3,W
466,692.36,754.13,3,E,5,N
542,681.15,765.44,5,W,5,N
543,683.95,765.74,5,W,5,N
544,684.08,766.04,5,W,5,N
545,691.45,766.34,5,W,5,N
546,711.53,766.64,5,W,5,N
547,713.19,766.94,5,W,5,N
548,715.79,767.24,5,W,5,N
549,744.09,767.54,5,W,5,N
550,757.26,767.84,5,W,5,N
551,765.22,771.35,5,W,5,N
552,765.86,771.99,5,W,5,N
553,768.72,774.85,5,W,5,N
606,751.55,779.44,5,E,5,N
607,757.17,779.74,5,E,5,N
145,660.84,798.40,1,S,3,E
431,650.93,799.20,3,W,5,W
461,617.47,799.50,3,E,5,W
462,637.01,799.80,3,E,5,W
120,546.93,800.10,1,S,5,W
129,568.59,800.40,1,S,5,W
406,602.34,800.70,2,E,5,W
151,733.60,800.80,1,S,2,W
407,649.09,801.00,2,E,5,W
408,667.23,801.30,2,E,5,W
380,694.48,801.60,2,W,5,W
130,605.17,801.90,1,S,5,W
131,605.19,802.20,1,S,5,W
137,616.17,802.50,1,S,5,W
342,610.96,802.80,1,E,5,W
348,640.26,803.10,1,E,5,W
152,736.24,803.20,1,S,1,W
351,664.73,803.40,1,E,5,W
161,779.87,803.50,1,S,1,W
352,679.74,803.70,1,E,5,W
162,781.61,803.80,1,S,1,W
165,791.67,805.81,1,S,1,W
166,793.19,807.33,1,S,1,W
124,555.76,815.20,1,S,5,E
249,587.21,815.50,1,W,5,E
350,661.30,815.80,1,E,5,E
117,543.26,821.34,1,S,5,N
119,545.34,821.64,1,S,5,N
122,554.35,821.94,1,S,5,N
125,557.76,822.24,1,S,5,N
127,562.15,822.54,1,S,5,N
378,640.59,822.84,2,W,5,N
379,660.85,823.14,2,W,5,N
409,680.18,823.44,2,E,5,N
134,609.18,823.74,1,S,5,N
136,614.22,824.04,1,S,5,N
138,617.05,824.34,1,S,5,N
139,617.43,824.64,1,S,5,N
140,619.18,824.94,1,S,5,N
141,620.37,825.24,1,S,5,N
142,620.66,825.54,1,S,5,N
247,576.20,825.84,1,W,5,N
248,578.12,826.14,1,W,5,N
250,609.30,826.44,1,W,5,N
252,630.53,826.74,1,W,5,N
254,656.40,827.04,1,W,5,N
256,659.50,827.34,1,W,5,N
257,660.47,827.64,1,W,5,N
343,612.77,827.94,1,E,5,N
344,624.68,828.24,1,E,5,N
346,636.33,828.54,1,E,5,N
347,639.51,828.84,1,E,5,N
349,656.15,829.14,1,E,5,N
353,683.51,829.44,1,E,5,N
468,745.12,829.87,3,E,5,N
470,748.70,830.47,3,E,5,N
434,770.04,831.81,3,W,5,N
266,739.85,839.57,1,W,3,E
267,743.07,839.87,1,W,3,E
554,776.34,865.34,5,W,5,N
555,778.35,865.64,5,W,5,N
556,778.68,865.94,5,W,5,N
557,780.20,866.24,5,W,5,N
558,781.28,866.54,5,W,5,N
559,787.64,866.84,5,W,5,N
560,804.48,867.14,5,W,5,N
561,812.69,867.44,5,W,5,N
562,813.49,867.74,5,W,5,N
563,815.80,868.04,5,W,5,N
564,818.30,868.34,5,W,5,N
565,832.93,868.64,5,W,5,N
566,835.47,868.94,5,W,5,N
567,836.65,869.24,5,W,5,N
568,839.65,869.54,5,W,5,N
569,846.97,869.84,5,W,5,N
570,853.35,870.14,5,W,5,N
571,854.68,870.44,5,W,5,N
572,858.09,870.74,5,W,5,N
573,866.81,872.95,5,W,5,N
608,809.27,879.34,5,E,5,N
609,818.54,879.64,5,E,5,N
610,819.25,879.94,5,E,5,N
611,833.79,880.24,5,E,5,N
612,843.62,880.54,5,E,5,N
613,844.76,880.84,5,E,5,N
614,862.96,881.14,5,E,5,N
354,699.82,899.10,1,E,5,W
432,712.97,899.40,3,W,5,W
467,743.60,899.70,3,E,5,W
433,719.70,900.00,3,W,5,W
469,747.08,900.30,3,E,5,W
144,660.53,900.60,1,S,5,W
149,700.68,900.90,1,S,5,W
173,838.00,900.90,1,S,2,W
411,763.81,901.20,2,E,5,W
276,804.31,901.20,1,W,2,W
258,671.52,901.50,1,W,5,W
277,806.18,901.50,1,W,2,W
259,672.01,901.80,1,W,5,W
287,837.20,901.80,1,W,2,W
268,749.29,902.10,1,W,5,W
289,841.17,902.10,1,W,2,W
269,760.28,902.40,1,W,5,W
356,767.75,902.70,1,E,5,W
170,834.26,903.60,1,S,1,W
182,880.33,903.90,1,S,1,W
263,706.93,915.10,1,W,5,E
355,701.80,921.24,1,E,5,N
146,694.64,921.54,1,S,5,N
147,695.99,921.84,1,S,5,N
148,698.89,922.14,1,S,5,N
381,715.49,922.44,2,W,5,N
410,714.90,922.74,2,E,5,N
150,731.86,923.04,1,S,5,N
260,673.65,923.34,1,W,5,N
261,690.48,923.64,1,W,5,N
262,705.86,923.94,1,W,5,N
264,715.83,924.24,1,W,5,N
265,717.23,924.54,1,W,5,N
270,761.80,924.84,1,W,5,N
271,765.72,925.14,1,W,5,N
471,808.29,929.37,3,E,5,N
435,820.29,929.67,3,W,5,N
472,855.71,929.97,3,E,5,N
387,894.82,930.89,2,W,3,W
274,780.11,939.07,1,W,3,W
291,844.74,942.97,1,W,3,W
473,892.09,947.73,3,E,5,E
436,893.89,955.66,3,W,5,N
438,894.79,956.56,3,W,5,N
574,877.65,965.24,5,W,5,N
176,843.84,998.00,1,S,3,W
180,848.56,998.30,1,S,3,W
474,893.30,999.00,3,E,5,W
437,894.06,999.30,3,W,5,W
153,769.91,999.60,1,S,5,W
159,777.21,999.90,1,S,5,W
160,779.06,1000.20,1,S,5,W
164,784.12,1000.50,1,S,5,W
167,795.95,1000.80,1,S,5,W
382,800.83,1001.10,2,W,5,W
383,836.51,1001.40,2,W,5,W
384,838.22,1001.70,2,W,5,W
272,769.35,1002.00,1,W,5,W
275,800.82,1002.30,1,W,5,W
281,810.75,1002.60,1,W,5,W
286,835.93,1002.90,1,W,5,W
288,840.64,1003.20,1,W,5,W
290,843.08,1003.50,1,W,5,W
294,846.54,1003.80,1,W,5,W
358,822.55,1004.10,1,E,5,W
171,835.33,1015.00,1,S,5,E
282,817.51,1015.30,1,W,5,E
154,771.22,1021.14,1,S,5,N
155,772.90,1021.44,1,S,5,N
156,774.21,1021.74,1,S,5,N
157,775.20,1022.04,1,S,5,N
158,776.88,1022.34,1,S,5,N
163,783.16,1022.64,1,S,5,N
168,796.06,1022.94,1,S,5,N
412,806.60,1023.24,2,E,5,N
413,856.04,1023.54,2,E,5,N
414,872.86,1023.84,2,E,5,N
385,865.33,1024.14,2,W,5,N
386,867.48,1024.44,2,W,5,N
169,832.54,1024.74,1,S,5,N
172,836.57,1025.04,1,S,5,N
174,838.57,1025.34,1,S,5,N
175,839.89,1025.64,1,S,5,N
273,771.10,1025.94,1,W,5,N
278,806.95,1026.24,1,W,5,N
279,808.03,1026.54,1,W,5,N
280,808.09,1026.84,1,W,5,N
283,824.01,1027.14,1,W,5,N
284,831.01,1027.44,1,W,5,N
285,833.00,1027.74,1,W,5,N
292,845.05,1028.04,1,W,5,N
293,845.07,1028.34,1,W,5,N
295,846.64,1028.64,1,W,5,N
296,853.11,1028.94,1,W,5,N
297,854.36,1029.24,1,W,5,N
357,809.17,1029.54,1,E,5,N
359,878.53,1029.84,1,E,5,N
300,899.03,1037.67,1,W,3,E
360,898.28,1098.90,1,E,5,W
177,845.25,1099.20,1,S,5,W
178,846.08,1099.50,1,S,5,W
179,848.07,1121.04,1,S,5,N
181,880.33,1121.34,1,S,5,N
298,878.57,1121.64,1,W,5,N
299,895.57,1121.94,1,W,5,N