id,enter_time,exit_time,entrance_intersection,entrance_direction,exit_intersection,exit_direction
3,5.33,19.47,1,S,1,E
1,2.80,43.06,1,S,2,E
527,0.12,66.14,5,W,5,N
528,18.44,66.44,5,W,5,N
529,20.13,66.74,5,W,5,N
530,20.41,67.04,5,W,5,N
531,22.06,67.34,5,W,5,N
532,23.33,67.64,5,W,5,N
533,51.24,67.94,5,W,5,N
534,57.73,68.24,5,W,5,N
535,60.79,68.54,5,W,5,N
536,67.30,73.44,5,W,5,N
537,67.44,73.57,5,W,5,N
538,69.92,76.06,5,W,5,N
539,71.84,77.98,5,W,5,N
663,54.95,80.14,5,E,5,N
664,57.93,80.44,5,E,5,N
12,56.67,100.40,1,S,1,W
14,58.18,100.70,1,S,1,W
438,67.67,112.57,2,E,3,W
19,111.00,125.13,1,S,1,E
464,50.26,130.97,3,W,5,N
492,33.31,131.27,3,E,5,N
465,50.59,131.57,3,W,5,N
494,73.94,135.71,3,E,5,N
495,75.61,137.38,3,E,5,N
540,73.84,166.04,5,W,5,N
541,74.71,166.34,5,W,5,N
542,76.42,166.64,5,W,5,N
543,104.68,166.94,5,W,5,N
544,106.18,167.24,5,W,5,N
545,122.30,167.54,5,W,5,N
546,124.13,167.84,5,W,5,N
547,124.20,168.14,5,W,5,N
548,125.73,168.44,5,W,5,N
549,128.65,168.74,5,W,5,N
550,129.95,169.04,5,W,5,N
551,133.12,169.34,5,W,5,N
552,140.94,169.64,5,W,5,N
553,142.42,169.94,5,W,5,N
554,143.93,170.24,5,W,5,N
555,166.25,172.38,5,W,5,N
556,168.91,175.04,5,W,5,N
557,170.76,176.90,5,W,5,N
665,130.07,180.04,5,E,5,N
666,139.14,180.34,5,E,5,N
667,143.84,180.64,5,E,5,N
668,193.50,199.64,5,E,5,N
491,1.63,199.80,3,E,5,W
493,34.55,200.10,3,E,5,W
0,1.15,200.40,1,S,5,W
2,3.64,200.70,1,S,5,W
24,130.99,200.80,1,S,1,W
200,20.52,201.00,1,W,5,W
33,144.46,201.10,1,S,1,W
203,33.54,201.30,1,W,5,W
206,59.04,201.60,1,W,5,W
334,10.04,201.90,1,E,5,W
336,40.46,202.20,1,E,5,W
439,108.65,212.37,2,E,3,W
412,135.01,212.97,2,W,3,W
437,42.01,221.94,2,E,5,N
408,77.06,222.24,2,W,5,N
409,99.84,222.54,2,W,5,N
4,6.18,222.84,1,S,5,N
5,7.93,223.14,1,S,5,N
201,20.74,223.44,1,W,5,N
202,30.44,223.74,1,W,5,N
204,46.80,224.04,1,W,5,N
205,57.68,224.34,1,W,5,N
207,60.71,224.64,1,W,5,N
335,12.63,224.94,1,E,5,N
337,66.90,225.24,1,E,5,N
338,69.67,225.54,1,E,5,N
339,87.53,225.84,1,E,5,N
466,110.00,230.77,3,W,5,N
467,136.00,231.07,3,W,5,N
497,143.96,231.37,3,E,5,N
18,109.18,236.27,1,S,3,W
43,223.09,237.23,1,S,1,E
26,133.66,238.07,1,S,3,E
213,98.20,239.87,1,W,3,W
214,112.89,240.17,1,W,3,W
499,191.25,253.02,3,E,5,N
558,173.59,265.94,5,W,5,N
559,206.15,266.24,5,W,5,N
560,207.16,266.54,5,W,5,N
561,215.32,266.84,5,W,5,N
562,215.97,267.14,5,W,5,N
563,216.25,267.44,5,W,5,N
564,218.27,267.74,5,W,5,N
565,220.99,268.04,5,W,5,N
566,222.02,268.34,5,W,5,N
567,231.66,268.64,5,W,5,N
568,232.90,268.94,5,W,5,N
569,234.84,269.24,5,W,5,N
570,241.28,269.54,5,W,5,N
571,242.42,269.84,5,W,5,N
572,250.21,270.14,5,W,5,N
573,252.81,270.44,5,W,5,N
574,254.95,270.74,5,W,5,N
575,265.60,271.73,5,W,5,N
576,265.83,271.97,5,W,5,N
577,265.97,272.10,5,W,5,N
578,267.65,273.78,5,W,5,N
669,247.32,279.94,5,E,5,N
670,273.28,280.24,5,E,5,N
671,278.45,284.59,5,E,5,N
34,168.16,299.40,1,S,3,W
496,131.15,299.70,3,E,5,W
468,138.28,300.00,3,W,5,W
36,209.71,300.30,1,S,2,E
53,231.86,300.30,1,S,2,W
469,141.80,300.30,3,W,5,W
470,159.54,300.60,3,W,5,W
498,182.56,300.90,3,E,5,W
40,215.11,301.20,1,S,1,W
17,60.70,301.20,1,S,5,W
58,238.41,301.50,1,S,1,W
414,192.42,301.50,2,W,5,W
441,193.09,301.80,2,E,5,W
21,116.64,302.10,1,S,5,W
25,132.86,302.40,1,S,5,W
208,82.59,302.70,1,W,5,W
211,94.87,303.00,1,W,5,W
216,123.80,303.30,1,W,5,W
341,124.69,303.60,1,E,5,W
348,148.21,303.90,1,E,5,W
349,151.13,304.20,1,E,5,W
350,161.78,304.50,1,E,5,W
351,163.64,304.80,1,E,5,W
352,166.89,305.10,1,E,5,W
415,204.31,312.47,2,W,3,E
11,50.83,315.70,1,S,5,E
6,45.30,321.84,1,S,5,N
7,46.82,322.14,1,S,5,N
8,47.41,322.44,1,S,5,N
9,49.41,322.74,1,S,5,N
10,50.73,323.04,1,S,5,N
13,57.01,323.34,1,S,5,N
15,59.37,323.64,1,S,5,N
16,60.01,323.94,1,S,5,N
410,111.38,324.24,2,W,5,N
471,228.18,324.43,3,W,5,E
411,125.03,324.54,2,W,5,N
440,157.82,324.84,2,E,5,N
413,163.48,325.14,2,W,5,N
20,113.94,325.44,1,S,5,N
22,123.81,325.74,1,S,5,N
23,125.34,326.04,1,S,5,N
209,90.17,326.34,1,W,5,N
210,90.90,326.64,1,W,5,N
212,96.59,326.94,1,W,5,N
215,122.39,327.24,1,W,5,N
217,125.28,327.54,1,W,5,N
218,150.60,327.84,1,W,5,N
219,152.44,328.14,1,W,5,N
220,159.41,328.44,1,W,5,N
340,121.49,328.74,1,E,5,N
342,126.74,329.04,1,E,5,N
343,128.20,329.34,1,E,5,N
344,130.47,329.64,1,E,5,N
345,133.14,329.94,1,E,5,N
346,143.63,330.24,1,E,5,N
347,145.29,330.54,1,E,5,N
353,169.95,330.84,1,E,5,N
500,208.62,331.14,3,E,5,N
501,246.54,331.44,3,E,5,N
38,212.70,336.97,1,S,3,E
46,225.14,338.77,1,S,3,W
60,241.16,340.42,1,S,2,W
222,188.66,342.37,1,W,3,E
472,283.69,345.46,3,W,5,N
355,207.64,345.97,1,E,3,W
579,276.46,365.84,5,W,5,N
580,278.39,366.14,5,W,5,N
581,280.31,366.44,5,W,5,N
582,282.19,366.74,5,W,5,N
583,289.40,367.04,5,W,5,N
584,296.41,367.34,5,W,5,N
585,301.78,367.64,5,W,5,N
586,304.06,367.94,5,W,5,N
587,331.87,368.24,5,W,5,N
588,334.39,368.54,5,W,5,N
589,335.88,368.84,5,W,5,N
672,327.48,379.84,5,E,5,N
673,351.30,380.14,5,E,5,N
502,287.21,399.60,3,E,5,W
28,140.54,399.90,1,S,5,W
30,142.47,400.20,1,S,5,W
234,289.29,400.40,1,W,2,W
31,143.52,400.50,1,S,5,W
444,269.27,400.80,2,E,5,W
417,298.27,401.10,2,W,5,W
35,207.72,401.40,1,S,5,W
66,329.17,401.60,1,S,1,W
48,227.76,401.70,1,S,5,W
68,336.37,401.90,1,S,1,W
54,233.51,402.00,1,S,5,W
71,342.14,402.20,1,S,1,W
56,236.43,402.30,1,S,5,W
76,346.65,402.50,1,S,1,W
57,237.25,402.60,1,S,5,W
77,347.32,402.80,1,S,1,W
223,190.34,402.90,1,W,5,W
226,224.14,403.20,1,W,5,W
229,244.47,403.50,1,W,5,W
674,397.63,403.77,5,E,5,N
230,246.02,403.80,1,W,5,W
232,252.88,404.10,1,W,5,W
358,225.77,404.40,1,E,5,W
359,252.01,404.70,1,E,5,W
360,262.30,405.00,1,E,5,W
675,399.30,405.43,5,E,5,N
83,396.08,410.21,1,S,1,W
362,293.63,411.45,1,E,5,W
445,310.24,412.57,2,E,3,E
78,349.17,414.40,1,S,1,E
442,227.62,415.60,2,E,5,E
49,227.99,415.90,1,S,5,E
228,242.53,416.20,1,W,5,E
354,202.18,416.50,1,E,5,E
363,293.84,416.80,1,E,5,E
27,139.20,421.74,1,S,5,N
29,141.36,422.04,1,S,5,N
32,144.32,422.34,1,S,5,N
443,255.81,422.64,2,E,5,N
416,204.62,422.94,2,W,5,N
37,210.96,423.24,1,S,5,N
39,214.29,423.54,1,S,5,N
41,217.11,423.84,1,S,5,N
42,221.10,424.14,1,S,5,N
44,223.15,424.44,1,S,5,N
45,223.18,424.74,1,S,5,N
47,226.55,425.04,1,S,5,N
50,229.11,425.34,1,S,5,N
51,229.17,425.64,1,S,5,N
52,230.18,425.94,1,S,5,N
55,235.14,426.24,1,S,5,N
221,182.93,426.54,1,W,5,N
224,190.39,426.84,1,W,5,N
225,209.63,427.14,1,W,5,N
227,240.54,427.44,1,W,5,N
231,247.76,427.74,1,W,5,N
356,210.22,428.04,1,E,5,N
357,224.78,428.34,1,E,5,N
361,264.26,428.64,1,E,5,N
473,336.45,430.37,3,W,5,N
503,337.78,430.67,3,E,5,N
504,356.88,430.97,3,E,5,N
475,345.43,431.27,3,W,5,N
235,291.95,437.37,1,W,3,E
506,378.09,439.86,3,E,5,N
86,399.22,443.82,1,S,2,W
590,382.21,465.74,5,W,5,N
591,392.99,466.04,5,W,5,N
592,395.98,466.34,5,W,5,N
593,398.08,466.64,5,W,5,N
594,399.39,466.94,5,W,5,N
595,400.71,467.24,5,W,5,N
596,402.48,467.54,5,W,5,N
597,410.99,467.84,5,W,5,N
598,421.40,468.14,5,W,5,N
599,422.56,468.44,5,W,5,N
600,424.45,468.74,5,W,5,N
601,453.94,469.04,5,W,5,N
602,454.94,469.34,5,W,5,N
603,457.55,469.64,5,W,5,N
604,458.59,469.94,5,W,5,N
676,465.27,479.74,5,E,5,N
677,475.32,481.45,5,E,5,N
678,492.63,498.77,5,E,5,N
85,398.11,499.00,1,S,3,E
88,401.10,499.30,1,S,3,E
474,339.30,499.50,3,W,5,W
505,376.41,499.80,3,E,5,W
63,245.50,500.10,1,S,5,W
418,393.05,500.40,2,W,5,W
255,414.18,500.50,1,W,2,W
371,454.15,500.50,1,E,2,E
67,330.46,500.70,1,S,5,W
233,274.31,501.00,1,W,5,W
240,314.00,501.30,1,W,5,W
241,330.90,501.60,1,W,5,W
244,343.19,501.90,1,W,5,W
87,400.68,502.00,1,S,1,W
245,344.55,502.20,1,W,5,W
92,435.64,502.30,1,S,1,W
246,348.55,502.50,1,W,5,W
97,444.89,502.60,1,S,1,W
247,350.41,502.80,1,W,5,W
99,448.60,502.90,1,S,1,W
365,341.93,503.10,1,E,5,W
101,452.67,503.20,1,S,1,W
368,392.02,509.84,1,E,5,W
110,495.72,509.85,1,S,1,W
94,439.46,514.80,1,S,1,E
96,442.95,515.10,1,S,1,E
108,460.16,515.40,1,S,1,E
59,239.33,515.50,1,S,5,E
249,356.27,515.80,1,W,5,E
61,242.21,521.64,1,S,5,N
62,243.94,521.94,1,S,5,N
64,247.29,522.24,1,S,5,N
65,294.55,522.54,1,S,5,N
446,357.88,522.84,2,E,5,N
69,337.68,523.14,1,S,5,N
236,293.19,523.44,1,W,5,N
237,294.54,523.74,1,W,5,N
238,296.02,524.04,1,W,5,N
239,297.50,524.34,1,W,5,N
242,340.09,524.64,1,W,5,N
243,341.89,524.94,1,W,5,N
248,352.33,525.24,1,W,5,N
250,358.24,525.54,1,W,5,N
364,327.92,525.84,1,E,5,N
366,342.61,526.14,1,E,5,N
367,391.10,526.44,1,E,5,N
507,429.13,530.17,3,E,5,N
476,403.56,530.47,3,W,5,N
508,470.82,532.59,3,E,5,N
93,436.08,536.57,1,S,3,W
102,454.22,541.82,1,S,2,E
106,457.24,543.02,1,S,2,W
478,488.97,550.74,3,W,5,N
605,485.94,565.64,5,W,5,N
606,487.93,565.94,5,W,5,N
607,488.57,566.24,5,W,5,N
608,495.68,566.54,5,W,5,N
609,497.55,566.84,5,W,5,N
610,523.40,567.14,5,W,5,N
611,524.74,567.44,5,W,5,N
612,526.22,567.74,5,W,5,N
613,527.26,568.04,5,W,5,N
614,542.06,568.34,5,W,5,N
615,543.79,568.64,5,W,5,N
616,554.57,568.94,5,W,5,N
617,562.39,569.24,5,W,5,N
679,545.88,579.64,5,E,5,N
680,554.82,579.94,5,E,5,N
681,565.28,580.24,5,E,5,N
682,565.59,580.54,5,E,5,N
683,591.55,597.68,5,E,5,N
477,430.18,599.40,3,W,5,W
74,344.65,599.70,1,S,5,W
80,355.21,600.00,1,S,5,W
82,359.62,600.30,1,S,5,W
89,402.12,600.60,1,S,5,W
268,475.54,600.60,1,W,2,W
448,446.31,600.90,2,E,5,W
423,495.63,601.20,2,W,5,W
253,392.28,601.50,1,W,5,W
259,437.03,601.80,1,W,5,W
261,439.58,602.10,1,W,5,W
262,439.66,602.40,1,W,5,W
263,441.24,602.70,1,W,5,W
684,596.62,602.76,5,E,5,N
264,442.72,603.00,1,W,5,W
369,420.32,603.30,1,E,5,W
370,452.97,603.60,1,E,5,W
124,591.50,605.64,1,S,1,W
123,591.23,615.20,1,S,1,E
254,398.73,615.40,1,W,5,E
265,449.94,615.70,1,W,5,E
372,469.61,616.00,1,E,5,E
70,338.79,621.54,1,S,5,N
72,343.34,621.84,1,S,5,N
73,343.57,622.14,1,S,5,N
75,346.50,622.44,1,S,5,N
79,349.61,622.74,1,S,5,N
81,358.45,623.04,1,S,5,N
84,396.72,623.34,1,S,5,N
90,402.76,623.64,1,S,5,N
91,402.85,623.94,1,S,5,N
447,404.47,624.24,2,E,5,N
419,406.72,624.54,2,W,5,N
420,436.47,624.84,2,W,5,N
421,446.64,625.14,2,W,5,N
449,472.01,625.44,2,E,5,N
422,475.51,625.74,2,W,5,N
450,485.67,626.04,2,E,5,N
251,375.85,626.34,1,W,5,N
252,376.21,626.64,1,W,5,N
256,417.29,626.94,1,W,5,N
257,418.70,627.24,1,W,5,N
258,436.32,627.54,1,W,5,N
260,438.10,627.84,1,W,5,N
373,477.92,628.14,1,E,5,N
374,487.26,628.44,1,E,5,N
479,513.72,629.97,3,W,5,N
509,508.09,630.27,3,E,5,N
481,540.12,630.57,3,W,5,N
510,509.92,630.57,3,E,5,N
511,546.41,630.87,3,E,5,N
284,556.17,641.77,1,W,3,E
117,550.61,642.82,1,S,2,W
376,511.15,642.97,1,E,3,W
120,554.53,643.72,1,S,2,W
381,530.91,644.47,1,E,3,W
482,596.01,657.78,3,W,5,N
513,596.09,657.86,3,E,5,N
618,581.28,665.54,5,W,5,N
619,587.53,665.84,5,W,5,N
620,589.35,666.14,5,W,5,N
621,592.04,666.44,5,W,5,N
622,598.09,666.74,5,W,5,N
623,599.48,667.04,5,W,5,N
624,605.73,667.34,5,W,5,N
625,606.95,667.64,5,W,5,N
626,608.08,667.94,5,W,5,N
627,610.42,668.24,5,W,5,N
628,633.79,668.54,5,W,5,N
629,661.15,668.84,5,W,5,N
630,670.63,676.77,5,W,5,N
685,662.51,679.54,5,E,5,N
686,663.31,679.84,5,E,5,N
687,665.27,680.14,5,E,5,N
122,588.90,698.60,1,S,3,W
480,540.11,699.30,3,W,5,W
512,594.20,699.60,3,E,5,W
375,501.70,699.90,1,E,5,W
98,447.34,700.20,1,S,5,W
100,451.28,700.50,1,S,5,W
135,620.17,700.70,1,S,2,W
104,455.95,700.80,1,S,5,W
107,459.05,701.10,1,S,5,W
109,495.49,701.40,1,S,5,W
452,553.53,701.70,2,E,5,W
426,571.99,702.00,2,W,5,W
269,481.04,702.30,1,W,5,W
272,500.97,702.60,1,W,5,W
129,613.86,702.80,1,S,1,W
273,524.79,702.90,1,W,5,W
131,616.94,703.10,1,S,1,W
275,533.41,703.20,1,W,5,W
132,618.27,703.40,1,S,1,W
277,541.79,703.50,1,W,5,W
144,677.44,703.70,1,S,1,W
280,547.90,703.80,1,W,5,W
282,551.47,704.10,1,W,5,W
283,554.53,704.40,1,W,5,W
285,558.07,704.70,1,W,5,W
378,515.04,705.00,1,E,5,W
382,548.99,705.30,1,E,5,W
152,691.51,705.65,1,S,1,W
270,482.04,715.30,1,W,5,E
281,548.05,715.60,1,W,5,E
147,682.59,715.60,1,S,1,E
95,441.37,721.44,1,S,5,N
103,454.42,721.74,1,S,5,N
105,456.64,722.04,1,S,5,N
111,497.23,722.34,1,S,5,N
424,517.69,722.64,2,W,5,N
451,505.67,722.94,2,E,5,N
425,539.24,723.24,2,W,5,N
453,573.71,723.54,2,E,5,N
266,471.33,723.84,1,W,5,N
515,641.86,723.93,3,E,5,E
267,473.79,724.14,1,W,5,N
271,499.23,724.44,1,W,5,N
274,526.37,724.74,1,W,5,N
276,538.98,725.04,1,W,5,N
278,544.98,725.34,1,W,5,N
279,546.84,725.64,1,W,5,N
286,559.73,725.94,1,W,5,N
287,561.54,726.24,1,W,5,N
377,511.85,726.54,1,E,5,N
379,525.35,726.84,1,E,5,N
380,528.06,727.14,1,E,5,N
383,569.38,727.44,1,E,5,N
384,573.29,727.74,1,E,5,N
385,582.48,728.04,1,E,5,N
516,642.94,730.37,3,E,5,N
295,640.41,740.67,1,W,3,E
164,732.52,746.66,1,S,1,E
484,687.97,749.74,3,W,5,N
631,678.36,765.44,5,W,5,N
632,679.88,765.74,5,W,5,N
633,681.06,766.04,5,W,5,N
634,681.28,766.34,5,W,5,N
635,683.06,766.64,5,W,5,N
636,684.08,766.94,5,W,5,N
637,684.52,767.24,5,W,5,N
638,685.04,767.54,5,W,5,N
639,689.83,767.84,5,W,5,N
640,705.63,768.14,5,W,5,N
641,707.08,768.44,5,W,5,N
642,708.66,768.74,5,W,5,N
643,709.66,769.04,5,W,5,N
644,711.86,769.34,5,W,5,N
645,716.37,769.64,5,W,5,N
646,729.30,769.94,5,W,5,N
647,736.61,770.24,5,W,5,N
648,737.73,770.54,5,W,5,N
649,740.49,770.84,5,W,5,N
650,740.84,771.14,5,W,5,N
651,742.01,771.44,5,W,5,N
688,731.99,779.44,5,E,5,N
689,761.75,779.74,5,E,5,N
690,763.98,780.04,5,E,5,N
483,615.97,799.20,3,W,5,W
514,631.68,799.50,3,E,5,W
485,696.52,799.80,3,W,5,W
113,546.02,800.10,1,S,5,W
114,547.42,800.40,1,S,5,W
121,556.00,800.70,1,S,5,W
314,750.42,800.80,1,W,2,E
454,615.88,801.00,2,E,5,W
316,752.81,801.10,1,W,2,E
455,653.89,801.30,2,E,5,W
395,752.62,801.40,1,E,2,E
428,691.45,801.60,2,W,5,W
429,694.41,801.90,2,W,5,W
128,605.99,802.20,1,S,5,W
387,631.35,802.50,1,E,5,W
390,657.54,802.80,1,E,5,W
172,777.06,803.20,1,S,1,W
427,659.00,815.20,2,W,5,E
137,624.71,815.50,1,S,5,E
289,583.69,815.80,1,W,5,E
169,742.90,816.00,1,S,1,E
292,624.49,816.10,1,W,5,E
181,785.05,816.30,1,S,1,E
297,642.51,816.40,1,W,5,E
182,785.52,816.60,1,S,1,E
298,664.88,816.70,1,W,5,E
386,604.26,817.00,1,E,5,E
112,544.58,821.34,1,S,5,N
115,547.58,821.64,1,S,5,N
116,548.23,821.94,1,S,5,N
118,552.41,822.24,1,S,5,N
119,553.48,822.54,1,S,5,N
125,592.43,822.84,1,S,5,N
126,600.29,823.14,1,S,5,N
127,604.49,823.44,1,S,5,N
430,698.81,823.74,2,W,5,N
456,699.43,824.04,2,E,5,N
130,615.85,824.34,1,S,5,N
133,619.03,824.64,1,S,5,N
134,619.39,824.94,1,S,5,N
136,621.15,825.24,1,S,5,N
288,581.62,825.54,1,W,5,N
290,605.38,825.84,1,W,5,N
291,611.26,826.14,1,W,5,N
293,626.44,826.44,1,W,5,N
294,638.57,826.74,1,W,5,N
296,641.77,827.04,1,W,5,N
299,666.76,827.34,1,W,5,N
388,633.54,827.64,1,E,5,N
389,641.36,827.94,1,E,5,N
391,699.99,828.24,1,E,5,N
517,698.62,829.57,3,E,5,N
486,701.45,829.87,3,W,5,N
519,756.11,830.17,3,E,5,N
520,767.67,830.47,3,E,5,N
160,727.67,838.67,1,S,3,E
161,728.33,838.97,1,S,3,W
521,780.01,841.78,3,E,5,N
522,781.76,843.53,3,E,5,N
398,797.23,859.42,1,E,3,W
652,777.59,865.34,5,W,5,N
653,783.98,865.64,5,W,5,N
654,786.89,865.94,5,W,5,N
655,787.06,866.24,5,W,5,N
656,812.81,866.54,5,W,5,N
657,838.24,866.84,5,W,5,N
658,841.16,867.14,5,W,5,N
659,841.95,867.44,5,W,5,N
660,850.88,867.74,5,W,5,N
691,831.51,879.34,5,E,5,N
692,856.09,879.64,5,E,5,N
693,857.75,879.94,5,E,5,N
694,863.69,880.24,5,E,5,N
695,864.74,880.54,5,E,5,N
696,865.34,880.84,5,E,5,N
697,872.27,881.14,5,E,5,N
698,877.63,883.77,5,E,5,N
178,782.06,898.20,1,S,3,W
487,757.27,899.10,3,W,5,W
518,700.11,899.40,3,E,5,W
488,764.08,899.70,3,W,5,W
139,670.65,900.00,1,S,5,W
151,689.99,900.30,1,S,5,W
431,711.88,900.60,2,W,5,W
433,770.89,900.90,2,W,5,W
185,790.31,900.90,1,S,2,E
154,693.84,901.20,1,S,5,W
155,695.31,901.50,1,S,5,W
165,733.41,901.80,1,S,5,W
300,668.54,902.10,1,W,5,W
301,673.60,902.40,1,W,5,W
302,674.09,902.70,1,W,5,W
303,680.25,903.00,1,W,5,W
392,726.87,903.30,1,E,5,W
394,747.58,903.60,1,E,5,W
153,692.16,915.10,1,S,5,E
407,892.77,918.89,1,E,2,W
138,668.94,921.24,1,S,5,N
140,672.57,921.54,1,S,5,N
141,673.49,921.84,1,S,5,N
142,675.59,922.14,1,S,5,N
143,676.08,922.44,1,S,5,N
145,678.82,922.74,1,S,5,N
146,681.64,923.04,1,S,5,N
148,683.41,923.34,1,S,5,N
149,686.61,923.64,1,S,5,N
150,688.50,923.94,1,S,5,N
457,744.75,924.24,2,E,5,N
432,743.80,924.54,2,W,5,N
458,755.84,924.84,2,E,5,N
459,770.28,925.14,2,E,5,N
156,722.32,925.44,1,S,5,N
157,723.89,925.74,1,S,5,N
158,724.07,926.04,1,S,5,N
159,726.91,926.34,1,S,5,N
162,731.15,926.64,1,S,5,N
163,731.58,926.94,1,S,5,N
166,733.73,927.24,1,S,5,N
167,739.09,927.54,1,S,5,N
304,681.50,927.84,1,W,5,N
305,682.56,928.14,1,W,5,N
306,683.82,928.44,1,W,5,N
307,694.19,928.74,1,W,5,N
308,694.23,929.04,1,W,5,N
309,719.33,929.34,1,W,5,N
310,722.32,929.64,1,W,5,N
311,739.65,929.94,1,W,5,N
312,741.13,930.24,1,W,5,N
313,742.46,930.54,1,W,5,N
315,751.75,930.84,1,W,5,N
393,729.58,931.14,1,E,5,N
396,756.63,931.44,1,E,5,N
397,759.71,931.74,1,E,5,N
489,837.03,932.04,3,W,5,N
490,865.24,932.34,3,W,5,N
524,844.86,932.64,3,E,5,N
186,791.41,937.27,1,S,3,E
400,817.34,941.77,1,E,3,E
194,845.95,944.02,1,S,2,W
526,887.41,949.18,3,E,5,N
661,883.91,965.24,5,W,5,N
662,894.65,965.54,5,W,5,N
192,845.51,998.00,1,S,3,W
193,845.60,998.00,1,S,3,E
195,894.83,998.30,1,S,3,W
197,897.49,998.30,1,S,3,E
523,830.27,999.00,3,E,5,W
525,854.08,999.30,3,E,5,W
170,774.79,999.60,1,S,5,W
171,776.49,999.90,1,S,5,W
435,865.83,1000.20,2,W,5,W
463,889.94,1000.50,2,E,5,W
184,789.33,1000.80,1,S,5,W
329,887.52,1001.00,1,W,2,W
320,826.45,1001.10,1,W,5,W
324,833.63,1001.40,1,W,5,W
327,867.42,1001.70,1,W,5,W
175,778.80,1015.00,1,S,5,E
168,742.20,1021.14,1,S,5,N
173,777.37,1021.44,1,S,5,N
174,778.54,1021.74,1,S,5,N
176,778.95,1022.04,1,S,5,N
177,781.91,1022.34,1,S,5,N
179,783.16,1022.64,1,S,5,N
180,784.12,1022.94,1,S,5,N
183,786.72,1023.24,1,S,5,N
460,813.97,1023.54,2,E,5,N
434,854.63,1023.84,2,W,5,N
461,857.96,1024.14,2,E,5,N
462,876.95,1024.44,2,E,5,N
436,879.13,1024.74,2,W,5,N
187,834.68,1025.04,1,S,5,N
188,835.29,1025.34,1,S,5,N
317,769.78,1025.64,1,W,5,N
318,792.88,1025.94,1,W,5,N
319,808.71,1026.24,1,W,5,N
321,828.16,1026.54,1,W,5,N
322,828.87,1026.84,1,W,5,N
323,832.35,1027.14,1,W,5,N
325,843.31,1027.44,1,W,5,N
326,850.96,1027.74,1,W,5,N
399,807.45,1028.04,1,E,5,N
401,818.63,1028.34,1,E,5,N
402,821.56,1028.64,1,E,5,N
403,824.56,1028.94,1,E,5,N
404,835.49,1029.24,1,E,5,N
405,839.50,1029.54,1,E,5,N
406,857.49,1029.84,1,E,5,N
333,898.93,1038.27,1,W,3,W
196,896.41,1098.90,1,S,5,W
199,899.63,1099.20,1,S,5,W
328,868.60,1099.50,1,W,5,W
330,894.48,1099.80,1,W,5,W
332,898.35,1100.10,1,W,5,W
189,840.40,1114.90,1,S,5,E
190,843.92,1121.04,1,S,5,N
191,844.05,1121.34,1,S,5,N
198,898.12,1121.64,1,S,5,N
331,896.97,1121.94,1,W,5,N