id,enter_time,exit_time,entrance_intersection,entrance_direction,exit_intersection,exit_direction
482,1.15,66.14,5,W,5,N
483,13.75,66.44,5,W,5,N
484,23.24,66.74,5,W,5,N
485,23.49,67.04,5,W,5,N
486,30.15,67.34,5,W,5,N
487,31.87,67.64,5,W,5,N
488,42.15,67.94,5,W,5,N
489,43.44,68.24,5,W,5,N
490,47.43,68.54,5,W,5,N
612,3.78,80.14,5,E,5,N
613,11.98,80.44,5,E,5,N
614,18.69,80.74,5,E,5,N
615,20.09,81.04,5,E,5,N
616,21.16,81.34,5,E,5,N
617,23.87,81.64,5,E,5,N
618,24.60,81.94,5,E,5,N
619,29.90,82.24,5,E,5,N
620,71.17,82.54,5,E,5,N
621,79.35,85.48,5,E,5,N
622,81.40,87.54,5,E,5,N
623,82.36,88.50,5,E,5,N
624,84.33,90.46,5,E,5,N
1,3.69,99.80,1,S,3,W
2,3.82,99.80,1,S,3,E
3,4.91,100.40,1,S,1,W
11,79.18,100.70,1,S,1,W
625,95.45,101.58,5,E,5,N
626,97.78,103.91,5,E,5,N
345,23.62,112.27,2,W,3,W
9,74.63,113.20,1,S,1,E
433,51.29,130.97,3,E,5,N
405,57.93,131.27,3,W,5,N
434,61.95,131.57,3,E,5,N
435,63.20,131.87,3,E,5,N
4,5.88,136.17,1,S,3,W
491,79.83,166.04,5,W,5,N
492,81.09,166.34,5,W,5,N
493,101.85,166.64,5,W,5,N
494,150.18,166.94,5,W,5,N
495,151.42,167.24,5,W,5,N
496,153.37,167.54,5,W,5,N
497,155.31,167.84,5,W,5,N
498,162.75,168.89,5,W,5,N
627,168.17,180.04,5,E,5,N
0,1.36,199.80,1,S,5,W
374,60.52,200.10,2,E,5,W
22,128.70,200.20,1,S,2,E
14,117.52,200.20,1,S,2,W
375,80.82,200.40,2,E,5,W
148,7.21,200.70,1,W,5,W
18,125.20,200.80,1,S,1,W
286,66.96,201.00,1,E,5,W
21,127.62,201.10,1,S,1,W
29,139.28,201.40,1,S,1,W
31,143.58,201.70,1,S,1,W
28,137.43,213.60,1,S,1,E
34,170.52,213.90,1,S,1,E
37,204.70,218.83,1,S,1,E
38,207.45,221.59,1,S,1,E
436,98.08,221.94,3,E,5,N
373,39.94,222.24,2,E,5,N
5,6.01,222.54,1,S,5,N
6,7.67,222.84,1,S,5,N
149,8.42,223.14,1,W,5,N
150,10.04,223.44,1,W,5,N
151,11.76,223.74,1,W,5,N
152,35.48,224.04,1,W,5,N
153,36.68,224.34,1,W,5,N
154,38.60,224.64,1,W,5,N
155,62.25,224.94,1,W,5,N
281,1.68,225.24,1,E,5,N
282,25.43,225.54,1,E,5,N
283,46.13,225.84,1,E,5,N
284,47.10,226.14,1,E,5,N
285,62.17,226.44,1,E,5,N
287,85.93,226.74,1,E,5,N
288,87.80,227.04,1,E,5,N
439,150.00,231.37,3,E,5,N
442,161.06,232.27,3,E,5,N
443,162.71,232.57,3,E,5,N
167,143.74,243.17,1,W,3,W
499,184.74,265.94,5,W,5,N
500,200.57,266.24,5,W,5,N
501,208.57,266.54,5,W,5,N
502,211.44,266.84,5,W,5,N
503,213.02,267.14,5,W,5,N
504,214.39,267.44,5,W,5,N
505,215.94,267.74,5,W,5,N
506,217.25,268.04,5,W,5,N
507,230.49,268.34,5,W,5,N
508,233.22,268.64,5,W,5,N
509,234.20,268.94,5,W,5,N
510,250.88,269.24,5,W,5,N
511,253.56,269.54,5,W,5,N
512,261.24,269.84,5,W,5,N
513,262.95,270.14,5,W,5,N
514,262.99,270.44,5,W,5,N
515,264.86,270.99,5,W,5,N
516,266.02,272.16,5,W,5,N
517,266.28,272.42,5,W,5,N
518,268.90,275.03,5,W,5,N
628,242.01,279.94,5,E,5,N
629,271.55,280.24,5,E,5,N
406,114.82,299.70,3,W,5,W
437,132.47,300.00,3,E,5,W
193,255.77,300.30,1,W,2,W
438,148.88,300.30,3,E,5,W
440,151.19,300.60,3,E,5,W
441,159.44,300.90,3,E,5,W
35,201.41,301.20,1,S,1,W
444,171.03,301.20,3,E,5,W
43,211.84,301.50,1,S,1,W
407,176.20,301.50,3,W,5,W
49,219.16,301.80,1,S,1,W
8,73.62,301.80,1,S,5,W
51,251.82,302.10,1,S,1,W
376,123.50,302.10,2,E,5,W
54,256.88,302.40,1,S,1,W
347,194.96,302.40,2,W,5,W
56,259.05,302.70,1,S,1,W
25,135.67,302.70,1,S,5,W
57,260.80,303.00,1,S,1,W
26,135.73,303.00,1,S,5,W
156,66.18,303.30,1,W,5,W
159,70.03,303.60,1,W,5,W
164,119.13,303.90,1,W,5,W
165,122.98,304.20,1,W,5,W
289,107.27,304.50,1,E,5,W
290,124.17,304.80,1,E,5,W
292,165.35,305.10,1,E,5,W
293,183.30,305.40,1,E,5,W
352,269.38,313.37,2,W,3,W
53,254.94,314.00,1,S,1,E
10,75.57,315.70,1,S,5,E
346,109.18,316.00,2,W,5,E
13,115.53,316.30,1,S,5,E
166,139.91,316.60,1,W,5,E
291,127.23,316.90,1,E,5,E
62,304.41,318.55,1,S,1,E
7,42.03,321.84,1,S,5,N
377,147.47,322.14,2,E,5,N
378,162.96,322.44,2,E,5,N
348,198.04,322.74,2,W,5,N
12,114.00,323.04,1,S,5,N
15,119.04,323.34,1,S,5,N
16,120.78,323.64,1,S,5,N
17,124.42,323.94,1,S,5,N
19,126.58,324.24,1,S,5,N
20,126.69,324.54,1,S,5,N
23,131.23,324.84,1,S,5,N
24,131.91,325.14,1,S,5,N
27,136.72,325.44,1,S,5,N
157,67.10,325.74,1,W,5,N
158,68.12,326.04,1,W,5,N
160,86.57,326.34,1,W,5,N
161,88.16,326.64,1,W,5,N
162,106.60,326.94,1,W,5,N
163,110.11,327.24,1,W,5,N
168,151.89,327.54,1,W,5,N
169,152.64,327.84,1,W,5,N
170,154.49,328.14,1,W,5,N
171,156.15,328.44,1,W,5,N
408,201.70,330.57,3,W,5,N
445,228.01,330.87,3,E,5,N
446,237.22,330.87,3,E,5,N
447,238.96,331.17,3,E,5,N
410,237.12,331.47,3,W,5,N
411,243.03,331.77,3,W,5,N
448,240.46,332.07,3,E,5,N
449,247.14,332.37,3,E,5,N
450,259.20,332.67,3,E,5,N
59,267.43,341.32,1,S,2,E
191,248.69,344.77,1,W,3,W
194,257.46,345.37,1,W,3,E
197,261.65,346.27,1,W,3,E
519,276.32,365.84,5,W,5,N
520,279.00,366.14,5,W,5,N
521,281.00,366.44,5,W,5,N
522,281.18,366.74,5,W,5,N
523,292.01,367.04,5,W,5,N
524,294.20,367.34,5,W,5,N
525,294.94,367.64,5,W,5,N
526,295.33,367.94,5,W,5,N
527,298.07,368.24,5,W,5,N
528,300.35,368.54,5,W,5,N
529,310.38,368.84,5,W,5,N
530,311.59,369.14,5,W,5,N
531,319.28,369.44,5,W,5,N
532,320.21,369.74,5,W,5,N
533,327.24,370.04,5,W,5,N
534,354.58,370.34,5,W,5,N
535,356.40,370.64,5,W,5,N
630,319.56,379.84,5,E,5,N
631,325.02,380.14,5,E,5,N
632,353.60,380.44,5,E,5,N
60,301.55,399.20,1,S,3,E
409,227.05,399.60,3,W,5,W
451,290.13,399.90,3,E,5,W
30,140.80,400.20,1,S,5,W
65,313.30,400.40,1,S,2,E
306,348.53,400.40,1,E,2,W
379,207.96,400.50,2,E,5,W
380,237.90,400.80,2,E,5,W
382,273.07,401.10,2,E,5,W
44,213.17,401.40,1,S,5,W
68,349.38,401.60,1,S,1,W
45,213.37,401.70,1,S,5,W
72,385.96,401.90,1,S,1,W
177,209.43,402.00,1,W,5,W
178,223.66,402.30,1,W,5,W
179,225.37,402.60,1,W,5,W
180,227.08,402.90,1,W,5,W
181,234.98,403.20,1,W,5,W
294,217.69,403.50,1,E,5,W
298,267.31,403.80,1,E,5,W
299,278.29,404.10,1,E,5,W
81,395.63,409.76,1,S,1,W
84,397.27,411.41,1,S,1,W
71,354.51,414.40,1,S,1,E
351,260.80,415.60,2,W,5,E
172,166.75,415.90,1,W,5,E
297,249.36,416.20,1,E,5,E
32,145.53,421.74,1,S,5,N
33,168.07,422.04,1,S,5,N
36,203.48,422.34,1,S,5,N
349,202.58,422.64,2,W,5,N
350,231.13,422.94,2,W,5,N
381,255.94,423.24,2,E,5,N
353,284.20,423.54,2,W,5,N
383,284.80,423.84,2,E,5,N
39,208.36,424.14,1,S,5,N
40,209.83,424.44,1,S,5,N
41,210.91,424.74,1,S,5,N
42,211.74,425.04,1,S,5,N
46,214.60,425.34,1,S,5,N
47,216.20,425.64,1,S,5,N
48,217.32,425.94,1,S,5,N
173,169.25,426.24,1,W,5,N
174,189.43,426.54,1,W,5,N
175,207.11,426.84,1,W,5,N
176,208.41,427.14,1,W,5,N
182,236.87,427.44,1,W,5,N
183,237.02,427.74,1,W,5,N
184,237.42,428.04,1,W,5,N
185,239.24,428.34,1,W,5,N
186,239.37,428.64,1,W,5,N
187,240.27,428.94,1,W,5,N
188,241.75,429.24,1,W,5,N
189,243.39,429.54,1,W,5,N
190,247.27,429.84,1,W,5,N
192,249.96,430.14,1,W,5,N
195,259.14,430.44,1,W,5,N
196,260.16,430.74,1,W,5,N
295,227.82,431.04,1,E,5,N
296,247.33,431.34,1,E,5,N
300,279.46,431.64,1,E,5,N
301,288.95,431.94,1,E,5,N
413,365.91,432.24,3,W,5,N
453,331.08,432.54,3,E,5,N
454,336.63,432.84,3,E,5,N
414,368.10,433.14,3,W,5,N
388,398.44,434.52,2,E,3,E
204,327.58,438.87,1,W,3,W
455,378.00,439.77,3,E,5,N
77,390.09,442.92,1,S,2,E
82,396.60,444.12,1,S,2,W
456,385.99,447.76,3,E,5,N
536,381.42,465.74,5,W,5,N
537,383.47,466.04,5,W,5,N
538,414.66,466.34,5,W,5,N
539,415.13,466.64,5,W,5,N
540,432.76,466.94,5,W,5,N
541,434.05,467.24,5,W,5,N
542,472.02,478.15,5,W,5,N
633,402.45,479.74,5,E,5,N
634,403.02,480.04,5,E,5,N
635,410.88,480.34,5,E,5,N
636,436.62,480.64,5,E,5,N
637,455.29,480.94,5,E,5,N
638,456.71,481.24,5,E,5,N
639,460.34,481.54,5,E,5,N
66,347.07,499.00,1,S,3,W
452,330.00,499.50,3,E,5,W
412,307.33,499.80,3,W,5,W
61,302.56,500.10,1,S,5,W
386,326.93,500.40,2,E,5,W
356,346.34,500.70,2,W,5,W
387,350.97,501.00,2,E,5,W
198,277.62,501.30,1,W,5,W
206,335.32,501.60,1,W,5,W
208,344.20,501.90,1,W,5,W
93,472.40,502.00,1,S,1,W
209,351.36,502.20,1,W,5,W
302,303.02,502.50,1,E,5,W
303,336.41,502.80,1,E,5,W
389,438.61,512.67,2,E,3,W
92,472.13,514.80,1,S,1,E
384,301.23,515.50,2,E,5,E
64,312.00,515.80,1,S,5,E
50,250.63,521.64,1,S,5,N
52,253.81,521.94,1,S,5,N
55,257.38,522.24,1,S,5,N
58,261.53,522.54,1,S,5,N
385,311.59,522.84,2,E,5,N
354,323.46,523.14,2,W,5,N
355,334.33,523.44,2,W,5,N
63,309.86,523.74,1,S,5,N
199,297.19,524.04,1,W,5,N
200,306.69,524.34,1,W,5,N
201,308.26,524.64,1,W,5,N
202,309.73,524.94,1,W,5,N
203,310.61,525.24,1,W,5,N
205,329.49,525.54,1,W,5,N
207,336.81,525.84,1,W,5,N
210,360.67,526.14,1,W,5,N
211,362.36,526.44,1,W,5,N
212,365.42,526.74,1,W,5,N
304,340.28,527.04,1,E,5,N
305,347.49,527.34,1,E,5,N
307,363.23,527.64,1,E,5,N
457,437.95,530.17,3,E,5,N
415,426.14,530.47,3,W,5,N
416,426.15,530.77,3,W,5,N
417,444.13,530.77,3,W,5,N
418,468.73,531.07,3,W,5,N
419,472.22,533.99,3,W,5,N
89,435.97,537.47,1,S,3,W
214,370.63,538.37,1,W,3,W
218,403.26,539.57,1,W,3,W
310,426.27,542.27,1,E,3,E
313,461.68,543.17,1,E,3,E
458,494.84,556.61,3,E,5,N
459,496.56,558.33,3,E,5,N
543,473.51,565.64,5,W,5,N
544,475.89,565.94,5,W,5,N
545,508.39,566.24,5,W,5,N
546,516.34,566.54,5,W,5,N
547,518.17,566.84,5,W,5,N
548,519.31,567.14,5,W,5,N
549,519.55,567.44,5,W,5,N
550,534.45,567.74,5,W,5,N
551,537.14,568.04,5,W,5,N
552,537.55,568.34,5,W,5,N
553,538.76,568.64,5,W,5,N
554,540.25,568.94,5,W,5,N
555,550.54,569.24,5,W,5,N
556,550.74,569.54,5,W,5,N
557,552.69,569.84,5,W,5,N
558,560.79,570.14,5,W,5,N
559,563.95,570.44,5,W,5,N
560,565.74,571.88,5,W,5,N
561,567.22,573.35,5,W,5,N
562,568.81,574.95,5,W,5,N
640,508.80,579.64,5,E,5,N
641,581.62,587.75,5,E,5,N
642,582.54,588.67,5,E,5,N
79,394.82,599.40,1,S,5,W
83,397.00,599.70,1,S,5,W
390,448.70,600.00,2,E,5,W
88,435.25,600.30,1,S,5,W
90,436.88,600.60,1,S,5,W
225,468.30,600.60,1,W,2,W
213,366.64,600.90,1,W,5,W
230,515.10,600.90,1,W,2,W
216,380.48,601.20,1,W,5,W
220,428.57,601.50,1,W,5,W
222,430.75,601.80,1,W,5,W
223,452.74,602.10,1,W,5,W
309,417.18,602.40,1,E,5,W
103,520.73,602.40,1,S,1,W
314,480.40,602.70,1,E,5,W
104,521.56,602.70,1,S,1,W
111,588.05,615.20,1,S,1,E
70,353.20,615.40,1,S,5,E
359,470.41,615.70,2,W,5,E
224,466.19,616.00,1,W,5,E
312,461.55,616.30,1,E,5,E
361,583.69,619.77,2,W,3,E
67,347.98,621.54,1,S,5,N
69,350.53,621.84,1,S,5,N
73,386.38,622.14,1,S,5,N
74,387.41,622.44,1,S,5,N
75,388.78,622.74,1,S,5,N
76,389.77,623.04,1,S,5,N
78,391.69,623.34,1,S,5,N
80,395.32,623.64,1,S,5,N
85,399.27,623.94,1,S,5,N
357,445.85,624.24,2,W,5,N
358,459.00,624.54,2,W,5,N
391,492.33,624.84,2,E,5,N
86,431.59,625.14,1,S,5,N
87,433.44,625.44,1,S,5,N
215,372.51,625.74,1,W,5,N
217,387.99,626.04,1,W,5,N
219,405.16,626.34,1,W,5,N
221,429.57,626.64,1,W,5,N
308,412.62,626.94,1,E,5,N
311,431.33,627.24,1,E,5,N
420,522.50,629.97,3,W,5,N
460,505.46,630.27,3,E,5,N
461,506.84,630.57,3,E,5,N
462,518.43,630.87,3,E,5,N
463,576.05,631.68,3,E,5,E
101,517.96,637.87,1,S,3,W
229,498.74,639.37,1,W,3,W
231,518.59,639.67,1,W,3,W
315,515.36,642.07,1,E,3,E
109,552.40,642.52,1,S,2,W
563,576.98,665.54,5,W,5,N
564,578.18,665.84,5,W,5,N
565,584.18,666.14,5,W,5,N
566,585.42,666.44,5,W,5,N
567,586.59,666.74,5,W,5,N
568,587.96,667.04,5,W,5,N
569,588.69,667.34,5,W,5,N
570,634.69,667.64,5,W,5,N
571,637.30,667.94,5,W,5,N
572,638.10,668.24,5,W,5,N
573,639.37,668.54,5,W,5,N
574,667.04,673.17,5,W,5,N
575,668.63,674.76,5,W,5,N
576,668.88,675.02,5,W,5,N
577,671.12,677.26,5,W,5,N
643,633.35,679.54,5,E,5,N
421,595.35,699.30,3,W,5,W
91,470.99,699.60,1,S,5,W
96,474.74,699.90,1,S,5,W
97,515.18,700.20,1,S,5,W
98,515.70,700.50,1,S,5,W
113,627.91,700.70,1,S,2,W
99,516.80,700.80,1,S,5,W
114,630.28,701.00,1,S,2,W
236,552.56,701.10,1,W,5,W
238,557.81,701.40,1,W,5,W
112,626.65,702.80,1,S,1,W
119,670.07,703.10,1,S,1,W
644,699.21,705.34,5,E,5,N
360,503.66,715.30,2,W,5,E
393,523.29,715.60,2,E,5,E
123,693.98,715.60,1,S,1,E
363,595.44,715.90,2,W,5,E
94,474.01,721.44,1,S,5,N
95,474.41,721.74,1,S,5,N
392,504.60,722.04,2,E,5,N
394,573.11,722.34,2,E,5,N
362,588.72,722.64,2,W,5,N
100,517.28,722.94,1,S,5,N
102,519.39,723.24,1,S,5,N
226,469.34,723.54,1,W,5,N
227,471.20,723.84,1,W,5,N
228,497.03,724.14,1,W,5,N
232,521.42,724.44,1,W,5,N
233,522.57,724.74,1,W,5,N
234,523.71,725.04,1,W,5,N
235,545.24,725.34,1,W,5,N
237,555.94,725.64,1,W,5,N
316,552.82,725.94,1,E,5,N
317,558.13,726.24,1,E,5,N
318,566.98,726.54,1,E,5,N
319,585.60,726.84,1,E,5,N
320,591.88,727.14,1,E,5,N
322,600.66,727.44,1,E,5,N
424,672.51,734.28,3,W,5,N
466,676.29,738.06,3,E,5,N
121,672.45,742.02,1,S,2,W
127,729.03,743.17,1,S,1,E
128,730.29,744.43,1,S,1,E
329,688.15,750.34,1,E,3,W
467,688.95,750.72,3,E,5,N
468,690.70,752.47,3,E,5,N
470,694.40,756.17,3,E,5,N
578,699.94,765.44,5,W,5,N
579,701.25,765.74,5,W,5,N
580,709.17,766.04,5,W,5,N
581,710.27,766.34,5,W,5,N
582,725.11,766.64,5,W,5,N
583,730.70,766.94,5,W,5,N
584,730.84,767.24,5,W,5,N
585,732.15,767.54,5,W,5,N
586,739.57,767.84,5,W,5,N
587,740.92,768.14,5,W,5,N
588,759.66,768.44,5,W,5,N
589,760.86,768.74,5,W,5,N
590,760.99,769.04,5,W,5,N
591,762.07,769.34,5,W,5,N
592,763.47,769.61,5,W,5,N
593,770.92,777.06,5,W,5,N
594,771.40,777.53,5,W,5,N
645,699.95,779.44,5,E,5,N
646,700.66,779.74,5,E,5,N
647,703.92,780.04,5,E,5,N
648,753.39,780.34,5,E,5,N
124,695.34,798.40,1,S,3,W
321,596.95,799.20,1,E,5,W
464,616.55,799.50,3,E,5,W
422,668.20,799.80,3,W,5,W
465,666.23,800.10,3,E,5,W
423,671.91,800.40,3,W,5,W
469,692.49,800.70,3,E,5,W
258,702.18,800.80,1,W,2,E
107,550.53,801.00,1,S,5,W
364,605.99,801.30,2,W,5,W
396,661.91,801.60,2,E,5,W
116,631.70,801.90,1,S,5,W
118,634.00,802.20,1,S,5,W
243,606.50,802.50,1,W,5,W
248,632.27,802.80,1,W,5,W
649,796.67,802.81,5,E,5,N
250,635.03,803.10,1,W,5,W
126,728.12,803.20,1,S,1,W
251,636.03,803.40,1,W,5,W
129,762.81,803.50,1,S,1,W
252,656.43,803.70,1,W,5,W
131,765.30,803.80,1,S,1,W
650,797.78,803.92,5,E,5,N
324,613.74,804.00,1,E,5,W
134,771.98,804.10,1,S,1,W
328,633.12,804.30,1,E,5,W
108,550.60,815.20,1,S,5,E
117,632.50,815.50,1,S,5,E
105,548.29,821.34,1,S,5,N
106,549.11,821.64,1,S,5,N
110,553.94,821.94,1,S,5,N
395,614.66,822.24,2,E,5,N
365,688.91,822.54,2,W,5,N
115,630.35,822.84,1,S,5,N
239,580.61,823.14,1,W,5,N
240,581.66,823.44,1,W,5,N
241,582.97,823.74,1,W,5,N
242,586.78,824.04,1,W,5,N
244,618.67,824.34,1,W,5,N
245,620.22,824.64,1,W,5,N
246,621.73,824.94,1,W,5,N
247,631.12,825.24,1,W,5,N
249,633.36,825.54,1,W,5,N
323,603.23,825.84,1,E,5,N
325,618.78,826.14,1,E,5,N
326,624.18,826.44,1,E,5,N
327,625.72,826.74,1,E,5,N
473,773.19,828.82,3,E,5,E
427,773.24,828.87,3,W,5,E
425,738.69,829.57,3,W,5,N
472,742.60,829.87,3,E,5,N
471,740.66,829.87,3,E,5,N
475,779.83,841.60,3,E,5,N
476,781.15,842.92,3,E,5,N
477,790.49,852.26,3,E,5,N
478,796.07,857.84,3,E,5,N
595,773.07,865.34,5,W,5,N
596,775.89,865.64,5,W,5,N
597,782.66,865.94,5,W,5,N
598,797.25,866.24,5,W,5,N
599,798.12,866.54,5,W,5,N
600,798.43,866.84,5,W,5,N
601,800.63,867.14,5,W,5,N
602,829.25,867.44,5,W,5,N
603,837.00,867.74,5,W,5,N
604,837.94,868.04,5,W,5,N
605,856.30,868.34,5,W,5,N
606,857.12,868.64,5,W,5,N
607,858.51,868.94,5,W,5,N
651,849.64,879.34,5,E,5,N
132,766.86,898.20,1,S,3,W
426,754.96,899.10,3,W,5,W
474,774.80,899.40,3,E,5,W
428,779.95,899.70,3,W,5,W
125,695.95,900.00,1,S,5,W
397,705.97,900.30,2,E,5,W
400,752.65,900.60,2,E,5,W
260,705.68,900.90,1,W,5,W
269,804.82,900.90,1,W,2,E
268,803.51,900.90,1,W,2,W
261,713.50,901.20,1,W,5,W
333,762.44,901.50,1,E,5,W
135,806.36,903.60,1,S,1,W
137,811.38,903.90,1,S,1,W
138,812.98,904.20,1,S,1,W
369,821.35,913.67,2,W,3,E
366,787.92,915.10,2,W,5,E
143,881.54,916.40,1,S,1,E
145,883.05,916.70,1,S,1,E
120,671.15,921.24,1,S,5,N
122,693.02,921.54,1,S,5,N
398,717.38,921.84,2,E,5,N
399,742.42,922.14,2,E,5,N
401,797.91,922.44,2,E,5,N
253,672.60,922.74,1,W,5,N
254,689.18,923.04,1,W,5,N
255,689.95,923.34,1,W,5,N
404,887.33,923.41,2,E,3,W
256,691.87,923.64,1,W,5,N
257,701.25,923.94,1,W,5,N
259,704.34,924.24,1,W,5,N
262,715.24,924.54,1,W,5,N
263,738.81,924.84,1,W,5,N
264,752.86,925.14,1,W,5,N
330,714.60,925.44,1,E,5,N
331,758.55,925.74,1,E,5,N
332,761.04,926.04,1,E,5,N
334,772.57,926.34,1,E,5,N
335,780.25,926.64,1,E,5,N
336,794.82,926.94,1,E,5,N
479,807.67,929.37,3,E,5,N
480,839.37,929.67,3,E,5,N
431,856.78,929.97,3,W,5,N
432,871.04,932.81,3,W,5,N
136,809.84,936.97,1,S,3,E
139,814.94,937.27,1,S,3,W
266,778.69,937.87,1,W,3,E
481,881.32,943.09,3,E,5,N
608,878.58,965.24,5,W,5,N
609,880.38,965.54,5,W,5,N
610,881.90,965.84,5,W,5,N
611,883.72,966.14,5,W,5,N
429,803.54,999.00,3,W,5,W
430,805.40,999.30,3,W,5,W
130,763.90,999.60,1,S,5,W
367,817.47,999.90,2,W,5,W
403,874.14,1000.20,2,E,5,W
265,778.18,1000.50,1,W,5,W
267,780.07,1000.80,1,W,5,W
278,877.16,1001.00,1,W,2,W
280,898.01,1001.00,1,W,2,E
271,826.53,1001.10,1,W,5,W
337,815.17,1001.40,1,E,5,W
343,881.58,1001.70,1,E,5,W
133,770.03,1021.14,1,S,5,N
402,829.20,1021.44,2,E,5,N
368,818.28,1021.74,2,W,5,N
370,835.86,1022.04,2,W,5,N
371,857.47,1022.34,2,W,5,N
372,872.27,1022.64,2,W,5,N
270,806.94,1022.94,1,W,5,N
272,828.42,1023.24,1,W,5,N
273,829.81,1023.54,1,W,5,N
274,831.52,1023.84,1,W,5,N
275,842.05,1024.14,1,W,5,N
276,857.76,1024.44,1,W,5,N
338,819.46,1024.74,1,E,5,N
339,820.50,1025.04,1,E,5,N
340,828.81,1025.34,1,E,5,N
341,877.41,1025.64,1,E,5,N
342,878.76,1025.94,1,E,5,N
344,899.50,1098.90,1,E,5,W
140,849.13,1099.20,1,S,5,W
141,849.43,1099.50,1,S,5,W
142,849.44,1099.80,1,S,5,W
279,896.23,1100.10,1,W,5,W
144,882.43,1121.04,1,S,5,N
146,883.40,1121.34,1,S,5,N
147,884.22,1121.64,1,S,5,N
277,877.12,1121.94,1,W,5,N