id,enter_time,exit_time,entrance_intersection,entrance_direction,exit_intersection,exit_direction
2,4.92,19.05,1,S,1,E
483,27.44,66.14,5,W,5,N
484,29.33,66.44,5,W,5,N
485,37.96,66.74,5,W,5,N
486,39.73,67.04,5,W,5,N
487,41.41,67.34,5,W,5,N
488,42.24,67.64,5,W,5,N
489,43.04,67.94,5,W,5,N
490,56.58,68.24,5,W,5,N
491,58.73,68.54,5,W,5,N
492,59.01,68.84,5,W,5,N
493,60.12,69.14,5,W,5,N
494,61.66,69.44,5,W,5,N
495,71.09,77.23,5,W,5,N
610,74.36,80.49,5,E,5,N
611,80.02,86.16,5,E,5,N
3,4.93,100.40,1,S,1,W
5,51.19,100.70,1,S,1,W
10,57.07,101.00,1,S,1,W
359,27.92,112.87,2,W,3,W
454,55.78,125.43,3,E,5,E
452,9.45,130.97,3,E,5,N
427,25.63,131.27,3,W,5,N
453,10.95,131.57,3,E,5,N
428,52.46,131.87,3,W,5,N
456,59.65,132.17,3,E,5,N
189,27.86,137.97,1,W,3,W
295,38.53,140.67,1,E,3,W
296,71.59,140.97,1,E,3,W
14,59.36,141.42,1,S,2,W
496,93.37,166.04,5,W,5,N
497,93.39,166.34,5,W,5,N
498,103.86,166.64,5,W,5,N
499,105.40,166.94,5,W,5,N
500,106.68,167.24,5,W,5,N
501,108.00,167.54,5,W,5,N
502,110.59,167.84,5,W,5,N
503,112.35,168.14,5,W,5,N
504,137.55,168.44,5,W,5,N
505,138.82,168.74,5,W,5,N
506,139.04,169.04,5,W,5,N
507,141.11,169.34,5,W,5,N
508,142.30,169.64,5,W,5,N
509,152.55,169.94,5,W,5,N
510,153.67,170.24,5,W,5,N
511,155.28,170.54,5,W,5,N
512,157.59,170.84,5,W,5,N
513,157.72,171.14,5,W,5,N
514,158.29,171.44,5,W,5,N
515,159.75,171.74,5,W,5,N
516,160.26,172.04,5,W,5,N
517,162.03,172.34,5,W,5,N
518,168.97,175.11,5,W,5,N
519,170.37,176.50,5,W,5,N
520,171.05,177.19,5,W,5,N
612,131.15,180.04,5,E,5,N
613,152.73,180.34,5,E,5,N
614,162.04,180.64,5,E,5,N
455,57.69,199.80,3,E,5,W
0,0.47,200.10,1,S,5,W
22,133.16,200.20,1,S,2,E
403,52.82,200.40,2,E,5,W
185,20.76,200.70,1,W,5,W
17,106.55,200.80,1,S,1,W
188,27.81,201.00,1,W,5,W
20,109.76,201.10,1,S,1,W
191,48.98,201.30,1,W,5,W
28,184.48,201.40,1,S,1,W
292,2.63,201.60,1,E,5,W
407,154.77,212.97,2,E,3,E
26,181.51,213.60,1,S,1,E
357,5.49,221.94,2,W,5,N
402,40.62,222.24,2,E,5,N
358,15.61,222.54,2,W,5,N
360,36.50,222.84,2,W,5,N
361,59.77,223.14,2,W,5,N
362,71.41,223.44,2,W,5,N
404,84.23,223.74,2,E,5,N
1,4.63,224.04,1,S,5,N
4,6.27,224.34,1,S,5,N
186,22.34,224.64,1,W,5,N
187,24.33,224.94,1,W,5,N
190,29.44,225.24,1,W,5,N
192,50.25,225.54,1,W,5,N
193,54.13,225.84,1,W,5,N
194,57.23,226.14,1,W,5,N
293,20.91,226.44,1,E,5,N
294,34.97,226.74,1,E,5,N
457,102.85,230.77,3,E,5,N
458,146.10,231.07,3,E,5,N
206,117.25,240.47,1,W,3,W
209,155.63,241.37,1,W,3,W
298,122.05,241.97,1,E,3,E
299,124.10,242.27,1,E,3,E
459,181.92,243.69,3,E,5,N
430,183.34,245.11,3,W,5,N
431,184.98,246.75,3,W,5,N
521,173.94,265.94,5,W,5,N
522,184.79,266.24,5,W,5,N
523,213.25,266.54,5,W,5,N
524,215.64,266.84,5,W,5,N
525,216.41,267.14,5,W,5,N
526,226.71,267.44,5,W,5,N
527,228.68,267.74,5,W,5,N
528,236.10,268.04,5,W,5,N
529,237.76,268.34,5,W,5,N
530,245.14,268.64,5,W,5,N
531,246.79,268.94,5,W,5,N
532,254.91,269.24,5,W,5,N
533,256.80,269.54,5,W,5,N
534,258.24,269.84,5,W,5,N
535,258.85,270.14,5,W,5,N
536,265.01,271.15,5,W,5,N
537,267.11,273.24,5,W,5,N
538,268.90,275.03,5,W,5,N
539,269.93,276.07,5,W,5,N
540,271.21,277.35,5,W,5,N
541,273.16,279.30,5,W,5,N
615,214.94,279.94,5,E,5,N
616,242.56,280.24,5,E,5,N
617,247.64,280.54,5,E,5,N
618,289.48,295.62,5,E,5,N
23,138.06,299.40,1,S,3,W
429,110.92,299.70,3,W,5,W
7,52.75,300.00,1,S,5,W
216,262.26,300.30,1,W,2,W
8,54.23,300.30,1,S,5,W
9,55.87,300.60,1,S,5,W
13,59.01,300.90,1,S,5,W
619,294.80,300.94,5,E,5,N
30,218.26,301.20,1,S,1,W
16,62.37,301.20,1,S,5,W
31,219.94,301.50,1,S,1,W
405,115.38,301.50,2,E,5,W
33,227.69,301.80,1,S,1,W
406,131.56,301.80,2,E,5,W
35,262.74,302.10,1,S,1,W
366,158.52,302.10,2,W,5,W
195,67.13,302.40,1,W,5,W
197,79.95,302.70,1,W,5,W
198,81.40,303.00,1,W,5,W
200,107.50,303.30,1,W,5,W
201,108.98,303.60,1,W,5,W
202,110.45,303.90,1,W,5,W
300,127.77,304.20,1,E,5,W
303,166.70,304.50,1,E,5,W
304,192.99,310.81,1,E,5,W
409,249.45,312.77,2,E,3,E
372,254.43,313.07,2,W,3,W
39,298.81,314.00,1,S,1,E
199,85.27,315.70,1,W,5,E
6,51.72,321.84,1,S,5,N
11,57.44,322.14,1,S,5,N
12,57.53,322.44,1,S,5,N
15,61.15,322.74,1,S,5,N
363,104.32,323.04,2,W,5,N
364,114.03,323.34,2,W,5,N
365,153.70,323.64,2,W,5,N
367,170.33,323.94,2,W,5,N
368,183.42,324.24,2,W,5,N
369,196.45,324.54,2,W,5,N
18,106.57,324.84,1,S,5,N
19,107.80,325.14,1,S,5,N
21,132.75,325.44,1,S,5,N
196,76.93,325.74,1,W,5,N
203,111.58,326.04,1,W,5,N
204,114.63,326.34,1,W,5,N
205,115.79,326.64,1,W,5,N
207,131.98,326.94,1,W,5,N
208,151.77,327.24,1,W,5,N
297,118.68,327.54,1,E,5,N
301,133.34,327.84,1,E,5,N
302,136.03,328.14,1,E,5,N
433,223.49,330.87,3,W,5,N
461,250.10,331.17,3,E,5,N
434,278.96,340.73,3,W,5,N
462,297.59,359.36,3,E,5,N
542,295.02,365.84,5,W,5,N
543,296.56,366.14,5,W,5,N
544,309.78,366.44,5,W,5,N
545,352.99,366.74,5,W,5,N
620,321.55,379.84,5,E,5,N
621,329.95,380.14,5,E,5,N
622,339.48,380.44,5,E,5,N
623,340.34,380.74,5,E,5,N
38,297.99,399.20,1,S,3,E
460,240.64,399.60,3,E,5,W
432,204.37,399.90,3,W,5,W
371,231.02,400.20,2,W,5,W
373,293.95,400.50,2,W,5,W
213,220.32,400.80,1,W,5,W
214,221.37,401.10,1,W,5,W
215,237.42,401.40,1,W,5,W
43,335.16,401.60,1,S,1,W
217,263.65,401.70,1,W,5,W
49,342.77,401.90,1,S,1,W
67,392.28,406.42,1,S,1,W
57,382.20,414.40,1,S,1,E
59,384.79,414.70,1,S,1,E
210,179.87,415.60,1,W,5,E
24,177.04,421.74,1,S,5,N
76,407.80,421.93,1,S,1,E
25,180.52,422.04,1,S,5,N
27,183.24,422.34,1,S,5,N
29,186.33,422.64,1,S,5,N
408,202.46,422.94,2,E,5,N
370,207.70,423.24,2,W,5,N
410,295.28,423.54,2,E,5,N
32,225.87,423.84,1,S,5,N
34,229.64,424.14,1,S,5,N
463,332.28,424.23,3,E,5,E
211,205.37,424.44,1,W,5,N
212,219.06,424.74,1,W,5,N
218,265.22,425.04,1,W,5,N
305,260.15,425.34,1,E,5,N
306,261.72,425.64,1,E,5,N
464,351.80,430.67,3,E,5,N
220,281.73,437.07,1,W,3,E
228,359.94,439.47,1,W,3,E
436,393.40,455.17,3,W,5,N
465,394.50,456.27,3,E,5,N
546,382.44,465.74,5,W,5,N
547,382.53,466.04,5,W,5,N
548,393.42,466.34,5,W,5,N
549,394.31,466.64,5,W,5,N
550,397.71,466.94,5,W,5,N
551,398.10,467.24,5,W,5,N
552,400.42,467.54,5,W,5,N
553,414.87,467.84,5,W,5,N
554,433.04,468.14,5,W,5,N
555,470.79,476.93,5,W,5,N
624,408.75,479.74,5,E,5,N
625,427.66,480.04,5,E,5,N
435,336.78,499.50,3,W,5,W
374,307.28,499.80,2,W,5,W
626,493.91,500.05,5,E,5,N
411,340.51,500.10,2,E,5,W
377,385.15,500.40,2,W,5,W
68,393.50,500.50,1,S,2,W
223,308.52,500.70,1,W,5,W
80,411.79,500.80,1,S,2,W
226,345.17,501.00,1,W,5,W
307,302.06,501.30,1,E,5,W
71,400.89,502.00,1,S,1,W
81,413.19,502.30,1,S,1,W
84,453.42,502.60,1,S,1,W
412,384.86,515.50,2,E,5,E
311,377.15,515.80,1,E,5,E
36,263.63,521.64,1,S,5,N
37,297.94,521.94,1,S,5,N
40,299.43,522.24,1,S,5,N
41,303.39,522.54,1,S,5,N
42,304.18,522.84,1,S,5,N
375,335.60,523.14,2,W,5,N
376,349.61,523.44,2,W,5,N
44,337.34,523.74,1,S,5,N
219,278.65,524.04,1,W,5,N
221,282.12,524.34,1,W,5,N
222,306.67,524.64,1,W,5,N
224,310.79,524.94,1,W,5,N
225,326.00,525.24,1,W,5,N
227,354.91,525.54,1,W,5,N
308,320.53,525.84,1,E,5,N
309,339.68,526.14,1,E,5,N
310,341.67,526.44,1,E,5,N
312,387.51,526.74,1,E,5,N
235,441.25,542.27,1,W,3,E
236,452.20,542.57,1,W,3,E
314,456.58,543.17,1,E,3,W
556,484.01,565.64,5,W,5,N
557,485.60,565.94,5,W,5,N
558,494.33,566.24,5,W,5,N
559,503.67,566.54,5,W,5,N
560,510.68,566.84,5,W,5,N
561,542.24,567.14,5,W,5,N
562,543.38,567.44,5,W,5,N
563,553.77,567.74,5,W,5,N
564,555.41,568.04,5,W,5,N
565,556.43,568.34,5,W,5,N
566,558.36,568.64,5,W,5,N
567,558.43,568.94,5,W,5,N
568,560.04,569.24,5,W,5,N
569,561.77,569.54,5,W,5,N
570,571.08,577.21,5,W,5,N
627,504.83,579.64,5,E,5,N
628,507.22,579.94,5,E,5,N
629,553.27,580.24,5,E,5,N
86,455.51,598.80,1,S,3,E
87,488.22,598.80,1,S,3,W
466,448.09,599.40,3,E,5,W
437,418.78,599.70,3,W,5,W
438,489.81,600.00,3,W,5,W
45,338.43,600.30,1,S,5,W
52,351.03,600.60,1,S,5,W
54,380.48,600.90,1,S,5,W
62,388.03,601.20,1,S,5,W
378,413.10,601.50,2,W,5,W
414,437.82,601.80,2,E,5,W
380,458.69,602.10,2,W,5,W
415,468.86,602.40,2,E,5,W
91,527.68,602.40,1,S,1,W
381,489.76,602.70,2,W,5,W
92,564.78,602.70,1,S,1,W
64,390.10,603.00,1,S,5,W
100,578.21,603.00,1,S,1,W
66,391.62,603.30,1,S,5,W
101,579.04,603.30,1,S,1,W
73,402.94,603.60,1,S,5,W
75,406.58,603.90,1,S,5,W
232,422.30,604.20,1,W,5,W
316,467.57,604.50,1,E,5,W
317,477.54,604.80,1,E,5,W
383,505.43,612.77,2,W,3,E
97,573.41,615.20,1,S,1,E
48,341.25,615.40,1,S,5,E
72,402.22,615.70,1,S,5,E
82,414.20,616.00,1,S,5,E
231,412.66,616.30,1,W,5,E
46,338.91,621.54,1,S,5,N
47,339.79,621.84,1,S,5,N
50,344.92,622.14,1,S,5,N
51,345.77,622.44,1,S,5,N
53,378.59,622.74,1,S,5,N
55,381.01,623.04,1,S,5,N
56,381.02,623.34,1,S,5,N
58,384.10,623.64,1,S,5,N
60,386.86,623.94,1,S,5,N
61,387.59,624.24,1,S,5,N
63,388.13,624.54,1,S,5,N
413,403.82,624.84,2,E,5,N
379,423.16,625.14,2,W,5,N
382,494.38,625.44,2,W,5,N
65,390.66,625.74,1,S,5,N
69,399.34,626.04,1,S,5,N
70,399.86,626.34,1,S,5,N
74,405.68,626.64,1,S,5,N
77,409.72,626.94,1,S,5,N
78,409.91,627.24,1,S,5,N
79,410.52,627.54,1,S,5,N
229,369.59,627.84,1,W,5,N
230,388.90,628.14,1,W,5,N
233,423.47,628.44,1,W,5,N
234,439.55,628.74,1,W,5,N
313,444.18,629.04,1,E,5,N
315,464.76,629.34,1,E,5,N
318,479.81,629.64,1,E,5,N
319,497.98,629.94,1,E,5,N
439,541.28,629.97,3,W,5,N
467,502.21,630.27,3,E,5,N
441,567.44,630.57,3,W,5,N
418,594.75,630.83,2,E,3,W
470,549.93,630.87,3,E,5,N
471,559.39,631.17,3,E,5,N
326,558.98,641.47,1,E,3,W
99,576.45,642.82,1,S,2,W
442,584.14,645.91,3,W,5,N
109,637.50,651.63,1,S,1,E
571,573.93,665.54,5,W,5,N
572,604.14,665.84,5,W,5,N
573,611.55,666.14,5,W,5,N
574,628.01,666.44,5,W,5,N
575,628.47,666.74,5,W,5,N
576,629.21,667.04,5,W,5,N
577,633.31,667.34,5,W,5,N
578,639.35,667.64,5,W,5,N
579,651.55,667.94,5,W,5,N
580,652.92,668.24,5,W,5,N
581,661.57,668.54,5,W,5,N
582,662.62,668.75,5,W,5,N
583,664.69,670.83,5,W,5,N
584,667.15,673.28,5,W,5,N
585,667.39,673.52,5,W,5,N
586,668.42,674.56,5,W,5,N
587,670.18,676.31,5,W,5,N
630,622.06,679.54,5,E,5,N
631,638.25,679.84,5,E,5,N
632,639.68,680.14,5,E,5,N
633,659.34,680.44,5,E,5,N
634,668.12,680.74,5,E,5,N
635,669.58,681.04,5,E,5,N
636,691.48,697.61,5,E,5,N
637,692.48,698.62,5,E,5,N
440,541.62,699.30,3,W,5,W
468,503.72,699.60,3,E,5,W
469,548.35,699.90,3,E,5,W
85,453.54,700.20,1,S,5,W
416,512.68,700.50,2,E,5,W
334,644.20,700.70,1,E,2,W
384,517.35,700.80,2,W,5,W
386,562.98,701.10,2,W,5,W
387,592.32,701.40,2,W,5,W
238,469.98,701.70,1,W,5,W
240,487.30,702.00,1,W,5,W
242,499.57,702.30,1,W,5,W
245,526.93,702.60,1,W,5,W
108,637.19,702.80,1,S,1,W
322,509.30,702.90,1,E,5,W
115,647.95,703.10,1,S,1,W
323,535.75,703.20,1,E,5,W
117,651.63,703.40,1,S,1,W
324,541.86,703.50,1,E,5,W
118,653.18,703.70,1,S,1,W
327,567.01,703.80,1,E,5,W
119,653.70,704.00,1,S,1,W
329,579.51,704.10,1,E,5,W
419,644.38,712.87,2,E,3,E
241,489.38,715.30,1,W,5,E
83,451.83,721.44,1,S,5,N
88,488.43,721.74,1,S,5,N
89,489.31,722.04,1,S,5,N
90,489.75,722.34,1,S,5,N
417,559.41,722.64,2,E,5,N
385,528.80,722.94,2,W,5,N
388,594.09,723.24,2,W,5,N
237,469.09,723.54,1,W,5,N
239,485.86,723.84,1,W,5,N
243,500.68,724.14,1,W,5,N
244,509.96,724.44,1,W,5,N
246,547.98,724.74,1,W,5,N
320,505.42,725.04,1,E,5,N
321,506.78,725.34,1,E,5,N
325,550.25,725.64,1,E,5,N
328,575.24,725.94,1,E,5,N
330,581.50,726.24,1,E,5,N
443,611.17,729.77,3,W,5,N
472,618.39,730.07,3,E,5,N
444,622.76,730.37,3,W,5,N
588,672.91,765.44,5,W,5,N
589,674.64,765.74,5,W,5,N
590,675.80,766.04,5,W,5,N
591,697.64,766.34,5,W,5,N
592,700.63,766.64,5,W,5,N
593,710.78,766.94,5,W,5,N
594,721.38,767.24,5,W,5,N
595,722.16,767.54,5,W,5,N
596,737.71,767.84,5,W,5,N
597,748.21,768.14,5,W,5,N
598,761.45,768.44,5,W,5,N
599,763.24,769.38,5,W,5,N
600,772.17,778.31,5,W,5,N
638,745.33,779.44,5,E,5,N
639,746.61,779.74,5,E,5,N
640,748.17,780.04,5,E,5,N
111,639.60,798.40,1,S,3,E
112,640.08,798.70,1,S,3,E
473,660.57,799.20,3,E,5,W
445,689.36,799.50,3,W,5,W
102,579.38,799.80,1,S,5,W
105,583.01,800.10,1,S,5,W
389,608.96,800.40,2,W,5,W
392,669.45,800.70,2,W,5,W
110,639.06,801.00,1,S,5,W
249,617.28,801.30,1,W,5,W
252,639.58,801.60,1,W,5,W
255,650.81,801.90,1,W,5,W
256,652.71,802.20,1,W,5,W
331,620.49,802.50,1,E,5,W
332,635.34,802.80,1,E,5,W
336,668.01,803.10,1,E,5,W
130,737.52,803.20,1,S,1,W
337,677.99,803.40,1,E,5,W
135,742.41,803.50,1,S,1,W
395,707.78,813.27,2,W,3,E
106,630.60,815.20,1,S,5,E
107,631.72,815.50,1,S,5,E
253,648.61,815.80,1,W,5,E
136,773.55,816.00,1,S,1,E
93,566.59,821.34,1,S,5,N
94,569.39,821.64,1,S,5,N
95,571.28,821.94,1,S,5,N
96,571.68,822.24,1,S,5,N
98,573.85,822.54,1,S,5,N
103,581.17,822.84,1,S,5,N
104,582.97,823.14,1,S,5,N
390,643.87,823.44,2,W,5,N
391,656.63,823.74,2,W,5,N
393,677.77,824.04,2,W,5,N
420,690.24,824.34,2,E,5,N
247,570.44,824.64,1,W,5,N
248,593.13,824.94,1,W,5,N
250,619.54,825.24,1,W,5,N
251,637.95,825.54,1,W,5,N
254,649.13,825.84,1,W,5,N
333,636.20,826.14,1,E,5,N
335,658.01,826.44,1,E,5,N
338,679.66,826.74,1,E,5,N
339,681.31,827.04,1,E,5,N
474,703.69,829.57,3,E,5,N
446,740.33,829.87,3,W,5,N
475,737.79,830.17,3,E,5,N
476,747.19,830.47,3,E,5,N
146,827.17,841.31,1,S,1,E
147,827.26,841.40,1,S,1,E
341,754.14,842.27,1,E,3,W
478,782.48,844.25,3,E,5,N
348,783.74,845.93,1,E,3,E
152,834.30,848.43,1,S,1,E
158,838.68,852.82,1,S,1,E
601,799.37,865.34,5,W,5,N
602,804.75,865.64,5,W,5,N
603,823.19,865.94,5,W,5,N
604,825.55,866.24,5,W,5,N
605,868.99,875.12,5,W,5,N
606,871.11,877.24,5,W,5,N
607,872.57,878.70,5,W,5,N
641,813.53,879.34,5,E,5,N
642,841.50,879.64,5,E,5,N
643,841.79,879.94,5,E,5,N
644,884.29,890.43,5,E,5,N
645,885.83,891.97,5,E,5,N
134,742.16,898.20,1,S,3,W
477,748.29,899.10,3,E,5,W
447,794.93,899.40,3,W,5,W
113,641.62,899.70,1,S,5,W
122,659.41,900.00,1,S,5,W
124,660.70,900.30,1,S,5,W
423,793.96,900.60,2,E,5,W
260,692.63,900.90,1,W,5,W
153,834.64,900.90,1,S,2,W
262,721.85,901.20,1,W,5,W
265,752.41,901.50,1,W,5,W
269,763.10,901.80,1,W,5,W
340,712.74,902.10,1,E,5,W
347,778.34,902.40,1,E,5,W
139,818.01,903.60,1,S,1,W
141,819.99,903.90,1,S,1,W
144,823.07,904.20,1,S,1,W
148,830.02,904.50,1,S,1,W
155,836.43,904.80,1,S,1,W
163,845.60,905.10,1,S,1,W
176,882.56,905.40,1,S,1,W
349,787.61,905.43,1,E,5,W
177,883.19,905.70,1,S,1,W
180,893.35,907.49,1,S,1,W
181,893.67,907.80,1,S,1,W
162,843.80,916.40,1,S,1,E
178,890.24,916.70,1,S,1,E
114,642.01,921.24,1,S,5,N
116,649.83,921.54,1,S,5,N
120,653.91,921.84,1,S,5,N
121,654.22,922.14,1,S,5,N
123,659.76,922.44,1,S,5,N
125,696.10,922.74,1,S,5,N
126,696.63,923.04,1,S,5,N
421,735.13,923.34,2,E,5,N
394,703.77,923.64,2,W,5,N
422,773.04,923.94,2,E,5,N
127,733.62,924.24,1,S,5,N
128,735.39,924.54,1,S,5,N
129,736.73,924.84,1,S,5,N
131,739.48,925.14,1,S,5,N
257,672.13,925.44,1,W,5,N
258,688.17,925.74,1,W,5,N
259,689.61,926.04,1,W,5,N
261,717.95,926.34,1,W,5,N
263,722.11,926.64,1,W,5,N
264,731.52,926.94,1,W,5,N
266,752.92,927.24,1,W,5,N
267,754.19,927.54,1,W,5,N
268,762.08,927.84,1,W,5,N
342,757.90,928.14,1,E,5,N
343,760.80,928.44,1,E,5,N
344,764.35,928.74,1,E,5,N
345,774.86,929.04,1,E,5,N
346,776.93,929.34,1,E,5,N
448,798.98,929.37,3,W,5,N
449,812.92,929.67,3,W,5,N
480,843.90,929.97,3,E,5,N
450,818.77,929.97,3,W,5,N
278,830.00,942.67,1,W,3,W
281,866.45,943.57,1,W,3,E
165,869.08,943.72,1,S,2,W
354,880.41,945.07,1,E,3,W
356,896.54,958.72,1,E,3,W
608,873.81,965.24,5,W,5,N
609,876.43,965.54,5,W,5,N
479,842.29,999.00,3,E,5,W
481,845.67,999.30,3,E,5,W
482,847.38,999.60,3,E,5,W
451,878.68,999.90,3,W,5,W
138,817.36,1000.20,1,S,5,W
140,819.21,1000.50,1,S,5,W
145,824.84,1000.80,1,S,5,W
288,878.10,1001.00,1,W,2,W
184,896.43,1001.00,1,S,2,E
154,835.14,1001.10,1,S,5,W
272,793.40,1001.40,1,W,5,W
273,810.28,1001.70,1,W,5,W
274,820.01,1002.00,1,W,5,W
275,821.62,1002.30,1,W,5,W
276,828.94,1002.60,1,W,5,W
350,816.84,1002.90,1,E,5,W
353,878.94,1003.20,1,E,5,W
280,845.77,1015.00,1,W,5,E
352,852.74,1015.30,1,E,5,E
132,740.67,1021.14,1,S,5,N
133,740.78,1021.44,1,S,5,N
137,774.08,1021.74,1,S,5,N
396,803.75,1022.04,2,W,5,N
424,834.32,1022.34,2,E,5,N
397,840.47,1022.64,2,W,5,N
398,868.01,1022.94,2,W,5,N
399,870.16,1023.24,2,W,5,N
425,883.77,1023.54,2,E,5,N
400,884.57,1023.84,2,W,5,N
401,894.61,1024.14,2,W,5,N
426,898.17,1024.44,2,E,5,N
142,821.09,1024.74,1,S,5,N
143,823.01,1025.04,1,S,5,N
149,831.87,1025.34,1,S,5,N
150,832.74,1025.64,1,S,5,N
151,833.02,1025.94,1,S,5,N
156,838.12,1026.24,1,S,5,N
157,838.64,1026.54,1,S,5,N
270,783.31,1026.84,1,W,5,N
271,784.67,1027.14,1,W,5,N
277,829.47,1027.44,1,W,5,N
279,839.14,1027.74,1,W,5,N
351,825.32,1028.04,1,E,5,N
355,894.69,1028.34,1,E,5,N
282,868.14,1039.17,1,W,3,W
287,874.83,1040.67,1,W,3,W
159,840.50,1098.90,1,S,5,W
166,870.87,1099.20,1,S,5,W
169,875.18,1099.50,1,S,5,W
172,878.23,1099.80,1,S,5,W
175,882.44,1100.10,1,S,5,W
183,895.47,1100.40,1,S,5,W
283,869.64,1100.70,1,W,5,W
289,881.23,1101.00,1,W,5,W
291,884.47,1101.30,1,W,5,W
160,841.74,1121.04,1,S,5,N
161,842.11,1121.34,1,S,5,N
164,845.90,1121.64,1,S,5,N
167,872.86,1121.94,1,S,5,N
168,874.50,1122.24,1,S,5,N
170,875.82,1122.54,1,S,5,N
171,877.77,1122.84,1,S,5,N
173,879.83,1123.14,1,S,5,N
174,880.45,1123.44,1,S,5,N
179,890.95,1123.74,1,S,5,N
182,894.18,1124.04,1,S,5,N
284,870.67,1124.34,1,W,5,N
285,872.56,1124.64,1,W,5,N
286,872.99,1124.94,1,W,5,N
290,883.10,1125.24,1,W,5,N