id,enter_time,exit_time,entrance_intersection,entrance_direction,exit_intersection,exit_direction
459,8.81,66.14,5,W,5,N
460,22.66,66.44,5,W,5,N
461,22.72,66.74,5,W,5,N
462,24.24,67.04,5,W,5,N
463,25.83,67.34,5,W,5,N
464,27.78,67.64,5,W,5,N
465,55.30,67.94,5,W,5,N
466,57.50,68.24,5,W,5,N
467,58.85,68.54,5,W,5,N
468,59.23,68.84,5,W,5,N
469,62.05,69.14,5,W,5,N
470,63.32,69.46,5,W,5,N
587,1.57,80.14,5,E,5,N
588,9.32,80.44,5,E,5,N
589,22.36,80.74,5,E,5,N
590,25.89,81.04,5,E,5,N
591,27.23,81.34,5,E,5,N
592,78.40,84.53,5,E,5,N
286,25.26,100.10,1,E,2,W
14,94.67,113.20,1,S,1,E
417,59.92,124.83,3,E,5,E
393,67.54,130.97,3,W,5,N
418,79.57,141.34,3,E,5,N
11,52.60,142.02,1,S,2,W
419,81.31,143.08,3,E,5,N
471,111.28,166.04,5,W,5,N
472,113.13,166.34,5,W,5,N
473,115.04,166.64,5,W,5,N
474,138.62,166.94,5,W,5,N
475,140.22,167.24,5,W,5,N
476,148.15,167.54,5,W,5,N
477,149.44,167.84,5,W,5,N
478,150.89,168.14,5,W,5,N
479,152.23,168.44,5,W,5,N
480,154.47,168.74,5,W,5,N
481,155.86,169.04,5,W,5,N
482,157.17,169.34,5,W,5,N
483,159.02,169.64,5,W,5,N
484,159.66,169.94,5,W,5,N
593,149.24,180.04,5,E,5,N
594,169.83,180.34,5,E,5,N
394,86.12,199.80,3,W,5,W
0,2.45,200.10,1,S,5,W
163,155.39,200.20,1,W,2,W
365,48.29,200.40,2,E,5,W
293,119.76,200.50,1,E,2,W
149,15.10,200.70,1,W,5,W
21,146.74,200.80,1,S,1,W
153,44.65,201.00,1,W,5,W
31,162.46,201.10,1,S,1,W
284,2.34,201.30,1,E,5,W
34,166.33,201.40,1,S,1,W
287,28.06,201.60,1,E,5,W
35,168.11,201.70,1,S,1,W
289,61.36,201.90,1,E,5,W
40,174.52,202.00,1,S,1,W
290,75.70,202.20,1,E,5,W
291,77.52,202.50,1,E,5,W
292,87.56,205.38,1,E,5,W
20,145.08,213.60,1,S,1,E
24,149.83,213.90,1,S,1,E
39,173.92,214.20,1,S,1,E
334,85.65,215.80,2,W,5,E
1,4.17,221.94,1,S,5,N
366,96.58,222.24,2,E,5,N
150,31.77,222.54,1,W,5,N
151,38.32,222.84,1,W,5,N
152,44.03,223.14,1,W,5,N
154,47.12,223.44,1,W,5,N
155,51.09,223.74,1,W,5,N
285,11.33,224.04,1,E,5,N
288,46.56,224.34,1,E,5,N
420,111.86,230.77,3,E,5,N
396,161.02,231.07,3,W,5,N
422,148.83,231.37,3,E,5,N
423,157.06,231.67,3,E,5,N
159,139.62,237.17,1,W,3,E
23,148.89,241.52,1,S,2,E
424,189.06,250.83,3,E,5,N
485,198.81,265.94,5,W,5,N
486,199.81,266.24,5,W,5,N
487,231.55,266.54,5,W,5,N
488,238.79,266.84,5,W,5,N
489,241.79,267.14,5,W,5,N
490,243.08,267.44,5,W,5,N
491,250.74,267.74,5,W,5,N
492,252.63,268.04,5,W,5,N
493,258.89,268.34,5,W,5,N
494,262.73,268.86,5,W,5,N
495,270.94,277.07,5,W,5,N
496,271.13,277.27,5,W,5,N
595,241.11,279.94,5,E,5,N
596,247.01,280.24,5,E,5,N
597,249.63,280.54,5,E,5,N
598,250.66,280.84,5,E,5,N
599,278.19,284.33,5,E,5,N
37,170.13,299.40,1,S,3,W
33,164.69,299.40,1,S,3,E
395,107.71,299.70,3,W,5,W
421,113.20,300.00,3,E,5,W
49,226.45,300.30,1,S,2,E
52,231.21,300.30,1,S,2,W
3,42.31,300.30,1,S,5,W
175,233.42,300.60,1,W,2,W
6,43.10,300.60,1,S,5,W
300,237.63,300.90,1,E,2,W
9,46.48,300.90,1,S,5,W
42,213.09,301.20,1,S,1,W
335,118.65,301.20,2,W,5,W
43,213.76,301.50,1,S,1,W
368,161.43,301.50,2,E,5,W
46,217.40,301.80,1,S,1,W
156,75.99,301.80,1,W,5,W
50,228.11,302.10,1,S,1,W
160,141.31,302.10,1,W,5,W
162,146.18,302.40,1,W,5,W
294,147.04,302.70,1,E,5,W
297,181.15,303.00,1,E,5,W
56,292.45,306.59,1,S,1,W
57,296.03,314.00,1,S,1,E
59,299.47,314.30,1,S,1,E
5,42.79,315.70,1,S,5,E
369,176.59,316.00,2,E,5,E
296,174.76,316.30,1,E,5,E
2,40.96,321.84,1,S,5,N
4,42.41,322.14,1,S,5,N
7,44.68,322.44,1,S,5,N
8,45.08,322.74,1,S,5,N
10,47.62,323.04,1,S,5,N
12,52.67,323.34,1,S,5,N
13,94.60,323.64,1,S,5,N
367,113.03,323.94,2,E,5,N
157,97.65,324.24,1,W,5,N
158,114.27,324.54,1,W,5,N
161,142.72,324.84,1,W,5,N
164,156.92,325.14,1,W,5,N
165,158.22,325.44,1,W,5,N
166,161.29,325.74,1,W,5,N
295,169.31,326.04,1,E,5,N
425,220.70,330.57,3,E,5,N
397,215.53,330.87,3,W,5,N
426,222.60,331.17,3,E,5,N
428,225.57,331.47,3,E,5,N
429,261.21,331.77,3,E,5,N
170,201.22,339.07,1,W,3,W
398,283.08,344.85,3,W,5,N
497,275.30,365.84,5,W,5,N
498,277.52,366.14,5,W,5,N
499,279.42,366.44,5,W,5,N
500,280.78,366.74,5,W,5,N
501,290.44,367.04,5,W,5,N
502,292.57,367.34,5,W,5,N
503,294.49,367.64,5,W,5,N
504,295.76,367.94,5,W,5,N
505,310.56,368.24,5,W,5,N
506,312.44,368.54,5,W,5,N
507,342.85,368.84,5,W,5,N
508,344.55,369.14,5,W,5,N
509,346.87,369.44,5,W,5,N
510,348.43,369.74,5,W,5,N
511,349.66,370.04,5,W,5,N
512,351.28,370.34,5,W,5,N
513,358.37,370.64,5,W,5,N
514,358.88,370.94,5,W,5,N
515,361.76,371.24,5,W,5,N
600,304.07,379.84,5,E,5,N
601,306.75,380.14,5,E,5,N
602,312.06,380.44,5,E,5,N
603,312.21,380.74,5,E,5,N
604,385.75,391.89,5,E,5,N
605,387.40,393.54,5,E,5,N
606,387.92,394.06,5,E,5,N
607,390.19,396.33,5,E,5,N
427,224.15,399.60,3,E,5,W
15,139.93,399.90,1,S,5,W
19,144.22,400.20,1,S,5,W
191,282.70,400.40,1,W,2,W
22,148.60,400.50,1,S,5,W
25,150.28,400.80,1,S,5,W
30,161.92,401.10,1,S,5,W
32,162.91,401.40,1,S,5,W
63,304.61,401.60,1,S,1,W
370,218.42,401.70,2,E,5,W
41,210.82,402.00,1,S,5,W
45,215.76,402.30,1,S,5,W
51,228.29,402.60,1,S,5,W
167,184.74,402.90,1,W,5,W
168,185.03,403.20,1,W,5,W
171,207.85,403.50,1,W,5,W
174,225.68,403.80,1,W,5,W
176,236.96,404.10,1,W,5,W
183,257.54,404.40,1,W,5,W
184,258.61,404.70,1,W,5,W
298,214.88,405.00,1,E,5,W
303,282.98,405.30,1,E,5,W
72,394.66,408.80,1,S,1,W
27,153.59,415.60,1,S,5,E
16,141.32,421.74,1,S,5,N
17,142.04,422.04,1,S,5,N
18,143.95,422.34,1,S,5,N
26,152.59,422.64,1,S,5,N
28,155.05,422.94,1,S,5,N
29,156.10,423.24,1,S,5,N
36,169.71,423.54,1,S,5,N
38,173.73,423.84,1,S,5,N
336,210.41,424.14,2,W,5,N
430,300.57,424.23,3,E,5,E
371,243.34,424.44,2,E,5,N
337,248.12,424.74,2,W,5,N
338,270.96,425.04,2,W,5,N
372,268.96,425.34,2,E,5,N
339,278.51,425.64,2,W,5,N
373,292.37,425.94,2,E,5,N
44,214.62,426.24,1,S,5,N
47,218.32,426.54,1,S,5,N
48,219.06,426.84,1,S,5,N
169,185.04,427.14,1,W,5,N
172,209.14,427.44,1,W,5,N
173,224.34,427.74,1,W,5,N
177,238.54,428.04,1,W,5,N
178,241.55,428.34,1,W,5,N
179,242.57,428.64,1,W,5,N
180,246.30,428.94,1,W,5,N
181,247.71,429.24,1,W,5,N
182,257.26,429.54,1,W,5,N
185,260.48,429.84,1,W,5,N
186,261.04,430.14,1,W,5,N
187,262.08,430.44,1,W,5,N
299,234.75,430.74,1,E,5,N
301,266.28,431.04,1,E,5,N
302,276.46,431.34,1,E,5,N
304,284.25,431.64,1,E,5,N
305,286.86,431.94,1,E,5,N
431,307.68,432.24,3,E,5,N
192,284.27,438.27,1,W,3,W
434,377.77,439.54,3,E,5,N
202,307.18,441.27,1,W,3,E
208,349.65,443.07,1,W,3,E
516,396.11,465.74,5,W,5,N
517,396.52,466.04,5,W,5,N
518,408.62,466.34,5,W,5,N
519,444.00,466.64,5,W,5,N
520,445.68,466.94,5,W,5,N
521,450.90,467.24,5,W,5,N
522,451.65,467.54,5,W,5,N
523,452.79,467.84,5,W,5,N
524,456.74,468.14,5,W,5,N
525,466.49,472.63,5,W,5,N
526,468.31,474.45,5,W,5,N
527,470.15,476.28,5,W,5,N
528,471.19,477.33,5,W,5,N
608,455.36,479.74,5,E,5,N
609,475.64,481.77,5,E,5,N
610,478.15,484.28,5,E,5,N
611,480.61,486.75,5,E,5,N
612,482.26,488.40,5,E,5,N
613,488.83,494.96,5,E,5,N
71,351.83,499.00,1,S,3,W
399,337.67,499.50,3,W,5,W
400,352.20,499.80,3,W,5,W
401,354.80,500.10,3,W,5,W
432,316.15,500.40,3,E,5,W
433,317.89,500.70,3,E,5,W
55,265.46,501.00,1,S,5,W
341,383.27,501.30,2,W,5,W
64,306.06,501.60,1,S,5,W
66,307.39,501.90,1,S,5,W
190,281.73,502.20,1,W,5,W
196,290.57,502.50,1,W,5,W
197,291.14,502.80,1,W,5,W
198,293.59,503.10,1,W,5,W
205,332.67,503.40,1,W,5,W
307,325.94,503.70,1,E,5,W
308,329.06,504.00,1,E,5,W
345,472.86,513.57,2,W,3,W
91,487.31,514.80,1,S,1,E
194,288.51,515.50,1,W,5,E
207,343.30,515.80,1,W,5,E
53,262.74,521.64,1,S,5,N
54,264.23,521.94,1,S,5,N
58,296.37,522.24,1,S,5,N
60,299.96,522.54,1,S,5,N
61,300.71,522.84,1,S,5,N
62,301.89,523.14,1,S,5,N
374,313.97,523.44,2,E,5,N
340,305.39,523.74,2,W,5,N
375,327.68,524.04,2,E,5,N
376,343.89,524.34,2,E,5,N
377,385.22,524.64,2,E,5,N
65,306.82,524.94,1,S,5,N
188,278.75,525.24,1,W,5,N
189,279.98,525.54,1,W,5,N
193,285.89,525.84,1,W,5,N
195,289.56,526.14,1,W,5,N
199,295.56,526.44,1,W,5,N
200,296.98,526.74,1,W,5,N
201,306.03,527.04,1,W,5,N
203,308.38,527.34,1,W,5,N
204,331.37,527.64,1,W,5,N
206,339.66,527.94,1,W,5,N
209,359.49,528.24,1,W,5,N
306,306.13,528.54,1,E,5,N
309,379.85,528.84,1,E,5,N
310,384.40,529.14,1,E,5,N
435,421.82,530.17,3,E,5,N
436,435.46,530.47,3,E,5,N
403,410.65,530.77,3,W,5,N
404,431.39,530.77,3,W,5,N
405,446.06,531.07,3,W,5,N
213,401.45,538.07,1,W,3,W
85,477.97,542.42,1,S,2,W
529,488.36,565.64,5,W,5,N
530,490.20,565.94,5,W,5,N
531,491.21,566.24,5,W,5,N
532,491.95,566.54,5,W,5,N
533,493.28,566.84,5,W,5,N
534,499.35,567.14,5,W,5,N
535,507.24,567.44,5,W,5,N
536,507.71,567.74,5,W,5,N
537,509.16,568.04,5,W,5,N
538,510.68,568.34,5,W,5,N
539,519.18,568.64,5,W,5,N
540,521.04,568.94,5,W,5,N
541,523.96,569.24,5,W,5,N
542,526.73,569.54,5,W,5,N
543,537.65,569.84,5,W,5,N
544,540.19,570.14,5,W,5,N
545,559.57,570.44,5,W,5,N
614,516.42,579.64,5,E,5,N
615,538.60,579.94,5,E,5,N
616,541.34,580.24,5,E,5,N
88,482.53,598.80,1,S,3,E
402,406.76,599.40,3,W,5,W
437,436.92,599.70,3,E,5,W
438,450.04,600.00,3,E,5,W
439,459.97,600.30,3,E,5,W
440,478.11,600.60,3,E,5,W
232,530.59,600.60,1,W,2,W
441,479.72,600.90,3,E,5,W
67,340.98,601.20,1,S,5,W
378,434.89,601.50,2,E,5,W
343,414.84,601.80,2,W,5,W
346,480.12,602.10,2,W,5,W
347,486.86,602.40,2,W,5,W
92,536.42,602.40,1,S,1,W
617,596.29,602.42,5,E,5,N
212,399.96,602.70,1,W,5,W
93,537.98,602.70,1,S,1,W
215,410.86,603.00,1,W,5,W
96,541.69,603.00,1,S,1,W
217,432.23,603.30,1,W,5,W
100,573.60,603.30,1,S,1,W
219,437.05,603.60,1,W,5,W
311,411.84,603.90,1,E,5,W
316,584.58,610.70,1,E,2,W
351,542.20,613.37,2,W,3,E
314,498.68,616.50,1,E,5,E
68,343.40,621.54,1,S,5,N
69,345.34,621.84,1,S,5,N
70,347.98,622.14,1,S,5,N
73,395.90,622.44,1,S,5,N
74,396.81,622.74,1,S,5,N
75,399.69,623.04,1,S,5,N
76,400.24,623.34,1,S,5,N
77,402.63,623.64,1,S,5,N
342,404.10,623.94,2,W,5,N
344,443.43,624.24,2,W,5,N
379,484.85,624.54,2,E,5,N
348,497.37,624.84,2,W,5,N
78,433.88,625.14,1,S,5,N
79,435.79,625.44,1,S,5,N
210,366.31,625.74,1,W,5,N
211,379.30,626.04,1,W,5,N
214,401.80,626.34,1,W,5,N
216,416.05,626.64,1,W,5,N
218,433.35,626.94,1,W,5,N
220,443.20,627.24,1,W,5,N
221,444.14,627.54,1,W,5,N
222,457.73,627.84,1,W,5,N
223,458.88,628.14,1,W,5,N
224,461.92,628.44,1,W,5,N
312,419.20,628.74,1,E,5,N
313,465.34,629.04,1,E,5,N
442,526.88,629.97,3,E,5,N
406,507.73,630.27,3,W,5,N
407,530.38,630.57,3,W,5,N
445,577.97,639.74,3,E,5,N
546,575.83,665.54,5,W,5,N
547,578.08,665.84,5,W,5,N
548,580.56,666.14,5,W,5,N
549,591.07,666.44,5,W,5,N
550,592.14,666.74,5,W,5,N
551,638.55,667.04,5,W,5,N
552,639.90,667.34,5,W,5,N
553,640.61,667.64,5,W,5,N
618,603.60,679.54,5,E,5,N
619,612.34,679.84,5,E,5,N
620,617.79,680.14,5,E,5,N
621,623.19,680.44,5,E,5,N
622,677.62,683.75,5,E,5,N
623,683.06,689.19,5,E,5,N
624,690.31,696.45,5,E,5,N
443,528.12,699.30,3,E,5,W
444,570.91,699.60,3,E,5,W
80,438.66,699.90,1,S,5,W
83,475.22,700.20,1,S,5,W
87,481.76,700.50,1,S,5,W
238,569.48,700.70,1,W,2,W
89,482.73,700.80,1,S,5,W
239,571.12,701.00,1,W,2,W
352,552.72,701.10,2,W,5,W
245,605.44,701.30,1,W,2,W
225,470.30,701.40,1,W,5,W
234,551.01,701.70,1,W,5,W
235,562.24,702.00,1,W,5,W
236,564.08,702.30,1,W,5,W
106,632.49,702.80,1,S,1,W
385,654.01,713.17,2,E,3,W
90,485.85,715.30,1,S,5,E
81,470.34,721.44,1,S,5,N
82,474.81,721.74,1,S,5,N
84,475.84,722.04,1,S,5,N
86,478.19,722.34,1,S,5,N
349,508.48,722.64,2,W,5,N
380,526.17,722.94,2,E,5,N
381,542.14,723.24,2,E,5,N
350,530.24,723.54,2,W,5,N
382,575.02,723.84,2,E,5,N
353,586.73,724.14,2,W,5,N
383,593.49,724.44,2,E,5,N
226,472.27,724.74,1,W,5,N
227,474.22,725.04,1,W,5,N
228,475.42,725.34,1,W,5,N
229,476.90,725.64,1,W,5,N
230,498.90,725.94,1,W,5,N
231,524.36,726.24,1,W,5,N
233,534.12,726.54,1,W,5,N
315,527.44,726.84,1,E,5,N
319,598.85,727.14,1,E,5,N
446,620.61,729.77,3,E,5,N
409,669.85,731.62,3,W,5,N
243,598.17,738.57,1,W,3,E
449,683.89,745.66,3,E,5,N
450,690.87,752.64,3,E,5,N
554,681.36,765.44,5,W,5,N
555,697.07,765.74,5,W,5,N
556,697.75,766.04,5,W,5,N
557,698.47,766.34,5,W,5,N
558,698.60,766.64,5,W,5,N
559,740.31,766.94,5,W,5,N
560,754.21,767.24,5,W,5,N
561,760.68,767.54,5,W,5,N
562,762.43,768.56,5,W,5,N
563,763.89,770.03,5,W,5,N
625,716.20,779.44,5,E,5,N
626,733.30,779.74,5,E,5,N
627,738.56,780.04,5,E,5,N
628,740.80,780.34,5,E,5,N
629,791.96,798.09,5,E,5,N
317,594.64,799.20,1,E,5,W
318,596.27,799.50,1,E,5,W
408,600.71,799.80,3,W,5,W
447,627.43,800.10,3,E,5,W
448,628.94,800.40,3,E,5,W
98,573.37,800.70,1,S,5,W
114,713.71,800.80,1,S,2,W
99,573.48,801.00,1,S,5,W
103,577.33,801.30,1,S,5,W
384,641.03,801.60,2,E,5,W
107,633.43,801.90,1,S,5,W
240,579.18,802.20,1,W,5,W
242,588.41,802.50,1,W,5,W
249,644.39,802.80,1,W,5,W
321,643.57,803.10,1,E,5,W
111,707.37,803.20,1,S,1,W
122,766.77,803.50,1,S,1,W
356,712.40,812.97,2,W,3,W
359,769.53,813.87,2,W,3,E
105,628.80,815.20,1,S,5,E
237,567.66,815.50,1,W,5,E
247,627.92,815.80,1,W,5,E
94,539.32,821.34,1,S,5,N
95,539.87,821.64,1,S,5,N
97,542.11,821.94,1,S,5,N
101,573.96,822.24,1,S,5,N
102,575.43,822.54,1,S,5,N
104,580.32,822.84,1,S,5,N
354,662.22,823.14,2,W,5,N
386,687.86,823.44,2,E,5,N
452,757.07,823.73,3,E,5,E
355,698.06,823.74,2,W,5,N
241,580.86,824.04,1,W,5,N
244,599.64,824.34,1,W,5,N
246,606.93,824.64,1,W,5,N
248,629.24,824.94,1,W,5,N
250,649.47,825.24,1,W,5,N
251,661.99,825.54,1,W,5,N
320,616.84,825.84,1,E,5,N
323,697.70,826.14,1,E,5,N
410,742.40,829.57,3,W,5,N
451,724.30,829.87,3,E,5,N
256,686.74,840.47,1,W,3,E
564,777.34,865.34,5,W,5,N
565,778.38,865.64,5,W,5,N
566,796.24,865.94,5,W,5,N
567,798.06,866.24,5,W,5,N
568,799.60,866.54,5,W,5,N
569,801.56,866.84,5,W,5,N
570,803.24,867.14,5,W,5,N
571,817.26,867.44,5,W,5,N
572,833.50,867.74,5,W,5,N
573,834.68,868.04,5,W,5,N
574,836.92,868.34,5,W,5,N
575,838.55,868.64,5,W,5,N
576,848.61,868.94,5,W,5,N
577,849.69,869.24,5,W,5,N
630,800.04,879.34,5,E,5,N
631,851.02,879.64,5,E,5,N
632,880.18,886.32,5,E,5,N
633,885.75,891.88,5,E,5,N
634,889.95,896.09,5,E,5,N
126,804.50,898.20,1,S,3,E
322,693.86,899.10,1,E,5,W
324,700.21,899.40,1,E,5,W
453,777.05,899.70,3,E,5,W
109,663.17,900.00,1,S,5,W
387,704.46,900.30,2,E,5,W
358,740.21,900.60,2,W,5,W
112,712.54,900.90,1,S,5,W
267,793.03,900.90,1,W,2,W
113,713.67,901.20,1,S,5,W
277,844.77,901.20,1,W,2,W
116,714.60,901.50,1,S,5,W
635,895.57,901.71,5,E,5,N
118,717.13,901.80,1,S,5,W
119,717.65,902.10,1,S,5,W
120,720.00,902.40,1,S,5,W
253,670.63,902.70,1,W,5,W
255,686.21,903.00,1,W,5,W
257,695.99,903.30,1,W,5,W
261,733.69,903.60,1,W,5,W
128,839.40,903.60,1,S,1,W
325,727.57,903.90,1,E,5,W
131,843.44,903.90,1,S,1,W
326,771.79,904.20,1,E,5,W
134,851.39,904.20,1,S,1,W
327,781.53,904.50,1,E,5,W
142,871.48,904.50,1,S,1,W
144,872.78,904.80,1,S,1,W
361,794.41,915.10,2,W,5,E
115,714.58,915.40,1,S,5,E
117,715.14,915.70,1,S,5,E
258,712.69,916.00,1,W,5,E
108,661.27,921.24,1,S,5,N
110,663.45,921.54,1,S,5,N
357,727.27,921.84,2,W,5,N
388,742.52,922.14,2,E,5,N
389,766.15,922.44,2,E,5,N
360,783.90,922.74,2,W,5,N
252,669.18,923.04,1,W,5,N
254,672.26,923.34,1,W,5,N
412,824.58,923.53,3,W,5,E
259,731.15,923.64,1,W,5,N
455,851.46,923.83,3,E,5,E
260,732.49,923.94,1,W,5,N
262,747.27,924.24,1,W,5,N
263,750.61,924.54,1,W,5,N
328,782.64,924.84,1,E,5,N
411,816.88,929.37,3,W,5,N
413,837.24,929.97,3,W,5,N
414,843.48,930.27,3,W,5,N
415,843.85,930.57,3,W,5,N
264,770.84,937.27,1,W,3,W
275,841.45,940.27,1,W,3,E
330,835.23,941.77,1,E,3,E
578,879.81,965.24,5,W,5,N
579,881.55,965.54,5,W,5,N
580,882.71,965.84,5,W,5,N
581,891.86,966.14,5,W,5,N
582,893.62,966.44,5,W,5,N
583,894.86,966.74,5,W,5,N
584,895.68,967.04,5,W,5,N
585,896.76,967.34,5,W,5,N
586,897.27,967.64,5,W,5,N
454,817.64,999.00,3,E,5,W
456,889.54,999.30,3,E,5,W
457,890.80,999.60,3,E,5,W
123,767.73,999.90,1,S,5,W
124,768.54,1000.20,1,S,5,W
265,782.32,1000.50,1,W,5,W
269,808.00,1000.80,1,W,5,W
274,839.92,1001.10,1,W,5,W
278,865.55,1001.40,1,W,5,W
121,765.66,1021.14,1,S,5,N
125,801.35,1021.44,1,S,5,N
390,812.55,1021.74,2,E,5,N
362,806.94,1022.04,2,W,5,N
363,814.65,1022.34,2,W,5,N
391,842.51,1022.64,2,E,5,N
392,890.56,1022.94,2,E,5,N
364,897.38,1023.24,2,W,5,N
127,837.66,1023.54,1,S,5,N
266,783.10,1023.84,1,W,5,N
268,800.39,1024.14,1,W,5,N
270,823.05,1024.44,1,W,5,N
271,826.83,1024.74,1,W,5,N
272,828.40,1025.04,1,W,5,N
273,830.05,1025.34,1,W,5,N
276,842.98,1025.64,1,W,5,N
279,867.33,1025.94,1,W,5,N
329,808.77,1026.24,1,E,5,N
331,839.23,1026.54,1,E,5,N
332,859.21,1026.84,1,E,5,N
333,878.63,1027.14,1,E,5,N
416,899.61,1029.17,3,W,5,N
145,874.01,1037.37,1,S,3,W
458,899.21,1098.90,3,E,5,W
129,840.97,1099.20,1,S,5,W
132,848.02,1099.50,1,S,5,W
137,854.90,1099.80,1,S,5,W
138,856.88,1100.10,1,S,5,W
143,872.39,1100.40,1,S,5,W
146,876.30,1100.70,1,S,5,W
147,876.61,1101.00,1,S,5,W
148,877.74,1101.30,1,S,5,W
130,841.96,1121.04,1,S,5,N
133,849.98,1121.34,1,S,5,N
135,852.04,1121.64,1,S,5,N
136,852.38,1121.94,1,S,5,N
139,862.79,1122.24,1,S,5,N
140,865.14,1122.54,1,S,5,N
141,865.97,1122.84,1,S,5,N
280,868.42,1123.14,1,W,5,N
281,870.21,1123.44,1,W,5,N
282,892.12,1123.74,1,W,5,N
283,897.56,1124.04,1,W,5,N