id,enter_time,exit_time,entrance_intersection,entrance_direction,exit_intersection,exit_direction
486,0.79,66.14,5,W,5,N
487,11.33,66.44,5,W,5,N
488,28.61,66.74,5,W,5,N
489,29.87,67.04,5,W,5,N
490,32.49,67.34,5,W,5,N
491,33.40,67.64,5,W,5,N
492,35.26,67.94,5,W,5,N
493,37.03,68.24,5,W,5,N
494,39.04,68.54,5,W,5,N
495,44.27,68.84,5,W,5,N
496,46.36,69.14,5,W,5,N
497,47.75,69.44,5,W,5,N
498,70.50,76.63,5,W,5,N
499,72.06,78.19,5,W,5,N
619,65.51,80.14,5,E,5,N
620,70.69,80.44,5,E,5,N
621,71.63,80.74,5,E,5,N
622,73.51,81.04,5,E,5,N
1,1.47,99.80,1,S,3,W
186,24.19,100.10,1,W,2,W
7,6.30,100.40,1,S,1,W
10,43.11,100.70,1,S,1,W
455,1.05,130.97,3,E,5,N
456,12.63,131.27,3,E,5,N
457,14.06,131.57,3,E,5,N
18,123.12,137.26,1,S,1,E
191,56.64,138.87,1,W,3,W
24,130.22,144.35,1,S,1,E
500,73.44,166.04,5,W,5,N
501,87.41,166.34,5,W,5,N
502,89.05,166.64,5,W,5,N
503,90.45,166.94,5,W,5,N
504,91.58,167.24,5,W,5,N
505,93.15,167.54,5,W,5,N
506,103.33,167.84,5,W,5,N
507,103.83,168.14,5,W,5,N
508,105.48,168.44,5,W,5,N
509,107.30,168.74,5,W,5,N
510,109.08,169.04,5,W,5,N
511,112.02,169.34,5,W,5,N
512,134.72,169.64,5,W,5,N
513,141.28,169.94,5,W,5,N
514,143.65,170.24,5,W,5,N
515,145.17,170.54,5,W,5,N
516,145.23,170.84,5,W,5,N
517,160.91,171.14,5,W,5,N
518,162.21,171.44,5,W,5,N
519,164.01,171.74,5,W,5,N
520,165.96,172.10,5,W,5,N
521,166.45,172.58,5,W,5,N
623,138.76,180.04,5,E,5,N
624,151.52,180.34,5,E,5,N
625,153.41,180.64,5,E,5,N
626,166.16,180.94,5,E,5,N
627,182.03,188.16,5,E,5,N
458,15.67,199.80,3,E,5,W
459,67.30,200.10,3,E,5,W
14,117.85,200.20,1,S,2,W
431,73.94,200.40,3,W,5,W
32,137.00,200.50,1,S,2,W
0,0.91,200.70,1,S,5,W
15,119.17,200.80,1,S,1,W
195,71.50,200.80,1,W,2,W
2,1.60,201.00,1,S,5,W
16,120.35,201.10,1,S,1,W
198,89.66,201.10,1,W,2,W
369,10.37,201.30,2,W,5,W
21,125.17,201.40,1,S,1,W
200,91.97,201.40,1,W,2,W
6,4.97,201.60,1,S,5,W
25,131.59,201.70,1,S,1,W
202,102.26,201.70,1,W,2,W
183,7.27,201.90,1,W,5,W
28,134.25,202.00,1,S,1,W
184,21.82,202.20,1,W,5,W
34,145.18,202.30,1,S,1,W
187,25.35,202.50,1,W,5,W
189,49.91,202.80,1,W,5,W
190,51.56,203.10,1,W,5,W
192,57.65,203.40,1,W,5,W
44,189.64,203.77,1,S,1,W
628,198.09,204.23,5,E,5,N
629,199.03,205.17,5,E,5,N
46,193.67,207.80,1,S,1,W
49,197.11,211.24,1,S,1,W
41,186.22,213.60,1,S,1,E
3,2.22,215.80,1,S,5,E
372,65.47,216.10,2,W,5,E
4,3.36,221.94,1,S,5,N
5,3.68,222.24,1,S,5,N
404,27.96,222.54,2,E,5,N
370,13.90,222.84,2,W,5,N
405,41.00,223.14,2,E,5,N
371,39.07,223.44,2,W,5,N
373,86.76,223.74,2,W,5,N
406,88.10,224.04,2,E,5,N
374,98.50,224.34,2,W,5,N
375,99.92,224.64,2,W,5,N
182,5.40,224.94,1,W,5,N
185,23.57,225.24,1,W,5,N
188,41.69,225.54,1,W,5,N
193,59.05,225.84,1,W,5,N
194,62.07,226.14,1,W,5,N
322,35.31,226.44,1,E,5,N
432,130.89,230.77,3,W,5,N
433,131.93,231.07,3,W,5,N
462,169.36,231.13,3,E,5,N
434,154.20,231.37,3,W,5,N
435,155.33,231.67,3,W,5,N
376,198.96,235.03,2,W,3,E
19,123.25,236.57,1,S,3,E
436,178.68,240.45,3,W,5,N
205,120.05,241.07,1,W,3,E
43,188.64,242.12,1,S,2,W
522,182.61,265.94,5,W,5,N
523,190.18,266.24,5,W,5,N
524,192.14,266.54,5,W,5,N
525,194.13,266.84,5,W,5,N
526,210.12,267.14,5,W,5,N
527,242.33,267.44,5,W,5,N
528,250.19,267.74,5,W,5,N
529,253.16,268.04,5,W,5,N
530,254.70,268.34,5,W,5,N
531,257.12,268.64,5,W,5,N
630,204.77,279.94,5,E,5,N
631,224.09,280.24,5,E,5,N
632,225.68,280.54,5,E,5,N
633,227.21,280.84,5,E,5,N
634,233.07,281.14,5,E,5,N
635,240.87,281.44,5,E,5,N
460,110.12,299.70,3,E,5,W
461,125.18,300.00,3,E,5,W
227,230.52,300.30,1,W,2,W
8,37.59,300.30,1,S,5,W
234,258.46,300.60,1,W,2,W
12,78.38,300.60,1,S,5,W
331,243.90,300.90,1,E,2,W
13,78.55,300.90,1,S,5,W
333,257.05,301.20,1,E,2,W
50,198.59,301.20,1,S,1,W
407,121.73,301.20,2,E,5,W
54,234.12,301.50,1,S,1,W
411,186.63,301.50,2,E,5,W
196,72.63,301.80,1,W,5,W
197,74.61,302.10,1,W,5,W
199,90.06,302.40,1,W,5,W
201,101.20,302.70,1,W,5,W
206,127.15,303.00,1,W,5,W
210,162.79,303.30,1,W,5,W
211,163.12,303.60,1,W,5,W
327,136.70,303.90,1,E,5,W
328,154.90,304.20,1,E,5,W
58,296.92,311.05,1,S,1,W
413,266.08,312.77,2,E,3,W
23,126.80,315.70,1,S,5,E
29,134.28,316.00,1,S,5,E
30,134.53,316.30,1,S,5,E
204,118.50,316.60,1,W,5,E
208,157.69,316.90,1,W,5,E
9,37.90,321.84,1,S,5,N
11,76.63,322.14,1,S,5,N
408,137.82,322.44,2,E,5,N
409,150.10,322.74,2,E,5,N
410,173.04,323.04,2,E,5,N
17,122.02,323.34,1,S,5,N
20,124.55,323.64,1,S,5,N
22,125.97,323.94,1,S,5,N
26,132.02,324.24,1,S,5,N
27,133.30,324.54,1,S,5,N
31,136.41,324.84,1,S,5,N
203,109.55,325.14,1,W,5,N
207,134.31,325.44,1,W,5,N
209,161.01,325.74,1,W,5,N
212,164.19,326.04,1,W,5,N
213,164.67,326.34,1,W,5,N
323,102.25,326.64,1,E,5,N
324,119.57,326.94,1,E,5,N
325,122.04,327.24,1,E,5,N
326,127.53,327.54,1,E,5,N
329,192.09,327.84,1,E,5,N
330,196.69,328.14,1,E,5,N
437,231.83,330.57,3,W,5,N
438,243.33,330.87,3,W,5,N
464,262.27,331.17,3,E,5,N
220,199.88,338.77,1,W,3,W
229,233.60,341.17,1,W,3,E
62,332.75,346.89,1,S,1,E
532,274.02,365.84,5,W,5,N
533,275.75,366.14,5,W,5,N
534,277.69,366.44,5,W,5,N
535,279.12,366.74,5,W,5,N
536,281.87,367.04,5,W,5,N
537,321.87,367.34,5,W,5,N
538,334.51,367.64,5,W,5,N
539,335.04,367.94,5,W,5,N
540,337.64,368.24,5,W,5,N
541,338.74,368.54,5,W,5,N
542,340.46,368.84,5,W,5,N
543,357.47,369.14,5,W,5,N
544,363.36,369.49,5,W,5,N
545,364.92,371.05,5,W,5,N
546,371.87,378.00,5,W,5,N
636,312.31,379.84,5,E,5,N
637,381.76,387.90,5,E,5,N
463,203.39,399.60,3,E,5,W
465,264.11,399.90,3,E,5,W
35,146.76,400.20,1,S,5,W
337,322.64,400.40,1,E,2,W
37,149.68,400.50,1,S,5,W
48,196.88,400.80,1,S,5,W
51,199.73,401.10,1,S,5,W
214,166.25,401.40,1,W,5,W
59,330.82,401.60,1,S,1,W
216,168.84,401.70,1,W,5,W
61,332.54,401.90,1,S,1,W
223,214.08,402.00,1,W,5,W
65,340.74,402.20,1,S,1,W
230,235.29,402.30,1,W,5,W
67,373.34,402.50,1,S,1,W
332,253.55,402.60,1,E,5,W
68,373.67,402.80,1,S,1,W
414,312.34,412.57,2,E,3,W
342,386.55,412.67,1,E,2,E
66,341.77,414.40,1,S,1,E
39,181.04,415.60,1,S,5,E
40,184.54,415.90,1,S,5,E
218,170.67,416.20,1,W,5,E
224,215.11,416.50,1,W,5,E
334,274.06,416.80,1,E,5,E
439,298.32,421.74,3,W,5,N
33,144.74,422.04,1,S,5,N
36,148.13,422.34,1,S,5,N
38,150.49,422.64,1,S,5,N
42,187.33,422.94,1,S,5,N
45,189.97,423.24,1,S,5,N
47,195.60,423.54,1,S,5,N
412,223.94,423.84,2,E,5,N
377,227.33,424.14,2,W,5,N
378,261.27,424.44,2,W,5,N
379,298.93,424.74,2,W,5,N
52,231.34,425.04,1,S,5,N
53,232.89,425.34,1,S,5,N
215,167.34,425.64,1,W,5,N
217,169.45,425.94,1,W,5,N
219,187.62,426.24,1,W,5,N
221,200.89,426.54,1,W,5,N
222,202.49,426.84,1,W,5,N
225,228.86,427.14,1,W,5,N
226,228.90,427.44,1,W,5,N
228,231.98,427.74,1,W,5,N
231,245.27,428.04,1,W,5,N
232,247.66,428.34,1,W,5,N
233,257.33,428.64,1,W,5,N
235,260.12,428.94,1,W,5,N
236,261.24,429.24,1,W,5,N
335,278.20,429.54,1,E,5,N
467,343.41,430.67,3,E,5,N
468,355.06,430.97,3,E,5,N
81,422.79,436.93,1,S,1,E
238,267.38,437.07,1,W,3,W
254,344.09,441.87,1,W,3,E
338,333.28,443.37,1,E,3,E
88,431.50,445.63,1,S,1,E
469,397.48,459.25,3,E,5,N
547,373.39,465.74,5,W,5,N
548,403.43,466.04,5,W,5,N
549,417.33,466.34,5,W,5,N
550,418.21,466.64,5,W,5,N
551,419.68,466.94,5,W,5,N
552,445.03,467.24,5,W,5,N
553,448.00,467.54,5,W,5,N
554,461.20,467.84,5,W,5,N
555,468.81,474.95,5,W,5,N
556,469.90,476.03,5,W,5,N
557,471.11,477.25,5,W,5,N
638,432.17,479.74,5,E,5,N
639,433.01,480.04,5,E,5,N
640,434.87,480.34,5,E,5,N
440,356.76,499.50,3,W,5,W
466,308.98,499.80,3,E,5,W
470,398.93,500.10,3,E,5,W
55,259.78,500.40,1,S,5,W
348,465.28,500.50,1,E,2,E
57,295.41,500.70,1,S,5,W
380,328.11,501.00,2,W,5,W
416,370.56,501.30,2,E,5,W
383,385.06,501.60,2,W,5,W
237,266.84,501.90,1,W,5,W
71,409.24,502.00,1,S,1,W
241,271.42,502.20,1,W,5,W
77,415.79,502.30,1,S,1,W
249,298.24,502.50,1,W,5,W
78,421.02,502.60,1,S,1,W
251,318.60,502.80,1,W,5,W
84,428.92,502.90,1,S,1,W
256,361.64,503.10,1,W,5,W
102,476.07,503.20,1,S,1,W
257,364.94,503.40,1,W,5,W
339,342.23,503.70,1,E,5,W
340,358.31,504.00,1,E,5,W
343,387.94,505.76,1,E,5,W
239,269.28,515.50,1,W,5,E
244,291.78,515.80,1,W,5,E
56,259.83,521.64,1,S,5,N
415,324.27,521.94,2,E,5,N
381,342.31,522.24,2,W,5,N
382,364.77,522.54,2,W,5,N
384,387.66,522.84,2,W,5,N
60,330.86,523.14,1,S,5,N
240,270.21,523.44,1,W,5,N
242,273.41,523.74,1,W,5,N
243,291.03,524.04,1,W,5,N
245,294.64,524.34,1,W,5,N
246,295.87,524.64,1,W,5,N
247,296.70,524.94,1,W,5,N
248,297.93,525.24,1,W,5,N
250,317.50,525.54,1,W,5,N
252,328.82,525.84,1,W,5,N
253,338.49,526.14,1,W,5,N
255,352.61,526.44,1,W,5,N
336,311.93,526.74,1,E,5,N
341,372.22,527.04,1,E,5,N
344,396.90,527.34,1,E,5,N
345,399.31,527.64,1,E,5,N
441,413.49,530.17,3,W,5,N
442,427.77,530.47,3,W,5,N
85,429.54,539.27,1,S,3,W
443,481.02,542.79,3,W,5,N
100,475.47,543.62,1,S,2,E
558,473.22,565.64,5,W,5,N
559,475.22,565.94,5,W,5,N
560,490.50,566.24,5,W,5,N
561,492.36,566.54,5,W,5,N
562,492.49,566.84,5,W,5,N
563,493.27,567.14,5,W,5,N
564,500.99,567.44,5,W,5,N
565,509.69,567.74,5,W,5,N
566,511.58,568.04,5,W,5,N
567,512.77,568.34,5,W,5,N
568,513.72,568.64,5,W,5,N
569,515.78,568.94,5,W,5,N
570,521.50,569.24,5,W,5,N
571,535.49,569.54,5,W,5,N
572,535.78,569.84,5,W,5,N
573,535.97,570.14,5,W,5,N
574,536.71,570.44,5,W,5,N
575,538.77,570.74,5,W,5,N
576,546.05,571.04,5,W,5,N
577,555.02,571.34,5,W,5,N
578,555.35,571.64,5,W,5,N
579,558.34,571.94,5,W,5,N
580,560.77,572.24,5,W,5,N
581,562.72,572.54,5,W,5,N
641,500.88,579.64,5,E,5,N
642,550.05,579.94,5,E,5,N
643,552.02,580.24,5,E,5,N
644,555.66,580.54,5,E,5,N
471,406.81,599.40,3,E,5,W
472,463.25,599.70,3,E,5,W
63,338.17,600.00,1,S,5,W
64,338.81,600.30,1,S,5,W
418,453.46,600.60,2,E,5,W
75,413.10,600.90,1,S,5,W
82,425.54,601.20,1,S,5,W
89,432.02,601.50,1,S,5,W
259,382.43,601.80,1,W,5,W
263,430.87,602.10,1,W,5,W
266,449.38,602.40,1,W,5,W
109,559.02,602.40,1,S,1,W
268,459.31,602.70,1,W,5,W
116,564.76,602.70,1,S,1,W
270,462.00,603.00,1,W,5,W
271,463.90,603.30,1,W,5,W
346,401.68,603.60,1,E,5,W
350,481.11,603.90,1,E,5,W
420,520.46,612.77,2,E,3,E
111,559.59,615.20,1,S,1,E
261,417.11,615.40,1,W,5,E
114,563.38,615.50,1,S,1,E
347,445.39,615.70,1,E,5,E
69,375.22,621.54,1,S,5,N
70,376.86,621.84,1,S,5,N
385,421.00,622.14,2,W,5,N
417,409.04,622.44,2,E,5,N
419,499.63,622.74,2,E,5,N
72,409.87,623.04,1,S,5,N
73,410.09,623.34,1,S,5,N
74,411.41,623.64,1,S,5,N
444,510.59,623.83,3,W,5,E
76,414.07,623.94,1,S,5,N
79,421.08,624.24,1,S,5,N
80,422.57,624.54,1,S,5,N
83,427.41,624.84,1,S,5,N
86,429.89,625.14,1,S,5,N
87,430.36,625.44,1,S,5,N
90,432.11,625.74,1,S,5,N
258,381.83,626.04,1,W,5,N
260,397.43,626.34,1,W,5,N
262,419.50,626.64,1,W,5,N
264,432.09,626.94,1,W,5,N
265,448.96,627.24,1,W,5,N
267,456.90,627.54,1,W,5,N
269,461.15,627.84,1,W,5,N
349,479.18,628.14,1,E,5,N
474,563.56,630.27,3,E,5,N
445,520.85,630.57,3,W,5,N
446,526.11,630.87,3,W,5,N
447,550.06,631.17,3,W,5,N
278,495.89,639.67,1,W,3,W
120,601.76,643.72,1,S,2,E
582,591.97,665.54,5,W,5,N
583,621.06,665.84,5,W,5,N
584,634.35,666.14,5,W,5,N
585,641.23,666.44,5,W,5,N
586,648.42,666.74,5,W,5,N
587,655.66,667.04,5,W,5,N
588,657.07,667.34,5,W,5,N
589,663.34,669.48,5,W,5,N
590,665.79,671.93,5,W,5,N
591,669.86,676.00,5,W,5,N
645,610.42,679.54,5,E,5,N
646,611.26,679.84,5,E,5,N
647,614.91,680.14,5,E,5,N
648,627.82,680.44,5,E,5,N
649,631.00,680.74,5,E,5,N
650,637.53,681.04,5,E,5,N
651,678.75,684.89,5,E,5,N
473,504.69,699.30,3,E,5,W
94,465.84,699.60,1,S,5,W
99,474.64,699.90,1,S,5,W
101,475.49,700.20,1,S,5,W
388,550.84,700.50,2,W,5,W
422,552.42,700.80,2,E,5,W
104,510.83,701.10,1,S,5,W
272,467.30,701.40,1,W,5,W
277,492.64,701.70,1,W,5,W
279,496.47,702.00,1,W,5,W
281,517.97,702.30,1,W,5,W
284,563.39,702.60,1,W,5,W
121,641.66,702.80,1,S,1,W
128,651.65,703.10,1,S,1,W
95,465.92,715.30,1,S,5,E
421,536.27,715.60,2,E,5,E
91,462.81,721.44,1,S,5,N
92,463.13,721.74,1,S,5,N
93,464.12,722.04,1,S,5,N
96,467.36,722.34,1,S,5,N
97,472.75,722.64,1,S,5,N
98,474.58,722.94,1,S,5,N
103,479.37,723.24,1,S,5,N
386,514.87,723.54,2,W,5,N
387,521.87,723.84,2,W,5,N
389,556.01,724.14,2,W,5,N
477,666.75,724.23,3,E,5,E
390,576.26,724.44,2,W,5,N
423,595.14,724.74,2,E,5,N
105,510.84,725.04,1,S,5,N
106,510.97,725.34,1,S,5,N
107,512.60,725.64,1,S,5,N
273,468.32,725.94,1,W,5,N
274,469.38,726.24,1,W,5,N
275,487.45,726.54,1,W,5,N
276,491.03,726.84,1,W,5,N
280,517.27,727.14,1,W,5,N
282,539.46,727.44,1,W,5,N
283,561.69,727.74,1,W,5,N
285,566.48,728.04,1,W,5,N
351,546.86,728.34,1,E,5,N
449,672.79,728.43,3,W,5,E
448,621.29,729.77,3,W,5,N
475,605.65,730.07,3,E,5,N
478,667.92,730.67,3,E,5,N
592,677.61,765.44,5,W,5,N
593,681.45,765.74,5,W,5,N
594,690.25,766.04,5,W,5,N
595,691.67,766.34,5,W,5,N
596,693.34,766.64,5,W,5,N
597,694.97,766.94,5,W,5,N
598,732.58,767.24,5,W,5,N
599,734.22,767.54,5,W,5,N
600,748.70,767.84,5,W,5,N
601,749.07,768.14,5,W,5,N
652,750.69,779.44,5,E,5,N
476,606.94,799.20,3,E,5,W
117,596.50,799.50,1,S,5,W
119,600.32,799.80,1,S,5,W
287,577.88,800.10,1,W,5,W
288,579.31,800.40,1,W,5,W
293,636.45,800.70,1,W,5,W
294,639.95,801.00,1,W,5,W
295,654.07,801.30,1,W,5,W
296,654.27,801.60,1,W,5,W
357,676.89,801.90,1,E,5,W
139,772.44,803.20,1,S,1,W
140,773.37,803.50,1,S,1,W
145,777.33,803.80,1,S,1,W
151,784.60,804.10,1,S,1,W
152,787.06,804.40,1,S,1,W
113,562.47,815.20,1,S,5,E
136,749.73,816.00,1,S,1,E
144,776.38,816.30,1,S,1,E
149,783.17,816.60,1,S,1,E
108,556.05,821.34,1,S,5,N
110,559.57,821.64,1,S,5,N
112,561.12,821.94,1,S,5,N
115,564.42,822.24,1,S,5,N
118,598.48,822.54,1,S,5,N
424,642.26,822.84,2,E,5,N
391,610.44,823.14,2,W,5,N
392,618.69,823.44,2,W,5,N
393,629.44,823.74,2,W,5,N
394,643.96,824.04,2,W,5,N
395,667.75,824.34,2,W,5,N
396,690.33,824.64,2,W,5,N
425,690.65,824.94,2,E,5,N
286,574.09,825.24,1,W,5,N
289,588.80,825.54,1,W,5,N
290,605.89,825.84,1,W,5,N
291,619.88,826.14,1,W,5,N
292,636.03,826.44,1,W,5,N
297,658.19,826.74,1,W,5,N
352,614.98,827.04,1,E,5,N
353,629.53,827.34,1,E,5,N
354,634.32,827.64,1,E,5,N
355,652.64,827.94,1,E,5,N
356,660.40,828.24,1,E,5,N
358,682.01,828.54,1,E,5,N
359,699.20,828.84,1,E,5,N
450,743.96,829.57,3,W,5,N
480,719.74,829.87,3,E,5,N
302,724.62,838.67,1,W,3,E
305,729.57,839.57,1,W,3,W
307,732.51,840.17,1,W,3,W
164,832.18,846.32,1,S,1,E
165,832.29,846.43,1,S,1,E
482,785.92,847.69,3,E,5,N
451,794.66,856.43,3,W,5,N
602,777.74,865.34,5,W,5,N
603,780.76,865.64,5,W,5,N
604,781.88,865.94,5,W,5,N
605,782.06,866.24,5,W,5,N
606,795.29,866.54,5,W,5,N
607,801.53,866.84,5,W,5,N
608,804.16,867.14,5,W,5,N
609,806.94,867.44,5,W,5,N
610,808.25,867.74,5,W,5,N
611,836.14,868.04,5,W,5,N
612,852.55,868.34,5,W,5,N
613,854.48,868.64,5,W,5,N
614,857.16,868.94,5,W,5,N
653,815.69,879.34,5,E,5,N
654,858.52,879.64,5,E,5,N
655,865.35,879.94,5,E,5,N
656,871.12,880.24,5,E,5,N
657,876.94,883.08,5,E,5,N
479,711.63,899.10,3,E,5,W
481,772.79,899.40,3,E,5,W
483,791.48,899.70,3,E,5,W
125,648.56,900.00,1,S,5,W
126,649.63,900.30,1,S,5,W
127,651.50,900.60,1,S,5,W
129,689.20,900.90,1,S,5,W
130,690.50,901.20,1,S,5,W
131,692.04,901.50,1,S,5,W
426,733.90,901.80,2,E,5,W
399,779.65,902.10,2,W,5,W
298,677.24,902.40,1,W,5,W
300,694.16,902.70,1,W,5,W
301,709.26,903.00,1,W,5,W
658,897.42,903.56,5,E,5,N
156,823.29,903.60,1,S,1,W
160,825.28,903.90,1,S,1,W
162,826.16,904.20,1,S,1,W
163,832.11,904.50,1,S,1,W
169,875.46,904.80,1,S,1,W
178,891.02,905.16,1,S,1,W
181,898.92,913.06,1,S,1,W
429,856.76,913.37,2,E,3,E
133,738.52,915.10,1,S,5,E
167,872.99,916.40,1,S,1,E
180,895.64,916.70,1,S,1,E
122,644.15,921.24,1,S,5,N
123,645.78,921.54,1,S,5,N
124,648.05,921.84,1,S,5,N
397,724.95,922.14,2,W,5,N
398,756.27,922.44,2,W,5,N
427,764.47,922.74,2,E,5,N
132,738.47,923.04,1,S,5,N
299,678.45,923.34,1,W,5,N
303,725.16,923.64,1,W,5,N
304,728.71,923.94,1,W,5,N
306,730.63,924.24,1,W,5,N
308,754.22,924.54,1,W,5,N
309,757.82,924.84,1,W,5,N
360,737.74,925.14,1,E,5,N
361,742.69,925.44,1,E,5,N
362,799.20,925.74,1,E,5,N
454,839.22,929.97,3,W,5,N
485,873.80,935.57,3,E,5,N
154,819.61,936.97,1,S,3,E
159,824.02,938.17,1,S,3,W
615,888.96,965.24,5,W,5,N
616,891.25,965.54,5,W,5,N
617,892.66,965.84,5,W,5,N
618,895.34,966.14,5,W,5,N
179,893.03,998.00,1,S,3,E
484,829.17,999.00,3,E,5,W
452,814.78,999.30,3,W,5,W
453,834.30,999.60,3,W,5,W
135,749.17,999.90,1,S,5,W
143,776.22,1000.20,1,S,5,W
148,782.04,1000.50,1,S,5,W
401,828.39,1000.80,2,W,5,W
430,883.27,1001.10,2,E,5,W
311,778.03,1001.40,1,W,5,W
312,797.22,1001.70,1,W,5,W
313,798.74,1002.00,1,W,5,W
365,812.24,1002.30,1,E,5,W
146,779.65,1015.00,1,S,5,E
147,780.49,1015.30,1,S,5,E
318,861.65,1015.60,1,W,5,E
134,743.87,1021.14,1,S,5,N
137,769.75,1021.44,1,S,5,N
138,771.03,1021.74,1,S,5,N
141,774.73,1022.04,1,S,5,N
142,775.74,1022.34,1,S,5,N
150,783.79,1022.64,1,S,5,N
153,788.31,1022.94,1,S,5,N
428,812.26,1023.24,2,E,5,N
400,813.80,1023.54,2,W,5,N
402,841.75,1023.84,2,W,5,N
403,854.64,1024.14,2,W,5,N
155,821.65,1024.44,1,S,5,N
157,823.29,1024.74,1,S,5,N
158,823.88,1025.04,1,S,5,N
161,826.10,1025.34,1,S,5,N
166,832.39,1025.64,1,S,5,N
310,769.84,1025.94,1,W,5,N
314,801.10,1026.24,1,W,5,N
315,816.01,1026.54,1,W,5,N
316,817.03,1026.84,1,W,5,N
317,838.79,1027.14,1,W,5,N
319,861.73,1027.44,1,W,5,N
363,805.17,1027.74,1,E,5,N
364,810.97,1028.04,1,E,5,N
366,843.73,1028.34,1,E,5,N
367,860.41,1028.64,1,E,5,N
368,878.34,1028.94,1,E,5,N
168,874.42,1098.90,1,S,5,W
171,880.79,1099.20,1,S,5,W
173,883.77,1099.50,1,S,5,W
174,884.59,1099.80,1,S,5,W
176,888.79,1100.10,1,S,5,W
321,885.25,1100.40,1,W,5,W
170,877.01,1114.90,1,S,5,E
172,882.95,1121.04,1,S,5,N
175,888.10,1121.34,1,S,5,N
177,889.78,1121.64,1,S,5,N
320,883.73,1121.94,1,W,5,N