id,enter_time,exit_time,entrance_intersection,entrance_direction,exit_intersection,exit_direction
442,2.59,66.14,5,W,5,N
443,4.12,66.44,5,W,5,N
444,6.23,66.74,5,W,5,N
445,34.59,67.04,5,W,5,N
446,35.31,67.34,5,W,5,N
447,55.02,67.64,5,W,5,N
448,62.06,68.19,5,W,5,N
449,69.24,75.38,5,W,5,N
450,70.45,76.58,5,W,5,N
451,73.12,79.26,5,W,5,N
561,21.00,80.14,5,E,5,N
562,87.73,93.86,5,E,5,N
2,2.64,99.80,1,S,3,W
4,30.42,100.40,1,S,1,W
12,43.59,100.70,1,S,1,W
563,95.32,101.45,5,E,5,N
564,95.57,101.71,5,E,5,N
13,93.31,107.45,1,S,1,W
14,94.42,108.56,1,S,1,W
406,56.07,130.97,3,E,5,N
408,75.09,136.86,3,E,5,N
149,5.10,137.37,1,W,3,E
384,75.87,137.64,3,W,5,N
409,76.22,137.99,3,E,5,N
155,53.57,139.17,1,W,3,E
156,54.36,139.47,1,W,3,E
410,77.72,139.49,3,E,5,N
11,42.81,140.52,1,S,2,W
385,80.57,142.34,3,W,5,N
18,136.75,150.89,1,S,1,E
452,100.83,166.04,5,W,5,N
453,102.12,166.34,5,W,5,N
454,116.61,166.64,5,W,5,N
455,117.79,166.94,5,W,5,N
456,119.44,167.24,5,W,5,N
457,120.53,167.54,5,W,5,N
458,122.60,167.84,5,W,5,N
459,123.68,168.14,5,W,5,N
460,129.60,168.44,5,W,5,N
461,131.74,168.74,5,W,5,N
462,144.69,169.04,5,W,5,N
463,152.33,169.34,5,W,5,N
464,153.45,169.64,5,W,5,N
465,166.99,173.12,5,W,5,N
565,100.68,180.04,5,E,5,N
566,149.52,180.34,5,E,5,N
7,38.13,199.60,1,S,3,W
382,6.26,199.80,3,W,5,W
407,57.26,200.10,3,E,5,W
164,99.65,200.20,1,W,2,W
383,70.29,200.40,3,W,5,W
274,131.80,200.50,1,E,2,W
355,54.88,200.70,2,E,5,W
17,135.16,200.80,1,S,1,W
278,163.34,200.80,1,E,2,W
328,97.61,201.00,2,W,5,W
20,138.97,201.10,1,S,1,W
148,3.51,201.30,1,W,5,W
152,28.48,201.60,1,W,5,W
153,30.29,201.90,1,W,5,W
154,31.16,202.20,1,W,5,W
26,188.34,202.47,1,S,1,W
158,59.52,202.50,1,W,5,W
267,10.44,202.80,1,E,5,W
270,35.63,203.10,1,E,5,W
273,65.07,203.40,1,E,5,W
1,2.23,215.80,1,S,5,E
159,61.22,216.10,1,W,5,E
0,0.69,221.94,1,S,5,N
3,4.11,222.24,1,S,5,N
354,40.87,222.54,2,E,5,N
327,86.42,222.84,2,W,5,N
5,31.22,223.14,1,S,5,N
6,33.01,223.44,1,S,5,N
147,1.97,223.74,1,W,5,N
150,25.49,224.04,1,W,5,N
151,26.85,224.34,1,W,5,N
157,58.01,224.64,1,W,5,N
160,62.00,224.94,1,W,5,N
266,1.67,225.24,1,E,5,N
268,15.87,225.54,1,E,5,N
269,34.08,225.84,1,E,5,N
271,39.57,226.14,1,E,5,N
272,46.19,226.44,1,E,5,N
386,148.34,230.77,3,W,5,N
411,123.39,231.07,3,E,5,N
165,100.03,237.77,1,W,3,W
31,226.65,240.78,1,S,1,E
279,177.69,241.07,1,E,3,W
466,182.32,265.94,5,W,5,N
467,198.76,266.24,5,W,5,N
468,206.96,266.54,5,W,5,N
469,210.01,266.84,5,W,5,N
470,258.39,267.14,5,W,5,N
471,260.81,267.44,5,W,5,N
472,262.21,268.34,5,W,5,N
473,264.77,270.90,5,W,5,N
474,267.11,273.24,5,W,5,N
475,268.55,274.69,5,W,5,N
476,269.76,275.89,5,W,5,N
567,201.26,279.94,5,E,5,N
568,230.78,280.24,5,E,5,N
569,283.46,289.60,5,E,5,N
570,288.58,294.72,5,E,5,N
571,290.00,296.14,5,E,5,N
572,291.01,297.14,5,E,5,N
412,153.96,299.70,3,E,5,W
413,198.31,300.00,3,E,5,W
28,219.09,300.30,1,S,2,W
281,211.35,300.30,1,E,2,E
9,40.36,300.30,1,S,5,W
178,208.08,300.60,1,W,2,W
15,95.72,300.60,1,S,5,W
167,102.97,300.90,1,W,5,W
168,119.54,301.20,1,W,5,W
169,120.86,301.50,1,W,5,W
170,141.74,301.80,1,W,5,W
43,288.42,302.55,1,S,1,W
46,293.69,307.83,1,S,1,W
329,107.78,315.70,2,W,5,E
8,39.03,321.84,1,S,5,N
10,41.73,322.14,1,S,5,N
356,100.41,322.44,2,E,5,N
357,141.82,322.74,2,E,5,N
358,191.27,323.04,2,E,5,N
330,193.82,323.34,2,W,5,N
16,133.44,323.64,1,S,5,N
19,137.00,323.94,1,S,5,N
161,65.20,324.24,1,W,5,N
387,206.85,324.43,3,W,5,E
162,67.05,324.54,1,W,5,N
163,83.34,324.84,1,W,5,N
166,101.36,325.14,1,W,5,N
171,153.53,325.44,1,W,5,N
172,163.27,325.74,1,W,5,N
275,137.78,326.04,1,E,5,N
276,143.59,326.34,1,E,5,N
277,161.95,326.64,1,E,5,N
414,236.58,330.57,3,E,5,N
388,265.49,330.87,3,W,5,N
415,250.68,331.17,3,E,5,N
416,252.27,331.17,3,E,5,N
417,257.59,331.47,3,E,5,N
418,266.81,331.77,3,E,5,N
35,238.33,340.12,1,S,2,W
37,278.12,340.72,1,S,2,W
41,287.18,341.92,1,S,2,W
477,278.80,365.84,5,W,5,N
478,281.16,366.14,5,W,5,N
479,283.82,366.44,5,W,5,N
480,283.90,366.74,5,W,5,N
481,291.49,367.04,5,W,5,N
482,291.88,367.34,5,W,5,N
483,328.96,367.64,5,W,5,N
484,335.31,367.94,5,W,5,N
485,345.41,368.24,5,W,5,N
486,347.12,368.54,5,W,5,N
573,314.66,379.84,5,E,5,N
574,316.55,380.14,5,E,5,N
575,322.98,380.44,5,E,5,N
576,350.88,380.74,5,E,5,N
577,358.40,381.04,5,E,5,N
51,303.47,399.20,1,S,3,W
38,278.81,399.20,1,S,3,E
45,292.57,399.50,1,S,3,E
280,198.18,399.60,1,E,5,W
389,269.31,399.90,3,W,5,W
21,140.56,400.20,1,S,5,W
188,269.54,400.40,1,W,2,W
24,144.42,400.50,1,S,5,W
27,188.94,400.80,1,S,5,W
332,248.41,401.10,2,W,5,W
361,251.80,401.40,2,E,5,W
49,301.41,401.60,1,S,1,W
30,222.11,401.70,1,S,5,W
50,302.87,401.90,1,S,1,W
32,228.04,402.00,1,S,5,W
53,305.80,402.20,1,S,1,W
174,185.70,402.30,1,W,5,W
56,357.27,402.50,1,S,1,W
183,255.06,402.60,1,W,5,W
66,378.11,402.80,1,S,1,W
184,256.22,402.90,1,W,5,W
187,260.82,403.20,1,W,5,W
283,213.95,403.50,1,E,5,W
285,236.25,403.80,1,E,5,W
286,258.89,404.10,1,E,5,W
64,375.61,414.40,1,S,1,E
29,220.39,415.60,1,S,5,E
22,142.35,421.74,1,S,5,N
23,142.95,422.04,1,S,5,N
25,187.01,422.34,1,S,5,N
359,218.22,422.64,2,E,5,N
331,218.58,422.94,2,W,5,N
360,235.49,423.24,2,E,5,N
333,260.49,423.54,2,W,5,N
362,278.19,423.84,2,E,5,N
363,296.08,424.14,2,E,5,N
33,228.76,424.44,1,S,5,N
34,230.70,424.74,1,S,5,N
173,184.63,425.04,1,W,5,N
175,195.68,425.34,1,W,5,N
176,197.00,425.64,1,W,5,N
177,198.82,425.94,1,W,5,N
179,227.16,426.24,1,W,5,N
180,228.38,426.54,1,W,5,N
181,252.26,426.84,1,W,5,N
182,253.36,427.14,1,W,5,N
185,257.48,427.44,1,W,5,N
186,259.12,427.74,1,W,5,N
282,211.41,428.04,1,E,5,N
284,227.17,428.34,1,E,5,N
287,261.75,428.64,1,E,5,N
288,263.27,428.94,1,E,5,N
289,278.00,429.24,1,E,5,N
419,323.33,430.37,3,E,5,N
420,357.30,430.67,3,E,5,N
421,365.46,430.97,3,E,5,N
196,324.73,439.47,1,W,3,E
198,348.20,440.07,1,W,3,W
487,380.18,465.74,5,W,5,N
488,381.82,466.04,5,W,5,N
489,381.92,466.34,5,W,5,N
490,384.48,466.64,5,W,5,N
491,386.03,466.94,5,W,5,N
492,393.34,467.24,5,W,5,N
493,394.59,467.54,5,W,5,N
494,410.30,467.84,5,W,5,N
495,412.07,468.14,5,W,5,N
496,413.61,468.44,5,W,5,N
497,416.49,468.74,5,W,5,N
498,417.32,469.04,5,W,5,N
499,461.89,469.34,5,W,5,N
500,461.94,469.64,5,W,5,N
501,468.48,474.62,5,W,5,N
502,472.77,478.91,5,W,5,N
578,428.13,479.74,5,E,5,N
579,429.67,480.04,5,E,5,N
580,429.98,480.34,5,E,5,N
581,431.54,480.64,5,E,5,N
582,432.31,480.94,5,E,5,N
583,440.19,481.24,5,E,5,N
584,457.30,481.54,5,E,5,N
585,467.90,481.84,5,E,5,N
390,343.37,499.50,3,W,5,W
39,285.88,499.80,1,S,5,W
334,344.11,500.10,2,W,5,W
365,357.66,500.40,2,E,5,W
71,420.59,500.50,1,S,2,W
52,304.93,500.70,1,S,5,W
299,409.41,500.80,1,E,2,W
54,307.62,501.00,1,S,5,W
300,418.70,501.10,1,E,2,W
191,281.75,501.30,1,W,5,W
303,462.07,501.40,1,E,2,W
192,282.85,501.60,1,W,5,W
193,299.68,501.90,1,W,5,W
195,309.24,502.20,1,W,5,W
199,361.57,502.50,1,W,5,W
200,363.10,502.80,1,W,5,W
293,361.89,503.10,1,E,5,W
295,368.65,503.40,1,E,5,W
296,372.15,503.70,1,E,5,W
74,455.54,514.80,1,S,1,E
76,489.46,515.10,1,S,1,E
391,398.76,515.50,3,W,5,E
48,300.54,515.80,1,S,5,E
55,309.15,516.10,1,S,5,E
297,373.30,516.40,1,E,5,E
36,238.67,521.64,1,S,5,N
40,285.99,521.94,1,S,5,N
42,288.21,522.24,1,S,5,N
44,289.58,522.54,1,S,5,N
47,294.76,522.84,1,S,5,N
364,336.48,523.14,2,E,5,N
189,271.09,523.44,1,W,5,N
190,272.26,523.74,1,W,5,N
194,299.80,524.04,1,W,5,N
423,403.35,524.33,3,E,5,E
197,346.68,524.34,1,W,5,N
201,364.46,524.64,1,W,5,N
290,306.68,524.94,1,E,5,N
291,308.57,525.24,1,E,5,N
292,358.12,525.54,1,E,5,N
294,365.62,525.84,1,E,5,N
298,382.96,526.14,1,E,5,N
424,434.44,530.77,3,E,5,N
425,465.17,531.07,3,E,5,N
426,474.78,536.55,3,E,5,N
394,494.26,556.03,3,W,5,N
503,474.17,565.64,5,W,5,N
504,476.83,565.94,5,W,5,N
505,477.15,566.24,5,W,5,N
506,479.40,566.54,5,W,5,N
507,479.87,566.84,5,W,5,N
508,494.06,567.14,5,W,5,N
509,495.51,567.44,5,W,5,N
510,496.77,567.74,5,W,5,N
511,501.20,568.04,5,W,5,N
512,517.58,568.34,5,W,5,N
513,519.04,568.64,5,W,5,N
514,519.46,568.94,5,W,5,N
515,520.57,569.24,5,W,5,N
516,525.86,569.54,5,W,5,N
517,526.89,569.84,5,W,5,N
518,561.70,570.14,5,W,5,N
519,568.05,574.18,5,W,5,N
520,569.24,575.38,5,W,5,N
586,512.65,579.64,5,E,5,N
587,518.07,579.94,5,E,5,N
588,520.29,580.24,5,E,5,N
589,588.61,594.74,5,E,5,N
590,592.47,598.61,5,E,5,N
392,417.72,599.40,3,W,5,W
422,401.69,599.70,3,E,5,W
393,484.32,600.00,3,W,5,W
57,364.79,600.30,1,S,5,W
59,367.87,600.60,1,S,5,W
217,480.28,600.60,1,W,2,W
63,374.74,600.90,1,S,5,W
218,482.09,600.90,1,W,2,W
69,411.04,601.20,1,S,5,W
70,412.74,601.50,1,S,5,W
202,380.34,601.80,1,W,5,W
203,406.31,602.10,1,W,5,W
209,414.03,602.40,1,W,5,W
84,539.65,602.40,1,S,1,W
210,432.73,602.70,1,W,5,W
85,541.03,602.70,1,S,1,W
211,434.25,603.00,1,W,5,W
212,435.77,603.30,1,W,5,W
214,457.18,603.60,1,W,5,W
89,571.86,615.20,1,S,1,E
369,491.51,615.40,2,E,5,E
301,438.41,615.70,1,E,5,E
58,366.32,621.54,1,S,5,N
60,369.42,621.84,1,S,5,N
61,371.30,622.14,1,S,5,N
62,372.53,622.44,1,S,5,N
65,376.24,622.74,1,S,5,N
67,380.04,623.04,1,S,5,N
68,380.12,623.34,1,S,5,N
366,402.59,623.64,2,E,5,N
335,427.49,623.94,2,W,5,N
367,447.37,624.24,2,E,5,N
336,462.68,624.54,2,W,5,N
337,473.03,624.84,2,W,5,N
368,458.93,625.14,2,E,5,N
72,421.09,625.44,1,S,5,N
73,422.28,625.74,1,S,5,N
204,408.57,626.04,1,W,5,N
205,408.82,626.34,1,W,5,N
206,409.25,626.64,1,W,5,N
207,409.39,626.94,1,W,5,N
208,410.05,627.24,1,W,5,N
213,454.82,627.54,1,W,5,N
302,443.92,627.84,1,E,5,N
304,474.26,628.14,1,E,5,N
305,492.23,628.44,1,E,5,N
395,567.76,629.97,3,W,5,N
427,532.92,630.27,3,E,5,N
428,546.16,630.57,3,E,5,N
429,552.81,630.87,3,E,5,N
79,534.06,636.97,1,S,3,W
215,473.82,638.47,1,W,3,E
226,551.15,641.17,1,W,3,E
310,570.09,643.27,1,E,3,W
92,604.02,644.27,1,S,2,W
521,579.27,665.54,5,W,5,N
522,581.22,665.84,5,W,5,N
523,624.89,666.14,5,W,5,N
524,626.52,666.44,5,W,5,N
525,628.08,666.74,5,W,5,N
526,628.23,667.04,5,W,5,N
527,629.70,667.34,5,W,5,N
528,632.66,667.64,5,W,5,N
529,632.76,667.94,5,W,5,N
530,634.15,668.24,5,W,5,N
531,635.33,668.54,5,W,5,N
532,636.18,668.84,5,W,5,N
533,644.05,669.14,5,W,5,N
534,644.85,669.44,5,W,5,N
535,655.14,669.74,5,W,5,N
536,656.59,670.04,5,W,5,N
537,658.59,670.34,5,W,5,N
538,659.58,670.64,5,W,5,N
591,640.19,679.54,5,E,5,N
87,541.94,698.60,1,S,3,E
396,584.38,699.30,3,W,5,W
370,531.60,699.60,2,E,5,W
371,570.16,699.90,2,E,5,W
340,516.65,700.20,2,W,5,W
342,556.98,700.50,2,W,5,W
234,621.76,700.70,1,W,2,W
235,623.49,700.70,1,W,2,E
81,536.18,700.80,1,S,5,W
241,646.69,701.00,1,W,2,W
219,485.84,701.10,1,W,5,W
221,530.58,701.40,1,W,5,W
309,550.23,701.70,1,E,5,W
311,572.39,702.00,1,E,5,W
96,610.28,702.80,1,S,1,W
216,479.16,715.30,1,W,5,E
307,525.13,715.60,1,E,5,E
104,683.68,715.60,1,S,1,E
105,684.13,715.90,1,S,1,E
75,487.55,721.44,1,S,5,N
77,491.50,721.74,1,S,5,N
338,500.76,722.04,2,W,5,N
339,514.90,722.34,2,W,5,N
341,522.00,722.64,2,W,5,N
372,590.25,722.94,2,E,5,N
373,600.50,723.24,2,E,5,N
78,533.13,723.54,1,S,5,N
80,534.96,723.84,1,S,5,N
82,536.65,724.14,1,S,5,N
83,537.33,724.44,1,S,5,N
220,508.37,724.74,1,W,5,N
222,532.17,725.04,1,W,5,N
223,542.08,725.34,1,W,5,N
224,545.98,725.64,1,W,5,N
225,549.15,725.94,1,W,5,N
227,552.21,726.24,1,W,5,N
228,553.74,726.54,1,W,5,N
346,690.51,726.58,2,W,3,W
306,508.08,726.84,1,E,5,N
308,526.25,727.14,1,E,5,N
312,577.35,727.44,1,E,5,N
397,606.22,729.77,3,W,5,N
431,651.05,730.07,3,E,5,N
432,652.64,730.37,3,E,5,N
98,612.08,737.97,1,S,3,E
313,631.53,741.57,1,E,3,E
121,734.21,748.34,1,S,1,E
539,687.85,765.44,5,W,5,N
540,689.96,765.74,5,W,5,N
541,690.24,766.04,5,W,5,N
542,710.68,766.34,5,W,5,N
543,711.83,766.64,5,W,5,N
544,714.64,766.94,5,W,5,N
545,716.24,767.24,5,W,5,N
546,720.21,767.54,5,W,5,N
547,721.75,767.84,5,W,5,N
548,726.03,768.14,5,W,5,N
549,727.16,768.44,5,W,5,N
550,728.54,768.74,5,W,5,N
551,734.49,769.04,5,W,5,N
552,734.70,769.34,5,W,5,N
553,738.67,769.64,5,W,5,N
554,741.34,769.94,5,W,5,N
592,709.92,779.44,5,E,5,N
593,723.06,779.74,5,E,5,N
594,732.27,780.04,5,E,5,N
595,760.46,780.34,5,E,5,N
100,651.92,798.40,1,S,3,W
430,598.83,799.20,3,E,5,W
433,666.53,799.50,3,E,5,W
398,675.98,799.80,3,W,5,W
86,541.91,800.10,1,S,5,W
88,543.17,800.40,1,S,5,W
93,605.92,800.70,1,S,5,W
247,745.65,800.80,1,W,2,E
248,748.34,800.80,1,W,2,W
97,611.66,801.00,1,S,5,W
320,750.73,801.10,1,E,2,W
232,602.46,801.30,1,W,5,W
233,605.95,801.60,1,W,5,W
238,641.69,801.90,1,W,5,W
239,644.52,802.20,1,W,5,W
314,658.23,802.50,1,E,5,W
315,666.17,802.80,1,E,5,W
106,716.02,803.20,1,S,1,W
116,729.35,803.50,1,S,1,W
122,734.84,803.80,1,S,1,W
376,699.02,815.20,2,E,5,E
90,572.38,821.34,1,S,5,N
91,573.15,821.64,1,S,5,N
374,612.08,821.94,2,E,5,N
343,634.40,822.24,2,W,5,N
344,648.91,822.54,2,W,5,N
375,650.17,822.84,2,E,5,N
345,680.20,823.14,2,W,5,N
94,607.55,823.44,1,S,5,N
95,609.23,823.74,1,S,5,N
436,759.32,824.03,3,E,5,E
229,570.41,824.04,1,W,5,N
230,572.00,824.34,1,W,5,N
231,588.19,824.64,1,W,5,N
236,625.02,824.94,1,W,5,N
237,640.04,825.24,1,W,5,N
240,644.70,825.54,1,W,5,N
242,665.82,825.84,1,W,5,N
316,668.34,826.14,1,E,5,N
317,669.79,826.44,1,E,5,N
318,673.00,826.74,1,E,5,N
399,732.12,829.57,3,W,5,N
400,737.12,829.87,3,W,5,N
402,766.94,830.47,3,W,5,N
111,722.79,838.07,1,S,3,W
113,724.70,838.67,1,S,3,E
555,785.57,865.34,5,W,5,N
556,792.35,865.64,5,W,5,N
557,826.94,865.94,5,W,5,N
558,853.08,866.24,5,W,5,N
559,853.40,866.54,5,W,5,N
596,829.73,879.34,5,E,5,N
597,856.33,879.64,5,E,5,N
598,856.48,879.94,5,E,5,N
599,858.26,880.24,5,E,5,N
600,866.50,880.54,5,E,5,N
601,867.32,880.84,5,E,5,N
434,712.53,899.10,3,E,5,W
435,750.87,899.40,3,E,5,W
401,739.64,899.70,3,W,5,W
437,796.02,900.00,3,E,5,W
319,702.08,900.30,1,E,5,W
101,652.44,900.60,1,S,5,W
103,682.19,900.90,1,S,5,W
347,784.31,901.20,2,W,5,W
108,719.13,901.50,1,S,5,W
112,724.13,901.80,1,S,5,W
119,732.51,902.10,1,S,5,W
321,751.77,902.40,1,E,5,W
322,769.46,902.70,1,E,5,W
323,778.92,903.00,1,E,5,W
137,879.56,903.60,1,S,1,W
138,881.71,903.90,1,S,1,W
143,890.97,905.11,1,S,1,W
379,811.92,913.07,2,E,3,E
107,718.34,915.10,1,S,5,E
110,721.08,915.40,1,S,5,E
243,679.14,915.70,1,W,5,E
438,797.73,921.24,3,E,5,N
99,651.64,921.54,1,S,5,N
102,681.36,921.84,1,S,5,N
377,748.76,922.14,2,E,5,N
378,767.64,922.44,2,E,5,N
109,719.55,922.74,1,S,5,N
114,725.75,923.04,1,S,5,N
115,728.51,923.34,1,S,5,N
117,729.51,923.64,1,S,5,N
118,731.98,923.94,1,S,5,N
120,733.46,924.24,1,S,5,N
123,735.79,924.54,1,S,5,N
244,700.06,924.84,1,W,5,N
245,717.01,925.14,1,W,5,N
246,728.66,925.44,1,W,5,N
249,764.41,925.74,1,W,5,N
403,835.42,929.37,3,W,5,N
440,855.01,929.67,3,E,5,N
256,833.26,939.97,1,W,3,E
405,879.98,941.75,3,W,5,N
560,890.29,965.24,5,W,5,N
140,884.52,998.00,1,S,3,E
139,884.40,998.00,1,S,3,W
439,853.97,999.00,3,E,5,W
404,857.31,999.30,3,W,5,W
441,864.61,999.60,3,E,5,W
124,771.30,999.90,1,S,5,W
380,840.95,1000.20,2,E,5,W
350,851.73,1000.50,2,W,5,W
352,876.99,1000.80,2,W,5,W
127,811.55,1001.10,1,S,5,W
251,788.11,1001.40,1,W,5,W
257,834.57,1001.70,1,W,5,W
259,857.79,1002.00,1,W,5,W
326,864.66,1002.30,1,E,5,W
260,859.01,1015.00,1,W,5,E
125,773.02,1021.14,1,S,5,N
348,819.90,1021.44,2,W,5,N
349,822.39,1021.74,2,W,5,N
351,865.96,1022.04,2,W,5,N
353,880.45,1022.34,2,W,5,N
381,889.50,1022.64,2,E,5,N
126,807.16,1022.94,1,S,5,N
128,812.57,1023.24,1,S,5,N
129,813.80,1023.54,1,S,5,N
250,786.95,1023.84,1,W,5,N
252,789.85,1024.14,1,W,5,N
253,805.07,1024.44,1,W,5,N
254,825.62,1024.74,1,W,5,N
255,825.92,1025.04,1,W,5,N
258,856.77,1025.34,1,W,5,N
324,837.42,1025.64,1,E,5,N
325,848.30,1025.94,1,E,5,N
131,873.47,1098.90,1,S,5,W
135,877.76,1099.20,1,S,5,W
136,878.04,1099.50,1,S,5,W
141,885.37,1099.80,1,S,5,W
265,892.66,1100.10,1,W,5,W
130,847.11,1114.90,1,S,5,E
134,875.72,1115.20,1,S,5,E
132,874.21,1121.04,1,S,5,N
133,874.65,1121.34,1,S,5,N
142,886.01,1121.64,1,S,5,N
144,891.98,1121.94,1,S,5,N
145,893.44,1122.24,1,S,5,N
146,893.78,1122.54,1,S,5,N
261,868.64,1122.84,1,W,5,N
262,870.42,1123.14,1,W,5,N
263,871.65,1123.44,1,W,5,N
264,873.35,1123.74,1,W,5,N