id,enter_time,exit_time,entrance_intersection,entrance_direction,exit_intersection,exit_direction
2,9.35,23.48,1,S,1,E
510,34.23,66.14,5,W,5,N
511,47.96,66.44,5,W,5,N
512,49.97,66.74,5,W,5,N
513,56.79,67.04,5,W,5,N
514,58.34,67.34,5,W,5,N
655,2.11,80.14,5,E,5,N
656,2.34,80.44,5,E,5,N
657,10.84,80.74,5,E,5,N
658,12.29,81.04,5,E,5,N
659,33.36,81.34,5,E,5,N
660,38.90,81.64,5,E,5,N
7,13.79,100.10,1,S,2,W
208,10.42,100.40,1,W,2,W
1,7.49,100.40,1,S,1,W
4,10.27,100.70,1,S,1,W
8,21.43,101.00,1,S,1,W
10,25.96,101.30,1,S,1,W
12,31.66,101.60,1,S,1,W
14,65.88,101.90,1,S,1,W
16,68.84,102.20,1,S,1,W
21,73.79,102.50,1,S,1,W
22,74.13,102.80,1,S,1,W
28,78.87,103.10,1,S,1,W
38,93.54,107.68,1,S,1,W
30,80.30,113.20,1,S,1,E
467,33.06,130.97,3,E,5,N
468,35.02,131.27,3,E,5,N
5,11.60,136.47,1,S,3,W
26,77.04,141.72,1,S,2,W
217,45.98,142.17,1,W,3,W
34,87.12,143.52,1,S,2,W
446,93.02,154.79,3,W,5,N
515,84.78,166.04,5,W,5,N
516,111.47,166.34,5,W,5,N
517,112.65,166.64,5,W,5,N
518,114.64,166.94,5,W,5,N
519,119.93,167.24,5,W,5,N
520,120.94,167.54,5,W,5,N
521,121.65,167.84,5,W,5,N
522,139.67,168.14,5,W,5,N
523,145.27,168.44,5,W,5,N
524,146.28,168.74,5,W,5,N
525,146.60,169.04,5,W,5,N
526,149.39,169.34,5,W,5,N
527,151.80,169.64,5,W,5,N
528,151.99,169.94,5,W,5,N
529,159.58,170.24,5,W,5,N
530,160.27,170.54,5,W,5,N
531,162.12,170.84,5,W,5,N
661,113.63,180.04,5,E,5,N
662,122.09,180.34,5,E,5,N
24,75.41,199.60,1,S,3,W
25,76.53,199.60,1,S,3,E
444,14.00,199.80,3,W,5,W
33,84.71,199.90,1,S,3,W
445,66.39,200.10,3,W,5,W
221,73.09,200.20,1,W,2,W
469,68.94,200.40,3,E,5,W
0,3.11,200.70,1,S,5,W
41,135.11,200.80,1,S,1,W
418,10.47,201.00,2,E,5,W
53,166.31,201.10,1,S,1,W
385,69.22,201.30,2,W,5,W
420,61.21,201.60,2,E,5,W
3,10.13,201.90,1,S,5,W
202,0.71,202.20,1,W,5,W
663,196.20,202.34,5,E,5,N
204,3.13,202.50,1,W,5,W
212,19.37,202.80,1,W,5,W
213,26.97,203.10,1,W,5,W
219,49.46,203.40,1,W,5,W
334,41.13,203.70,1,E,5,W
335,46.12,204.00,1,E,5,W
340,180.17,206.29,1,E,2,E
423,140.87,212.67,2,E,3,E
55,167.22,213.60,1,S,1,E
62,204.88,219.01,1,S,1,E
384,30.23,221.94,2,W,5,N
419,38.61,222.24,2,E,5,N
386,81.87,222.54,2,W,5,N
421,93.78,222.84,2,E,5,N
387,94.80,223.14,2,W,5,N
64,209.05,223.19,1,S,1,E
6,13.54,223.44,1,S,5,N
9,23.35,223.74,1,S,5,N
11,30.80,224.04,1,S,5,N
13,33.41,224.34,1,S,5,N
203,1.32,224.64,1,W,5,N
205,4.84,224.94,1,W,5,N
206,6.76,225.24,1,W,5,N
207,8.52,225.54,1,W,5,N
209,10.61,225.84,1,W,5,N
210,14.34,226.14,1,W,5,N
211,15.88,226.44,1,W,5,N
214,28.86,226.74,1,W,5,N
215,35.68,227.04,1,W,5,N
216,36.52,227.34,1,W,5,N
218,48.72,227.64,1,W,5,N
336,96.82,227.94,1,E,5,N
470,110.84,230.77,3,E,5,N
447,100.37,231.07,3,W,5,N
471,145.80,231.07,3,E,5,N
73,217.00,231.13,1,S,1,E
472,154.22,231.37,3,E,5,N
60,171.74,244.22,1,S,2,W
449,185.56,247.33,3,W,5,N
532,192.48,265.94,5,W,5,N
533,195.26,266.24,5,W,5,N
534,197.27,266.54,5,W,5,N
535,230.57,266.84,5,W,5,N
536,242.99,267.14,5,W,5,N
537,244.06,267.44,5,W,5,N
538,244.83,267.74,5,W,5,N
539,245.47,268.04,5,W,5,N
540,246.69,268.34,5,W,5,N
541,254.14,268.64,5,W,5,N
664,205.87,279.94,5,E,5,N
665,273.48,280.24,5,E,5,N
52,164.54,299.40,1,S,3,W
50,161.27,299.40,1,S,3,E
61,203.80,299.70,1,S,3,W
58,170.88,299.70,1,S,3,E
448,116.66,299.70,3,W,5,W
473,156.15,300.00,3,E,5,W
72,215.49,300.30,1,S,2,E
240,232.37,300.30,1,W,2,W
474,163.46,300.30,3,E,5,W
18,69.22,300.60,1,S,5,W
29,79.91,300.90,1,S,5,W
67,213.22,301.20,1,S,1,W
32,83.16,301.20,1,S,5,W
84,263.84,301.50,1,S,1,W
35,88.90,301.50,1,S,5,W
86,265.18,301.80,1,S,1,W
37,92.84,301.80,1,S,5,W
422,113.91,302.10,2,E,5,W
424,170.94,302.40,2,E,5,W
220,72.24,302.70,1,W,5,W
226,129.76,303.00,1,W,5,W
91,273.47,314.00,1,S,1,E
15,66.90,321.84,1,S,5,N
17,69.11,322.14,1,S,5,N
19,71.00,322.44,1,S,5,N
20,71.72,322.74,1,S,5,N
23,74.39,323.04,1,S,5,N
27,77.44,323.34,1,S,5,N
31,81.35,323.64,1,S,5,N
36,90.98,323.94,1,S,5,N
39,94.74,324.24,1,S,5,N
388,108.82,324.54,2,W,5,N
389,122.08,324.84,2,W,5,N
390,144.56,325.14,2,W,5,N
345,299.20,325.31,1,E,2,W
391,179.68,325.44,2,W,5,N
425,185.05,325.74,2,E,5,N
40,96.74,326.04,1,S,5,N
42,136.91,326.34,1,S,5,N
222,89.04,326.64,1,W,5,N
223,105.79,326.94,1,W,5,N
224,120.81,327.24,1,W,5,N
225,129.48,327.54,1,W,5,N
227,151.46,327.84,1,W,5,N
228,154.98,328.14,1,W,5,N
229,155.71,328.44,1,W,5,N
230,155.74,328.74,1,W,5,N
337,123.70,329.04,1,E,5,N
338,127.34,329.34,1,E,5,N
339,146.80,329.64,1,E,5,N
475,201.69,330.57,3,E,5,N
476,202.80,330.87,3,E,5,N
478,239.06,331.47,3,E,5,N
479,245.16,331.77,3,E,5,N
65,210.40,336.67,1,S,3,W
237,216.79,340.27,1,W,3,E
80,257.66,341.92,1,S,2,W
343,250.09,342.97,1,E,3,E
542,277.13,365.84,5,W,5,N
543,304.20,366.14,5,W,5,N
544,305.69,366.44,5,W,5,N
545,307.01,366.74,5,W,5,N
546,309.66,367.04,5,W,5,N
547,309.69,367.34,5,W,5,N
548,310.92,367.64,5,W,5,N
549,313.23,367.94,5,W,5,N
550,313.90,368.24,5,W,5,N
551,316.03,368.54,5,W,5,N
552,317.19,368.84,5,W,5,N
553,318.35,369.14,5,W,5,N
554,329.00,369.44,5,W,5,N
555,330.66,369.74,5,W,5,N
556,333.03,370.04,5,W,5,N
557,334.67,370.34,5,W,5,N
558,344.16,370.64,5,W,5,N
559,345.24,370.94,5,W,5,N
666,301.80,379.84,5,E,5,N
667,355.27,380.14,5,E,5,N
668,359.13,380.44,5,E,5,N
74,250.24,399.20,1,S,3,W
89,272.09,399.50,1,S,3,W
450,241.65,399.60,3,W,5,W
451,260.12,399.90,3,W,5,W
477,237.80,400.20,3,E,5,W
102,285.29,400.40,1,S,2,W
44,147.55,400.50,1,S,5,W
45,149.53,400.80,1,S,5,W
48,154.65,401.10,1,S,5,W
49,160.47,401.40,1,S,5,W
107,331.97,401.60,1,S,1,W
51,163.18,401.70,1,S,5,W
109,363.61,401.90,1,S,1,W
54,166.69,402.00,1,S,5,W
392,213.41,402.30,2,W,5,W
426,226.26,402.60,2,E,5,W
427,244.95,402.90,2,E,5,W
393,245.33,403.20,2,W,5,W
234,212.70,403.50,1,W,5,W
242,250.15,403.80,1,W,5,W
341,242.80,404.10,1,E,5,W
396,295.14,415.60,2,W,5,E
68,214.23,415.90,1,S,5,E
243,251.01,416.20,1,W,5,E
344,251.16,416.50,1,E,5,E
117,406.37,420.51,1,S,1,E
43,139.63,421.74,1,S,5,N
46,150.85,422.04,1,S,5,N
47,151.77,422.34,1,S,5,N
56,167.87,422.64,1,S,5,N
57,169.61,422.94,1,S,5,N
59,171.06,423.24,1,S,5,N
394,272.89,423.54,2,W,5,N
395,284.93,423.84,2,W,5,N
428,293.22,424.14,2,E,5,N
63,207.38,424.44,1,S,5,N
66,211.75,424.74,1,S,5,N
69,214.85,425.04,1,S,5,N
70,214.87,425.34,1,S,5,N
71,215.28,425.64,1,S,5,N
231,171.87,425.94,1,W,5,N
232,173.56,426.24,1,W,5,N
233,192.68,426.54,1,W,5,N
235,213.84,426.84,1,W,5,N
236,215.40,427.14,1,W,5,N
238,217.16,427.44,1,W,5,N
239,223.32,427.74,1,W,5,N
241,241.45,428.04,1,W,5,N
244,257.50,428.34,1,W,5,N
342,248.51,428.64,1,E,5,N
483,312.00,431.27,3,E,5,N
484,344.54,431.57,3,E,5,N
453,371.71,433.48,3,W,5,N
245,275.34,440.07,1,W,3,W
247,297.31,440.67,1,W,3,E
349,350.67,445.17,1,E,3,W
486,395.79,451.42,3,E,5,E
487,397.13,458.90,3,E,5,N
560,385.15,465.74,5,W,5,N
561,385.75,466.04,5,W,5,N
562,399.56,466.34,5,W,5,N
563,400.28,466.64,5,W,5,N
564,400.29,466.94,5,W,5,N
565,414.29,467.24,5,W,5,N
566,414.82,467.54,5,W,5,N
567,433.57,467.84,5,W,5,N
568,447.27,468.14,5,W,5,N
569,449.57,468.44,5,W,5,N
570,452.50,468.74,5,W,5,N
571,454.31,469.04,5,W,5,N
572,455.97,469.34,5,W,5,N
573,458.44,469.64,5,W,5,N
574,465.94,472.07,5,W,5,N
575,468.52,474.66,5,W,5,N
576,469.95,476.08,5,W,5,N
577,471.62,477.76,5,W,5,N
669,432.87,479.74,5,E,5,N
670,454.15,480.04,5,E,5,N
452,318.92,499.50,3,W,5,W
480,303.34,499.80,3,E,5,W
481,309.07,500.10,3,E,5,W
482,310.35,500.40,3,E,5,W
485,349.72,500.70,3,E,5,W
78,256.15,501.00,1,S,5,W
82,259.53,501.30,1,S,5,W
88,267.63,501.60,1,S,5,W
90,272.24,501.90,1,S,5,W
116,405.41,502.00,1,S,1,W
397,305.35,502.20,2,W,5,W
120,412.66,502.30,1,S,1,W
398,326.60,502.50,2,W,5,W
128,422.00,502.60,1,S,1,W
430,347.73,502.80,2,E,5,W
130,425.48,502.90,1,S,1,W
399,340.87,503.10,2,W,5,W
402,388.17,503.40,2,W,5,W
94,277.23,503.70,1,S,5,W
95,277.45,504.00,1,S,5,W
96,279.75,504.30,1,S,5,W
98,280.96,504.60,1,S,5,W
246,295.27,504.90,1,W,5,W
250,330.56,505.20,1,W,5,W
257,353.34,505.50,1,W,5,W
347,310.60,505.80,1,E,5,W
351,391.93,509.75,1,E,5,W
406,457.70,513.27,2,W,3,E
75,252.21,515.50,1,S,5,E
76,253.14,521.64,1,S,5,N
77,253.73,521.94,1,S,5,N
79,257.47,522.24,1,S,5,N
81,257.97,522.54,1,S,5,N
83,262.39,522.84,1,S,5,N
85,264.62,523.14,1,S,5,N
87,265.32,523.44,1,S,5,N
92,275.04,523.74,1,S,5,N
454,428.02,524.03,3,W,5,E
93,277.00,524.04,1,S,5,N
429,310.45,524.34,2,E,5,N
400,363.13,524.64,2,W,5,N
401,374.89,524.94,2,W,5,N
431,393.07,525.24,2,E,5,N
403,398.94,525.54,2,W,5,N
97,280.87,525.84,1,S,5,N
99,283.71,526.14,1,S,5,N
100,284.81,526.44,1,S,5,N
101,284.86,526.74,1,S,5,N
103,285.32,527.04,1,S,5,N
104,285.80,527.34,1,S,5,N
105,288.67,527.64,1,S,5,N
106,331.64,527.94,1,S,5,N
248,319.45,528.24,1,W,5,N
249,325.23,528.54,1,W,5,N
251,330.83,528.84,1,W,5,N
252,330.98,529.14,1,W,5,N
253,332.34,529.44,1,W,5,N
254,333.66,529.74,1,W,5,N
255,350.57,530.04,1,W,5,N
256,352.13,530.34,1,W,5,N
258,354.32,530.64,1,W,5,N
346,309.56,530.94,1,E,5,N
348,339.51,531.24,1,E,5,N
350,365.33,531.54,1,E,5,N
352,392.98,531.84,1,E,5,N
488,443.16,532.14,3,E,5,N
261,396.79,540.17,1,W,3,E
356,463.86,543.77,1,E,3,E
490,490.74,552.51,3,E,5,N
578,479.16,565.64,5,W,5,N
579,480.47,565.94,5,W,5,N
580,491.01,566.24,5,W,5,N
581,509.43,566.54,5,W,5,N
582,510.96,566.84,5,W,5,N
583,513.04,567.14,5,W,5,N
584,521.30,567.44,5,W,5,N
585,523.06,567.74,5,W,5,N
586,523.56,568.04,5,W,5,N
587,538.58,568.34,5,W,5,N
588,539.97,568.64,5,W,5,N
589,556.02,568.94,5,W,5,N
590,569.22,575.35,5,W,5,N
591,571.12,577.26,5,W,5,N
671,501.12,579.64,5,E,5,N
672,502.42,579.94,5,E,5,N
673,504.77,580.24,5,E,5,N
674,516.36,580.54,5,E,5,N
675,561.24,580.84,5,E,5,N
353,396.24,599.40,1,E,5,W
455,457.12,599.70,3,W,5,W
489,489.07,600.00,3,E,5,W
111,398.19,600.30,1,S,5,W
432,436.77,600.60,2,E,5,W
282,561.06,600.60,1,W,2,W
405,457.68,600.90,2,W,5,W
119,410.71,601.20,1,S,5,W
121,413.32,601.50,1,S,5,W
124,417.52,601.80,1,S,5,W
125,418.43,602.10,1,S,5,W
127,420.67,602.40,1,S,5,W
137,508.34,602.40,1,S,1,W
262,418.03,602.70,1,W,5,W
142,515.82,602.70,1,S,1,W
267,429.51,603.00,1,W,5,W
144,551.19,603.00,1,S,1,W
268,433.07,603.30,1,W,5,W
146,554.38,603.30,1,S,1,W
270,461.32,603.60,1,W,5,W
359,488.90,606.72,1,E,5,W
152,563.67,615.20,1,S,1,E
354,402.24,615.40,1,E,5,E
153,567.04,615.50,1,S,1,E
357,473.18,615.70,1,E,5,E
154,601.82,615.95,1,S,1,E
108,363.35,621.54,1,S,5,N
110,398.02,621.84,1,S,5,N
112,399.60,622.14,1,S,5,N
113,399.74,622.44,1,S,5,N
114,401.32,622.74,1,S,5,N
115,402.92,623.04,1,S,5,N
404,425.69,623.34,2,W,5,N
433,466.43,623.64,2,E,5,N
407,471.13,623.94,2,W,5,N
118,408.42,624.24,1,S,5,N
122,415.26,624.54,1,S,5,N
123,416.69,624.84,1,S,5,N
126,419.22,625.14,1,S,5,N
129,423.55,625.44,1,S,5,N
259,376.23,625.74,1,W,5,N
260,383.44,626.04,1,W,5,N
263,418.26,626.34,1,W,5,N
264,422.23,626.64,1,W,5,N
265,426.01,626.94,1,W,5,N
266,427.65,627.24,1,W,5,N
269,446.74,627.54,1,W,5,N
355,415.80,627.84,1,E,5,N
358,483.08,628.14,1,E,5,N
491,537.53,629.97,3,E,5,N
457,550.12,630.27,3,W,5,N
136,508.00,636.67,1,S,3,W
272,494.92,638.47,1,W,3,E
458,577.53,639.30,3,W,5,N
276,507.41,639.67,1,W,3,E
492,580.93,642.70,3,E,5,N
495,589.74,645.37,3,E,5,E
493,586.30,648.07,3,E,5,N
494,587.83,649.60,3,E,5,N
459,597.27,659.04,3,W,5,N
592,578.96,665.54,5,W,5,N
593,580.70,665.84,5,W,5,N
594,581.26,666.14,5,W,5,N
595,582.46,666.44,5,W,5,N
596,583.32,666.74,5,W,5,N
597,584.90,667.04,5,W,5,N
598,592.75,667.34,5,W,5,N
599,595.09,667.64,5,W,5,N
600,626.66,667.94,5,W,5,N
601,627.92,668.24,5,W,5,N
602,630.46,668.54,5,W,5,N
603,659.86,668.84,5,W,5,N
604,663.04,669.18,5,W,5,N
605,664.03,670.16,5,W,5,N
606,665.69,671.83,5,W,5,N
607,666.76,672.90,5,W,5,N
608,667.95,674.08,5,W,5,N
609,668.38,674.51,5,W,5,N
610,669.80,675.94,5,W,5,N
676,635.34,679.54,5,E,5,N
677,639.92,679.84,5,E,5,N
678,649.53,680.14,5,E,5,N
679,650.60,680.44,5,E,5,N
456,530.71,699.30,3,W,5,W
132,458.40,699.60,1,S,5,W
134,461.18,699.90,1,S,5,W
680,694.04,700.17,5,E,5,N
135,461.52,700.20,1,S,5,W
434,510.73,700.50,2,E,5,W
408,503.51,700.80,2,W,5,W
435,547.94,701.10,2,E,5,W
139,513.24,701.40,1,S,5,W
141,515.48,701.70,1,S,5,W
271,478.59,702.00,1,W,5,W
278,515.80,702.30,1,W,5,W
280,558.94,702.60,1,W,5,W
157,684.70,702.80,1,S,1,W
360,504.80,702.90,1,E,5,W
361,519.46,703.20,1,E,5,W
362,534.44,703.50,1,E,5,W
367,572.87,703.80,1,E,5,W
681,698.73,704.87,5,E,5,N
161,693.40,707.54,1,S,1,W
163,695.18,709.32,1,S,1,W
165,699.17,713.30,1,S,1,W
131,456.63,715.30,1,S,5,E
460,597.66,721.44,3,W,5,N
133,460.61,721.74,1,S,5,N
409,531.13,722.04,2,W,5,N
410,567.35,722.34,2,W,5,N
436,589.79,722.64,2,E,5,N
138,511.94,722.94,1,S,5,N
140,513.92,723.24,1,S,5,N
273,498.78,723.54,1,W,5,N
274,500.78,723.84,1,W,5,N
275,504.24,724.14,1,W,5,N
277,513.00,724.44,1,W,5,N
279,538.75,724.74,1,W,5,N
281,560.00,725.04,1,W,5,N
363,535.14,725.34,1,E,5,N
364,537.67,725.64,1,E,5,N
365,543.42,725.94,1,E,5,N
366,554.03,726.24,1,E,5,N
368,591.77,726.54,1,E,5,N
497,621.92,730.07,3,E,5,N
462,686.48,748.25,3,W,5,N
611,680.44,765.44,5,W,5,N
612,682.74,765.74,5,W,5,N
613,684.21,766.04,5,W,5,N
614,685.24,766.34,5,W,5,N
615,705.47,766.64,5,W,5,N
616,718.05,766.94,5,W,5,N
617,719.61,767.24,5,W,5,N
618,726.78,767.54,5,W,5,N
619,735.33,767.84,5,W,5,N
620,741.77,768.14,5,W,5,N
621,743.34,768.44,5,W,5,N
622,771.87,778.01,5,W,5,N
623,772.49,778.62,5,W,5,N
682,703.54,779.44,5,E,5,N
683,706.87,779.74,5,E,5,N
684,776.95,783.09,5,E,5,N
496,620.56,799.20,3,E,5,W
461,660.98,799.50,3,W,5,W
498,623.00,799.80,3,E,5,W
499,682.13,800.10,3,E,5,W
150,558.91,800.40,1,S,5,W
437,636.93,800.70,2,E,5,W
307,731.15,800.80,1,W,2,E
294,673.82,800.80,1,W,2,W
412,687.16,801.00,2,W,5,W
156,635.47,801.30,1,S,5,W
286,597.89,801.60,1,W,5,W
290,644.33,801.90,1,W,5,W
291,649.92,802.20,1,W,5,W
292,652.02,802.50,1,W,5,W
369,610.58,802.80,1,E,5,W
371,613.24,803.10,1,E,5,W
171,752.17,803.20,1,S,1,W
372,618.49,803.40,1,E,5,W
172,756.96,803.50,1,S,1,W
373,671.40,803.70,1,E,5,W
173,758.89,803.80,1,S,1,W
176,765.22,804.10,1,S,1,W
143,550.78,821.34,1,S,5,N
145,552.75,821.64,1,S,5,N
147,555.25,821.94,1,S,5,N
148,556.68,822.24,1,S,5,N
149,557.02,822.54,1,S,5,N
151,562.21,822.84,1,S,5,N
411,653.66,823.14,2,W,5,N
438,679.37,823.44,2,E,5,N
155,633.65,823.74,1,S,5,N
283,583.85,824.04,1,W,5,N
284,593.52,824.34,1,W,5,N
285,596.65,824.64,1,W,5,N
287,617.57,824.94,1,W,5,N
288,621.43,825.24,1,W,5,N
289,622.95,825.54,1,W,5,N
370,612.11,825.84,1,E,5,N
463,742.84,829.57,3,W,5,N
501,746.99,829.87,3,E,5,N
500,728.29,829.87,3,E,5,N
187,817.28,831.42,1,S,1,E
306,729.44,840.77,1,W,3,W
178,768.63,844.22,1,S,2,E
502,787.96,849.73,3,E,5,N
624,774.91,865.34,5,W,5,N
625,781.50,865.64,5,W,5,N
626,782.83,865.94,5,W,5,N
627,798.55,866.24,5,W,5,N
628,804.57,866.54,5,W,5,N
629,810.40,866.84,5,W,5,N
630,810.67,867.14,5,W,5,N
631,838.36,867.44,5,W,5,N
632,839.43,867.74,5,W,5,N
633,841.76,868.04,5,W,5,N
634,856.17,868.34,5,W,5,N
635,858.09,868.64,5,W,5,N
636,859.12,868.94,5,W,5,N
637,859.33,869.24,5,W,5,N
638,860.66,869.54,5,W,5,N
639,862.02,869.84,5,W,5,N
640,862.76,870.14,5,W,5,N
641,869.05,875.19,5,W,5,N
685,822.17,879.34,5,E,5,N
686,822.58,879.64,5,E,5,N
687,823.75,879.94,5,E,5,N
688,866.42,880.24,5,E,5,N
689,868.86,880.54,5,E,5,N
690,871.31,880.84,5,E,5,N
174,760.41,898.20,1,S,3,E
464,765.01,899.10,3,W,5,W
160,691.65,899.40,1,S,5,W
162,694.92,899.70,1,S,5,W
166,738.28,900.00,1,S,5,W
296,691.02,900.30,1,W,5,W
302,721.53,900.60,1,W,5,W
308,732.56,900.90,1,W,5,W
312,753.41,901.20,1,W,5,W
374,705.02,901.50,1,E,5,W
377,763.42,901.80,1,E,5,W
193,869.22,903.60,1,S,1,W
196,874.42,903.90,1,S,1,W
197,876.62,904.20,1,S,1,W
198,878.38,904.50,1,S,1,W
309,740.54,915.10,1,W,5,E
311,748.01,915.40,1,W,5,E
158,685.67,921.24,1,S,5,N
159,685.70,921.54,1,S,5,N
164,697.38,921.84,1,S,5,N
439,727.04,922.14,2,E,5,N
440,761.80,922.44,2,E,5,N
413,777.70,922.74,2,W,5,N
293,672.15,923.04,1,W,5,N
295,674.82,923.34,1,W,5,N
297,691.92,923.64,1,W,5,N
298,694.09,923.94,1,W,5,N
299,697.30,924.24,1,W,5,N
300,698.55,924.54,1,W,5,N
301,700.42,924.84,1,W,5,N
303,722.75,925.14,1,W,5,N
304,724.66,925.44,1,W,5,N
305,727.97,925.74,1,W,5,N
310,744.37,926.04,1,W,5,N
375,706.05,926.34,1,E,5,N
376,710.89,926.64,1,E,5,N
378,794.89,926.94,1,E,5,N
465,821.31,929.37,3,W,5,N
503,836.67,929.67,3,E,5,N
504,848.91,929.97,3,E,5,N
313,768.43,939.97,1,W,3,W
379,832.67,943.57,1,E,3,E
642,877.18,965.24,5,W,5,N
643,878.93,965.54,5,W,5,N
644,880.71,965.84,5,W,5,N
645,882.65,966.14,5,W,5,N
646,883.69,966.44,5,W,5,N
647,886.30,966.74,5,W,5,N
648,891.30,967.04,5,W,5,N
649,891.67,967.34,5,W,5,N
650,892.95,967.64,5,W,5,N
651,892.99,967.94,5,W,5,N
652,894.16,968.24,5,W,5,N
653,896.38,968.54,5,W,5,N
654,897.82,968.84,5,W,5,N
195,872.63,998.00,1,S,3,E
505,850.64,999.00,3,E,5,W
506,887.92,999.30,3,E,5,W
507,889.03,999.60,3,E,5,W
466,895.58,999.90,3,W,5,W
169,746.41,1000.20,1,S,5,W
170,751.09,1000.50,1,S,5,W
414,816.72,1000.80,2,W,5,W
415,839.19,1001.10,2,W,5,W
416,845.93,1001.40,2,W,5,W
417,882.64,1001.70,2,W,5,W
181,810.64,1002.00,1,S,5,W
185,814.37,1002.30,1,S,5,W
188,818.34,1002.60,1,S,5,W
190,828.22,1002.90,1,S,5,W
191,829.70,1003.20,1,S,5,W
314,770.08,1003.50,1,W,5,W
323,848.42,1003.80,1,W,5,W
324,864.84,1004.10,1,W,5,W
180,770.05,1015.00,1,S,5,E
320,841.67,1015.30,1,W,5,E
322,846.75,1015.60,1,W,5,E
508,897.58,1021.14,3,E,5,N
167,741.00,1021.44,1,S,5,N
168,741.76,1021.74,1,S,5,N
175,763.37,1022.04,1,S,5,N
177,766.99,1022.34,1,S,5,N
179,768.78,1022.64,1,S,5,N
441,802.70,1022.94,2,E,5,N
442,832.44,1023.24,2,E,5,N
443,876.04,1023.54,2,E,5,N
182,812.27,1023.84,1,S,5,N
183,812.90,1024.14,1,S,5,N
184,814.06,1024.44,1,S,5,N
186,815.87,1024.74,1,S,5,N
189,825.38,1025.04,1,S,5,N
315,786.83,1025.34,1,W,5,N
316,796.24,1025.64,1,W,5,N
317,815.07,1025.94,1,W,5,N
318,824.16,1026.24,1,W,5,N
319,840.18,1026.54,1,W,5,N
321,842.79,1026.84,1,W,5,N
380,835.20,1027.14,1,E,5,N
381,840.38,1027.44,1,E,5,N
382,854.97,1027.74,1,E,5,N
383,873.83,1028.04,1,E,5,N
509,899.36,1098.90,3,E,5,W
192,866.98,1099.20,1,S,5,W
325,872.16,1114.90,1,W,5,E
331,888.72,1115.20,1,W,5,E
194,869.66,1121.04,1,S,5,N
199,879.09,1121.34,1,S,5,N
200,880.66,1121.64,1,S,5,N
201,886.39,1121.94,1,S,5,N
326,873.80,1122.24,1,W,5,N
327,883.24,1122.54,1,W,5,N
328,884.61,1122.84,1,W,5,N
329,887.46,1123.14,1,W,5,N
330,888.50,1123.44,1,W,5,N
332,888.83,1123.74,1,W,5,N
333,888.88,1124.04,1,W,5,N