id,enter_time,exit_time,entrance_intersection,entrance_direction,exit_intersection,exit_direction
2,31.82,45.95,1,S,1,E
508,13.82,66.14,5,W,5,N
509,16.01,66.44,5,W,5,N
510,32.62,66.74,5,W,5,N
511,33.38,67.04,5,W,5,N
512,35.00,67.34,5,W,5,N
513,36.64,67.64,5,W,5,N
514,68.52,74.65,5,W,5,N
638,5.44,80.14,5,E,5,N
639,22.06,80.44,5,E,5,N
640,38.19,80.74,5,E,5,N
641,43.33,81.04,5,E,5,N
642,64.41,81.34,5,E,5,N
643,69.73,81.64,5,E,5,N
180,61.05,100.10,1,W,2,W
5,37.63,100.40,1,S,1,W
10,45.41,100.70,1,S,1,W
13,47.36,101.00,1,S,1,W
17,83.58,101.30,1,S,1,W
18,83.97,101.60,1,S,1,W
15,47.83,113.20,1,S,1,E
433,66.76,125.43,3,W,5,E
463,50.35,125.73,3,E,5,E
460,41.33,130.97,3,E,5,N
1,31.40,136.17,1,S,3,E
175,38.99,138.57,1,W,3,E
313,30.55,141.27,1,E,3,E
515,78.81,166.04,5,W,5,N
516,92.17,166.34,5,W,5,N
517,93.58,166.64,5,W,5,N
518,101.82,166.94,5,W,5,N
519,109.31,167.24,5,W,5,N
520,110.57,167.54,5,W,5,N
521,112.35,167.84,5,W,5,N
522,114.08,168.14,5,W,5,N
523,140.79,168.44,5,W,5,N
524,142.71,168.74,5,W,5,N
525,145.00,169.04,5,W,5,N
526,147.35,169.34,5,W,5,N
527,149.71,169.64,5,W,5,N
528,151.06,169.94,5,W,5,N
529,163.86,169.99,5,W,5,N
530,164.90,171.04,5,W,5,N
531,165.18,171.32,5,W,5,N
644,121.64,180.04,5,E,5,N
645,126.80,180.34,5,E,5,N
646,128.05,180.64,5,E,5,N
647,129.49,180.94,5,E,5,N
648,130.27,181.24,5,E,5,N
649,132.44,181.54,5,E,5,N
650,184.29,190.42,5,E,5,N
431,2.32,199.80,3,W,5,W
432,65.26,200.10,3,W,5,W
186,107.64,200.20,1,W,2,E
461,48.13,200.40,3,E,5,W
462,49.21,200.70,3,E,5,W
19,123.26,200.80,1,S,1,W
464,65.86,201.00,3,E,5,W
20,124.68,201.10,1,S,1,W
465,67.61,201.30,3,E,5,W
27,132.82,201.40,1,S,1,W
377,0.46,201.60,2,W,5,W
38,170.68,201.70,1,S,1,W
4,35.68,201.90,1,S,5,W
43,177.07,202.00,1,S,1,W
174,37.76,202.20,1,W,5,W
48,181.14,202.30,1,S,1,W
177,56.92,202.50,1,W,5,W
311,18.73,202.80,1,E,5,W
314,41.04,203.10,1,E,5,W
316,57.01,203.40,1,E,5,W
3,35.35,215.80,1,S,5,E
178,57.77,216.10,1,W,5,E
312,28.81,216.40,1,E,5,E
0,1.02,221.94,1,S,5,N
378,24.53,222.24,2,W,5,N
407,41.21,222.54,2,E,5,N
379,27.00,222.84,2,W,5,N
380,32.84,223.14,2,W,5,N
408,82.61,223.44,2,E,5,N
170,1.81,223.74,1,W,5,N
171,5.80,224.04,1,W,5,N
172,25.61,224.34,1,W,5,N
173,27.82,224.64,1,W,5,N
467,111.21,224.93,3,E,5,E
176,40.47,224.94,1,W,5,N
179,60.68,225.24,1,W,5,N
181,62.36,225.54,1,W,5,N
310,18.04,225.84,1,E,5,N
315,51.47,226.14,1,E,5,N
317,85.99,226.44,1,E,5,N
318,86.47,226.74,1,E,5,N
319,92.50,227.04,1,E,5,N
466,110.05,230.77,3,E,5,N
468,146.55,231.37,3,E,5,N
469,157.79,231.67,3,E,5,N
189,127.17,241.37,1,W,3,W
532,178.06,265.94,5,W,5,N
533,191.00,266.24,5,W,5,N
534,197.55,266.54,5,W,5,N
535,244.15,266.84,5,W,5,N
536,245.10,267.14,5,W,5,N
537,258.44,267.44,5,W,5,N
538,265.61,271.74,5,W,5,N
539,267.11,273.25,5,W,5,N
540,269.35,275.49,5,W,5,N
541,271.23,277.37,5,W,5,N
651,207.49,279.94,5,E,5,N
652,209.10,280.24,5,E,5,N
653,225.78,280.54,5,E,5,N
654,237.77,280.84,5,E,5,N
655,239.25,281.14,5,E,5,N
656,239.37,281.44,5,E,5,N
657,279.45,285.58,5,E,5,N
45,178.75,299.40,1,S,3,W
34,168.22,299.40,1,S,3,E
50,182.16,299.70,1,S,3,W
36,169.89,299.70,1,S,3,E
434,117.20,299.70,3,W,5,W
470,159.08,300.00,3,E,5,W
203,217.67,300.30,1,W,2,W
435,180.48,300.30,3,W,5,W
205,222.43,300.60,1,W,2,W
6,38.15,300.60,1,S,5,W
326,215.50,300.90,1,E,2,W
9,44.54,300.90,1,S,5,W
54,220.31,301.20,1,S,1,W
382,146.07,301.20,2,W,5,W
56,222.34,301.50,1,S,1,W
383,157.98,301.50,2,W,5,W
62,268.25,301.80,1,S,1,W
29,135.05,301.80,1,S,5,W
32,136.56,302.10,1,S,5,W
183,102.16,302.40,1,W,5,W
187,107.79,302.70,1,W,5,W
188,109.47,303.00,1,W,5,W
190,128.28,303.30,1,W,5,W
191,129.66,303.60,1,W,5,W
194,163.75,303.90,1,W,5,W
320,123.67,304.20,1,E,5,W
323,169.16,304.50,1,E,5,W
324,174.11,304.80,1,E,5,W
11,45.66,315.70,1,S,5,E
12,47.11,316.00,1,S,5,E
7,39.86,321.84,1,S,5,N
8,41.75,322.14,1,S,5,N
14,47.72,322.44,1,S,5,N
16,48.89,322.74,1,S,5,N
409,101.43,323.04,2,E,5,N
381,132.29,323.34,2,W,5,N
410,148.04,323.64,2,E,5,N
411,194.80,323.94,2,E,5,N
21,125.29,324.24,1,S,5,N
22,126.81,324.54,1,S,5,N
23,128.05,324.84,1,S,5,N
24,129.46,325.14,1,S,5,N
25,131.18,325.44,1,S,5,N
26,132.64,325.74,1,S,5,N
28,134.27,326.04,1,S,5,N
30,135.29,326.34,1,S,5,N
31,135.40,326.64,1,S,5,N
182,82.68,326.94,1,W,5,N
184,103.57,327.24,1,W,5,N
185,107.16,327.54,1,W,5,N
192,130.29,327.84,1,W,5,N
193,147.04,328.14,1,W,5,N
321,133.19,328.44,1,E,5,N
322,137.70,328.74,1,E,5,N
325,184.12,329.04,1,E,5,N
471,212.08,330.57,3,E,5,N
436,236.55,330.87,3,W,5,N
472,253.86,331.17,3,E,5,N
437,257.74,331.47,3,W,5,N
53,217.66,336.97,1,S,3,W
438,282.33,344.10,3,W,5,N
336,295.22,357.40,1,E,3,E
542,284.61,365.84,5,W,5,N
543,287.25,366.14,5,W,5,N
544,289.85,366.44,5,W,5,N
545,290.68,366.74,5,W,5,N
546,291.65,367.04,5,W,5,N
547,294.16,367.34,5,W,5,N
548,295.12,367.64,5,W,5,N
549,305.79,367.94,5,W,5,N
550,307.59,368.24,5,W,5,N
551,310.24,368.54,5,W,5,N
552,311.24,368.84,5,W,5,N
553,313.13,369.14,5,W,5,N
554,314.55,369.44,5,W,5,N
555,328.44,369.74,5,W,5,N
556,335.71,370.04,5,W,5,N
557,371.43,377.57,5,W,5,N
658,332.76,379.84,5,E,5,N
659,334.51,380.14,5,E,5,N
660,352.82,380.44,5,E,5,N
661,363.13,380.74,5,E,5,N
37,170.19,399.60,1,S,5,W
41,174.40,399.90,1,S,5,W
47,179.92,400.20,1,S,5,W
232,357.03,400.40,1,W,2,E
219,301.54,400.40,1,W,2,W
412,213.72,400.50,2,E,5,W
340,336.91,400.70,1,E,2,W
385,261.92,400.80,2,W,5,W
51,209.65,401.10,1,S,5,W
58,225.63,401.40,1,S,5,W
59,226.36,401.70,1,S,5,W
196,181.19,402.00,1,W,5,W
197,182.97,402.30,1,W,5,W
200,202.43,402.60,1,W,5,W
201,205.00,402.90,1,W,5,W
202,215.73,403.20,1,W,5,W
207,229.75,403.50,1,W,5,W
328,271.67,403.80,1,E,5,W
334,290.86,408.68,1,E,5,W
52,212.62,415.60,1,S,5,E
195,180.48,415.90,1,W,5,E
329,276.89,416.20,1,E,5,E
337,296.96,416.50,1,E,5,E
33,168.12,421.74,1,S,5,N
35,169.33,422.04,1,S,5,N
39,171.14,422.34,1,S,5,N
40,172.76,422.64,1,S,5,N
42,175.50,422.94,1,S,5,N
44,178.04,423.24,1,S,5,N
46,179.69,423.54,1,S,5,N
49,181.36,423.84,1,S,5,N
384,251.67,424.14,2,W,5,N
473,299.91,424.23,3,E,5,E
413,259.35,424.44,2,E,5,N
55,220.79,424.74,1,S,5,N
57,223.77,425.04,1,S,5,N
476,345.13,425.13,3,E,5,E
198,199.43,425.34,1,W,5,N
199,201.04,425.64,1,W,5,N
204,220.94,425.94,1,W,5,N
206,223.77,426.24,1,W,5,N
208,249.57,426.54,1,W,5,N
327,253.09,426.84,1,E,5,N
330,278.32,427.14,1,E,5,N
331,279.66,427.44,1,E,5,N
332,287.61,427.74,1,E,5,N
333,288.64,428.04,1,E,5,N
335,293.93,428.34,1,E,5,N
474,301.03,430.67,3,E,5,N
475,343.25,430.97,3,E,5,N
477,357.38,431.57,3,E,5,N
478,367.31,431.87,3,E,5,N
214,290.51,438.27,1,W,3,E
220,302.50,439.77,1,W,3,W
67,345.97,441.12,1,S,2,W
441,394.14,455.91,3,W,5,N
558,373.39,465.74,5,W,5,N
559,374.54,466.04,5,W,5,N
560,375.70,466.34,5,W,5,N
561,377.21,466.64,5,W,5,N
562,379.37,466.94,5,W,5,N
563,380.77,467.24,5,W,5,N
564,381.47,467.54,5,W,5,N
565,382.22,467.84,5,W,5,N
566,389.79,468.14,5,W,5,N
567,398.75,468.44,5,W,5,N
568,425.62,468.74,5,W,5,N
569,427.37,469.04,5,W,5,N
570,428.32,469.34,5,W,5,N
571,430.86,469.64,5,W,5,N
572,435.12,469.94,5,W,5,N
573,436.78,470.24,5,W,5,N
574,438.45,470.54,5,W,5,N
575,443.08,470.84,5,W,5,N
576,443.58,471.14,5,W,5,N
577,445.90,471.44,5,W,5,N
578,448.54,471.74,5,W,5,N
579,449.76,472.04,5,W,5,N
580,451.19,472.34,5,W,5,N
581,453.15,472.64,5,W,5,N
582,472.97,479.10,5,W,5,N
662,413.75,479.74,5,E,5,N
663,418.77,480.04,5,E,5,N
664,467.67,480.34,5,E,5,N
439,336.90,499.50,3,W,5,W
479,368.84,499.80,3,E,5,W
440,389.01,500.10,3,W,5,W
442,395.09,500.40,3,W,5,W
240,396.40,500.50,1,W,2,W
61,267.12,500.70,1,S,5,W
348,471.32,500.80,1,E,2,W
414,308.44,501.00,2,E,5,W
415,329.82,501.30,2,E,5,W
416,347.64,501.60,2,E,5,W
665,495.68,501.81,5,E,5,N
417,397.25,501.90,2,E,5,W
73,416.54,502.00,1,S,1,W
666,495.94,502.07,5,E,5,N
64,337.20,502.20,1,S,5,W
75,419.89,502.30,1,S,1,W
209,265.70,502.50,1,W,5,W
80,426.14,502.60,1,S,1,W
213,289.26,502.80,1,W,5,W
215,292.11,503.10,1,W,5,W
218,295.51,503.40,1,W,5,W
221,305.63,503.70,1,W,5,W
223,325.80,504.00,1,W,5,W
228,334.43,504.30,1,W,5,W
229,338.12,504.60,1,W,5,W
231,355.35,504.90,1,W,5,W
341,339.83,505.20,1,E,5,W
342,344.15,505.50,1,E,5,W
344,363.61,505.80,1,E,5,W
226,331.12,515.50,1,W,5,E
60,262.07,521.64,1,S,5,N
63,303.47,521.94,1,S,5,N
386,339.14,522.24,2,W,5,N
210,282.55,522.54,1,W,5,N
211,284.08,522.84,1,W,5,N
212,286.08,523.14,1,W,5,N
216,293.81,523.44,1,W,5,N
217,295.16,523.74,1,W,5,N
222,309.25,524.04,1,W,5,N
224,328.92,524.34,1,W,5,N
225,330.01,524.64,1,W,5,N
227,332.86,524.94,1,W,5,N
230,340.01,525.24,1,W,5,N
338,305.31,525.54,1,E,5,N
339,306.70,525.84,1,E,5,N
343,346.71,526.14,1,E,5,N
481,418.45,530.47,3,E,5,N
444,420.74,530.77,3,W,5,N
445,425.13,530.77,3,W,5,N
446,436.11,531.07,3,W,5,N
448,465.96,531.67,3,W,5,N
81,427.42,538.67,1,S,3,W
234,374.33,539.27,1,W,3,W
237,375.54,540.17,1,W,3,W
243,438.21,541.67,1,W,3,W
346,440.15,542.87,1,E,3,W
583,489.16,565.64,5,W,5,N
584,496.28,565.94,5,W,5,N
585,497.78,566.24,5,W,5,N
586,523.62,566.54,5,W,5,N
587,525.52,566.84,5,W,5,N
588,526.77,567.14,5,W,5,N
589,527.31,567.44,5,W,5,N
590,528.67,567.74,5,W,5,N
591,529.10,568.04,5,W,5,N
592,529.16,568.34,5,W,5,N
593,530.31,568.64,5,W,5,N
594,534.21,568.94,5,W,5,N
595,534.97,569.24,5,W,5,N
596,536.37,569.54,5,W,5,N
597,561.92,569.84,5,W,5,N
598,562.48,570.14,5,W,5,N
599,564.60,570.73,5,W,5,N
600,566.30,572.44,5,W,5,N
601,568.20,574.34,5,W,5,N
667,565.95,579.64,5,E,5,N
668,577.40,583.54,5,E,5,N
669,578.64,584.78,5,E,5,N
670,587.02,593.15,5,E,5,N
671,592.25,598.39,5,E,5,N
89,500.00,598.80,1,S,3,E
480,416.83,599.40,3,E,5,W
443,416.19,599.70,3,W,5,W
482,433.68,600.00,3,E,5,W
447,438.12,600.30,3,W,5,W
483,474.93,600.60,3,E,5,W
353,527.54,600.60,1,E,2,W
70,380.21,600.90,1,S,5,W
418,430.95,601.20,2,E,5,W
419,479.07,601.50,2,E,5,W
391,482.39,601.80,2,W,5,W
420,497.77,602.10,2,E,5,W
241,396.70,602.40,1,W,5,W
96,574.41,602.40,1,S,1,W
244,453.97,602.70,1,W,5,W
245,454.80,603.00,1,W,5,W
72,416.14,615.40,1,S,5,E
77,422.42,615.70,1,S,5,E
65,338.93,621.54,1,S,5,N
66,344.61,621.84,1,S,5,N
68,347.13,622.14,1,S,5,N
69,380.12,622.44,1,S,5,N
387,427.76,622.74,2,W,5,N
388,454.05,623.04,2,W,5,N
389,455.93,623.34,2,W,5,N
390,468.93,623.64,2,W,5,N
71,413.28,623.94,1,S,5,N
74,418.24,624.24,1,S,5,N
76,420.60,624.54,1,S,5,N
78,423.97,624.84,1,S,5,N
79,424.61,625.14,1,S,5,N
233,373.27,625.44,1,W,5,N
235,374.34,625.74,1,W,5,N
236,374.48,626.04,1,W,5,N
238,375.87,626.34,1,W,5,N
239,392.76,626.64,1,W,5,N
242,413.30,626.94,1,W,5,N
345,433.12,627.24,1,E,5,N
347,451.66,627.54,1,E,5,N
484,511.62,629.97,3,E,5,N
449,526.28,630.27,3,W,5,N
485,556.22,630.27,3,E,5,N
486,557.91,630.57,3,E,5,N
451,541.64,630.87,3,W,5,N
487,563.00,630.87,3,E,5,N
247,478.42,636.97,1,W,3,E
252,492.78,638.47,1,W,3,E
355,530.51,642.67,1,E,3,W
602,593.53,665.54,5,W,5,N
603,596.01,665.84,5,W,5,N
604,604.30,666.14,5,W,5,N
605,612.20,666.44,5,W,5,N
606,625.55,666.74,5,W,5,N
672,600.81,679.54,5,E,5,N
673,619.61,679.84,5,E,5,N
674,635.37,680.14,5,E,5,N
675,687.10,693.24,5,E,5,N
94,571.93,698.60,1,S,3,E
91,539.82,698.60,1,S,3,W
450,539.58,699.30,3,W,5,W
452,552.46,699.60,3,W,5,W
86,493.93,699.90,1,S,5,W
421,529.78,700.20,2,E,5,W
392,516.98,700.50,2,W,5,W
269,621.94,700.70,1,W,2,W
250,483.73,700.80,1,W,5,W
676,694.78,700.92,5,E,5,N
255,504.18,701.10,1,W,5,W
256,523.90,701.40,1,W,5,W
259,556.51,701.70,1,W,5,W
350,517.18,702.00,1,E,5,W
352,522.44,702.30,1,E,5,W
354,529.43,702.60,1,E,5,W
100,613.33,702.80,1,S,1,W
358,568.84,702.90,1,E,5,W
101,615.50,703.10,1,S,1,W
106,620.36,703.40,1,S,1,W
125,650.33,703.70,1,S,1,W
677,698.57,704.71,5,E,5,N
423,601.83,712.87,2,E,3,W
366,687.00,713.12,1,E,2,E
424,631.11,713.17,2,E,3,E
397,654.16,713.47,2,W,3,E
394,552.81,715.30,2,W,5,E
126,690.75,715.60,1,S,1,E
82,459.10,721.44,1,S,5,N
83,490.55,721.74,1,S,5,N
84,490.73,722.04,1,S,5,N
85,491.22,722.34,1,S,5,N
87,495.50,722.64,1,S,5,N
88,497.18,722.94,1,S,5,N
90,500.97,723.24,1,S,5,N
422,561.69,723.54,2,E,5,N
393,531.57,723.84,2,W,5,N
246,477.04,724.14,1,W,5,N
248,479.94,724.44,1,W,5,N
491,636.68,724.53,3,E,5,E
249,480.01,724.74,1,W,5,N
251,485.18,725.04,1,W,5,N
253,502.66,725.34,1,W,5,N
254,503.72,725.64,1,W,5,N
257,543.69,725.94,1,W,5,N
258,548.81,726.24,1,W,5,N
260,563.85,726.54,1,W,5,N
349,515.24,726.84,1,E,5,N
351,519.94,727.14,1,E,5,N
356,555.11,727.44,1,E,5,N
357,565.69,727.74,1,E,5,N
488,615.09,729.77,3,E,5,N
453,606.10,730.07,3,W,5,N
489,633.25,730.37,3,E,5,N
455,665.85,730.67,3,W,5,N
490,634.69,730.97,3,E,5,N
492,649.51,731.27,3,E,5,N
115,634.56,741.27,1,S,3,E
119,639.39,741.72,1,S,2,W
118,637.23,742.17,1,S,3,W
262,575.57,742.77,1,W,3,E
272,645.96,745.47,1,W,3,W
362,639.31,747.27,1,E,3,W
607,673.89,765.44,5,W,5,N
608,684.61,765.74,5,W,5,N
609,686.01,766.04,5,W,5,N
610,687.65,766.34,5,W,5,N
611,689.64,766.64,5,W,5,N
612,690.61,766.94,5,W,5,N
613,704.13,767.24,5,W,5,N
614,706.16,767.54,5,W,5,N
615,715.22,767.84,5,W,5,N
616,716.81,768.14,5,W,5,N
617,723.80,768.44,5,W,5,N
618,724.91,768.74,5,W,5,N
619,731.68,769.04,5,W,5,N
620,732.99,769.34,5,W,5,N
621,733.49,769.64,5,W,5,N
678,716.42,779.44,5,E,5,N
679,717.89,779.74,5,E,5,N
680,721.28,780.04,5,E,5,N
681,723.15,780.34,5,E,5,N
682,743.67,780.64,5,E,5,N
683,743.94,780.94,5,E,5,N
684,746.30,781.24,5,E,5,N
685,788.16,794.29,5,E,5,N
686,791.35,797.49,5,E,5,N
454,661.95,799.20,3,W,5,W
493,651.18,799.50,3,E,5,W
456,691.02,799.80,3,W,5,W
92,571.75,800.10,1,S,5,W
108,627.80,800.40,1,S,5,W
110,628.21,800.70,1,S,5,W
286,743.53,800.80,1,W,2,W
278,685.65,800.80,1,W,2,E
117,636.46,801.00,1,S,5,W
288,756.67,801.10,1,W,2,W
279,686.90,801.10,1,W,2,E
264,578.58,801.30,1,W,5,W
267,618.67,801.60,1,W,5,W
268,620.02,801.90,1,W,5,W
270,622.72,802.20,1,W,5,W
271,644.65,802.50,1,W,5,W
687,796.58,802.72,5,E,5,N
359,606.17,802.80,1,E,5,W
360,616.89,803.10,1,E,5,W
129,723.25,803.20,1,S,1,W
361,619.42,803.40,1,E,5,W
131,725.25,803.50,1,S,1,W
136,734.50,803.80,1,S,1,W
137,735.11,804.10,1,S,1,W
138,735.62,804.40,1,S,1,W
95,573.92,815.20,1,S,5,E
105,620.13,815.50,1,S,5,E
364,655.43,815.80,1,E,5,E
373,794.12,820.23,1,E,2,E
93,571.85,821.34,1,S,5,N
395,634.23,821.64,2,W,5,N
396,639.99,821.94,2,W,5,N
425,673.20,822.24,2,E,5,N
97,611.33,822.54,1,S,5,N
98,611.69,822.84,1,S,5,N
99,612.28,823.14,1,S,5,N
102,617.95,823.44,1,S,5,N
495,716.39,823.73,3,E,5,E
103,617.95,823.74,1,S,5,N
104,618.44,824.04,1,S,5,N
107,622.40,824.34,1,S,5,N
109,628.13,824.64,1,S,5,N
111,629.78,824.94,1,S,5,N
112,631.58,825.24,1,S,5,N
113,633.10,825.54,1,S,5,N
114,633.39,825.84,1,S,5,N
116,635.97,826.14,1,S,5,N
261,573.88,826.44,1,W,5,N
263,577.03,826.74,1,W,5,N
265,595.00,827.04,1,W,5,N
266,616.94,827.34,1,W,5,N
273,654.31,827.64,1,W,5,N
274,655.10,827.94,1,W,5,N
363,653.62,828.24,1,E,5,N
365,681.85,828.54,1,E,5,N
367,697.93,828.84,1,E,5,N
147,815.15,829.29,1,S,1,E
457,747.90,829.57,3,W,5,N
130,724.02,837.47,1,S,3,E
458,776.47,838.24,3,W,5,N
139,735.98,838.97,1,S,3,E
280,694.40,840.47,1,W,3,E
497,795.00,856.77,3,E,5,N
622,772.92,865.34,5,W,5,N
623,774.37,865.64,5,W,5,N
624,776.89,865.94,5,W,5,N
625,792.03,866.24,5,W,5,N
626,804.90,866.54,5,W,5,N
627,814.08,866.84,5,W,5,N
628,816.84,867.14,5,W,5,N
629,818.74,867.44,5,W,5,N
630,821.17,867.74,5,W,5,N
631,823.59,868.04,5,W,5,N
632,830.74,868.34,5,W,5,N
633,832.22,868.64,5,W,5,N
634,833.63,868.94,5,W,5,N
635,865.40,871.54,5,W,5,N
688,868.94,879.34,5,E,5,N
494,708.86,899.10,3,E,5,W
496,761.06,899.40,3,E,5,W
121,648.59,899.70,1,S,5,W
122,648.91,900.00,1,S,5,W
123,649.11,900.30,1,S,5,W
124,649.40,900.60,1,S,5,W
426,714.98,900.90,2,E,5,W
145,812.25,900.90,1,S,2,W
399,744.35,901.20,2,W,5,W
128,723.02,901.50,1,S,5,W
140,736.01,901.80,1,S,5,W
275,670.48,902.10,1,W,5,W
282,716.45,902.40,1,W,5,W
289,756.85,902.70,1,W,5,W
290,759.88,903.00,1,W,5,W
291,761.11,903.30,1,W,5,W
369,731.24,903.60,1,E,5,W
148,816.48,903.60,1,S,1,W
371,765.14,903.90,1,E,5,W
157,887.96,903.90,1,S,1,W
689,898.74,904.88,5,E,5,N
160,891.13,905.27,1,S,1,W
134,731.51,915.10,1,S,5,E
368,714.32,915.40,1,E,5,E
120,646.88,921.24,1,S,5,N
398,734.05,921.54,2,W,5,N
427,758.66,921.84,2,E,5,N
428,775.23,922.14,2,E,5,N
400,780.52,922.44,2,W,5,N
401,794.65,922.74,2,W,5,N
127,721.76,923.04,1,S,5,N
132,728.76,923.34,1,S,5,N
133,730.16,923.64,1,S,5,N
135,732.46,923.94,1,S,5,N
276,679.55,924.24,1,W,5,N
277,683.29,924.54,1,W,5,N
281,697.60,924.84,1,W,5,N
283,740.36,925.14,1,W,5,N
284,742.10,925.44,1,W,5,N
285,742.36,925.74,1,W,5,N
287,755.07,926.04,1,W,5,N
370,747.70,926.34,1,E,5,N
372,774.62,926.64,1,E,5,N
502,865.78,930.57,3,E,5,N
503,867.77,930.87,3,E,5,N
505,871.52,933.29,3,E,5,N
301,855.35,941.17,1,W,3,W
636,874.59,965.24,5,W,5,N
637,876.33,965.54,5,W,5,N
498,842.55,999.00,3,E,5,W
459,834.10,999.30,3,W,5,W
499,844.17,999.60,3,E,5,W
500,862.29,999.90,3,E,5,W
501,864.21,1000.20,3,E,5,W
504,869.65,1000.50,3,E,5,W
506,873.12,1000.80,3,E,5,W
305,887.98,1001.00,1,W,2,W
507,874.29,1001.10,3,E,5,W
142,777.94,1001.40,1,S,5,W
403,846.07,1001.70,2,W,5,W
406,895.89,1002.00,2,W,5,W
143,808.75,1002.30,1,S,5,W
146,814.17,1002.60,1,S,5,W
149,818.37,1002.90,1,S,5,W
294,779.88,1003.20,1,W,5,W
298,845.45,1003.50,1,W,5,W
300,854.20,1003.80,1,W,5,W
429,819.85,1015.00,2,E,5,E
144,809.73,1015.30,1,S,5,E
150,820.48,1015.60,1,S,5,E
375,816.93,1015.90,1,E,5,E
374,802.83,1021.14,1,E,5,N
141,741.13,1021.44,1,S,5,N
402,806.11,1021.74,2,W,5,N
430,866.68,1022.04,2,E,5,N
404,858.62,1022.34,2,W,5,N
405,895.57,1022.64,2,W,5,N
292,770.72,1022.94,1,W,5,N
293,779.29,1023.24,1,W,5,N
295,802.23,1023.54,1,W,5,N
296,818.75,1023.84,1,W,5,N
297,844.13,1024.14,1,W,5,N
299,853.50,1024.44,1,W,5,N
302,861.72,1024.74,1,W,5,N
303,867.23,1025.04,1,W,5,N
376,830.89,1025.34,1,E,5,N
159,891.00,1098.90,1,S,5,W
168,898.43,1099.20,1,S,5,W
307,896.85,1099.50,1,W,5,W
154,862.34,1114.90,1,S,5,E
161,891.69,1115.20,1,S,5,E
151,851.13,1121.04,1,S,5,N
152,854.53,1121.34,1,S,5,N
153,858.15,1121.64,1,S,5,N
155,863.09,1121.94,1,S,5,N
156,885.98,1122.24,1,S,5,N
158,890.44,1122.54,1,S,5,N
162,891.72,1122.84,1,S,5,N
163,892.20,1123.14,1,S,5,N
164,892.29,1123.44,1,S,5,N
165,893.51,1123.74,1,S,5,N
166,894.87,1124.04,1,S,5,N
167,896.68,1124.34,1,S,5,N
169,898.71,1124.64,1,S,5,N
304,871.19,1124.94,1,W,5,N
306,895.39,1125.24,1,W,5,N
308,897.17,1125.54,1,W,5,N
309,897.93,1125.84,1,W,5,N