id,enter_time,exit_time,entrance_intersection,entrance_direction,exit_intersection,exit_direction
2,32.53,46.67,1,S,1,E
506,6.58,66.14,5,W,5,N
507,8.38,66.44,5,W,5,N
508,18.82,66.74,5,W,5,N
509,28.82,67.04,5,W,5,N
510,29.25,67.34,5,W,5,N
511,30.42,67.64,5,W,5,N
512,46.24,67.94,5,W,5,N
513,53.30,68.24,5,W,5,N
514,54.87,68.54,5,W,5,N
515,55.03,68.84,5,W,5,N
516,68.79,74.92,5,W,5,N
517,70.18,76.32,5,W,5,N
518,71.24,77.38,5,W,5,N
649,6.22,80.14,5,E,5,N
650,56.15,80.44,5,E,5,N
651,62.13,80.74,5,E,5,N
199,52.77,100.10,1,W,2,W
5,37.72,100.40,1,S,1,W
7,58.51,100.70,1,S,1,W
12,96.41,110.54,1,S,1,W
397,70.24,113.47,2,W,3,E
444,2.21,130.97,3,W,5,N
473,34.07,131.27,3,E,5,N
445,25.67,131.27,3,W,5,N
195,1.24,137.37,1,W,3,W
519,97.86,166.04,5,W,5,N
520,99.53,166.34,5,W,5,N
521,101.56,166.64,5,W,5,N
522,103.22,166.94,5,W,5,N
523,113.52,167.24,5,W,5,N
524,114.21,167.54,5,W,5,N
525,115.40,167.84,5,W,5,N
526,116.63,168.14,5,W,5,N
527,118.09,168.44,5,W,5,N
528,118.65,168.74,5,W,5,N
529,118.86,169.04,5,W,5,N
530,120.29,169.34,5,W,5,N
531,121.34,169.64,5,W,5,N
532,122.14,169.94,5,W,5,N
533,122.93,170.24,5,W,5,N
534,133.49,170.54,5,W,5,N
535,134.88,170.84,5,W,5,N
652,136.16,180.04,5,E,5,N
653,136.41,180.34,5,E,5,N
654,178.96,185.09,5,E,5,N
655,187.81,193.94,5,E,5,N
11,95.70,199.60,1,S,3,W
474,35.16,199.80,3,E,5,W
446,84.95,200.10,3,W,5,W
209,104.74,200.20,1,W,2,W
475,93.17,200.40,3,E,5,W
213,137.95,200.50,1,W,2,W
420,40.01,200.70,2,E,5,W
19,172.24,200.80,1,S,1,W
396,62.44,201.00,2,W,5,W
22,176.52,201.10,1,S,1,W
3,34.00,201.30,1,S,5,W
28,186.02,201.40,1,S,1,W
198,30.50,201.60,1,W,5,W
200,53.51,201.90,1,W,5,W
202,56.24,202.20,1,W,5,W
30,193.62,207.75,1,S,1,W
15,141.17,213.60,1,S,1,E
394,22.38,215.80,2,W,5,E
4,36.36,216.10,1,S,5,E
201,54.95,216.40,1,W,5,E
393,1.34,221.94,2,W,5,N
395,55.44,222.24,2,W,5,N
421,81.21,222.54,2,E,5,N
0,31.05,222.84,1,S,5,N
1,31.12,223.14,1,S,5,N
196,4.87,223.44,1,W,5,N
197,5.94,223.74,1,W,5,N
346,32.92,224.04,1,E,5,N
347,70.52,224.34,1,E,5,N
348,81.39,224.64,1,E,5,N
447,102.67,230.77,3,W,5,N
477,171.30,233.07,3,E,5,N
211,113.78,238.37,1,W,3,W
25,179.35,242.42,1,S,2,W
33,199.93,244.22,1,S,2,W
450,183.48,245.25,3,W,5,N
478,189.07,250.84,3,E,5,N
536,173.59,265.94,5,W,5,N
537,181.31,266.24,5,W,5,N
538,192.09,266.54,5,W,5,N
539,205.71,266.84,5,W,5,N
540,209.27,267.14,5,W,5,N
541,211.45,267.44,5,W,5,N
542,212.12,267.74,5,W,5,N
543,220.09,268.04,5,W,5,N
544,220.40,268.34,5,W,5,N
545,230.63,268.64,5,W,5,N
546,232.14,268.94,5,W,5,N
547,233.81,269.24,5,W,5,N
548,234.44,269.54,5,W,5,N
549,265.81,271.94,5,W,5,N
656,237.93,279.94,5,E,5,N
657,242.63,280.24,5,E,5,N
658,244.20,280.54,5,E,5,N
659,247.48,280.84,5,E,5,N
21,174.18,299.40,1,S,3,W
34,201.28,299.40,1,S,3,E
24,177.89,299.70,1,S,3,W
476,138.14,299.70,3,E,5,W
32,196.56,300.00,1,S,3,W
448,175.53,300.00,3,W,5,W
449,182.83,300.30,3,W,5,W
8,58.60,300.60,1,S,5,W
9,92.53,300.90,1,S,5,W
41,240.08,301.20,1,S,1,W
10,93.72,301.20,1,S,5,W
44,242.34,301.50,1,S,1,W
423,144.35,301.50,2,E,5,W
424,184.76,301.80,2,E,5,W
203,72.51,302.10,1,W,5,W
204,72.54,302.40,1,W,5,W
206,99.84,302.70,1,W,5,W
208,103.47,303.00,1,W,5,W
215,146.54,303.30,1,W,5,W
349,136.00,303.60,1,E,5,W
59,296.18,310.32,1,S,1,W
426,237.36,312.77,2,E,3,E
43,241.40,314.00,1,S,1,E
63,299.49,314.30,1,S,1,E
350,164.29,315.70,1,E,5,E
65,302.65,316.79,1,S,1,E
6,38.15,321.84,1,S,5,N
422,121.40,322.14,2,E,5,N
398,104.68,322.44,2,W,5,N
399,180.91,322.74,2,W,5,N
205,97.98,323.04,1,W,5,N
207,101.82,323.34,1,W,5,N
210,112.57,323.64,1,W,5,N
212,128.44,323.94,1,W,5,N
214,141.53,324.24,1,W,5,N
216,149.15,324.54,1,W,5,N
217,150.63,324.84,1,W,5,N
218,152.51,325.14,1,W,5,N
351,167.23,325.44,1,E,5,N
352,168.45,325.74,1,E,5,N
479,230.90,330.57,3,E,5,N
451,247.86,330.87,3,W,5,N
480,247.57,331.17,3,E,5,N
452,251.75,331.47,3,W,5,N
481,255.00,331.77,3,E,5,N
223,199.96,338.77,1,W,3,W
226,223.87,339.67,1,W,3,E
42,240.95,340.42,1,S,2,W
356,280.71,342.90,1,E,3,E
550,274.52,365.84,5,W,5,N
551,276.38,366.14,5,W,5,N
552,278.06,366.44,5,W,5,N
553,280.46,366.74,5,W,5,N
554,280.97,367.04,5,W,5,N
555,282.34,367.34,5,W,5,N
556,283.58,367.64,5,W,5,N
557,293.64,367.94,5,W,5,N
558,326.92,368.24,5,W,5,N
559,328.70,368.54,5,W,5,N
560,335.10,368.84,5,W,5,N
561,353.25,369.14,5,W,5,N
562,355.03,369.44,5,W,5,N
563,357.54,369.74,5,W,5,N
564,358.55,370.04,5,W,5,N
565,364.66,370.79,5,W,5,N
660,313.34,379.84,5,E,5,N
661,320.09,380.14,5,E,5,N
662,321.89,380.44,5,E,5,N
663,348.39,380.74,5,E,5,N
664,375.94,382.07,5,E,5,N
47,278.57,399.20,1,S,3,W
52,286.15,399.50,1,S,3,W
16,141.74,399.60,1,S,5,W
17,142.43,399.90,1,S,5,W
18,143.36,400.20,1,S,5,W
249,339.89,400.40,1,W,2,E
20,173.21,400.50,1,S,5,W
27,185.22,400.80,1,S,5,W
29,191.97,401.10,1,S,5,W
35,201.74,401.40,1,S,5,W
64,302.62,401.60,1,S,1,W
401,287.48,401.70,2,W,5,W
67,307.38,401.90,1,S,1,W
36,203.00,402.00,1,S,5,W
69,309.03,402.20,1,S,1,W
38,235.66,402.30,1,S,5,W
71,310.87,402.50,1,S,1,W
39,237.60,402.60,1,S,5,W
75,363.17,402.80,1,S,1,W
220,172.91,402.90,1,W,5,W
76,365.00,403.10,1,S,1,W
222,189.14,403.20,1,W,5,W
81,370.63,403.40,1,S,1,W
229,228.53,403.50,1,W,5,W
85,376.96,403.70,1,S,1,W
353,202.81,403.80,1,E,5,W
403,341.35,412.87,2,W,3,E
31,195.22,415.60,1,S,5,E
425,214.32,415.90,2,E,5,E
427,275.70,416.20,2,E,5,E
219,171.33,416.50,1,W,5,E
221,188.84,416.80,1,W,5,E
13,138.45,421.74,1,S,5,N
14,140.79,422.04,1,S,5,N
23,177.79,422.34,1,S,5,N
26,183.49,422.64,1,S,5,N
400,276.80,422.94,2,W,5,N
37,203.08,423.24,1,S,5,N
224,200.28,423.54,1,W,5,N
225,210.05,423.84,1,W,5,N
227,224.88,424.14,1,W,5,N
453,313.23,424.23,3,W,5,E
228,226.75,424.44,1,W,5,N
230,237.87,424.74,1,W,5,N
231,247.69,425.04,1,W,5,N
232,264.18,425.34,1,W,5,N
233,264.56,425.64,1,W,5,N
354,222.42,425.94,1,E,5,N
355,254.36,426.24,1,E,5,N
357,281.44,426.54,1,E,5,N
454,327.22,430.67,3,W,5,N
483,353.00,430.97,3,E,5,N
66,302.73,437.07,1,S,3,W
244,316.75,441.87,1,W,3,W
455,380.25,442.02,3,W,5,N
248,338.17,443.07,1,W,3,W
566,375.35,465.74,5,W,5,N
567,384.14,466.04,5,W,5,N
568,391.93,466.34,5,W,5,N
569,393.91,466.64,5,W,5,N
570,395.74,466.94,5,W,5,N
571,398.30,467.24,5,W,5,N
572,400.29,467.54,5,W,5,N
573,407.27,467.84,5,W,5,N
574,407.65,468.14,5,W,5,N
575,422.63,468.44,5,W,5,N
576,424.46,468.74,5,W,5,N
577,439.34,469.04,5,W,5,N
578,440.46,469.34,5,W,5,N
579,451.12,469.64,5,W,5,N
580,453.24,469.94,5,W,5,N
581,455.18,470.24,5,W,5,N
582,457.03,470.54,5,W,5,N
583,459.27,470.84,5,W,5,N
665,450.43,479.74,5,E,5,N
666,477.06,483.19,5,E,5,N
667,478.85,484.99,5,E,5,N
668,484.51,490.65,5,E,5,N
358,298.00,499.50,1,E,5,W
482,309.18,499.80,3,E,5,W
484,362.89,500.10,3,E,5,W
40,239.40,500.40,1,S,5,W
366,452.27,500.50,1,E,2,W
50,282.72,500.70,1,S,5,W
53,286.61,501.00,1,S,5,W
55,290.79,501.30,1,S,5,W
61,297.42,501.60,1,S,5,W
72,312.80,501.90,1,S,5,W
95,421.37,502.00,1,S,1,W
74,316.95,502.20,1,S,5,W
96,423.94,502.30,1,S,1,W
238,279.86,502.50,1,W,5,W
98,426.88,502.60,1,S,1,W
241,294.99,502.80,1,W,5,W
99,428.23,502.90,1,S,1,W
242,311.65,503.10,1,W,5,W
101,431.58,503.20,1,S,1,W
246,327.63,503.40,1,W,5,W
250,341.74,503.70,1,W,5,W
432,433.58,512.67,2,E,3,W
406,472.94,512.97,2,W,3,W
48,281.39,515.50,1,S,5,E
51,285.33,515.80,1,S,5,E
58,294.16,516.10,1,S,5,E
404,353.64,516.40,2,W,5,E
247,328.90,516.70,1,W,5,E
45,242.62,521.64,1,S,5,N
46,244.40,521.94,1,S,5,N
49,281.96,522.24,1,S,5,N
54,289.49,522.54,1,S,5,N
56,291.81,522.84,1,S,5,N
57,293.62,523.14,1,S,5,N
60,296.75,523.44,1,S,5,N
402,311.27,523.74,2,W,5,N
428,302.43,524.04,2,E,5,N
429,326.04,524.34,2,E,5,N
430,336.35,524.64,2,E,5,N
431,384.23,524.94,2,E,5,N
62,298.24,525.24,1,S,5,N
68,308.03,525.54,1,S,5,N
70,309.74,525.84,1,S,5,N
73,314.68,526.14,1,S,5,N
234,273.76,526.44,1,W,5,N
235,274.40,526.74,1,W,5,N
236,277.59,527.04,1,W,5,N
237,278.41,527.34,1,W,5,N
239,291.44,527.64,1,W,5,N
240,293.31,527.94,1,W,5,N
243,312.77,528.24,1,W,5,N
245,325.92,528.54,1,W,5,N
251,357.63,528.84,1,W,5,N
359,303.96,529.14,1,E,5,N
360,352.17,529.44,1,E,5,N
361,353.53,529.74,1,E,5,N
362,372.29,530.04,1,E,5,N
456,444.77,530.17,3,W,5,N
486,459.16,530.47,3,E,5,N
457,446.28,530.77,3,W,5,N
458,466.96,530.77,3,W,5,N
459,472.67,534.44,3,W,5,N
123,526.33,540.47,1,S,1,E
129,532.96,547.10,1,S,1,E
584,498.74,565.64,5,W,5,N
585,500.30,565.94,5,W,5,N
586,529.45,566.24,5,W,5,N
587,531.17,566.54,5,W,5,N
588,534.97,566.84,5,W,5,N
589,536.56,567.14,5,W,5,N
590,537.40,567.44,5,W,5,N
591,539.89,567.74,5,W,5,N
592,550.64,568.04,5,W,5,N
593,555.07,568.34,5,W,5,N
594,556.68,568.64,5,W,5,N
595,558.07,568.94,5,W,5,N
596,560.02,569.24,5,W,5,N
597,562.85,569.54,5,W,5,N
598,564.64,570.78,5,W,5,N
599,567.49,573.62,5,W,5,N
600,567.85,573.99,5,W,5,N
601,569.22,575.36,5,W,5,N
602,570.95,577.09,5,W,5,N
603,572.09,578.22,5,W,5,N
669,535.88,579.64,5,E,5,N
670,581.76,587.90,5,E,5,N
485,420.86,599.40,3,E,5,W
78,366.79,599.70,1,S,5,W
79,368.15,600.00,1,S,5,W
80,370.15,600.30,1,S,5,W
84,373.66,600.60,1,S,5,W
279,530.70,600.60,1,W,2,W
90,383.63,600.90,1,S,5,W
405,446.65,601.20,2,W,5,W
433,470.15,601.50,2,E,5,W
94,420.31,601.80,1,S,5,W
97,425.51,602.10,1,S,5,W
259,397.33,602.40,1,W,5,W
109,509.03,602.40,1,S,1,W
260,417.13,602.70,1,W,5,W
114,517.40,602.70,1,S,1,W
261,418.28,603.00,1,W,5,W
130,534.04,603.00,1,S,1,W
262,441.01,603.30,1,W,5,W
132,537.21,603.30,1,S,1,W
263,462.88,603.60,1,W,5,W
134,539.09,603.60,1,S,1,W
364,436.05,603.90,1,E,5,W
139,551.38,603.90,1,S,1,W
367,453.01,604.20,1,E,5,W
148,559.10,604.20,1,S,1,W
153,568.80,604.50,1,S,1,W
146,558.81,615.20,1,S,1,E
77,365.59,615.40,1,S,5,E
252,366.51,615.70,1,W,5,E
255,380.81,616.00,1,W,5,E
82,371.62,621.54,1,S,5,N
83,372.09,621.84,1,S,5,N
86,378.46,622.14,1,S,5,N
87,378.62,622.44,1,S,5,N
88,381.90,622.74,1,S,5,N
89,382.92,623.04,1,S,5,N
91,384.65,623.34,1,S,5,N
92,386.33,623.64,1,S,5,N
93,389.00,623.94,1,S,5,N
407,479.49,624.24,2,W,5,N
408,479.57,624.54,2,W,5,N
100,430.19,624.84,1,S,5,N
253,374.60,625.14,1,W,5,N
254,378.54,625.44,1,W,5,N
256,380.82,625.74,1,W,5,N
257,382.55,626.04,1,W,5,N
258,383.96,626.34,1,W,5,N
264,464.11,626.64,1,W,5,N
363,434.45,626.94,1,E,5,N
365,444.03,627.24,1,E,5,N
460,522.88,629.97,3,W,5,N
488,519.03,630.27,3,E,5,N
487,517.77,630.27,3,E,5,N
489,520.68,630.57,3,E,5,N
461,579.74,641.51,3,W,5,N
142,555.01,643.12,1,S,2,E
272,513.03,645.07,1,W,3,W
493,591.46,653.23,3,E,5,N
604,573.31,665.54,5,W,5,N
605,584.04,665.84,5,W,5,N
606,585.70,666.14,5,W,5,N
607,587.00,666.44,5,W,5,N
608,594.08,666.74,5,W,5,N
609,622.12,667.04,5,W,5,N
610,625.28,667.34,5,W,5,N
611,627.42,667.64,5,W,5,N
612,629.10,667.94,5,W,5,N
613,629.76,668.24,5,W,5,N
614,631.66,668.54,5,W,5,N
615,633.13,668.84,5,W,5,N
616,665.37,671.51,5,W,5,N
617,667.23,673.37,5,W,5,N
671,634.74,679.54,5,E,5,N
672,640.39,679.84,5,E,5,N
145,556.85,698.60,1,S,3,W
147,559.09,698.60,1,S,3,E
149,564.01,698.90,1,S,3,W
490,527.61,699.30,3,E,5,W
491,566.92,699.60,3,E,5,W
492,578.58,699.90,3,E,5,W
494,592.79,700.20,3,E,5,W
368,501.24,700.50,1,E,5,W
103,462.82,700.80,1,S,5,W
673,694.84,700.97,5,E,5,N
434,515.84,701.10,2,E,5,W
410,577.09,701.40,2,W,5,W
108,508.93,701.70,1,S,5,W
112,514.54,702.00,1,S,5,W
113,515.67,702.30,1,S,5,W
119,522.08,702.60,1,S,5,W
159,655.79,702.80,1,S,1,W
120,522.65,702.90,1,S,5,W
161,658.15,703.10,1,S,1,W
124,526.40,703.20,1,S,5,W
165,664.64,703.40,1,S,1,W
128,532.30,703.50,1,S,5,W
133,537.95,703.80,1,S,5,W
268,499.46,704.10,1,W,5,W
273,513.61,704.40,1,W,5,W
274,523.25,704.70,1,W,5,W
281,551.91,705.00,1,W,5,W
282,558.49,705.30,1,W,5,W
115,518.55,715.30,1,S,5,E
117,521.06,715.60,1,S,5,E
266,484.08,715.90,1,W,5,E
168,701.93,716.06,1,S,1,E
270,509.96,716.20,1,W,5,E
169,703.10,717.24,1,S,1,E
102,462.03,721.44,1,S,5,N
104,464.73,721.74,1,S,5,N
105,467.71,722.04,1,S,5,N
106,467.74,722.34,1,S,5,N
409,562.14,722.64,2,W,5,N
435,544.61,722.94,2,E,5,N
436,570.48,723.24,2,E,5,N
107,508.76,723.54,1,S,5,N
110,510.96,723.84,1,S,5,N
463,609.22,723.93,3,W,5,E
111,512.92,724.14,1,S,5,N
116,520.29,724.44,1,S,5,N
118,522.08,724.74,1,S,5,N
121,525.72,725.04,1,S,5,N
122,525.79,725.34,1,S,5,N
125,526.69,725.64,1,S,5,N
126,528.45,725.94,1,S,5,N
127,530.43,726.24,1,S,5,N
131,535.71,726.54,1,S,5,N
265,483.74,726.84,1,W,5,N
267,485.32,727.14,1,W,5,N
269,508.92,727.44,1,W,5,N
271,511.36,727.74,1,W,5,N
275,525.69,728.04,1,W,5,N
276,527.43,728.34,1,W,5,N
277,528.74,728.64,1,W,5,N
278,529.96,728.94,1,W,5,N
280,540.08,729.24,1,W,5,N
283,560.12,729.54,1,W,5,N
284,564.11,729.84,1,W,5,N
285,566.01,730.14,1,W,5,N
369,507.26,730.44,1,E,5,N
370,541.43,730.74,1,E,5,N
371,576.10,731.04,1,E,5,N
495,606.77,731.34,3,E,5,N
496,621.25,731.64,3,E,5,N
497,622.48,731.94,3,E,5,N
498,637.52,732.24,3,E,5,N
499,674.02,735.79,3,E,5,N
466,681.48,737.11,3,W,5,E
465,680.78,742.55,3,W,5,N
164,663.65,742.62,1,S,2,W
307,647.88,744.87,1,W,3,W
618,679.31,765.44,5,W,5,N
619,680.75,765.74,5,W,5,N
620,699.34,766.04,5,W,5,N
621,706.76,766.34,5,W,5,N
622,706.87,766.64,5,W,5,N
623,709.58,766.94,5,W,5,N
624,711.10,767.24,5,W,5,N
625,713.95,767.54,5,W,5,N
626,715.27,767.84,5,W,5,N
627,715.97,768.14,5,W,5,N
628,717.46,768.44,5,W,5,N
629,719.11,768.74,5,W,5,N
630,727.01,769.04,5,W,5,N
631,727.28,769.34,5,W,5,N
632,735.11,769.64,5,W,5,N
633,736.24,769.94,5,W,5,N
634,738.47,770.24,5,W,5,N
635,738.87,770.54,5,W,5,N
636,739.95,770.84,5,W,5,N
637,756.03,771.14,5,W,5,N
638,765.41,771.54,5,W,5,N
674,700.44,779.44,5,E,5,N
675,742.61,779.74,5,E,5,N
676,758.06,780.04,5,E,5,N
677,781.29,787.42,5,E,5,N
678,782.72,788.85,5,E,5,N
162,659.90,798.40,1,S,3,W
462,602.37,799.20,3,W,5,W
464,659.61,799.50,3,W,5,W
467,683.29,799.80,3,W,5,W
138,547.48,800.10,1,S,5,W
144,556.81,800.40,1,S,5,W
438,659.51,800.70,2,E,5,W
330,766.31,800.80,1,W,2,E
172,708.21,800.80,1,S,2,W
413,680.81,801.00,2,W,5,W
326,744.66,801.10,1,W,2,W
152,568.75,801.30,1,S,5,W
155,573.46,801.60,1,S,5,W
158,609.61,801.90,1,S,5,W
286,567.77,802.20,1,W,5,W
288,578.65,802.50,1,W,5,W
294,592.66,802.80,1,W,5,W
295,594.15,803.10,1,W,5,W
170,703.82,803.20,1,S,1,W
300,620.76,803.40,1,W,5,W
175,714.62,803.50,1,S,1,W
303,623.57,803.70,1,W,5,W
177,718.47,803.80,1,S,1,W
308,648.40,804.00,1,W,5,W
180,754.51,804.10,1,S,1,W
375,649.99,804.30,1,E,5,W
183,761.49,804.40,1,S,1,W
377,685.17,804.60,1,E,5,W
185,762.95,804.70,1,S,1,W
140,552.08,815.20,1,S,5,E
289,579.83,815.50,1,W,5,E
290,581.25,815.80,1,W,5,E
299,619.30,816.10,1,W,5,E
135,540.69,821.34,1,S,5,N
136,545.57,821.64,1,S,5,N
137,545.71,821.94,1,S,5,N
141,553.89,822.24,1,S,5,N
143,555.15,822.54,1,S,5,N
150,564.50,822.84,1,S,5,N
151,566.08,823.14,1,S,5,N
411,657.31,823.44,2,W,5,N
501,732.89,823.73,3,E,5,E
437,613.18,823.74,2,E,5,N
412,670.38,824.04,2,W,5,N
154,570.64,824.34,1,S,5,N
156,575.45,824.64,1,S,5,N
157,575.96,824.94,1,S,5,N
287,572.79,825.24,1,W,5,N
291,582.79,825.54,1,W,5,N
292,584.37,825.84,1,W,5,N
293,585.82,826.14,1,W,5,N
296,595.22,826.44,1,W,5,N
297,596.75,826.74,1,W,5,N
298,613.72,827.04,1,W,5,N
301,621.15,827.34,1,W,5,N
302,622.25,827.64,1,W,5,N
304,625.55,827.94,1,W,5,N
305,646.05,828.24,1,W,5,N
306,646.47,828.54,1,W,5,N
309,650.34,828.84,1,W,5,N
372,605.93,829.14,1,E,5,N
373,632.62,829.44,1,E,5,N
374,638.60,829.74,1,E,5,N
376,653.53,830.04,1,E,5,N
470,774.59,836.36,3,W,5,N
315,703.38,840.17,1,W,3,E
181,760.32,842.12,1,S,2,E
380,780.78,844.97,1,E,3,E
639,773.39,865.34,5,W,5,N
640,777.11,865.64,5,W,5,N
641,819.74,865.94,5,W,5,N
642,820.16,866.24,5,W,5,N
643,821.76,866.54,5,W,5,N
644,849.70,866.84,5,W,5,N
679,825.58,879.34,5,E,5,N
680,826.75,879.64,5,E,5,N
681,836.96,879.94,5,E,5,N
682,838.78,880.24,5,E,5,N
683,890.12,896.26,5,E,5,N
684,891.37,897.50,5,E,5,N
685,891.44,897.58,5,E,5,N
378,696.34,899.10,1,E,5,W
468,740.95,899.40,3,W,5,W
500,720.18,899.70,3,E,5,W
502,766.24,900.00,3,E,5,W
469,769.24,900.30,3,W,5,W
160,657.71,900.60,1,S,5,W
167,700.49,900.90,1,S,5,W
334,828.19,900.90,1,W,2,W
416,758.67,901.20,2,W,5,W
386,824.17,901.20,1,E,2,W
441,767.83,901.50,2,E,5,W
176,716.80,901.80,1,S,5,W
310,673.38,902.10,1,W,5,W
313,685.50,902.40,1,W,5,W
314,686.56,902.70,1,W,5,W
317,705.49,903.00,1,W,5,W
319,710.90,903.30,1,W,5,W
322,715.59,903.60,1,W,5,W
186,810.08,903.60,1,S,1,W
324,741.07,903.90,1,W,5,W
194,885.46,903.90,1,S,1,W
331,766.43,904.20,1,W,5,W
442,810.97,913.07,2,E,3,E
188,875.25,916.40,1,S,1,E
192,884.59,916.70,1,S,1,E
163,661.69,921.24,1,S,5,N
166,666.03,921.54,1,S,5,N
414,718.49,921.84,2,W,5,N
439,700.83,922.14,2,E,5,N
415,744.36,922.44,2,W,5,N
440,731.60,922.74,2,E,5,N
417,787.77,923.04,2,W,5,N
171,705.38,923.34,1,S,5,N
504,833.30,923.53,3,E,5,E
173,710.15,923.64,1,S,5,N
174,712.52,923.94,1,S,5,N
178,719.70,924.24,1,S,5,N
179,720.26,924.54,1,S,5,N
311,673.97,924.84,1,W,5,N
312,683.83,925.14,1,W,5,N
316,703.67,925.44,1,W,5,N
318,709.19,925.74,1,W,5,N
320,714.15,926.04,1,W,5,N
321,715.28,926.34,1,W,5,N
323,739.57,926.64,1,W,5,N
325,743.39,926.94,1,W,5,N
327,759.77,927.24,1,W,5,N
328,762.36,927.54,1,W,5,N
329,763.68,927.84,1,W,5,N
379,737.92,928.14,1,E,5,N
381,791.31,928.44,1,E,5,N
382,794.84,928.74,1,E,5,N
383,796.00,929.04,1,E,5,N
471,831.59,929.37,3,W,5,N
333,811.62,937.27,1,W,3,W
193,885.12,943.72,1,S,2,W
472,887.57,949.34,3,W,5,N
645,875.84,965.24,5,W,5,N
646,877.67,965.54,5,W,5,N
647,885.54,965.84,5,W,5,N
648,893.01,966.14,5,W,5,N
191,882.50,998.00,1,S,3,W
503,819.08,999.00,3,E,5,W
505,871.52,999.30,3,E,5,W
182,761.15,999.60,1,S,5,W
184,761.64,999.90,1,S,5,W
335,831.65,1000.20,1,W,5,W
337,841.92,1000.50,1,W,5,W
338,844.32,1000.80,1,W,5,W
343,870.81,1001.00,1,W,2,W
385,820.82,1001.10,1,E,5,W
336,840.12,1015.00,1,W,5,E
384,801.39,1021.14,1,E,5,N
443,856.05,1021.44,2,E,5,N
418,880.06,1021.74,2,W,5,N
419,891.27,1022.04,2,W,5,N
332,790.88,1022.34,1,W,5,N
339,844.71,1022.64,1,W,5,N
340,866.08,1022.94,1,W,5,N
387,834.22,1023.24,1,E,5,N
388,850.84,1023.54,1,E,5,N
389,877.81,1023.84,1,E,5,N
390,886.32,1024.14,1,E,5,N
391,892.68,1024.44,1,E,5,N
392,893.76,1098.90,1,E,5,W
187,848.69,1099.20,1,S,5,W
341,869.28,1099.50,1,W,5,W
189,875.29,1121.04,1,S,5,N
190,877.19,1121.34,1,S,5,N
342,870.78,1121.64,1,W,5,N
344,874.53,1121.94,1,W,5,N
345,898.14,1122.24,1,W,5,N